Supplemental results for CODEML (seqf: algn  treef: tree)


dN/dS (w) for site classes (K=9)

p:   0.11454  0.11454  0.11454  0.11454  0.11454  0.11454  0.11454  0.11454  0.08368
w:   0.00000  0.00000  0.00000  0.00000  0.00000  0.00000  0.00000  0.00000 11.59571

Naive Empirical Bayes (NEB) probabilities for 9 classes & postmean_w & P(w>1)
(amino acids refer to 1st sequence: hym.8520)

   1 M   0.12243 0.12243 0.12243 0.12243 0.12243 0.12243 0.12243 0.12243 0.02059 ( 1)  0.239  0.021
   2 P   0.12130 0.12130 0.12130 0.12130 0.12130 0.12130 0.12130 0.12130 0.02960 ( 3)  0.343  0.030
   3 S   0.11975 0.11975 0.11975 0.11975 0.11975 0.11975 0.11975 0.11975 0.04198 ( 2)  0.487  0.042
   4 K   0.11920 0.11920 0.11920 0.11920 0.11920 0.11920 0.11920 0.11920 0.04642 ( 2)  0.538  0.046
   5 R   0.12005 0.12005 0.12005 0.12005 0.12005 0.12005 0.12005 0.12005 0.03962 ( 5)  0.459  0.040
   6 P   0.12130 0.12130 0.12130 0.12130 0.12130 0.12130 0.12130 0.12130 0.02960 ( 3)  0.343  0.030
   7 V   0.12074 0.12074 0.12074 0.12074 0.12074 0.12074 0.12074 0.12074 0.03408 ( 5)  0.395  0.034
   8 A   0.12257 0.12257 0.12257 0.12257 0.12257 0.12257 0.12257 0.12257 0.01943 ( 1)  0.225  0.019
   9 S   0.00000 0.00000 0.00000 0.00000 0.00000 0.00000 0.00000 0.00000 1.00000 ( 9) 11.596  1.000
  10 G   0.11964 0.11964 0.11964 0.11964 0.11964 0.11964 0.11964 0.11964 0.04284 ( 5)  0.497  0.043
  11 I   0.12198 0.12198 0.12198 0.12198 0.12198 0.12198 0.12198 0.12198 0.02415 ( 2)  0.280  0.024
  12 A   0.12257 0.12257 0.12257 0.12257 0.12257 0.12257 0.12257 0.12257 0.01943 ( 1)  0.225  0.019
  13 F   0.12116 0.12116 0.12116 0.12116 0.12116 0.12116 0.12116 0.12116 0.03076 ( 3)  0.357  0.031
  14 G   0.11964 0.11964 0.11964 0.11964 0.11964 0.11964 0.11964 0.11964 0.04284 ( 5)  0.497  0.043
  15 A   0.12227 0.12227 0.12227 0.12227 0.12227 0.12227 0.12227 0.12227 0.02183 ( 3)  0.253  0.022
  16 E   0.12001 0.12001 0.12001 0.12001 0.12001 0.12001 0.12001 0.12001 0.03993 ( 1)  0.463  0.040
  17 G   0.00000 0.00000 0.00000 0.00000 0.00000 0.00000 0.00000 0.00000 1.00000 ( 9) 11.596  1.000
  18 I   0.12198 0.12198 0.12198 0.12198 0.12198 0.12198 0.12198 0.12198 0.02415 ( 2)  0.280  0.024
  19 V   0.12074 0.12074 0.12074 0.12074 0.12074 0.12074 0.12074 0.12074 0.03408 ( 5)  0.395  0.034
  20 S   0.12200 0.12200 0.12200 0.12200 0.12200 0.12200 0.12200 0.12200 0.02401 ( 1)  0.278  0.024
  21 N   0.12206 0.12206 0.12206 0.12206 0.12206 0.12206 0.12206 0.12206 0.02351 ( 5)  0.273  0.024
  22 P   0.12130 0.12130 0.12130 0.12130 0.12130 0.12130 0.12130 0.12130 0.02960 ( 3)  0.343  0.030
  23 M   0.12243 0.12243 0.12243 0.12243 0.12243 0.12243 0.12243 0.12243 0.02059 ( 1)  0.239  0.021
  24 K   0.11920 0.11920 0.11920 0.11920 0.11920 0.11920 0.11920 0.11920 0.04642 ( 2)  0.538  0.046
  25 S   0.00000 0.00000 0.00000 0.00000 0.00000 0.00000 0.00000 0.00000 1.00000 ( 9) 11.596  1.000
  26 V   0.12003 0.12003 0.12003 0.12003 0.12003 0.12003 0.12003 0.12003 0.03973 ( 3)  0.461  0.040
  27 D   0.12082 0.12082 0.12082 0.12082 0.12082 0.12082 0.12082 0.12082 0.03343 ( 1)  0.388  0.033
  28 L   0.11668 0.11668 0.11668 0.11668 0.11668 0.11668 0.11668 0.11668 0.06658 ( 2)  0.772  0.067
  29 L   0.00000 0.00000 0.00000 0.00000 0.00000 0.00000 0.00000 0.00000 1.00000 ( 9) 11.596  1.000
  30 P   0.12130 0.12130 0.12130 0.12130 0.12130 0.12130 0.12130 0.12130 0.02960 ( 3)  0.343  0.030
  31 D   0.12082 0.12082 0.12082 0.12082 0.12082 0.12082 0.12082 0.12082 0.03343 ( 1)  0.388  0.033
  32 L   0.12075 0.12075 0.12075 0.12075 0.12075 0.12075 0.12075 0.12075 0.03401 ( 2)  0.394  0.034
  33 L   0.12075 0.12075 0.12075 0.12075 0.12075 0.12075 0.12075 0.12075 0.03401 ( 2)  0.394  0.034
  34 R   0.11758 0.11758 0.11758 0.11758 0.11758 0.11758 0.11758 0.11758 0.05934 ( 1)  0.688  0.059
  35 Q   0.11745 0.11745 0.11745 0.11745 0.11745 0.11745 0.11745 0.11745 0.06038 ( 1)  0.700  0.060
  36 V   0.12074 0.12074 0.12074 0.12074 0.12074 0.12074 0.12074 0.12074 0.03408 ( 5)  0.395  0.034
  37 T   0.12252 0.12252 0.12252 0.12252 0.12252 0.12252 0.12252 0.12252 0.01984 ( 2)  0.230  0.020
  38 L   0.12075 0.12075 0.12075 0.12075 0.12075 0.12075 0.12075 0.12075 0.03401 ( 2)  0.394  0.034
  39 T   0.12252 0.12252 0.12252 0.12252 0.12252 0.12252 0.12252 0.12252 0.01984 ( 2)  0.230  0.020
  40 E   0.12001 0.12001 0.12001 0.12001 0.12001 0.12001 0.12001 0.12001 0.03993 ( 1)  0.463  0.040
  41 G   0.11964 0.11964 0.11964 0.11964 0.11964 0.11964 0.11964 0.11964 0.04284 ( 5)  0.497  0.043
  42 I   0.12198 0.12198 0.12198 0.12198 0.12198 0.12198 0.12198 0.12198 0.02415 ( 2)  0.280  0.024
  43 I   0.12198 0.12198 0.12198 0.12198 0.12198 0.12198 0.12198 0.12198 0.02415 ( 2)  0.280  0.024
  44 C   0.11960 0.11960 0.11960 0.11960 0.11960 0.11960 0.11960 0.11960 0.04322 ( 2)  0.501  0.043
  45 G   0.11885 0.11885 0.11885 0.11885 0.11885 0.11885 0.11885 0.11885 0.04922 ( 2)  0.571  0.049
  46 I   0.12205 0.12205 0.12205 0.12205 0.12205 0.12205 0.12205 0.12205 0.02363 ( 5)  0.274  0.024
  47 G   0.12142 0.12142 0.12142 0.12142 0.12142 0.12142 0.12142 0.12142 0.02862 ( 2)  0.332  0.029
  48 Y   0.11957 0.11957 0.11957 0.11957 0.11957 0.11957 0.11957 0.11957 0.04343 ( 2)  0.504  0.043
  49 F   0.12154 0.12154 0.12154 0.12154 0.12154 0.12154 0.12154 0.12154 0.02771 ( 2)  0.321  0.028
  50 I   0.12198 0.12198 0.12198 0.12198 0.12198 0.12198 0.12198 0.12198 0.02415 ( 2)  0.280  0.024
  51 A   0.12227 0.12227 0.12227 0.12227 0.12227 0.12227 0.12227 0.12227 0.02183 ( 3)  0.253  0.022
  52 L   0.11690 0.11690 0.11690 0.11690 0.11690 0.11690 0.11690 0.11690 0.06482 ( 1)  0.752  0.065
  53 M   0.12243 0.12243 0.12243 0.12243 0.12243 0.12243 0.12243 0.12243 0.02059 ( 1)  0.239  0.021
  54 V   0.12074 0.12074 0.12074 0.12074 0.12074 0.12074 0.12074 0.12074 0.03408 ( 5)  0.395  0.034
  55 I   0.12198 0.12198 0.12198 0.12198 0.12198 0.12198 0.12198 0.12198 0.02415 ( 2)  0.280  0.024
  56 D   0.12164 0.12164 0.12164 0.12164 0.12164 0.12164 0.12164 0.12164 0.02691 ( 1)  0.312  0.027
  57 C   0.11960 0.11960 0.11960 0.11960 0.11960 0.11960 0.11960 0.11960 0.04322 ( 2)  0.501  0.043
  58 A   0.12257 0.12257 0.12257 0.12257 0.12257 0.12257 0.12257 0.12257 0.01943 ( 1)  0.225  0.019
  59 L   0.11690 0.11690 0.11690 0.11690 0.11690 0.11690 0.11690 0.11690 0.06482 ( 1)  0.752  0.065
  60 L   0.12075 0.12075 0.12075 0.12075 0.12075 0.12075 0.12075 0.12075 0.03401 ( 2)  0.394  0.034
  61 F   0.12154 0.12154 0.12154 0.12154 0.12154 0.12154 0.12154 0.12154 0.02771 ( 2)  0.321  0.028
  62 G   0.12142 0.12142 0.12142 0.12142 0.12142 0.12142 0.12142 0.12142 0.02862 ( 2)  0.332  0.029
  63 L   0.12075 0.12075 0.12075 0.12075 0.12075 0.12075 0.12075 0.12075 0.03401 ( 2)  0.394  0.034
  64 F   0.12154 0.12154 0.12154 0.12154 0.12154 0.12154 0.12154 0.12154 0.02771 ( 2)  0.321  0.028
  65 E   0.12001 0.12001 0.12001 0.12001 0.12001 0.12001 0.12001 0.12001 0.03993 ( 1)  0.463  0.040
  66 D   0.12082 0.12082 0.12082 0.12082 0.12082 0.12082 0.12082 0.12082 0.03343 ( 1)  0.388  0.033
  67 I   0.12198 0.12198 0.12198 0.12198 0.12198 0.12198 0.12198 0.12198 0.02415 ( 2)  0.280  0.024
  68 V   0.12074 0.12074 0.12074 0.12074 0.12074 0.12074 0.12074 0.12074 0.03408 ( 5)  0.395  0.034
  69 V   0.12074 0.12074 0.12074 0.12074 0.12074 0.12074 0.12074 0.12074 0.03408 ( 5)  0.395  0.034
  70 V   0.12003 0.12003 0.12003 0.12003 0.12003 0.12003 0.12003 0.12003 0.03973 ( 3)  0.461  0.040
  71 C   0.11960 0.11960 0.11960 0.11960 0.11960 0.11960 0.11960 0.11960 0.04322 ( 2)  0.501  0.043
  72 A   0.12227 0.12227 0.12227 0.12227 0.12227 0.12227 0.12227 0.12227 0.02183 ( 3)  0.253  0.022
  73 L   0.12075 0.12075 0.12075 0.12075 0.12075 0.12075 0.12075 0.12075 0.03401 ( 2)  0.394  0.034
  74 K   0.12009 0.12009 0.12009 0.12009 0.12009 0.12009 0.12009 0.12009 0.03925 ( 1)  0.455  0.039
  75 S   0.12106 0.12106 0.12106 0.12106 0.12106 0.12106 0.12106 0.12106 0.03152 ( 1)  0.365  0.032
  76 V   0.12032 0.12032 0.12032 0.12032 0.12032 0.12032 0.12032 0.12032 0.03742 ( 5)  0.434  0.037
  77 L   0.11642 0.11642 0.11642 0.11642 0.11642 0.11642 0.11642 0.11642 0.06863 ( 1)  0.796  0.069
  78 Y   0.11957 0.11957 0.11957 0.11957 0.11957 0.11957 0.11957 0.11957 0.04343 ( 2)  0.504  0.043
  79 R   0.11758 0.11758 0.11758 0.11758 0.11758 0.11758 0.11758 0.11758 0.05934 ( 1)  0.688  0.059

Positively selected sites

	Prob(w>1)  mean w

     9 S      1.000**       11.596
    17 G      1.000**       11.596
    25 S      1.000**       11.596
    29 L      1.000**       11.596


lnL =  -352.344324

Bayes Empirical Bayes (BEB) probabilities for 11 classes (class) & postmean_w
(amino acids refer to 1st sequence: hym.8520)

   1 M   0.40186 0.09639 0.07639 0.06593 0.05864 0.05273 0.04750 0.04269 0.03856 0.05270 0.06661 ( 1)  0.527 +-  1.127
   2 P   0.39293 0.09438 0.07516 0.06522 0.05832 0.05273 0.04776 0.04316 0.03917 0.05363 0.07753 ( 1)  0.589 +-  1.278
   3 S   0.38559 0.09273 0.07410 0.06453 0.05793 0.05257 0.04779 0.04335 0.03948 0.05412 0.08781 ( 1)  0.652 +-  1.423
   4 K   0.38364 0.09230 0.07381 0.06433 0.05780 0.05250 0.04777 0.04336 0.03952 0.05420 0.09078 ( 1)  0.671 +-  1.465
   5 R   0.38730 0.09311 0.07434 0.06468 0.05801 0.05259 0.04777 0.04329 0.03939 0.05399 0.08552 ( 1)  0.638 +-  1.394
   6 P   0.39293 0.09438 0.07516 0.06522 0.05832 0.05273 0.04776 0.04316 0.03917 0.05363 0.07753 ( 1)  0.589 +-  1.278
   7 V   0.40274 0.09657 0.07620 0.06549 0.05801 0.05197 0.04666 0.04182 0.03767 0.05152 0.07135 ( 1)  0.568 +-  1.271
   8 A   0.40330 0.09672 0.07658 0.06604 0.05868 0.05271 0.04744 0.04260 0.03844 0.05253 0.06496 ( 1)  0.518 +-  1.104
   9 S   0.05269 0.03129 0.03930 0.04581 0.05088 0.05453 0.05671 0.05742 0.05708 0.07911 0.47517 (11)  3.075 +-  3.339
  10 G   0.38639 0.09291 0.07420 0.06457 0.05792 0.05253 0.04773 0.04326 0.03938 0.05398 0.08713 ( 1)  0.649 +-  1.421
  11 I   0.40955 0.09813 0.07719 0.06612 0.05836 0.05208 0.04657 0.04158 0.03732 0.05096 0.06214 ( 1)  0.513 +-  1.128
  12 A   0.40330 0.09672 0.07658 0.06604 0.05868 0.05271 0.04744 0.04260 0.03844 0.05253 0.06496 ( 1)  0.518 +-  1.104
  13 F   0.39617 0.09511 0.07555 0.06538 0.05831 0.05258 0.04750 0.04282 0.03877 0.05306 0.07474 ( 1)  0.577 +-  1.263
  14 G   0.38639 0.09291 0.07420 0.06457 0.05792 0.05253 0.04773 0.04326 0.03938 0.05398 0.08713 ( 1)  0.649 +-  1.421
  15 A   0.40667 0.09749 0.07694 0.06613 0.05857 0.05244 0.04705 0.04212 0.03790 0.05177 0.06291 ( 1)  0.512 +-  1.107
  16 E   0.38763 0.09319 0.07438 0.06470 0.05801 0.05258 0.04775 0.04326 0.03935 0.05393 0.08522 ( 1)  0.637 +-  1.393
  17 G   0.03289 0.02132 0.02763 0.03305 0.03758 0.04116 0.04370 0.04516 0.04582 0.06552 0.60618 (11)  3.989 +-  3.569
  18 I   0.40955 0.09813 0.07719 0.06612 0.05836 0.05208 0.04657 0.04158 0.03732 0.05096 0.06214 ( 1)  0.513 +-  1.128
  19 V   0.40274 0.09657 0.07620 0.06549 0.05801 0.05197 0.04666 0.04182 0.03767 0.05152 0.07135 ( 1)  0.568 +-  1.271
  20 S   0.39968 0.09590 0.07607 0.06572 0.05852 0.05268 0.04751 0.04275 0.03865 0.05285 0.06966 ( 1)  0.546 +-  1.178
  21 N   0.39960 0.09588 0.07606 0.06573 0.05854 0.05270 0.04754 0.04278 0.03868 0.05290 0.06959 ( 1)  0.545 +-  1.174
  22 P   0.39293 0.09438 0.07516 0.06522 0.05832 0.05273 0.04776 0.04316 0.03917 0.05363 0.07753 ( 1)  0.589 +-  1.278
  23 M   0.40186 0.09639 0.07639 0.06593 0.05864 0.05273 0.04750 0.04269 0.03856 0.05270 0.06661 ( 1)  0.527 +-  1.127
  24 K   0.38364 0.09230 0.07381 0.06433 0.05780 0.05250 0.04777 0.04336 0.03952 0.05420 0.09078 ( 1)  0.671 +-  1.465
  25 S   0.00104 0.00226 0.00494 0.00831 0.01216 0.01623 0.02027 0.02403 0.02745 0.04387 0.83944 (11)  5.331 +-  3.317
  26 V   0.39081 0.09390 0.07478 0.06489 0.05803 0.05247 0.04754 0.04297 0.03901 0.05343 0.08218 ( 1)  0.622 +-  1.370
  27 D   0.39247 0.09427 0.07506 0.06512 0.05822 0.05263 0.04766 0.04307 0.03908 0.05351 0.07889 ( 1)  0.600 +-  1.310
  28 L   0.37578 0.09055 0.07264 0.06351 0.05724 0.05217 0.04762 0.04337 0.03965 0.05446 0.10301 ( 1)  0.750 +-  1.631
  29 L   0.05028 0.03014 0.03799 0.04442 0.04948 0.05316 0.05542 0.05625 0.05605 0.07792 0.48889 (11)  3.167 +-  3.372
  30 P   0.39293 0.09438 0.07516 0.06522 0.05832 0.05273 0.04776 0.04316 0.03917 0.05363 0.07753 ( 1)  0.589 +-  1.278
  31 D   0.39247 0.09427 0.07506 0.06512 0.05822 0.05263 0.04766 0.04307 0.03908 0.05351 0.07889 ( 1)  0.600 +-  1.310
  32 L   0.39606 0.09508 0.07548 0.06529 0.05820 0.05245 0.04736 0.04267 0.03863 0.05287 0.07591 ( 1)  0.587 +-  1.293
  33 L   0.39606 0.09508 0.07548 0.06529 0.05820 0.05245 0.04736 0.04267 0.03863 0.05287 0.07591 ( 1)  0.587 +-  1.293
  34 R   0.37841 0.09113 0.07303 0.06379 0.05744 0.05229 0.04768 0.04338 0.03962 0.05439 0.09883 ( 1)  0.723 +-  1.576
  35 Q   0.37804 0.09105 0.07298 0.06375 0.05741 0.05227 0.04767 0.04338 0.03963 0.05440 0.09943 ( 1)  0.727 +-  1.584
  36 V   0.40274 0.09657 0.07620 0.06549 0.05801 0.05197 0.04666 0.04182 0.03767 0.05152 0.07135 ( 1)  0.568 +-  1.271
  37 T   0.40041 0.09606 0.07621 0.06586 0.05865 0.05281 0.04763 0.04286 0.03875 0.05298 0.06779 ( 1)  0.532 +-  1.132
  38 L   0.39606 0.09508 0.07548 0.06529 0.05820 0.05245 0.04736 0.04267 0.03863 0.05287 0.07591 ( 1)  0.587 +-  1.293
  39 T   0.40041 0.09606 0.07621 0.06586 0.05865 0.05281 0.04763 0.04286 0.03875 0.05298 0.06779 ( 1)  0.532 +-  1.132
  40 E   0.38763 0.09319 0.07438 0.06470 0.05801 0.05258 0.04775 0.04326 0.03935 0.05393 0.08522 ( 1)  0.637 +-  1.393
  41 G   0.38639 0.09291 0.07420 0.06457 0.05792 0.05253 0.04773 0.04326 0.03938 0.05398 0.08713 ( 1)  0.649 +-  1.421
  42 I   0.40955 0.09813 0.07719 0.06612 0.05836 0.05208 0.04657 0.04158 0.03732 0.05096 0.06214 ( 1)  0.513 +-  1.128
  43 I   0.40955 0.09813 0.07719 0.06612 0.05836 0.05208 0.04657 0.04158 0.03732 0.05096 0.06214 ( 1)  0.513 +-  1.128
  44 C   0.38540 0.09269 0.07406 0.06450 0.05790 0.05254 0.04777 0.04333 0.03946 0.05410 0.08826 ( 1)  0.655 +-  1.432
  45 G   0.38289 0.09213 0.07369 0.06424 0.05773 0.05245 0.04773 0.04334 0.03951 0.05419 0.09210 ( 1)  0.680 +-  1.487
  46 I   0.40175 0.09637 0.07633 0.06585 0.05854 0.05261 0.04737 0.04257 0.03843 0.05253 0.06765 ( 1)  0.536 +-  1.159
  47 G   0.39833 0.09559 0.07584 0.06554 0.05837 0.05256 0.04741 0.04268 0.03860 0.05280 0.07227 ( 1)  0.563 +-  1.231
  48 Y   0.38521 0.09265 0.07404 0.06448 0.05789 0.05254 0.04777 0.04333 0.03947 0.05411 0.08851 ( 1)  0.657 +-  1.435
  49 F   0.39951 0.09586 0.07599 0.06562 0.05840 0.05255 0.04737 0.04261 0.03851 0.05266 0.07092 ( 1)  0.556 +-  1.214
  50 I   0.40955 0.09813 0.07719 0.06612 0.05836 0.05208 0.04657 0.04158 0.03732 0.05096 0.06214 ( 1)  0.513 +-  1.128
  51 A   0.40667 0.09749 0.07694 0.06613 0.05857 0.05244 0.04705 0.04212 0.03790 0.05177 0.06291 ( 1)  0.512 +-  1.107
  52 L   0.37682 0.09078 0.07278 0.06361 0.05730 0.05219 0.04762 0.04334 0.03961 0.05439 0.10154 ( 1)  0.741 +-  1.615
  53 M   0.40186 0.09639 0.07639 0.06593 0.05864 0.05273 0.04750 0.04269 0.03856 0.05270 0.06661 ( 1)  0.527 +-  1.127
  54 V   0.40274 0.09657 0.07620 0.06549 0.05801 0.05197 0.04666 0.04182 0.03767 0.05152 0.07135 ( 1)  0.568 +-  1.271
  55 I   0.40955 0.09813 0.07719 0.06612 0.05836 0.05208 0.04657 0.04158 0.03732 0.05096 0.06214 ( 1)  0.513 +-  1.128
  56 D   0.39920 0.09579 0.07597 0.06563 0.05843 0.05259 0.04742 0.04267 0.03858 0.05276 0.07097 ( 1)  0.555 +-  1.209
  57 C   0.38540 0.09269 0.07406 0.06450 0.05790 0.05254 0.04777 0.04333 0.03946 0.05410 0.08826 ( 1)  0.655 +-  1.432
  58 A   0.40330 0.09672 0.07658 0.06604 0.05868 0.05271 0.04744 0.04260 0.03844 0.05253 0.06496 ( 1)  0.518 +-  1.104
  59 L   0.37682 0.09078 0.07278 0.06361 0.05730 0.05219 0.04762 0.04334 0.03961 0.05439 0.10154 ( 1)  0.741 +-  1.615
  60 L   0.39606 0.09508 0.07548 0.06529 0.05820 0.05245 0.04736 0.04267 0.03863 0.05287 0.07591 ( 1)  0.587 +-  1.293
  61 F   0.39951 0.09586 0.07599 0.06562 0.05840 0.05255 0.04737 0.04261 0.03851 0.05266 0.07092 ( 1)  0.556 +-  1.214
  62 G   0.39833 0.09559 0.07584 0.06554 0.05837 0.05256 0.04741 0.04268 0.03860 0.05280 0.07227 ( 1)  0.563 +-  1.231
  63 L   0.39606 0.09508 0.07548 0.06529 0.05820 0.05245 0.04736 0.04267 0.03863 0.05287 0.07591 ( 1)  0.587 +-  1.293
  64 F   0.39951 0.09586 0.07599 0.06562 0.05840 0.05255 0.04737 0.04261 0.03851 0.05266 0.07092 ( 1)  0.556 +-  1.214
  65 E   0.38763 0.09319 0.07438 0.06470 0.05801 0.05258 0.04775 0.04326 0.03935 0.05393 0.08522 ( 1)  0.637 +-  1.393
  66 D   0.39247 0.09427 0.07506 0.06512 0.05822 0.05263 0.04766 0.04307 0.03908 0.05351 0.07889 ( 1)  0.600 +-  1.310
  67 I   0.40955 0.09813 0.07719 0.06612 0.05836 0.05208 0.04657 0.04158 0.03732 0.05096 0.06214 ( 1)  0.513 +-  1.128
  68 V   0.40274 0.09657 0.07620 0.06549 0.05801 0.05197 0.04666 0.04182 0.03767 0.05152 0.07135 ( 1)  0.568 +-  1.271
  69 V   0.40274 0.09657 0.07620 0.06549 0.05801 0.05197 0.04666 0.04182 0.03767 0.05152 0.07135 ( 1)  0.568 +-  1.271
  70 V   0.39081 0.09390 0.07478 0.06489 0.05803 0.05247 0.04754 0.04297 0.03901 0.05343 0.08218 ( 1)  0.622 +-  1.370
  71 C   0.38540 0.09269 0.07406 0.06450 0.05790 0.05254 0.04777 0.04333 0.03946 0.05410 0.08826 ( 1)  0.655 +-  1.432
  72 A   0.40667 0.09749 0.07694 0.06613 0.05857 0.05244 0.04705 0.04212 0.03790 0.05177 0.06291 ( 1)  0.512 +-  1.107
  73 L   0.39606 0.09508 0.07548 0.06529 0.05820 0.05245 0.04736 0.04267 0.03863 0.05287 0.07591 ( 1)  0.587 +-  1.293
  74 K   0.38734 0.09312 0.07435 0.06469 0.05802 0.05260 0.04778 0.04330 0.03940 0.05399 0.08541 ( 1)  0.637 +-  1.391
  75 S   0.39263 0.09431 0.07510 0.06516 0.05827 0.05268 0.04772 0.04312 0.03914 0.05358 0.07828 ( 1)  0.595 +-  1.295
  76 V   0.39600 0.09507 0.07543 0.06519 0.05808 0.05231 0.04721 0.04252 0.03848 0.05266 0.07704 ( 1)  0.596 +-  1.323
  77 L   0.37526 0.09044 0.07255 0.06345 0.05720 0.05213 0.04760 0.04335 0.03964 0.05445 0.10392 ( 1)  0.756 +-  1.645
  78 Y   0.38521 0.09265 0.07404 0.06448 0.05789 0.05254 0.04777 0.04333 0.03947 0.05411 0.08851 ( 1)  0.657 +-  1.435
  79 R   0.37841 0.09113 0.07303 0.06379 0.05744 0.05229 0.04768 0.04338 0.03962 0.05439 0.09883 ( 1)  0.723 +-  1.576

Positively selected sites

	Prob(w>1)  mean w

    17 G      0.606         3.989 +- 3.569
    25 S      0.839         5.331 +- 3.317

