Supplemental results for CODEML (seqf: algn  treef: tree)


dN/dS (w) for site classes (K=8)

p:   0.12500  0.12500  0.12500  0.12500  0.12500  0.12500  0.12500  0.12500
w:   0.19112  0.21326  0.22749  0.23967  0.25150  0.26423  0.27989  0.30606

Naive Empirical Bayes (NEB) probabilities for 8 classes & postmean_w
(amino acids refer to 1st sequence: sch.7234)

   1 L   0.12730 0.12637 0.12578 0.12528 0.12479 0.12427 0.12363 0.12258 ( 1)  0.246
   2 T   0.12792 0.12674 0.12599 0.12535 0.12473 0.12407 0.12327 0.12194 ( 1)  0.246
   3 N   0.12784 0.12669 0.12596 0.12534 0.12474 0.12410 0.12331 0.12202 ( 1)  0.246
   4 A   0.12785 0.12670 0.12597 0.12534 0.12474 0.12409 0.12331 0.12200 ( 1)  0.246
   5 M   0.12725 0.12634 0.12576 0.12527 0.12480 0.12429 0.12366 0.12263 ( 1)  0.246
   6 R   0.12716 0.12629 0.12574 0.12526 0.12480 0.12431 0.12371 0.12272 ( 1)  0.246
   7 S   0.12706 0.12623 0.12570 0.12525 0.12481 0.12435 0.12377 0.12282 ( 1)  0.246
   8 V   0.12755 0.12652 0.12586 0.12531 0.12477 0.12419 0.12349 0.12232 ( 1)  0.246
   9 K   0.12847 0.12706 0.12617 0.12541 0.12468 0.12390 0.12294 0.12137 ( 1)  0.246
  10 P   0.12738 0.12642 0.12581 0.12529 0.12478 0.12424 0.12359 0.12249 ( 1)  0.246
  11 A   0.12768 0.12660 0.12591 0.12532 0.12475 0.12415 0.12341 0.12218 ( 1)  0.246
  12 S   0.12685 0.12610 0.12563 0.12522 0.12483 0.12441 0.12390 0.12305 ( 1)  0.246
  13 T   0.12774 0.12663 0.12593 0.12533 0.12475 0.12413 0.12337 0.12212 ( 1)  0.246
  14 R   0.12677 0.12606 0.12560 0.12522 0.12484 0.12444 0.12395 0.12313 ( 1)  0.246
  15 P   0.12738 0.12642 0.12581 0.12529 0.12478 0.12424 0.12359 0.12249 ( 1)  0.246
  16 Q   0.12747 0.12647 0.12584 0.12530 0.12477 0.12422 0.12353 0.12240 ( 1)  0.246
  17 S   0.12706 0.12623 0.12570 0.12525 0.12481 0.12435 0.12377 0.12282 ( 1)  0.246
  18 T   0.12748 0.12648 0.12584 0.12530 0.12477 0.12421 0.12353 0.12239 ( 1)  0.246
  19 D   0.12829 0.12696 0.12611 0.12539 0.12470 0.12395 0.12305 0.12155 ( 1)  0.246
  20 I   0.09905 0.10962 0.11631 0.12199 0.12745 0.13326 0.14034 0.15198 ( 8)  0.251
  21 F   0.12693 0.12616 0.12566 0.12524 0.12483 0.12439 0.12385 0.12296 ( 1)  0.246
  22 V   0.12755 0.12652 0.12586 0.12531 0.12477 0.12419 0.12349 0.12232 ( 1)  0.246
  23 Q   0.12747 0.12647 0.12584 0.12530 0.12477 0.12422 0.12353 0.12240 ( 1)  0.246
  24 P   0.12738 0.12642 0.12581 0.12529 0.12478 0.12424 0.12359 0.12249 ( 1)  0.246
  25 D   0.12775 0.12664 0.12593 0.12533 0.12475 0.12413 0.12337 0.12211 ( 1)  0.246
  26 L   0.12649 0.12589 0.12551 0.12518 0.12487 0.12453 0.12411 0.12342 ( 1)  0.246
  27 R   0.12677 0.12606 0.12560 0.12522 0.12484 0.12444 0.12395 0.12313 ( 1)  0.246
  28 Y   0.12747 0.12648 0.12584 0.12530 0.12477 0.12421 0.12353 0.12240 ( 1)  0.246
  29 S   0.12786 0.12671 0.12597 0.12534 0.12474 0.12409 0.12330 0.12199 ( 1)  0.246
  30 T   0.12792 0.12674 0.12599 0.12535 0.12473 0.12407 0.12327 0.12194 ( 1)  0.246
  31 H   0.12745 0.12646 0.12583 0.12529 0.12478 0.12422 0.12355 0.12242 ( 1)  0.246
  32 V   0.12729 0.12637 0.12578 0.12528 0.12479 0.12427 0.12364 0.12258 ( 1)  0.246
  33 F   0.12693 0.12616 0.12566 0.12524 0.12483 0.12439 0.12385 0.12296 ( 1)  0.246
  34 A   0.09906 0.10962 0.11632 0.12199 0.12744 0.13326 0.14034 0.15197 ( 8)  0.251
  35 S   0.09865 0.10933 0.11613 0.12189 0.12745 0.13338 0.14062 0.15255 ( 8)  0.251
  36 R   0.12677 0.12606 0.12560 0.12522 0.12484 0.12444 0.12395 0.12313 ( 1)  0.246
  37 D   0.12775 0.12664 0.12593 0.12533 0.12475 0.12413 0.12337 0.12211 ( 1)  0.246
  38 S   0.12564 0.12538 0.12522 0.12508 0.12494 0.12480 0.12462 0.12432 ( 1)  0.247
  39 H   0.12793 0.12674 0.12599 0.12535 0.12473 0.12407 0.12326 0.12193 ( 1)  0.246
  40 R   0.12677 0.12606 0.12560 0.12522 0.12484 0.12444 0.12395 0.12313 ( 1)  0.246
  41 R   0.12677 0.12606 0.12560 0.12522 0.12484 0.12444 0.12395 0.12313 ( 1)  0.246
  42 P   0.12744 0.12646 0.12583 0.12529 0.12478 0.12422 0.12355 0.12243 ( 1)  0.246
  43 F   0.12693 0.12616 0.12566 0.12524 0.12483 0.12439 0.12385 0.12296 ( 1)  0.246
  44 E   0.12835 0.12699 0.12613 0.12540 0.12469 0.12393 0.12301 0.12149 ( 1)  0.246
  45 S   0.12706 0.12623 0.12570 0.12525 0.12481 0.12435 0.12377 0.12282 ( 1)  0.246
  46 A   0.09832 0.10910 0.11597 0.12181 0.12745 0.13348 0.14084 0.15302 ( 8)  0.251
  47 Y   0.12698 0.12619 0.12568 0.12524 0.12482 0.12437 0.12382 0.12290 ( 1)  0.246
  48 E   0.12835 0.12699 0.12613 0.12540 0.12469 0.12393 0.12301 0.12149 ( 1)  0.246
  49 G   0.12713 0.12627 0.12573 0.12526 0.12481 0.12432 0.12373 0.12275 ( 1)  0.246
  50 P   0.12738 0.12642 0.12581 0.12529 0.12478 0.12424 0.12359 0.12249 ( 1)  0.246
  51 F   0.12693 0.12616 0.12566 0.12524 0.12483 0.12439 0.12385 0.12296 ( 1)  0.246
  52 K   0.12847 0.12706 0.12617 0.12541 0.12468 0.12390 0.12294 0.12137 ( 1)  0.246
  53 V   0.12755 0.12652 0.12586 0.12531 0.12477 0.12419 0.12349 0.12232 ( 1)  0.246
  54 L   0.12730 0.12637 0.12578 0.12528 0.12479 0.12427 0.12363 0.12258 ( 1)  0.246
  55 Q   0.12747 0.12647 0.12584 0.12530 0.12477 0.12422 0.12353 0.12240 ( 1)  0.246
  56 R   0.12673 0.12604 0.12559 0.12521 0.12484 0.12445 0.12397 0.12317 ( 1)  0.246
  57 E   0.12835 0.12699 0.12613 0.12540 0.12469 0.12393 0.12301 0.12149 ( 1)  0.246
  58 P   0.12575 0.12545 0.12526 0.12509 0.12493 0.12476 0.12455 0.12420 ( 1)  0.247
  59 K   0.12660 0.12596 0.12555 0.12520 0.12486 0.12449 0.12405 0.12330 ( 1)  0.246
  60 Y   0.12698 0.12619 0.12568 0.12524 0.12482 0.12437 0.12382 0.12290 ( 1)  0.246
  61 H   0.09903 0.10960 0.11630 0.12198 0.12745 0.13327 0.14036 0.15201 ( 8)  0.251
  62 I   0.12813 0.12686 0.12606 0.12537 0.12471 0.12401 0.12315 0.12172 ( 1)  0.246
  63 I   0.12751 0.12650 0.12585 0.12530 0.12477 0.12420 0.12351 0.12236 ( 1)  0.246
  64 D   0.12798 0.12677 0.12601 0.12535 0.12472 0.12405 0.12323 0.12188 ( 1)  0.246
  65 E   0.09813 0.10897 0.11589 0.12177 0.12745 0.13354 0.14097 0.15328 ( 8)  0.251
  66 N   0.12784 0.12669 0.12596 0.12534 0.12474 0.12410 0.12331 0.12202 ( 1)  0.246
  67 G   0.12738 0.12642 0.12581 0.12529 0.12478 0.12424 0.12358 0.12249 ( 1)  0.246
  68 T   0.12721 0.12632 0.12575 0.12527 0.12480 0.12430 0.12369 0.12267 ( 1)  0.246
  69 N   0.12784 0.12669 0.12596 0.12534 0.12474 0.12410 0.12331 0.12202 ( 1)  0.246
  70 D   0.12829 0.12696 0.12611 0.12539 0.12470 0.12395 0.12305 0.12155 ( 1)  0.246
  71 S   0.12735 0.12640 0.12580 0.12528 0.12479 0.12425 0.12360 0.12252 ( 1)  0.246
  72 I   0.12751 0.12650 0.12585 0.12530 0.12477 0.12420 0.12351 0.12236 ( 1)  0.246
  73 S   0.12735 0.12640 0.12580 0.12528 0.12479 0.12425 0.12360 0.12252 ( 1)  0.246
  74 I   0.12726 0.12635 0.12577 0.12527 0.12480 0.12428 0.12366 0.12262 ( 1)  0.246
  75 D   0.12829 0.12696 0.12611 0.12539 0.12470 0.12395 0.12305 0.12155 ( 1)  0.246
  76 R   0.12673 0.12604 0.12559 0.12521 0.12484 0.12445 0.12397 0.12317 ( 1)  0.246
  77 L   0.12684 0.12610 0.12563 0.12522 0.12483 0.12442 0.12390 0.12305 ( 1)  0.246
  78 K   0.12847 0.12706 0.12617 0.12541 0.12468 0.12390 0.12294 0.12137 ( 1)  0.246
  79 A   0.12785 0.12670 0.12597 0.12534 0.12474 0.12409 0.12331 0.12200 ( 1)  0.246
  80 V   0.09753 0.10855 0.11561 0.12163 0.12746 0.13371 0.14138 0.15414 ( 8)  0.251
  81 Y   0.12747 0.12648 0.12584 0.12530 0.12477 0.12421 0.12353 0.12240 ( 1)  0.246
  82 L   0.12649 0.12589 0.12551 0.12518 0.12487 0.12453 0.12411 0.12342 ( 1)  0.246
  83 E   0.12835 0.12699 0.12613 0.12540 0.12469 0.12393 0.12301 0.12149 ( 1)  0.246
  84 G   0.12738 0.12642 0.12581 0.12529 0.12478 0.12424 0.12358 0.12249 ( 1)  0.246
  85 N   0.12838 0.12701 0.12614 0.12540 0.12469 0.12393 0.12300 0.12147 ( 1)  0.246
  86 P   0.12738 0.12642 0.12581 0.12529 0.12478 0.12424 0.12359 0.12249 ( 1)  0.246
  87 I   0.12764 0.12657 0.12589 0.12531 0.12476 0.12416 0.12344 0.12224 ( 1)  0.246
  88 Y   0.09864 0.10933 0.11612 0.12189 0.12745 0.13339 0.14062 0.15256 ( 8)  0.251
  89 V   0.12704 0.12622 0.12570 0.12525 0.12482 0.12435 0.12378 0.12284 ( 1)  0.246
  90 D   0.12829 0.12696 0.12611 0.12539 0.12470 0.12395 0.12305 0.12155 ( 1)  0.246
  91 F   0.12736 0.12641 0.12580 0.12528 0.12479 0.12425 0.12360 0.12251 ( 1)  0.246
  92 P   0.12738 0.12642 0.12581 0.12529 0.12478 0.12424 0.12359 0.12249 ( 1)  0.246
  93 S   0.12564 0.12538 0.12522 0.12508 0.12494 0.12480 0.12462 0.12432 ( 1)  0.247
  94 V   0.12771 0.12662 0.12592 0.12533 0.12475 0.12414 0.12339 0.12215 ( 1)  0.246
  95 Q   0.12747 0.12647 0.12584 0.12530 0.12477 0.12422 0.12353 0.12240 ( 1)  0.246
  96 S   0.12564 0.12538 0.12522 0.12508 0.12494 0.12480 0.12462 0.12432 ( 1)  0.247
  97 N   0.12784 0.12669 0.12596 0.12534 0.12474 0.12410 0.12331 0.12202 ( 1)  0.246
  98 D   0.12775 0.12664 0.12593 0.12533 0.12475 0.12413 0.12337 0.12211 ( 1)  0.246
  99 T   0.12587 0.12552 0.12530 0.12511 0.12492 0.12472 0.12448 0.12408 ( 1)  0.247
 100 T   0.12774 0.12663 0.12593 0.12533 0.12475 0.12413 0.12337 0.12212 ( 1)  0.246
 101 P   0.09841 0.10917 0.11602 0.12184 0.12745 0.13346 0.14078 0.15289 ( 8)  0.251
 102 L   0.12684 0.12610 0.12563 0.12522 0.12483 0.12442 0.12390 0.12305 ( 1)  0.246
 103 I   0.12813 0.12686 0.12606 0.12537 0.12471 0.12401 0.12315 0.12172 ( 1)  0.246
 104 I   0.12779 0.12666 0.12594 0.12533 0.12474 0.12411 0.12335 0.12207 ( 1)  0.246
 105 P   0.12738 0.12642 0.12581 0.12529 0.12478 0.12424 0.12359 0.12249 ( 1)  0.246
 106 Q   0.12747 0.12647 0.12584 0.12530 0.12477 0.12422 0.12353 0.12240 ( 1)  0.246
 107 P   0.09741 0.10847 0.11555 0.12160 0.12746 0.13375 0.14146 0.15430 ( 8)  0.251
 108 T   0.12792 0.12674 0.12599 0.12535 0.12473 0.12407 0.12327 0.12194 ( 1)  0.246
 109 T   0.12721 0.12632 0.12575 0.12527 0.12480 0.12430 0.12369 0.12267 ( 1)  0.246
 110 N   0.12784 0.12669 0.12596 0.12534 0.12474 0.12410 0.12331 0.12202 ( 1)  0.246
 111 T   0.12782 0.12668 0.12595 0.12534 0.12474 0.12410 0.12333 0.12204 ( 1)  0.246
 112 S   0.09820 0.10902 0.11592 0.12179 0.12745 0.13352 0.14092 0.15318 ( 8)  0.251
 113 D   0.12829 0.12696 0.12611 0.12539 0.12470 0.12395 0.12305 0.12155 ( 1)  0.246
 114 D   0.12829 0.12696 0.12611 0.12539 0.12470 0.12395 0.12305 0.12155 ( 1)  0.246
 115 T   0.12774 0.12663 0.12593 0.12533 0.12475 0.12413 0.12337 0.12212 ( 1)  0.246
 116 P   0.12575 0.12545 0.12526 0.12509 0.12493 0.12476 0.12455 0.12420 ( 1)  0.247
 117 N   0.12838 0.12701 0.12614 0.12540 0.12469 0.12393 0.12300 0.12147 ( 1)  0.246
 118 V   0.12771 0.12662 0.12592 0.12533 0.12475 0.12414 0.12339 0.12215 ( 1)  0.246
 119 S   0.12730 0.12638 0.12578 0.12528 0.12479 0.12427 0.12363 0.12257 ( 1)  0.246
 120 E   0.12835 0.12699 0.12613 0.12540 0.12469 0.12393 0.12301 0.12149 ( 1)  0.246
 121 N   0.12807 0.12682 0.12603 0.12536 0.12472 0.12402 0.12318 0.12179 ( 1)  0.246
 122 K   0.12847 0.12706 0.12617 0.12541 0.12468 0.12390 0.12294 0.12137 ( 1)  0.246
 123 L   0.12730 0.12637 0.12578 0.12528 0.12479 0.12427 0.12363 0.12258 ( 1)  0.246
 124 K   0.12847 0.12706 0.12617 0.12541 0.12468 0.12390 0.12294 0.12137 ( 1)  0.246
 125 T   0.12587 0.12552 0.12530 0.12511 0.12492 0.12472 0.12448 0.12408 ( 1)  0.247
 126 T   0.12587 0.12552 0.12530 0.12511 0.12492 0.12472 0.12448 0.12408 ( 1)  0.247
 127 H   0.09893 0.10953 0.11626 0.12196 0.12745 0.13330 0.14042 0.15215 ( 8)  0.251
 128 S   0.12730 0.12638 0.12578 0.12528 0.12479 0.12427 0.12363 0.12257 ( 1)  0.246
 129 G   0.12738 0.12642 0.12581 0.12529 0.12478 0.12424 0.12358 0.12249 ( 1)  0.246
 130 R   0.12694 0.12616 0.12566 0.12523 0.12482 0.12438 0.12385 0.12295 ( 1)  0.246
 131 R   0.12784 0.12669 0.12596 0.12534 0.12474 0.12410 0.12331 0.12202 ( 1)  0.246
 132 V   0.12771 0.12662 0.12592 0.12533 0.12475 0.12414 0.12339 0.12215 ( 1)  0.246
 133 R   0.12784 0.12669 0.12596 0.12534 0.12474 0.12410 0.12331 0.12202 ( 1)  0.246
 134 F   0.12736 0.12641 0.12580 0.12528 0.12479 0.12425 0.12360 0.12251 ( 1)  0.246
 135 P   0.12753 0.12651 0.12586 0.12530 0.12477 0.12419 0.12349 0.12233 ( 1)  0.246
 136 E   0.12835 0.12699 0.12613 0.12540 0.12469 0.12393 0.12301 0.12149 ( 1)  0.246
 137 H   0.12765 0.12658 0.12590 0.12532 0.12476 0.12416 0.12343 0.12222 ( 1)  0.246
 138 L   0.12649 0.12589 0.12551 0.12518 0.12487 0.12453 0.12411 0.12342 ( 1)  0.246
 139 N   0.12784 0.12669 0.12596 0.12534 0.12474 0.12410 0.12331 0.12202 ( 1)  0.246
 140 D   0.12775 0.12664 0.12593 0.12533 0.12475 0.12413 0.12337 0.12211 ( 1)  0.246
 141 Y   0.12723 0.12633 0.12576 0.12527 0.12480 0.12429 0.12368 0.12265 ( 1)  0.246
 142 Y   0.12698 0.12619 0.12568 0.12524 0.12482 0.12437 0.12382 0.12290 ( 1)  0.246
 143 T   0.12685 0.12610 0.12563 0.12522 0.12483 0.12441 0.12390 0.12305 ( 1)  0.246


lnL =  -689.038486

