Supplemental results for CODEML (seqf: algn  treef: tree)


dN/dS (w) for site classes (K=9)

p:   0.12500  0.12500  0.12500  0.12500  0.12500  0.12500  0.12500  0.12500  0.00001
w:   0.00000  0.00034  0.01397  0.14552  0.56716  0.92116  0.99627  1.00000  1.00000

Naive Empirical Bayes (NEB) probabilities for 9 classes & postmean_w
(amino acids refer to 1st sequence: hyn.12569)

   1 M   0.17072 0.17067 0.16867 0.15066 0.10631 0.08068 0.07625 0.07604 0.00001 ( 1)  0.311
   2 F   0.14940 0.14938 0.14848 0.14011 0.11679 0.10070 0.09764 0.09749 0.00001 ( 1)  0.376
   3 I   0.17153 0.17147 0.16931 0.15012 0.10496 0.08035 0.07623 0.07603 0.00001 ( 1)  0.310
   4 I   0.14930 0.14928 0.14837 0.13993 0.11667 0.10086 0.09787 0.09773 0.00001 ( 1)  0.377
   5 S   0.15266 0.15264 0.15157 0.14172 0.11517 0.09764 0.09438 0.09422 0.00001 ( 1)  0.366
   6 Q   0.00000 0.00014 0.00568 0.05558 0.17765 0.24588 0.25725 0.25779 0.00002 ( 8)  0.850
   7 F   0.16982 0.16977 0.16778 0.14994 0.10646 0.08165 0.07739 0.07719 0.00001 ( 1)  0.314
   8 Q   0.00000 0.00012 0.00502 0.05015 0.17089 0.24835 0.26238 0.26306 0.00002 ( 8)  0.858
   9 D   0.00000 0.00019 0.00748 0.06970 0.19303 0.23938 0.24498 0.24523 0.00002 ( 8)  0.830
  10 K   0.00000 0.00015 0.00590 0.05739 0.18006 0.24507 0.25546 0.25595 0.00002 ( 8)  0.847
  11 L   0.14429 0.14427 0.14358 0.13711 0.11875 0.10572 0.10320 0.10308 0.00001 ( 1)  0.393
  12 H   0.00000 0.00000 0.00011 0.01073 0.12498 0.26636 0.29811 0.29969 0.00002 ( 8)  0.915
  13 P   0.14169 0.14167 0.14110 0.13567 0.11985 0.10824 0.10595 0.10583 0.00001 ( 1)  0.401
  14 I   0.17153 0.17147 0.16931 0.15012 0.10496 0.08035 0.07623 0.07603 0.00001 ( 1)  0.310
  15 L   0.14469 0.14468 0.14397 0.13740 0.11866 0.10530 0.10271 0.10258 0.00001 ( 1)  0.391
  16 S   0.00000 0.00020 0.00794 0.07328 0.19648 0.23772 0.24209 0.24228 0.00002 ( 8)  0.825
  17 C   0.16305 0.16301 0.16145 0.14719 0.11044 0.08773 0.08366 0.08346 0.00001 ( 1)  0.334
  18 S   0.14328 0.14326 0.14261 0.13655 0.11914 0.10670 0.10429 0.10417 0.00001 ( 1)  0.396
  19 R   0.14188 0.14187 0.14128 0.13576 0.11974 0.10805 0.10576 0.10564 0.00001 ( 1)  0.400
  20 N   0.17579 0.17573 0.17329 0.15179 0.10247 0.07655 0.07229 0.07209 0.00001 ( 1)  0.297
  21 I   0.16059 0.16055 0.15903 0.14531 0.11091 0.09034 0.08671 0.08653 0.00001 ( 1)  0.342
  22 L   0.16417 0.16413 0.16247 0.14744 0.10955 0.08682 0.08280 0.08261 0.00001 ( 1)  0.331
  23 Q   0.14541 0.14539 0.14466 0.13786 0.11845 0.10458 0.10189 0.10176 0.00001 ( 1)  0.389
  24 A   0.16687 0.16682 0.16502 0.14874 0.10820 0.08430 0.08012 0.07992 0.00001 ( 1)  0.323
  25 H   0.16993 0.16988 0.16790 0.15006 0.10647 0.08151 0.07722 0.07702 0.00001 ( 1)  0.314
  26 I   0.00000 0.00019 0.00752 0.07001 0.19312 0.23922 0.24483 0.24508 0.00002 ( 8)  0.829
  27 D   0.17531 0.17525 0.17288 0.15193 0.10307 0.07683 0.07247 0.07226 0.00001 ( 1)  0.298
  28 F   0.00000 0.00000 0.00009 0.00894 0.11543 0.26672 0.30347 0.30533 0.00002 ( 8)  0.920
  29 S   0.16278 0.16274 0.16117 0.14690 0.11040 0.08806 0.08407 0.08388 0.00001 ( 1)  0.335
  30 G   0.14709 0.14707 0.14627 0.13882 0.11777 0.10295 0.10009 0.09995 0.00001 ( 1)  0.384
  31 V   0.14943 0.14940 0.14849 0.13999 0.11662 0.10074 0.09773 0.09759 0.00001 ( 1)  0.376
  32 S   0.14724 0.14722 0.14640 0.13878 0.11753 0.10285 0.10005 0.09992 0.00001 ( 1)  0.383
  33 N   0.15439 0.15436 0.15322 0.14271 0.11448 0.09596 0.09253 0.09236 0.00001 ( 1)  0.361
  34 V   0.00000 0.00012 0.00487 0.04889 0.16904 0.24889 0.26372 0.26444 0.00002 ( 8)  0.860
  35 N   0.17579 0.17573 0.17329 0.15179 0.10247 0.07655 0.07229 0.07209 0.00001 ( 1)  0.297
  36 A   0.15613 0.15610 0.15488 0.14364 0.11370 0.09429 0.09072 0.09054 0.00001 ( 1)  0.355
  37 R   0.14188 0.14187 0.14128 0.13576 0.11974 0.10805 0.10576 0.10564 0.00001 ( 1)  0.400
  38 E   0.16229 0.16226 0.16070 0.14654 0.11050 0.08857 0.08466 0.08448 0.00001 ( 1)  0.337
  39 N   0.00000 0.00019 0.00745 0.06931 0.19199 0.23953 0.24562 0.24589 0.00002 ( 8)  0.830
  40 I   0.14930 0.14928 0.14837 0.13993 0.11667 0.10086 0.09787 0.09773 0.00001 ( 1)  0.377
  41 L   0.16417 0.16413 0.16247 0.14744 0.10955 0.08682 0.08280 0.08261 0.00001 ( 1)  0.331
  42 Q   0.14541 0.14539 0.14466 0.13786 0.11845 0.10458 0.10189 0.10176 0.00001 ( 1)  0.389
  43 L   0.14469 0.14468 0.14397 0.13740 0.11866 0.10530 0.10271 0.10258 0.00001 ( 1)  0.391
  44 A   0.15613 0.15610 0.15488 0.14364 0.11370 0.09429 0.09072 0.09054 0.00001 ( 1)  0.355
  45 L   0.16417 0.16413 0.16247 0.14744 0.10955 0.08682 0.08280 0.08261 0.00001 ( 1)  0.331
  46 G   0.14709 0.14707 0.14627 0.13882 0.11777 0.10295 0.10009 0.09995 0.00001 ( 1)  0.384
  47 N   0.16472 0.16467 0.16290 0.14707 0.10859 0.08660 0.08281 0.08263 0.00001 ( 1)  0.330
  48 E   0.15505 0.15503 0.15385 0.14308 0.11419 0.09531 0.09182 0.09165 0.00001 ( 1)  0.359
  49 S   0.14966 0.14964 0.14874 0.14031 0.11675 0.10042 0.09731 0.09716 0.00001 ( 1)  0.375
  50 T   0.16861 0.16856 0.16663 0.14931 0.10705 0.08280 0.07862 0.07842 0.00001 ( 1)  0.318
  51 F   0.00000 0.00015 0.00621 0.05972 0.18229 0.24397 0.25360 0.25405 0.00002 ( 8)  0.844
  52 N   0.15439 0.15436 0.15322 0.14271 0.11448 0.09596 0.09253 0.09236 0.00001 ( 1)  0.361
  53 D   0.00000 0.00020 0.00821 0.07529 0.19820 0.23677 0.24057 0.24073 0.00002 ( 8)  0.822
  54 P   0.14169 0.14167 0.14110 0.13567 0.11985 0.10824 0.10595 0.10583 0.00001 ( 1)  0.401
  55 D   0.17531 0.17525 0.17288 0.15193 0.10307 0.07683 0.07247 0.07226 0.00001 ( 1)  0.298
  56 I   0.14930 0.14928 0.14837 0.13993 0.11667 0.10086 0.09787 0.09773 0.00001 ( 1)  0.377
  57 D   0.17531 0.17525 0.17288 0.15193 0.10307 0.07683 0.07247 0.07226 0.00001 ( 1)  0.298
  58 V   0.15372 0.15370 0.15257 0.14223 0.11456 0.09664 0.09336 0.09320 0.00001 ( 1)  0.363
  59 I   0.00000 0.00018 0.00744 0.06957 0.19345 0.23945 0.24483 0.24506 0.00002 ( 8)  0.830
  60 L   0.16417 0.16413 0.16247 0.14744 0.10955 0.08682 0.08280 0.08261 0.00001 ( 1)  0.331
  61 V   0.16862 0.16857 0.16662 0.14912 0.10682 0.08288 0.07878 0.07858 0.00001 ( 1)  0.318
  62 G   0.15299 0.15296 0.15189 0.14204 0.11520 0.09726 0.09390 0.09374 0.00001 ( 1)  0.365
  63 T   0.00000 0.00018 0.00719 0.06744 0.19066 0.24042 0.24690 0.24719 0.00002 ( 8)  0.833
  64 K   0.00000 0.00015 0.00607 0.05874 0.18162 0.24445 0.25424 0.25470 0.00002 ( 8)  0.845
  65 V   0.14943 0.14940 0.14849 0.13999 0.11662 0.10074 0.09773 0.09759 0.00001 ( 1)  0.376
  66 M   0.17072 0.17067 0.16867 0.15066 0.10631 0.08068 0.07625 0.07604 0.00001 ( 1)  0.311
  67 Y   0.14365 0.14363 0.14297 0.13675 0.11901 0.10634 0.10388 0.10376 0.00001 ( 1)  0.395
  68 F   0.16982 0.16977 0.16778 0.14994 0.10646 0.08165 0.07739 0.07719 0.00001 ( 1)  0.314
  69 S   0.16278 0.16274 0.16117 0.14690 0.11040 0.08806 0.08407 0.08388 0.00001 ( 1)  0.335
  70 R   0.14188 0.14187 0.14128 0.13576 0.11974 0.10805 0.10576 0.10564 0.00001 ( 1)  0.400
  71 V   0.16271 0.16267 0.16106 0.14655 0.11005 0.08827 0.08444 0.08425 0.00001 ( 1)  0.336
  72 L   0.16417 0.16413 0.16247 0.14744 0.10955 0.08682 0.08280 0.08261 0.00001 ( 1)  0.331
  73 R   0.15273 0.15270 0.15165 0.14197 0.11541 0.09748 0.09411 0.09394 0.00001 ( 1)  0.366
  74 K   0.00000 0.00006 0.00243 0.02845 0.14133 0.25798 0.28421 0.28552 0.00002 ( 8)  0.891
  75 E   0.15770 0.15767 0.15631 0.14401 0.11245 0.09300 0.08951 0.08934 0.00001 ( 1)  0.351
  76 K   0.15648 0.15645 0.15520 0.14374 0.11344 0.09399 0.09043 0.09026 0.00001 ( 1)  0.354
  77 A   0.15613 0.15610 0.15488 0.14364 0.11370 0.09429 0.09072 0.09054 0.00001 ( 1)  0.355
  78 I   0.17153 0.17147 0.16931 0.15012 0.10496 0.08035 0.07623 0.07603 0.00001 ( 1)  0.310
  79 I   0.14930 0.14928 0.14837 0.13993 0.11667 0.10086 0.09787 0.09773 0.00001 ( 1)  0.377
  80 V   0.15775 0.15772 0.15639 0.14427 0.11270 0.09284 0.08924 0.08907 0.00001 ( 1)  0.351
  81 P   0.14476 0.14474 0.14404 0.13747 0.11868 0.10522 0.10260 0.10248 0.00001 ( 1)  0.391
  82 K   0.15648 0.15645 0.15520 0.14374 0.11344 0.09399 0.09043 0.09026 0.00001 ( 1)  0.354
  83 E   0.15505 0.15503 0.15385 0.14308 0.11419 0.09531 0.09182 0.09165 0.00001 ( 1)  0.359
  84 W   0.14075 0.14074 0.14020 0.13513 0.12023 0.10915 0.10695 0.10684 0.00001 ( 1)  0.404
  85 C   0.16305 0.16301 0.16145 0.14719 0.11044 0.08773 0.08366 0.08346 0.00001 ( 1)  0.334
  86 S   0.17240 0.17234 0.17023 0.15131 0.10533 0.07919 0.07470 0.07449 0.00001 ( 1)  0.306
  87 N   0.17579 0.17573 0.17329 0.15179 0.10247 0.07655 0.07229 0.07209 0.00001 ( 1)  0.297
  88 L   0.14469 0.14468 0.14397 0.13740 0.11866 0.10530 0.10271 0.10258 0.00001 ( 1)  0.391
  89 G   0.15299 0.15296 0.15189 0.14204 0.11520 0.09726 0.09390 0.09374 0.00001 ( 1)  0.365
  90 A   0.16687 0.16682 0.16502 0.14874 0.10820 0.08430 0.08012 0.07992 0.00001 ( 1)  0.323
  91 K   0.15899 0.15895 0.15752 0.14453 0.11169 0.09184 0.08832 0.08815 0.00001 ( 1)  0.347
  92 Q   0.14541 0.14539 0.14466 0.13786 0.11845 0.10458 0.10189 0.10176 0.00001 ( 1)  0.389
  93 V   0.00000 0.00000 0.00007 0.00761 0.10813 0.26693 0.30759 0.30966 0.00002 ( 8)  0.924
  94 F   0.14940 0.14938 0.14848 0.14011 0.11679 0.10070 0.09764 0.09749 0.00001 ( 1)  0.376
  95 T   0.00000 0.00016 0.00643 0.06143 0.18387 0.24317 0.25225 0.25268 0.00002 ( 8)  0.841
  96 S   0.14724 0.14722 0.14640 0.13878 0.11753 0.10285 0.10005 0.09992 0.00001 ( 1)  0.383
  97 S   0.16278 0.16274 0.16117 0.14690 0.11040 0.08806 0.08407 0.08388 0.00001 ( 1)  0.335
  98 P   0.14476 0.14474 0.14404 0.13747 0.11868 0.10522 0.10260 0.10248 0.00001 ( 1)  0.391
  99 V   0.16862 0.16857 0.16662 0.14912 0.10682 0.08288 0.07878 0.07858 0.00001 ( 1)  0.318
 100 A   0.15613 0.15610 0.15488 0.14364 0.11370 0.09429 0.09072 0.09054 0.00001 ( 1)  0.355
 101 Q   0.14541 0.14539 0.14466 0.13786 0.11845 0.10458 0.10189 0.10176 0.00001 ( 1)  0.389
 102 K   0.16346 0.16342 0.16178 0.14695 0.10973 0.08755 0.08364 0.08345 0.00001 ( 1)  0.333
 103 L   0.14717 0.14715 0.14633 0.13874 0.11756 0.10292 0.10013 0.09999 0.00001 ( 1)  0.384
 104 M   0.17072 0.17067 0.16867 0.15066 0.10631 0.08068 0.07625 0.07604 0.00001 ( 1)  0.311
 105 E   0.16229 0.16226 0.16070 0.14654 0.11050 0.08857 0.08466 0.08448 0.00001 ( 1)  0.337
 106 C   0.15288 0.15286 0.15178 0.14183 0.11506 0.09743 0.09416 0.09400 0.00001 ( 1)  0.366
 107 Y   0.14365 0.14363 0.14297 0.13675 0.11901 0.10634 0.10388 0.10376 0.00001 ( 1)  0.395
 108 K   0.16346 0.16342 0.16178 0.14695 0.10973 0.08755 0.08364 0.08345 0.00001 ( 1)  0.333
 109 P   0.14476 0.14474 0.14404 0.13747 0.11868 0.10522 0.10260 0.10248 0.00001 ( 1)  0.391
 110 N   0.15439 0.15436 0.15322 0.14271 0.11448 0.09596 0.09253 0.09236 0.00001 ( 1)  0.361
 111 I   0.16661 0.16656 0.16473 0.14831 0.10798 0.08469 0.08065 0.08046 0.00001 ( 1)  0.324
 112 N   0.00000 0.00014 0.00581 0.05646 0.17794 0.24543 0.25682 0.25737 0.00002 ( 8)  0.849
 113 L   0.16417 0.16413 0.16247 0.14744 0.10955 0.08682 0.08280 0.08261 0.00001 ( 1)  0.331
 114 E   0.16229 0.16226 0.16070 0.14654 0.11050 0.08857 0.08466 0.08448 0.00001 ( 1)  0.337
 115 N   0.16472 0.16467 0.16290 0.14707 0.10859 0.08660 0.08281 0.08263 0.00001 ( 1)  0.330
 116 E   0.16229 0.16226 0.16070 0.14654 0.11050 0.08857 0.08466 0.08448 0.00001 ( 1)  0.337
 117 A   0.00000 0.00014 0.00576 0.05621 0.17831 0.24558 0.25673 0.25725 0.00002 ( 8)  0.849
 118 K   0.00000 0.00017 0.00679 0.06441 0.18783 0.24183 0.24930 0.24964 0.00002 ( 8)  0.837
 119 S   0.14244 0.14243 0.14182 0.13610 0.11955 0.10750 0.10513 0.10502 0.00001 ( 1)  0.398
 120 I   0.17153 0.17147 0.16931 0.15012 0.10496 0.08035 0.07623 0.07603 0.00001 ( 1)  0.310
 121 T   0.00000 0.00015 0.00611 0.05902 0.18174 0.24431 0.25409 0.25455 0.00002 ( 8)  0.845
 122 K   0.15648 0.15645 0.15520 0.14374 0.11344 0.09399 0.09043 0.09026 0.00001 ( 1)  0.354
 123 S   0.14724 0.14722 0.14640 0.13878 0.11753 0.10285 0.10005 0.09992 0.00001 ( 1)  0.383
 124 L   0.14469 0.14468 0.14397 0.13740 0.11866 0.10530 0.10271 0.10258 0.00001 ( 1)  0.391
 125 R   0.15859 0.15856 0.15722 0.14496 0.11261 0.09193 0.08816 0.08797 0.00001 ( 1)  0.348
 126 L   0.14424 0.14423 0.14353 0.13706 0.11872 0.10578 0.10328 0.10316 0.00001 ( 1)  0.393
 127 L   0.16417 0.16413 0.16247 0.14744 0.10955 0.08682 0.08280 0.08261 0.00001 ( 1)  0.331
 128 R   0.15010 0.15008 0.14914 0.14041 0.11640 0.10006 0.09697 0.09682 0.00001 ( 1)  0.374
 129 D   0.15307 0.15304 0.15197 0.14208 0.11515 0.09719 0.09383 0.09367 0.00001 ( 1)  0.365
 130 S   0.14724 0.14722 0.14640 0.13878 0.11753 0.10285 0.10005 0.09992 0.00001 ( 1)  0.383
 131 F   0.16982 0.16977 0.16778 0.14994 0.10646 0.08165 0.07739 0.07719 0.00001 ( 1)  0.314
 132 R   0.00000 0.00013 0.00521 0.05170 0.17294 0.24765 0.26086 0.26149 0.00002 ( 8)  0.855
 133 R   0.15481 0.15478 0.15359 0.14275 0.11406 0.09564 0.09226 0.09210 0.00001 ( 1)  0.360
 134 E   0.15505 0.15503 0.15385 0.14308 0.11419 0.09531 0.09182 0.09165 0.00001 ( 1)  0.359
 135 N   0.17579 0.17573 0.17329 0.15179 0.10247 0.07655 0.07229 0.07209 0.00001 ( 1)  0.297
 136 I   0.17153 0.17147 0.16931 0.15012 0.10496 0.08035 0.07623 0.07603 0.00001 ( 1)  0.310
 137 P   0.15185 0.15183 0.15081 0.14144 0.11571 0.09835 0.09508 0.09492 0.00001 ( 1)  0.369
 138 L   0.14325 0.14323 0.14259 0.13656 0.11922 0.10672 0.10428 0.10416 0.00001 ( 1)  0.396
 139 V   0.14943 0.14940 0.14849 0.13999 0.11662 0.10074 0.09773 0.09759 0.00001 ( 1)  0.376
 140 M   0.17072 0.17067 0.16867 0.15066 0.10631 0.08068 0.07625 0.07604 0.00001 ( 1)  0.311
 141 T   0.15760 0.15757 0.15626 0.14430 0.11289 0.09294 0.08930 0.08912 0.00001 ( 1)  0.351
 142 Y   0.16454 0.16450 0.16279 0.14740 0.10913 0.08657 0.08262 0.08243 0.00001 ( 1)  0.330
 143 G   0.14367 0.14365 0.14300 0.13685 0.11912 0.10628 0.10377 0.10365 0.00001 ( 1)  0.394
 144 S   0.15266 0.15264 0.15157 0.14172 0.11517 0.09764 0.09438 0.09422 0.00001 ( 1)  0.366
 145 L   0.14506 0.14504 0.14429 0.13731 0.11811 0.10508 0.10261 0.10249 0.00001 ( 1)  0.391
 146 L   0.00000 0.00014 0.00560 0.05483 0.17636 0.24620 0.25814 0.25871 0.00002 ( 8)  0.851
 147 G   0.00000 0.00015 0.00617 0.05949 0.18234 0.24410 0.25364 0.25408 0.00002 ( 8)  0.844
 148 S   0.14724 0.14722 0.14640 0.13878 0.11753 0.10285 0.10005 0.09992 0.00001 ( 1)  0.383
 149 L   0.14429 0.14427 0.14358 0.13711 0.11875 0.10572 0.10320 0.10308 0.00001 ( 1)  0.393
 150 R   0.14188 0.14187 0.14128 0.13576 0.11974 0.10805 0.10576 0.10564 0.00001 ( 1)  0.400
 151 Y   0.16454 0.16450 0.16279 0.14740 0.10913 0.08657 0.08262 0.08243 0.00001 ( 1)  0.330
 152 H   0.16993 0.16988 0.16790 0.15006 0.10647 0.08151 0.07722 0.07702 0.00001 ( 1)  0.314
 153 H   0.00000 0.00013 0.00512 0.05100 0.17197 0.24796 0.26157 0.26222 0.00002 ( 8)  0.856
 154 R   0.15859 0.15856 0.15722 0.14496 0.11261 0.09193 0.08816 0.08797 0.00001 ( 1)  0.348
 155 T   0.00000 0.00014 0.00548 0.05383 0.17507 0.24664 0.25911 0.25971 0.00002 ( 8)  0.852
 156 S   0.00000 0.00014 0.00546 0.05379 0.17564 0.24671 0.25884 0.25941 0.00002 ( 8)  0.852
 157 F   0.14940 0.14938 0.14848 0.14011 0.11679 0.10070 0.09764 0.09749 0.00001 ( 1)  0.376
 158 D   0.17531 0.17525 0.17288 0.15193 0.10307 0.07683 0.07247 0.07226 0.00001 ( 1)  0.298
 159 S   0.16278 0.16274 0.16117 0.14690 0.11040 0.08806 0.08407 0.08388 0.00001 ( 1)  0.335
 160 D   0.15307 0.15304 0.15197 0.14208 0.11515 0.09719 0.09383 0.09367 0.00001 ( 1)  0.365
 161 Y   0.16454 0.16450 0.16279 0.14740 0.10913 0.08657 0.08262 0.08243 0.00001 ( 1)  0.330
 162 D   0.15307 0.15304 0.15197 0.14208 0.11515 0.09719 0.09383 0.09367 0.00001 ( 1)  0.365
 163 M   0.17072 0.17067 0.16867 0.15066 0.10631 0.08068 0.07625 0.07604 0.00001 ( 1)  0.311
 164 S   0.16278 0.16274 0.16117 0.14690 0.11040 0.08806 0.08407 0.08388 0.00001 ( 1)  0.335
 165 V   0.14943 0.14940 0.14849 0.13999 0.11662 0.10074 0.09773 0.09759 0.00001 ( 1)  0.376
 166 R   0.15273 0.15270 0.15165 0.14197 0.11541 0.09748 0.09411 0.09394 0.00001 ( 1)  0.366
 167 H   0.00000 0.00014 0.00560 0.05496 0.17708 0.24618 0.25773 0.25828 0.00002 ( 8)  0.850
 168 D   0.17531 0.17525 0.17288 0.15193 0.10307 0.07683 0.07247 0.07226 0.00001 ( 1)  0.298
 169 D   0.15307 0.15304 0.15197 0.14208 0.11515 0.09719 0.09383 0.09367 0.00001 ( 1)  0.365
 170 W   0.14075 0.14074 0.14020 0.13513 0.12023 0.10915 0.10695 0.10684 0.00001 ( 1)  0.404
 171 P   0.15185 0.15183 0.15081 0.14144 0.11571 0.09835 0.09508 0.09492 0.00001 ( 1)  0.369
 172 R   0.14188 0.14187 0.14128 0.13576 0.11974 0.10805 0.10576 0.10564 0.00001 ( 1)  0.400
 173 I   0.14930 0.14928 0.14837 0.13993 0.11667 0.10086 0.09787 0.09773 0.00001 ( 1)  0.377
 174 E   0.16229 0.16226 0.16070 0.14654 0.11050 0.08857 0.08466 0.08448 0.00001 ( 1)  0.337
 175 K   0.16346 0.16342 0.16178 0.14695 0.10973 0.08755 0.08364 0.08345 0.00001 ( 1)  0.333
 176 I   0.17153 0.17147 0.16931 0.15012 0.10496 0.08035 0.07623 0.07603 0.00001 ( 1)  0.310
 177 L   0.13921 0.13919 0.13871 0.13413 0.12069 0.11071 0.10873 0.10863 0.00001 ( 1)  0.409
 178 T   0.16861 0.16856 0.16663 0.14931 0.10705 0.08280 0.07862 0.07842 0.00001 ( 1)  0.318
 179 K   0.16346 0.16342 0.16178 0.14695 0.10973 0.08755 0.08364 0.08345 0.00001 ( 1)  0.333
 180 H   0.16993 0.16988 0.16790 0.15006 0.10647 0.08151 0.07722 0.07702 0.00001 ( 1)  0.314
 181 A   0.14451 0.14449 0.14380 0.13731 0.11875 0.10547 0.10289 0.10277 0.00001 ( 1)  0.392
 182 F   0.14940 0.14938 0.14848 0.14011 0.11679 0.10070 0.09764 0.09749 0.00001 ( 1)  0.376
 183 N   0.17579 0.17573 0.17329 0.15179 0.10247 0.07655 0.07229 0.07209 0.00001 ( 1)  0.297
 184 S   0.00000 0.00012 0.00476 0.04793 0.16765 0.24931 0.26473 0.26548 0.00002 ( 8)  0.861
 185 S   0.17240 0.17234 0.17023 0.15131 0.10533 0.07919 0.07470 0.07449 0.00001 ( 1)  0.306
 186 N   0.17579 0.17573 0.17329 0.15179 0.10247 0.07655 0.07229 0.07209 0.00001 ( 1)  0.297
 187 R   0.14188 0.14187 0.14128 0.13576 0.11974 0.10805 0.10576 0.10564 0.00001 ( 1)  0.400
 188 M   0.17072 0.17067 0.16867 0.15066 0.10631 0.08068 0.07625 0.07604 0.00001 ( 1)  0.311
 189 R   0.14172 0.14170 0.14112 0.13568 0.11983 0.10821 0.10592 0.10581 0.00001 ( 1)  0.401
 190 I   0.16661 0.16656 0.16473 0.14831 0.10798 0.08469 0.08065 0.08046 0.00001 ( 1)  0.324
 191 L   0.00000 0.00016 0.00632 0.06065 0.18351 0.24356 0.25268 0.25310 0.00002 ( 8)  0.842
 192 D   0.16370 0.16366 0.16196 0.14675 0.10928 0.08747 0.08367 0.08349 0.00001 ( 1)  0.333
 193 L   0.10093 0.10092 0.10027 0.09747 0.11858 0.15475 0.16332 0.16375 0.00001 ( 8)  0.552
 194 R   0.15481 0.15478 0.15359 0.14275 0.11406 0.09564 0.09226 0.09210 0.00001 ( 1)  0.360
 195 P   0.16143 0.16139 0.15990 0.14635 0.11120 0.08927 0.08532 0.08513 0.00001 ( 1)  0.339
 196 V   0.00000 0.00014 0.00573 0.05588 0.17783 0.24573 0.25707 0.25760 0.00002 ( 8)  0.849
 197 T   0.00000 0.00016 0.00633 0.06073 0.18324 0.24348 0.25280 0.25324 0.00002 ( 8)  0.842
 198 G   0.00000 0.00014 0.00574 0.05614 0.17860 0.24563 0.25660 0.25712 0.00002 ( 8)  0.849
 199 C   0.00000 0.00000 0.00009 0.00949 0.11835 0.26659 0.30184 0.30361 0.00002 ( 8)  0.918
 200 L   0.14185 0.14184 0.14125 0.13569 0.11968 0.10810 0.10584 0.10573 0.00001 ( 1)  0.400
 201 Q   0.00000 0.00014 0.00568 0.05558 0.17765 0.24588 0.25725 0.25779 0.00002 ( 8)  0.850
 202 L   0.14429 0.14427 0.14358 0.13711 0.11875 0.10572 0.10320 0.10308 0.00001 ( 1)  0.393
 203 G   0.00000 0.00013 0.00508 0.05065 0.17159 0.24812 0.26187 0.26254 0.00002 ( 8)  0.857
 204 L   0.14469 0.14468 0.14397 0.13740 0.11866 0.10530 0.10271 0.10258 0.00001 ( 1)  0.391
 205 A   0.16092 0.16088 0.15939 0.14589 0.11120 0.08985 0.08602 0.08584 0.00001 ( 1)  0.341
 206 C   0.16305 0.16301 0.16145 0.14719 0.11044 0.08773 0.08366 0.08346 0.00001 ( 1)  0.334
 207 A   0.14804 0.14801 0.14717 0.13931 0.11732 0.10204 0.09912 0.09898 0.00001 ( 1)  0.381
 208 K   0.00000 0.00015 0.00614 0.05913 0.18127 0.24422 0.25429 0.25477 0.00002 ( 8)  0.845
 209 N   0.17579 0.17573 0.17329 0.15179 0.10247 0.07655 0.07229 0.07209 0.00001 ( 1)  0.297
 210 D   0.15307 0.15304 0.15197 0.14208 0.11515 0.09719 0.09383 0.09367 0.00001 ( 1)  0.365
 211 S   0.17240 0.17234 0.17023 0.15131 0.10533 0.07919 0.07470 0.07449 0.00001 ( 1)  0.306
 212 W   0.14075 0.14074 0.14020 0.13513 0.12023 0.10915 0.10695 0.10684 0.00001 ( 1)  0.404
 213 R   0.15966 0.15962 0.15824 0.14557 0.11219 0.09090 0.08701 0.08682 0.00001 ( 1)  0.344
 214 D   0.17531 0.17525 0.17288 0.15193 0.10307 0.07683 0.07247 0.07226 0.00001 ( 1)  0.298
 215 P   0.15156 0.15153 0.15052 0.14117 0.11571 0.09868 0.09549 0.09533 0.00001 ( 1)  0.370
 216 T   0.16861 0.16856 0.16663 0.14931 0.10705 0.08280 0.07862 0.07842 0.00001 ( 1)  0.318
 217 L   0.14429 0.14427 0.14358 0.13711 0.11875 0.10572 0.10320 0.10308 0.00001 ( 1)  0.393
 218 W   0.14075 0.14074 0.14020 0.13513 0.12023 0.10915 0.10695 0.10684 0.00001 ( 1)  0.404
 219 T   0.16861 0.16856 0.16663 0.14931 0.10705 0.08280 0.07862 0.07842 0.00001 ( 1)  0.318
 220 S   0.14724 0.14722 0.14640 0.13878 0.11753 0.10285 0.10005 0.09992 0.00001 ( 1)  0.383
 221 F   0.16982 0.16977 0.16778 0.14994 0.10646 0.08165 0.07739 0.07719 0.00001 ( 1)  0.314
 222 G   0.16551 0.16547 0.16376 0.14830 0.10913 0.08547 0.08128 0.08108 0.00001 ( 1)  0.327
 223 D   0.00000 0.00020 0.00821 0.07529 0.19820 0.23677 0.24057 0.24073 0.00002 ( 8)  0.822
 224 K   0.15899 0.15895 0.15752 0.14453 0.11169 0.09184 0.08832 0.08815 0.00001 ( 1)  0.347
 225 L   0.14717 0.14715 0.14633 0.13874 0.11756 0.10292 0.10013 0.09999 0.00001 ( 1)  0.384
 226 T   0.00000 0.00013 0.00535 0.05261 0.17278 0.24715 0.26065 0.26131 0.00002 ( 8)  0.854
 227 F   0.16982 0.16977 0.16778 0.14994 0.10646 0.08165 0.07739 0.07719 0.00001 ( 1)  0.314
 228 S   0.16042 0.16038 0.15891 0.14550 0.11130 0.09038 0.08665 0.08647 0.00001 ( 1)  0.343
 229 K   0.00000 0.00016 0.00647 0.06181 0.18469 0.24302 0.25172 0.25212 0.00002 ( 8)  0.841
 230 G   0.15299 0.15296 0.15189 0.14204 0.11520 0.09726 0.09390 0.09374 0.00001 ( 1)  0.365
 231 Y   0.16454 0.16450 0.16279 0.14740 0.10913 0.08657 0.08262 0.08243 0.00001 ( 1)  0.330
 232 P   0.15185 0.15183 0.15081 0.14144 0.11571 0.09835 0.09508 0.09492 0.00001 ( 1)  0.369
 233 V   0.16862 0.16857 0.16662 0.14912 0.10682 0.08288 0.07878 0.07858 0.00001 ( 1)  0.318
 234 A   0.15722 0.15719 0.15589 0.14405 0.11300 0.09332 0.08974 0.08957 0.00001 ( 1)  0.352
 235 H   0.00000 0.00016 0.00640 0.06116 0.18355 0.24329 0.25250 0.25293 0.00002 ( 8)  0.842
 236 S   0.00000 0.00020 0.00794 0.07328 0.19648 0.23772 0.24209 0.24228 0.00002 ( 8)  0.825
 237 W   0.14075 0.14074 0.14020 0.13513 0.12023 0.10915 0.10695 0.10684 0.00001 ( 1)  0.404
 238 E   0.00000 0.00005 0.00222 0.02770 0.14468 0.25854 0.28280 0.28399 0.00002 ( 8)  0.890
 239 P   0.14476 0.14474 0.14404 0.13747 0.11868 0.10522 0.10260 0.10248 0.00001 ( 1)  0.391
 240 Y   0.14365 0.14363 0.14297 0.13675 0.11901 0.10634 0.10388 0.10376 0.00001 ( 1)  0.395
 241 K   0.16346 0.16342 0.16178 0.14695 0.10973 0.08755 0.08364 0.08345 0.00001 ( 1)  0.333
 242 A   0.15576 0.15573 0.15450 0.14328 0.11368 0.09472 0.09124 0.09108 0.00001 ( 1)  0.357
 243 F   0.14940 0.14938 0.14848 0.14011 0.11679 0.10070 0.09764 0.09749 0.00001 ( 1)  0.376
 244 M   0.17072 0.17067 0.16867 0.15066 0.10631 0.08068 0.07625 0.07604 0.00001 ( 1)  0.311
 245 S   0.17240 0.17234 0.17023 0.15131 0.10533 0.07919 0.07470 0.07449 0.00001 ( 1)  0.306
 246 D   0.17531 0.17525 0.17288 0.15193 0.10307 0.07683 0.07247 0.07226 0.00001 ( 1)  0.298
 247 C   0.16305 0.16301 0.16145 0.14719 0.11044 0.08773 0.08366 0.08346 0.00001 ( 1)  0.334
 248 G   0.15299 0.15296 0.15189 0.14204 0.11520 0.09726 0.09390 0.09374 0.00001 ( 1)  0.365
 249 V   0.15755 0.15752 0.15619 0.14403 0.11264 0.09310 0.08957 0.08940 0.00001 ( 1)  0.351
 250 Y   0.16454 0.16450 0.16279 0.14740 0.10913 0.08657 0.08262 0.08243 0.00001 ( 1)  0.330
 251 I   0.16529 0.16524 0.16331 0.14631 0.10720 0.08654 0.08313 0.08297 0.00001 ( 1)  0.330
 252 D   0.15307 0.15304 0.15197 0.14208 0.11515 0.09719 0.09383 0.09367 0.00001 ( 1)  0.365
 253 F   0.15914 0.15910 0.15768 0.14477 0.11178 0.09163 0.08803 0.08786 0.00001 ( 1)  0.347
 254 Y   0.14365 0.14363 0.14297 0.13675 0.11901 0.10634 0.10388 0.10376 0.00001 ( 1)  0.395
 255 F   0.00000 0.00016 0.00635 0.06075 0.18309 0.24348 0.25286 0.25330 0.00002 ( 8)  0.842
 256 R   0.00000 0.00000 0.00010 0.01031 0.12286 0.26648 0.29929 0.30093 0.00002 ( 8)  0.916
 257 A   0.00000 0.00013 0.00508 0.05065 0.17159 0.24812 0.26187 0.26254 0.00002 ( 8)  0.857
 258 S   0.14286 0.14285 0.14222 0.13631 0.11934 0.10710 0.10471 0.10459 0.00001 ( 1)  0.397
 259 D   0.17531 0.17525 0.17288 0.15193 0.10307 0.07683 0.07247 0.07226 0.00001 ( 1)  0.298
 260 S   0.00000 0.00020 0.00794 0.07328 0.19648 0.23772 0.24209 0.24228 0.00002 ( 8)  0.825
 261 E   0.15770 0.15767 0.15631 0.14401 0.11245 0.09300 0.08951 0.08934 0.00001 ( 1)  0.351
 262 Q   0.15034 0.15032 0.14938 0.14061 0.11637 0.09980 0.09666 0.09651 0.00001 ( 1)  0.373
 263 F   0.14940 0.14938 0.14848 0.14011 0.11679 0.10070 0.09764 0.09749 0.00001 ( 1)  0.376
 264 E   0.00000 0.00015 0.00607 0.05874 0.18162 0.24445 0.25424 0.25470 0.00002 ( 8)  0.845
 265 T   0.00000 0.00015 0.00611 0.05902 0.18174 0.24431 0.25409 0.25455 0.00002 ( 8)  0.845
 266 Y   0.16454 0.16450 0.16279 0.14740 0.10913 0.08657 0.08262 0.08243 0.00001 ( 1)  0.330
 267 P   0.16143 0.16139 0.15990 0.14635 0.11120 0.08927 0.08532 0.08513 0.00001 ( 1)  0.339
 268 D   0.17531 0.17525 0.17288 0.15193 0.10307 0.07683 0.07247 0.07226 0.00001 ( 1)  0.298
 269 G   0.15299 0.15296 0.15189 0.14204 0.11520 0.09726 0.09390 0.09374 0.00001 ( 1)  0.365
 270 T   0.15346 0.15343 0.15233 0.14214 0.11475 0.09688 0.09358 0.09343 0.00001 ( 1)  0.364
 271 V   0.15775 0.15772 0.15639 0.14427 0.11270 0.09284 0.08924 0.08907 0.00001 ( 1)  0.351
 272 L   0.14717 0.14715 0.14633 0.13874 0.11756 0.10292 0.10013 0.09999 0.00001 ( 1)  0.384
 273 Y   0.15449 0.15446 0.15329 0.14256 0.11420 0.09596 0.09261 0.09244 0.00001 ( 1)  0.361
 274 R   0.15966 0.15962 0.15824 0.14557 0.11219 0.09090 0.08701 0.08682 0.00001 ( 1)  0.344
 275 P   0.14827 0.14825 0.14740 0.13944 0.11721 0.10181 0.09888 0.09874 0.00001 ( 1)  0.380
 276 I   0.17153 0.17147 0.16931 0.15012 0.10496 0.08035 0.07623 0.07603 0.00001 ( 1)  0.310
 277 E   0.16229 0.16226 0.16070 0.14654 0.11050 0.08857 0.08466 0.08448 0.00001 ( 1)  0.337
 278 G   0.15299 0.15296 0.15189 0.14204 0.11520 0.09726 0.09390 0.09374 0.00001 ( 1)  0.365
 279 T   0.00000 0.00013 0.00532 0.05261 0.17403 0.24724 0.26002 0.26063 0.00002 ( 8)  0.854
 280 L   0.14325 0.14323 0.14259 0.13656 0.11922 0.10672 0.10428 0.10416 0.00001 ( 1)  0.396
 281 M   0.00000 0.00006 0.00235 0.02857 0.14504 0.25817 0.28230 0.28349 0.00002 ( 8)  0.889
 282 Q   0.15034 0.15032 0.14938 0.14061 0.11637 0.09980 0.09666 0.09651 0.00001 ( 1)  0.373
 283 A   0.00000 0.00016 0.00662 0.06302 0.18589 0.24244 0.25073 0.25111 0.00002 ( 8)  0.839
 284 V   0.14943 0.14940 0.14849 0.13999 0.11662 0.10074 0.09773 0.09759 0.00001 ( 1)  0.376
 285 T   0.00000 0.00016 0.00637 0.06105 0.18375 0.24336 0.25243 0.25286 0.00002 ( 8)  0.842
 286 N   0.17579 0.17573 0.17329 0.15179 0.10247 0.07655 0.07229 0.07209 0.00001 ( 1)  0.297
 287 Y   0.00000 0.00017 0.00678 0.06433 0.18778 0.24187 0.24935 0.24970 0.00002 ( 8)  0.837
 288 L   0.13921 0.13919 0.13871 0.13413 0.12069 0.11071 0.10873 0.10863 0.00001 ( 1)  0.409
 289 P   0.14827 0.14825 0.14740 0.13944 0.11721 0.10181 0.09888 0.09874 0.00001 ( 1)  0.380
 290 F   0.16982 0.16977 0.16778 0.14994 0.10646 0.08165 0.07739 0.07719 0.00001 ( 1)  0.314
 291 L   0.15384 0.15381 0.15268 0.14229 0.11458 0.09654 0.09321 0.09305 0.00001 ( 1)  0.363
 292 E   0.16229 0.16226 0.16070 0.14654 0.11050 0.08857 0.08466 0.08448 0.00001 ( 1)  0.337
 293 N   0.00000 0.00020 0.00794 0.07328 0.19648 0.23772 0.24209 0.24228 0.00002 ( 8)  0.825
 294 Y   0.00000 0.00000 0.00009 0.00897 0.11562 0.26671 0.30337 0.30522 0.00002 ( 8)  0.920
 295 Y   0.15449 0.15446 0.15329 0.14256 0.11420 0.09596 0.09261 0.09244 0.00001 ( 1)  0.361
 296 S   0.00000 0.00000 0.00011 0.01062 0.12452 0.26641 0.29837 0.29996 0.00002 ( 8)  0.915
 297 S   0.14724 0.14722 0.14640 0.13878 0.11753 0.10285 0.10005 0.09992 0.00001 ( 1)  0.383
 298 N   0.00000 0.00020 0.00794 0.07328 0.19648 0.23772 0.24209 0.24228 0.00002 ( 8)  0.825
 299 I   0.17153 0.17147 0.16931 0.15012 0.10496 0.08035 0.07623 0.07603 0.00001 ( 1)  0.310
 300 E   0.16229 0.16226 0.16070 0.14654 0.11050 0.08857 0.08466 0.08448 0.00001 ( 1)  0.337
 301 L   0.15389 0.15386 0.15272 0.14222 0.11442 0.09653 0.09325 0.09309 0.00001 ( 1)  0.363
 302 C   0.16305 0.16301 0.16145 0.14719 0.11044 0.08773 0.08366 0.08346 0.00001 ( 1)  0.334
 303 V   0.00000 0.00016 0.00643 0.06159 0.18474 0.24313 0.25176 0.25216 0.00002 ( 8)  0.841
 304 A   0.00000 0.00013 0.00535 0.05279 0.17392 0.24712 0.26002 0.26064 0.00002 ( 8)  0.854
 305 K   0.16346 0.16342 0.16178 0.14695 0.10973 0.08755 0.08364 0.08345 0.00001 ( 1)  0.333
 306 T   0.16861 0.16856 0.16663 0.14931 0.10705 0.08280 0.07862 0.07842 0.00001 ( 1)  0.318
 307 D   0.17531 0.17525 0.17288 0.15193 0.10307 0.07683 0.07247 0.07226 0.00001 ( 1)  0.298
 308 Y   0.14365 0.14363 0.14297 0.13675 0.11901 0.10634 0.10388 0.10376 0.00001 ( 1)  0.395
 309 Y   0.16454 0.16450 0.16279 0.14740 0.10913 0.08657 0.08262 0.08243 0.00001 ( 1)  0.330
 310 W   0.14075 0.14074 0.14020 0.13513 0.12023 0.10915 0.10695 0.10684 0.00001 ( 1)  0.404
 311 K   0.15899 0.15895 0.15752 0.14453 0.11169 0.09184 0.08832 0.08815 0.00001 ( 1)  0.347
 312 A   0.00000 0.00014 0.00574 0.05614 0.17860 0.24563 0.25660 0.25712 0.00002 ( 8)  0.849
 313 E   0.16229 0.16226 0.16070 0.14654 0.11050 0.08857 0.08466 0.08448 0.00001 ( 1)  0.337
 314 H   0.00000 0.00016 0.00640 0.06116 0.18355 0.24329 0.25250 0.25293 0.00002 ( 8)  0.842
 315 T   0.16861 0.16856 0.16663 0.14931 0.10705 0.08280 0.07862 0.07842 0.00001 ( 1)  0.318
 316 K   0.00000 0.00000 0.00012 0.01208 0.13153 0.26593 0.29445 0.29586 0.00002 ( 8)  0.911
 317 L   0.00000 0.00016 0.00632 0.06065 0.18351 0.24356 0.25268 0.25310 0.00002 ( 8)  0.842
 318 P   0.14705 0.14703 0.14623 0.13874 0.11769 0.10300 0.10019 0.10005 0.00001 ( 1)  0.384

Positively selected sites

	Prob(w>1)  mean w



lnL = -1749.810175

Bayes Empirical Bayes (BEB) probabilities for 11 classes (class) & postmean_w
(amino acids refer to 1st sequence: hyn.12569)

   1 M   0.35126 0.14649 0.11162 0.08942 0.07269 0.05913 0.04770 0.03781 0.02914 0.02576 0.02898 ( 1)  0.327 +-  0.410
   2 F   0.31523 0.13615 0.10785 0.08981 0.07584 0.06406 0.05361 0.04406 0.03518 0.03219 0.04603 ( 1)  0.384 +-  0.508
   3 I   0.35207 0.14628 0.11103 0.08871 0.07200 0.05855 0.04727 0.03754 0.02902 0.02574 0.03180 ( 1)  0.336 +-  0.464
   4 I   0.31480 0.13593 0.10766 0.08965 0.07572 0.06397 0.05357 0.04405 0.03520 0.03224 0.04722 ( 1)  0.388 +-  0.531
   5 S   0.32066 0.13767 0.10838 0.08971 0.07533 0.06328 0.05269 0.04309 0.03425 0.03120 0.04374 ( 1)  0.377 +-  0.505
   6 Q   0.04465 0.05585 0.07266 0.08375 0.09007 0.09220 0.09053 0.08528 0.07674 0.07761 0.23067 (11)  1.029 +-  1.327
   7 F   0.34950 0.14584 0.11122 0.08921 0.07263 0.05920 0.04787 0.03805 0.02942 0.02609 0.03097 ( 1)  0.334 +-  0.440
   8 Q   0.03945 0.05064 0.06702 0.07849 0.08573 0.08907 0.08870 0.08470 0.07719 0.07872 0.26030 (11)  1.124 +-  1.426
   9 D   0.05792 0.06840 0.08567 0.09527 0.09899 0.09804 0.09324 0.08520 0.07453 0.07400 0.16874 (11)  0.812 +-  0.973
  10 K   0.04692 0.05834 0.07554 0.08666 0.09277 0.09453 0.09238 0.08662 0.07758 0.07814 0.21052 (11)  0.936 +-  1.136
  11 L   0.30607 0.13329 0.10651 0.08948 0.07624 0.06497 0.05486 0.04549 0.03665 0.03382 0.05262 ( 1)  0.405 +-  0.562
  12 H   0.00287 0.01121 0.02411 0.03845 0.05247 0.06469 0.07387 0.07889 0.07873 0.08486 0.48986 (11)  2.027 +-  2.198
  13 P   0.30161 0.13196 0.10596 0.08943 0.07655 0.06552 0.05556 0.04625 0.03740 0.03464 0.05512 ( 1)  0.413 +-  0.569
  14 I   0.35207 0.14628 0.11103 0.08871 0.07200 0.05855 0.04727 0.03754 0.02902 0.02574 0.03180 ( 1)  0.336 +-  0.464
  15 L   0.30695 0.13361 0.10671 0.08959 0.07628 0.06496 0.05481 0.04540 0.03654 0.03369 0.05145 ( 1)  0.401 +-  0.543
  16 S   0.06093 0.07100 0.08819 0.09728 0.10031 0.09860 0.09311 0.08451 0.07346 0.07267 0.15996 (11)  0.788 +-  0.946
  17 C   0.33855 0.14298 0.11052 0.08981 0.07404 0.06106 0.04992 0.04009 0.03129 0.02801 0.03375 ( 1)  0.343 +-  0.428
  18 S   0.30375 0.13248 0.10605 0.08925 0.07617 0.06502 0.05499 0.04567 0.03685 0.03407 0.05570 ( 1)  0.421 +-  0.636
  19 R   0.30193 0.13205 0.10599 0.08942 0.07651 0.06546 0.05550 0.04619 0.03735 0.03459 0.05501 ( 1)  0.412 +-  0.568
  20 N   0.35927 0.14819 0.11155 0.08839 0.07117 0.05744 0.04603 0.03630 0.02787 0.02456 0.02921 ( 1)  0.326 +-  0.449
  21 I   0.33371 0.14123 0.10946 0.08927 0.07391 0.06127 0.05039 0.04074 0.03203 0.02889 0.03911 ( 1)  0.362 +-  0.504
  22 L   0.34016 0.14328 0.11045 0.08953 0.07366 0.06065 0.04952 0.03973 0.03099 0.02773 0.03431 ( 1)  0.345 +-  0.450
  23 Q   0.30832 0.13407 0.10696 0.08969 0.07628 0.06487 0.05466 0.04522 0.03634 0.03346 0.05013 ( 1)  0.396 +-  0.527
  24 A   0.34472 0.14458 0.11091 0.08947 0.07324 0.06001 0.04877 0.03894 0.03023 0.02693 0.03219 ( 1)  0.338 +-  0.437
  25 H   0.34976 0.14595 0.11130 0.08926 0.07266 0.05921 0.04786 0.03803 0.02938 0.02605 0.03054 ( 1)  0.332 +-  0.432
  26 I   0.05794 0.06832 0.08548 0.09495 0.09858 0.09756 0.09273 0.08471 0.07409 0.07359 0.17203 (11)  0.828 +-  1.019
  27 D   0.35860 0.14817 0.11173 0.08865 0.07145 0.05769 0.04623 0.03645 0.02796 0.02461 0.02846 ( 1)  0.324 +-  0.434
  28 F   0.00198 0.00789 0.01741 0.02849 0.03986 0.05040 0.05900 0.06457 0.06609 0.07356 0.59076 (11)  2.476 +-  2.456
  29 S   0.33794 0.14272 0.11033 0.08968 0.07397 0.06104 0.04995 0.04015 0.03138 0.02812 0.03473 ( 1)  0.347 +-  0.445
  30 G   0.31130 0.13498 0.10737 0.08977 0.07612 0.06455 0.05424 0.04474 0.03586 0.03293 0.04813 ( 1)  0.390 +-  0.511
  31 V   0.31514 0.13605 0.10774 0.08969 0.07574 0.06398 0.05356 0.04404 0.03518 0.03221 0.04666 ( 1)  0.386 +-  0.516
  32 S   0.31126 0.13487 0.10721 0.08960 0.07595 0.06440 0.05411 0.04465 0.03580 0.03289 0.04927 ( 1)  0.394 +-  0.537
  33 N   0.32370 0.13862 0.10881 0.08980 0.07517 0.06295 0.05225 0.04260 0.03375 0.03066 0.04169 ( 1)  0.370 +-  0.486
  34 V   0.03752 0.04830 0.06414 0.07539 0.08263 0.08616 0.08613 0.08256 0.07553 0.07736 0.28430 (11)  1.249 +-  1.638
  35 N   0.35927 0.14819 0.11155 0.08839 0.07117 0.05744 0.04603 0.03630 0.02787 0.02456 0.02921 ( 1)  0.326 +-  0.449
  36 A   0.32670 0.13951 0.10917 0.08982 0.07496 0.06258 0.05179 0.04210 0.03325 0.03012 0.04000 ( 1)  0.364 +-  0.475
  37 R   0.30193 0.13205 0.10599 0.08942 0.07651 0.06546 0.05550 0.04619 0.03735 0.03459 0.05501 ( 1)  0.412 +-  0.568
  38 E   0.33698 0.14238 0.11013 0.08958 0.07394 0.06108 0.05004 0.04028 0.03152 0.02829 0.03579 ( 1)  0.350 +-  0.458
  39 N   0.05697 0.06728 0.08425 0.09368 0.09737 0.09651 0.09189 0.08410 0.07371 0.07336 0.18089 (11)  0.867 +-  1.113
  40 I   0.31480 0.13593 0.10766 0.08965 0.07572 0.06397 0.05357 0.04405 0.03520 0.03224 0.04722 ( 1)  0.388 +-  0.531
  41 L   0.34016 0.14328 0.11045 0.08953 0.07366 0.06065 0.04952 0.03973 0.03099 0.02773 0.03431 ( 1)  0.345 +-  0.450
  42 Q   0.30832 0.13407 0.10696 0.08969 0.07628 0.06487 0.05466 0.04522 0.03634 0.03346 0.05013 ( 1)  0.396 +-  0.527
  43 L   0.30695 0.13361 0.10671 0.08959 0.07628 0.06496 0.05481 0.04540 0.03654 0.03369 0.05145 ( 1)  0.401 +-  0.543
  44 A   0.32670 0.13951 0.10917 0.08982 0.07496 0.06258 0.05179 0.04210 0.03325 0.03012 0.04000 ( 1)  0.364 +-  0.475
  45 L   0.34016 0.14328 0.11045 0.08953 0.07366 0.06065 0.04952 0.03973 0.03099 0.02773 0.03431 ( 1)  0.345 +-  0.450
  46 G   0.31130 0.13498 0.10737 0.08977 0.07612 0.06455 0.05424 0.04474 0.03586 0.03293 0.04813 ( 1)  0.390 +-  0.511
  47 N   0.34044 0.14302 0.10994 0.08896 0.07311 0.06018 0.04917 0.03951 0.03089 0.02771 0.03708 ( 1)  0.355 +-  0.510
  48 E   0.32490 0.13898 0.10897 0.08983 0.07511 0.06283 0.05209 0.04241 0.03356 0.03045 0.04087 ( 1)  0.367 +-  0.476
  49 S   0.31587 0.13639 0.10801 0.08991 0.07590 0.06407 0.05359 0.04401 0.03512 0.03211 0.04503 ( 1)  0.380 +-  0.487
  50 T   0.34748 0.14524 0.11099 0.08922 0.07281 0.05949 0.04822 0.03842 0.02977 0.02647 0.03188 ( 1)  0.337 +-  0.445
  51 F   0.04844 0.05948 0.07643 0.08708 0.09263 0.09384 0.09122 0.08514 0.07596 0.07641 0.21338 (11)  0.972 +-  1.256
  52 N   0.32370 0.13862 0.10881 0.08980 0.07517 0.06295 0.05225 0.04260 0.03375 0.03066 0.04169 ( 1)  0.370 +-  0.486
  53 D   0.06251 0.07232 0.08938 0.09815 0.10077 0.09865 0.09280 0.08393 0.07273 0.07183 0.15694 (11)  0.782 +-  0.947
  54 P   0.30161 0.13196 0.10596 0.08943 0.07655 0.06552 0.05556 0.04625 0.03740 0.03464 0.05512 ( 1)  0.413 +-  0.569
  55 D   0.35860 0.14817 0.11173 0.08865 0.07145 0.05769 0.04623 0.03645 0.02796 0.02461 0.02846 ( 1)  0.324 +-  0.434
  56 I   0.31480 0.13593 0.10766 0.08965 0.07572 0.06397 0.05357 0.04405 0.03520 0.03224 0.04722 ( 1)  0.388 +-  0.531
  57 D   0.35860 0.14817 0.11173 0.08865 0.07145 0.05769 0.04623 0.03645 0.02796 0.02461 0.02846 ( 1)  0.324 +-  0.434
  58 V   0.32191 0.13793 0.10835 0.08949 0.07499 0.06288 0.05227 0.04268 0.03388 0.03084 0.04478 ( 1)  0.383 +-  0.554
  59 I   0.05806 0.06866 0.08612 0.09587 0.09969 0.09876 0.09392 0.08579 0.07499 0.07438 0.16377 (11)  0.791 +-  0.917
  60 L   0.34016 0.14328 0.11045 0.08953 0.07366 0.06065 0.04952 0.03973 0.03099 0.02773 0.03431 ( 1)  0.345 +-  0.450
  61 V   0.34736 0.14511 0.11083 0.08906 0.07268 0.05939 0.04816 0.03840 0.02979 0.02651 0.03272 ( 1)  0.339 +-  0.460
  62 G   0.32150 0.13802 0.10864 0.08989 0.07544 0.06333 0.05268 0.04304 0.03416 0.03108 0.04222 ( 1)  0.371 +-  0.475
  63 T   0.05580 0.06645 0.08368 0.09353 0.09767 0.09720 0.09288 0.08526 0.07490 0.07459 0.17804 (11)  0.844 +-  1.032
  64 K   0.04817 0.05952 0.07677 0.08776 0.09361 0.09506 0.09260 0.08656 0.07731 0.07772 0.20491 (11)  0.919 +-  1.116
  65 V   0.31514 0.13605 0.10774 0.08969 0.07574 0.06398 0.05356 0.04404 0.03518 0.03221 0.04666 ( 1)  0.386 +-  0.516
  66 M   0.35126 0.14649 0.11162 0.08942 0.07269 0.05913 0.04770 0.03781 0.02914 0.02576 0.02898 ( 1)  0.327 +-  0.410
  67 Y   0.30494 0.13295 0.10636 0.08946 0.07631 0.06510 0.05503 0.04567 0.03683 0.03402 0.05335 ( 1)  0.408 +-  0.566
  68 F   0.34950 0.14584 0.11122 0.08921 0.07263 0.05920 0.04787 0.03805 0.02942 0.02609 0.03097 ( 1)  0.334 +-  0.440
  69 S   0.33794 0.14272 0.11033 0.08968 0.07397 0.06104 0.04995 0.04015 0.03138 0.02812 0.03473 ( 1)  0.347 +-  0.445
  70 R   0.30193 0.13205 0.10599 0.08942 0.07651 0.06546 0.05550 0.04619 0.03735 0.03459 0.05501 ( 1)  0.412 +-  0.568
  71 V   0.33691 0.14214 0.10979 0.08920 0.07357 0.06074 0.04975 0.04004 0.03135 0.02816 0.03835 ( 1)  0.364 +-  0.553
  72 L   0.34016 0.14328 0.11045 0.08953 0.07366 0.06065 0.04952 0.03973 0.03099 0.02773 0.03431 ( 1)  0.345 +-  0.450
  73 R   0.32114 0.13796 0.10866 0.08996 0.07553 0.06343 0.05278 0.04312 0.03423 0.03115 0.04203 ( 1)  0.370 +-  0.468
  74 K   0.01715 0.02517 0.03711 0.04783 0.05695 0.06401 0.06851 0.06990 0.06768 0.07268 0.47300 (11)  2.059 +-  2.343
  75 E   0.32878 0.13985 0.10900 0.08937 0.07437 0.06196 0.05119 0.04156 0.03282 0.02972 0.04139 ( 1)  0.370 +-  0.524
  76 K   0.32724 0.13963 0.10917 0.08975 0.07486 0.06247 0.05167 0.04199 0.03316 0.03003 0.04003 ( 1)  0.364 +-  0.475
  77 A   0.32670 0.13951 0.10917 0.08982 0.07496 0.06258 0.05179 0.04210 0.03325 0.03012 0.04000 ( 1)  0.364 +-  0.475
  78 I   0.35207 0.14628 0.11103 0.08871 0.07200 0.05855 0.04727 0.03754 0.02902 0.02574 0.03180 ( 1)  0.336 +-  0.464
  79 I   0.31480 0.13593 0.10766 0.08965 0.07572 0.06397 0.05357 0.04405 0.03520 0.03224 0.04722 ( 1)  0.388 +-  0.531
  80 V   0.32922 0.14013 0.10928 0.08962 0.07458 0.06210 0.05128 0.04159 0.03280 0.02966 0.03975 ( 1)  0.364 +-  0.488
  81 P   0.30708 0.13366 0.10675 0.08962 0.07630 0.06496 0.05480 0.04538 0.03652 0.03366 0.05127 ( 1)  0.401 +-  0.543
  82 K   0.32724 0.13963 0.10917 0.08975 0.07486 0.06247 0.05167 0.04199 0.03316 0.03003 0.04003 ( 1)  0.364 +-  0.475
  83 E   0.32490 0.13898 0.10897 0.08983 0.07511 0.06283 0.05209 0.04241 0.03356 0.03045 0.04087 ( 1)  0.367 +-  0.476
  84 W   0.30002 0.13149 0.10576 0.08941 0.07666 0.06571 0.05581 0.04653 0.03768 0.03495 0.05598 ( 1)  0.415 +-  0.568
  85 C   0.33855 0.14298 0.11052 0.08981 0.07404 0.06106 0.04992 0.04009 0.03129 0.02801 0.03375 ( 1)  0.343 +-  0.428
  86 S   0.35407 0.14723 0.11181 0.08929 0.07236 0.05869 0.04722 0.03733 0.02869 0.02530 0.02802 ( 1)  0.323 +-  0.407
  87 N   0.35927 0.14819 0.11155 0.08839 0.07117 0.05744 0.04603 0.03630 0.02787 0.02456 0.02921 ( 1)  0.326 +-  0.449
  88 L   0.30695 0.13361 0.10671 0.08959 0.07628 0.06496 0.05481 0.04540 0.03654 0.03369 0.05145 ( 1)  0.401 +-  0.543
  89 G   0.32150 0.13802 0.10864 0.08989 0.07544 0.06333 0.05268 0.04304 0.03416 0.03108 0.04222 ( 1)  0.371 +-  0.475
  90 A   0.34472 0.14458 0.11091 0.08947 0.07324 0.06001 0.04877 0.03894 0.03023 0.02693 0.03219 ( 1)  0.338 +-  0.437
  91 K   0.33078 0.14035 0.10910 0.08922 0.07408 0.06158 0.05078 0.04117 0.03245 0.02935 0.04113 ( 1)  0.370 +-  0.534
  92 Q   0.30832 0.13407 0.10696 0.08969 0.07628 0.06487 0.05466 0.04522 0.03634 0.03346 0.05013 ( 1)  0.396 +-  0.527
  93 V   0.00146 0.00591 0.01337 0.02240 0.03207 0.04143 0.04953 0.05532 0.05776 0.06593 0.65483 (11)  2.749 +-  2.558
  94 F   0.31523 0.13615 0.10785 0.08981 0.07584 0.06406 0.05361 0.04406 0.03518 0.03219 0.04603 ( 1)  0.384 +-  0.508
  95 T   0.04966 0.06046 0.07728 0.08761 0.09277 0.09359 0.09064 0.08431 0.07501 0.07537 0.21331 (11)  0.984 +-  1.302
  96 S   0.31126 0.13487 0.10721 0.08960 0.07595 0.06440 0.05411 0.04465 0.03580 0.03289 0.04927 ( 1)  0.394 +-  0.537
  97 S   0.33794 0.14272 0.11033 0.08968 0.07397 0.06104 0.04995 0.04015 0.03138 0.02812 0.03473 ( 1)  0.347 +-  0.445
  98 P   0.30708 0.13366 0.10675 0.08962 0.07630 0.06496 0.05480 0.04538 0.03652 0.03366 0.05127 ( 1)  0.401 +-  0.543
  99 V   0.34736 0.14511 0.11083 0.08906 0.07268 0.05939 0.04816 0.03840 0.02979 0.02651 0.03272 ( 1)  0.339 +-  0.460
 100 A   0.32670 0.13951 0.10917 0.08982 0.07496 0.06258 0.05179 0.04210 0.03325 0.03012 0.04000 ( 1)  0.364 +-  0.475
 101 Q   0.30832 0.13407 0.10696 0.08969 0.07628 0.06487 0.05466 0.04522 0.03634 0.03346 0.05013 ( 1)  0.396 +-  0.527
 102 K   0.33881 0.14282 0.11019 0.08942 0.07365 0.06073 0.04967 0.03992 0.03120 0.02798 0.03561 ( 1)  0.349 +-  0.464
 103 L   0.31116 0.13485 0.10721 0.08961 0.07597 0.06442 0.05414 0.04468 0.03582 0.03292 0.04924 ( 1)  0.394 +-  0.535
 104 M   0.35126 0.14649 0.11162 0.08942 0.07269 0.05913 0.04770 0.03781 0.02914 0.02576 0.02898 ( 1)  0.327 +-  0.410
 105 E   0.33698 0.14238 0.11013 0.08958 0.07394 0.06108 0.05004 0.04028 0.03152 0.02829 0.03579 ( 1)  0.350 +-  0.458
 106 C   0.32099 0.13777 0.10841 0.08970 0.07529 0.06322 0.05262 0.04302 0.03418 0.03113 0.04367 ( 1)  0.377 +-  0.507
 107 Y   0.30494 0.13295 0.10636 0.08946 0.07631 0.06510 0.05503 0.04567 0.03683 0.03402 0.05335 ( 1)  0.408 +-  0.566
 108 K   0.33881 0.14282 0.11019 0.08942 0.07365 0.06073 0.04967 0.03992 0.03120 0.02798 0.03561 ( 1)  0.349 +-  0.464
 109 P   0.30708 0.13366 0.10675 0.08962 0.07630 0.06496 0.05480 0.04538 0.03652 0.03366 0.05127 ( 1)  0.401 +-  0.543
 110 N   0.32370 0.13862 0.10881 0.08980 0.07517 0.06295 0.05225 0.04260 0.03375 0.03066 0.04169 ( 1)  0.370 +-  0.486
 111 I   0.34399 0.14422 0.11059 0.08921 0.07306 0.05991 0.04875 0.03899 0.03033 0.02708 0.03387 ( 1)  0.343 +-  0.462
 112 N   0.04437 0.05504 0.07129 0.08186 0.08778 0.08965 0.08788 0.08271 0.07441 0.07542 0.24959 (11)  1.139 +-  1.551
 113 L   0.34016 0.14328 0.11045 0.08953 0.07366 0.06065 0.04952 0.03973 0.03099 0.02773 0.03431 ( 1)  0.345 +-  0.450
 114 E   0.33698 0.14238 0.11013 0.08958 0.07394 0.06108 0.05004 0.04028 0.03152 0.02829 0.03579 ( 1)  0.350 +-  0.458
 115 N   0.34044 0.14302 0.10994 0.08896 0.07311 0.06018 0.04917 0.03951 0.03089 0.02771 0.03708 ( 1)  0.355 +-  0.510
 116 E   0.33698 0.14238 0.11013 0.08958 0.07394 0.06108 0.05004 0.04028 0.03152 0.02829 0.03579 ( 1)  0.350 +-  0.458
 117 A   0.04473 0.05570 0.07232 0.08319 0.08930 0.09127 0.08947 0.08418 0.07567 0.07655 0.23762 (11)  1.078 +-  1.442
 118 K   0.05329 0.06428 0.08163 0.09195 0.09673 0.09691 0.09319 0.08605 0.07598 0.07587 0.18411 (11)  0.857 +-  1.033
 119 S   0.30294 0.13237 0.10614 0.08947 0.07647 0.06537 0.05536 0.04604 0.03718 0.03440 0.05426 ( 1)  0.410 +-  0.564
 120 I   0.35207 0.14628 0.11103 0.08871 0.07200 0.05855 0.04727 0.03754 0.02902 0.02574 0.03180 ( 1)  0.336 +-  0.464
 121 T   0.04816 0.05939 0.07652 0.08738 0.09313 0.09451 0.09201 0.08598 0.07677 0.07722 0.20892 (11)  0.942 +-  1.176
 122 K   0.32724 0.13963 0.10917 0.08975 0.07486 0.06247 0.05167 0.04199 0.03316 0.03003 0.04003 ( 1)  0.364 +-  0.475
 123 S   0.31126 0.13487 0.10721 0.08960 0.07595 0.06440 0.05411 0.04465 0.03580 0.03289 0.04927 ( 1)  0.394 +-  0.537
 124 L   0.30695 0.13361 0.10671 0.08959 0.07628 0.06496 0.05481 0.04540 0.03654 0.03369 0.05145 ( 1)  0.401 +-  0.543
 125 R   0.33102 0.14081 0.10972 0.08988 0.07469 0.06209 0.05115 0.04140 0.03256 0.02936 0.03733 ( 1)  0.355 +-  0.448
 126 L   0.30570 0.13311 0.10637 0.08936 0.07614 0.06489 0.05480 0.04545 0.03662 0.03381 0.05376 ( 1)  0.412 +-  0.602
 127 L   0.34016 0.14328 0.11045 0.08953 0.07366 0.06065 0.04952 0.03973 0.03099 0.02773 0.03431 ( 1)  0.345 +-  0.450
 128 R   0.31639 0.13646 0.10794 0.08976 0.07571 0.06388 0.05341 0.04385 0.03499 0.03199 0.04563 ( 1)  0.382 +-  0.508
 129 D   0.32154 0.13802 0.10862 0.08986 0.07540 0.06328 0.05264 0.04300 0.03413 0.03105 0.04247 ( 1)  0.372 +-  0.485
 130 S   0.31126 0.13487 0.10721 0.08960 0.07595 0.06440 0.05411 0.04465 0.03580 0.03289 0.04927 ( 1)  0.394 +-  0.537
 131 F   0.34950 0.14584 0.11122 0.08921 0.07263 0.05920 0.04787 0.03805 0.02942 0.02609 0.03097 ( 1)  0.334 +-  0.440
 132 R   0.04113 0.05245 0.06907 0.08052 0.08755 0.09056 0.08981 0.08541 0.07752 0.07882 0.24716 (11)  1.071 +-  1.345
 133 R   0.32403 0.13858 0.10864 0.08957 0.07492 0.06271 0.05204 0.04242 0.03362 0.03055 0.04292 ( 1)  0.375 +-  0.525
 134 E   0.32490 0.13898 0.10897 0.08983 0.07511 0.06283 0.05209 0.04241 0.03356 0.03045 0.04087 ( 1)  0.367 +-  0.476
 135 N   0.35927 0.14819 0.11155 0.08839 0.07117 0.05744 0.04603 0.03630 0.02787 0.02456 0.02921 ( 1)  0.326 +-  0.449
 136 I   0.35207 0.14628 0.11103 0.08871 0.07200 0.05855 0.04727 0.03754 0.02902 0.02574 0.03180 ( 1)  0.336 +-  0.464
 137 P   0.31943 0.13740 0.10837 0.08985 0.07555 0.06354 0.05296 0.04334 0.03447 0.03142 0.04367 ( 1)  0.376 +-  0.494
 138 L   0.30432 0.13278 0.10632 0.08949 0.07639 0.06521 0.05515 0.04580 0.03695 0.03415 0.05344 ( 1)  0.408 +-  0.562
 139 V   0.31514 0.13605 0.10774 0.08969 0.07574 0.06398 0.05356 0.04404 0.03518 0.03221 0.04666 ( 1)  0.386 +-  0.516
 140 M   0.35126 0.14649 0.11162 0.08942 0.07269 0.05913 0.04770 0.03781 0.02914 0.02576 0.02898 ( 1)  0.327 +-  0.410
 141 T   0.32911 0.14016 0.10936 0.08972 0.07469 0.06220 0.05136 0.04165 0.03284 0.02969 0.03922 ( 1)  0.362 +-  0.476
 142 Y   0.34062 0.14331 0.11033 0.08935 0.07346 0.06046 0.04936 0.03961 0.03091 0.02768 0.03492 ( 1)  0.347 +-  0.461
 143 G   0.30525 0.13312 0.10652 0.08960 0.07643 0.06519 0.05509 0.04571 0.03684 0.03402 0.05223 ( 1)  0.403 +-  0.541
 144 S   0.32066 0.13767 0.10838 0.08971 0.07533 0.06328 0.05269 0.04309 0.03425 0.03120 0.04374 ( 1)  0.377 +-  0.505
 145 L   0.30686 0.13335 0.10634 0.08918 0.07588 0.06460 0.05451 0.04518 0.03640 0.03360 0.05411 ( 1)  0.412 +-  0.604
 146 L   0.04344 0.05442 0.07089 0.08183 0.08815 0.09042 0.08897 0.08401 0.07579 0.07686 0.24523 (11)  1.097 +-  1.449
 147 G   0.04878 0.06006 0.07728 0.08814 0.09383 0.09511 0.09249 0.08633 0.07700 0.07737 0.20361 (11)  0.917 +-  1.118
 148 S   0.31126 0.13487 0.10721 0.08960 0.07595 0.06440 0.05411 0.04465 0.03580 0.03289 0.04927 ( 1)  0.394 +-  0.537
 149 L   0.30607 0.13329 0.10651 0.08948 0.07624 0.06497 0.05486 0.04549 0.03665 0.03382 0.05262 ( 1)  0.405 +-  0.562
 150 R   0.30193 0.13205 0.10599 0.08942 0.07651 0.06546 0.05550 0.04619 0.03735 0.03459 0.05501 ( 1)  0.412 +-  0.568
 151 Y   0.34062 0.14331 0.11033 0.08935 0.07346 0.06046 0.04936 0.03961 0.03091 0.02768 0.03492 ( 1)  0.347 +-  0.461
 152 H   0.34976 0.14595 0.11130 0.08926 0.07266 0.05921 0.04786 0.03803 0.02938 0.02605 0.03054 ( 1)  0.332 +-  0.432
 153 H   0.04022 0.05140 0.06784 0.07924 0.08632 0.08947 0.08890 0.08471 0.07703 0.07846 0.25641 (11)  1.115 +-  1.424
 154 R   0.33102 0.14081 0.10972 0.08988 0.07469 0.06209 0.05115 0.04140 0.03256 0.02936 0.03733 ( 1)  0.355 +-  0.448
 155 T   0.04209 0.05288 0.06908 0.07996 0.08637 0.08882 0.08763 0.08297 0.07504 0.07629 0.25886 (11)  1.167 +-  1.573
 156 S   0.04322 0.05457 0.07141 0.08275 0.08944 0.09199 0.09072 0.08581 0.07750 0.07852 0.23408 (11)  1.026 +-  1.290
 157 F   0.31523 0.13615 0.10785 0.08981 0.07584 0.06406 0.05361 0.04406 0.03518 0.03219 0.04603 ( 1)  0.384 +-  0.508
 158 D   0.35860 0.14817 0.11173 0.08865 0.07145 0.05769 0.04623 0.03645 0.02796 0.02461 0.02846 ( 1)  0.324 +-  0.434
 159 S   0.33794 0.14272 0.11033 0.08968 0.07397 0.06104 0.04995 0.04015 0.03138 0.02812 0.03473 ( 1)  0.347 +-  0.445
 160 D   0.32154 0.13802 0.10862 0.08986 0.07540 0.06328 0.05264 0.04300 0.03413 0.03105 0.04247 ( 1)  0.372 +-  0.485
 161 Y   0.34062 0.14331 0.11033 0.08935 0.07346 0.06046 0.04936 0.03961 0.03091 0.02768 0.03492 ( 1)  0.347 +-  0.461
 162 D   0.32154 0.13802 0.10862 0.08986 0.07540 0.06328 0.05264 0.04300 0.03413 0.03105 0.04247 ( 1)  0.372 +-  0.485
 163 M   0.35126 0.14649 0.11162 0.08942 0.07269 0.05913 0.04770 0.03781 0.02914 0.02576 0.02898 ( 1)  0.327 +-  0.410
 164 S   0.33794 0.14272 0.11033 0.08968 0.07397 0.06104 0.04995 0.04015 0.03138 0.02812 0.03473 ( 1)  0.347 +-  0.445
 165 V   0.31514 0.13605 0.10774 0.08969 0.07574 0.06398 0.05356 0.04404 0.03518 0.03221 0.04666 ( 1)  0.386 +-  0.516
 166 R   0.32114 0.13796 0.10866 0.08996 0.07553 0.06343 0.05278 0.04312 0.03423 0.03115 0.04203 ( 1)  0.370 +-  0.468
 167 H   0.04441 0.05578 0.07274 0.08401 0.09051 0.09280 0.09125 0.08606 0.07751 0.07838 0.22655 (11)  0.999 +-  1.249
 168 D   0.35860 0.14817 0.11173 0.08865 0.07145 0.05769 0.04623 0.03645 0.02796 0.02461 0.02846 ( 1)  0.324 +-  0.434
 169 D   0.32154 0.13802 0.10862 0.08986 0.07540 0.06328 0.05264 0.04300 0.03413 0.03105 0.04247 ( 1)  0.372 +-  0.485
 170 W   0.30002 0.13149 0.10576 0.08941 0.07666 0.06571 0.05581 0.04653 0.03768 0.03495 0.05598 ( 1)  0.415 +-  0.568
 171 P   0.31943 0.13740 0.10837 0.08985 0.07555 0.06354 0.05296 0.04334 0.03447 0.03142 0.04367 ( 1)  0.376 +-  0.494
 172 R   0.30193 0.13205 0.10599 0.08942 0.07651 0.06546 0.05550 0.04619 0.03735 0.03459 0.05501 ( 1)  0.412 +-  0.568
 173 I   0.31480 0.13593 0.10766 0.08965 0.07572 0.06397 0.05357 0.04405 0.03520 0.03224 0.04722 ( 1)  0.388 +-  0.531
 174 E   0.33698 0.14238 0.11013 0.08958 0.07394 0.06108 0.05004 0.04028 0.03152 0.02829 0.03579 ( 1)  0.350 +-  0.458
 175 K   0.33881 0.14282 0.11019 0.08942 0.07365 0.06073 0.04967 0.03992 0.03120 0.02798 0.03561 ( 1)  0.349 +-  0.464
 176 I   0.35207 0.14628 0.11103 0.08871 0.07200 0.05855 0.04727 0.03754 0.02902 0.02574 0.03180 ( 1)  0.336 +-  0.464
 177 L   0.29693 0.13044 0.10518 0.08915 0.07663 0.06587 0.05610 0.04691 0.03810 0.03544 0.05926 ( 1)  0.427 +-  0.611
 178 T   0.34748 0.14524 0.11099 0.08922 0.07281 0.05949 0.04822 0.03842 0.02977 0.02647 0.03188 ( 1)  0.337 +-  0.445
 179 K   0.33881 0.14282 0.11019 0.08942 0.07365 0.06073 0.04967 0.03992 0.03120 0.02798 0.03561 ( 1)  0.349 +-  0.464
 180 H   0.34976 0.14595 0.11130 0.08926 0.07266 0.05921 0.04786 0.03803 0.02938 0.02605 0.03054 ( 1)  0.332 +-  0.432
 181 A   0.30660 0.13350 0.10666 0.08958 0.07630 0.06499 0.05485 0.04545 0.03659 0.03374 0.05174 ( 1)  0.402 +-  0.548
 182 F   0.31523 0.13615 0.10785 0.08981 0.07584 0.06406 0.05361 0.04406 0.03518 0.03219 0.04603 ( 1)  0.384 +-  0.508
 183 N   0.35927 0.14819 0.11155 0.08839 0.07117 0.05744 0.04603 0.03630 0.02787 0.02456 0.02921 ( 1)  0.326 +-  0.449
 184 S   0.03631 0.04690 0.06247 0.07364 0.08094 0.08464 0.08485 0.08156 0.07482 0.07685 0.29701 (11)  1.307 +-  1.716
 185 S   0.35407 0.14723 0.11181 0.08929 0.07236 0.05869 0.04722 0.03733 0.02869 0.02530 0.02802 ( 1)  0.323 +-  0.407
 186 N   0.35927 0.14819 0.11155 0.08839 0.07117 0.05744 0.04603 0.03630 0.02787 0.02456 0.02921 ( 1)  0.326 +-  0.449
 187 R   0.30193 0.13205 0.10599 0.08942 0.07651 0.06546 0.05550 0.04619 0.03735 0.03459 0.05501 ( 1)  0.412 +-  0.568
 188 M   0.35126 0.14649 0.11162 0.08942 0.07269 0.05913 0.04770 0.03781 0.02914 0.02576 0.02898 ( 1)  0.327 +-  0.410
 189 R   0.30165 0.13197 0.10596 0.08943 0.07654 0.06551 0.05555 0.04624 0.03740 0.03464 0.05511 ( 1)  0.413 +-  0.568
 190 I   0.34399 0.14422 0.11059 0.08921 0.07306 0.05991 0.04875 0.03899 0.03033 0.02708 0.03387 ( 1)  0.343 +-  0.462
 191 L   0.04965 0.06079 0.07794 0.08861 0.09405 0.09506 0.09220 0.08585 0.07641 0.07671 0.20273 (11)  0.923 +-  1.153
 192 D   0.33886 0.14265 0.10992 0.08912 0.07338 0.06050 0.04950 0.03982 0.03116 0.02797 0.03712 ( 1)  0.355 +-  0.502
 193 L   0.21046 0.09471 0.07967 0.07210 0.06728 0.06344 0.05957 0.05499 0.04922 0.04977 0.19877 ( 1)  0.943 +-  1.557
 194 R   0.32403 0.13858 0.10864 0.08957 0.07492 0.06271 0.05204 0.04242 0.03362 0.03055 0.04292 ( 1)  0.375 +-  0.525
 195 P   0.33577 0.14216 0.11020 0.08981 0.07425 0.06142 0.05036 0.04056 0.03175 0.02850 0.03523 ( 1)  0.348 +-  0.440
 196 V   0.04426 0.05514 0.07163 0.08246 0.08860 0.09063 0.08893 0.08375 0.07535 0.07630 0.24294 (11)  1.111 +-  1.512
 197 T   0.04812 0.05861 0.07507 0.08527 0.09046 0.09141 0.08866 0.08259 0.07359 0.07412 0.23211 (11)  1.097 +-  1.541
 198 G   0.04513 0.05633 0.07321 0.08429 0.09052 0.09253 0.09070 0.08530 0.07663 0.07740 0.22796 (11)  1.025 +-  1.334
 199 C   0.00217 0.00851 0.01860 0.03017 0.04186 0.05249 0.06097 0.06625 0.06732 0.07448 0.57716 (11)  2.446 +-  2.470
 200 L   0.30157 0.13187 0.10583 0.08928 0.07640 0.06537 0.05543 0.04615 0.03732 0.03458 0.05621 ( 1)  0.419 +-  0.602
 201 Q   0.04465 0.05585 0.07266 0.08375 0.09007 0.09220 0.09053 0.08528 0.07674 0.07761 0.23067 (11)  1.029 +-  1.327
 202 L   0.30607 0.13329 0.10651 0.08948 0.07624 0.06497 0.05486 0.04549 0.03665 0.03382 0.05262 ( 1)  0.405 +-  0.562
 203 G   0.03968 0.05076 0.06708 0.07845 0.08555 0.08876 0.08827 0.08418 0.07662 0.07812 0.26251 (11)  1.150 +-  1.494
 204 L   0.30695 0.13361 0.10671 0.08959 0.07628 0.06496 0.05481 0.04540 0.03654 0.03369 0.05145 ( 1)  0.401 +-  0.543
 205 A   0.33431 0.14154 0.10976 0.08950 0.07406 0.06133 0.05035 0.04062 0.03186 0.02866 0.03800 ( 1)  0.361 +-  0.524
 206 C   0.33855 0.14298 0.11052 0.08981 0.07404 0.06106 0.04992 0.04009 0.03129 0.02801 0.03375 ( 1)  0.343 +-  0.428
 207 A   0.31282 0.13540 0.10751 0.08974 0.07596 0.06431 0.05396 0.04445 0.03557 0.03263 0.04765 ( 1)  0.389 +-  0.518
 208 K   0.04756 0.05847 0.07520 0.08576 0.09134 0.09266 0.09022 0.08436 0.07541 0.07601 0.22301 (11)  1.014 +-  1.335
 209 N   0.35927 0.14819 0.11155 0.08839 0.07117 0.05744 0.04603 0.03630 0.02787 0.02456 0.02921 ( 1)  0.326 +-  0.449
 210 D   0.32154 0.13802 0.10862 0.08986 0.07540 0.06328 0.05264 0.04300 0.03413 0.03105 0.04247 ( 1)  0.372 +-  0.485
 211 S   0.35407 0.14723 0.11181 0.08929 0.07236 0.05869 0.04722 0.03733 0.02869 0.02530 0.02802 ( 1)  0.323 +-  0.407
 212 W   0.30002 0.13149 0.10576 0.08941 0.07666 0.06571 0.05581 0.04653 0.03768 0.03495 0.05598 ( 1)  0.415 +-  0.568
 213 R   0.33294 0.14140 0.11000 0.08995 0.07460 0.06190 0.05090 0.04110 0.03225 0.02902 0.03594 ( 1)  0.350 +-  0.434
 214 D   0.35860 0.14817 0.11173 0.08865 0.07145 0.05769 0.04623 0.03645 0.02796 0.02461 0.02846 ( 1)  0.324 +-  0.434
 215 P   0.31883 0.13716 0.10821 0.08975 0.07551 0.06355 0.05300 0.04342 0.03456 0.03154 0.04447 ( 1)  0.379 +-  0.504
 216 T   0.34748 0.14524 0.11099 0.08922 0.07281 0.05949 0.04822 0.03842 0.02977 0.02647 0.03188 ( 1)  0.337 +-  0.445
 217 L   0.30607 0.13329 0.10651 0.08948 0.07624 0.06497 0.05486 0.04549 0.03665 0.03382 0.05262 ( 1)  0.405 +-  0.562
 218 W   0.30002 0.13149 0.10576 0.08941 0.07666 0.06571 0.05581 0.04653 0.03768 0.03495 0.05598 ( 1)  0.415 +-  0.568
 219 T   0.34748 0.14524 0.11099 0.08922 0.07281 0.05949 0.04822 0.03842 0.02977 0.02647 0.03188 ( 1)  0.337 +-  0.445
 220 S   0.31126 0.13487 0.10721 0.08960 0.07595 0.06440 0.05411 0.04465 0.03580 0.03289 0.04927 ( 1)  0.394 +-  0.537
 221 F   0.34950 0.14584 0.11122 0.08921 0.07263 0.05920 0.04787 0.03805 0.02942 0.02609 0.03097 ( 1)  0.334 +-  0.440
 222 G   0.34267 0.14411 0.11088 0.08970 0.07362 0.06046 0.04922 0.03937 0.03061 0.02729 0.03207 ( 1)  0.338 +-  0.421
 223 D   0.06251 0.07232 0.08938 0.09815 0.10077 0.09865 0.09280 0.08393 0.07273 0.07183 0.15694 (11)  0.782 +-  0.947
 224 K   0.33078 0.14035 0.10910 0.08922 0.07408 0.06158 0.05078 0.04117 0.03245 0.02935 0.04113 ( 1)  0.370 +-  0.534
 225 L   0.31116 0.13485 0.10721 0.08961 0.07597 0.06442 0.05414 0.04468 0.03582 0.03292 0.04924 ( 1)  0.394 +-  0.535
 226 T   0.04007 0.05040 0.06596 0.07651 0.08288 0.08552 0.08469 0.08053 0.07318 0.07479 0.28547 (11)  1.293 +-  1.750
 227 F   0.34950 0.14584 0.11122 0.08921 0.07263 0.05920 0.04787 0.03805 0.02942 0.02609 0.03097 ( 1)  0.334 +-  0.440
 228 S   0.33362 0.14134 0.10966 0.08949 0.07412 0.06144 0.05051 0.04080 0.03205 0.02887 0.03811 ( 1)  0.359 +-  0.490
 229 K   0.05055 0.06156 0.07867 0.08915 0.09434 0.09510 0.09200 0.08546 0.07590 0.07611 0.20117 (11)  0.924 +-  1.171
 230 G   0.32150 0.13802 0.10864 0.08989 0.07544 0.06333 0.05268 0.04304 0.03416 0.03108 0.04222 ( 1)  0.371 +-  0.475
 231 Y   0.34062 0.14331 0.11033 0.08935 0.07346 0.06046 0.04936 0.03961 0.03091 0.02768 0.03492 ( 1)  0.347 +-  0.461
 232 P   0.31943 0.13740 0.10837 0.08985 0.07555 0.06354 0.05296 0.04334 0.03447 0.03142 0.04367 ( 1)  0.376 +-  0.494
 233 V   0.34736 0.14511 0.11083 0.08906 0.07268 0.05939 0.04816 0.03840 0.02979 0.02651 0.03272 ( 1)  0.339 +-  0.460
 234 A   0.32806 0.13974 0.10909 0.08955 0.07459 0.06217 0.05137 0.04170 0.03291 0.02978 0.04103 ( 1)  0.372 +-  0.540
 235 H   0.04936 0.06016 0.07694 0.08728 0.09248 0.09336 0.09047 0.08421 0.07496 0.07536 0.21540 (11)  0.992 +-  1.316
 236 S   0.06093 0.07100 0.08819 0.09728 0.10031 0.09860 0.09311 0.08451 0.07346 0.07267 0.15996 (11)  0.788 +-  0.946
 237 W   0.30002 0.13149 0.10576 0.08941 0.07666 0.06571 0.05581 0.04653 0.03768 0.03495 0.05598 ( 1)  0.415 +-  0.568
 238 E   0.01718 0.02642 0.03995 0.05223 0.06258 0.07039 0.07511 0.07618 0.07315 0.07755 0.42927 (11)  1.872 +-  2.220
 239 P   0.30708 0.13366 0.10675 0.08962 0.07630 0.06496 0.05480 0.04538 0.03652 0.03366 0.05127 ( 1)  0.401 +-  0.543
 240 Y   0.30494 0.13295 0.10636 0.08946 0.07631 0.06510 0.05503 0.04567 0.03683 0.03402 0.05335 ( 1)  0.408 +-  0.566
 241 K   0.33881 0.14282 0.11019 0.08942 0.07365 0.06073 0.04967 0.03992 0.03120 0.02798 0.03561 ( 1)  0.349 +-  0.464
 242 A   0.32589 0.13918 0.10894 0.08967 0.07489 0.06257 0.05184 0.04219 0.03337 0.03026 0.04120 ( 1)  0.368 +-  0.494
 243 F   0.31523 0.13615 0.10785 0.08981 0.07584 0.06406 0.05361 0.04406 0.03518 0.03219 0.04603 ( 1)  0.384 +-  0.508
 244 M   0.35126 0.14649 0.11162 0.08942 0.07269 0.05913 0.04770 0.03781 0.02914 0.02576 0.02898 ( 1)  0.327 +-  0.410
 245 S   0.35407 0.14723 0.11181 0.08929 0.07236 0.05869 0.04722 0.03733 0.02869 0.02530 0.02802 ( 1)  0.323 +-  0.407
 246 D   0.35860 0.14817 0.11173 0.08865 0.07145 0.05769 0.04623 0.03645 0.02796 0.02461 0.02846 ( 1)  0.324 +-  0.434
 247 C   0.33855 0.14298 0.11052 0.08981 0.07404 0.06106 0.04992 0.04009 0.03129 0.02801 0.03375 ( 1)  0.343 +-  0.428
 248 G   0.32150 0.13802 0.10864 0.08989 0.07544 0.06333 0.05268 0.04304 0.03416 0.03108 0.04222 ( 1)  0.371 +-  0.475
 249 V   0.32875 0.13992 0.10911 0.08950 0.07451 0.06208 0.05129 0.04164 0.03287 0.02975 0.04059 ( 1)  0.367 +-  0.502
 250 Y   0.34062 0.14331 0.11033 0.08935 0.07346 0.06046 0.04936 0.03961 0.03091 0.02768 0.03492 ( 1)  0.347 +-  0.461
 251 I   0.34040 0.14243 0.10908 0.08803 0.07227 0.05951 0.04870 0.03924 0.03080 0.02775 0.04180 ( 1)  0.373 +-  0.604
 252 D   0.32154 0.13802 0.10862 0.08986 0.07540 0.06328 0.05264 0.04300 0.03413 0.03105 0.04247 ( 1)  0.372 +-  0.485
 253 F   0.33124 0.14059 0.10930 0.08938 0.07419 0.06164 0.05080 0.04114 0.03240 0.02927 0.04003 ( 1)  0.365 +-  0.510
 254 Y   0.30494 0.13295 0.10636 0.08946 0.07631 0.06510 0.05503 0.04567 0.03683 0.03402 0.05335 ( 1)  0.408 +-  0.566
 255 F   0.04900 0.05982 0.07659 0.08698 0.09225 0.09322 0.09042 0.08424 0.07505 0.07549 0.21695 (11)  0.997 +-  1.320
 256 R   0.00267 0.01051 0.02275 0.03650 0.05007 0.06207 0.07126 0.07650 0.07674 0.08319 0.50772 (11)  2.100 +-  2.242
 257 A   0.03968 0.05076 0.06708 0.07845 0.08555 0.08876 0.08827 0.08418 0.07662 0.07812 0.26251 (11)  1.150 +-  1.494
 258 S   0.30359 0.13254 0.10619 0.08944 0.07640 0.06526 0.05523 0.04590 0.03706 0.03427 0.05412 ( 1)  0.410 +-  0.568
 259 D   0.35860 0.14817 0.11173 0.08865 0.07145 0.05769 0.04623 0.03645 0.02796 0.02461 0.02846 ( 1)  0.324 +-  0.434
 260 S   0.06093 0.07100 0.08819 0.09728 0.10031 0.09860 0.09311 0.08451 0.07346 0.07267 0.15996 (11)  0.788 +-  0.946
 261 E   0.32878 0.13985 0.10900 0.08937 0.07437 0.06196 0.05119 0.04156 0.03282 0.02972 0.04139 ( 1)  0.370 +-  0.524
 262 Q   0.31686 0.13663 0.10805 0.08982 0.07573 0.06386 0.05336 0.04379 0.03491 0.03190 0.04508 ( 1)  0.380 +-  0.500
 263 F   0.31523 0.13615 0.10785 0.08981 0.07584 0.06406 0.05361 0.04406 0.03518 0.03219 0.04603 ( 1)  0.384 +-  0.508
 264 E   0.04817 0.05952 0.07677 0.08776 0.09361 0.09506 0.09260 0.08656 0.07731 0.07772 0.20491 (11)  0.919 +-  1.116
 265 T   0.04816 0.05939 0.07652 0.08738 0.09313 0.09451 0.09201 0.08598 0.07677 0.07722 0.20892 (11)  0.942 +-  1.176
 266 Y   0.34062 0.14331 0.11033 0.08935 0.07346 0.06046 0.04936 0.03961 0.03091 0.02768 0.03492 ( 1)  0.347 +-  0.461
 267 P   0.33577 0.14216 0.11020 0.08981 0.07425 0.06142 0.05036 0.04056 0.03175 0.02850 0.03523 ( 1)  0.348 +-  0.440
 268 D   0.35860 0.14817 0.11173 0.08865 0.07145 0.05769 0.04623 0.03645 0.02796 0.02461 0.02846 ( 1)  0.324 +-  0.434
 269 G   0.32150 0.13802 0.10864 0.08989 0.07544 0.06333 0.05268 0.04304 0.03416 0.03108 0.04222 ( 1)  0.371 +-  0.475
 270 T   0.32153 0.13785 0.10836 0.08955 0.07507 0.06297 0.05236 0.04277 0.03395 0.03091 0.04468 ( 1)  0.382 +-  0.550
 271 V   0.32922 0.14013 0.10928 0.08962 0.07458 0.06210 0.05128 0.04159 0.03280 0.02966 0.03975 ( 1)  0.364 +-  0.488
 272 L   0.31116 0.13485 0.10721 0.08961 0.07597 0.06442 0.05414 0.04468 0.03582 0.03292 0.04924 ( 1)  0.394 +-  0.535
 273 Y   0.32363 0.13848 0.10863 0.08960 0.07500 0.06281 0.05216 0.04254 0.03373 0.03067 0.04274 ( 1)  0.374 +-  0.508
 274 R   0.33294 0.14140 0.11000 0.08995 0.07460 0.06190 0.05090 0.04110 0.03225 0.02902 0.03594 ( 1)  0.350 +-  0.434
 275 P   0.31313 0.13547 0.10752 0.08970 0.07590 0.06424 0.05387 0.04436 0.03549 0.03254 0.04777 ( 1)  0.390 +-  0.531
 276 I   0.35207 0.14628 0.11103 0.08871 0.07200 0.05855 0.04727 0.03754 0.02902 0.02574 0.03180 ( 1)  0.336 +-  0.464
 277 E   0.33698 0.14238 0.11013 0.08958 0.07394 0.06108 0.05004 0.04028 0.03152 0.02829 0.03579 ( 1)  0.350 +-  0.458
 278 G   0.32150 0.13802 0.10864 0.08989 0.07544 0.06333 0.05268 0.04304 0.03416 0.03108 0.04222 ( 1)  0.371 +-  0.475
 279 T   0.04183 0.05306 0.06966 0.08099 0.08782 0.09061 0.08964 0.08506 0.07706 0.07828 0.24600 (11)  1.078 +-  1.380
 280 L   0.30432 0.13278 0.10632 0.08949 0.07639 0.06521 0.05515 0.04580 0.03695 0.03415 0.05344 ( 1)  0.408 +-  0.562
 281 M   0.01868 0.02836 0.04241 0.05503 0.06561 0.07357 0.07833 0.07931 0.07604 0.08028 0.40240 (11)  1.708 +-  2.045
 282 Q   0.31686 0.13663 0.10805 0.08982 0.07573 0.06386 0.05336 0.04379 0.03491 0.03190 0.04508 ( 1)  0.380 +-  0.500
 283 A   0.05068 0.06121 0.07792 0.08802 0.09285 0.09333 0.09005 0.08345 0.07398 0.07422 0.21429 (11)  1.022 +-  1.429
 284 V   0.31514 0.13605 0.10774 0.08969 0.07574 0.06398 0.05356 0.04404 0.03518 0.03221 0.04666 ( 1)  0.386 +-  0.516
 285 T   0.04975 0.06076 0.07779 0.08831 0.09363 0.09454 0.09163 0.08527 0.07587 0.07618 0.20627 (11)  0.945 +-  1.211
 286 N   0.35927 0.14819 0.11155 0.08839 0.07117 0.05744 0.04603 0.03630 0.02787 0.02456 0.02921 ( 1)  0.326 +-  0.449
 287 Y   0.05329 0.06430 0.08169 0.09204 0.09683 0.09704 0.09332 0.08618 0.07611 0.07599 0.18321 (11)  0.852 +-  1.019
 288 L   0.29693 0.13044 0.10518 0.08915 0.07663 0.06587 0.05610 0.04691 0.03810 0.03544 0.05926 ( 1)  0.427 +-  0.611
 289 P   0.31313 0.13547 0.10752 0.08970 0.07590 0.06424 0.05387 0.04436 0.03549 0.03254 0.04777 ( 1)  0.390 +-  0.531
 290 F   0.34950 0.14584 0.11122 0.08921 0.07263 0.05920 0.04787 0.03805 0.02942 0.02609 0.03097 ( 1)  0.334 +-  0.440
 291 L   0.32260 0.13822 0.10857 0.08967 0.07514 0.06299 0.05235 0.04274 0.03391 0.03085 0.04295 ( 1)  0.374 +-  0.505
 292 E   0.33698 0.14238 0.11013 0.08958 0.07394 0.06108 0.05004 0.04028 0.03152 0.02829 0.03579 ( 1)  0.350 +-  0.458
 293 N   0.06093 0.07100 0.08819 0.09728 0.10031 0.09860 0.09311 0.08451 0.07346 0.07267 0.15996 (11)  0.788 +-  0.946
 294 Y   0.00199 0.00792 0.01748 0.02859 0.03999 0.05052 0.05911 0.06467 0.06615 0.07361 0.58995 (11)  2.473 +-  2.455
 295 Y   0.32363 0.13848 0.10863 0.08960 0.07500 0.06281 0.05216 0.04254 0.03373 0.03067 0.04274 ( 1)  0.374 +-  0.508
 296 S   0.00284 0.01113 0.02399 0.03832 0.05235 0.06463 0.07390 0.07900 0.07892 0.08510 0.48982 (11)  2.022 +-  2.190
 297 S   0.31126 0.13487 0.10721 0.08960 0.07595 0.06440 0.05411 0.04465 0.03580 0.03289 0.04927 ( 1)  0.394 +-  0.537
 298 N   0.06093 0.07100 0.08819 0.09728 0.10031 0.09860 0.09311 0.08451 0.07346 0.07267 0.15996 (11)  0.788 +-  0.946
 299 I   0.35207 0.14628 0.11103 0.08871 0.07200 0.05855 0.04727 0.03754 0.02902 0.02574 0.03180 ( 1)  0.336 +-  0.464
 300 E   0.33698 0.14238 0.11013 0.08958 0.07394 0.06108 0.05004 0.04028 0.03152 0.02829 0.03579 ( 1)  0.350 +-  0.458
 301 L   0.32225 0.13799 0.10834 0.08946 0.07495 0.06284 0.05223 0.04265 0.03386 0.03082 0.04461 ( 1)  0.383 +-  0.561
 302 C   0.33855 0.14298 0.11052 0.08981 0.07404 0.06106 0.04992 0.04009 0.03129 0.02801 0.03375 ( 1)  0.343 +-  0.428
 303 V   0.05070 0.06186 0.07915 0.08979 0.09509 0.09590 0.09280 0.08621 0.07656 0.07671 0.19524 (11)  0.892 +-  1.088
 304 A   0.04116 0.05197 0.06813 0.07912 0.08572 0.08841 0.08744 0.08299 0.07523 0.07658 0.26325 (11)  1.182 +-  1.587
 305 K   0.33881 0.14282 0.11019 0.08942 0.07365 0.06073 0.04967 0.03992 0.03120 0.02798 0.03561 ( 1)  0.349 +-  0.464
 306 T   0.34748 0.14524 0.11099 0.08922 0.07281 0.05949 0.04822 0.03842 0.02977 0.02647 0.03188 ( 1)  0.337 +-  0.445
 307 D   0.35860 0.14817 0.11173 0.08865 0.07145 0.05769 0.04623 0.03645 0.02796 0.02461 0.02846 ( 1)  0.324 +-  0.434
 308 Y   0.30494 0.13295 0.10636 0.08946 0.07631 0.06510 0.05503 0.04567 0.03683 0.03402 0.05335 ( 1)  0.408 +-  0.566
 309 Y   0.34062 0.14331 0.11033 0.08935 0.07346 0.06046 0.04936 0.03961 0.03091 0.02768 0.03492 ( 1)  0.347 +-  0.461
 310 W   0.30002 0.13149 0.10576 0.08941 0.07666 0.06571 0.05581 0.04653 0.03768 0.03495 0.05598 ( 1)  0.415 +-  0.568
 311 K   0.33078 0.14035 0.10910 0.08922 0.07408 0.06158 0.05078 0.04117 0.03245 0.02935 0.04113 ( 1)  0.370 +-  0.534
 312 A   0.04513 0.05633 0.07321 0.08429 0.09052 0.09253 0.09070 0.08530 0.07663 0.07740 0.22796 (11)  1.025 +-  1.334
 313 E   0.33698 0.14238 0.11013 0.08958 0.07394 0.06108 0.05004 0.04028 0.03152 0.02829 0.03579 ( 1)  0.350 +-  0.458
 314 H   0.04936 0.06016 0.07694 0.08728 0.09248 0.09336 0.09047 0.08421 0.07496 0.07536 0.21540 (11)  0.992 +-  1.316
 315 T   0.34748 0.14524 0.11099 0.08922 0.07281 0.05949 0.04822 0.03842 0.02977 0.02647 0.03188 ( 1)  0.337 +-  0.445
 316 K   0.00354 0.01361 0.02876 0.04510 0.06051 0.07340 0.08249 0.08672 0.08521 0.09027 0.43039 (11)  1.772 +-  2.007
 317 L   0.04965 0.06079 0.07794 0.08861 0.09405 0.09506 0.09220 0.08585 0.07641 0.07671 0.20273 (11)  0.923 +-  1.153
 318 P   0.31088 0.13476 0.10718 0.08961 0.07598 0.06444 0.05415 0.04469 0.03583 0.03292 0.04958 ( 1)  0.397 +-  0.558

Positively selected sites

	Prob(w>1)  mean w

    28 F      0.591         2.476 +- 2.456
    93 V      0.655         2.749 +- 2.558
   199 C      0.577         2.446 +- 2.470
   256 R      0.508         2.100 +- 2.242
   294 Y      0.590         2.473 +- 2.455

