Supplemental results for CODEML (seqf: algn  treef: tree)


dN/dS (w) for site classes (K=8)

p:   0.12500  0.12500  0.12500  0.12500  0.12500  0.12500  0.12500  0.12500
w:   0.00007  0.00844  0.07747  0.29301  0.62726  0.88729  0.98568  0.99985

Naive Empirical Bayes (NEB) probabilities for 8 classes & postmean_w
(amino acids refer to 1st sequence: Msl.24567)

   1 M   0.00014 0.01701 0.12742 0.25689 0.21122 0.14471 0.12279 0.11984 ( 4)  0.587
   2 S   0.00000 0.00015 0.01105 0.09527 0.20427 0.23039 0.22967 0.22920 ( 6)  0.817
   3 R   0.00000 0.00000 0.00000 0.00091 0.04601 0.22560 0.35295 0.37452 ( 8)  0.952
   4 R   0.00000 0.00000 0.00000 0.00028 0.02691 0.20333 0.36931 0.40017 ( 8)  0.962
   5 S   0.00000 0.00000 0.00000 0.00016 0.02656 0.20670 0.36858 0.39800 ( 8)  0.961
   6 S   0.00000 0.00000 0.00006 0.00812 0.09625 0.24735 0.31875 0.32947 ( 8)  0.926
   7 S   0.00013 0.01692 0.12616 0.25254 0.20940 0.14645 0.12560 0.12279 ( 4)  0.592
   8 D   0.00000 0.00054 0.03393 0.20034 0.24871 0.19012 0.16495 0.16141 ( 5)  0.710
   9 S   0.30625 0.29670 0.22884 0.10348 0.03196 0.01349 0.00986 0.00943 ( 1)  0.102
  10 S   0.00000 0.00004 0.00375 0.04821 0.16343 0.24460 0.26844 0.27152 ( 8)  0.870
  11 S   0.00000 0.00009 0.00688 0.06851 0.18133 0.23857 0.25156 0.25306 ( 8)  0.847
  12 S   0.00000 0.00000 0.00003 0.00557 0.08310 0.24346 0.32741 0.34042 ( 8)  0.933
  13 D   0.00000 0.00001 0.00415 0.08887 0.22401 0.23521 0.22482 0.22292 ( 6)  0.820
  14 A   0.00013 0.01671 0.12429 0.24853 0.20845 0.14829 0.12816 0.12544 ( 4)  0.597
  15 P   0.00000 0.00000 0.00034 0.01538 0.11154 0.24714 0.30824 0.31735 ( 8)  0.915
  16 P   0.00000 0.00015 0.01106 0.09622 0.20595 0.23021 0.22851 0.22789 ( 6)  0.816
  17 A   0.00008 0.01054 0.08319 0.19749 0.21012 0.17660 0.16203 0.15994 ( 5)  0.673
  18 T   0.00000 0.00010 0.00724 0.07107 0.18348 0.23765 0.24955 0.25092 ( 8)  0.844
  19 P   0.00000 0.00010 0.00762 0.07266 0.18331 0.23675 0.24905 0.25051 ( 8)  0.843
  20 L   0.00000 0.00006 0.00504 0.06283 0.18520 0.24215 0.25191 0.25282 ( 8)  0.851
  21 C   0.27238 0.26612 0.21994 0.12260 0.05116 0.02663 0.02093 0.02023 ( 1)  0.152
  22 I   0.00000 0.00031 0.02055 0.14535 0.23204 0.21195 0.19612 0.19368 ( 5)  0.765
  23 I   0.31252 0.30209 0.22883 0.09853 0.02892 0.01200 0.00875 0.00837 ( 1)  0.095
  24 C   0.27238 0.26612 0.21994 0.12260 0.05116 0.02663 0.02093 0.02023 ( 1)  0.152
  25 D   0.00028 0.03411 0.22334 0.31194 0.17219 0.09905 0.08070 0.07838 ( 4)  0.463
  26 Q   0.24852 0.24397 0.20970 0.13165 0.06528 0.03848 0.03163 0.03076 ( 1)  0.194
  27 A   0.00009 0.01114 0.08695 0.20118 0.20913 0.17429 0.15966 0.15757 ( 5)  0.667
  28 A   0.00006 0.00739 0.06044 0.16089 0.20367 0.19461 0.18707 0.18587 ( 5)  0.723
  29 V   0.29785 0.28887 0.22510 0.10676 0.03710 0.01767 0.01358 0.01308 ( 1)  0.117
  30 G   0.25727 0.25199 0.21271 0.12719 0.05997 0.03472 0.02847 0.02768 ( 1)  0.180
  31 V   0.29069 0.28250 0.22374 0.11117 0.04095 0.02017 0.01566 0.01511 ( 1)  0.126
  32 A   0.00007 0.00936 0.07494 0.18603 0.20989 0.18272 0.16947 0.16752 ( 5)  0.689
  33 P   0.26880 0.26277 0.21821 0.12368 0.05326 0.02856 0.02272 0.02200 ( 1)  0.159
  34 F   0.00016 0.01950 0.14307 0.27201 0.20730 0.13522 0.11285 0.10989 ( 4)  0.562
  35 S   0.24856 0.24402 0.20976 0.13167 0.06526 0.03844 0.03158 0.03071 ( 1)  0.194
  36 R   0.00014 0.01774 0.13035 0.25258 0.20576 0.14519 0.12545 0.12279 ( 4)  0.589
  37 C   0.27238 0.26612 0.21994 0.12260 0.05116 0.02663 0.02093 0.02023 ( 1)  0.152
  38 H   0.31960 0.30809 0.22834 0.09276 0.02573 0.01050 0.00765 0.00732 ( 1)  0.088
  39 M   0.00013 0.01603 0.12248 0.25604 0.21380 0.14636 0.12407 0.12108 ( 4)  0.592
  40 C   0.28473 0.27748 0.22451 0.11699 0.04387 0.02101 0.01601 0.01540 ( 1)  0.131
  41 S   0.00000 0.00020 0.01377 0.10887 0.21059 0.22512 0.22116 0.22030 ( 6)  0.803
  42 Q   0.00009 0.01104 0.08616 0.19986 0.20912 0.17498 0.16042 0.15833 ( 5)  0.668
  43 H   0.30989 0.29962 0.22764 0.09969 0.03061 0.01327 0.00984 0.00943 ( 1)  0.100
  44 L   0.28428 0.27684 0.22288 0.11555 0.04436 0.02218 0.01726 0.01666 ( 1)  0.135
  45 S   0.00000 0.00004 0.00340 0.05132 0.17392 0.24539 0.26201 0.26392 ( 8)  0.864
  46 V   0.00009 0.01154 0.09079 0.21187 0.21412 0.16996 0.15208 0.14955 ( 5)  0.654
  47 D   0.29851 0.28956 0.22588 0.10689 0.03652 0.01707 0.01302 0.01253 ( 1)  0.115
  48 V   0.30255 0.29279 0.22441 0.10250 0.03503 0.01693 0.01313 0.01267 ( 1)  0.113
  49 A   0.00013 0.01666 0.12430 0.24998 0.20949 0.14783 0.12720 0.12441 ( 4)  0.595
  50 N   0.00000 0.00017 0.01221 0.10272 0.21012 0.22790 0.22390 0.22298 ( 6)  0.809
  51 K   0.29323 0.28492 0.22527 0.11077 0.03941 0.01860 0.01416 0.01362 ( 1)  0.121
  52 L   0.00015 0.01826 0.13339 0.25416 0.20392 0.14376 0.12447 0.12189 ( 4)  0.585
  53 K   0.29455 0.28612 0.22569 0.11012 0.03866 0.01804 0.01367 0.01314 ( 1)  0.119
  54 E   0.00000 0.00030 0.01980 0.14085 0.22968 0.21371 0.19899 0.19668 ( 5)  0.769
  55 E   0.00027 0.03360 0.22500 0.32849 0.17713 0.09314 0.07247 0.06990 ( 4)  0.449
  56 V   0.29785 0.28887 0.22510 0.10676 0.03710 0.01767 0.01358 0.01308 ( 1)  0.117
  57 E   0.00000 0.00000 0.00014 0.01454 0.11787 0.24969 0.30486 0.31290 ( 8)  0.913
  58 E   0.00028 0.03453 0.22665 0.31738 0.17233 0.09632 0.07744 0.07507 ( 4)  0.456
  59 L   0.00000 0.00019 0.01342 0.10748 0.21039 0.22571 0.22183 0.22097 ( 6)  0.804
  60 L   0.00005 0.00629 0.05288 0.15083 0.20460 0.20030 0.19312 0.19192 ( 5)  0.737
  61 R   0.00009 0.01088 0.08500 0.19751 0.20788 0.17593 0.16233 0.16038 ( 5)  0.671
  62 A   0.30790 0.29785 0.22716 0.10066 0.03162 0.01408 0.01058 0.01016 ( 1)  0.103
  63 Y   0.28901 0.28130 0.22535 0.11425 0.04149 0.01954 0.01482 0.01424 ( 1)  0.126
  64 S   0.00004 0.00547 0.04611 0.13437 0.19505 0.20659 0.20628 0.20608 ( 6)  0.758
  65 Q   0.00007 0.00852 0.06884 0.17615 0.20834 0.18763 0.17610 0.17436 ( 5)  0.702
  66 E   0.33160 0.31810 0.22683 0.08316 0.02077 0.00811 0.00584 0.00558 ( 1)  0.076
  67 S   0.00000 0.00004 0.00324 0.04000 0.14577 0.24373 0.28096 0.28626 ( 8)  0.883
  68 Q   0.24852 0.24397 0.20970 0.13165 0.06528 0.03848 0.03163 0.03076 ( 1)  0.194
  69 Q   0.00000 0.00013 0.00966 0.08606 0.19570 0.23299 0.23757 0.23789 ( 8)  0.827
  70 D   0.00000 0.00023 0.01630 0.12812 0.22811 0.21907 0.20521 0.20295 ( 5)  0.781
  71 A   0.00004 0.00499 0.04512 0.14580 0.20870 0.20424 0.19622 0.19488 ( 5)  0.747
  72 E   0.00000 0.00000 0.00105 0.03607 0.16470 0.25134 0.27221 0.27463 ( 8)  0.880
  73 S   0.00000 0.00007 0.00544 0.05987 0.17464 0.24131 0.25830 0.26037 ( 8)  0.857
  74 L   0.00011 0.01373 0.10426 0.22270 0.20832 0.16235 0.14544 0.14310 ( 4)  0.635
  75 R   0.00000 0.00010 0.00732 0.07063 0.18170 0.23749 0.25060 0.25216 ( 8)  0.845
  76 R   0.24063 0.23653 0.20538 0.13325 0.06981 0.04311 0.03610 0.03519 ( 1)  0.210
  77 L   0.26748 0.26046 0.21057 0.11631 0.05512 0.03382 0.02846 0.02778 ( 1)  0.173
  78 A   0.00000 0.00011 0.00832 0.07867 0.19112 0.23565 0.24274 0.24338 ( 8)  0.835
  79 S   0.00000 0.00000 0.00137 0.04069 0.16629 0.24862 0.27019 0.27284 ( 8)  0.876
  80 D   0.00027 0.03394 0.22714 0.33063 0.17676 0.09181 0.07101 0.06842 ( 4)  0.446
  81 T   0.00000 0.00033 0.02176 0.14914 0.23183 0.21029 0.19453 0.19212 ( 5)  0.761
  82 Q   0.00000 0.00003 0.00278 0.04245 0.15955 0.24666 0.27259 0.27594 ( 8)  0.876
  83 Q   0.00010 0.01243 0.09795 0.22554 0.21670 0.16347 0.14331 0.14051 ( 4)  0.636
  84 Q   0.00000 0.00030 0.02019 0.14481 0.23329 0.21237 0.19580 0.19324 ( 5)  0.765
  85 L   0.27243 0.26590 0.21814 0.12030 0.05121 0.02787 0.02241 0.02173 ( 1)  0.155
  86 Q   0.00000 0.00005 0.00391 0.04916 0.16423 0.24431 0.26767 0.27067 ( 8)  0.869
  87 E   0.00025 0.03141 0.21231 0.31955 0.18156 0.09972 0.07890 0.07628 ( 4)  0.467
  88 V   0.30518 0.29528 0.22569 0.10139 0.03330 0.01561 0.01199 0.01156 ( 1)  0.108
  89 N   0.27396 0.26758 0.22056 0.12191 0.05020 0.02589 0.02029 0.01960 ( 1)  0.149
  90 H   0.00000 0.00042 0.02730 0.17458 0.24210 0.20044 0.17913 0.17603 ( 5)  0.736
  91 K   0.00007 0.00896 0.07209 0.18151 0.20944 0.18503 0.17239 0.17051 ( 5)  0.695
  92 F   0.30273 0.29361 0.22848 0.10593 0.03377 0.01454 0.01070 0.01024 ( 1)  0.106
  93 D   0.29851 0.28956 0.22588 0.10689 0.03652 0.01707 0.01302 0.01253 ( 1)  0.115
  94 L   0.25348 0.24857 0.21178 0.12968 0.06234 0.03606 0.02946 0.02862 ( 1)  0.185
  95 V   0.22338 0.22010 0.19503 0.13529 0.07942 0.05394 0.04688 0.04595 ( 1)  0.246
  96 Q   0.30704 0.29722 0.22787 0.10199 0.03185 0.01386 0.01029 0.00987 ( 1)  0.102
  97 Q   0.24852 0.24397 0.20970 0.13165 0.06528 0.03848 0.03163 0.03076 ( 1)  0.194
  98 H   0.00000 0.00000 0.00263 0.06484 0.20072 0.24325 0.24446 0.24410 ( 7)  0.846
  99 I   0.00020 0.02472 0.17393 0.29432 0.19566 0.11901 0.09747 0.09469 ( 4)  0.519
 100 D   0.00027 0.03394 0.22714 0.33063 0.17676 0.09181 0.07101 0.06842 ( 4)  0.446
 101 S   0.25340 0.24856 0.21223 0.13038 0.06241 0.03575 0.02906 0.02821 ( 1)  0.184
 102 F   0.00008 0.01007 0.07999 0.19394 0.21132 0.17882 0.16397 0.16181 ( 5)  0.678
 103 R   0.24063 0.23653 0.20538 0.13325 0.06981 0.04311 0.03610 0.03519 ( 1)  0.210
 104 S   0.00019 0.02326 0.16541 0.28846 0.19885 0.12337 0.10164 0.09881 ( 4)  0.531
 105 R   0.00016 0.01957 0.14286 0.26914 0.20557 0.13619 0.11468 0.11183 ( 4)  0.565
 106 V   0.30255 0.29279 0.22441 0.10250 0.03503 0.01693 0.01313 0.01267 ( 1)  0.113
 107 T   0.27168 0.26548 0.21964 0.12276 0.05149 0.02701 0.02132 0.02062 ( 1)  0.153
 108 G   0.30847 0.29824 0.22662 0.09987 0.03156 0.01421 0.01073 0.01031 ( 1)  0.103
 109 Q   0.30704 0.29722 0.22787 0.10199 0.03185 0.01386 0.01029 0.00987 ( 1)  0.102
 110 L   0.28428 0.27684 0.22288 0.11555 0.04436 0.02218 0.01726 0.01666 ( 1)  0.135
 111 S   0.00000 0.00000 0.00033 0.01481 0.10851 0.24596 0.31032 0.32006 ( 8)  0.917
 112 G   0.25727 0.25199 0.21271 0.12719 0.05997 0.03472 0.02847 0.02768 ( 1)  0.180
 113 V   0.00015 0.01935 0.14084 0.26443 0.20437 0.13831 0.11765 0.11490 ( 4)  0.570
 114 L   0.25727 0.25191 0.21211 0.12633 0.05989 0.03516 0.02905 0.02828 ( 1)  0.181
 115 E   0.00026 0.03176 0.21450 0.32191 0.18127 0.09831 0.07731 0.07467 ( 4)  0.463
 116 A   0.22159 0.21850 0.19476 0.13686 0.08073 0.05442 0.04705 0.04609 ( 1)  0.248
 117 V   0.30255 0.29279 0.22441 0.10250 0.03503 0.01693 0.01313 0.01267 ( 1)  0.113
 118 K   0.00015 0.01854 0.13614 0.26147 0.20650 0.14066 0.11968 0.11688 ( 4)  0.576
 119 Q   0.00000 0.00030 0.02019 0.14481 0.23329 0.21237 0.19580 0.19324 ( 5)  0.765
 120 E   0.31982 0.30811 0.22753 0.09238 0.02604 0.01075 0.00785 0.00751 ( 1)  0.088
 121 V   0.00000 0.00029 0.01940 0.13881 0.22856 0.21445 0.20036 0.19813 ( 5)  0.771
 122 A   0.00000 0.00012 0.00944 0.09385 0.21115 0.23197 0.22728 0.22620 ( 6)  0.817
 123 T   0.00000 0.00018 0.01282 0.10609 0.21212 0.22669 0.22159 0.22052 ( 6)  0.805
 124 A   0.28968 0.28173 0.22444 0.11273 0.04133 0.01997 0.01535 0.01478 ( 1)  0.126
 125 E   0.00012 0.01545 0.11965 0.25623 0.21595 0.14713 0.12427 0.12120 ( 4)  0.594
 126 A   0.00009 0.01111 0.08679 0.20122 0.20953 0.17437 0.15951 0.15738 ( 5)  0.667
 127 A   0.00005 0.00682 0.05635 0.15429 0.20259 0.19790 0.19152 0.19047 ( 5)  0.732
 128 G   0.00000 0.00031 0.02080 0.14456 0.23024 0.21216 0.19713 0.19480 ( 5)  0.766
 129 D   0.00025 0.03120 0.21113 0.31924 0.18245 0.10016 0.07911 0.07646 ( 4)  0.468
 130 M   0.00019 0.02396 0.17054 0.29648 0.19931 0.11928 0.09659 0.09366 ( 4)  0.520
 131 A   0.30495 0.29525 0.22679 0.10261 0.03314 0.01502 0.01135 0.01091 ( 1)  0.106
 132 E   0.33160 0.31810 0.22683 0.08316 0.02077 0.00811 0.00584 0.00558 ( 1)  0.076
 133 L   0.27243 0.26590 0.21814 0.12030 0.05121 0.02787 0.02241 0.02173 ( 1)  0.155
 134 L   0.00008 0.01002 0.07956 0.19265 0.21042 0.17927 0.16503 0.16296 ( 5)  0.679
 135 R   0.00000 0.00014 0.01042 0.09692 0.21029 0.23044 0.22637 0.22541 ( 6)  0.814
 136 L   0.25902 0.25363 0.21361 0.12682 0.05901 0.03371 0.02749 0.02670 ( 1)  0.177
 137 V   0.00015 0.01897 0.13919 0.26530 0.20580 0.13849 0.11745 0.11465 ( 4)  0.571
 138 Q   0.30704 0.29722 0.22787 0.10199 0.03185 0.01386 0.01029 0.00987 ( 1)  0.102
 139 S   0.25723 0.25214 0.21397 0.12905 0.06013 0.03377 0.02726 0.02643 ( 1)  0.178
 140 M   0.00022 0.02682 0.18791 0.31112 0.19402 0.10946 0.08667 0.08377 ( 4)  0.494
 141 H   0.00017 0.02141 0.15416 0.27877 0.20214 0.12981 0.10819 0.10536 ( 4)  0.548
 142 E   0.00000 0.00000 0.00043 0.02044 0.13200 0.25168 0.29476 0.30068 ( 8)  0.903
 143 S   0.00009 0.01198 0.09321 0.21238 0.21195 0.16901 0.15189 0.14948 ( 4)  0.652
 144 L   0.00009 0.01107 0.08616 0.19847 0.20759 0.17531 0.16163 0.15967 ( 5)  0.670
 145 G   0.00005 0.00685 0.05634 0.15288 0.20081 0.19816 0.19289 0.19201 ( 5)  0.733
 146 D   0.00000 0.00050 0.03158 0.19083 0.24618 0.19395 0.17017 0.16679 ( 5)  0.719
 147 L   0.23706 0.23309 0.20308 0.13356 0.07193 0.04545 0.03838 0.03746 ( 1)  0.218
 148 E   0.00027 0.03360 0.22500 0.32849 0.17713 0.09314 0.07247 0.06990 ( 4)  0.449
 149 A   0.00015 0.01823 0.13432 0.26032 0.20732 0.14155 0.12047 0.11765 ( 4)  0.579
 150 D   0.33632 0.32198 0.22593 0.07929 0.01896 0.00729 0.00524 0.00500 ( 1)  0.072
 151 F   0.25672 0.25169 0.21389 0.12939 0.06040 0.03394 0.02740 0.02657 ( 1)  0.178
 152 E   0.33160 0.31810 0.22683 0.08316 0.02077 0.00811 0.00584 0.00558 ( 1)  0.076
 153 R   0.00007 0.00872 0.07131 0.18504 0.21356 0.18425 0.16960 0.16744 ( 5)  0.692
 154 S   0.00000 0.00003 0.00256 0.03379 0.13601 0.24410 0.28851 0.29499 ( 8)  0.891
 155 E   0.00000 0.00028 0.01924 0.14031 0.23196 0.21425 0.19823 0.19572 ( 5)  0.769
 156 L   0.00013 0.01688 0.12508 0.24780 0.20696 0.14824 0.12877 0.12614 ( 4)  0.597
 157 R   0.00006 0.00730 0.05993 0.16090 0.20469 0.19489 0.18676 0.18547 ( 5)  0.723
 158 D   0.00000 0.00071 0.04303 0.22552 0.24631 0.17925 0.15430 0.15089 ( 5)  0.686
 159 K   0.00016 0.01944 0.14114 0.26390 0.20401 0.13840 0.11785 0.11511 ( 4)  0.570
 160 S   0.00013 0.01591 0.11970 0.24597 0.21078 0.15047 0.12992 0.12713 ( 4)  0.602
 161 D   0.00029 0.03628 0.23950 0.33512 0.17087 0.08681 0.06680 0.06433 ( 4)  0.431
 162 N   0.00000 0.00028 0.01902 0.13654 0.22658 0.21513 0.20225 0.20020 ( 5)  0.774
 163 E   0.00000 0.00036 0.02380 0.16014 0.23856 0.20637 0.18685 0.18393 ( 5)  0.750
 164 E   0.00022 0.02738 0.18922 0.30512 0.19076 0.11109 0.08949 0.08673 ( 4)  0.497
 165 V   0.00000 0.00020 0.01358 0.10682 0.20762 0.22545 0.22345 0.22289 ( 6)  0.806
 166 Q   0.30704 0.29722 0.22787 0.10199 0.03185 0.01386 0.01029 0.00987 ( 1)  0.102
 167 V   0.00000 0.00000 0.00129 0.03862 0.16123 0.24829 0.27364 0.27692 ( 8)  0.879
 168 R   0.27653 0.26973 0.22008 0.11902 0.04883 0.02570 0.02039 0.01973 ( 1)  0.147
 169 L   0.24366 0.23931 0.20648 0.13172 0.06792 0.04178 0.03500 0.03413 ( 1)  0.205
 170 L   0.25902 0.25363 0.21361 0.12682 0.05901 0.03371 0.02749 0.02670 ( 1)  0.177
 171 G   0.29354 0.28516 0.22509 0.11012 0.03918 0.01872 0.01436 0.01383 ( 1)  0.121
 172 Q   0.30704 0.29722 0.22787 0.10199 0.03185 0.01386 0.01029 0.00987 ( 1)  0.102
 173 L   0.29404 0.28550 0.22452 0.10916 0.03906 0.01895 0.01465 0.01412 ( 1)  0.122
 174 E   0.33160 0.31810 0.22683 0.08316 0.02077 0.00811 0.00584 0.00558 ( 1)  0.076
 175 R   0.27653 0.26973 0.22008 0.11902 0.04883 0.02570 0.02039 0.01973 ( 1)  0.147
 176 L   0.27243 0.26590 0.21814 0.12030 0.05121 0.02787 0.02241 0.02173 ( 1)  0.155
 177 V   0.29785 0.28887 0.22510 0.10676 0.03710 0.01767 0.01358 0.01308 ( 1)  0.117
 178 G   0.29605 0.28736 0.22538 0.10845 0.03790 0.01793 0.01372 0.01321 ( 1)  0.118
 179 I   0.26615 0.26037 0.21750 0.12521 0.05480 0.02958 0.02357 0.02282 ( 1)  0.162
 180 C   0.23731 0.23349 0.20430 0.13512 0.07194 0.04447 0.03715 0.03621 ( 1)  0.215
 181 A   0.30495 0.29525 0.22679 0.10261 0.03314 0.01502 0.01135 0.01091 ( 1)  0.106
 182 S   0.00000 0.00000 0.00087 0.02962 0.14692 0.25019 0.28395 0.28845 ( 8)  0.891
 183 M   0.00013 0.01596 0.12001 0.24660 0.21148 0.15024 0.12922 0.12636 ( 4)  0.601
 184 V   0.00000 0.00027 0.01849 0.13543 0.22808 0.21588 0.20203 0.19982 ( 5)  0.775
 185 F   0.00016 0.01959 0.14314 0.26978 0.20569 0.13591 0.11430 0.11143 ( 4)  0.564
 186 S   0.00004 0.00526 0.04590 0.14219 0.20510 0.20509 0.19876 0.19766 ( 5)  0.749
 187 H   0.00000 0.00037 0.02408 0.16221 0.23975 0.20556 0.18551 0.18253 ( 5)  0.748
 188 E   0.00000 0.00001 0.00381 0.07868 0.20478 0.23689 0.23801 0.23782 ( 7)  0.834
 189 V   0.30079 0.29122 0.22401 0.10347 0.03596 0.01760 0.01372 0.01324 ( 1)  0.115
 190 K   0.00021 0.02615 0.18279 0.30262 0.19337 0.11371 0.09196 0.08917 ( 4)  0.505
 191 L   0.27736 0.27041 0.21980 0.11781 0.04828 0.02576 0.02061 0.01997 ( 1)  0.147
 192 D   0.00017 0.02063 0.14827 0.26871 0.20048 0.13470 0.11483 0.11221 ( 4)  0.561
 193 A   0.00000 0.00000 0.00009 0.01149 0.11062 0.24998 0.30955 0.31826 ( 8)  0.918
 194 P   0.00000 0.00000 0.00000 0.00022 0.02645 0.20370 0.36945 0.40018 ( 8)  0.962
 195 V   0.00000 0.00000 0.00009 0.01077 0.10794 0.24984 0.31120 0.32017 ( 8)  0.919
 196 Q   0.00000 0.00000 0.00000 0.00113 0.04908 0.22675 0.35099 0.37205 ( 8)  0.950
 197 W   0.00000 0.00000 0.00011 0.01328 0.11969 0.25278 0.30353 0.31061 ( 8)  0.913
 198 L   0.00011 0.01374 0.10376 0.21931 0.20598 0.16347 0.14789 0.14573 ( 4)  0.638
 199 A   0.00000 0.00015 0.01048 0.09077 0.19857 0.23123 0.23434 0.23447 ( 8)  0.823
 200 V   0.30255 0.29279 0.22441 0.10250 0.03503 0.01693 0.01313 0.01267 ( 1)  0.113
 201 C   0.00014 0.01757 0.13068 0.25898 0.20969 0.14305 0.12139 0.11849 ( 4)  0.583
 202 S   0.00020 0.02461 0.17418 0.29791 0.19704 0.11772 0.09560 0.09275 ( 4)  0.516
 203 D   0.33632 0.32198 0.22593 0.07929 0.01896 0.00729 0.00524 0.00500 ( 1)  0.072
 204 T   0.28602 0.27857 0.22440 0.11577 0.04321 0.02080 0.01591 0.01532 ( 1)  0.130
 205 S   0.30625 0.29670 0.22884 0.10348 0.03196 0.01349 0.00986 0.00943 ( 1)  0.102
 206 G   0.21792 0.21498 0.19236 0.13699 0.08274 0.05688 0.04955 0.04858 ( 1)  0.257
 207 F   0.00014 0.01803 0.13282 0.25764 0.20664 0.14282 0.12233 0.11959 ( 4)  0.582
 208 V   0.00008 0.01006 0.07975 0.19253 0.21004 0.17924 0.16518 0.16314 ( 5)  0.679
 209 G   0.00000 0.00014 0.01006 0.08779 0.19563 0.23205 0.23697 0.23736 ( 8)  0.826
 210 D   0.00000 0.00060 0.03590 0.19177 0.23140 0.19207 0.17532 0.17295 ( 5)  0.720
 211 R   0.00000 0.00019 0.01333 0.10713 0.21036 0.22585 0.22200 0.22114 ( 6)  0.805
 212 S   0.00003 0.00435 0.03753 0.11764 0.18877 0.21391 0.21863 0.21913 ( 8)  0.780
 213 G   0.30847 0.29824 0.22662 0.09987 0.03156 0.01421 0.01073 0.01031 ( 1)  0.103
 214 R   0.00000 0.00012 0.00850 0.07902 0.19008 0.23520 0.24314 0.24393 ( 8)  0.835
 215 V   0.29069 0.28250 0.22374 0.11117 0.04095 0.02017 0.01566 0.01511 ( 1)  0.126
 216 V   0.25633 0.25099 0.21139 0.12622 0.06042 0.03587 0.02978 0.02900 ( 1)  0.184
 217 P   0.00000 0.00020 0.01378 0.11111 0.21451 0.22470 0.21845 0.21725 ( 6)  0.800
 218 A   0.00000 0.00021 0.01473 0.11514 0.21586 0.22314 0.21611 0.21481 ( 6)  0.796
 219 D   0.00020 0.02551 0.17925 0.30123 0.19547 0.11521 0.09300 0.09014 ( 4)  0.509
 220 S   0.19132 0.18955 0.17561 0.13876 0.09718 0.07423 0.06715 0.06619 ( 1)  0.315
 221 A   0.00000 0.00000 0.00017 0.01707 0.13123 0.25332 0.29618 0.30203 ( 8)  0.906
 222 E   0.00000 0.00000 0.00000 0.00086 0.04439 0.22363 0.35436 0.37675 ( 8)  0.953
 223 D   0.00000 0.00054 0.03393 0.20034 0.24871 0.19012 0.16495 0.16141 ( 5)  0.710
 224 K   0.00000 0.00000 0.00000 0.00115 0.05032 0.22851 0.34984 0.37018 ( 8)  0.950
 225 P   0.00000 0.00000 0.00005 0.00727 0.09070 0.24502 0.32253 0.33443 ( 8)  0.929
 226 L   0.27243 0.26590 0.21814 0.12030 0.05121 0.02787 0.02241 0.02173 ( 1)  0.155
 227 P   0.00000 0.00010 0.00739 0.07208 0.18468 0.23749 0.24852 0.24974 ( 8)  0.843
 228 Q   0.30569 0.29600 0.22754 0.10275 0.03259 0.01438 0.01074 0.01030 ( 1)  0.104
 229 P   0.28747 0.27978 0.22406 0.11399 0.04240 0.02076 0.01606 0.01548 ( 1)  0.129
 230 C   0.28473 0.27748 0.22451 0.11699 0.04387 0.02101 0.01601 0.01540 ( 1)  0.131
 231 I   0.00018 0.02290 0.16255 0.28326 0.19811 0.12589 0.10492 0.10218 ( 4)  0.537
 232 F   0.00000 0.00000 0.00009 0.01063 0.10599 0.24865 0.31257 0.32207 ( 8)  0.920
 233 A   0.00009 0.01096 0.08519 0.19600 0.20612 0.17624 0.16361 0.16180 ( 5)  0.673
 234 S   0.00002 0.00241 0.02233 0.08494 0.17274 0.22712 0.24409 0.24636 ( 8)  0.823
 235 F   0.00000 0.00000 0.00093 0.03093 0.14973 0.25016 0.28202 0.28623 ( 8)  0.889
 236 K   0.00000 0.00000 0.00002 0.00635 0.09556 0.25012 0.31895 0.32899 ( 8)  0.927
 237 K   0.00000 0.00000 0.00001 0.00313 0.06972 0.23860 0.33644 0.35210 ( 8)  0.940
 238 D   0.00000 0.00001 0.00357 0.07551 0.20295 0.23813 0.23998 0.23987 ( 7)  0.837
 239 H   0.00000 0.00040 0.02546 0.16170 0.23242 0.20491 0.18876 0.18635 ( 5)  0.749
 240 L   0.21580 0.21291 0.19066 0.13642 0.08362 0.05857 0.05148 0.05054 ( 1)  0.262
 241 L   0.25902 0.25363 0.21361 0.12682 0.05901 0.03371 0.02749 0.02670 ( 1)  0.177
 242 V   0.00017 0.02142 0.15110 0.26367 0.19590 0.13554 0.11731 0.11490 ( 4)  0.563
 243 L   0.00012 0.01509 0.11290 0.23139 0.20637 0.15701 0.13975 0.13738 ( 4)  0.621
 244 S   0.22886 0.22543 0.19921 0.13611 0.07666 0.04979 0.04245 0.04149 ( 1)  0.233
 245 F   0.00000 0.00000 0.00114 0.03588 0.15817 0.24929 0.27603 0.27948 ( 8)  0.883
 246 D   0.00026 0.03270 0.21690 0.31352 0.17681 0.10038 0.08095 0.07849 ( 4)  0.467
 247 G   0.30847 0.29824 0.22662 0.09987 0.03156 0.01421 0.01073 0.01031 ( 1)  0.103
 248 S   0.00003 0.00428 0.03699 0.11647 0.18818 0.21438 0.21954 0.22011 ( 8)  0.782
 249 Q   0.30562 0.29594 0.22752 0.10279 0.03263 0.01441 0.01076 0.01033 ( 1)  0.104
 250 K   0.31001 0.29991 0.22876 0.10054 0.03019 0.01261 0.00919 0.00879 ( 1)  0.098
 251 L   0.27146 0.26498 0.21761 0.12050 0.05177 0.02845 0.02296 0.02228 ( 1)  0.157
 252 R   0.00012 0.01551 0.11608 0.23706 0.20767 0.15431 0.13588 0.13336 ( 4)  0.613
 253 C   0.28368 0.27652 0.22414 0.11748 0.04448 0.02148 0.01642 0.01580 ( 1)  0.133
 254 H   0.00021 0.02599 0.18268 0.30580 0.19499 0.11272 0.09025 0.08737 ( 4)  0.503
 255 C   0.27238 0.26612 0.21994 0.12260 0.05116 0.02663 0.02093 0.02023 ( 1)  0.152
 256 D   0.33250 0.31869 0.22580 0.08186 0.02073 0.00839 0.00615 0.00589 ( 1)  0.077
 257 I   0.00012 0.01568 0.11818 0.24424 0.21108 0.15148 0.13100 0.12821 ( 4)  0.605
 258 D   0.00030 0.03684 0.23810 0.31984 0.16691 0.09221 0.07404 0.07176 ( 4)  0.444
 259 W   0.26771 0.26189 0.21863 0.12525 0.05389 0.02847 0.02245 0.02170 ( 1)  0.159
 260 K   0.00000 0.00000 0.00231 0.05936 0.19406 0.24473 0.24968 0.24986 ( 8)  0.852
 261 N   0.00000 0.00000 0.00000 0.00011 0.02249 0.20038 0.37251 0.40452 ( 8)  0.964
 262 D   0.00000 0.00000 0.00000 0.00001 0.00801 0.16029 0.39089 0.44080 ( 8)  0.973
 263 I   0.31252 0.30209 0.22883 0.09853 0.02892 0.01200 0.00875 0.00837 ( 1)  0.095
 264 R   0.00000 0.00000 0.00006 0.00798 0.09445 0.24618 0.32005 0.33128 ( 8)  0.927
 265 G   0.30847 0.29824 0.22662 0.09987 0.03156 0.01421 0.01073 0.01031 ( 1)  0.103
 266 L   0.24366 0.23931 0.20648 0.13172 0.06792 0.04178 0.03500 0.03413 ( 1)  0.205
 267 H   0.00023 0.02841 0.19441 0.30458 0.18613 0.10976 0.08954 0.08695 ( 4)  0.494
 268 C   0.28473 0.27748 0.22451 0.11699 0.04387 0.02101 0.01601 0.01540 ( 1)  0.131
 269 D   0.00028 0.03445 0.22506 0.31249 0.17143 0.09837 0.08011 0.07780 ( 4)  0.461
 270 R   0.24063 0.23653 0.20538 0.13325 0.06981 0.04311 0.03610 0.03519 ( 1)  0.210
 271 Q   0.30569 0.29600 0.22754 0.10275 0.03259 0.01438 0.01074 0.01030 ( 1)  0.104
 272 L   0.27082 0.26441 0.21749 0.12093 0.05214 0.02865 0.02312 0.02243 ( 1)  0.158
 273 L   0.27243 0.26590 0.21814 0.12030 0.05121 0.02787 0.02241 0.02173 ( 1)  0.155
 274 F   0.30175 0.29273 0.22823 0.10649 0.03431 0.01492 0.01102 0.01055 ( 1)  0.108
 275 I   0.26615 0.26037 0.21750 0.12521 0.05480 0.02958 0.02357 0.02282 ( 1)  0.162
 276 A   0.25603 0.25089 0.21250 0.12807 0.06068 0.03511 0.02877 0.02796 ( 1)  0.182
 277 Q   0.30704 0.29722 0.22787 0.10199 0.03185 0.01386 0.01029 0.00987 ( 1)  0.102
 278 R   0.00000 0.00000 0.00000 0.00001 0.00779 0.16062 0.39096 0.44063 ( 8)  0.973
 279 D   0.33411 0.32008 0.22588 0.08079 0.01997 0.00791 0.00575 0.00550 ( 1)  0.075
 280 A   0.00006 0.00738 0.06050 0.16163 0.20459 0.19447 0.18633 0.18504 ( 5)  0.722
 281 V   0.30255 0.29279 0.22441 0.10250 0.03503 0.01693 0.01313 0.01267 ( 1)  0.113
 282 T   0.00005 0.00592 0.04967 0.14220 0.19904 0.20346 0.20014 0.19951 ( 6)  0.748
 283 V   0.30255 0.29279 0.22441 0.10250 0.03503 0.01693 0.01313 0.01267 ( 1)  0.113
 284 T   0.28299 0.27582 0.22349 0.11738 0.04496 0.02204 0.01697 0.01634 ( 1)  0.135
 285 D   0.33632 0.32198 0.22593 0.07929 0.01896 0.00729 0.00524 0.00500 ( 1)  0.072
 286 L   0.26534 0.25930 0.21499 0.12277 0.05533 0.03150 0.02575 0.02503 ( 1)  0.168
 287 S   0.30625 0.29670 0.22884 0.10348 0.03196 0.01349 0.00986 0.00943 ( 1)  0.102
 288 G   0.25727 0.25199 0.21271 0.12719 0.05997 0.03472 0.02847 0.02768 ( 1)  0.180
 289 R   0.28683 0.27912 0.22343 0.11396 0.04291 0.02127 0.01653 0.01595 ( 1)  0.131
 290 K   0.00000 0.00000 0.00000 0.00127 0.05300 0.23096 0.34773 0.36705 ( 8)  0.948
 291 V   0.00014 0.01729 0.12820 0.25329 0.20811 0.14561 0.12506 0.12230 ( 4)  0.590
 292 V   0.00017 0.02089 0.15083 0.27551 0.20297 0.13182 0.11032 0.10749 ( 4)  0.553
 293 R   0.28098 0.27391 0.22233 0.11779 0.04619 0.02324 0.01809 0.01746 ( 1)  0.139
 294 P   0.00005 0.00617 0.05148 0.14535 0.19976 0.20195 0.19798 0.19726 ( 6)  0.743
 295 D   0.00000 0.00000 0.00002 0.00666 0.09670 0.24902 0.31863 0.32897 ( 8)  0.927
 296 I   0.00021 0.02642 0.18401 0.30177 0.19180 0.11364 0.09244 0.08972 ( 4)  0.505
 297 E   0.00000 0.00001 0.00336 0.07182 0.19757 0.23879 0.24402 0.24443 ( 8)  0.842
 298 G   0.00000 0.00037 0.02396 0.15797 0.23398 0.20669 0.18978 0.18726 ( 5)  0.753
 299 F   0.30273 0.29361 0.22848 0.10593 0.03377 0.01454 0.01070 0.01024 ( 1)  0.106
 300 G   0.00011 0.01324 0.10042 0.21496 0.20561 0.16576 0.15098 0.14892 ( 4)  0.645
 301 D   0.00000 0.00001 0.00371 0.08283 0.22002 0.23755 0.22880 0.22709 ( 6)  0.826
 302 I   0.30010 0.29109 0.22687 0.10668 0.03557 0.01606 0.01205 0.01157 ( 1)  0.111
 303 E   0.00000 0.00000 0.00000 0.00045 0.03775 0.21948 0.35907 0.38325 ( 8)  0.956
 304 G   0.21792 0.21498 0.19236 0.13699 0.08274 0.05688 0.04955 0.04858 ( 1)  0.257
 305 I   0.31252 0.30209 0.22883 0.09853 0.02892 0.01200 0.00875 0.00837 ( 1)  0.095
 306 G   0.30474 0.29493 0.22594 0.10210 0.03351 0.01553 0.01185 0.01140 ( 1)  0.108
 307 G   0.30847 0.29824 0.22662 0.09987 0.03156 0.01421 0.01073 0.01031 ( 1)  0.103
 308 N   0.31812 0.30696 0.22925 0.09462 0.02612 0.01037 0.00744 0.00710 ( 1)  0.088
 309 A   0.00006 0.00776 0.06321 0.16568 0.20491 0.19235 0.18368 0.18234 ( 5)  0.716
 310 A   0.30620 0.29633 0.22685 0.10169 0.03252 0.01467 0.01108 0.01065 ( 1)  0.105
 311 S   0.26955 0.26357 0.21926 0.12435 0.05280 0.02767 0.02177 0.02103 ( 1)  0.156
 312 V   0.00017 0.02153 0.15182 0.26443 0.19581 0.13509 0.11678 0.11436 ( 4)  0.562
 313 F   0.25672 0.25169 0.21389 0.12939 0.06040 0.03394 0.02740 0.02657 ( 1)  0.178
 314 V   0.30255 0.29279 0.22441 0.10250 0.03503 0.01693 0.01313 0.01267 ( 1)  0.113
 315 S   0.26859 0.26268 0.21886 0.12474 0.05337 0.02813 0.02218 0.02144 ( 1)  0.157
 316 S   0.00010 0.01252 0.09705 0.21808 0.21259 0.16610 0.14805 0.14552 ( 4)  0.644
 317 G   0.21792 0.21498 0.19236 0.13699 0.08274 0.05688 0.04955 0.04858 ( 1)  0.257
 318 N   0.31812 0.30696 0.22925 0.09462 0.02612 0.01037 0.00744 0.00710 ( 1)  0.088
 319 K   0.24392 0.23969 0.20762 0.13327 0.06805 0.04084 0.03376 0.03285 ( 1)  0.202
 320 I   0.26615 0.26037 0.21750 0.12521 0.05480 0.02958 0.02357 0.02282 ( 1)  0.162
 321 A   0.25603 0.25089 0.21250 0.12807 0.06068 0.03511 0.02877 0.02796 ( 1)  0.182
 322 A   0.22159 0.21850 0.19476 0.13686 0.08073 0.05442 0.04705 0.04609 ( 1)  0.248
 323 F   0.30273 0.29361 0.22848 0.10593 0.03377 0.01454 0.01070 0.01024 ( 1)  0.106
 324 S   0.30625 0.29670 0.22884 0.10348 0.03196 0.01349 0.00986 0.00943 ( 1)  0.102
 325 K   0.24392 0.23969 0.20762 0.13327 0.06805 0.04084 0.03376 0.03285 ( 1)  0.202
 326 A   0.00018 0.02298 0.16237 0.28007 0.19608 0.12694 0.10699 0.10439 ( 4)  0.540
 327 T   0.23421 0.23053 0.20239 0.13543 0.07369 0.04646 0.03912 0.03817 ( 1)  0.221
 328 W   0.00008 0.01015 0.08011 0.19152 0.20857 0.17938 0.16606 0.16413 ( 5)  0.680
 329 Q   0.00000 0.00039 0.02519 0.16190 0.23351 0.20488 0.18829 0.18583 ( 5)  0.749
 330 M   0.00000 0.00011 0.00909 0.09779 0.21848 0.23107 0.22254 0.22092 ( 6)  0.812
 331 E   0.33160 0.31810 0.22683 0.08316 0.02077 0.00811 0.00584 0.00558 ( 1)  0.076
 332 T   0.27970 0.27281 0.22237 0.11896 0.04687 0.02349 0.01823 0.01758 ( 1)  0.140
 333 V   0.30551 0.29541 0.22484 0.10062 0.03350 0.01595 0.01231 0.01187 ( 1)  0.109
 334 I   0.31252 0.30209 0.22883 0.09853 0.02892 0.01200 0.00875 0.00837 ( 1)  0.095
 335 T   0.28299 0.27582 0.22349 0.11738 0.04496 0.02204 0.01697 0.01634 ( 1)  0.135
 336 L   0.27243 0.26590 0.21814 0.12030 0.05121 0.02787 0.02241 0.02173 ( 1)  0.155
 337 S   0.21998 0.21705 0.19437 0.13809 0.08193 0.05495 0.04731 0.04631 ( 1)  0.250
 338 Q   0.30704 0.29722 0.22787 0.10199 0.03185 0.01386 0.01029 0.00987 ( 1)  0.102
 339 L   0.24270 0.23841 0.20597 0.13195 0.06847 0.04233 0.03552 0.03465 ( 1)  0.207
 340 P   0.23820 0.23426 0.20427 0.13408 0.07125 0.04436 0.03724 0.03632 ( 1)  0.214
 341 Y   0.00000 0.00000 0.00001 0.00402 0.07869 0.24315 0.33029 0.34384 ( 8)  0.936
 342 A   0.25603 0.25089 0.21250 0.12807 0.06068 0.03511 0.02877 0.02796 ( 1)  0.182
 343 R   0.00000 0.00000 0.00000 0.00001 0.00773 0.15867 0.39141 0.44219 ( 8)  0.974
 344 L   0.26964 0.26328 0.21673 0.12103 0.05281 0.02942 0.02389 0.02320 ( 1)  0.160
 345 G   0.00000 0.00000 0.00009 0.01101 0.10739 0.24875 0.31170 0.32105 ( 8)  0.920
 346 N   0.00000 0.00038 0.02490 0.16127 0.23434 0.20529 0.18818 0.18563 ( 5)  0.749
 347 M   0.00012 0.01454 0.10940 0.22785 0.20716 0.15917 0.14206 0.13970 ( 4)  0.626
 348 A   0.00000 0.00000 0.00012 0.01395 0.12079 0.25220 0.30290 0.31004 ( 8)  0.912
 349 T   0.00007 0.00884 0.07115 0.17974 0.20879 0.18581 0.17370 0.17190 ( 5)  0.697
 350 H   0.31857 0.30717 0.22819 0.09341 0.02627 0.01085 0.00794 0.00760 ( 1)  0.089
 351 D   0.33525 0.32106 0.22591 0.08002 0.01945 0.00759 0.00548 0.00524 ( 1)  0.073
 352 N   0.31812 0.30696 0.22925 0.09462 0.02612 0.01037 0.00744 0.00710 ( 1)  0.088
 353 C   0.28015 0.27329 0.22297 0.11923 0.04654 0.02300 0.01773 0.01708 ( 1)  0.139
 354 I   0.00011 0.01425 0.10851 0.23171 0.21124 0.15831 0.13924 0.13661 ( 4)  0.623
 355 L   0.27134 0.26489 0.21771 0.12074 0.05184 0.02840 0.02289 0.02220 ( 1)  0.157
 356 V   0.30255 0.29279 0.22441 0.10250 0.03503 0.01693 0.01313 0.01267 ( 1)  0.113
 357 R   0.00000 0.00000 0.00045 0.01866 0.12064 0.24826 0.30206 0.30992 ( 8)  0.909
 358 D   0.00030 0.03673 0.23753 0.31960 0.16712 0.09245 0.07427 0.07199 ( 4)  0.444
 359 W   0.00000 0.00000 0.00010 0.01233 0.11554 0.25187 0.30622 0.31393 ( 8)  0.915
 360 E   0.00000 0.00000 0.00000 0.00066 0.04516 0.22740 0.35291 0.37386 ( 8)  0.952
 361 H   0.00000 0.00000 0.00010 0.01262 0.11875 0.25325 0.30411 0.31116 ( 8)  0.914
 362 N   0.00000 0.00000 0.00010 0.01211 0.11432 0.25148 0.30703 0.31496 ( 8)  0.916
 363 Q   0.00016 0.01943 0.14113 0.26388 0.20401 0.13841 0.11786 0.11512 ( 4)  0.570
 364 V   0.30019 0.29069 0.22391 0.10383 0.03627 0.01781 0.01389 0.01342 ( 1)  0.116
 365 H   0.31960 0.30809 0.22834 0.09276 0.02573 0.01050 0.00765 0.00732 ( 1)  0.088
 366 R   0.22090 0.21792 0.19487 0.13790 0.08140 0.05441 0.04680 0.04579 ( 1)  0.249
 367 V   0.30136 0.29174 0.22415 0.10316 0.03565 0.01737 0.01352 0.01305 ( 1)  0.114
 368 R   0.00000 0.00028 0.01847 0.13241 0.22251 0.21631 0.20586 0.20417 ( 5)  0.779
 369 I   0.31252 0.30209 0.22883 0.09853 0.02892 0.01200 0.00875 0.00837 ( 1)  0.095
 370 D   0.33632 0.32198 0.22593 0.07929 0.01896 0.00729 0.00524 0.00500 ( 1)  0.072
 371 T   0.27218 0.26593 0.21980 0.12261 0.05128 0.02677 0.02107 0.02036 ( 1)  0.152
 372 Q   0.00017 0.02104 0.15038 0.26998 0.20044 0.13376 0.11346 0.11077 ( 4)  0.558
 373 Q   0.30704 0.29722 0.22787 0.10199 0.03185 0.01386 0.01029 0.00987 ( 1)  0.102
 374 L   0.27243 0.26590 0.21814 0.12030 0.05121 0.02787 0.02241 0.02173 ( 1)  0.155
 375 V   0.30551 0.29541 0.22484 0.10062 0.03350 0.01595 0.01231 0.01187 ( 1)  0.109
 376 A   0.30790 0.29785 0.22716 0.10066 0.03162 0.01408 0.01058 0.01016 ( 1)  0.103
 377 S   0.24856 0.24402 0.20976 0.13167 0.06526 0.03844 0.03158 0.03071 ( 1)  0.194
 378 F   0.00000 0.00025 0.01671 0.12483 0.22009 0.21935 0.21017 0.20861 ( 5)  0.786
 379 Q   0.00000 0.00022 0.01525 0.11679 0.21471 0.22205 0.21604 0.21493 ( 6)  0.795
 380 T   0.00000 0.00000 0.00072 0.02599 0.13924 0.24990 0.28935 0.29480 ( 8)  0.897
 381 Q   0.00000 0.00000 0.00056 0.02321 0.13635 0.25105 0.29163 0.29719 ( 8)  0.900
 382 R   0.00000 0.00000 0.00006 0.00844 0.09709 0.24716 0.31827 0.32898 ( 8)  0.925
 383 S   0.00000 0.00011 0.00826 0.07831 0.19102 0.23583 0.24291 0.24355 ( 8)  0.836
 384 G   0.00000 0.00000 0.00020 0.01927 0.13896 0.25441 0.29118 0.29599 ( 8)  0.902
 385 L   0.00000 0.00018 0.01279 0.10482 0.20966 0.22679 0.22329 0.22247 ( 6)  0.807
 386 Q   0.00000 0.00000 0.00001 0.00275 0.06362 0.23527 0.34061 0.35774 ( 8)  0.943
 387 Q   0.00000 0.00013 0.00954 0.08724 0.19800 0.23275 0.23610 0.23624 ( 8)  0.826
 388 P   0.00000 0.00008 0.00606 0.06199 0.17295 0.23966 0.25843 0.26084 ( 8)  0.855
 389 I   0.00000 0.00000 0.00000 0.00002 0.01074 0.17072 0.38675 0.43177 ( 8)  0.971
 390 D   0.30057 0.29136 0.22606 0.10543 0.03547 0.01647 0.01255 0.01208 ( 1)  0.112
 391 V   0.30255 0.29279 0.22441 0.10250 0.03503 0.01693 0.01313 0.01267 ( 1)  0.113
 392 A   0.00019 0.02308 0.16284 0.27983 0.19559 0.12688 0.10709 0.10451 ( 4)  0.540
 393 V   0.30301 0.29318 0.22435 0.10206 0.03481 0.01686 0.01309 0.01264 ( 1)  0.112
 394 D   0.33632 0.32198 0.22593 0.07929 0.01896 0.00729 0.00524 0.00500 ( 1)  0.072
 395 S   0.00000 0.00026 0.01728 0.12662 0.21938 0.21841 0.20975 0.20829 ( 5)  0.785
 396 R   0.00006 0.00743 0.06095 0.16292 0.20548 0.19401 0.18526 0.18388 ( 5)  0.720
 397 G   0.30847 0.29824 0.22662 0.09987 0.03156 0.01421 0.01073 0.01031 ( 1)  0.103
 398 R   0.28697 0.27928 0.22359 0.11383 0.04269 0.02119 0.01651 0.01593 ( 1)  0.131
 399 L   0.25783 0.25253 0.21307 0.12721 0.05970 0.03433 0.02806 0.02726 ( 1)  0.179
 400 F   0.30273 0.29361 0.22848 0.10593 0.03377 0.01454 0.01070 0.01024 ( 1)  0.106
 401 V   0.00011 0.01331 0.10364 0.23085 0.21443 0.16001 0.14019 0.13746 ( 4)  0.628
 402 S   0.00010 0.01215 0.09444 0.21445 0.21243 0.16802 0.15044 0.14797 ( 4)  0.649
 403 E   0.27869 0.27176 0.22126 0.11858 0.04755 0.02443 0.01918 0.01854 ( 1)  0.143
 404 F   0.00000 0.00000 0.00000 0.00002 0.01186 0.17490 0.38507 0.42814 ( 8)  0.970
 405 A   0.00000 0.00000 0.00000 0.00001 0.00859 0.16350 0.38979 0.43812 ( 8)  0.973
 406 G   0.00009 0.01122 0.08739 0.20116 0.20847 0.17411 0.15980 0.15776 ( 5)  0.666
 407 H   0.00023 0.02891 0.19730 0.30646 0.18509 0.10832 0.08813 0.08556 ( 4)  0.490
 408 S   0.17810 0.17681 0.16653 0.13828 0.10396 0.08348 0.07687 0.07597 ( 1)  0.346
 409 V   0.30255 0.29279 0.22441 0.10250 0.03503 0.01693 0.01313 0.01267 ( 1)  0.113
 410 R   0.19093 0.18917 0.17533 0.13875 0.09741 0.07451 0.06743 0.06647 ( 1)  0.316
 411 A   0.30187 0.29250 0.22611 0.10429 0.03474 0.01619 0.01238 0.01192 ( 1)  0.111
 412 L   0.00000 0.00000 0.00161 0.04611 0.17583 0.24795 0.26339 0.26510 ( 8)  0.869
 413 A   0.00008 0.01056 0.08329 0.19783 0.21069 0.17654 0.16158 0.15942 ( 5)  0.672
 414 A   0.00007 0.00868 0.06960 0.17475 0.20541 0.18758 0.17769 0.17621 ( 5)  0.703
 415 D   0.33632 0.32198 0.22593 0.07929 0.01896 0.00729 0.00524 0.00500 ( 1)  0.072
 416 D   0.33632 0.32198 0.22593 0.07929 0.01896 0.00729 0.00524 0.00500 ( 1)  0.072
 417 G   0.30550 0.29562 0.22622 0.10178 0.03308 0.01518 0.01153 0.01110 ( 1)  0.107
 418 S   0.00009 0.01090 0.08582 0.20231 0.21185 0.17443 0.15844 0.15615 ( 5)  0.666
 419 L   0.00011 0.01389 0.10504 0.22231 0.20715 0.16220 0.14578 0.14351 ( 4)  0.634
 420 L   0.27243 0.26590 0.21814 0.12030 0.05121 0.02787 0.02241 0.02173 ( 1)  0.155
 421 W   0.26771 0.26189 0.21863 0.12525 0.05389 0.02847 0.02245 0.02170 ( 1)  0.159
 422 S   0.00000 0.00008 0.00631 0.06467 0.17752 0.23955 0.25500 0.25687 ( 8)  0.852
 423 L   0.00013 0.01649 0.12273 0.24577 0.20752 0.14956 0.13021 0.12759 ( 4)  0.600
 424 G   0.29679 0.28805 0.22566 0.10791 0.03735 0.01766 0.01354 0.01304 ( 1)  0.117
 425 T   0.23421 0.23053 0.20239 0.13543 0.07369 0.04646 0.03912 0.03817 ( 1)  0.221
 426 G   0.30847 0.29824 0.22662 0.09987 0.03156 0.01421 0.01073 0.01031 ( 1)  0.103
 427 E   0.00000 0.00058 0.03514 0.19195 0.23417 0.19228 0.17422 0.17166 ( 5)  0.720
 428 C   0.00000 0.00000 0.00249 0.06250 0.19745 0.24360 0.24699 0.24698 ( 7)  0.849
 429 G   0.30584 0.29590 0.22614 0.10145 0.03294 0.01514 0.01152 0.01108 ( 1)  0.106
 430 S   0.00019 0.02417 0.17145 0.29557 0.19784 0.11928 0.09718 0.09433 ( 4)  0.520
 431 G   0.24594 0.24122 0.20594 0.12843 0.06611 0.04184 0.03566 0.03487 ( 1)  0.204
 432 D   0.00000 0.00001 0.00484 0.09908 0.23265 0.23161 0.21712 0.21469 ( 5)  0.810
 433 G   0.30732 0.29722 0.22642 0.10057 0.03216 0.01461 0.01107 0.01064 ( 1)  0.104
 434 R   0.00000 0.00013 0.00948 0.08504 0.19498 0.23332 0.23834 0.23871 ( 8)  0.829
 435 F   0.00000 0.00024 0.01633 0.12392 0.22114 0.21996 0.21005 0.20837 ( 5)  0.787
 436 D   0.00000 0.00000 0.00000 0.00023 0.02629 0.20231 0.36990 0.40128 ( 8)  0.962
 437 G   0.00000 0.00000 0.00000 0.00040 0.03135 0.20924 0.36531 0.39370 ( 8)  0.959
 438 P   0.22355 0.22036 0.19581 0.13638 0.07955 0.05330 0.04601 0.04505 ( 1)  0.245
 439 W   0.00000 0.00000 0.00001 0.00415 0.08119 0.24518 0.32839 0.34109 ( 8)  0.934
 440 G   0.00009 0.01160 0.08998 0.20475 0.20868 0.17223 0.15739 0.15529 ( 5)  0.661
 441 L   0.26524 0.25933 0.21575 0.12373 0.05529 0.03101 0.02519 0.02446 ( 1)  0.167
 442 A   0.00012 0.01459 0.11079 0.23467 0.21146 0.15675 0.13716 0.13446 ( 4)  0.619
 443 V   0.00020 0.02541 0.17764 0.29565 0.19351 0.11750 0.09640 0.09368 ( 4)  0.515
 444 V   0.00015 0.01937 0.14097 0.26457 0.20434 0.13823 0.11756 0.11481 ( 4)  0.570
 445 T   0.28299 0.27582 0.22349 0.11738 0.04496 0.02204 0.01697 0.01634 ( 1)  0.135
 446 G   0.00005 0.00595 0.05055 0.14702 0.20261 0.20185 0.19645 0.19553 ( 5)  0.742
 447 G   0.00011 0.01401 0.10623 0.22558 0.20856 0.16085 0.14353 0.14113 ( 4)  0.631
 448 P   0.00005 0.00641 0.05695 0.17187 0.21747 0.19273 0.17835 0.17619 ( 5)  0.714
 449 R   0.00000 0.00030 0.01981 0.14114 0.22956 0.21348 0.19899 0.19673 ( 5)  0.769
 450 E   0.33160 0.31810 0.22683 0.08316 0.02077 0.00811 0.00584 0.00558 ( 1)  0.076
 451 Q   0.00010 0.01243 0.09795 0.22554 0.21670 0.16347 0.14331 0.14051 ( 4)  0.636
 452 L   0.26765 0.26160 0.21701 0.12311 0.05387 0.02965 0.02391 0.02319 ( 1)  0.162
 453 V   0.30255 0.29279 0.22441 0.10250 0.03503 0.01693 0.01313 0.01267 ( 1)  0.113
 454 V   0.00000 0.00014 0.01049 0.09788 0.21136 0.23014 0.22551 0.22448 ( 6)  0.813
 455 A   0.25603 0.25089 0.21250 0.12807 0.06068 0.03511 0.02877 0.02796 ( 1)  0.182
 456 D   0.00030 0.03639 0.23569 0.31869 0.16781 0.09328 0.07506 0.07278 ( 4)  0.447
 457 N   0.00000 0.00000 0.00000 0.00002 0.01167 0.17477 0.38522 0.42831 ( 8)  0.970
 458 G   0.00000 0.00000 0.00000 0.00084 0.04394 0.22302 0.35477 0.37743 ( 8)  0.953
 459 N   0.00000 0.00001 0.00295 0.06902 0.20164 0.24090 0.24282 0.24267 ( 7)  0.843
 460 K   0.00000 0.00000 0.00000 0.00031 0.03204 0.21320 0.36385 0.39061 ( 8)  0.959
 461 R   0.00002 0.00243 0.02164 0.07761 0.16246 0.22798 0.25221 0.25566 ( 8)  0.833
 462 L   0.00010 0.01262 0.09632 0.21031 0.20646 0.16853 0.15386 0.15181 ( 4)  0.652
 463 Q   0.00000 0.00000 0.00111 0.03543 0.15837 0.24973 0.27601 0.27935 ( 8)  0.883
 464 V   0.00000 0.00018 0.01273 0.10742 0.21411 0.22624 0.22025 0.21907 ( 6)  0.804
 465 F   0.00000 0.00000 0.00137 0.04108 0.16785 0.24886 0.26920 0.27164 ( 8)  0.875
 466 S   0.00000 0.00000 0.00012 0.01223 0.11355 0.25111 0.30746 0.31553 ( 8)  0.916
 467 A   0.00000 0.00010 0.00731 0.07039 0.18081 0.23729 0.25120 0.25290 ( 8)  0.846
 468 S   0.00000 0.00000 0.00008 0.01040 0.10651 0.24967 0.31210 0.32124 ( 8)  0.920


lnL = -5865.716122

