Supplemental results for CODEML (seqf: algn  treef: tree)


dN/dS (w) for site classes (K=2)

p:   0.99999  0.00001
w:   0.02066  1.00000

Naive Empirical Bayes (NEB) probabilities for 2 classes & postmean_w
(amino acids refer to 1st sequence: spe.10529)

   1 L   0.99999 0.00001 ( 1)  0.021
   2 E   0.99999 0.00001 ( 1)  0.021
   3 G   0.99999 0.00001 ( 1)  0.021
   4 R   0.99999 0.00001 ( 1)  0.021
   5 L   0.99999 0.00001 ( 1)  0.021
   6 A   0.99999 0.00001 ( 1)  0.021
   7 V   0.99999 0.00001 ( 1)  0.021
   8 G   0.99999 0.00001 ( 1)  0.021
   9 D   0.99999 0.00001 ( 1)  0.021
  10 K   0.99999 0.00001 ( 1)  0.021
  11 V   0.99999 0.00001 ( 1)  0.021
  12 R   0.99999 0.00001 ( 1)  0.021
  13 V   0.99999 0.00001 ( 1)  0.021
  14 S   0.99999 0.00001 ( 1)  0.021
  15 V   0.99999 0.00001 ( 1)  0.021
  16 D   0.99999 0.00001 ( 1)  0.021
  17 P   0.99999 0.00001 ( 1)  0.021
  18 A   0.99999 0.00001 ( 1)  0.021
  19 R   0.99999 0.00001 ( 1)  0.021
  20 R   0.99999 0.00001 ( 1)  0.021
  21 V   0.99999 0.00001 ( 1)  0.021
  22 G   0.99999 0.00001 ( 1)  0.021
  23 L   0.99999 0.00001 ( 1)  0.021
  24 M   0.99999 0.00001 ( 1)  0.021
  25 R   0.99999 0.00001 ( 1)  0.021
  26 N   0.99999 0.00001 ( 1)  0.021
  27 H   0.99999 0.00001 ( 1)  0.021
  28 T   0.99999 0.00001 ( 1)  0.021
  29 G   0.99999 0.00001 ( 1)  0.021
  30 T   0.99999 0.00001 ( 1)  0.021
  31 H   0.99999 0.00001 ( 1)  0.021
  32 V   0.99999 0.00001 ( 1)  0.021
  33 L   0.99999 0.00001 ( 1)  0.021
  34 N   0.99999 0.00001 ( 1)  0.021
  35 F   0.99999 0.00001 ( 1)  0.021
  36 A   0.99999 0.00001 ( 1)  0.021
  37 L   0.99999 0.00001 ( 1)  0.021
  38 R   0.99999 0.00001 ( 1)  0.021
  39 R   0.99999 0.00001 ( 1)  0.021
  40 V   0.99999 0.00001 ( 1)  0.021
  41 L   0.99999 0.00001 ( 1)  0.021
  42 G   0.99999 0.00001 ( 1)  0.021
  43 E   0.99999 0.00001 ( 1)  0.021
  44 A   0.99999 0.00001 ( 1)  0.021
  45 D   0.99999 0.00001 ( 1)  0.021
  46 Q   0.99999 0.00001 ( 1)  0.021
  47 K   0.99999 0.00001 ( 1)  0.021
  48 G   0.99999 0.00001 ( 1)  0.021
  49 S   0.99999 0.00001 ( 1)  0.021
  50 L   0.99999 0.00001 ( 1)  0.021
  51 R   0.99999 0.00001 ( 1)  0.021
  52 A   0.99999 0.00001 ( 1)  0.021
  53 L   0.99999 0.00001 ( 1)  0.021
  54 T   0.99999 0.00001 ( 1)  0.021
  55 K   0.99999 0.00001 ( 1)  0.021
  56 D   0.99999 0.00001 ( 1)  0.021
  57 E   0.99999 0.00001 ( 1)  0.021
  58 V   0.99999 0.00001 ( 1)  0.021
  59 V   0.99999 0.00001 ( 1)  0.021
  60 A   0.99999 0.00001 ( 1)  0.021
  61 T   0.99999 0.00001 ( 1)  0.021
  62 E   0.99999 0.00001 ( 1)  0.021
  63 E   0.99999 0.00001 ( 1)  0.021
  64 A   0.99999 0.00001 ( 1)  0.021
  65 A   0.99999 0.00001 ( 1)  0.021
  66 R   0.99999 0.00001 ( 1)  0.021
  67 R   0.99999 0.00001 ( 1)  0.021
  68 M   0.99999 0.00001 ( 1)  0.021
  69 I   0.99999 0.00001 ( 1)  0.021
  70 R   0.99999 0.00001 ( 1)  0.021
  71 S   0.99999 0.00001 ( 1)  0.021
  72 W   0.99999 0.00001 ( 1)  0.021
  73 Q   0.99999 0.00001 ( 1)  0.021
  74 R   0.99999 0.00001 ( 1)  0.021
  75 V   0.99999 0.00001 ( 1)  0.021
  76 F   0.99999 0.00001 ( 1)  0.021
  77 A   0.99999 0.00001 ( 1)  0.021
  78 E   0.99999 0.00001 ( 1)  0.021
  79 D   0.99999 0.00001 ( 1)  0.021
  80 V   0.99999 0.00001 ( 1)  0.021
  81 P   0.99999 0.00001 ( 1)  0.021
  82 L   0.99999 0.00001 ( 1)  0.021
  83 A   0.99999 0.00001 ( 1)  0.021
  84 N   0.99999 0.00001 ( 1)  0.021
  85 A   0.99999 0.00001 ( 1)  0.021
  86 K   0.99999 0.00001 ( 1)  0.021
  87 A   0.99999 0.00001 ( 1)  0.021
  88 I   0.99999 0.00001 ( 1)  0.021
  89 Q   0.99999 0.00001 ( 1)  0.021
  90 G   0.99999 0.00001 ( 1)  0.021
  91 L   0.99999 0.00001 ( 1)  0.021
  92 R   0.99999 0.00001 ( 1)  0.021
  93 A   0.99999 0.00001 ( 1)  0.021
  94 V   0.99999 0.00001 ( 1)  0.021
  95 F   0.99999 0.00001 ( 1)  0.021
  96 G   0.99999 0.00001 ( 1)  0.021
  97 E   0.99999 0.00001 ( 1)  0.021
  98 V   0.99999 0.00001 ( 1)  0.021
  99 Y   0.99999 0.00001 ( 1)  0.021
 100 P   0.99999 0.00001 ( 1)  0.021
 101 D   0.99999 0.00001 ( 1)  0.021
 102 P   0.99999 0.00001 ( 1)  0.021
 103 V   0.99999 0.00001 ( 1)  0.021
 104 R   0.99999 0.00001 ( 1)  0.021
 105 V   0.99999 0.00001 ( 1)  0.021
 106 V   0.99999 0.00001 ( 1)  0.021
 107 S   0.99999 0.00001 ( 1)  0.021
 108 V   0.99999 0.00001 ( 1)  0.021
 109 G   0.99999 0.00001 ( 1)  0.021
 110 V   0.99999 0.00001 ( 1)  0.021
 111 P   0.99999 0.00001 ( 1)  0.021
 112 V   0.99999 0.00001 ( 1)  0.021
 113 T   0.99999 0.00001 ( 1)  0.021
 114 A   0.99999 0.00001 ( 1)  0.021
 115 S   0.99999 0.00001 ( 1)  0.021
 116 L   0.99999 0.00001 ( 1)  0.021
 117 L   0.99999 0.00001 ( 1)  0.021
 118 R   0.99999 0.00001 ( 1)  0.021
 119 D   0.99999 0.00001 ( 1)  0.021
 120 P   0.99999 0.00001 ( 1)  0.021
 121 T   0.99999 0.00001 ( 1)  0.021
 122 S   0.99999 0.00001 ( 1)  0.021
 123 N   0.99999 0.00001 ( 1)  0.021
 124 V   0.99999 0.00001 ( 1)  0.021
 125 A   0.99999 0.00001 ( 1)  0.021
 126 S   0.99999 0.00001 ( 1)  0.021
 127 R   0.99999 0.00001 ( 1)  0.021
 128 T   0.99999 0.00001 ( 1)  0.021
 129 S   0.99999 0.00001 ( 1)  0.021
 130 V   0.99999 0.00001 ( 1)  0.021
 131 E   0.99999 0.00001 ( 1)  0.021
 132 F   0.99999 0.00001 ( 1)  0.021
 133 C   0.99999 0.00001 ( 1)  0.021
 134 G   0.99999 0.00001 ( 1)  0.021
 135 G   0.99999 0.00001 ( 1)  0.021
 136 T   0.99999 0.00001 ( 1)  0.021
 137 H   0.99999 0.00001 ( 1)  0.021
 138 V   0.99999 0.00001 ( 1)  0.021
 139 L   0.99999 0.00001 ( 1)  0.021
 140 N   0.99999 0.00001 ( 1)  0.021
 141 V   0.99999 0.00001 ( 1)  0.021
 142 G   0.99999 0.00001 ( 1)  0.021
 143 H   0.99999 0.00001 ( 1)  0.021
 144 V   0.99999 0.00001 ( 1)  0.021
 145 G   0.99999 0.00001 ( 1)  0.021
 146 M   0.99958 0.00042 ( 1)  0.021
 147 F   0.99999 0.00001 ( 1)  0.021
 148 V   0.99999 0.00001 ( 1)  0.021
 149 L   0.99999 0.00001 ( 1)  0.021
 150 V   0.99999 0.00001 ( 1)  0.021
 151 S   0.99999 0.00001 ( 1)  0.021
 152 E   0.99999 0.00001 ( 1)  0.021
 153 E   0.99999 0.00001 ( 1)  0.021
 154 A   0.99999 0.00001 ( 1)  0.021
 155 I   0.99999 0.00001 ( 1)  0.021
 156 A   0.99999 0.00001 ( 1)  0.021
 157 K   0.99999 0.00001 ( 1)  0.021
 158 G   0.99999 0.00001 ( 1)  0.021
 159 I   0.99999 0.00001 ( 1)  0.021
 160 R   0.99999 0.00001 ( 1)  0.021
 161 R   0.99999 0.00001 ( 1)  0.021
 162 I   0.99999 0.00001 ( 1)  0.021
 163 V   0.99999 0.00001 ( 1)  0.021
 164 A   0.99999 0.00001 ( 1)  0.021
 165 V   0.99999 0.00001 ( 1)  0.021
 166 T   0.99999 0.00001 ( 1)  0.021
 167 G   0.99999 0.00001 ( 1)  0.021
 168 P   0.99999 0.00001 ( 1)  0.021
 169 E   0.99999 0.00001 ( 1)  0.021
 170 G   0.99999 0.00001 ( 1)  0.021
 171 E   0.99999 0.00001 ( 1)  0.021
 172 R   0.99999 0.00001 ( 1)  0.021
 173 A   0.99999 0.00001 ( 1)  0.021
 174 E   0.99999 0.00001 ( 1)  0.021
 175 K   0.99999 0.00001 ( 1)  0.021
 176 Q   0.99999 0.00001 ( 1)  0.021
 177 A   0.99999 0.00001 ( 1)  0.021
 178 D   0.99999 0.00001 ( 1)  0.021
 179 L   0.99999 0.00001 ( 1)  0.021
 180 L   0.99999 0.00001 ( 1)  0.021
 181 A   0.99999 0.00001 ( 1)  0.021
 182 E   0.99999 0.00001 ( 1)  0.021
 183 D   0.99999 0.00001 ( 1)  0.021
 184 V   0.99999 0.00001 ( 1)  0.021
 185 A   0.99999 0.00001 ( 1)  0.021
 186 K   0.99999 0.00001 ( 1)  0.021
 187 F   0.99999 0.00001 ( 1)  0.021
 188 V   0.99999 0.00001 ( 1)  0.021
 189 E   0.99999 0.00001 ( 1)  0.021
 190 A   0.99999 0.00001 ( 1)  0.021
 191 V   0.99999 0.00001 ( 1)  0.021
 192 N   0.99999 0.00001 ( 1)  0.021
 193 T   0.99999 0.00001 ( 1)  0.021
 194 A   0.99999 0.00001 ( 1)  0.021
 195 T   0.99999 0.00001 ( 1)  0.021
 196 S   0.99999 0.00001 ( 1)  0.021
 197 A   0.99999 0.00001 ( 1)  0.021
 198 S   0.99999 0.00001 ( 1)  0.021
 199 P   0.99999 0.00001 ( 1)  0.021
 200 V   0.99999 0.00001 ( 1)  0.021
 201 N   0.99999 0.00001 ( 1)  0.021
 202 D   0.99999 0.00001 ( 1)  0.021
 203 A   0.99999 0.00001 ( 1)  0.021
 204 K   0.99999 0.00001 ( 1)  0.021
 205 C   0.99999 0.00001 ( 1)  0.021
 206 R   0.99999 0.00001 ( 1)  0.021
 207 Q   0.99999 0.00001 ( 1)  0.021
 208 L   0.99999 0.00001 ( 1)  0.021
 209 S   0.99999 0.00001 ( 1)  0.021
 210 Q   0.99999 0.00001 ( 1)  0.021
 211 K   0.99999 0.00001 ( 1)  0.021
 212 F   0.99999 0.00001 ( 1)  0.021
 213 A   0.99999 0.00001 ( 1)  0.021
 214 S   0.99999 0.00001 ( 1)  0.021
 215 V   0.99999 0.00001 ( 1)  0.021
 216 L   0.99999 0.00001 ( 1)  0.021
 217 D   0.99999 0.00001 ( 1)  0.021
 218 S   0.99999 0.00001 ( 1)  0.021
 219 V   0.99999 0.00001 ( 1)  0.021
 220 A   0.99999 0.00001 ( 1)  0.021
 221 T   0.99999 0.00001 ( 1)  0.021
 222 A   0.99999 0.00001 ( 1)  0.021
 223 A   0.99999 0.00001 ( 1)  0.021
 224 I   0.99999 0.00001 ( 1)  0.021
 225 S   0.99999 0.00001 ( 1)  0.021
 226 L   0.99999 0.00001 ( 1)  0.021
 227 G   0.99999 0.00001 ( 1)  0.021
 228 R   0.99999 0.00001 ( 1)  0.021
 229 R   0.99999 0.00001 ( 1)  0.021
 230 E   0.99999 0.00001 ( 1)  0.021
 231 T   0.99999 0.00001 ( 1)  0.021
 232 L   0.99999 0.00001 ( 1)  0.021
 233 R   0.99999 0.00001 ( 1)  0.021
 234 E   0.99999 0.00001 ( 1)  0.021
 235 S   0.99999 0.00001 ( 1)  0.021
 236 L   0.99999 0.00001 ( 1)  0.021
 237 H   0.99999 0.00001 ( 1)  0.021
 238 A   0.99999 0.00001 ( 1)  0.021
 239 A   0.99999 0.00001 ( 1)  0.021
 240 K   0.99999 0.00001 ( 1)  0.021
 241 Q   0.99999 0.00001 ( 1)  0.021
 242 K   0.99999 0.00001 ( 1)  0.021
 243 L   0.99999 0.00001 ( 1)  0.021
 244 D   0.99999 0.00001 ( 1)  0.021
 245 D   0.99999 0.00001 ( 1)  0.021
 246 R   0.99999 0.00001 ( 1)  0.021
 247 D   0.99999 0.00001 ( 1)  0.021
 248 K   0.99999 0.00001 ( 1)  0.021
 249 L   0.99999 0.00001 ( 1)  0.021
 250 A   0.99999 0.00001 ( 1)  0.021
 251 K   0.99999 0.00001 ( 1)  0.021
 252 S   0.99999 0.00001 ( 1)  0.021
 253 A   0.99999 0.00001 ( 1)  0.021
 254 L   0.99999 0.00001 ( 1)  0.021
 255 S   0.99999 0.00001 ( 1)  0.021
 256 A   0.99999 0.00001 ( 1)  0.021
 257 E   0.99999 0.00001 ( 1)  0.021
 258 V   0.99999 0.00001 ( 1)  0.021
 259 L   0.99999 0.00001 ( 1)  0.021
 260 I   0.99999 0.00001 ( 1)  0.021
 261 A   0.99999 0.00001 ( 1)  0.021
 262 R   0.99999 0.00001 ( 1)  0.021
 263 G   0.99999 0.00001 ( 1)  0.021
 264 L   0.99999 0.00001 ( 1)  0.021
 265 K   0.99999 0.00001 ( 1)  0.021
 266 A   0.99999 0.00001 ( 1)  0.021
 267 N   0.99999 0.00001 ( 1)  0.021
 268 E   0.99999 0.00001 ( 1)  0.021
 269 W   0.99999 0.00001 ( 1)  0.021
 270 V   0.99999 0.00001 ( 1)  0.021
 271 A   0.99999 0.00001 ( 1)  0.021
 272 T   0.99999 0.00001 ( 1)  0.021
 273 V   0.99999 0.00001 ( 1)  0.021
 274 S   0.99999 0.00001 ( 1)  0.021
 275 K   0.99999 0.00001 ( 1)  0.021
 276 K   0.99999 0.00001 ( 1)  0.021
 277 I   0.99999 0.00001 ( 1)  0.021
 278 G   0.99999 0.00001 ( 1)  0.021
 279 G   0.99999 0.00001 ( 1)  0.021
 280 K   0.99999 0.00001 ( 1)  0.021
 281 G   0.99999 0.00001 ( 1)  0.021
 282 G   0.99999 0.00001 ( 1)  0.021
 283 G   0.99999 0.00001 ( 1)  0.021
 284 K   0.99999 0.00001 ( 1)  0.021
 285 E   0.99999 0.00001 ( 1)  0.021
 286 A   0.99999 0.00001 ( 1)  0.021
 287 S   0.99999 0.00001 ( 1)  0.021
 288 A   0.99999 0.00001 ( 1)  0.021
 289 Q   0.99999 0.00001 ( 1)  0.021
 290 A   0.99999 0.00001 ( 1)  0.021
 291 T   0.99999 0.00001 ( 1)  0.021
 292 G   0.99999 0.00001 ( 1)  0.021
 293 S   0.99999 0.00001 ( 1)  0.021
 294 A   0.99999 0.00001 ( 1)  0.021
 295 A   0.99999 0.00001 ( 1)  0.021
 296 A   0.99999 0.00001 ( 1)  0.021
 297 C   0.99999 0.00001 ( 1)  0.021
 298 R   0.99999 0.00001 ( 1)  0.021
 299 I   0.99999 0.00001 ( 1)  0.021
 300 E   0.99999 0.00001 ( 1)  0.021
 301 E   0.99999 0.00001 ( 1)  0.021
 302 V   0.99999 0.00001 ( 1)  0.021
 303 V   0.99999 0.00001 ( 1)  0.021
 304 Q   0.99999 0.00001 ( 1)  0.021
 305 L   0.99999 0.00001 ( 1)  0.021
 306 A   0.99999 0.00001 ( 1)  0.021
 307 K   0.99999 0.00001 ( 1)  0.021
 308 S   0.99999 0.00001 ( 1)  0.021
 309 F   0.99999 0.00001 ( 1)  0.021
 310 A   0.99999 0.00001 ( 1)  0.021
 311 S   0.99999 0.00001 ( 1)  0.021
 312 S   0.99999 0.00001 ( 1)  0.021
 313 K   0.99999 0.00001 ( 1)  0.021
 314 L   0.99999 0.00001 ( 1)  0.021
 315 T   0.99999 0.00001 ( 1)  0.021
 316 D   0.99999 0.00001 ( 1)  0.021
 317 L   0.99999 0.00001 ( 1)  0.021
 318 A   0.99999 0.00001 ( 1)  0.021
 319 Q   0.99999 0.00001 ( 1)  0.021


lnL = -1329.829958

