Supplemental results for CODEML (seqf: algn  treef: tree)


dN/dS (w) for site classes (K=2)

p:   0.38006  0.61994
w:   0.24691  1.00000

Naive Empirical Bayes (NEB) probabilities for 2 classes & postmean_w
(amino acids refer to 1st sequence: hym.11332)

   1 -   0.81151 0.18849 ( 1)  0.389
   2 -   0.71975 0.28025 ( 1)  0.458
   3 -   0.82819 0.17181 ( 1)  0.376
   4 -   0.65112 0.34888 ( 1)  0.510
   5 -   0.72098 0.27902 ( 1)  0.457
   6 -   0.61431 0.38569 ( 1)  0.537
   7 -   0.30949 0.69051 ( 2)  0.767
   8 -   0.37868 0.62132 ( 2)  0.715
   9 -   0.72418 0.27582 ( 1)  0.455
  10 -   0.79850 0.20150 ( 1)  0.399
  11 -   0.07256 0.92744 ( 2)  0.945
  12 -   0.75870 0.24130 ( 1)  0.429
  13 -   0.60495 0.39505 ( 1)  0.544
  14 -   0.39202 0.60798 ( 2)  0.705
  15 -   0.18903 0.81097 ( 2)  0.858
  16 -   0.08018 0.91982 ( 2)  0.940
  17 -   0.04003 0.95997 ( 2)  0.970
  18 -   0.16113 0.83887 ( 2)  0.879
  19 -   0.78620 0.21380 ( 1)  0.408
  20 -   0.55690 0.44310 ( 1)  0.581
  21 -   0.54773 0.45227 ( 1)  0.588
  22 -   0.78620 0.21380 ( 1)  0.408
  23 -   0.24568 0.75432 ( 2)  0.815
  24 -   0.24937 0.75063 ( 2)  0.812
  25 -   0.07692 0.92308 ( 2)  0.942
  26 -   0.32415 0.67585 ( 2)  0.756
  27 -   0.09446 0.90554 ( 2)  0.929
  28 -   0.09623 0.90377 ( 2)  0.928
  29 -   0.13508 0.86492 ( 2)  0.898
  30 -   0.40609 0.59391 ( 2)  0.694
  31 -   0.12037 0.87963 ( 2)  0.909
  32 -   0.22802 0.77198 ( 2)  0.828
  33 -   0.51248 0.48752 ( 1)  0.614
  34 -   0.58565 0.41435 ( 1)  0.559
  35 -   0.52094 0.47906 ( 1)  0.608
  36 -   0.48007 0.51993 ( 2)  0.638
  37 -   0.58565 0.41435 ( 1)  0.559
  38 -   0.54947 0.45053 ( 1)  0.586
  39 -   0.50028 0.49972 ( 1)  0.623
  40 -   0.53827 0.46173 ( 1)  0.595
  41 M   0.94553 0.05447 ( 1)  0.288
  42 I   0.91682 0.08318 ( 1)  0.310
  43 A   0.25729 0.74271 ( 2)  0.806
  44 K   0.92332 0.07668 ( 1)  0.305
  45 E   0.76730 0.23270 ( 1)  0.422
  46 G   0.62129 0.37871 ( 1)  0.532
  47 Y   0.15937 0.84063 ( 2)  0.880
  48 W   0.40282 0.59718 ( 2)  0.697
  49 E   0.17782 0.82218 ( 2)  0.866
  50 L   0.08221 0.91779 ( 2)  0.938
  51 H   0.45362 0.54638 ( 2)  0.658
  52 E   0.00605 0.99395 ( 2)  0.995
  53 L   0.07819 0.92181 ( 2)  0.941
  54 K   0.79718 0.20282 ( 1)  0.400
  55 P   0.75114 0.24886 ( 1)  0.434
  56 R   0.87059 0.12941 ( 1)  0.344
  57 G   0.54989 0.45011 ( 1)  0.586
  58 D   0.72457 0.27543 ( 1)  0.454
  59 V   0.51454 0.48546 ( 1)  0.613
  60 V   0.39606 0.60394 ( 2)  0.702
  61 G   0.53857 0.46143 ( 1)  0.594
  62 C   0.43203 0.56797 ( 2)  0.675
  63 F   0.19873 0.80127 ( 2)  0.850
  64 F   0.92389 0.07611 ( 1)  0.304
  65 A   0.88203 0.11797 ( 1)  0.336
  66 C   0.89598 0.10402 ( 1)  0.325
  67 E   0.92175 0.07825 ( 1)  0.306
  68 Q   0.87558 0.12442 ( 1)  0.341
  69 -   0.38006 0.61994 ( 2)  0.714
  70 L   0.75798 0.24202 ( 1)  0.429
  71 V   0.51564 0.48436 ( 1)  0.612
  72 E   0.93009 0.06991 ( 1)  0.300
  73 R   0.87465 0.12535 ( 1)  0.341
  74 Q   0.89718 0.10282 ( 1)  0.324
  75 T   0.49090 0.50910 ( 2)  0.630
  76 R   0.41511 0.58489 ( 2)  0.687
  77 K   0.90735 0.09265 ( 1)  0.317
  78 G   0.54764 0.45236 ( 1)  0.588
  79 F   0.92389 0.07611 ( 1)  0.304
  80 L   0.77431 0.22569 ( 1)  0.417
  81 H   0.76663 0.23337 ( 1)  0.423
  82 R   0.58844 0.41156 ( 1)  0.557
  83 I   0.91753 0.08247 ( 1)  0.309
  84 V   0.61284 0.38716 ( 1)  0.538
  85 T   0.87315 0.12685 ( 1)  0.342
  86 G   0.21058 0.78942 ( 2)  0.841
  87 D   0.71716 0.28284 ( 1)  0.460
  88 E   0.93009 0.06991 ( 1)  0.300
  89 -   0.38006 0.61994 ( 2)  0.714
  90 -   0.38006 0.61994 ( 2)  0.714
  91 K   0.10480 0.89520 ( 2)  0.921
  92 W   0.71111 0.28889 ( 1)  0.464
  93 V   0.41211 0.58789 ( 2)  0.690
  94 N   0.02331 0.97669 ( 2)  0.982
  95 Y   0.01329 0.98671 ( 2)  0.990
  96 N   0.13396 0.86604 ( 2)  0.899
  97 S   0.28685 0.71315 ( 2)  0.784
  98 S   0.04518 0.95482 ( 2)  0.966
  99 N   0.07598 0.92402 ( 2)  0.943
 100 P   0.23787 0.76213 ( 2)  0.821
 101 N   0.11753 0.88247 ( 2)  0.911
 102 R   0.14431 0.85569 ( 2)  0.891
 103 S   0.21783 0.78217 ( 2)  0.836
 104 A   0.31117 0.68883 ( 2)  0.766
 105 E   0.73334 0.26666 ( 1)  0.448
 106 N   0.43916 0.56084 ( 2)  0.669
 107 H   0.76419 0.23581 ( 1)  0.424
 108 G   0.66561 0.33439 ( 1)  0.499
 109 D   0.76954 0.23046 ( 1)  0.420
 110 C   0.28061 0.71939 ( 2)  0.789
 111 P   0.63909 0.36091 ( 1)  0.519
 112 V   0.30963 0.69037 ( 2)  0.767
 113 I   0.12244 0.87756 ( 2)  0.908
 114 T   0.35322 0.64678 ( 2)  0.734
 115 L   0.63004 0.36996 ( 1)  0.526
 116 L   0.61535 0.38465 ( 1)  0.537
 117 R   0.07661 0.92339 ( 2)  0.942
 118 Q   0.05881 0.94119 ( 2)  0.956
 119 N   0.04044 0.95956 ( 2)  0.970
 120 L   0.07298 0.92702 ( 2)  0.945
 121 G   0.06703 0.93297 ( 2)  0.950
 122 R   0.44474 0.55526 ( 2)  0.665
 123 M   0.16850 0.83150 ( 2)  0.873
 124 N   0.86058 0.13942 ( 1)  0.352
 125 I   0.11067 0.88933 ( 2)  0.917
 126 H   0.95796 0.04204 ( 1)  0.279
 127 G   0.50783 0.49217 ( 1)  0.618
 128 S   0.45500 0.54500 ( 2)  0.657
 129 K   0.33547 0.66453 ( 2)  0.747
 130 V   0.42686 0.57314 ( 2)  0.679
 131 M   0.81864 0.18136 ( 1)  0.383
 132 L   0.62593 0.37407 ( 1)  0.529
 133 C   0.22741 0.77259 ( 2)  0.829
 134 V   0.08999 0.91001 ( 2)  0.932
 135 W   0.10326 0.89674 ( 2)  0.922
 136 W   0.03120 0.96880 ( 2)  0.977
 137 G   0.08632 0.91368 ( 2)  0.935
 138 D   0.01423 0.98577 ( 2)  0.989
 139 Q   0.03638 0.96362 ( 2)  0.973
 140 L   0.30139 0.69861 ( 2)  0.773
 141 G   0.04316 0.95684 ( 2)  0.967
 142 V   0.06169 0.93831 ( 2)  0.954
 143 I   0.23757 0.76243 ( 2)  0.821
 144 Y   0.01773 0.98227 ( 2)  0.987
 145 Y   0.01711 0.98289 ( 2)  0.987
 146 E   0.03682 0.96318 ( 2)  0.972
 147 L   0.17453 0.82547 ( 2)  0.869
 148 L   0.12754 0.87246 ( 2)  0.904
 149 K   0.79942 0.20058 ( 1)  0.398
 150 P   0.10126 0.89874 ( 2)  0.924
 151 S   0.00984 0.99016 ( 2)  0.993
 152 E   0.17659 0.82341 ( 2)  0.867
 153 T   0.08880 0.91120 ( 2)  0.933
 154 I   0.10981 0.89019 ( 2)  0.917
 155 T   0.01975 0.98025 ( 2)  0.985
 156 D   0.38771 0.61229 ( 2)  0.708
 157 V   0.10944 0.89056 ( 2)  0.918
 158 A   0.20556 0.79444 ( 2)  0.845
 159 A   0.01546 0.98454 ( 2)  0.988
 160 F   0.01647 0.98353 ( 2)  0.988
 161 D   0.82183 0.17817 ( 1)  0.381
 162 -   0.52499 0.47501 ( 1)  0.605
 163 -   0.52536 0.47464 ( 1)  0.604
 164 -   0.56044 0.43956 ( 1)  0.578
 165 -   0.26094 0.73906 ( 2)  0.803
 166 -   0.23573 0.76427 ( 2)  0.822
 167 -   0.52065 0.47935 ( 1)  0.608
 168 -   0.58278 0.41722 ( 1)  0.561
 169 -   0.62226 0.37774 ( 1)  0.531
 170 -   0.22444 0.77556 ( 2)  0.831
 171 -   0.13855 0.86145 ( 2)  0.896
 172 -   0.20135 0.79865 ( 2)  0.848
 173 -   0.52351 0.47649 ( 1)  0.606
 174 -   0.26695 0.73305 ( 2)  0.799
 175 L   0.37815 0.62185 ( 2)  0.715
 176 T   0.22151 0.77849 ( 2)  0.833
 177 H   0.07815 0.92185 ( 2)  0.941
 178 L   0.01465 0.98535 ( 2)  0.989
 179 F   0.24389 0.75611 ( 2)  0.816
 180 R   0.68316 0.31684 ( 1)  0.486
 181 S   0.76332 0.23668 ( 1)  0.425
 182 M   0.69391 0.30609 ( 1)  0.477
 183 A   0.46489 0.53511 ( 2)  0.650
 184 H   0.88108 0.11892 ( 1)  0.336
 185 G   0.22912 0.77088 ( 2)  0.827
 186 -   0.38006 0.61994 ( 2)  0.714
 187 -   0.38006 0.61994 ( 2)  0.714
 188 L   0.03761 0.96239 ( 2)  0.972
 189 T   0.43308 0.56692 ( 2)  0.674
 190 E   0.16801 0.83199 ( 2)  0.873
 191 Q   0.54139 0.45861 ( 1)  0.592
 192 H   0.35343 0.64657 ( 2)  0.734
 193 L   0.10637 0.89363 ( 2)  0.920
 194 S   0.81457 0.18543 ( 1)  0.387
 195 S   0.18645 0.81355 ( 2)  0.860
 196 Y   0.56551 0.43449 ( 1)  0.574
 197 E   0.88728 0.11272 ( 1)  0.332
 198 E   0.89495 0.10505 ( 1)  0.326
 199 V   0.36521 0.63479 ( 2)  0.725
 200 K   0.78586 0.21414 ( 1)  0.408
 201 N   0.82045 0.17955 ( 1)  0.382
 202 W   0.31816 0.68184 ( 2)  0.760
 203 I   0.31213 0.68787 ( 2)  0.765
 204 D   0.02467 0.97533 ( 2)  0.981
 205 S   0.06534 0.93466 ( 2)  0.951
 206 W   0.10923 0.89077 ( 2)  0.918
 207 I   0.03868 0.96132 ( 2)  0.971
 208 L   0.00047 0.99953 ( 2)  1.000
 209 S   0.00080 0.99920 ( 2)  0.999
 210 K   0.24054 0.75946 ( 2)  0.819
 211 D   0.00561 0.99439 ( 2)  0.996
 212 E   0.04242 0.95758 ( 2)  0.968
 213 I   0.02810 0.97190 ( 2)  0.979
 214 F   0.31102 0.68898 ( 2)  0.766
 215 S   0.00120 0.99880 ( 2)  0.999
 216 -   0.38006 0.61994 ( 2)  0.714
 217 -   0.38006 0.61994 ( 2)  0.714
 218 -   0.38006 0.61994 ( 2)  0.714
 219 P   0.02443 0.97557 ( 2)  0.982
 220 R   0.00128 0.99872 ( 2)  0.999
 221 D   0.00527 0.99473 ( 2)  0.996
 222 W   0.03326 0.96674 ( 2)  0.975
 223 S   0.03094 0.96906 ( 2)  0.977
 224 -   0.01965 0.98035 ( 2)  0.985
 225 -   0.03866 0.96134 ( 2)  0.971
 226 A   0.01095 0.98905 ( 2)  0.992
 227 A   0.09650 0.90350 ( 2)  0.927
 228 R   0.02842 0.97158 ( 2)  0.979
 229 E   0.15891 0.84109 ( 2)  0.880
 230 K   0.00222 0.99778 ( 2)  0.998
 231 G   0.02414 0.97586 ( 2)  0.982
 232 Q   0.00949 0.99051 ( 2)  0.993
 233 S   0.07380 0.92620 ( 2)  0.944
 234 G   0.04467 0.95533 ( 2)  0.966
 235 S   0.22227 0.77773 ( 2)  0.833


lnL = -2898.778175

