Supplemental results for CODEML (seqf: algn  treef: tree)


dN/dS (w) for site classes (K=9)

p:   0.12500  0.12500  0.12500  0.12500  0.12500  0.12500  0.12500  0.12500  0.00001
w:   0.00014  0.00153  0.00478  0.01044  0.01944  0.03371  0.05826  0.11610  1.00000

Naive Empirical Bayes (NEB) probabilities for 9 classes & postmean_w
(amino acids refer to 1st sequence: Msl.14001)

   1 S   0.00163 0.01753 0.05147 0.10066 0.15784 0.21053 0.23996 0.22035 0.00001 ( 7)  0.051
   2 T   0.00001 0.00091 0.00810 0.03269 0.08776 0.18010 0.29771 0.39268 0.00003 ( 8)  0.071
   3 A   0.00001 0.00073 0.00657 0.02711 0.07532 0.16275 0.29104 0.43643 0.00004 ( 8)  0.075
   4 S   0.00198 0.02118 0.06094 0.11535 0.17260 0.21614 0.22668 0.18513 0.00001 ( 7)  0.047
   5 R   0.00141 0.01518 0.04415 0.08546 0.13393 0.18442 0.23601 0.29940 0.00003 ( 8)  0.058
   6 V   0.00001 0.00062 0.00564 0.02375 0.06795 0.15274 0.28765 0.46160 0.00004 ( 8)  0.077
   7 S   0.20049 0.19306 0.17689 0.15239 0.12117 0.08593 0.05044 0.01962 0.00000 ( 1)  0.013
   8 Y   0.21217 0.20280 0.18268 0.15295 0.11650 0.07764 0.04153 0.01371 0.00000 ( 1)  0.012
   9 F   0.21987 0.20913 0.18620 0.15274 0.11265 0.07154 0.03593 0.01195 0.00000 ( 1)  0.011
  10 A   0.00000 0.00058 0.00531 0.02256 0.06539 0.14942 0.28689 0.46980 0.00004 ( 8)  0.078
  11 S   0.00193 0.02066 0.05954 0.11301 0.16981 0.21403 0.22731 0.19369 0.00001 ( 7)  0.048
  12 L   0.19915 0.19099 0.17356 0.14800 0.11709 0.08466 0.05496 0.03158 0.00000 ( 1)  0.015
  13 A   0.00223 0.02372 0.06727 0.12433 0.17978 0.21528 0.21478 0.17261 0.00001 ( 6)  0.045
  14 R   0.00147 0.01580 0.04622 0.09014 0.14207 0.19460 0.23980 0.26988 0.00002 ( 8)  0.056
  15 L   0.20078 0.19231 0.17425 0.14791 0.11629 0.08347 0.05387 0.03111 0.00000 ( 1)  0.015
  16 L   0.19915 0.19099 0.17356 0.14800 0.11709 0.08466 0.05496 0.03158 0.00000 ( 1)  0.015
  17 F   0.22585 0.21391 0.18859 0.15216 0.10944 0.06708 0.03224 0.01073 0.00000 ( 1)  0.010
  18 E   0.22006 0.20885 0.18511 0.15099 0.11101 0.07117 0.03768 0.01513 0.00000 ( 1)  0.011
  19 L   0.20220 0.19344 0.17480 0.14775 0.11551 0.08242 0.05302 0.03084 0.00000 ( 1)  0.014
  20 E   0.22006 0.20885 0.18511 0.15099 0.11101 0.07117 0.03768 0.01513 0.00000 ( 1)  0.011
  21 P   0.00206 0.02196 0.06295 0.11843 0.17559 0.21700 0.22345 0.17855 0.00001 ( 7)  0.046
  22 L   0.00193 0.02060 0.05887 0.11039 0.16375 0.20525 0.22342 0.21579 0.00001 ( 7)  0.050
  23 G   0.21141 0.20165 0.18084 0.15051 0.11418 0.07682 0.04399 0.02060 0.00000 ( 1)  0.013
  24 Q   0.00001 0.00067 0.00603 0.02520 0.07128 0.15762 0.28992 0.44923 0.00004 ( 8)  0.076
  25 D   0.00281 0.02959 0.08207 0.14598 0.19905 0.21862 0.19236 0.12951 0.00001 ( 6)  0.039
  26 V   0.21012 0.20002 0.17867 0.14808 0.11237 0.07696 0.04717 0.02661 0.00000 ( 1)  0.013
  27 F   0.00242 0.02561 0.07220 0.13197 0.18740 0.21788 0.20711 0.15540 0.00001 ( 6)  0.043
  28 R   0.20282 0.19450 0.17662 0.15013 0.11758 0.08278 0.05038 0.02519 0.00000 ( 1)  0.014
  29 S   0.20061 0.19317 0.17696 0.15241 0.12114 0.08585 0.05033 0.01953 0.00000 ( 1)  0.013
  30 V   0.00205 0.02189 0.06260 0.11729 0.17312 0.21349 0.22187 0.18768 0.00001 ( 7)  0.047
  31 L   0.19934 0.19116 0.17366 0.14803 0.11704 0.08454 0.05479 0.03144 0.00000 ( 1)  0.015
  32 L   0.00148 0.01597 0.04724 0.09353 0.14934 0.20447 0.24320 0.24477 0.00002 ( 8)  0.054
  33 P   0.21052 0.20074 0.17992 0.14969 0.11369 0.07703 0.04528 0.02313 0.00000 ( 1)  0.013
  34 S   0.00238 0.02524 0.07121 0.13040 0.18579 0.21742 0.20910 0.15845 0.00001 ( 6)  0.043
  35 D   0.00001 0.00111 0.00970 0.03829 0.09945 0.19452 0.29999 0.35690 0.00002 ( 8)  0.068
  36 S   0.00000 0.00053 0.00492 0.02104 0.06166 0.14339 0.28304 0.48537 0.00004 ( 8)  0.079
  37 Q   0.00184 0.01968 0.05686 0.10841 0.16416 0.20982 0.22925 0.20999 0.00001 ( 7)  0.049
  38 M   0.00205 0.02184 0.06232 0.11644 0.17127 0.21078 0.22038 0.19491 0.00001 ( 7)  0.047
  39 W   0.20210 0.19486 0.17897 0.15452 0.12269 0.08575 0.04740 0.01371 0.00000 ( 1)  0.012
  40 Q   0.21958 0.20863 0.18536 0.15168 0.11179 0.07149 0.03718 0.01429 0.00000 ( 1)  0.011
  41 G   0.21201 0.20211 0.18103 0.15039 0.11383 0.07641 0.04370 0.02052 0.00000 ( 1)  0.012
  42 T   0.20555 0.19714 0.17898 0.15192 0.11830 0.08177 0.04698 0.01936 0.00000 ( 1)  0.013
  43 K   0.00186 0.01996 0.05759 0.10963 0.16581 0.21182 0.23074 0.20259 0.00001 ( 7)  0.049
  44 R   0.20541 0.19657 0.17765 0.14985 0.11614 0.08080 0.04879 0.02480 0.00000 ( 1)  0.013
  45 A   0.00184 0.01972 0.05701 0.10872 0.16455 0.20995 0.22869 0.20950 0.00001 ( 7)  0.049
  46 I   0.00145 0.01571 0.04660 0.09266 0.14874 0.20489 0.24485 0.24508 0.00002 ( 8)  0.054
  47 F   0.21964 0.20893 0.18608 0.15273 0.11274 0.07170 0.03609 0.01208 0.00000 ( 1)  0.011
  48 G   0.21201 0.20211 0.18103 0.15039 0.11383 0.07641 0.04370 0.02052 0.00000 ( 1)  0.012
  49 G   0.20879 0.19951 0.17968 0.15060 0.11545 0.07876 0.04578 0.02144 0.00000 ( 1)  0.013
  50 Q   0.21604 0.20579 0.18390 0.15196 0.11364 0.07414 0.03943 0.01510 0.00000 ( 1)  0.012
  51 V   0.20992 0.19988 0.17865 0.14819 0.11258 0.07715 0.04723 0.02642 0.00000 ( 1)  0.013
  52 A   0.21092 0.20096 0.17982 0.14928 0.11320 0.07677 0.04547 0.02358 0.00000 ( 1)  0.013
  53 A   0.21122 0.20121 0.17998 0.14932 0.11311 0.07660 0.04525 0.02331 0.00000 ( 1)  0.013
  54 Q   0.21958 0.20863 0.18536 0.15168 0.11179 0.07149 0.03718 0.01429 0.00000 ( 1)  0.011
  55 C   0.21186 0.20278 0.18316 0.15386 0.11743 0.07793 0.04072 0.01226 0.00000 ( 1)  0.012
  56 L   0.20364 0.19457 0.17533 0.14756 0.11473 0.08141 0.05222 0.03053 0.00000 ( 1)  0.014
  57 S   0.20168 0.19409 0.17759 0.15260 0.12080 0.08503 0.04930 0.01891 0.00000 ( 1)  0.013
  58 A   0.21122 0.20121 0.17998 0.14932 0.11311 0.07660 0.04525 0.02331 0.00000 ( 1)  0.013
  59 A   0.21362 0.20311 0.18088 0.14901 0.11179 0.07486 0.04386 0.02287 0.00000 ( 1)  0.013
  60 Y   0.19813 0.19107 0.17568 0.15229 0.12229 0.08802 0.05263 0.01990 0.00000 ( 1)  0.013
  61 R   0.00149 0.01598 0.04639 0.08953 0.13954 0.19001 0.23682 0.28023 0.00002 ( 8)  0.057
  62 T   0.21020 0.20093 0.18104 0.15174 0.11602 0.07827 0.04375 0.01806 0.00000 ( 1)  0.012
  63 V   0.21187 0.20140 0.17935 0.14790 0.11148 0.07576 0.04616 0.02609 0.00000 ( 1)  0.013
  64 P   0.20926 0.19973 0.17941 0.14979 0.11433 0.07793 0.04607 0.02348 0.00000 ( 1)  0.013
  65 Q   0.00259 0.02733 0.07633 0.13739 0.19084 0.21572 0.19935 0.15044 0.00001 ( 6)  0.042
  66 D   0.22859 0.21525 0.18743 0.14861 0.10521 0.06489 0.03418 0.01584 0.00000 ( 1)  0.011
  67 R   0.20280 0.19449 0.17661 0.15013 0.11758 0.08279 0.05039 0.02521 0.00000 ( 1)  0.014
  68 F   0.00239 0.02530 0.07134 0.13050 0.18569 0.21702 0.20869 0.15906 0.00001 ( 6)  0.043
  69 C   0.20372 0.19597 0.17910 0.15351 0.12088 0.08408 0.04718 0.01556 0.00000 ( 1)  0.013
  70 H   0.23067 0.21690 0.18824 0.14839 0.10412 0.06342 0.03296 0.01530 0.00000 ( 1)  0.011
  71 S   0.21234 0.20306 0.18307 0.15337 0.11674 0.07742 0.04084 0.01316 0.00000 ( 1)  0.012
  72 L   0.00233 0.02468 0.06985 0.12857 0.18456 0.21806 0.21184 0.16010 0.00001 ( 6)  0.044
  73 H   0.22723 0.21424 0.18709 0.14900 0.10607 0.06576 0.03467 0.01593 0.00000 ( 1)  0.011
  74 S   0.21883 0.20835 0.18596 0.15315 0.11357 0.07252 0.03631 0.01130 0.00000 ( 1)  0.011
  75 Y   0.20548 0.19726 0.17949 0.15285 0.11946 0.08263 0.04658 0.01624 0.00000 ( 1)  0.012
  76 F   0.21987 0.20913 0.18620 0.15274 0.11265 0.07154 0.03593 0.01195 0.00000 ( 1)  0.011
  77 I   0.22254 0.21091 0.18635 0.15112 0.11002 0.06938 0.03571 0.01396 0.00000 ( 1)  0.011
  78 A   0.00176 0.01893 0.05491 0.10541 0.16123 0.20899 0.23246 0.21629 0.00001 ( 7)  0.050
  79 A   0.00001 0.00075 0.00670 0.02753 0.07614 0.16358 0.29067 0.43460 0.00003 ( 8)  0.075
  80 G   0.20879 0.19951 0.17968 0.15060 0.11545 0.07876 0.04578 0.02144 0.00000 ( 1)  0.013
  81 D   0.23175 0.21765 0.18841 0.14796 0.10335 0.06275 0.03271 0.01542 0.00000 ( 1)  0.011
  82 K   0.00220 0.02347 0.06704 0.12518 0.18317 0.22108 0.21779 0.16005 0.00001 ( 6)  0.044
  83 T   0.00224 0.02379 0.06744 0.12459 0.18000 0.21527 0.21441 0.17226 0.00001 ( 6)  0.045
  84 K   0.00001 0.00060 0.00544 0.02287 0.06544 0.14780 0.28277 0.47503 0.00004 ( 8)  0.078
  85 P   0.20993 0.20027 0.17968 0.14974 0.11400 0.07746 0.04565 0.02326 0.00000 ( 1)  0.013
  86 V   0.21245 0.20187 0.17958 0.14784 0.11118 0.07534 0.04581 0.02592 0.00000 ( 1)  0.013
  87 E   0.00001 0.00072 0.00653 0.02704 0.07545 0.16351 0.29215 0.43455 0.00003 ( 8)  0.075
  88 F   0.00206 0.02203 0.06313 0.11865 0.17568 0.21671 0.22273 0.17899 0.00001 ( 7)  0.046
  89 R   0.00212 0.02254 0.06405 0.11887 0.17331 0.21109 0.21830 0.18971 0.00001 ( 7)  0.047
  90 V   0.21094 0.20068 0.17903 0.14806 0.11202 0.07642 0.04665 0.02619 0.00000 ( 1)  0.013
  91 R   0.00191 0.02051 0.05930 0.11314 0.17122 0.21747 0.23111 0.18533 0.00001 ( 7)  0.047
  92 R   0.00178 0.01908 0.05554 0.10709 0.16450 0.21338 0.23439 0.20423 0.00001 ( 7)  0.049
  93 V   0.00238 0.02516 0.07074 0.12896 0.18294 0.21397 0.20860 0.16724 0.00001 ( 6)  0.044
  94 R   0.20236 0.19408 0.17627 0.14992 0.11758 0.08306 0.05093 0.02580 0.00000 ( 1)  0.014
  95 D   0.23175 0.21765 0.18841 0.14796 0.10335 0.06275 0.03271 0.01542 0.00000 ( 1)  0.011
  96 G   0.21201 0.20211 0.18103 0.15039 0.11383 0.07641 0.04370 0.02052 0.00000 ( 1)  0.012
  97 R   0.00214 0.02265 0.06391 0.11725 0.16837 0.20201 0.20999 0.21360 0.00009 ( 8)  0.049
  98 S   0.00224 0.02384 0.06784 0.12602 0.18315 0.21941 0.21494 0.16251 0.00005 ( 6)  0.044
  99 Y   0.21217 0.20280 0.18268 0.15295 0.11650 0.07764 0.04153 0.01371 0.00000 ( 1)  0.012
 100 S   0.00173 0.01859 0.05411 0.10441 0.16076 0.20980 0.23428 0.21631 0.00001 ( 7)  0.050
 101 S   0.21234 0.20306 0.18307 0.15337 0.11674 0.07742 0.04084 0.01316 0.00000 ( 1)  0.012
 102 R   0.20677 0.19765 0.17819 0.14972 0.11544 0.07983 0.04796 0.02442 0.00000 ( 1)  0.013
 103 S   0.00001 0.00088 0.00784 0.03177 0.08575 0.17720 0.29582 0.40070 0.00003 ( 8)  0.072
 104 I   0.21812 0.20740 0.18461 0.15158 0.11239 0.07263 0.03839 0.01488 0.00000 ( 1)  0.011
 105 E   0.21620 0.20576 0.18355 0.15134 0.11303 0.07400 0.04007 0.01606 0.00000 ( 1)  0.012
 106 G   0.21201 0.20211 0.18103 0.15039 0.11383 0.07641 0.04370 0.02052 0.00000 ( 1)  0.012
 107 V   0.21041 0.20027 0.17884 0.14813 0.11231 0.07679 0.04694 0.02631 0.00000 ( 1)  0.013
 108 Q   0.21604 0.20579 0.18390 0.15196 0.11364 0.07414 0.03943 0.01510 0.00000 ( 1)  0.012
 109 D   0.00001 0.00111 0.00975 0.03858 0.10049 0.19693 0.30263 0.35047 0.00002 ( 8)  0.067
 110 D   0.23175 0.21765 0.18841 0.14796 0.10335 0.06275 0.03271 0.01542 0.00000 ( 1)  0.011
 111 R   0.00149 0.01598 0.04639 0.08953 0.13954 0.19001 0.23682 0.28023 0.00002 ( 8)  0.057
 112 A   0.00221 0.02346 0.06663 0.12342 0.17903 0.21529 0.21587 0.17408 0.00001 ( 7)  0.045
 113 I   0.22254 0.21091 0.18635 0.15112 0.11002 0.06938 0.03571 0.01396 0.00000 ( 1)  0.011
 114 F   0.22585 0.21391 0.18859 0.15216 0.10944 0.06708 0.03224 0.01073 0.00000 ( 1)  0.010
 115 T   0.00162 0.01747 0.05130 0.10038 0.15754 0.21045 0.24043 0.22080 0.00001 ( 7)  0.051
 116 M   0.23739 0.22307 0.19306 0.15082 0.10314 0.05864 0.02552 0.00836 0.00000 ( 1)  0.009
 117 I   0.21812 0.20740 0.18461 0.15158 0.11239 0.07263 0.03839 0.01488 0.00000 ( 1)  0.011
 118 A   0.21122 0.20121 0.17998 0.14932 0.11311 0.07660 0.04525 0.02331 0.00000 ( 1)  0.013
 119 S   0.19698 0.19012 0.17512 0.15221 0.12261 0.08855 0.05325 0.02116 0.00000 ( 1)  0.014
 120 F   0.22585 0.21391 0.18859 0.15216 0.10944 0.06708 0.03224 0.01073 0.00000 ( 1)  0.010
 121 S   0.20366 0.19574 0.17855 0.15264 0.11993 0.08355 0.04779 0.01814 0.00000 ( 1)  0.013
 122 L   0.00000 0.00054 0.00491 0.02088 0.06074 0.14047 0.27819 0.49421 0.00005 ( 8)  0.080
 123 P   0.21232 0.20217 0.18061 0.14947 0.11269 0.07568 0.04422 0.02284 0.00000 ( 1)  0.013
 124 E   0.22370 0.21172 0.18648 0.15053 0.10901 0.06854 0.03559 0.01442 0.00000 ( 1)  0.011
 125 G   0.00185 0.01977 0.05713 0.10891 0.16477 0.21010 0.22860 0.20886 0.00001 ( 7)  0.049
 126 D   0.22859 0.21525 0.18743 0.14861 0.10521 0.06489 0.03418 0.01584 0.00000 ( 1)  0.011
 127 V   0.00207 0.02208 0.06309 0.11804 0.17390 0.21389 0.22137 0.18555 0.00001 ( 7)  0.047
 128 V   0.21187 0.20140 0.17935 0.14790 0.11148 0.07576 0.04616 0.02609 0.00000 ( 1)  0.013
 129 H   0.22749 0.21445 0.18722 0.14901 0.10598 0.06560 0.03450 0.01575 0.00000 ( 1)  0.011
 130 I   0.21812 0.20740 0.18461 0.15158 0.11239 0.07263 0.03839 0.01488 0.00000 ( 1)  0.011
 131 N   0.00192 0.02054 0.05903 0.11155 0.16685 0.20992 0.22541 0.20477 0.00001 ( 7)  0.049
 132 H   0.00270 0.02846 0.07931 0.14227 0.19646 0.21958 0.19727 0.13394 0.00001 ( 6)  0.040
 133 P   0.21238 0.20221 0.18064 0.14948 0.11268 0.07565 0.04417 0.02279 0.00000 ( 1)  0.013
 134 M   0.23739 0.22307 0.19306 0.15082 0.10314 0.05864 0.02552 0.00836 0.00000 ( 1)  0.009
 135 P   0.20926 0.19973 0.17941 0.14979 0.11433 0.07793 0.04607 0.02348 0.00000 ( 1)  0.013
 136 K   0.21427 0.20452 0.18365 0.15292 0.11551 0.07603 0.03997 0.01313 0.00000 ( 1)  0.011
 137 V   0.00001 0.00086 0.00763 0.03101 0.08422 0.17568 0.29706 0.40351 0.00003 ( 8)  0.072
 138 P   0.00198 0.02112 0.06043 0.11343 0.16821 0.20978 0.22380 0.20124 0.00001 ( 7)  0.048
 139 P   0.00173 0.01859 0.05405 0.10410 0.15995 0.20847 0.23346 0.21964 0.00002 ( 7)  0.051
 140 A   0.00199 0.02118 0.06029 0.11232 0.16508 0.20457 0.22043 0.21412 0.00001 ( 7)  0.049
 141 E   0.22370 0.21172 0.18648 0.15053 0.10901 0.06854 0.03559 0.01442 0.00000 ( 1)  0.011
 142 S   0.00000 0.00047 0.00435 0.01882 0.05604 0.13365 0.27506 0.51155 0.00005 ( 8)  0.081
 143 L   0.19915 0.19099 0.17356 0.14800 0.11709 0.08466 0.05496 0.03158 0.00000 ( 1)  0.015
 144 D   0.22509 0.21253 0.18623 0.14919 0.10717 0.06729 0.03598 0.01653 0.00000 ( 1)  0.011
 145 V   0.00196 0.02084 0.05948 0.11130 0.16460 0.20547 0.22251 0.21384 0.00001 ( 7)  0.049
 146 I   0.00265 0.02801 0.07848 0.14193 0.19790 0.22289 0.19925 0.12889 0.00001 ( 6)  0.040
 147 G   0.20831 0.19915 0.17952 0.15070 0.11575 0.07914 0.04604 0.02138 0.00000 ( 1)  0.013
 148 F   0.22585 0.21391 0.18859 0.15216 0.10944 0.06708 0.03224 0.01073 0.00000 ( 1)  0.010
 149 L   0.20095 0.19245 0.17434 0.14793 0.11624 0.08337 0.05375 0.03098 0.00000 ( 1)  0.015
 150 T   0.00232 0.02464 0.06955 0.12756 0.18238 0.21509 0.21076 0.16769 0.00001 ( 6)  0.044
 151 A   0.21300 0.20261 0.18065 0.14909 0.11212 0.07529 0.04422 0.02302 0.00000 ( 1)  0.013
 152 A   0.00001 0.00074 0.00660 0.02719 0.07538 0.16246 0.29010 0.43749 0.00004 ( 8)  0.075
 153 A   0.00001 0.00086 0.00767 0.03117 0.08462 0.17639 0.29767 0.40159 0.00003 ( 8)  0.072
 154 K   0.00000 0.00058 0.00535 0.02278 0.06623 0.15149 0.28946 0.46406 0.00004 ( 8)  0.077
 155 N   0.21920 0.20831 0.18519 0.15177 0.11221 0.07214 0.03759 0.01359 0.00000 ( 1)  0.011
 156 E   0.22370 0.21172 0.18648 0.15053 0.10901 0.06854 0.03559 0.01442 0.00000 ( 1)  0.011
 157 E   0.00274 0.02884 0.08009 0.14293 0.19612 0.21794 0.19585 0.13548 0.00001 ( 6)  0.040
 158 L   0.20078 0.19231 0.17425 0.14791 0.11629 0.08347 0.05387 0.03111 0.00000 ( 1)  0.015
 159 S   0.00000 0.00038 0.00357 0.01585 0.04907 0.12309 0.26952 0.53847 0.00005 ( 8)  0.084
 160 S   0.00193 0.02068 0.05966 0.11342 0.17082 0.21584 0.22895 0.18869 0.00001 ( 7)  0.047
 161 E   0.00001 0.00110 0.00966 0.03829 0.09993 0.19635 0.30282 0.35182 0.00002 ( 8)  0.068
 162 L   0.20078 0.19231 0.17425 0.14791 0.11629 0.08347 0.05387 0.03111 0.00000 ( 1)  0.015
 163 R   0.20677 0.19765 0.17819 0.14972 0.11544 0.07983 0.04796 0.02442 0.00000 ( 1)  0.013
 164 S   0.00001 0.00089 0.00794 0.03218 0.08703 0.18024 0.30034 0.39134 0.00003 ( 8)  0.071
 165 N   0.00001 0.00071 0.00638 0.02640 0.07379 0.16075 0.29059 0.44134 0.00004 ( 8)  0.075
 166 A   0.00239 0.02524 0.07089 0.12898 0.18252 0.21298 0.20787 0.16913 0.00001 ( 6)  0.044
 167 Q   0.00215 0.02290 0.06557 0.12299 0.18115 0.22074 0.22037 0.16412 0.00001 ( 6)  0.044
 168 S   0.00000 0.00053 0.00492 0.02104 0.06166 0.14339 0.28304 0.48537 0.00004 ( 8)  0.079
 169 Q   0.00184 0.01975 0.05738 0.11022 0.16804 0.21494 0.23082 0.19701 0.00001 ( 7)  0.048
 170 L   0.00196 0.02084 0.05953 0.11146 0.16491 0.20582 0.22250 0.21297 0.00001 ( 7)  0.049
 171 D   0.00274 0.02885 0.08013 0.14296 0.19609 0.21789 0.19586 0.13548 0.00001 ( 6)  0.040
 172 M   0.00001 0.00079 0.00710 0.02898 0.07926 0.16751 0.29115 0.42517 0.00003 ( 8)  0.074
 173 Y   0.00241 0.02559 0.07213 0.13187 0.18729 0.21783 0.20719 0.15568 0.00001 ( 6)  0.043
 174 S   0.00197 0.02105 0.06055 0.11449 0.17090 0.21324 0.22390 0.19388 0.00001 ( 7)  0.048
 175 R   0.00203 0.02164 0.06179 0.11561 0.17057 0.21101 0.22216 0.19519 0.00001 ( 7)  0.048
 176 L   0.00199 0.02113 0.06022 0.11239 0.16556 0.20560 0.22133 0.21176 0.00001 ( 7)  0.049
 177 S   0.00000 0.00050 0.00459 0.01969 0.05811 0.13694 0.27730 0.50282 0.00005 ( 8)  0.081
 178 L   0.00196 0.02084 0.05953 0.11146 0.16491 0.20582 0.22250 0.21297 0.00001 ( 7)  0.049
 179 E   0.22370 0.21172 0.18648 0.15053 0.10901 0.06854 0.03559 0.01442 0.00000 ( 1)  0.011
 180 I   0.00152 0.01643 0.04843 0.09538 0.15110 0.20485 0.24098 0.24129 0.00002 ( 8)  0.053
 181 Q   0.21958 0.20863 0.18536 0.15168 0.11179 0.07149 0.03718 0.01429 0.00000 ( 1)  0.011
 182 P   0.21295 0.20266 0.18086 0.14940 0.11237 0.07525 0.04385 0.02267 0.00000 ( 1)  0.013
 183 T   0.20644 0.19786 0.17936 0.15186 0.11784 0.08109 0.04639 0.01915 0.00000 ( 1)  0.013
 184 D   0.22859 0.21525 0.18743 0.14861 0.10521 0.06489 0.03418 0.01584 0.00000 ( 1)  0.011
 185 P   0.21171 0.20168 0.18037 0.14953 0.11301 0.07611 0.04458 0.02300 0.00000 ( 1)  0.013
 186 L   0.20078 0.19231 0.17425 0.14791 0.11629 0.08347 0.05387 0.03111 0.00000 ( 1)  0.015
 187 V   0.21016 0.20006 0.17870 0.14809 0.11237 0.07693 0.04713 0.02656 0.00000 ( 1)  0.013
 188 Y   0.21217 0.20280 0.18268 0.15295 0.11650 0.07764 0.04153 0.01371 0.00000 ( 1)  0.012
 189 Y   0.00226 0.02402 0.06821 0.12625 0.18261 0.21786 0.21406 0.16473 0.00001 ( 6)  0.044
 190 R   0.20677 0.19765 0.17819 0.14972 0.11544 0.07983 0.04796 0.02442 0.00000 ( 1)  0.013
 191 V   0.21289 0.20220 0.17972 0.14775 0.11091 0.07504 0.04561 0.02588 0.00000 ( 1)  0.013
 192 R   0.20549 0.19664 0.17769 0.14986 0.11612 0.08074 0.04872 0.02472 0.00000 ( 1)  0.013
 193 P   0.21171 0.20168 0.18037 0.14953 0.11301 0.07611 0.04458 0.02300 0.00000 ( 1)  0.013
 194 A   0.00173 0.01860 0.05404 0.10404 0.15987 0.20857 0.23399 0.21915 0.00001 ( 7)  0.051
 195 D   0.23175 0.21765 0.18841 0.14796 0.10335 0.06275 0.03271 0.01542 0.00000 ( 1)  0.011
 196 E   0.22370 0.21172 0.18648 0.15053 0.10901 0.06854 0.03559 0.01442 0.00000 ( 1)  0.011
 197 P   0.21238 0.20221 0.18064 0.14948 0.11268 0.07565 0.04417 0.02279 0.00000 ( 1)  0.013
 198 K   0.00176 0.01886 0.05463 0.10460 0.15947 0.20615 0.23042 0.22411 0.00002 ( 7)  0.051
 199 V   0.21239 0.20182 0.17955 0.14783 0.11119 0.07538 0.04586 0.02598 0.00000 ( 1)  0.013
 200 H   0.22749 0.21445 0.18722 0.14901 0.10598 0.06560 0.03450 0.01575 0.00000 ( 1)  0.011
 201 M   0.00000 0.00045 0.00425 0.01887 0.05784 0.14070 0.28727 0.49057 0.00004 ( 8)  0.080
 202 W   0.20210 0.19486 0.17897 0.15452 0.12269 0.08575 0.04740 0.01371 0.00000 ( 1)  0.012
 203 L   0.00191 0.02038 0.05833 0.10967 0.16324 0.20542 0.22434 0.21671 0.00002 ( 7)  0.050
 204 R   0.20381 0.19526 0.17691 0.14985 0.11685 0.08196 0.04995 0.02540 0.00000 ( 1)  0.014
 205 A   0.00001 0.00064 0.00579 0.02431 0.06931 0.15498 0.28929 0.45565 0.00004 ( 8)  0.077
 206 R   0.20108 0.19303 0.17570 0.14997 0.11821 0.08402 0.05184 0.02615 0.00000 ( 1)  0.014
 207 D   0.00274 0.02885 0.08013 0.14296 0.19609 0.21789 0.19586 0.13548 0.00001 ( 6)  0.040
 208 A   0.21058 0.20070 0.17973 0.14938 0.11344 0.07705 0.04563 0.02349 0.00000 ( 1)  0.013
 209 P   0.00184 0.01967 0.05683 0.10836 0.16411 0.20978 0.22927 0.21013 0.00001 ( 7)  0.049
 210 P   0.00000 0.00055 0.00502 0.02135 0.06214 0.14342 0.28151 0.48596 0.00004 ( 8)  0.079
 211 P   0.00176 0.01892 0.05480 0.10496 0.16012 0.20718 0.23130 0.22094 0.00002 ( 7)  0.051
 212 E   0.22006 0.20885 0.18511 0.15099 0.11101 0.07117 0.03768 0.01513 0.00000 ( 1)  0.011
 213 S   0.00177 0.01898 0.05504 0.10563 0.16149 0.20917 0.23236 0.21554 0.00001 ( 7)  0.050
 214 P   0.00184 0.01967 0.05683 0.10836 0.16411 0.20978 0.22927 0.21013 0.00001 ( 7)  0.049
 215 T   0.00001 0.00067 0.00610 0.02549 0.07205 0.15905 0.29126 0.44533 0.00004 ( 8)  0.076
 216 A   0.00001 0.00063 0.00577 0.02424 0.06918 0.15483 0.28920 0.45610 0.00004 ( 8)  0.077
 217 V   0.00000 0.00058 0.00532 0.02251 0.06498 0.14809 0.28487 0.47361 0.00004 ( 8)  0.078
 218 R   0.00201 0.02143 0.06157 0.11624 0.17320 0.21557 0.22460 0.18538 0.00001 ( 7)  0.047
 219 Q   0.21958 0.20863 0.18536 0.15168 0.11179 0.07149 0.03718 0.01429 0.00000 ( 1)  0.011
 220 S   0.21883 0.20835 0.18596 0.15315 0.11357 0.07252 0.03631 0.01130 0.00000 ( 1)  0.011
 221 H   0.23067 0.21690 0.18824 0.14839 0.10412 0.06342 0.03296 0.01530 0.00000 ( 1)  0.011
 222 V   0.00227 0.02411 0.06811 0.12512 0.17953 0.21334 0.21249 0.17502 0.00001 ( 6)  0.045
 223 L   0.20220 0.19344 0.17480 0.14775 0.11551 0.08242 0.05302 0.03084 0.00000 ( 1)  0.014
 224 T   0.20841 0.19949 0.18029 0.15187 0.11695 0.07961 0.04491 0.01847 0.00000 ( 1)  0.013
 225 T   0.21020 0.20093 0.18104 0.15174 0.11602 0.07827 0.04375 0.01806 0.00000 ( 1)  0.012
 226 Y   0.21217 0.20280 0.18268 0.15295 0.11650 0.07764 0.04153 0.01371 0.00000 ( 1)  0.012
 227 M   0.00220 0.02335 0.06615 0.12208 0.17637 0.21173 0.21448 0.18364 0.00001 ( 7)  0.046
 228 A   0.21029 0.20046 0.17957 0.14934 0.11352 0.07722 0.04586 0.02374 0.00000 ( 1)  0.013
 229 D   0.22859 0.21525 0.18743 0.14861 0.10521 0.06489 0.03418 0.01584 0.00000 ( 1)  0.011
 230 M   0.23739 0.22307 0.19306 0.15082 0.10314 0.05864 0.02552 0.00836 0.00000 ( 1)  0.009
 231 G   0.21201 0.20211 0.18103 0.15039 0.11383 0.07641 0.04370 0.02052 0.00000 ( 1)  0.012
 232 I   0.22254 0.21091 0.18635 0.15112 0.11002 0.06938 0.03571 0.01396 0.00000 ( 1)  0.011
 233 L   0.20078 0.19231 0.17425 0.14791 0.11629 0.08347 0.05387 0.03111 0.00000 ( 1)  0.015
 234 R   0.00000 0.00055 0.00505 0.02151 0.06256 0.14422 0.28228 0.48378 0.00004 ( 8)  0.079
 235 G   0.00185 0.01977 0.05713 0.10891 0.16477 0.21010 0.22860 0.20886 0.00001 ( 7)  0.049
 236 G   0.20906 0.19975 0.17983 0.15064 0.11537 0.07859 0.04557 0.02121 0.00000 ( 1)  0.013
 237 L   0.19915 0.19099 0.17356 0.14800 0.11709 0.08466 0.05496 0.03158 0.00000 ( 1)  0.015
 238 S   0.21883 0.20835 0.18596 0.15315 0.11357 0.07252 0.03631 0.01130 0.00000 ( 1)  0.011
 239 D   0.00001 0.00111 0.00970 0.03829 0.09945 0.19452 0.29999 0.35690 0.00002 ( 8)  0.068
 240 L   0.00191 0.02038 0.05833 0.10967 0.16324 0.20542 0.22434 0.21671 0.00002 ( 7)  0.050
 241 S   0.00000 0.00056 0.00515 0.02190 0.06368 0.14645 0.28468 0.47753 0.00004 ( 8)  0.078
 242 L   0.19934 0.19116 0.17366 0.14803 0.11704 0.08454 0.05479 0.03144 0.00000 ( 1)  0.015
 243 Q   0.00278 0.02923 0.08115 0.14464 0.19786 0.21844 0.19374 0.13216 0.00001 ( 6)  0.040
 244 A   0.00000 0.00059 0.00538 0.02281 0.06590 0.15008 0.28723 0.46795 0.00004 ( 8)  0.078
 245 A   0.21063 0.20075 0.17975 0.14938 0.11343 0.07702 0.04560 0.02344 0.00000 ( 1)  0.013
 246 F   0.22585 0.21391 0.18859 0.15216 0.10944 0.06708 0.03224 0.01073 0.00000 ( 1)  0.010
 247 V   0.21239 0.20182 0.17955 0.14783 0.11119 0.07538 0.04586 0.02598 0.00000 ( 1)  0.013
 248 T   0.21020 0.20093 0.18104 0.15174 0.11602 0.07827 0.04375 0.01806 0.00000 ( 1)  0.012
 249 S   0.20168 0.19409 0.17759 0.15260 0.12080 0.08503 0.04930 0.01891 0.00000 ( 1)  0.013
 250 L   0.20078 0.19231 0.17425 0.14791 0.11629 0.08347 0.05387 0.03111 0.00000 ( 1)  0.015
 251 D   0.22509 0.21253 0.18623 0.14919 0.10717 0.06729 0.03598 0.01653 0.00000 ( 1)  0.011
 252 H   0.22749 0.21445 0.18722 0.14901 0.10598 0.06560 0.03450 0.01575 0.00000 ( 1)  0.011
 253 S   0.20358 0.19567 0.17850 0.15263 0.11995 0.08360 0.04785 0.01819 0.00000 ( 1)  0.013
 254 V   0.21016 0.20006 0.17870 0.14809 0.11237 0.07693 0.04713 0.02656 0.00000 ( 1)  0.013
 255 Y   0.20525 0.19707 0.17937 0.15283 0.11954 0.08279 0.04677 0.01640 0.00000 ( 1)  0.013
 256 F   0.22585 0.21391 0.18859 0.15216 0.10944 0.06708 0.03224 0.01073 0.00000 ( 1)  0.010
 257 H   0.23067 0.21690 0.18824 0.14839 0.10412 0.06342 0.03296 0.01530 0.00000 ( 1)  0.011
 258 E   0.22370 0.21172 0.18648 0.15053 0.10901 0.06854 0.03559 0.01442 0.00000 ( 1)  0.011
 259 P   0.21171 0.20168 0.18037 0.14953 0.11301 0.07611 0.04458 0.02300 0.00000 ( 1)  0.013
 260 L   0.00219 0.02330 0.06603 0.12189 0.17617 0.21162 0.21459 0.18419 0.00001 ( 7)  0.046
 261 L   0.20021 0.19184 0.17400 0.14793 0.11656 0.08388 0.05427 0.03131 0.00000 ( 1)  0.015
 262 P   0.21232 0.20217 0.18061 0.14947 0.11269 0.07568 0.04422 0.02284 0.00000 ( 1)  0.013
 263 H   0.00001 0.00088 0.00780 0.03159 0.08532 0.17666 0.29616 0.40157 0.00003 ( 8)  0.072
 264 E   0.00282 0.02962 0.08192 0.14518 0.19726 0.21661 0.19256 0.13403 0.00001 ( 6)  0.040
 265 F   0.00222 0.02367 0.06733 0.12496 0.18154 0.21791 0.21578 0.16658 0.00001 ( 6)  0.044
 266 V   0.00193 0.02062 0.05896 0.11061 0.16411 0.20564 0.22342 0.21469 0.00001 ( 7)  0.050
 267 L   0.19915 0.19099 0.17356 0.14800 0.11709 0.08466 0.05496 0.03158 0.00000 ( 1)  0.015
 268 Y   0.00195 0.02090 0.06012 0.11374 0.17009 0.21311 0.22527 0.19480 0.00001 ( 7)  0.048
 269 E   0.22370 0.21172 0.18648 0.15053 0.10901 0.06854 0.03559 0.01442 0.00000 ( 1)  0.011
 270 A   0.00181 0.01941 0.05616 0.10736 0.16322 0.20972 0.23056 0.21174 0.00001 ( 7)  0.050
 271 H   0.23067 0.21690 0.18824 0.14839 0.10412 0.06342 0.03296 0.01530 0.00000 ( 1)  0.011
 272 C   0.21186 0.20278 0.18316 0.15386 0.11743 0.07793 0.04072 0.01226 0.00000 ( 1)  0.012
 273 L   0.20220 0.19344 0.17480 0.14775 0.11551 0.08242 0.05302 0.03084 0.00000 ( 1)  0.014
 274 F   0.00222 0.02367 0.06733 0.12496 0.18154 0.21791 0.21578 0.16658 0.00001 ( 6)  0.044
 275 G   0.21201 0.20211 0.18103 0.15039 0.11383 0.07641 0.04370 0.02052 0.00000 ( 1)  0.012
 276 G   0.21136 0.20161 0.18081 0.15050 0.11419 0.07685 0.04403 0.02064 0.00000 ( 1)  0.013
 277 R   0.20549 0.19664 0.17769 0.14986 0.11612 0.08074 0.04872 0.02472 0.00000 ( 1)  0.013
 278 G   0.21201 0.20211 0.18103 0.15039 0.11383 0.07641 0.04370 0.02052 0.00000 ( 1)  0.012
 279 R   0.20108 0.19303 0.17570 0.14997 0.11821 0.08402 0.05184 0.02615 0.00000 ( 1)  0.014
 280 T   0.21020 0.20093 0.18104 0.15174 0.11602 0.07827 0.04375 0.01806 0.00000 ( 1)  0.012
 281 T   0.00197 0.02105 0.06055 0.11449 0.17090 0.21324 0.22390 0.19389 0.00001 ( 7)  0.048
 282 N   0.22416 0.21225 0.18713 0.15124 0.10956 0.06854 0.03461 0.01250 0.00000 ( 1)  0.011
 283 K   0.20855 0.19983 0.18101 0.15298 0.11816 0.08030 0.04413 0.01504 0.00000 ( 1)  0.012
 284 G   0.21201 0.20211 0.18103 0.15039 0.11383 0.07641 0.04370 0.02052 0.00000 ( 1)  0.012
 285 N   0.22416 0.21225 0.18713 0.15124 0.10956 0.06854 0.03461 0.01250 0.00000 ( 1)  0.011
 286 M   0.00220 0.02335 0.06615 0.12208 0.17637 0.21173 0.21448 0.18364 0.00001 ( 7)  0.046
 287 W   0.20210 0.19486 0.17897 0.15452 0.12269 0.08575 0.04740 0.01371 0.00000 ( 1)  0.012
 288 R   0.20677 0.19765 0.17819 0.14972 0.11544 0.07983 0.04796 0.02442 0.00000 ( 1)  0.013
 289 R   0.19858 0.19103 0.17470 0.15024 0.11964 0.08601 0.05338 0.02641 0.00000 ( 1)  0.014
 290 D   0.23175 0.21765 0.18841 0.14796 0.10335 0.06275 0.03271 0.01542 0.00000 ( 1)  0.011
 291 G   0.20800 0.19888 0.17935 0.15066 0.11585 0.07933 0.04629 0.02165 0.00000 ( 1)  0.013
 292 A   0.00176 0.01894 0.05493 0.10542 0.16121 0.20893 0.23245 0.21634 0.00001 ( 7)  0.050
 293 L   0.20078 0.19231 0.17425 0.14791 0.11629 0.08347 0.05387 0.03111 0.00000 ( 1)  0.015
 294 V   0.21187 0.20140 0.17935 0.14790 0.11148 0.07576 0.04616 0.02609 0.00000 ( 1)  0.013
 295 A   0.21122 0.20121 0.17998 0.14932 0.11311 0.07660 0.04525 0.02331 0.00000 ( 1)  0.013
 296 T   0.20554 0.19712 0.17896 0.15188 0.11827 0.08177 0.04703 0.01942 0.00000 ( 1)  0.013
 297 V   0.00238 0.02516 0.07074 0.12896 0.18294 0.21397 0.20860 0.16724 0.00001 ( 6)  0.044
 298 F   0.21987 0.20913 0.18620 0.15274 0.11265 0.07154 0.03593 0.01195 0.00000 ( 1)  0.011
 299 Q   0.21958 0.20863 0.18536 0.15168 0.11179 0.07149 0.03718 0.01429 0.00000 ( 1)  0.011
 300 E   0.22370 0.21172 0.18648 0.15053 0.10901 0.06854 0.03559 0.01442 0.00000 ( 1)  0.011
 301 G   0.21201 0.20211 0.18103 0.15039 0.11383 0.07641 0.04370 0.02052 0.00000 ( 1)  0.012
 302 L   0.20078 0.19231 0.17425 0.14791 0.11629 0.08347 0.05387 0.03111 0.00000 ( 1)  0.015
 303 V   0.21245 0.20187 0.17958 0.14784 0.11118 0.07534 0.04581 0.02592 0.00000 ( 1)  0.013
 304 R   0.20270 0.19436 0.17646 0.14998 0.11750 0.08286 0.05066 0.02548 0.00000 ( 1)  0.014
 305 L   0.00219 0.02330 0.06603 0.12189 0.17617 0.21162 0.21459 0.18419 0.00001 ( 7)  0.046
 306 V   0.00000 0.00048 0.00445 0.01928 0.05754 0.13707 0.27925 0.50189 0.00005 ( 8)  0.081
 307 S   0.00000 0.00054 0.00493 0.02097 0.06112 0.14148 0.27965 0.49127 0.00005 ( 8)  0.080
 308 Q   0.00174 0.01869 0.05432 0.10456 0.16051 0.20886 0.23325 0.21805 0.00001 ( 7)  0.050
 309 P   0.00183 0.01958 0.05650 0.10753 0.16256 0.20781 0.22863 0.21554 0.00002 ( 7)  0.050
 310 P   0.00000 0.00046 0.00427 0.01862 0.05597 0.13455 0.27745 0.50864 0.00005 ( 8)  0.081
 311 S   0.00001 0.00089 0.00794 0.03218 0.08703 0.18024 0.30034 0.39134 0.00003 ( 8)  0.071
 312 A   0.00169 0.01821 0.05315 0.10290 0.15906 0.20849 0.23456 0.22193 0.00001 ( 7)  0.051
 313 I   0.00007 0.00119 0.00680 0.02448 0.06600 0.14608 0.27955 0.47579 0.00004 ( 8)  0.078

Positively selected sites

	Prob(w>1)  mean w



lnL = -2181.574033

Bayes Empirical Bayes (BEB) probabilities for 11 classes (class) & postmean_w
(amino acids refer to 1st sequence: Msl.14001)

   1 S   0.84966 0.04689 0.02354 0.01496 0.01026 0.00719 0.00498 0.00329 0.00191 0.00069 0.03664 ( 1)  0.177 +-  0.609
   2 T   0.76243 0.07289 0.03978 0.02539 0.01730 0.01202 0.00826 0.00541 0.00312 0.00111 0.05229 ( 1)  0.228 +-  0.663
   3 A   0.71803 0.08353 0.04800 0.03093 0.02108 0.01463 0.01004 0.00657 0.00378 0.00134 0.06208 ( 1)  0.261 +-  0.712
   4 S   0.87777 0.04037 0.01905 0.01185 0.00807 0.00564 0.00391 0.00258 0.00150 0.00054 0.02873 ( 1)  0.150 +-  0.542
   5 R   0.74529 0.06798 0.04054 0.02672 0.01847 0.01298 0.00901 0.00595 0.00347 0.00125 0.06835 ( 1)  0.286 +-  0.833
   6 V   0.69529 0.08961 0.05263 0.03404 0.02318 0.01606 0.01100 0.00717 0.00412 0.00146 0.06545 ( 1)  0.273 +-  0.718
   7 S   0.96597 0.01411 0.00502 0.00297 0.00200 0.00139 0.00096 0.00063 0.00036 0.00013 0.00647 ( 1)  0.073 +-  0.248
   8 Y   0.97485 0.01103 0.00369 0.00217 0.00146 0.00101 0.00069 0.00045 0.00026 0.00009 0.00429 ( 1)  0.065 +-  0.193
   9 F   0.97054 0.01174 0.00459 0.00278 0.00187 0.00129 0.00089 0.00058 0.00033 0.00012 0.00527 ( 1)  0.068 +-  0.209
  10 A   0.68821 0.09139 0.05384 0.03483 0.02372 0.01644 0.01126 0.00735 0.00422 0.00150 0.06724 ( 1)  0.278 +-  0.726
  11 S   0.86443 0.04285 0.02139 0.01356 0.00928 0.00649 0.00449 0.00296 0.00172 0.00062 0.03220 ( 1)  0.161 +-  0.564
  12 L   0.92510 0.02551 0.01207 0.00755 0.00513 0.00356 0.00245 0.00161 0.00093 0.00033 0.01574 ( 1)  0.104 +-  0.376
  13 A   0.88078 0.04013 0.01984 0.01245 0.00843 0.00584 0.00400 0.00261 0.00150 0.00053 0.02389 ( 1)  0.132 +-  0.444
  14 R   0.78984 0.05976 0.03321 0.02151 0.01481 0.01039 0.00721 0.00477 0.00278 0.00100 0.05472 ( 1)  0.240 +-  0.751
  15 L   0.92367 0.02574 0.01232 0.00774 0.00526 0.00366 0.00252 0.00165 0.00095 0.00034 0.01615 ( 1)  0.105 +-  0.380
  16 L   0.92510 0.02551 0.01207 0.00755 0.00513 0.00356 0.00245 0.00161 0.00093 0.00033 0.01574 ( 1)  0.104 +-  0.376
  17 F   0.96814 0.01201 0.00505 0.00312 0.00211 0.00146 0.00100 0.00065 0.00038 0.00013 0.00595 ( 1)  0.070 +-  0.222
  18 E   0.95966 0.01541 0.00641 0.00391 0.00263 0.00182 0.00125 0.00081 0.00047 0.00017 0.00746 ( 1)  0.076 +-  0.250
  19 L   0.92236 0.02601 0.01255 0.00790 0.00537 0.00374 0.00257 0.00168 0.00097 0.00035 0.01650 ( 1)  0.107 +-  0.384
  20 E   0.95966 0.01541 0.00641 0.00391 0.00263 0.00182 0.00125 0.00081 0.00047 0.00017 0.00746 ( 1)  0.076 +-  0.250
  21 P   0.88578 0.03952 0.01866 0.01157 0.00783 0.00543 0.00373 0.00244 0.00140 0.00050 0.02315 ( 1)  0.130 +-  0.446
  22 L   0.83631 0.05063 0.02738 0.01755 0.01196 0.00830 0.00570 0.00373 0.00215 0.00076 0.03552 ( 1)  0.172 +-  0.555
  23 G   0.94565 0.01935 0.00879 0.00547 0.00371 0.00257 0.00176 0.00115 0.00066 0.00024 0.01064 ( 1)  0.087 +-  0.300
  24 Q   0.70727 0.08643 0.05011 0.03234 0.02203 0.01529 0.01048 0.00685 0.00394 0.00140 0.06386 ( 1)  0.267 +-  0.715
  25 D   0.91032 0.03184 0.01491 0.00923 0.00622 0.00429 0.00293 0.00191 0.00109 0.00039 0.01686 ( 1)  0.108 +-  0.368
  26 V   0.92159 0.02490 0.01213 0.00770 0.00528 0.00370 0.00257 0.00169 0.00099 0.00035 0.01910 ( 1)  0.116 +-  0.447
  27 F   0.88926 0.03688 0.01842 0.01165 0.00790 0.00547 0.00375 0.00245 0.00141 0.00050 0.02231 ( 1)  0.126 +-  0.426
  28 R   0.93945 0.02112 0.00966 0.00603 0.00410 0.00285 0.00196 0.00128 0.00074 0.00026 0.01254 ( 1)  0.093 +-  0.334
  29 S   0.96689 0.01406 0.00498 0.00293 0.00196 0.00136 0.00093 0.00061 0.00035 0.00013 0.00580 ( 1)  0.070 +-  0.224
  30 V   0.87133 0.04276 0.02128 0.01337 0.00906 0.00628 0.00431 0.00282 0.00162 0.00058 0.02658 ( 1)  0.141 +-  0.475
  31 L   0.92497 0.02549 0.01210 0.00758 0.00515 0.00358 0.00246 0.00161 0.00093 0.00033 0.01580 ( 1)  0.104 +-  0.376
  32 L   0.83058 0.05301 0.02796 0.01784 0.01216 0.00846 0.00582 0.00381 0.00220 0.00079 0.03736 ( 1)  0.178 +-  0.572
  33 P   0.93725 0.02189 0.01028 0.00641 0.00434 0.00301 0.00206 0.00134 0.00077 0.00027 0.01237 ( 1)  0.092 +-  0.322
  34 S   0.88988 0.03717 0.01814 0.01138 0.00772 0.00535 0.00367 0.00240 0.00138 0.00049 0.02241 ( 1)  0.126 +-  0.432
  35 D   0.79936 0.06536 0.03432 0.02164 0.01463 0.01011 0.00691 0.00450 0.00258 0.00091 0.03970 ( 1)  0.186 +-  0.556
  36 S   0.66280 0.09445 0.05676 0.03700 0.02534 0.01766 0.01216 0.00798 0.00461 0.00164 0.07962 ( 1)  0.320 +-  0.820
  37 Q   0.85252 0.04740 0.02463 0.01565 0.01064 0.00738 0.00506 0.00331 0.00190 0.00068 0.03084 ( 1)  0.155 +-  0.506
  38 M   0.85904 0.04548 0.02372 0.01508 0.01024 0.00710 0.00486 0.00317 0.00182 0.00065 0.02883 ( 1)  0.148 +-  0.482
  39 W   0.98521 0.00827 0.00181 0.00096 0.00064 0.00044 0.00030 0.00020 0.00012 0.00004 0.00201 ( 1)  0.057 +-  0.137
  40 Q   0.96046 0.01464 0.00627 0.00388 0.00262 0.00182 0.00125 0.00082 0.00047 0.00017 0.00761 ( 1)  0.076 +-  0.255
  41 G   0.94526 0.01944 0.00886 0.00552 0.00374 0.00259 0.00178 0.00116 0.00067 0.00024 0.01074 ( 1)  0.087 +-  0.301
  42 T   0.95790 0.01587 0.00655 0.00402 0.00272 0.00189 0.00130 0.00085 0.00049 0.00018 0.00823 ( 1)  0.078 +-  0.270
  43 K   0.87205 0.04460 0.02114 0.01294 0.00870 0.00602 0.00413 0.00270 0.00155 0.00055 0.02562 ( 1)  0.138 +-  0.466
  44 R   0.93755 0.02164 0.01000 0.00625 0.00424 0.00295 0.00203 0.00133 0.00077 0.00027 0.01298 ( 1)  0.095 +-  0.340
  45 A   0.84834 0.04729 0.02480 0.01585 0.01082 0.00754 0.00519 0.00341 0.00197 0.00070 0.03409 ( 1)  0.167 +-  0.554
  46 I   0.83796 0.05285 0.02739 0.01731 0.01173 0.00811 0.00555 0.00362 0.00208 0.00074 0.03265 ( 1)  0.161 +-  0.510
  47 F   0.96867 0.01183 0.00467 0.00286 0.00194 0.00136 0.00094 0.00062 0.00036 0.00013 0.00664 ( 1)  0.073 +-  0.258
  48 G   0.94526 0.01944 0.00886 0.00552 0.00374 0.00259 0.00178 0.00116 0.00067 0.00024 0.01074 ( 1)  0.087 +-  0.301
  49 G   0.94354 0.01923 0.00864 0.00541 0.00369 0.00258 0.00179 0.00118 0.00069 0.00025 0.01301 ( 1)  0.095 +-  0.365
  50 Q   0.96222 0.01441 0.00594 0.00364 0.00245 0.00170 0.00117 0.00076 0.00044 0.00016 0.00711 ( 1)  0.075 +-  0.246
  51 V   0.92740 0.02470 0.01187 0.00745 0.00505 0.00350 0.00240 0.00157 0.00091 0.00032 0.01483 ( 1)  0.101 +-  0.357
  52 A   0.93184 0.02225 0.01058 0.00668 0.00457 0.00320 0.00222 0.00146 0.00085 0.00031 0.01604 ( 1)  0.106 +-  0.404
  53 A   0.93654 0.02212 0.01040 0.00650 0.00440 0.00305 0.00209 0.00136 0.00078 0.00028 0.01248 ( 1)  0.093 +-  0.323
  54 Q   0.96046 0.01464 0.00627 0.00388 0.00262 0.00182 0.00125 0.00082 0.00047 0.00017 0.00761 ( 1)  0.076 +-  0.255
  55 C   0.97949 0.00949 0.00291 0.00168 0.00113 0.00078 0.00054 0.00035 0.00020 0.00007 0.00335 ( 1)  0.062 +-  0.171
  56 L   0.92315 0.02623 0.01268 0.00796 0.00539 0.00373 0.00256 0.00167 0.00096 0.00034 0.01532 ( 1)  0.103 +-  0.359
  57 S   0.96612 0.01391 0.00506 0.00301 0.00203 0.00141 0.00097 0.00064 0.00037 0.00013 0.00635 ( 1)  0.072 +-  0.241
  58 A   0.93654 0.02212 0.01040 0.00650 0.00440 0.00305 0.00209 0.00136 0.00078 0.00028 0.01248 ( 1)  0.093 +-  0.323
  59 A   0.93455 0.02253 0.01076 0.00675 0.00458 0.00317 0.00217 0.00142 0.00081 0.00029 0.01297 ( 1)  0.094 +-  0.329
  60 Y   0.97436 0.01295 0.00354 0.00183 0.00118 0.00081 0.00056 0.00037 0.00021 0.00008 0.00410 ( 1)  0.065 +-  0.207
  61 R   0.78562 0.06417 0.03647 0.02356 0.01607 0.01115 0.00765 0.00500 0.00287 0.00102 0.04641 ( 1)  0.207 +-  0.614
  62 T   0.95602 0.01612 0.00697 0.00433 0.00294 0.00204 0.00140 0.00091 0.00053 0.00019 0.00856 ( 1)  0.079 +-  0.270
  63 V   0.92563 0.02507 0.01218 0.00767 0.00520 0.00361 0.00248 0.00162 0.00093 0.00033 0.01528 ( 1)  0.102 +-  0.363
  64 P   0.93735 0.02179 0.01015 0.00633 0.00429 0.00297 0.00204 0.00134 0.00077 0.00027 0.01269 ( 1)  0.094 +-  0.332
  65 Q   0.88483 0.03730 0.01913 0.01217 0.00828 0.00574 0.00394 0.00258 0.00148 0.00053 0.02402 ( 1)  0.132 +-  0.449
  66 D   0.94726 0.01905 0.00868 0.00537 0.00362 0.00250 0.00171 0.00111 0.00064 0.00023 0.00983 ( 1)  0.084 +-  0.282
  67 R   0.93926 0.02113 0.00967 0.00604 0.00411 0.00286 0.00197 0.00129 0.00074 0.00027 0.01268 ( 1)  0.093 +-  0.337
  68 F   0.88909 0.03751 0.01841 0.01157 0.00784 0.00543 0.00372 0.00243 0.00139 0.00050 0.02212 ( 1)  0.125 +-  0.424
  69 C   0.97971 0.01054 0.00279 0.00148 0.00097 0.00067 0.00046 0.00030 0.00017 0.00006 0.00285 ( 1)  0.060 +-  0.158
  70 H   0.94607 0.01916 0.00889 0.00554 0.00374 0.00258 0.00177 0.00115 0.00066 0.00023 0.01022 ( 1)  0.085 +-  0.288
  71 S   0.97548 0.01073 0.00363 0.00214 0.00143 0.00099 0.00068 0.00044 0.00026 0.00009 0.00414 ( 1)  0.065 +-  0.188
  72 L   0.89312 0.03696 0.01766 0.01100 0.00743 0.00514 0.00352 0.00230 0.00132 0.00047 0.02109 ( 1)  0.122 +-  0.419
  73 H   0.94487 0.01880 0.00863 0.00539 0.00368 0.00256 0.00177 0.00117 0.00068 0.00024 0.01221 ( 1)  0.092 +-  0.343
  74 S   0.97397 0.01052 0.00396 0.00241 0.00163 0.00113 0.00077 0.00051 0.00029 0.00010 0.00472 ( 1)  0.066 +-  0.200
  75 Y   0.97562 0.01168 0.00350 0.00195 0.00129 0.00089 0.00061 0.00040 0.00023 0.00008 0.00377 ( 1)  0.064 +-  0.181
  76 F   0.97054 0.01174 0.00459 0.00278 0.00187 0.00129 0.00089 0.00058 0.00033 0.00012 0.00527 ( 1)  0.068 +-  0.209
  77 I   0.95885 0.01507 0.00663 0.00412 0.00279 0.00193 0.00132 0.00086 0.00049 0.00018 0.00777 ( 1)  0.077 +-  0.253
  78 A   0.84237 0.04787 0.02497 0.01600 0.01098 0.00769 0.00532 0.00351 0.00204 0.00073 0.03852 ( 1)  0.183 +-  0.618
  79 A   0.71986 0.08349 0.04818 0.03107 0.02114 0.01465 0.01004 0.00655 0.00376 0.00134 0.05992 ( 1)  0.254 +-  0.689
  80 G   0.94354 0.01923 0.00864 0.00541 0.00369 0.00258 0.00179 0.00118 0.00069 0.00025 0.01301 ( 1)  0.095 +-  0.365
  81 D   0.94497 0.01955 0.00909 0.00566 0.00382 0.00264 0.00180 0.00117 0.00067 0.00024 0.01038 ( 1)  0.086 +-  0.289
  82 K   0.89708 0.03545 0.01668 0.01044 0.00709 0.00492 0.00338 0.00221 0.00127 0.00045 0.02100 ( 1)  0.122 +-  0.423
  83 T   0.87843 0.04005 0.01991 0.01255 0.00853 0.00593 0.00407 0.00267 0.00154 0.00055 0.02578 ( 1)  0.138 +-  0.472
  84 K   0.66971 0.09290 0.05648 0.03695 0.02529 0.01758 0.01207 0.00790 0.00455 0.00162 0.07495 ( 1)  0.303 +-  0.775
  85 P   0.93771 0.02181 0.01019 0.00635 0.00430 0.00298 0.00204 0.00133 0.00077 0.00027 0.01225 ( 1)  0.092 +-  0.321
  86 V   0.92611 0.02513 0.01222 0.00768 0.00521 0.00360 0.00247 0.00161 0.00093 0.00033 0.01471 ( 1)  0.100 +-  0.351
  87 E   0.72134 0.08300 0.04780 0.03087 0.02103 0.01458 0.00999 0.00652 0.00375 0.00133 0.05980 ( 1)  0.253 +-  0.687
  88 F   0.87888 0.03972 0.01913 0.01198 0.00816 0.00569 0.00393 0.00259 0.00150 0.00054 0.02787 ( 1)  0.146 +-  0.522
  89 R   0.86231 0.04425 0.02261 0.01433 0.00975 0.00678 0.00467 0.00306 0.00176 0.00063 0.02985 ( 1)  0.152 +-  0.511
  90 V   0.92749 0.02485 0.01197 0.00751 0.00509 0.00352 0.00241 0.00157 0.00090 0.00032 0.01437 ( 1)  0.099 +-  0.347
  91 R   0.89093 0.03916 0.01698 0.01014 0.00680 0.00473 0.00327 0.00216 0.00125 0.00045 0.02413 ( 1)  0.135 +-  0.499
  92 R   0.86312 0.04383 0.02121 0.01329 0.00908 0.00636 0.00441 0.00292 0.00170 0.00061 0.03347 ( 1)  0.167 +-  0.594
  93 V   0.87923 0.04010 0.02017 0.01272 0.00862 0.00597 0.00409 0.00267 0.00153 0.00054 0.02436 ( 1)  0.133 +-  0.449
  94 R   0.93587 0.02139 0.00974 0.00610 0.00417 0.00292 0.00203 0.00134 0.00078 0.00028 0.01538 ( 1)  0.104 +-  0.407
  95 D   0.94497 0.01955 0.00909 0.00566 0.00382 0.00264 0.00180 0.00117 0.00067 0.00024 0.01038 ( 1)  0.086 +-  0.289
  96 G   0.94526 0.01944 0.00886 0.00552 0.00374 0.00259 0.00178 0.00116 0.00067 0.00024 0.01074 ( 1)  0.087 +-  0.301
  97 R   0.49604 0.03461 0.02684 0.02353 0.02057 0.01749 0.01423 0.01076 0.00704 0.00281 0.34609 ( 1)  1.217 +-  1.932
  98 S   0.65538 0.02822 0.01793 0.01521 0.01324 0.01125 0.00916 0.00693 0.00454 0.00181 0.23632 ( 1)  0.885 +-  1.773
  99 Y   0.97485 0.01103 0.00369 0.00217 0.00146 0.00101 0.00069 0.00045 0.00026 0.00009 0.00429 ( 1)  0.065 +-  0.193
 100 S   0.84505 0.04742 0.02457 0.01573 0.01079 0.00755 0.00523 0.00345 0.00200 0.00072 0.03748 ( 1)  0.179 +-  0.606
 101 S   0.97548 0.01073 0.00363 0.00214 0.00143 0.00099 0.00068 0.00044 0.00026 0.00009 0.00414 ( 1)  0.065 +-  0.188
 102 R   0.93808 0.02173 0.01007 0.00628 0.00425 0.00295 0.00202 0.00132 0.00076 0.00027 0.01227 ( 1)  0.092 +-  0.322
 103 S   0.74991 0.07516 0.04245 0.02738 0.01867 0.01296 0.00889 0.00581 0.00334 0.00119 0.05424 ( 1)  0.234 +-  0.660
 104 I   0.96119 0.01471 0.00618 0.00380 0.00257 0.00177 0.00121 0.00079 0.00045 0.00016 0.00714 ( 1)  0.075 +-  0.242
 105 E   0.95974 0.01524 0.00614 0.00371 0.00250 0.00174 0.00120 0.00079 0.00045 0.00016 0.00833 ( 1)  0.080 +-  0.297
 106 G   0.94526 0.01944 0.00886 0.00552 0.00374 0.00259 0.00178 0.00116 0.00067 0.00024 0.01074 ( 1)  0.087 +-  0.301
 107 V   0.92696 0.02478 0.01194 0.00750 0.00509 0.00353 0.00242 0.00158 0.00091 0.00033 0.01494 ( 1)  0.101 +-  0.359
 108 Q   0.96222 0.01441 0.00594 0.00364 0.00245 0.00170 0.00117 0.00076 0.00044 0.00016 0.00711 ( 1)  0.075 +-  0.246
 109 D   0.80112 0.06261 0.03214 0.02029 0.01384 0.00965 0.00667 0.00438 0.00254 0.00091 0.04584 ( 1)  0.208 +-  0.652
 110 D   0.94497 0.01955 0.00909 0.00566 0.00382 0.00264 0.00180 0.00117 0.00067 0.00024 0.01038 ( 1)  0.086 +-  0.289
 111 R   0.78562 0.06417 0.03647 0.02356 0.01607 0.01115 0.00765 0.00500 0.00287 0.00102 0.04641 ( 1)  0.207 +-  0.614
 112 A   0.88059 0.04029 0.01987 0.01246 0.00843 0.00584 0.00400 0.00261 0.00150 0.00053 0.02389 ( 1)  0.132 +-  0.444
 113 I   0.95885 0.01507 0.00663 0.00412 0.00279 0.00193 0.00132 0.00086 0.00049 0.00018 0.00777 ( 1)  0.077 +-  0.253
 114 F   0.96814 0.01201 0.00505 0.00312 0.00211 0.00146 0.00100 0.00065 0.00038 0.00013 0.00595 ( 1)  0.070 +-  0.222
 115 T   0.85888 0.04726 0.02335 0.01463 0.00992 0.00687 0.00472 0.00308 0.00177 0.00063 0.02889 ( 1)  0.149 +-  0.491
 116 M   0.96625 0.01210 0.00547 0.00341 0.00231 0.00160 0.00109 0.00071 0.00041 0.00015 0.00650 ( 1)  0.072 +-  0.232
 117 I   0.96119 0.01471 0.00618 0.00380 0.00257 0.00177 0.00121 0.00079 0.00045 0.00016 0.00714 ( 1)  0.075 +-  0.242
 118 A   0.93654 0.02212 0.01040 0.00650 0.00440 0.00305 0.00209 0.00136 0.00078 0.00028 0.01248 ( 1)  0.093 +-  0.323
 119 S   0.96702 0.01441 0.00487 0.00280 0.00187 0.00129 0.00089 0.00058 0.00034 0.00012 0.00581 ( 1)  0.071 +-  0.231
 120 F   0.96814 0.01201 0.00505 0.00312 0.00211 0.00146 0.00100 0.00065 0.00038 0.00013 0.00595 ( 1)  0.070 +-  0.222
 121 S   0.96618 0.01379 0.00513 0.00308 0.00208 0.00144 0.00099 0.00065 0.00037 0.00013 0.00615 ( 1)  0.071 +-  0.231
 122 L   0.64095 0.09702 0.06086 0.04026 0.02768 0.01929 0.01327 0.00869 0.00501 0.00179 0.08518 ( 1)  0.339 +-  0.840
 123 P   0.93486 0.02225 0.01059 0.00664 0.00451 0.00313 0.00215 0.00141 0.00081 0.00029 0.01335 ( 1)  0.096 +-  0.340
 124 E   0.95773 0.01572 0.00677 0.00416 0.00281 0.00194 0.00133 0.00087 0.00050 0.00018 0.00798 ( 1)  0.078 +-  0.259
 125 G   0.85255 0.04730 0.02470 0.01571 0.01068 0.00741 0.00508 0.00332 0.00191 0.00068 0.03068 ( 1)  0.154 +-  0.503
 126 D   0.94726 0.01905 0.00868 0.00537 0.00362 0.00250 0.00171 0.00111 0.00064 0.00023 0.00983 ( 1)  0.084 +-  0.282
 127 V   0.86789 0.04197 0.02082 0.01315 0.00899 0.00628 0.00435 0.00287 0.00167 0.00060 0.03142 ( 1)  0.159 +-  0.560
 128 V   0.92563 0.02507 0.01218 0.00767 0.00520 0.00361 0.00248 0.00162 0.00093 0.00033 0.01528 ( 1)  0.102 +-  0.363
 129 H   0.94835 0.01867 0.00848 0.00525 0.00354 0.00244 0.00167 0.00109 0.00062 0.00022 0.00966 ( 1)  0.083 +-  0.280
 130 I   0.96119 0.01471 0.00618 0.00380 0.00257 0.00177 0.00121 0.00079 0.00045 0.00016 0.00714 ( 1)  0.075 +-  0.242
 131 N   0.85301 0.04703 0.02475 0.01578 0.01073 0.00743 0.00509 0.00332 0.00191 0.00068 0.03026 ( 1)  0.153 +-  0.494
 132 H   0.90959 0.03210 0.01496 0.00928 0.00626 0.00433 0.00296 0.00193 0.00110 0.00039 0.01710 ( 1)  0.109 +-  0.371
 133 P   0.93569 0.02223 0.01055 0.00661 0.00448 0.00310 0.00212 0.00139 0.00080 0.00028 0.01276 ( 1)  0.094 +-  0.327
 134 M   0.96625 0.01210 0.00547 0.00341 0.00231 0.00160 0.00109 0.00071 0.00041 0.00015 0.00650 ( 1)  0.072 +-  0.232
 135 P   0.93735 0.02179 0.01015 0.00633 0.00429 0.00297 0.00204 0.00134 0.00077 0.00027 0.01269 ( 1)  0.094 +-  0.332
 136 K   0.97359 0.01113 0.00394 0.00235 0.00158 0.00110 0.00075 0.00049 0.00028 0.00010 0.00468 ( 1)  0.066 +-  0.202
 137 V   0.75602 0.07544 0.04127 0.02628 0.01785 0.01238 0.00850 0.00555 0.00320 0.00114 0.05237 ( 1)  0.229 +-  0.657
 138 P   0.85073 0.04583 0.02343 0.01488 0.01019 0.00714 0.00495 0.00327 0.00190 0.00068 0.03698 ( 1)  0.179 +-  0.617
 139 P   0.83813 0.04847 0.02542 0.01631 0.01121 0.00786 0.00545 0.00360 0.00209 0.00075 0.04071 ( 1)  0.191 +-  0.647
 140 A   0.83536 0.05112 0.02792 0.01791 0.01218 0.00844 0.00578 0.00377 0.00217 0.00077 0.03456 ( 1)  0.168 +-  0.531
 141 E   0.95773 0.01572 0.00677 0.00416 0.00281 0.00194 0.00133 0.00087 0.00050 0.00018 0.00798 ( 1)  0.078 +-  0.259
 142 S   0.62230 0.10082 0.06379 0.04221 0.02903 0.02025 0.01395 0.00915 0.00528 0.00189 0.09133 ( 1)  0.359 +-  0.873
 143 L   0.92510 0.02551 0.01207 0.00755 0.00513 0.00356 0.00245 0.00161 0.00093 0.00033 0.01574 ( 1)  0.104 +-  0.376
 144 D   0.94602 0.01874 0.00844 0.00524 0.00356 0.00248 0.00171 0.00113 0.00065 0.00023 0.01179 ( 1)  0.091 +-  0.337
 145 V   0.83936 0.05044 0.02722 0.01741 0.01183 0.00819 0.00561 0.00366 0.00210 0.00075 0.03343 ( 1)  0.164 +-  0.523
 146 I   0.91132 0.02990 0.01379 0.00865 0.00590 0.00412 0.00285 0.00188 0.00109 0.00039 0.02010 ( 1)  0.120 +-  0.444
 147 G   0.94773 0.01903 0.00841 0.00520 0.00351 0.00243 0.00167 0.00109 0.00063 0.00022 0.01008 ( 1)  0.085 +-  0.292
 148 F   0.96814 0.01201 0.00505 0.00312 0.00211 0.00146 0.00100 0.00065 0.00038 0.00013 0.00595 ( 1)  0.070 +-  0.222
 149 L   0.92556 0.02570 0.01225 0.00766 0.00519 0.00359 0.00246 0.00161 0.00092 0.00033 0.01473 ( 1)  0.101 +-  0.352
 150 T   0.87998 0.03965 0.01985 0.01253 0.00851 0.00590 0.00405 0.00265 0.00152 0.00054 0.02481 ( 1)  0.135 +-  0.456
 151 A   0.93417 0.02247 0.01071 0.00673 0.00457 0.00317 0.00218 0.00142 0.00082 0.00029 0.01347 ( 1)  0.096 +-  0.341
 152 A   0.70735 0.08318 0.04842 0.03145 0.02156 0.01505 0.01038 0.00682 0.00395 0.00141 0.07042 ( 1)  0.291 +-  0.794
 153 A   0.76073 0.07506 0.04080 0.02591 0.01757 0.01217 0.00833 0.00544 0.00312 0.00111 0.04976 ( 1)  0.220 +-  0.631
 154 K   0.69609 0.08931 0.05175 0.03338 0.02276 0.01581 0.01086 0.00710 0.00409 0.00146 0.06740 ( 1)  0.279 +-  0.738
 155 N   0.96722 0.01311 0.00512 0.00309 0.00207 0.00143 0.00098 0.00064 0.00037 0.00013 0.00584 ( 1)  0.070 +-  0.220
 156 E   0.95773 0.01572 0.00677 0.00416 0.00281 0.00194 0.00133 0.00087 0.00050 0.00018 0.00798 ( 1)  0.078 +-  0.259
 157 E   0.90633 0.03287 0.01538 0.00955 0.00645 0.00447 0.00306 0.00200 0.00115 0.00041 0.01833 ( 1)  0.113 +-  0.390
 158 L   0.92367 0.02574 0.01232 0.00774 0.00526 0.00366 0.00252 0.00165 0.00095 0.00034 0.01615 ( 1)  0.105 +-  0.380
 159 S   0.59902 0.10798 0.06940 0.04596 0.03153 0.02191 0.01504 0.00983 0.00565 0.00201 0.09168 ( 1)  0.359 +-  0.840
 160 S   0.87969 0.04086 0.01901 0.01171 0.00794 0.00553 0.00382 0.00252 0.00146 0.00052 0.02695 ( 1)  0.144 +-  0.514
 161 E   0.80817 0.06338 0.03230 0.02022 0.01367 0.00946 0.00648 0.00423 0.00243 0.00086 0.03880 ( 1)  0.183 +-  0.560
 162 L   0.92367 0.02574 0.01232 0.00774 0.00526 0.00366 0.00252 0.00165 0.00095 0.00034 0.01615 ( 1)  0.105 +-  0.380
 163 R   0.93808 0.02173 0.01007 0.00628 0.00425 0.00295 0.00202 0.00132 0.00076 0.00027 0.01227 ( 1)  0.092 +-  0.322
 164 S   0.77618 0.07221 0.03782 0.02371 0.01604 0.01111 0.00762 0.00498 0.00286 0.00102 0.04645 ( 1)  0.208 +-  0.614
 165 N   0.71646 0.08490 0.04883 0.03143 0.02138 0.01481 0.01015 0.00662 0.00380 0.00135 0.06026 ( 1)  0.254 +-  0.685
 166 A   0.87488 0.04082 0.02071 0.01310 0.00890 0.00618 0.00424 0.00277 0.00160 0.00057 0.02623 ( 1)  0.140 +-  0.472
 167 Q   0.89690 0.03603 0.01679 0.01046 0.00709 0.00491 0.00337 0.00220 0.00127 0.00045 0.02054 ( 1)  0.120 +-  0.416
 168 S   0.66280 0.09445 0.05676 0.03700 0.02534 0.01766 0.01216 0.00798 0.00461 0.00164 0.07962 ( 1)  0.320 +-  0.820
 169 Q   0.87061 0.04323 0.02140 0.01345 0.00913 0.00633 0.00434 0.00284 0.00163 0.00058 0.02646 ( 1)  0.140 +-  0.470
 170 L   0.83682 0.05001 0.02703 0.01736 0.01185 0.00824 0.00567 0.00372 0.00214 0.00076 0.03640 ( 1)  0.174 +-  0.565
 171 D   0.90763 0.03288 0.01533 0.00949 0.00639 0.00441 0.00302 0.00196 0.00113 0.00040 0.01735 ( 1)  0.110 +-  0.373
 172 M   0.72590 0.08150 0.04720 0.03050 0.02077 0.01439 0.00986 0.00643 0.00369 0.00131 0.05844 ( 1)  0.248 +-  0.675
 173 Y   0.88763 0.03691 0.01848 0.01171 0.00797 0.00553 0.00380 0.00248 0.00143 0.00051 0.02356 ( 1)  0.130 +-  0.447
 174 S   0.86117 0.04430 0.02313 0.01477 0.01006 0.00698 0.00479 0.00313 0.00180 0.00064 0.02923 ( 1)  0.149 +-  0.492
 175 R   0.86173 0.04481 0.02270 0.01433 0.00975 0.00677 0.00466 0.00305 0.00176 0.00063 0.02981 ( 1)  0.152 +-  0.511
 176 L   0.83996 0.05015 0.02707 0.01732 0.01178 0.00816 0.00559 0.00365 0.00210 0.00075 0.03347 ( 1)  0.164 +-  0.524
 177 S   0.63990 0.09963 0.06210 0.04084 0.02796 0.01943 0.01333 0.00871 0.00501 0.00178 0.08129 ( 1)  0.324 +-  0.795
 178 L   0.83682 0.05001 0.02703 0.01736 0.01185 0.00824 0.00567 0.00372 0.00214 0.00076 0.03640 ( 1)  0.174 +-  0.565
 179 E   0.95773 0.01572 0.00677 0.00416 0.00281 0.00194 0.00133 0.00087 0.00050 0.00018 0.00798 ( 1)  0.078 +-  0.259
 180 I   0.82552 0.05244 0.02799 0.01800 0.01234 0.00863 0.00597 0.00393 0.00228 0.00082 0.04208 ( 1)  0.194 +-  0.634
 181 Q   0.96046 0.01464 0.00627 0.00388 0.00262 0.00182 0.00125 0.00082 0.00047 0.00017 0.00761 ( 1)  0.076 +-  0.255
 182 P   0.93524 0.02230 0.01064 0.00667 0.00452 0.00313 0.00214 0.00140 0.00080 0.00029 0.01288 ( 1)  0.094 +-  0.329
 183 T   0.95794 0.01594 0.00661 0.00406 0.00274 0.00190 0.00130 0.00085 0.00049 0.00017 0.00799 ( 1)  0.078 +-  0.261
 184 D   0.94726 0.01905 0.00868 0.00537 0.00362 0.00250 0.00171 0.00111 0.00064 0.00023 0.00983 ( 1)  0.084 +-  0.282
 185 P   0.93532 0.02220 0.01051 0.00658 0.00447 0.00310 0.00213 0.00139 0.00080 0.00029 0.01322 ( 1)  0.095 +-  0.339
 186 L   0.92367 0.02574 0.01232 0.00774 0.00526 0.00366 0.00252 0.00165 0.00095 0.00034 0.01615 ( 1)  0.105 +-  0.380
 187 V   0.92249 0.02488 0.01210 0.00767 0.00525 0.00367 0.00254 0.00168 0.00097 0.00035 0.01838 ( 1)  0.114 +-  0.431
 188 Y   0.97485 0.01103 0.00369 0.00217 0.00146 0.00101 0.00069 0.00045 0.00026 0.00009 0.00429 ( 1)  0.065 +-  0.193
 189 Y   0.88637 0.03791 0.01864 0.01175 0.00798 0.00554 0.00380 0.00249 0.00143 0.00051 0.02358 ( 1)  0.130 +-  0.447
 190 R   0.93808 0.02173 0.01007 0.00628 0.00425 0.00295 0.00202 0.00132 0.00076 0.00027 0.01227 ( 1)  0.092 +-  0.322
 191 V   0.92571 0.02523 0.01229 0.00773 0.00524 0.00363 0.00248 0.00162 0.00093 0.00033 0.01480 ( 1)  0.101 +-  0.352
 192 R   0.93873 0.02160 0.00995 0.00620 0.00420 0.00291 0.00199 0.00130 0.00075 0.00027 0.01211 ( 1)  0.092 +-  0.320
 193 P   0.93532 0.02220 0.01051 0.00658 0.00447 0.00310 0.00213 0.00139 0.00080 0.00029 0.01322 ( 1)  0.095 +-  0.339
 194 A   0.85081 0.04867 0.02504 0.01584 0.01074 0.00744 0.00510 0.00333 0.00191 0.00068 0.03045 ( 1)  0.154 +-  0.499
 195 D   0.94497 0.01955 0.00909 0.00566 0.00382 0.00264 0.00180 0.00117 0.00067 0.00024 0.01038 ( 1)  0.086 +-  0.289
 196 E   0.95773 0.01572 0.00677 0.00416 0.00281 0.00194 0.00133 0.00087 0.00050 0.00018 0.00798 ( 1)  0.078 +-  0.259
 197 P   0.93569 0.02223 0.01055 0.00661 0.00448 0.00310 0.00212 0.00139 0.00080 0.00028 0.01276 ( 1)  0.094 +-  0.327
 198 K   0.83487 0.05109 0.02761 0.01771 0.01207 0.00839 0.00576 0.00377 0.00217 0.00077 0.03578 ( 1)  0.172 +-  0.548
 199 V   0.92515 0.02516 0.01226 0.00773 0.00525 0.00364 0.00250 0.00163 0.00094 0.00034 0.01541 ( 1)  0.103 +-  0.364
 200 H   0.94835 0.01867 0.00848 0.00525 0.00354 0.00244 0.00167 0.00109 0.00062 0.00022 0.00966 ( 1)  0.083 +-  0.280
 201 M   0.67787 0.09545 0.05571 0.03590 0.02443 0.01692 0.01159 0.00756 0.00434 0.00154 0.06868 ( 1)  0.283 +-  0.727
 202 W   0.98521 0.00827 0.00181 0.00096 0.00064 0.00044 0.00030 0.00020 0.00012 0.00004 0.00201 ( 1)  0.057 +-  0.137
 203 L   0.83490 0.05056 0.02735 0.01756 0.01199 0.00834 0.00574 0.00376 0.00217 0.00077 0.03685 ( 1)  0.176 +-  0.568
 204 R   0.93859 0.02157 0.00981 0.00610 0.00414 0.00287 0.00198 0.00130 0.00075 0.00027 0.01265 ( 1)  0.093 +-  0.336
 205 A   0.70386 0.08804 0.05102 0.03288 0.02237 0.01550 0.01062 0.00693 0.00398 0.00141 0.06339 ( 1)  0.265 +-  0.707
 206 R   0.94060 0.02125 0.00945 0.00584 0.00395 0.00274 0.00189 0.00124 0.00071 0.00025 0.01207 ( 1)  0.092 +-  0.328
 207 D   0.90763 0.03288 0.01533 0.00949 0.00639 0.00441 0.00302 0.00196 0.00113 0.00040 0.01735 ( 1)  0.110 +-  0.373
 208 A   0.93617 0.02207 0.01036 0.00648 0.00439 0.00305 0.00209 0.00137 0.00079 0.00028 0.01295 ( 1)  0.094 +-  0.334
 209 P   0.85159 0.04740 0.02465 0.01568 0.01067 0.00741 0.00509 0.00333 0.00192 0.00068 0.03160 ( 1)  0.158 +-  0.518
 210 P   0.66019 0.09533 0.05820 0.03807 0.02604 0.01810 0.01243 0.00813 0.00468 0.00166 0.07716 ( 1)  0.312 +-  0.789
 211 P   0.83248 0.04941 0.02635 0.01699 0.01169 0.00820 0.00569 0.00376 0.00218 0.00079 0.04247 ( 1)  0.197 +-  0.660
 212 E   0.95966 0.01541 0.00641 0.00391 0.00263 0.00182 0.00125 0.00081 0.00047 0.00017 0.00746 ( 1)  0.076 +-  0.250
 213 S   0.84775 0.04793 0.02487 0.01585 0.01082 0.00753 0.00519 0.00341 0.00197 0.00070 0.03399 ( 1)  0.166 +-  0.550
 214 P   0.85159 0.04740 0.02465 0.01568 0.01067 0.00741 0.00509 0.00333 0.00192 0.00068 0.03160 ( 1)  0.158 +-  0.518
 215 T   0.71293 0.08527 0.04898 0.03156 0.02150 0.01492 0.01024 0.00669 0.00385 0.00137 0.06269 ( 1)  0.263 +-  0.709
 216 A   0.70004 0.08781 0.05114 0.03306 0.02255 0.01566 0.01075 0.00703 0.00405 0.00144 0.06646 ( 1)  0.276 +-  0.735
 217 V   0.67793 0.09228 0.05515 0.03588 0.02451 0.01702 0.01168 0.00763 0.00439 0.00156 0.07197 ( 1)  0.294 +-  0.762
 218 R   0.87592 0.04130 0.02020 0.01268 0.00862 0.00599 0.00412 0.00270 0.00156 0.00056 0.02636 ( 1)  0.140 +-  0.481
 219 Q   0.96046 0.01464 0.00627 0.00388 0.00262 0.00182 0.00125 0.00082 0.00047 0.00017 0.00761 ( 1)  0.076 +-  0.255
 220 S   0.97397 0.01052 0.00396 0.00241 0.00163 0.00113 0.00077 0.00051 0.00029 0.00010 0.00472 ( 1)  0.066 +-  0.200
 221 H   0.94607 0.01916 0.00889 0.00554 0.00374 0.00258 0.00177 0.00115 0.00066 0.00023 0.01022 ( 1)  0.085 +-  0.288
 222 V   0.87309 0.04146 0.02102 0.01330 0.00904 0.00627 0.00430 0.00281 0.00162 0.00058 0.02652 ( 1)  0.141 +-  0.475
 223 L   0.92236 0.02601 0.01255 0.00790 0.00537 0.00374 0.00257 0.00168 0.00097 0.00035 0.01650 ( 1)  0.107 +-  0.384
 224 T   0.95648 0.01598 0.00682 0.00423 0.00287 0.00199 0.00137 0.00090 0.00052 0.00018 0.00867 ( 1)  0.080 +-  0.277
 225 T   0.95602 0.01612 0.00697 0.00433 0.00294 0.00204 0.00140 0.00091 0.00053 0.00019 0.00856 ( 1)  0.079 +-  0.270
 226 Y   0.97485 0.01103 0.00369 0.00217 0.00146 0.00101 0.00069 0.00045 0.00026 0.00009 0.00429 ( 1)  0.065 +-  0.193
 227 M   0.86493 0.04370 0.02271 0.01443 0.00980 0.00679 0.00465 0.00303 0.00174 0.00062 0.02758 ( 1)  0.144 +-  0.472
 228 A   0.93156 0.02218 0.01052 0.00665 0.00455 0.00319 0.00221 0.00146 0.00085 0.00031 0.01651 ( 1)  0.108 +-  0.417
 229 D   0.94726 0.01905 0.00868 0.00537 0.00362 0.00250 0.00171 0.00111 0.00064 0.00023 0.00983 ( 1)  0.084 +-  0.282
 230 M   0.96625 0.01210 0.00547 0.00341 0.00231 0.00160 0.00109 0.00071 0.00041 0.00015 0.00650 ( 1)  0.072 +-  0.232
 231 G   0.94526 0.01944 0.00886 0.00552 0.00374 0.00259 0.00178 0.00116 0.00067 0.00024 0.01074 ( 1)  0.087 +-  0.301
 232 I   0.95885 0.01507 0.00663 0.00412 0.00279 0.00193 0.00132 0.00086 0.00049 0.00018 0.00777 ( 1)  0.077 +-  0.253
 233 L   0.92367 0.02574 0.01232 0.00774 0.00526 0.00366 0.00252 0.00165 0.00095 0.00034 0.01615 ( 1)  0.105 +-  0.380
 234 R   0.65886 0.09405 0.05718 0.03745 0.02569 0.01792 0.01235 0.00811 0.00468 0.00167 0.08204 ( 1)  0.329 +-  0.841
 235 G   0.85255 0.04730 0.02470 0.01571 0.01068 0.00741 0.00508 0.00332 0.00191 0.00068 0.03068 ( 1)  0.154 +-  0.503
 236 G   0.94725 0.01911 0.00850 0.00526 0.00356 0.00246 0.00169 0.00110 0.00063 0.00023 0.01021 ( 1)  0.085 +-  0.293
 237 L   0.92510 0.02551 0.01207 0.00755 0.00513 0.00356 0.00245 0.00161 0.00093 0.00033 0.01574 ( 1)  0.104 +-  0.376
 238 S   0.97397 0.01052 0.00396 0.00241 0.00163 0.00113 0.00077 0.00051 0.00029 0.00010 0.00472 ( 1)  0.066 +-  0.200
 239 D   0.79936 0.06536 0.03432 0.02164 0.01463 0.01011 0.00691 0.00450 0.00258 0.00091 0.03970 ( 1)  0.186 +-  0.556
 240 L   0.83490 0.05056 0.02735 0.01756 0.01199 0.00834 0.00574 0.00376 0.00217 0.00077 0.03685 ( 1)  0.176 +-  0.568
 241 S   0.67537 0.09305 0.05544 0.03602 0.02461 0.01710 0.01174 0.00768 0.00442 0.00157 0.07299 ( 1)  0.297 +-  0.765
 242 L   0.92497 0.02549 0.01210 0.00758 0.00515 0.00358 0.00246 0.00161 0.00093 0.00033 0.01580 ( 1)  0.104 +-  0.376
 243 Q   0.90520 0.03240 0.01552 0.00974 0.00661 0.00458 0.00314 0.00205 0.00118 0.00042 0.01915 ( 1)  0.116 +-  0.402
 244 A   0.68976 0.09074 0.05304 0.03423 0.02332 0.01619 0.01111 0.00726 0.00418 0.00149 0.06868 ( 1)  0.283 +-  0.746
 245 A   0.93701 0.02204 0.01032 0.00644 0.00436 0.00302 0.00207 0.00135 0.00078 0.00028 0.01236 ( 1)  0.092 +-  0.322
 246 F   0.96814 0.01201 0.00505 0.00312 0.00211 0.00146 0.00100 0.00065 0.00038 0.00013 0.00595 ( 1)  0.070 +-  0.222
 247 V   0.92515 0.02516 0.01226 0.00773 0.00525 0.00364 0.00250 0.00163 0.00094 0.00034 0.01541 ( 1)  0.103 +-  0.364
 248 T   0.95602 0.01612 0.00697 0.00433 0.00294 0.00204 0.00140 0.00091 0.00053 0.00019 0.00856 ( 1)  0.079 +-  0.270
 249 S   0.96612 0.01391 0.00506 0.00301 0.00203 0.00141 0.00097 0.00064 0.00037 0.00013 0.00635 ( 1)  0.072 +-  0.241
 250 L   0.92367 0.02574 0.01232 0.00774 0.00526 0.00366 0.00252 0.00165 0.00095 0.00034 0.01615 ( 1)  0.105 +-  0.380
 251 D   0.94602 0.01874 0.00844 0.00524 0.00356 0.00248 0.00171 0.00113 0.00065 0.00023 0.01179 ( 1)  0.091 +-  0.337
 252 H   0.94835 0.01867 0.00848 0.00525 0.00354 0.00244 0.00167 0.00109 0.00062 0.00022 0.00966 ( 1)  0.083 +-  0.280
 253 S   0.96558 0.01382 0.00516 0.00311 0.00210 0.00146 0.00101 0.00066 0.00038 0.00014 0.00659 ( 1)  0.073 +-  0.246
 254 V   0.92249 0.02488 0.01210 0.00767 0.00525 0.00367 0.00254 0.00168 0.00097 0.00035 0.01838 ( 1)  0.114 +-  0.431
 255 Y   0.97431 0.01177 0.00356 0.00200 0.00133 0.00093 0.00064 0.00042 0.00025 0.00009 0.00470 ( 1)  0.067 +-  0.222
 256 F   0.96814 0.01201 0.00505 0.00312 0.00211 0.00146 0.00100 0.00065 0.00038 0.00013 0.00595 ( 1)  0.070 +-  0.222
 257 H   0.94607 0.01916 0.00889 0.00554 0.00374 0.00258 0.00177 0.00115 0.00066 0.00023 0.01022 ( 1)  0.085 +-  0.288
 258 E   0.95773 0.01572 0.00677 0.00416 0.00281 0.00194 0.00133 0.00087 0.00050 0.00018 0.00798 ( 1)  0.078 +-  0.259
 259 P   0.93532 0.02220 0.01051 0.00658 0.00447 0.00310 0.00213 0.00139 0.00080 0.00029 0.01322 ( 1)  0.095 +-  0.339
 260 L   0.86129 0.04371 0.02281 0.01456 0.00993 0.00691 0.00475 0.00311 0.00180 0.00064 0.03050 ( 1)  0.154 +-  0.519
 261 L   0.92417 0.02568 0.01224 0.00767 0.00521 0.00362 0.00249 0.00163 0.00094 0.00034 0.01600 ( 1)  0.105 +-  0.379
 262 P   0.93486 0.02225 0.01059 0.00664 0.00451 0.00313 0.00215 0.00141 0.00081 0.00029 0.01335 ( 1)  0.096 +-  0.340
 263 H   0.75676 0.07562 0.04195 0.02679 0.01817 0.01256 0.00859 0.00559 0.00321 0.00114 0.04962 ( 1)  0.219 +-  0.620
 264 E   0.90362 0.03323 0.01588 0.00992 0.00672 0.00465 0.00319 0.00208 0.00120 0.00043 0.01909 ( 1)  0.115 +-  0.398
 265 F   0.88857 0.03804 0.01847 0.01157 0.00783 0.00542 0.00371 0.00242 0.00139 0.00049 0.02207 ( 1)  0.125 +-  0.424
 266 V   0.83795 0.05034 0.02717 0.01741 0.01186 0.00823 0.00565 0.00369 0.00213 0.00076 0.03482 ( 1)  0.169 +-  0.542
 267 L   0.92510 0.02551 0.01207 0.00755 0.00513 0.00356 0.00245 0.00161 0.00093 0.00033 0.01574 ( 1)  0.104 +-  0.376
 268 Y   0.86340 0.04408 0.02260 0.01436 0.00977 0.00679 0.00466 0.00305 0.00176 0.00063 0.02890 ( 1)  0.148 +-  0.493
 269 E   0.95773 0.01572 0.00677 0.00416 0.00281 0.00194 0.00133 0.00087 0.00050 0.00018 0.00798 ( 1)  0.078 +-  0.259
 270 A   0.85159 0.04750 0.02467 0.01569 0.01068 0.00741 0.00509 0.00333 0.00192 0.00068 0.03146 ( 1)  0.157 +-  0.516
 271 H   0.94607 0.01916 0.00889 0.00554 0.00374 0.00258 0.00177 0.00115 0.00066 0.00023 0.01022 ( 1)  0.085 +-  0.288
 272 C   0.97949 0.00949 0.00291 0.00168 0.00113 0.00078 0.00054 0.00035 0.00020 0.00007 0.00335 ( 1)  0.062 +-  0.171
 273 L   0.92236 0.02601 0.01255 0.00790 0.00537 0.00374 0.00257 0.00168 0.00097 0.00035 0.01650 ( 1)  0.107 +-  0.384
 274 F   0.88857 0.03804 0.01847 0.01157 0.00783 0.00542 0.00371 0.00242 0.00139 0.00049 0.02207 ( 1)  0.125 +-  0.424
 275 G   0.94526 0.01944 0.00886 0.00552 0.00374 0.00259 0.00178 0.00116 0.00067 0.00024 0.01074 ( 1)  0.087 +-  0.301
 276 G   0.94498 0.01938 0.00882 0.00550 0.00373 0.00259 0.00178 0.00117 0.00067 0.00024 0.01113 ( 1)  0.088 +-  0.311
 277 R   0.93873 0.02160 0.00995 0.00620 0.00420 0.00291 0.00199 0.00130 0.00075 0.00027 0.01211 ( 1)  0.092 +-  0.320
 278 G   0.94526 0.01944 0.00886 0.00552 0.00374 0.00259 0.00178 0.00116 0.00067 0.00024 0.01074 ( 1)  0.087 +-  0.301
 279 R   0.94060 0.02125 0.00945 0.00584 0.00395 0.00274 0.00189 0.00124 0.00071 0.00025 0.01207 ( 1)  0.092 +-  0.328
 280 T   0.95602 0.01612 0.00697 0.00433 0.00294 0.00204 0.00140 0.00091 0.00053 0.00019 0.00856 ( 1)  0.079 +-  0.270
 281 T   0.86104 0.04430 0.02313 0.01477 0.01006 0.00698 0.00479 0.00313 0.00180 0.00064 0.02935 ( 1)  0.150 +-  0.495
 282 N   0.96522 0.01330 0.00550 0.00337 0.00228 0.00158 0.00108 0.00070 0.00040 0.00014 0.00642 ( 1)  0.072 +-  0.231
 283 K   0.97465 0.01148 0.00370 0.00213 0.00142 0.00098 0.00067 0.00044 0.00025 0.00009 0.00418 ( 1)  0.065 +-  0.191
 284 G   0.94526 0.01944 0.00886 0.00552 0.00374 0.00259 0.00178 0.00116 0.00067 0.00024 0.01074 ( 1)  0.087 +-  0.301
 285 N   0.96522 0.01330 0.00550 0.00337 0.00228 0.00158 0.00108 0.00070 0.00040 0.00014 0.00642 ( 1)  0.072 +-  0.231
 286 M   0.86493 0.04370 0.02271 0.01443 0.00980 0.00679 0.00465 0.00303 0.00174 0.00062 0.02758 ( 1)  0.144 +-  0.472
 287 W   0.98521 0.00827 0.00181 0.00096 0.00064 0.00044 0.00030 0.00020 0.00012 0.00004 0.00201 ( 1)  0.057 +-  0.137
 288 R   0.93808 0.02173 0.01007 0.00628 0.00425 0.00295 0.00202 0.00132 0.00076 0.00027 0.01227 ( 1)  0.092 +-  0.322
 289 R   0.94244 0.02072 0.00925 0.00575 0.00389 0.00270 0.00185 0.00121 0.00070 0.00025 0.01124 ( 1)  0.089 +-  0.308
 290 D   0.94497 0.01955 0.00909 0.00566 0.00382 0.00264 0.00180 0.00117 0.00067 0.00024 0.01038 ( 1)  0.086 +-  0.289
 291 G   0.94337 0.01917 0.00858 0.00536 0.00367 0.00257 0.00178 0.00118 0.00069 0.00025 0.01339 ( 1)  0.097 +-  0.378
 292 A   0.85093 0.04833 0.02502 0.01587 0.01078 0.00747 0.00511 0.00334 0.00192 0.00068 0.03056 ( 1)  0.154 +-  0.500
 293 L   0.92367 0.02574 0.01232 0.00774 0.00526 0.00366 0.00252 0.00165 0.00095 0.00034 0.01615 ( 1)  0.105 +-  0.380
 294 V   0.92563 0.02507 0.01218 0.00767 0.00520 0.00361 0.00248 0.00162 0.00093 0.00033 0.01528 ( 1)  0.102 +-  0.363
 295 A   0.93654 0.02212 0.01040 0.00650 0.00440 0.00305 0.00209 0.00136 0.00078 0.00028 0.01248 ( 1)  0.093 +-  0.323
 296 T   0.95836 0.01590 0.00653 0.00400 0.00270 0.00187 0.00128 0.00084 0.00048 0.00017 0.00786 ( 1)  0.077 +-  0.259
 297 V   0.87923 0.04010 0.02017 0.01272 0.00862 0.00597 0.00409 0.00267 0.00153 0.00054 0.02436 ( 1)  0.133 +-  0.449
 298 F   0.97054 0.01174 0.00459 0.00278 0.00187 0.00129 0.00089 0.00058 0.00033 0.00012 0.00527 ( 1)  0.068 +-  0.209
 299 Q   0.96046 0.01464 0.00627 0.00388 0.00262 0.00182 0.00125 0.00082 0.00047 0.00017 0.00761 ( 1)  0.076 +-  0.255
 300 E   0.95773 0.01572 0.00677 0.00416 0.00281 0.00194 0.00133 0.00087 0.00050 0.00018 0.00798 ( 1)  0.078 +-  0.259
 301 G   0.94526 0.01944 0.00886 0.00552 0.00374 0.00259 0.00178 0.00116 0.00067 0.00024 0.01074 ( 1)  0.087 +-  0.301
 302 L   0.92367 0.02574 0.01232 0.00774 0.00526 0.00366 0.00252 0.00165 0.00095 0.00034 0.01615 ( 1)  0.105 +-  0.380
 303 V   0.92611 0.02513 0.01222 0.00768 0.00521 0.00360 0.00247 0.00161 0.00093 0.00033 0.01471 ( 1)  0.100 +-  0.351
 304 R   0.94090 0.02125 0.00956 0.00591 0.00399 0.00277 0.00190 0.00124 0.00071 0.00025 0.01152 ( 1)  0.090 +-  0.312
 305 L   0.86129 0.04371 0.02281 0.01456 0.00993 0.00691 0.00475 0.00311 0.00180 0.00064 0.03050 ( 1)  0.154 +-  0.519
 306 V   0.64886 0.09945 0.06105 0.03987 0.02720 0.01885 0.01291 0.00842 0.00483 0.00172 0.07683 ( 1)  0.311 +-  0.773
 307 S   0.65013 0.09658 0.05986 0.03940 0.02702 0.01879 0.01291 0.00845 0.00486 0.00173 0.08025 ( 1)  0.321 +-  0.799
 308 Q   0.84919 0.04857 0.02519 0.01598 0.01086 0.00753 0.00517 0.00338 0.00194 0.00069 0.03149 ( 1)  0.157 +-  0.511
 309 P   0.83648 0.04873 0.02597 0.01673 0.01149 0.00805 0.00557 0.00368 0.00214 0.00077 0.04041 ( 1)  0.189 +-  0.633
 310 P   0.63757 0.10089 0.06287 0.04130 0.02824 0.01959 0.01343 0.00876 0.00503 0.00179 0.08053 ( 1)  0.323 +-  0.790
 311 S   0.77618 0.07221 0.03782 0.02371 0.01604 0.01111 0.00762 0.00498 0.00286 0.00102 0.04645 ( 1)  0.208 +-  0.614
 312 A   0.84677 0.04938 0.02578 0.01637 0.01111 0.00770 0.00527 0.00344 0.00198 0.00070 0.03150 ( 1)  0.157 +-  0.508
 313 I   0.66949 0.09460 0.05757 0.03754 0.02560 0.01773 0.01214 0.00791 0.00454 0.00161 0.07127 ( 1)  0.291 +-  0.737

Positively selected sites

	Prob(w>1)  mean w


