Supplemental results for CODEML (seqf: algn  treef: tree)


dN/dS (w) for site classes (K=3)

p:   0.69830  0.17283  0.12887
w:   0.29038  1.00000  1.99995

Naive Empirical Bayes (NEB) probabilities for 3 classes & postmean_w & P(w>1)
(amino acids refer to 1st sequence: Msl.14643)

   1 M   0.69831 0.17283 0.12886 ( 1)  0.633  0.129
   2 L   0.69830 0.17283 0.12887 ( 1)  0.633  0.129
   3 P   0.69830 0.17283 0.12887 ( 1)  0.633  0.129
   4 F   0.69831 0.17283 0.12887 ( 1)  0.633  0.129
   5 R   0.69830 0.17283 0.12887 ( 1)  0.633  0.129
   6 R   0.69830 0.17283 0.12887 ( 1)  0.633  0.129
   7 A   0.69830 0.17283 0.12887 ( 1)  0.633  0.129
   8 L   0.69830 0.17283 0.12887 ( 1)  0.633  0.129
   9 R   0.69830 0.17283 0.12887 ( 1)  0.633  0.129
  10 C   0.69830 0.17283 0.12887 ( 1)  0.633  0.129
  11 L   0.69830 0.17283 0.12887 ( 1)  0.633  0.129
  12 C   0.69830 0.17283 0.12887 ( 1)  0.633  0.129
  13 A   0.69830 0.17283 0.12887 ( 1)  0.633  0.129
  14 P   0.69830 0.17283 0.12887 ( 1)  0.633  0.129
  15 L   0.69830 0.17283 0.12887 ( 1)  0.633  0.129
  16 H   0.69831 0.17283 0.12887 ( 1)  0.633  0.129
  17 H   0.69830 0.17283 0.12887 ( 1)  0.633  0.129
  18 C   0.69830 0.17283 0.12887 ( 1)  0.633  0.129
  19 G   0.69830 0.17283 0.12887 ( 1)  0.633  0.129
  20 S   0.69830 0.17283 0.12887 ( 1)  0.633  0.129
  21 C   0.69830 0.17283 0.12887 ( 1)  0.633  0.129
  22 F   0.69831 0.17283 0.12887 ( 1)  0.633  0.129
  23 Y   0.69830 0.17283 0.12887 ( 1)  0.633  0.129
  24 V   0.69830 0.17283 0.12887 ( 1)  0.633  0.129
  25 C   0.69830 0.17283 0.12887 ( 1)  0.633  0.129
  26 G   0.69830 0.17283 0.12887 ( 1)  0.633  0.129
  27 E   0.69830 0.17283 0.12887 ( 1)  0.633  0.129
  28 I   0.69831 0.17283 0.12887 ( 1)  0.633  0.129
  29 C   0.69830 0.17283 0.12887 ( 1)  0.633  0.129
  30 C   0.69830 0.17283 0.12887 ( 1)  0.633  0.129
  31 E   0.69830 0.17283 0.12887 ( 1)  0.633  0.129
  32 V   0.69830 0.17283 0.12887 ( 1)  0.633  0.129
  33 V   0.69830 0.17283 0.12887 ( 1)  0.633  0.129
  34 K   0.69830 0.17283 0.12887 ( 1)  0.633  0.129
  35 N   0.69831 0.17283 0.12887 ( 1)  0.633  0.129
  36 P   0.69830 0.17283 0.12887 ( 1)  0.633  0.129
  37 A   0.69830 0.17283 0.12887 ( 1)  0.633  0.129
  38 F   0.69831 0.17283 0.12887 ( 1)  0.633  0.129
  39 L   0.69830 0.17283 0.12887 ( 1)  0.633  0.129
  40 V   0.69831 0.17283 0.12887 ( 1)  0.633  0.129
  41 V   0.69830 0.17283 0.12887 ( 1)  0.633  0.129
  42 F   0.69831 0.17283 0.12887 ( 1)  0.633  0.129
  43 I   0.69831 0.17283 0.12887 ( 1)  0.633  0.129
  44 I   0.69831 0.17283 0.12887 ( 1)  0.633  0.129
  45 L   0.69830 0.17283 0.12887 ( 1)  0.633  0.129
  46 C   0.69830 0.17283 0.12887 ( 1)  0.633  0.129
  47 I   0.69830 0.17283 0.12887 ( 1)  0.633  0.129
  48 H   0.69831 0.17283 0.12887 ( 1)  0.633  0.129
  49 S   0.69830 0.17283 0.12887 ( 1)  0.633  0.129
  50 T   0.69830 0.17283 0.12887 ( 1)  0.633  0.129
  51 I   0.69830 0.17283 0.12887 ( 1)  0.633  0.129
  52 L   0.69830 0.17283 0.12887 ( 1)  0.633  0.129
  53 I   0.69831 0.17283 0.12887 ( 1)  0.633  0.129
  54 S   0.69830 0.17283 0.12887 ( 1)  0.633  0.129
  55 Y   0.69830 0.17283 0.12887 ( 1)  0.633  0.129
  56 F   0.69831 0.17283 0.12887 ( 1)  0.633  0.129
  57 T   0.69830 0.17283 0.12887 ( 1)  0.633  0.129
  58 F   0.69831 0.17283 0.12887 ( 1)  0.633  0.129
  59 A   0.69830 0.17283 0.12887 ( 1)  0.633  0.129
  60 N   0.69831 0.17283 0.12887 ( 1)  0.633  0.129
  61 T   0.69830 0.17283 0.12887 ( 1)  0.633  0.129
  62 A   0.69830 0.17283 0.12887 ( 1)  0.633  0.129
  63 K   0.69830 0.17283 0.12887 ( 1)  0.633  0.129
  64 P   0.69830 0.17283 0.12887 ( 1)  0.633  0.129
  65 K   0.69830 0.17283 0.12887 ( 1)  0.633  0.129
  66 P   0.69830 0.17283 0.12887 ( 1)  0.633  0.129
  67 G   0.69830 0.17283 0.12887 ( 1)  0.633  0.129
  68 P   0.69830 0.17283 0.12887 ( 1)  0.633  0.129
  69 T   0.69830 0.17283 0.12887 ( 1)  0.633  0.129
  70 K   0.69830 0.17283 0.12887 ( 1)  0.633  0.129
  71 P   0.69830 0.17283 0.12887 ( 1)  0.633  0.129
  72 N   0.69831 0.17283 0.12887 ( 1)  0.633  0.129
  73 P   0.69830 0.17283 0.12887 ( 1)  0.633  0.129
  74 L   0.69830 0.17283 0.12887 ( 1)  0.633  0.129
  75 D   0.69831 0.17283 0.12887 ( 1)  0.633  0.129
  76 A   0.69830 0.17283 0.12887 ( 1)  0.633  0.129
  77 I   0.69830 0.17283 0.12887 ( 1)  0.633  0.129
  78 M   0.69831 0.17283 0.12886 ( 1)  0.633  0.129
  79 A   0.69830 0.17283 0.12887 ( 1)  0.633  0.129
  80 L   0.69830 0.17283 0.12887 ( 1)  0.633  0.129
  81 P   0.69830 0.17283 0.12887 ( 1)  0.633  0.129
  82 E   0.69830 0.17283 0.12887 ( 1)  0.633  0.129
  83 Y   0.69830 0.17283 0.12887 ( 1)  0.633  0.129
  84 N   0.69831 0.17283 0.12887 ( 1)  0.633  0.129
  85 V   0.69830 0.17283 0.12887 ( 1)  0.633  0.129
  86 F   0.69831 0.17283 0.12887 ( 1)  0.633  0.129
  87 L   0.69830 0.17283 0.12887 ( 1)  0.633  0.129
  88 K   0.69830 0.17283 0.12887 ( 1)  0.633  0.129
  89 V   0.69830 0.17283 0.12887 ( 1)  0.633  0.129
  90 A   0.69830 0.17283 0.12887 ( 1)  0.633  0.129
  91 N   0.69831 0.17283 0.12887 ( 1)  0.633  0.129
  92 D   0.69831 0.17283 0.12887 ( 1)  0.633  0.129
  93 T   0.69830 0.17283 0.12887 ( 1)  0.633  0.129
  94 S   0.69830 0.17283 0.12887 ( 1)  0.633  0.129
  95 S   0.69830 0.17283 0.12887 ( 1)  0.633  0.129
  96 E   0.69830 0.17283 0.12887 ( 1)  0.633  0.129
  97 S   0.69830 0.17283 0.12887 ( 1)  0.633  0.129
  98 V   0.69830 0.17283 0.12887 ( 1)  0.633  0.129
  99 H   0.69830 0.17283 0.12887 ( 1)  0.633  0.129
 100 I   0.69830 0.17283 0.12887 ( 1)  0.633  0.129
 101 G   0.69830 0.17283 0.12887 ( 1)  0.633  0.129
 102 S   0.69830 0.17283 0.12887 ( 1)  0.633  0.129
 103 E   0.69830 0.17283 0.12887 ( 1)  0.633  0.129
 104 D   0.69831 0.17283 0.12887 ( 1)  0.633  0.129
 105 F   0.69831 0.17283 0.12887 ( 1)  0.633  0.129
 106 K   0.69830 0.17283 0.12887 ( 1)  0.633  0.129
 107 Y   0.69830 0.17283 0.12887 ( 1)  0.633  0.129
 108 P   0.69830 0.17283 0.12887 ( 1)  0.633  0.129
 109 L   0.69830 0.17283 0.12887 ( 1)  0.633  0.129
 110 L   0.69830 0.17283 0.12887 ( 1)  0.633  0.129
 111 V   0.69830 0.17283 0.12887 ( 1)  0.633  0.129
 112 D   0.69831 0.17283 0.12887 ( 1)  0.633  0.129
 113 M   0.69831 0.17283 0.12886 ( 1)  0.633  0.129
 114 V   0.69830 0.17283 0.12887 ( 1)  0.633  0.129
 115 Q   0.69830 0.17283 0.12887 ( 1)  0.633  0.129
 116 L   0.69830 0.17283 0.12887 ( 1)  0.633  0.129
 117 V   0.69830 0.17283 0.12887 ( 1)  0.633  0.129
 118 S   0.69830 0.17283 0.12887 ( 1)  0.633  0.129
 119 R   0.69830 0.17283 0.12887 ( 1)  0.633  0.129
 120 V   0.69830 0.17283 0.12887 ( 1)  0.633  0.129
 121 R   0.69830 0.17283 0.12887 ( 1)  0.633  0.129
 122 H   0.69831 0.17283 0.12887 ( 1)  0.633  0.129
 123 N   0.69831 0.17283 0.12887 ( 1)  0.633  0.129
 124 L   0.69830 0.17283 0.12887 ( 1)  0.633  0.129
 125 S   0.69830 0.17283 0.12887 ( 1)  0.633  0.129
 126 V   0.69830 0.17283 0.12887 ( 1)  0.633  0.129
 127 N   0.69831 0.17283 0.12887 ( 1)  0.633  0.129
 128 V   0.69830 0.17283 0.12887 ( 1)  0.633  0.129
 129 A   0.69830 0.17283 0.12887 ( 1)  0.633  0.129
 130 P   0.69830 0.17283 0.12887 ( 1)  0.633  0.129
 131 I   0.69830 0.17283 0.12887 ( 1)  0.633  0.129
 132 N   0.69831 0.17283 0.12887 ( 1)  0.633  0.129
 133 R   0.69830 0.17283 0.12887 ( 1)  0.633  0.129
 134 H   0.69830 0.17283 0.12887 ( 1)  0.633  0.129
 135 N   0.69831 0.17283 0.12887 ( 1)  0.633  0.129
 136 F   0.69831 0.17283 0.12887 ( 1)  0.633  0.129
 137 Q   0.69830 0.17283 0.12887 ( 1)  0.633  0.129
 138 F   0.69831 0.17283 0.12887 ( 1)  0.633  0.129
 139 P   0.69830 0.17283 0.12887 ( 1)  0.633  0.129
 140 I   0.69830 0.17283 0.12887 ( 1)  0.633  0.129
 141 N   0.69831 0.17283 0.12887 ( 1)  0.633  0.129
 142 Q   0.69830 0.17283 0.12887 ( 1)  0.633  0.129
 143 A   0.69830 0.17283 0.12887 ( 1)  0.633  0.129
 144 D   0.69831 0.17283 0.12887 ( 1)  0.633  0.129
 145 L   0.69830 0.17283 0.12887 ( 1)  0.633  0.129
 146 C   0.69830 0.17283 0.12887 ( 1)  0.633  0.129
 147 K   0.69830 0.17283 0.12887 ( 1)  0.633  0.129
 148 P   0.69830 0.17283 0.12887 ( 1)  0.633  0.129
 149 Y   0.69830 0.17283 0.12887 ( 1)  0.633  0.129
 150 K   0.69830 0.17283 0.12887 ( 1)  0.633  0.129
 151 L   0.69830 0.17283 0.12887 ( 1)  0.633  0.129
 152 T   0.69830 0.17283 0.12887 ( 1)  0.633  0.129
 153 G   0.69830 0.17283 0.12887 ( 1)  0.633  0.129
 154 R   0.69830 0.17283 0.12887 ( 1)  0.633  0.129
 155 S   0.69830 0.17283 0.12887 ( 1)  0.633  0.129
 156 Q   0.69830 0.17283 0.12887 ( 1)  0.633  0.129
 157 Q   0.69830 0.17283 0.12887 ( 1)  0.633  0.129
 158 K   0.69830 0.17283 0.12887 ( 1)  0.633  0.129
 159 Q   0.69830 0.17283 0.12887 ( 1)  0.633  0.129
 160 Q   0.69830 0.17283 0.12887 ( 1)  0.633  0.129
 161 Q   0.69830 0.17283 0.12887 ( 1)  0.633  0.129
 162 Q   0.69830 0.17283 0.12887 ( 1)  0.633  0.129
 163 Q   0.69830 0.17283 0.12887 ( 1)  0.633  0.129
 164 Q   0.69830 0.17283 0.12887 ( 1)  0.633  0.129
 165 P   0.69830 0.17283 0.12887 ( 1)  0.633  0.129
 166 A   0.69830 0.17283 0.12887 ( 1)  0.633  0.129
 167 I   0.69830 0.17283 0.12887 ( 1)  0.633  0.129
 168 V   0.69830 0.17283 0.12887 ( 1)  0.633  0.129
 169 L   0.69830 0.17283 0.12887 ( 1)  0.633  0.129
 170 V   0.69830 0.17283 0.12887 ( 1)  0.633  0.129
 171 I   0.69830 0.17283 0.12887 ( 1)  0.633  0.129
 172 K   0.69830 0.17283 0.12887 ( 1)  0.633  0.129
 173 S   0.69830 0.17283 0.12887 ( 1)  0.633  0.129
 174 A   0.69830 0.17283 0.12887 ( 1)  0.633  0.129
 175 L   0.69830 0.17283 0.12887 ( 1)  0.633  0.129
 176 S   0.69830 0.17283 0.12887 ( 1)  0.633  0.129
 177 H   0.69830 0.17283 0.12887 ( 1)  0.633  0.129
 178 F   0.69831 0.17283 0.12887 ( 1)  0.633  0.129
 179 D   0.69831 0.17283 0.12887 ( 1)  0.633  0.129
 180 Q   0.69830 0.17283 0.12887 ( 1)  0.633  0.129
 181 R   0.69830 0.17283 0.12887 ( 1)  0.633  0.129
 182 Q   0.69830 0.17283 0.12887 ( 1)  0.633  0.129
 183 L   0.69830 0.17283 0.12887 ( 1)  0.633  0.129
 184 I   0.69831 0.17283 0.12887 ( 1)  0.633  0.129
 185 R   0.69830 0.17283 0.12887 ( 1)  0.633  0.129
 186 E   0.69830 0.17283 0.12887 ( 1)  0.633  0.129
 187 T   0.69830 0.17283 0.12887 ( 1)  0.633  0.129
 188 W   0.69830 0.17283 0.12887 ( 1)  0.633  0.129
 189 G   0.69830 0.17283 0.12887 ( 1)  0.633  0.129
 190 N   0.69831 0.17283 0.12887 ( 1)  0.633  0.129
 191 F   0.69831 0.17283 0.12887 ( 1)  0.633  0.129
 192 D   0.69831 0.17283 0.12887 ( 1)  0.633  0.129
 193 C   0.69830 0.17283 0.12887 ( 1)  0.633  0.129
 194 W   0.69830 0.17283 0.12887 ( 1)  0.633  0.129
 195 P   0.69830 0.17283 0.12887 ( 1)  0.633  0.129
 196 T   0.69830 0.17283 0.12887 ( 1)  0.633  0.129
 197 A   0.69830 0.17283 0.12887 ( 1)  0.633  0.129
 198 G   0.69830 0.17283 0.12887 ( 1)  0.633  0.129
 199 S   0.69830 0.17283 0.12887 ( 1)  0.633  0.129
 200 A   0.69830 0.17283 0.12887 ( 1)  0.633  0.129
 201 S   0.69830 0.17283 0.12887 ( 1)  0.633  0.129
 202 S   0.69830 0.17283 0.12887 ( 1)  0.633  0.129
 203 S   0.69830 0.17283 0.12887 ( 1)  0.633  0.129
 204 S   0.69830 0.17283 0.12887 ( 1)  0.633  0.129
 205 S   0.69830 0.17283 0.12887 ( 1)  0.633  0.129
 206 S   0.69830 0.17283 0.12887 ( 1)  0.633  0.129
 207 S   0.69830 0.17283 0.12887 ( 1)  0.633  0.129
 208 S   0.69830 0.17283 0.12887 ( 1)  0.633  0.129
 209 S   0.69830 0.17283 0.12887 ( 1)  0.633  0.129
 210 S   0.69830 0.17283 0.12887 ( 1)  0.633  0.129
 211 S   0.69830 0.17283 0.12887 ( 1)  0.633  0.129
 212 S   0.69830 0.17283 0.12887 ( 1)  0.633  0.129
 213 S   0.69830 0.17283 0.12887 ( 1)  0.633  0.129
 214 S   0.69830 0.17283 0.12887 ( 1)  0.633  0.129
 215 S   0.69830 0.17283 0.12887 ( 1)  0.633  0.129
 216 V   0.69830 0.17283 0.12887 ( 1)  0.633  0.129
 217 N   0.69831 0.17283 0.12887 ( 1)  0.633  0.129
 218 K   0.69830 0.17283 0.12887 ( 1)  0.633  0.129
 219 V   0.69831 0.17283 0.12887 ( 1)  0.633  0.129
 220 R   0.69830 0.17283 0.12887 ( 1)  0.633  0.129
 221 R   0.69830 0.17283 0.12887 ( 1)  0.633  0.129
 222 V   0.69830 0.17283 0.12887 ( 1)  0.633  0.129
 223 F   0.69831 0.17283 0.12887 ( 1)  0.633  0.129
 224 M   0.69831 0.17283 0.12886 ( 1)  0.633  0.129
 225 V   0.69830 0.17283 0.12887 ( 1)  0.633  0.129
 226 G   0.69830 0.17283 0.12887 ( 1)  0.633  0.129
 227 Q   0.69830 0.17283 0.12887 ( 1)  0.633  0.129
 228 P   0.69830 0.17283 0.12887 ( 1)  0.633  0.129
 229 K   0.69830 0.17283 0.12887 ( 1)  0.633  0.129
 230 S   0.69830 0.17283 0.12887 ( 1)  0.633  0.129
 231 A   0.69830 0.17283 0.12887 ( 1)  0.633  0.129
 232 D   0.69831 0.17283 0.12887 ( 1)  0.633  0.129
 233 P   0.69830 0.17283 0.12887 ( 1)  0.633  0.129
 234 K   0.69830 0.17283 0.12887 ( 1)  0.633  0.129
 235 S   0.69830 0.17283 0.12887 ( 1)  0.633  0.129
 236 S   0.69830 0.17283 0.12887 ( 1)  0.633  0.129
 237 E   0.69830 0.17283 0.12887 ( 1)  0.633  0.129
 238 Y   0.69830 0.17283 0.12887 ( 1)  0.633  0.129
 239 A   0.69830 0.17283 0.12887 ( 1)  0.633  0.129
 240 E   0.69830 0.17283 0.12887 ( 1)  0.633  0.129
 241 K   0.69830 0.17283 0.12887 ( 1)  0.633  0.129
 242 L   0.69830 0.17283 0.12887 ( 1)  0.633  0.129
 243 A   0.69830 0.17283 0.12887 ( 1)  0.633  0.129
 244 K   0.69830 0.17283 0.12887 ( 1)  0.633  0.129
 245 E   0.69830 0.17283 0.12887 ( 1)  0.633  0.129
 246 V   0.69830 0.17283 0.12887 ( 1)  0.633  0.129
 247 A   0.69830 0.17283 0.12887 ( 1)  0.633  0.129
 248 K   0.69830 0.17283 0.12887 ( 1)  0.633  0.129
 249 Y   0.69830 0.17283 0.12887 ( 1)  0.633  0.129
 250 G   0.69830 0.17283 0.12887 ( 1)  0.633  0.129
 251 D   0.69831 0.17283 0.12887 ( 1)  0.633  0.129
 252 I   0.69830 0.17283 0.12887 ( 1)  0.633  0.129
 253 V   0.69830 0.17283 0.12887 ( 1)  0.633  0.129
 254 Q   0.69830 0.17283 0.12887 ( 1)  0.633  0.129
 255 A   0.69830 0.17283 0.12887 ( 1)  0.633  0.129
 256 D   0.69831 0.17283 0.12887 ( 1)  0.633  0.129
 257 F   0.69831 0.17283 0.12887 ( 1)  0.633  0.129
 258 V   0.69831 0.17283 0.12887 ( 1)  0.633  0.129
 259 D   0.69831 0.17283 0.12887 ( 1)  0.633  0.129
 260 H   0.69830 0.17283 0.12887 ( 1)  0.633  0.129
 261 Y   0.69830 0.17283 0.12887 ( 1)  0.633  0.129
 262 F   0.69831 0.17283 0.12887 ( 1)  0.633  0.129
 263 N   0.69831 0.17283 0.12887 ( 1)  0.633  0.129
 264 N   0.69831 0.17283 0.12887 ( 1)  0.633  0.129
 265 T   0.69830 0.17283 0.12887 ( 1)  0.633  0.129
 266 L   0.69830 0.17283 0.12887 ( 1)  0.633  0.129
 267 K   0.69830 0.17283 0.12887 ( 1)  0.633  0.129
 268 M   0.69831 0.17283 0.12886 ( 1)  0.633  0.129
 269 M   0.69831 0.17283 0.12886 ( 1)  0.633  0.129
 270 S   0.69830 0.17283 0.12887 ( 1)  0.633  0.129
 271 S   0.69830 0.17283 0.12887 ( 1)  0.633  0.129
 272 F   0.69831 0.17283 0.12887 ( 1)  0.633  0.129
 273 S   0.69830 0.17283 0.12887 ( 1)  0.633  0.129
 274 W   0.69830 0.17283 0.12887 ( 1)  0.633  0.129
 275 M   0.69831 0.17283 0.12886 ( 1)  0.633  0.129
 276 I   0.69830 0.17283 0.12887 ( 1)  0.633  0.129
 277 A   0.69830 0.17283 0.12887 ( 1)  0.633  0.129
 278 H   0.69830 0.17283 0.12887 ( 1)  0.633  0.129
 279 C   0.69830 0.17283 0.12887 ( 1)  0.633  0.129
 280 Q   0.69830 0.17283 0.12887 ( 1)  0.633  0.129
 281 G   0.69830 0.17283 0.12887 ( 1)  0.633  0.129
 282 A   0.69830 0.17283 0.12887 ( 1)  0.633  0.129
 283 R   0.69830 0.17283 0.12887 ( 1)  0.633  0.129
 284 F   0.69831 0.17283 0.12887 ( 1)  0.633  0.129
 285 A   0.69830 0.17283 0.12887 ( 1)  0.633  0.129
 286 F   0.69831 0.17283 0.12887 ( 1)  0.633  0.129
 287 F   0.69831 0.17283 0.12887 ( 1)  0.633  0.129
 288 L   0.69830 0.17283 0.12887 ( 1)  0.633  0.129
 289 D   0.69831 0.17283 0.12887 ( 1)  0.633  0.129
 290 D   0.69831 0.17283 0.12887 ( 1)  0.633  0.129
 291 D   0.69831 0.17283 0.12887 ( 1)  0.633  0.129
 292 Y   0.69830 0.17283 0.12887 ( 1)  0.633  0.129
 293 V   0.69830 0.17283 0.12887 ( 1)  0.633  0.129
 294 V   0.69831 0.17283 0.12887 ( 1)  0.633  0.129
 295 N   0.69831 0.17283 0.12887 ( 1)  0.633  0.129
 296 P   0.69830 0.17283 0.12887 ( 1)  0.633  0.129
 297 L   0.69830 0.17283 0.12887 ( 1)  0.633  0.129
 298 N   0.69831 0.17283 0.12887 ( 1)  0.633  0.129
 299 L   0.69830 0.17283 0.12887 ( 1)  0.633  0.129
 300 V   0.69831 0.17283 0.12887 ( 1)  0.633  0.129
 301 R   0.69830 0.17283 0.12887 ( 1)  0.633  0.129
 302 F   0.69831 0.17283 0.12887 ( 1)  0.633  0.129
 303 A   0.69830 0.17283 0.12887 ( 1)  0.633  0.129
 304 D   0.69831 0.17283 0.12887 ( 1)  0.633  0.129
 305 A   0.69830 0.17283 0.12887 ( 1)  0.633  0.129
 306 I   0.69830 0.17283 0.12887 ( 1)  0.633  0.129
 307 P   0.69830 0.17283 0.12887 ( 1)  0.633  0.129
 308 P   0.69830 0.17283 0.12887 ( 1)  0.633  0.129
 309 E   0.69830 0.17283 0.12887 ( 1)  0.633  0.129
 310 S   0.69830 0.17283 0.12887 ( 1)  0.633  0.129
 311 Y   0.69830 0.17283 0.12887 ( 1)  0.633  0.129
 312 A   0.69830 0.17283 0.12887 ( 1)  0.633  0.129
 313 G   0.69830 0.17283 0.12887 ( 1)  0.633  0.129
 314 T   0.69830 0.17283 0.12887 ( 1)  0.633  0.129
 315 M   0.69831 0.17283 0.12886 ( 1)  0.633  0.129
 316 A   0.69830 0.17283 0.12887 ( 1)  0.633  0.129
 317 G   0.69830 0.17283 0.12887 ( 1)  0.633  0.129
 318 F   0.69831 0.17283 0.12887 ( 1)  0.633  0.129
 319 V   0.69831 0.17283 0.12887 ( 1)  0.633  0.129
 320 W   0.69830 0.17283 0.12887 ( 1)  0.633  0.129
 321 R   0.69830 0.17283 0.12887 ( 1)  0.633  0.129
 322 N   0.69831 0.17283 0.12887 ( 1)  0.633  0.129
 323 A   0.69830 0.17283 0.12887 ( 1)  0.633  0.129
 324 A   0.69830 0.17283 0.12887 ( 1)  0.633  0.129
 325 P   0.69830 0.17283 0.12887 ( 1)  0.633  0.129
 326 V   0.69830 0.17283 0.12887 ( 1)  0.633  0.129
 327 R   0.69830 0.17283 0.12887 ( 1)  0.633  0.129
 328 R   0.69830 0.17283 0.12887 ( 1)  0.633  0.129
 329 A   0.69830 0.17283 0.12887 ( 1)  0.633  0.129
 330 P   0.69830 0.17283 0.12887 ( 1)  0.633  0.129
 331 K   0.69830 0.17283 0.12887 ( 1)  0.633  0.129
 332 R   0.69830 0.17283 0.12887 ( 1)  0.633  0.129
 333 N   0.69831 0.17283 0.12887 ( 1)  0.633  0.129
 334 P   0.69830 0.17283 0.12887 ( 1)  0.633  0.129
 335 Q   0.69830 0.17283 0.12887 ( 1)  0.633  0.129
 336 S   0.69830 0.17283 0.12887 ( 1)  0.633  0.129
 337 R   0.69830 0.17283 0.12887 ( 1)  0.633  0.129
 338 W   0.69830 0.17283 0.12887 ( 1)  0.633  0.129
 339 L   0.69830 0.17283 0.12887 ( 1)  0.633  0.129
 340 I   0.69830 0.17283 0.12887 ( 1)  0.633  0.129
 341 S   0.69830 0.17283 0.12887 ( 1)  0.633  0.129
 342 Y   0.69830 0.17283 0.12887 ( 1)  0.633  0.129
 343 R   0.69830 0.17283 0.12887 ( 1)  0.633  0.129
 344 E   0.69830 0.17283 0.12887 ( 1)  0.633  0.129
 345 Y   0.69830 0.17283 0.12887 ( 1)  0.633  0.129
 346 P   0.69830 0.17283 0.12887 ( 1)  0.633  0.129
 347 W   0.69830 0.17283 0.12887 ( 1)  0.633  0.129
 348 P   0.69830 0.17283 0.12887 ( 1)  0.633  0.129
 349 M   0.69831 0.17283 0.12886 ( 1)  0.633  0.129
 350 Y   0.69830 0.17283 0.12887 ( 1)  0.633  0.129
 351 P   0.69830 0.17283 0.12887 ( 1)  0.633  0.129
 352 A   0.69830 0.17283 0.12887 ( 1)  0.633  0.129
 353 Y   0.69830 0.17283 0.12887 ( 1)  0.633  0.129
 354 V   0.69830 0.17283 0.12887 ( 1)  0.633  0.129
 355 S   0.69830 0.17283 0.12887 ( 1)  0.633  0.129
 356 A   0.69830 0.17283 0.12887 ( 1)  0.633  0.129
 357 G   0.69830 0.17283 0.12887 ( 1)  0.633  0.129
 358 A   0.69830 0.17283 0.12887 ( 1)  0.633  0.129
 359 F   0.69831 0.17283 0.12887 ( 1)  0.633  0.129
 360 L   0.69830 0.17283 0.12887 ( 1)  0.633  0.129
 361 V   0.69830 0.17283 0.12887 ( 1)  0.633  0.129
 362 S   0.69830 0.17283 0.12887 ( 1)  0.633  0.129
 363 M   0.69831 0.17283 0.12886 ( 1)  0.633  0.129
 364 P   0.69830 0.17283 0.12887 ( 1)  0.633  0.129
 365 V   0.69830 0.17283 0.12887 ( 1)  0.633  0.129
 366 I   0.69830 0.17283 0.12887 ( 1)  0.633  0.129
 367 K   0.69830 0.17283 0.12887 ( 1)  0.633  0.129
 368 D   0.69831 0.17283 0.12887 ( 1)  0.633  0.129
 369 F   0.69831 0.17283 0.12887 ( 1)  0.633  0.129
 370 T   0.69830 0.17283 0.12887 ( 1)  0.633  0.129
 371 I   0.69831 0.17283 0.12887 ( 1)  0.633  0.129
 372 A   0.69830 0.17283 0.12887 ( 1)  0.633  0.129
 373 M   0.69831 0.17283 0.12886 ( 1)  0.633  0.129
 374 E   0.69830 0.17283 0.12887 ( 1)  0.633  0.129
 375 Y   0.69830 0.17283 0.12887 ( 1)  0.633  0.129
 376 T   0.69830 0.17283 0.12887 ( 1)  0.633  0.129
 377 R   0.69830 0.17283 0.12887 ( 1)  0.633  0.129
 378 Y   0.69830 0.17283 0.12887 ( 1)  0.633  0.129
 379 L   0.69830 0.17283 0.12887 ( 1)  0.633  0.129
 380 R   0.69830 0.17283 0.12887 ( 1)  0.633  0.129
 381 F   0.69831 0.17283 0.12887 ( 1)  0.633  0.129
 382 D   0.69831 0.17283 0.12887 ( 1)  0.633  0.129
 383 D   0.69831 0.17283 0.12887 ( 1)  0.633  0.129
 384 V   0.69831 0.17283 0.12887 ( 1)  0.633  0.129
 385 F   0.69831 0.17283 0.12887 ( 1)  0.633  0.129
 386 L   0.69830 0.17283 0.12887 ( 1)  0.633  0.129
 387 G   0.69830 0.17283 0.12887 ( 1)  0.633  0.129
 388 I   0.69831 0.17283 0.12887 ( 1)  0.633  0.129
 389 L   0.69830 0.17283 0.12887 ( 1)  0.633  0.129
 390 M   0.69831 0.17283 0.12886 ( 1)  0.633  0.129
 391 H   0.69831 0.17283 0.12887 ( 1)  0.633  0.129
 392 K   0.69830 0.17283 0.12887 ( 1)  0.633  0.129
 393 L   0.69830 0.17283 0.12887 ( 1)  0.633  0.129
 394 R   0.69830 0.17283 0.12887 ( 1)  0.633  0.129
 395 I   0.69830 0.17283 0.12887 ( 1)  0.633  0.129
 396 V   0.69830 0.17283 0.12887 ( 1)  0.633  0.129
 397 P   0.69830 0.17283 0.12887 ( 1)  0.633  0.129
 398 L   0.69830 0.17283 0.12887 ( 1)  0.633  0.129
 399 H   0.69831 0.17283 0.12887 ( 1)  0.633  0.129
 400 A   0.69830 0.17283 0.12887 ( 1)  0.633  0.129
 401 E   0.69830 0.17283 0.12887 ( 1)  0.633  0.129
 402 R   0.69830 0.17283 0.12887 ( 1)  0.633  0.129
 403 I   0.69830 0.17283 0.12887 ( 1)  0.633  0.129
 404 H   0.69831 0.17283 0.12887 ( 1)  0.633  0.129
 405 S   0.69830 0.17283 0.12887 ( 1)  0.633  0.129
 406 F   0.69831 0.17283 0.12887 ( 1)  0.633  0.129
 407 S   0.69830 0.17283 0.12887 ( 1)  0.633  0.129
 408 P   0.69830 0.17283 0.12887 ( 1)  0.633  0.129
 409 V   0.69830 0.17283 0.12887 ( 1)  0.633  0.129
 410 Y   0.69830 0.17283 0.12887 ( 1)  0.633  0.129
 411 P   0.69830 0.17283 0.12887 ( 1)  0.633  0.129
 412 D   0.69831 0.17283 0.12887 ( 1)  0.633  0.129
 413 S   0.69830 0.17283 0.12887 ( 1)  0.633  0.129
 414 P   0.69830 0.17283 0.12887 ( 1)  0.633  0.129
 415 S   0.69830 0.17283 0.12887 ( 1)  0.633  0.129
 416 F   0.69831 0.17283 0.12887 ( 1)  0.633  0.129
 417 P   0.69830 0.17283 0.12887 ( 1)  0.633  0.129
 418 G   0.69830 0.17283 0.12887 ( 1)  0.633  0.129
 419 L   0.69830 0.17283 0.12887 ( 1)  0.633  0.129
 420 I   0.69831 0.17283 0.12887 ( 1)  0.633  0.129
 421 A   0.69830 0.17283 0.12887 ( 1)  0.633  0.129
 422 S   0.69830 0.17283 0.12887 ( 1)  0.633  0.129
 423 H   0.69831 0.17283 0.12887 ( 1)  0.633  0.129
 424 G   0.69830 0.17283 0.12887 ( 1)  0.633  0.129
 425 Y   0.69830 0.17283 0.12887 ( 1)  0.633  0.129
 426 A   0.69830 0.17283 0.12887 ( 1)  0.633  0.129
 427 R   0.69830 0.17283 0.12887 ( 1)  0.633  0.129
 428 K   0.69830 0.17283 0.12887 ( 1)  0.633  0.129
 429 A   0.69830 0.17283 0.12887 ( 1)  0.633  0.129
 430 D   0.69831 0.17283 0.12887 ( 1)  0.633  0.129
 431 K   0.69830 0.17283 0.12887 ( 1)  0.633  0.129
 432 V   0.69831 0.17283 0.12887 ( 1)  0.633  0.129
 433 R   0.69830 0.17283 0.12887 ( 1)  0.633  0.129
 434 A   0.69830 0.17283 0.12887 ( 1)  0.633  0.129
 435 A   0.69830 0.17283 0.12887 ( 1)  0.633  0.129
 436 W   0.69830 0.17283 0.12887 ( 1)  0.633  0.129
 437 S   0.69830 0.17283 0.12887 ( 1)  0.633  0.129
 438 E   0.69830 0.17283 0.12887 ( 1)  0.633  0.129
 439 I   0.69830 0.17283 0.12887 ( 1)  0.633  0.129
 440 L   0.69830 0.17283 0.12887 ( 1)  0.633  0.129
 441 N   0.69831 0.17283 0.12887 ( 1)  0.633  0.129
 442 R   0.69830 0.17283 0.12887 ( 1)  0.633  0.129
 443 T   0.69830 0.17283 0.12887 ( 1)  0.633  0.129
 444 G   0.69830 0.17283 0.12887 ( 1)  0.633  0.129
 445 A   0.69830 0.17283 0.12887 ( 1)  0.633  0.129
 446 E   0.69830 0.17283 0.12887 ( 1)  0.633  0.129
 447 N   0.69831 0.17283 0.12887 ( 1)  0.633  0.129
 448 R   0.69830 0.17283 0.12887 ( 1)  0.633  0.129
 449 L   0.69830 0.17283 0.12887 ( 1)  0.633  0.129
 450 P   0.69830 0.17283 0.12887 ( 1)  0.633  0.129
 451 L   0.69830 0.17283 0.12887 ( 1)  0.633  0.129
 452 E   0.69830 0.17283 0.12887 ( 1)  0.633  0.129
 453 C   0.69830 0.17283 0.12887 ( 1)  0.633  0.129
 454 M   0.69831 0.17283 0.12886 ( 1)  0.633  0.129
 455 L   0.69830 0.17283 0.12887 ( 1)  0.633  0.129
 456 S   0.69830 0.17283 0.12887 ( 1)  0.633  0.129
 457 M   0.69831 0.17283 0.12886 ( 1)  0.633  0.129

Positively selected sites

	Prob(w>1)  mean w



lnL = -1867.828319

Bayes Empirical Bayes (BEB) probabilities for 3 classes (class) & postmean_w
(amino acids refer to 1st sequence: Msl.14643)

   1 M   0.33497 0.33455 0.33048 ( 1)  2.471 +-  2.967
   2 L   0.33496 0.33455 0.33049 ( 1)  2.471 +-  2.967
   3 P   0.33496 0.33455 0.33049 ( 1)  2.471 +-  2.967
   4 F   0.33497 0.33455 0.33048 ( 1)  2.471 +-  2.967
   5 R   0.33496 0.33455 0.33049 ( 1)  2.471 +-  2.967
   6 R   0.33496 0.33455 0.33049 ( 1)  2.471 +-  2.967
   7 A   0.33496 0.33455 0.33049 ( 1)  2.471 +-  2.967
   8 L   0.33496 0.33455 0.33049 ( 1)  2.471 +-  2.967
   9 R   0.33496 0.33455 0.33049 ( 1)  2.471 +-  2.967
  10 C   0.33496 0.33455 0.33049 ( 1)  2.471 +-  2.967
  11 L   0.33496 0.33455 0.33049 ( 1)  2.471 +-  2.967
  12 C   0.33496 0.33455 0.33049 ( 1)  2.471 +-  2.967
  13 A   0.33496 0.33455 0.33049 ( 1)  2.471 +-  2.967
  14 P   0.33496 0.33455 0.33049 ( 1)  2.471 +-  2.967
  15 L   0.33496 0.33455 0.33049 ( 1)  2.471 +-  2.967
  16 H   0.33497 0.33455 0.33048 ( 1)  2.471 +-  2.967
  17 H   0.33496 0.33455 0.33049 ( 1)  2.471 +-  2.967
  18 C   0.33496 0.33455 0.33049 ( 1)  2.471 +-  2.967
  19 G   0.33496 0.33455 0.33049 ( 1)  2.471 +-  2.967
  20 S   0.33496 0.33455 0.33049 ( 1)  2.471 +-  2.967
  21 C   0.33496 0.33455 0.33049 ( 1)  2.471 +-  2.967
  22 F   0.33497 0.33455 0.33048 ( 1)  2.471 +-  2.967
  23 Y   0.33496 0.33455 0.33049 ( 1)  2.471 +-  2.967
  24 V   0.33496 0.33455 0.33049 ( 1)  2.471 +-  2.967
  25 C   0.33496 0.33455 0.33049 ( 1)  2.471 +-  2.967
  26 G   0.33496 0.33455 0.33049 ( 1)  2.471 +-  2.967
  27 E   0.33496 0.33455 0.33049 ( 1)  2.471 +-  2.967
  28 I   0.33497 0.33455 0.33048 ( 1)  2.471 +-  2.967
  29 C   0.33496 0.33455 0.33049 ( 1)  2.471 +-  2.967
  30 C   0.33496 0.33455 0.33049 ( 1)  2.471 +-  2.967
  31 E   0.33496 0.33455 0.33049 ( 1)  2.471 +-  2.967
  32 V   0.33496 0.33455 0.33049 ( 1)  2.471 +-  2.967
  33 V   0.33496 0.33455 0.33049 ( 1)  2.471 +-  2.967
  34 K   0.33496 0.33455 0.33049 ( 1)  2.471 +-  2.967
  35 N   0.33496 0.33455 0.33048 ( 1)  2.471 +-  2.967
  36 P   0.33496 0.33455 0.33049 ( 1)  2.471 +-  2.967
  37 A   0.33496 0.33455 0.33048 ( 1)  2.471 +-  2.967
  38 F   0.33497 0.33455 0.33048 ( 1)  2.471 +-  2.967
  39 L   0.33496 0.33455 0.33050 ( 1)  2.471 +-  2.967
  40 V   0.33497 0.33455 0.33048 ( 1)  2.471 +-  2.967
  41 V   0.33496 0.33455 0.33049 ( 1)  2.471 +-  2.967
  42 F   0.33497 0.33455 0.33048 ( 1)  2.471 +-  2.967
  43 I   0.33497 0.33455 0.33048 ( 1)  2.471 +-  2.967
  44 I   0.33497 0.33455 0.33048 ( 1)  2.471 +-  2.967
  45 L   0.33496 0.33455 0.33049 ( 1)  2.471 +-  2.967
  46 C   0.33496 0.33455 0.33049 ( 1)  2.471 +-  2.967
  47 I   0.33496 0.33455 0.33048 ( 1)  2.471 +-  2.967
  48 H   0.33497 0.33455 0.33048 ( 1)  2.471 +-  2.967
  49 S   0.33496 0.33455 0.33049 ( 1)  2.471 +-  2.967
  50 T   0.33496 0.33455 0.33049 ( 1)  2.471 +-  2.967
  51 I   0.33496 0.33455 0.33049 ( 1)  2.471 +-  2.967
  52 L   0.33496 0.33455 0.33049 ( 1)  2.471 +-  2.967
  53 I   0.33497 0.33455 0.33048 ( 1)  2.471 +-  2.967
  54 S   0.33496 0.33455 0.33049 ( 1)  2.471 +-  2.967
  55 Y   0.33496 0.33455 0.33049 ( 1)  2.471 +-  2.967
  56 F   0.33497 0.33455 0.33048 ( 1)  2.471 +-  2.967
  57 T   0.33496 0.33455 0.33049 ( 1)  2.471 +-  2.967
  58 F   0.33497 0.33455 0.33048 ( 1)  2.471 +-  2.967
  59 A   0.33496 0.33455 0.33049 ( 1)  2.471 +-  2.967
  60 N   0.33496 0.33455 0.33048 ( 1)  2.471 +-  2.967
  61 T   0.33496 0.33455 0.33049 ( 1)  2.471 +-  2.967
  62 A   0.33496 0.33455 0.33049 ( 1)  2.471 +-  2.967
  63 K   0.33496 0.33455 0.33049 ( 1)  2.471 +-  2.967
  64 P   0.33496 0.33455 0.33049 ( 1)  2.471 +-  2.967
  65 K   0.33496 0.33455 0.33049 ( 1)  2.471 +-  2.967
  66 P   0.33496 0.33455 0.33049 ( 1)  2.471 +-  2.967
  67 G   0.33496 0.33455 0.33049 ( 1)  2.471 +-  2.967
  68 P   0.33496 0.33455 0.33049 ( 1)  2.471 +-  2.967
  69 T   0.33496 0.33455 0.33049 ( 1)  2.471 +-  2.967
  70 K   0.33496 0.33455 0.33049 ( 1)  2.471 +-  2.967
  71 P   0.33496 0.33455 0.33049 ( 1)  2.471 +-  2.967
  72 N   0.33496 0.33455 0.33048 ( 1)  2.471 +-  2.967
  73 P   0.33496 0.33455 0.33049 ( 1)  2.471 +-  2.967
  74 L   0.33496 0.33455 0.33049 ( 1)  2.471 +-  2.967
  75 D   0.33497 0.33455 0.33048 ( 1)  2.471 +-  2.967
  76 A   0.33496 0.33455 0.33049 ( 1)  2.471 +-  2.967
  77 I   0.33496 0.33455 0.33048 ( 1)  2.471 +-  2.967
  78 M   0.33497 0.33455 0.33048 ( 1)  2.471 +-  2.967
  79 A   0.33496 0.33455 0.33049 ( 1)  2.471 +-  2.967
  80 L   0.33496 0.33455 0.33050 ( 1)  2.471 +-  2.967
  81 P   0.33496 0.33455 0.33049 ( 1)  2.471 +-  2.967
  82 E   0.33496 0.33455 0.33049 ( 1)  2.471 +-  2.967
  83 Y   0.33496 0.33455 0.33049 ( 1)  2.471 +-  2.967
  84 N   0.33497 0.33455 0.33048 ( 1)  2.471 +-  2.967
  85 V   0.33496 0.33455 0.33049 ( 1)  2.471 +-  2.967
  86 F   0.33497 0.33455 0.33048 ( 1)  2.471 +-  2.967
  87 L   0.33496 0.33455 0.33049 ( 1)  2.471 +-  2.967
  88 K   0.33496 0.33455 0.33049 ( 1)  2.471 +-  2.967
  89 V   0.33496 0.33455 0.33049 ( 1)  2.471 +-  2.967
  90 A   0.33496 0.33455 0.33049 ( 1)  2.471 +-  2.967
  91 N   0.33497 0.33455 0.33048 ( 1)  2.471 +-  2.967
  92 D   0.33497 0.33455 0.33048 ( 1)  2.471 +-  2.967
  93 T   0.33496 0.33455 0.33049 ( 1)  2.471 +-  2.967
  94 S   0.33496 0.33455 0.33050 ( 1)  2.471 +-  2.967
  95 S   0.33496 0.33455 0.33049 ( 1)  2.471 +-  2.967
  96 E   0.33496 0.33455 0.33049 ( 1)  2.471 +-  2.967
  97 S   0.33496 0.33455 0.33049 ( 1)  2.471 +-  2.967
  98 V   0.33496 0.33455 0.33049 ( 1)  2.471 +-  2.967
  99 H   0.33496 0.33455 0.33049 ( 1)  2.471 +-  2.967
 100 I   0.33496 0.33455 0.33048 ( 1)  2.471 +-  2.967
 101 G   0.33496 0.33455 0.33049 ( 1)  2.471 +-  2.967
 102 S   0.33496 0.33455 0.33049 ( 1)  2.471 +-  2.967
 103 E   0.33496 0.33455 0.33049 ( 1)  2.471 +-  2.967
 104 D   0.33497 0.33455 0.33048 ( 1)  2.471 +-  2.967
 105 F   0.33497 0.33455 0.33048 ( 1)  2.471 +-  2.967
 106 K   0.33496 0.33455 0.33049 ( 1)  2.471 +-  2.967
 107 Y   0.33496 0.33455 0.33049 ( 1)  2.471 +-  2.967
 108 P   0.33496 0.33455 0.33049 ( 1)  2.471 +-  2.967
 109 L   0.33496 0.33455 0.33049 ( 1)  2.471 +-  2.967
 110 L   0.33496 0.33455 0.33050 ( 1)  2.471 +-  2.967
 111 V   0.33496 0.33455 0.33049 ( 1)  2.471 +-  2.967
 112 D   0.33497 0.33455 0.33048 ( 1)  2.471 +-  2.967
 113 M   0.33497 0.33455 0.33048 ( 1)  2.471 +-  2.967
 114 V   0.33496 0.33455 0.33049 ( 1)  2.471 +-  2.967
 115 Q   0.33496 0.33455 0.33049 ( 1)  2.471 +-  2.967
 116 L   0.33496 0.33455 0.33050 ( 1)  2.471 +-  2.967
 117 V   0.33496 0.33455 0.33049 ( 1)  2.471 +-  2.967
 118 S   0.33496 0.33455 0.33049 ( 1)  2.471 +-  2.967
 119 R   0.33496 0.33455 0.33049 ( 1)  2.471 +-  2.967
 120 V   0.33496 0.33455 0.33049 ( 1)  2.471 +-  2.967
 121 R   0.33496 0.33455 0.33049 ( 1)  2.471 +-  2.967
 122 H   0.33497 0.33455 0.33048 ( 1)  2.471 +-  2.967
 123 N   0.33496 0.33455 0.33048 ( 1)  2.471 +-  2.967
 124 L   0.33496 0.33455 0.33049 ( 1)  2.471 +-  2.967
 125 S   0.33496 0.33455 0.33050 ( 1)  2.471 +-  2.967
 126 V   0.33496 0.33455 0.33049 ( 1)  2.471 +-  2.967
 127 N   0.33496 0.33455 0.33048 ( 1)  2.471 +-  2.967
 128 V   0.33496 0.33455 0.33049 ( 1)  2.471 +-  2.967
 129 A   0.33496 0.33455 0.33049 ( 1)  2.471 +-  2.967
 130 P   0.33496 0.33455 0.33049 ( 1)  2.471 +-  2.967
 131 I   0.33496 0.33455 0.33049 ( 1)  2.471 +-  2.967
 132 N   0.33496 0.33455 0.33048 ( 1)  2.471 +-  2.967
 133 R   0.33496 0.33455 0.33049 ( 1)  2.471 +-  2.967
 134 H   0.33496 0.33455 0.33049 ( 1)  2.471 +-  2.967
 135 N   0.33496 0.33455 0.33048 ( 1)  2.471 +-  2.967
 136 F   0.33497 0.33455 0.33048 ( 1)  2.471 +-  2.967
 137 Q   0.33496 0.33455 0.33049 ( 1)  2.471 +-  2.967
 138 F   0.33497 0.33455 0.33048 ( 1)  2.471 +-  2.967
 139 P   0.33496 0.33455 0.33049 ( 1)  2.471 +-  2.967
 140 I   0.33496 0.33455 0.33048 ( 1)  2.471 +-  2.967
 141 N   0.33496 0.33455 0.33048 ( 1)  2.471 +-  2.967
 142 Q   0.33496 0.33455 0.33049 ( 1)  2.471 +-  2.967
 143 A   0.33496 0.33455 0.33048 ( 1)  2.471 +-  2.967
 144 D   0.33497 0.33455 0.33048 ( 1)  2.471 +-  2.967
 145 L   0.33496 0.33455 0.33049 ( 1)  2.471 +-  2.967
 146 C   0.33496 0.33455 0.33049 ( 1)  2.471 +-  2.967
 147 K   0.33496 0.33455 0.33049 ( 1)  2.471 +-  2.967
 148 P   0.33496 0.33455 0.33049 ( 1)  2.471 +-  2.967
 149 Y   0.33496 0.33455 0.33049 ( 1)  2.471 +-  2.967
 150 K   0.33496 0.33455 0.33049 ( 1)  2.471 +-  2.967
 151 L   0.33496 0.33455 0.33049 ( 1)  2.471 +-  2.967
 152 T   0.33496 0.33455 0.33049 ( 1)  2.471 +-  2.967
 153 G   0.33496 0.33455 0.33050 ( 1)  2.471 +-  2.967
 154 R   0.33496 0.33455 0.33049 ( 1)  2.471 +-  2.967
 155 S   0.33496 0.33455 0.33049 ( 1)  2.471 +-  2.967
 156 Q   0.33496 0.33455 0.33049 ( 1)  2.471 +-  2.967
 157 Q   0.33496 0.33455 0.33049 ( 1)  2.471 +-  2.967
 158 K   0.33496 0.33455 0.33049 ( 1)  2.471 +-  2.967
 159 Q   0.33496 0.33455 0.33049 ( 1)  2.471 +-  2.967
 160 Q   0.33496 0.33455 0.33049 ( 1)  2.471 +-  2.967
 161 Q   0.33496 0.33455 0.33049 ( 1)  2.471 +-  2.967
 162 Q   0.33496 0.33455 0.33049 ( 1)  2.471 +-  2.967
 163 Q   0.33496 0.33455 0.33049 ( 1)  2.471 +-  2.967
 164 Q   0.33496 0.33455 0.33049 ( 1)  2.471 +-  2.967
 165 P   0.33496 0.33455 0.33049 ( 1)  2.471 +-  2.967
 166 A   0.33496 0.33455 0.33049 ( 1)  2.471 +-  2.967
 167 I   0.33496 0.33455 0.33049 ( 1)  2.471 +-  2.967
 168 V   0.33496 0.33455 0.33049 ( 1)  2.471 +-  2.967
 169 L   0.33496 0.33455 0.33049 ( 1)  2.471 +-  2.967
 170 V   0.33496 0.33455 0.33049 ( 1)  2.471 +-  2.967
 171 I   0.33496 0.33455 0.33048 ( 1)  2.471 +-  2.967
 172 K   0.33496 0.33455 0.33049 ( 1)  2.471 +-  2.967
 173 S   0.33496 0.33455 0.33050 ( 1)  2.471 +-  2.967
 174 A   0.33496 0.33455 0.33049 ( 1)  2.471 +-  2.967
 175 L   0.33496 0.33455 0.33049 ( 1)  2.471 +-  2.967
 176 S   0.33496 0.33455 0.33049 ( 1)  2.471 +-  2.967
 177 H   0.33496 0.33455 0.33049 ( 1)  2.471 +-  2.967
 178 F   0.33497 0.33455 0.33048 ( 1)  2.471 +-  2.967
 179 D   0.33497 0.33455 0.33048 ( 1)  2.471 +-  2.967
 180 Q   0.33496 0.33455 0.33049 ( 1)  2.471 +-  2.967
 181 R   0.33496 0.33454 0.33050 ( 1)  2.472 +-  2.967
 182 Q   0.33496 0.33455 0.33049 ( 1)  2.471 +-  2.967
 183 L   0.33496 0.33455 0.33049 ( 1)  2.471 +-  2.967
 184 I   0.33497 0.33455 0.33048 ( 1)  2.471 +-  2.967
 185 R   0.33496 0.33455 0.33049 ( 1)  2.471 +-  2.967
 186 E   0.33496 0.33455 0.33049 ( 1)  2.471 +-  2.967
 187 T   0.33496 0.33455 0.33049 ( 1)  2.471 +-  2.967
 188 W   0.33496 0.33455 0.33049 ( 1)  2.471 +-  2.967
 189 G   0.33496 0.33455 0.33049 ( 1)  2.471 +-  2.967
 190 N   0.33497 0.33455 0.33048 ( 1)  2.471 +-  2.967
 191 F   0.33497 0.33455 0.33048 ( 1)  2.471 +-  2.967
 192 D   0.33497 0.33455 0.33048 ( 1)  2.471 +-  2.967
 193 C   0.33496 0.33455 0.33049 ( 1)  2.471 +-  2.967
 194 W   0.33496 0.33455 0.33049 ( 1)  2.471 +-  2.967
 195 P   0.33496 0.33455 0.33049 ( 1)  2.471 +-  2.967
 196 T   0.33496 0.33455 0.33049 ( 1)  2.471 +-  2.967
 197 A   0.33496 0.33455 0.33049 ( 1)  2.471 +-  2.967
 198 G   0.33496 0.33455 0.33049 ( 1)  2.471 +-  2.967
 199 S   0.33496 0.33455 0.33050 ( 1)  2.471 +-  2.967
 200 A   0.33496 0.33455 0.33049 ( 1)  2.471 +-  2.967
 201 S   0.33496 0.33455 0.33049 ( 1)  2.471 +-  2.967
 202 S   0.33496 0.33455 0.33049 ( 1)  2.471 +-  2.967
 203 S   0.33496 0.33455 0.33050 ( 1)  2.471 +-  2.967
 204 S   0.33496 0.33455 0.33049 ( 1)  2.471 +-  2.967
 205 S   0.33496 0.33455 0.33049 ( 1)  2.471 +-  2.967
 206 S   0.33496 0.33455 0.33049 ( 1)  2.471 +-  2.967
 207 S   0.33496 0.33455 0.33050 ( 1)  2.471 +-  2.967
 208 S   0.33496 0.33455 0.33050 ( 1)  2.471 +-  2.967
 209 S   0.33496 0.33455 0.33050 ( 1)  2.471 +-  2.967
 210 S   0.33496 0.33455 0.33050 ( 1)  2.471 +-  2.967
 211 S   0.33496 0.33455 0.33050 ( 1)  2.471 +-  2.967
 212 S   0.33496 0.33455 0.33050 ( 1)  2.471 +-  2.967
 213 S   0.33496 0.33455 0.33049 ( 1)  2.471 +-  2.967
 214 S   0.33496 0.33455 0.33049 ( 1)  2.471 +-  2.967
 215 S   0.33496 0.33455 0.33049 ( 1)  2.471 +-  2.967
 216 V   0.33496 0.33455 0.33049 ( 1)  2.471 +-  2.967
 217 N   0.33496 0.33455 0.33048 ( 1)  2.471 +-  2.967
 218 K   0.33496 0.33455 0.33049 ( 1)  2.471 +-  2.967
 219 V   0.33497 0.33455 0.33048 ( 1)  2.471 +-  2.967
 220 R   0.33496 0.33455 0.33049 ( 1)  2.471 +-  2.967
 221 R   0.33496 0.33454 0.33050 ( 1)  2.472 +-  2.967
 222 V   0.33496 0.33455 0.33049 ( 1)  2.471 +-  2.967
 223 F   0.33497 0.33455 0.33048 ( 1)  2.471 +-  2.967
 224 M   0.33497 0.33455 0.33048 ( 1)  2.471 +-  2.967
 225 V   0.33496 0.33455 0.33049 ( 1)  2.471 +-  2.967
 226 G   0.33496 0.33455 0.33049 ( 1)  2.471 +-  2.967
 227 Q   0.33496 0.33455 0.33049 ( 1)  2.471 +-  2.967
 228 P   0.33496 0.33455 0.33049 ( 1)  2.471 +-  2.967
 229 K   0.33496 0.33455 0.33049 ( 1)  2.471 +-  2.967
 230 S   0.33496 0.33455 0.33049 ( 1)  2.471 +-  2.967
 231 A   0.33496 0.33455 0.33048 ( 1)  2.471 +-  2.967
 232 D   0.33497 0.33455 0.33048 ( 1)  2.471 +-  2.967
 233 P   0.33496 0.33455 0.33049 ( 1)  2.471 +-  2.967
 234 K   0.33496 0.33455 0.33049 ( 1)  2.471 +-  2.967
 235 S   0.33496 0.33455 0.33049 ( 1)  2.471 +-  2.967
 236 S   0.33496 0.33455 0.33049 ( 1)  2.471 +-  2.967
 237 E   0.33496 0.33455 0.33049 ( 1)  2.471 +-  2.967
 238 Y   0.33496 0.33455 0.33049 ( 1)  2.471 +-  2.967
 239 A   0.33496 0.33455 0.33048 ( 1)  2.471 +-  2.967
 240 E   0.33496 0.33455 0.33049 ( 1)  2.471 +-  2.967
 241 K   0.33496 0.33455 0.33049 ( 1)  2.471 +-  2.967
 242 L   0.33496 0.33455 0.33049 ( 1)  2.471 +-  2.967
 243 A   0.33496 0.33455 0.33049 ( 1)  2.471 +-  2.967
 244 K   0.33496 0.33455 0.33049 ( 1)  2.471 +-  2.967
 245 E   0.33496 0.33455 0.33049 ( 1)  2.471 +-  2.967
 246 V   0.33496 0.33455 0.33049 ( 1)  2.471 +-  2.967
 247 A   0.33496 0.33455 0.33049 ( 1)  2.471 +-  2.967
 248 K   0.33496 0.33455 0.33049 ( 1)  2.471 +-  2.967
 249 Y   0.33496 0.33455 0.33049 ( 1)  2.471 +-  2.967
 250 G   0.33496 0.33455 0.33049 ( 1)  2.471 +-  2.967
 251 D   0.33497 0.33455 0.33048 ( 1)  2.471 +-  2.967
 252 I   0.33496 0.33455 0.33049 ( 1)  2.471 +-  2.967
 253 V   0.33496 0.33455 0.33049 ( 1)  2.471 +-  2.967
 254 Q   0.33496 0.33455 0.33049 ( 1)  2.471 +-  2.967
 255 A   0.33496 0.33455 0.33049 ( 1)  2.471 +-  2.967
 256 D   0.33497 0.33455 0.33048 ( 1)  2.471 +-  2.967
 257 F   0.33497 0.33455 0.33048 ( 1)  2.471 +-  2.967
 258 V   0.33497 0.33455 0.33048 ( 1)  2.471 +-  2.967
 259 D   0.33497 0.33455 0.33048 ( 1)  2.471 +-  2.967
 260 H   0.33496 0.33455 0.33049 ( 1)  2.471 +-  2.967
 261 Y   0.33496 0.33455 0.33049 ( 1)  2.471 +-  2.967
 262 F   0.33497 0.33455 0.33048 ( 1)  2.471 +-  2.967
 263 N   0.33496 0.33455 0.33048 ( 1)  2.471 +-  2.967
 264 N   0.33496 0.33455 0.33048 ( 1)  2.471 +-  2.967
 265 T   0.33496 0.33455 0.33049 ( 1)  2.471 +-  2.967
 266 L   0.33496 0.33455 0.33049 ( 1)  2.471 +-  2.967
 267 K   0.33496 0.33455 0.33049 ( 1)  2.471 +-  2.967
 268 M   0.33497 0.33455 0.33048 ( 1)  2.471 +-  2.967
 269 M   0.33497 0.33455 0.33048 ( 1)  2.471 +-  2.967
 270 S   0.33496 0.33455 0.33049 ( 1)  2.471 +-  2.967
 271 S   0.33496 0.33455 0.33049 ( 1)  2.471 +-  2.967
 272 F   0.33497 0.33455 0.33048 ( 1)  2.471 +-  2.967
 273 S   0.33496 0.33455 0.33049 ( 1)  2.471 +-  2.967
 274 W   0.33496 0.33455 0.33049 ( 1)  2.471 +-  2.967
 275 M   0.33497 0.33455 0.33048 ( 1)  2.471 +-  2.967
 276 I   0.33496 0.33455 0.33048 ( 1)  2.471 +-  2.967
 277 A   0.33496 0.33455 0.33049 ( 1)  2.471 +-  2.967
 278 H   0.33496 0.33455 0.33049 ( 1)  2.471 +-  2.967
 279 C   0.33496 0.33455 0.33049 ( 1)  2.471 +-  2.967
 280 Q   0.33496 0.33455 0.33049 ( 1)  2.471 +-  2.967
 281 G   0.33496 0.33455 0.33049 ( 1)  2.471 +-  2.967
 282 A   0.33496 0.33455 0.33049 ( 1)  2.471 +-  2.967
 283 R   0.33496 0.33455 0.33049 ( 1)  2.471 +-  2.967
 284 F   0.33497 0.33455 0.33048 ( 1)  2.471 +-  2.967
 285 A   0.33496 0.33455 0.33048 ( 1)  2.471 +-  2.967
 286 F   0.33497 0.33455 0.33048 ( 1)  2.471 +-  2.967
 287 F   0.33497 0.33455 0.33048 ( 1)  2.471 +-  2.967
 288 L   0.33496 0.33455 0.33049 ( 1)  2.471 +-  2.967
 289 D   0.33497 0.33455 0.33048 ( 1)  2.471 +-  2.967
 290 D   0.33497 0.33455 0.33048 ( 1)  2.471 +-  2.967
 291 D   0.33497 0.33455 0.33048 ( 1)  2.471 +-  2.967
 292 Y   0.33496 0.33455 0.33049 ( 1)  2.471 +-  2.967
 293 V   0.33496 0.33455 0.33049 ( 1)  2.471 +-  2.967
 294 V   0.33497 0.33455 0.33048 ( 1)  2.471 +-  2.967
 295 N   0.33497 0.33455 0.33048 ( 1)  2.471 +-  2.967
 296 P   0.33496 0.33455 0.33049 ( 1)  2.471 +-  2.967
 297 L   0.33496 0.33455 0.33049 ( 1)  2.471 +-  2.967
 298 N   0.33496 0.33455 0.33048 ( 1)  2.471 +-  2.967
 299 L   0.33496 0.33455 0.33049 ( 1)  2.471 +-  2.967
 300 V   0.33497 0.33455 0.33048 ( 1)  2.471 +-  2.967
 301 R   0.33496 0.33455 0.33049 ( 1)  2.471 +-  2.967
 302 F   0.33497 0.33455 0.33048 ( 1)  2.471 +-  2.967
 303 A   0.33496 0.33455 0.33048 ( 1)  2.471 +-  2.967
 304 D   0.33497 0.33455 0.33048 ( 1)  2.471 +-  2.967
 305 A   0.33496 0.33455 0.33048 ( 1)  2.471 +-  2.967
 306 I   0.33496 0.33455 0.33048 ( 1)  2.471 +-  2.967
 307 P   0.33496 0.33455 0.33049 ( 1)  2.471 +-  2.967
 308 P   0.33496 0.33455 0.33049 ( 1)  2.471 +-  2.967
 309 E   0.33496 0.33455 0.33049 ( 1)  2.471 +-  2.967
 310 S   0.33496 0.33455 0.33049 ( 1)  2.471 +-  2.967
 311 Y   0.33496 0.33455 0.33049 ( 1)  2.471 +-  2.967
 312 A   0.33496 0.33455 0.33049 ( 1)  2.471 +-  2.967
 313 G   0.33496 0.33455 0.33049 ( 1)  2.471 +-  2.967
 314 T   0.33496 0.33455 0.33049 ( 1)  2.471 +-  2.967
 315 M   0.33497 0.33455 0.33048 ( 1)  2.471 +-  2.967
 316 A   0.33496 0.33455 0.33048 ( 1)  2.471 +-  2.967
 317 G   0.33496 0.33455 0.33049 ( 1)  2.471 +-  2.967
 318 F   0.33497 0.33455 0.33048 ( 1)  2.471 +-  2.967
 319 V   0.33497 0.33455 0.33048 ( 1)  2.471 +-  2.967
 320 W   0.33496 0.33455 0.33049 ( 1)  2.471 +-  2.967
 321 R   0.33496 0.33455 0.33049 ( 1)  2.471 +-  2.967
 322 N   0.33496 0.33455 0.33048 ( 1)  2.471 +-  2.967
 323 A   0.33496 0.33455 0.33049 ( 1)  2.471 +-  2.967
 324 A   0.33496 0.33455 0.33048 ( 1)  2.471 +-  2.967
 325 P   0.33496 0.33455 0.33049 ( 1)  2.471 +-  2.967
 326 V   0.33496 0.33455 0.33049 ( 1)  2.471 +-  2.967
 327 R   0.33496 0.33455 0.33049 ( 1)  2.471 +-  2.967
 328 R   0.33496 0.33455 0.33049 ( 1)  2.471 +-  2.967
 329 A   0.33496 0.33455 0.33049 ( 1)  2.471 +-  2.967
 330 P   0.33496 0.33455 0.33049 ( 1)  2.471 +-  2.967
 331 K   0.33496 0.33455 0.33049 ( 1)  2.471 +-  2.967
 332 R   0.33496 0.33455 0.33049 ( 1)  2.471 +-  2.967
 333 N   0.33496 0.33455 0.33048 ( 1)  2.471 +-  2.967
 334 P   0.33496 0.33455 0.33049 ( 1)  2.471 +-  2.967
 335 Q   0.33496 0.33455 0.33049 ( 1)  2.471 +-  2.967
 336 S   0.33496 0.33455 0.33049 ( 1)  2.471 +-  2.967
 337 R   0.33496 0.33455 0.33049 ( 1)  2.471 +-  2.967
 338 W   0.33496 0.33455 0.33049 ( 1)  2.471 +-  2.967
 339 L   0.33496 0.33455 0.33049 ( 1)  2.471 +-  2.967
 340 I   0.33496 0.33455 0.33049 ( 1)  2.471 +-  2.967
 341 S   0.33496 0.33455 0.33049 ( 1)  2.471 +-  2.967
 342 Y   0.33496 0.33455 0.33049 ( 1)  2.471 +-  2.967
 343 R   0.33496 0.33454 0.33050 ( 1)  2.472 +-  2.967
 344 E   0.33496 0.33455 0.33049 ( 1)  2.471 +-  2.967
 345 Y   0.33496 0.33455 0.33049 ( 1)  2.471 +-  2.967
 346 P   0.33496 0.33455 0.33049 ( 1)  2.471 +-  2.967
 347 W   0.33496 0.33455 0.33049 ( 1)  2.471 +-  2.967
 348 P   0.33496 0.33455 0.33049 ( 1)  2.471 +-  2.967
 349 M   0.33497 0.33455 0.33048 ( 1)  2.471 +-  2.967
 350 Y   0.33496 0.33455 0.33049 ( 1)  2.471 +-  2.967
 351 P   0.33496 0.33455 0.33049 ( 1)  2.471 +-  2.967
 352 A   0.33496 0.33455 0.33049 ( 1)  2.471 +-  2.967
 353 Y   0.33496 0.33455 0.33049 ( 1)  2.471 +-  2.967
 354 V   0.33496 0.33455 0.33049 ( 1)  2.471 +-  2.967
 355 S   0.33496 0.33455 0.33049 ( 1)  2.471 +-  2.967
 356 A   0.33496 0.33455 0.33048 ( 1)  2.471 +-  2.967
 357 G   0.33496 0.33455 0.33049 ( 1)  2.471 +-  2.967
 358 A   0.33496 0.33455 0.33049 ( 1)  2.471 +-  2.967
 359 F   0.33497 0.33455 0.33048 ( 1)  2.471 +-  2.967
 360 L   0.33496 0.33455 0.33049 ( 1)  2.471 +-  2.967
 361 V   0.33496 0.33455 0.33049 ( 1)  2.471 +-  2.967
 362 S   0.33496 0.33455 0.33049 ( 1)  2.471 +-  2.967
 363 M   0.33497 0.33455 0.33048 ( 1)  2.471 +-  2.967
 364 P   0.33496 0.33455 0.33049 ( 1)  2.471 +-  2.967
 365 V   0.33496 0.33455 0.33049 ( 1)  2.471 +-  2.967
 366 I   0.33496 0.33455 0.33048 ( 1)  2.471 +-  2.967
 367 K   0.33496 0.33455 0.33049 ( 1)  2.471 +-  2.967
 368 D   0.33497 0.33455 0.33048 ( 1)  2.471 +-  2.967
 369 F   0.33497 0.33455 0.33048 ( 1)  2.471 +-  2.967
 370 T   0.33496 0.33455 0.33049 ( 1)  2.471 +-  2.967
 371 I   0.33497 0.33455 0.33048 ( 1)  2.471 +-  2.967
 372 A   0.33496 0.33455 0.33049 ( 1)  2.471 +-  2.967
 373 M   0.33497 0.33455 0.33048 ( 1)  2.471 +-  2.967
 374 E   0.33496 0.33455 0.33049 ( 1)  2.471 +-  2.967
 375 Y   0.33496 0.33455 0.33049 ( 1)  2.471 +-  2.967
 376 T   0.33496 0.33455 0.33049 ( 1)  2.471 +-  2.967
 377 R   0.33496 0.33455 0.33049 ( 1)  2.471 +-  2.967
 378 Y   0.33496 0.33455 0.33049 ( 1)  2.471 +-  2.967
 379 L   0.33496 0.33455 0.33049 ( 1)  2.471 +-  2.967
 380 R   0.33496 0.33455 0.33049 ( 1)  2.471 +-  2.967
 381 F   0.33497 0.33455 0.33048 ( 1)  2.471 +-  2.967
 382 D   0.33497 0.33455 0.33048 ( 1)  2.471 +-  2.967
 383 D   0.33497 0.33455 0.33048 ( 1)  2.471 +-  2.967
 384 V   0.33497 0.33455 0.33048 ( 1)  2.471 +-  2.967
 385 F   0.33497 0.33455 0.33048 ( 1)  2.471 +-  2.967
 386 L   0.33496 0.33455 0.33049 ( 1)  2.471 +-  2.967
 387 G   0.33496 0.33455 0.33049 ( 1)  2.471 +-  2.967
 388 I   0.33497 0.33455 0.33048 ( 1)  2.471 +-  2.967
 389 L   0.33496 0.33455 0.33049 ( 1)  2.471 +-  2.967
 390 M   0.33497 0.33455 0.33048 ( 1)  2.471 +-  2.967
 391 H   0.33497 0.33455 0.33048 ( 1)  2.471 +-  2.967
 392 K   0.33496 0.33455 0.33049 ( 1)  2.471 +-  2.967
 393 L   0.33496 0.33455 0.33049 ( 1)  2.471 +-  2.967
 394 R   0.33496 0.33455 0.33049 ( 1)  2.471 +-  2.967
 395 I   0.33496 0.33455 0.33048 ( 1)  2.471 +-  2.967
 396 V   0.33496 0.33455 0.33049 ( 1)  2.471 +-  2.967
 397 P   0.33496 0.33455 0.33049 ( 1)  2.471 +-  2.967
 398 L   0.33496 0.33455 0.33049 ( 1)  2.471 +-  2.967
 399 H   0.33497 0.33455 0.33048 ( 1)  2.471 +-  2.967
 400 A   0.33496 0.33455 0.33049 ( 1)  2.471 +-  2.967
 401 E   0.33496 0.33455 0.33049 ( 1)  2.471 +-  2.967
 402 R   0.33496 0.33454 0.33050 ( 1)  2.472 +-  2.967
 403 I   0.33496 0.33455 0.33048 ( 1)  2.471 +-  2.967
 404 H   0.33497 0.33455 0.33048 ( 1)  2.471 +-  2.967
 405 S   0.33496 0.33455 0.33049 ( 1)  2.471 +-  2.967
 406 F   0.33497 0.33455 0.33048 ( 1)  2.471 +-  2.967
 407 S   0.33496 0.33455 0.33049 ( 1)  2.471 +-  2.967
 408 P   0.33496 0.33455 0.33049 ( 1)  2.471 +-  2.967
 409 V   0.33496 0.33455 0.33049 ( 1)  2.471 +-  2.967
 410 Y   0.33496 0.33455 0.33049 ( 1)  2.471 +-  2.967
 411 P   0.33496 0.33455 0.33049 ( 1)  2.471 +-  2.967
 412 D   0.33497 0.33455 0.33048 ( 1)  2.471 +-  2.967
 413 S   0.33496 0.33455 0.33049 ( 1)  2.471 +-  2.967
 414 P   0.33496 0.33455 0.33049 ( 1)  2.471 +-  2.967
 415 S   0.33496 0.33455 0.33049 ( 1)  2.471 +-  2.967
 416 F   0.33497 0.33455 0.33048 ( 1)  2.471 +-  2.967
 417 P   0.33496 0.33455 0.33049 ( 1)  2.471 +-  2.967
 418 G   0.33496 0.33455 0.33049 ( 1)  2.471 +-  2.967
 419 L   0.33496 0.33455 0.33049 ( 1)  2.471 +-  2.967
 420 I   0.33497 0.33455 0.33048 ( 1)  2.471 +-  2.967
 421 A   0.33496 0.33455 0.33048 ( 1)  2.471 +-  2.967
 422 S   0.33496 0.33455 0.33049 ( 1)  2.471 +-  2.967
 423 H   0.33497 0.33455 0.33048 ( 1)  2.471 +-  2.967
 424 G   0.33496 0.33455 0.33049 ( 1)  2.471 +-  2.967
 425 Y   0.33496 0.33455 0.33049 ( 1)  2.471 +-  2.967
 426 A   0.33496 0.33455 0.33048 ( 1)  2.471 +-  2.967
 427 R   0.33496 0.33455 0.33049 ( 1)  2.471 +-  2.967
 428 K   0.33496 0.33455 0.33049 ( 1)  2.471 +-  2.967
 429 A   0.33496 0.33455 0.33049 ( 1)  2.471 +-  2.967
 430 D   0.33497 0.33455 0.33048 ( 1)  2.471 +-  2.967
 431 K   0.33496 0.33455 0.33049 ( 1)  2.471 +-  2.967
 432 V   0.33497 0.33455 0.33048 ( 1)  2.471 +-  2.967
 433 R   0.33496 0.33454 0.33050 ( 1)  2.472 +-  2.967
 434 A   0.33496 0.33455 0.33048 ( 1)  2.471 +-  2.967
 435 A   0.33496 0.33455 0.33049 ( 1)  2.471 +-  2.967
 436 W   0.33496 0.33455 0.33049 ( 1)  2.471 +-  2.967
 437 S   0.33496 0.33455 0.33049 ( 1)  2.471 +-  2.967
 438 E   0.33496 0.33455 0.33049 ( 1)  2.471 +-  2.967
 439 I   0.33496 0.33455 0.33048 ( 1)  2.471 +-  2.967
 440 L   0.33496 0.33455 0.33049 ( 1)  2.471 +-  2.967
 441 N   0.33496 0.33455 0.33048 ( 1)  2.471 +-  2.967
 442 R   0.33496 0.33454 0.33050 ( 1)  2.472 +-  2.967
 443 T   0.33496 0.33455 0.33049 ( 1)  2.471 +-  2.967
 444 G   0.33496 0.33455 0.33050 ( 1)  2.471 +-  2.967
 445 A   0.33496 0.33455 0.33049 ( 1)  2.471 +-  2.967
 446 E   0.33496 0.33455 0.33049 ( 1)  2.471 +-  2.967
 447 N   0.33497 0.33455 0.33048 ( 1)  2.471 +-  2.967
 448 R   0.33496 0.33455 0.33049 ( 1)  2.471 +-  2.967
 449 L   0.33496 0.33455 0.33049 ( 1)  2.471 +-  2.967
 450 P   0.33496 0.33455 0.33049 ( 1)  2.471 +-  2.967
 451 L   0.33496 0.33455 0.33050 ( 1)  2.471 +-  2.967
 452 E   0.33496 0.33455 0.33049 ( 1)  2.471 +-  2.967
 453 C   0.33496 0.33455 0.33049 ( 1)  2.471 +-  2.967
 454 M   0.33497 0.33455 0.33048 ( 1)  2.471 +-  2.967
 455 L   0.33496 0.33455 0.33049 ( 1)  2.471 +-  2.967
 456 S   0.33496 0.33455 0.33049 ( 1)  2.471 +-  2.967
 457 M   0.33497 0.33455 0.33048 ( 1)  2.471 +-  2.967

Positively selected sites

	Prob(w>1)  mean w


