Supplemental results for CODEML (seqf: algn  treef: tree)


dN/dS (w) for site classes (K=3)

p:   0.00000  0.00000  1.00000
w:   1.00000  1.00000  1.76001

Naive Empirical Bayes (NEB) probabilities for 3 classes & postmean_w & P(w>1)
(amino acids refer to 1st sequence: spe.31522)

   1 M   0.00000 0.00000 1.00000 ( 3)  1.760  1.000
   2 K   0.00000 0.00000 1.00000 ( 3)  1.760  1.000
   3 R   0.00000 0.00000 1.00000 ( 3)  1.760  1.000
   4 L   0.00000 0.00000 1.00000 ( 3)  1.760  1.000
   5 G   0.00000 0.00000 1.00000 ( 3)  1.760  1.000
   6 Q   0.00000 0.00000 1.00000 ( 3)  1.760  1.000
   7 R   0.00000 0.00000 1.00000 ( 3)  1.760  1.000
   8 L   0.00000 0.00000 1.00000 ( 3)  1.760  1.000
   9 L   0.00000 0.00000 1.00000 ( 3)  1.760  1.000
  10 R   0.00000 0.00000 1.00000 ( 3)  1.760  1.000
  11 T   0.00000 0.00000 1.00000 ( 3)  1.760  1.000
  12 Q   0.00000 0.00000 1.00000 ( 3)  1.760  1.000
  13 R   0.00000 0.00000 1.00000 ( 3)  1.760  1.000
  14 S   0.00000 0.00000 1.00000 ( 3)  1.760  1.000
  15 K   0.00000 0.00000 1.00000 ( 3)  1.760  1.000
  16 T   0.00000 0.00000 1.00000 ( 3)  1.760  1.000
  17 I   0.00000 0.00000 1.00000 ( 3)  1.760  1.000
  18 I   0.00000 0.00000 1.00000 ( 3)  1.760  1.000
  19 K   0.00000 0.00000 1.00000 ( 3)  1.760  1.000
  20 V   0.00000 0.00000 1.00000 ( 3)  1.760  1.000
  21 V   0.00000 0.00000 1.00000 ( 3)  1.760  1.000
  22 Y   0.00000 0.00000 1.00000 ( 3)  1.760  1.000
  23 I   0.00000 0.00000 1.00000 ( 3)  1.760  1.000
  24 L   0.00000 0.00000 1.00000 ( 3)  1.760  1.000
  25 C   0.00000 0.00000 1.00000 ( 3)  1.760  1.000
  26 A   0.00000 0.00000 1.00000 ( 3)  1.760  1.000
  27 A   0.00000 0.00000 1.00000 ( 3)  1.760  1.000
  28 T   0.00000 0.00000 1.00000 ( 3)  1.760  1.000
  29 L   0.00000 0.00000 1.00000 ( 3)  1.760  1.000
  30 T   0.00000 0.00000 1.00000 ( 3)  1.760  1.000
  31 T   0.00000 0.00000 1.00000 ( 3)  1.760  1.000
  32 S   0.00000 0.00000 1.00000 ( 3)  1.760  1.000
  33 I   0.00000 0.00000 1.00000 ( 3)  1.760  1.000
  34 I   0.00000 0.00000 1.00000 ( 3)  1.760  1.000
  35 V   0.00000 0.00000 1.00000 ( 3)  1.760  1.000
  36 G   0.00000 0.00000 1.00000 ( 3)  1.760  1.000
  37 A   0.00000 0.00000 1.00000 ( 3)  1.760  1.000
  38 I   0.00000 0.00000 1.00000 ( 3)  1.760  1.000
  39 L   0.00000 0.00000 1.00000 ( 3)  1.760  1.000
  40 I   0.00000 0.00000 1.00000 ( 3)  1.760  1.000
  41 H   0.00000 0.00000 1.00000 ( 3)  1.760  1.000
  42 L   0.00000 0.00000 1.00000 ( 3)  1.760  1.000
  43 L   0.00000 0.00000 1.00000 ( 3)  1.760  1.000
  44 V   0.00000 0.00000 1.00000 ( 3)  1.760  1.000
  45 L   0.00000 0.00000 1.00000 ( 3)  1.760  1.000
  46 P   0.00000 0.00000 1.00000 ( 3)  1.760  1.000
  47 F   0.00000 0.00000 1.00000 ( 3)  1.760  1.000
  48 L   0.00000 0.00000 1.00000 ( 3)  1.760  1.000
  49 H   0.00000 0.00000 1.00000 ( 3)  1.760  1.000
  50 E   0.00000 0.00000 1.00000 ( 3)  1.760  1.000
  51 S   0.00000 0.00000 1.00000 ( 3)  1.760  1.000
  52 G   0.00000 0.00000 1.00000 ( 3)  1.760  1.000
  53 F   0.00000 0.00000 1.00000 ( 3)  1.760  1.000
  54 E   0.00000 0.00000 1.00000 ( 3)  1.760  1.000
  55 P   0.00000 0.00000 1.00000 ( 3)  1.760  1.000
  56 S   0.00000 0.00000 1.00000 ( 3)  1.760  1.000
  57 T   0.00000 0.00000 1.00000 ( 3)  1.760  1.000
  58 C   0.00000 0.00000 1.00000 ( 3)  1.760  1.000
  59 Y   0.00000 0.00000 1.00000 ( 3)  1.760  1.000
  60 I   0.00000 0.00000 1.00000 ( 3)  1.760  1.000
  61 V   0.00000 0.00000 1.00000 ( 3)  1.760  1.000
  62 K   0.00000 0.00000 1.00000 ( 3)  1.760  1.000
  63 T   0.00000 0.00000 1.00000 ( 3)  1.760  1.000
  64 E   0.00000 0.00000 1.00000 ( 3)  1.760  1.000
  65 L   0.00000 0.00000 1.00000 ( 3)  1.760  1.000
  66 H   0.00000 0.00000 1.00000 ( 3)  1.760  1.000
  67 M   0.00000 0.00000 1.00000 ( 3)  1.760  1.000
  68 P   0.00000 0.00000 1.00000 ( 3)  1.760  1.000
  69 V   0.00000 0.00000 1.00000 ( 3)  1.760  1.000
  70 L   0.00000 0.00000 1.00000 ( 3)  1.760  1.000
  71 K   0.00000 0.00000 1.00000 ( 3)  1.760  1.000
  72 C   0.00000 0.00000 1.00000 ( 3)  1.760  1.000
  73 E   0.00000 0.00000 1.00000 ( 3)  1.760  1.000
  74 N   0.00000 0.00000 1.00000 ( 3)  1.760  1.000
  75 K   0.00000 0.00000 1.00000 ( 3)  1.760  1.000
  76 C   0.00000 0.00000 1.00000 ( 3)  1.760  1.000
  77 S   0.00000 0.00000 1.00000 ( 3)  1.760  1.000
  78 K   0.00000 0.00000 1.00000 ( 3)  1.760  1.000
  79 E   0.00000 0.00000 1.00000 ( 3)  1.760  1.000
  80 R   0.00000 0.00000 1.00000 ( 3)  1.760  1.000
  81 S   0.00000 0.00000 1.00000 ( 3)  1.760  1.000
  82 A   0.00000 0.00000 1.00000 ( 3)  1.760  1.000
  83 F   0.00000 0.00000 1.00000 ( 3)  1.760  1.000
  84 P   0.00000 0.00000 1.00000 ( 3)  1.760  1.000
  85 C   0.00000 0.00000 1.00000 ( 3)  1.760  1.000
  86 L   0.00000 0.00000 1.00000 ( 3)  1.760  1.000
  87 R   0.00000 0.00000 1.00000 ( 3)  1.760  1.000
  88 V   0.00000 0.00000 1.00000 ( 3)  1.760  1.000
  89 T   0.00000 0.00000 1.00000 ( 3)  1.760  1.000
  90 I   0.00000 0.00000 1.00000 ( 3)  1.760  1.000
  91 L   0.00000 0.00000 1.00000 ( 3)  1.760  1.000
  92 Y   0.00000 0.00000 1.00000 ( 3)  1.760  1.000
  93 E   0.00000 0.00000 1.00000 ( 3)  1.760  1.000
  94 K   0.00000 0.00000 1.00000 ( 3)  1.760  1.000
  95 R   0.00000 0.00000 1.00000 ( 3)  1.760  1.000
  96 G   0.00000 0.00000 1.00000 ( 3)  1.760  1.000
  97 Q   0.00000 0.00000 1.00000 ( 3)  1.760  1.000
  98 N   0.00000 0.00000 1.00000 ( 3)  1.760  1.000
  99 K   0.00000 0.00000 1.00000 ( 3)  1.760  1.000
 100 T   0.00000 0.00000 1.00000 ( 3)  1.760  1.000
 101 G   0.00000 0.00000 1.00000 ( 3)  1.760  1.000
 102 L   0.00000 0.00000 1.00000 ( 3)  1.760  1.000
 103 L   0.00000 0.00000 1.00000 ( 3)  1.760  1.000
 104 F   0.00000 0.00000 1.00000 ( 3)  1.760  1.000
 105 D   0.00000 0.00000 1.00000 ( 3)  1.760  1.000
 106 T   0.00000 0.00000 1.00000 ( 3)  1.760  1.000
 107 I   0.00000 0.00000 1.00000 ( 3)  1.760  1.000
 108 A   0.00000 0.00000 1.00000 ( 3)  1.760  1.000
 109 T   0.00000 0.00000 1.00000 ( 3)  1.760  1.000
 110 H   0.00000 0.00000 1.00000 ( 3)  1.760  1.000
 111 Q   0.00000 0.00000 1.00000 ( 3)  1.760  1.000
 112 N   0.00000 0.00000 1.00000 ( 3)  1.760  1.000
 113 Y   0.00000 0.00000 1.00000 ( 3)  1.760  1.000
 114 R   0.00000 0.00000 1.00000 ( 3)  1.760  1.000
 115 R   0.00000 0.00000 1.00000 ( 3)  1.760  1.000
 116 N   0.00000 0.00000 1.00000 ( 3)  1.760  1.000
 117 G   0.00000 0.00000 1.00000 ( 3)  1.760  1.000
 118 I   0.00000 0.00000 1.00000 ( 3)  1.760  1.000
 119 L   0.00000 0.00000 1.00000 ( 3)  1.760  1.000
 120 L   0.00000 0.00000 1.00000 ( 3)  1.760  1.000
 121 L   0.00000 0.00000 1.00000 ( 3)  1.760  1.000
 122 N   0.00000 0.00000 1.00000 ( 3)  1.760  1.000
 123 L   0.00000 0.00000 1.00000 ( 3)  1.760  1.000
 124 P   0.00000 0.00000 1.00000 ( 3)  1.760  1.000
 125 Q   0.00000 0.00000 1.00000 ( 3)  1.760  1.000
 126 C   0.00000 0.00000 1.00000 ( 3)  1.760  1.000
 127 L   0.00000 0.00000 1.00000 ( 3)  1.760  1.000
 128 A   0.00000 0.00000 1.00000 ( 3)  1.760  1.000
 129 D   0.00000 0.00000 1.00000 ( 3)  1.760  1.000
 130 E   0.00000 0.00000 1.00000 ( 3)  1.760  1.000
 131 K   0.00000 0.00000 1.00000 ( 3)  1.760  1.000
 132 K   0.00000 0.00000 1.00000 ( 3)  1.760  1.000
 133 H   0.00000 0.00000 1.00000 ( 3)  1.760  1.000
 134 M   0.00000 0.00000 1.00000 ( 3)  1.760  1.000
 135 E   0.00000 0.00000 1.00000 ( 3)  1.760  1.000
 136 L   0.00000 0.00000 1.00000 ( 3)  1.760  1.000
 137 G   0.00000 0.00000 1.00000 ( 3)  1.760  1.000
 138 L   0.00000 0.00000 1.00000 ( 3)  1.760  1.000
 139 D   0.00000 0.00000 1.00000 ( 3)  1.760  1.000
 140 T   0.00000 0.00000 1.00000 ( 3)  1.760  1.000
 141 I   0.00000 0.00000 1.00000 ( 3)  1.760  1.000
 142 L   0.00000 0.00000 1.00000 ( 3)  1.760  1.000
 143 D   0.00000 0.00000 1.00000 ( 3)  1.760  1.000
 144 R   0.00000 0.00000 1.00000 ( 3)  1.760  1.000
 145 A   0.00000 0.00000 1.00000 ( 3)  1.760  1.000
 146 L   0.00000 0.00000 1.00000 ( 3)  1.760  1.000
 147 E   0.00000 0.00000 1.00000 ( 3)  1.760  1.000
 148 C   0.00000 0.00000 1.00000 ( 3)  1.760  1.000
 149 Y   0.00000 0.00000 1.00000 ( 3)  1.760  1.000
 150 Y   0.00000 0.00000 1.00000 ( 3)  1.760  1.000
 151 P   0.00000 0.00000 1.00000 ( 3)  1.760  1.000
 152 R   0.00000 0.00000 1.00000 ( 3)  1.760  1.000
 153 W   0.00000 0.00000 1.00000 ( 3)  1.760  1.000
 154 S   0.00000 0.00000 1.00000 ( 3)  1.760  1.000
 155 R   0.00000 0.00000 1.00000 ( 3)  1.760  1.000
 156 A   0.00000 0.00000 1.00000 ( 3)  1.760  1.000

Positively selected sites

	Prob(w>1)  mean w

     1 M      1.000**       1.760
     2 K      1.000**       1.760
     3 R      1.000**       1.760
     4 L      1.000**       1.760
     5 G      1.000**       1.760
     6 Q      1.000**       1.760
     7 R      1.000**       1.760
     8 L      1.000**       1.760
     9 L      1.000**       1.760
    10 R      1.000**       1.760
    11 T      1.000**       1.760
    12 Q      1.000**       1.760
    13 R      1.000**       1.760
    14 S      1.000**       1.760
    15 K      1.000**       1.760
    16 T      1.000**       1.760
    17 I      1.000**       1.760
    18 I      1.000**       1.760
    19 K      1.000**       1.760
    20 V      1.000**       1.760
    21 V      1.000**       1.760
    22 Y      1.000**       1.760
    23 I      1.000**       1.760
    24 L      1.000**       1.760
    25 C      1.000**       1.760
    26 A      1.000**       1.760
    27 A      1.000**       1.760
    28 T      1.000**       1.760
    29 L      1.000**       1.760
    30 T      1.000**       1.760
    31 T      1.000**       1.760
    32 S      1.000**       1.760
    33 I      1.000**       1.760
    34 I      1.000**       1.760
    35 V      1.000**       1.760
    36 G      1.000**       1.760
    37 A      1.000**       1.760
    38 I      1.000**       1.760
    39 L      1.000**       1.760
    40 I      1.000**       1.760
    41 H      1.000**       1.760
    42 L      1.000**       1.760
    43 L      1.000**       1.760
    44 V      1.000**       1.760
    45 L      1.000**       1.760
    46 P      1.000**       1.760
    47 F      1.000**       1.760
    48 L      1.000**       1.760
    49 H      1.000**       1.760
    50 E      1.000**       1.760
    51 S      1.000**       1.760
    52 G      1.000**       1.760
    53 F      1.000**       1.760
    54 E      1.000**       1.760
    55 P      1.000**       1.760
    56 S      1.000**       1.760
    57 T      1.000**       1.760
    58 C      1.000**       1.760
    59 Y      1.000**       1.760
    60 I      1.000**       1.760
    61 V      1.000**       1.760
    62 K      1.000**       1.760
    63 T      1.000**       1.760
    64 E      1.000**       1.760
    65 L      1.000**       1.760
    66 H      1.000**       1.760
    67 M      1.000**       1.760
    68 P      1.000**       1.760
    69 V      1.000**       1.760
    70 L      1.000**       1.760
    71 K      1.000**       1.760
    72 C      1.000**       1.760
    73 E      1.000**       1.760
    74 N      1.000**       1.760
    75 K      1.000**       1.760
    76 C      1.000**       1.760
    77 S      1.000**       1.760
    78 K      1.000**       1.760
    79 E      1.000**       1.760
    80 R      1.000**       1.760
    81 S      1.000**       1.760
    82 A      1.000**       1.760
    83 F      1.000**       1.760
    84 P      1.000**       1.760
    85 C      1.000**       1.760
    86 L      1.000**       1.760
    87 R      1.000**       1.760
    88 V      1.000**       1.760
    89 T      1.000**       1.760
    90 I      1.000**       1.760
    91 L      1.000**       1.760
    92 Y      1.000**       1.760
    93 E      1.000**       1.760
    94 K      1.000**       1.760
    95 R      1.000**       1.760
    96 G      1.000**       1.760
    97 Q      1.000**       1.760
    98 N      1.000**       1.760
    99 K      1.000**       1.760
   100 T      1.000**       1.760
   101 G      1.000**       1.760
   102 L      1.000**       1.760
   103 L      1.000**       1.760
   104 F      1.000**       1.760
   105 D      1.000**       1.760
   106 T      1.000**       1.760
   107 I      1.000**       1.760
   108 A      1.000**       1.760
   109 T      1.000**       1.760
   110 H      1.000**       1.760
   111 Q      1.000**       1.760
   112 N      1.000**       1.760
   113 Y      1.000**       1.760
   114 R      1.000**       1.760
   115 R      1.000**       1.760
   116 N      1.000**       1.760
   117 G      1.000**       1.760
   118 I      1.000**       1.760
   119 L      1.000**       1.760
   120 L      1.000**       1.760
   121 L      1.000**       1.760
   122 N      1.000**       1.760
   123 L      1.000**       1.760
   124 P      1.000**       1.760
   125 Q      1.000**       1.760
   126 C      1.000**       1.760
   127 L      1.000**       1.760
   128 A      1.000**       1.760
   129 D      1.000**       1.760
   130 E      1.000**       1.760
   131 K      1.000**       1.760
   132 K      1.000**       1.760
   133 H      1.000**       1.760
   134 M      1.000**       1.760
   135 E      1.000**       1.760
   136 L      1.000**       1.760
   137 G      1.000**       1.760
   138 L      1.000**       1.760
   139 D      1.000**       1.760
   140 T      1.000**       1.760
   141 I      1.000**       1.760
   142 L      1.000**       1.760
   143 D      1.000**       1.760
   144 R      1.000**       1.760
   145 A      1.000**       1.760
   146 L      1.000**       1.760
   147 E      1.000**       1.760
   148 C      1.000**       1.760
   149 Y      1.000**       1.760
   150 Y      1.000**       1.760
   151 P      1.000**       1.760
   152 R      1.000**       1.760
   153 W      1.000**       1.760
   154 S      1.000**       1.760
   155 R      1.000**       1.760
   156 A      1.000**       1.760


lnL =  -656.077999

Bayes Empirical Bayes (BEB) probabilities for 3 classes (class) & postmean_w
(amino acids refer to 1st sequence: spe.31522)

   1 M   0.35395 0.37674 0.26931 ( 2)  1.821 +-  2.193
   2 K   0.34937 0.37370 0.27692 ( 2)  1.866 +-  2.241
   3 R   0.35174 0.37529 0.27297 ( 2)  1.842 +-  2.216
   4 L   0.34868 0.37323 0.27810 ( 2)  1.873 +-  2.249
   5 G   0.35107 0.37485 0.27407 ( 2)  1.849 +-  2.223
   6 Q   0.34777 0.37262 0.27961 ( 2)  1.883 +-  2.258
   7 R   0.35174 0.37529 0.27297 ( 2)  1.842 +-  2.216
   8 L   0.35146 0.37509 0.27345 ( 2)  1.845 +-  2.220
   9 L   0.35146 0.37509 0.27345 ( 2)  1.845 +-  2.220
  10 R   0.35063 0.37455 0.27482 ( 2)  1.854 +-  2.228
  11 T   0.35265 0.37590 0.27145 ( 2)  1.833 +-  2.206
  12 Q   0.34858 0.37316 0.27826 ( 2)  1.874 +-  2.250
  13 R   0.35174 0.37529 0.27297 ( 2)  1.842 +-  2.216
  14 S   0.35201 0.37547 0.27252 ( 2)  1.840 +-  2.213
  15 K   0.35101 0.37480 0.27419 ( 2)  1.850 +-  2.224
  16 T   0.35135 0.37504 0.27361 ( 2)  1.846 +-  2.220
  17 I   0.35093 0.37474 0.27432 ( 2)  1.851 +-  2.225
  18 I   0.35357 0.37651 0.26992 ( 2)  1.824 +-  2.196
  19 K   0.34937 0.37370 0.27692 ( 2)  1.866 +-  2.241
  20 V   0.35261 0.37587 0.27152 ( 2)  1.834 +-  2.207
  21 V   0.35191 0.37540 0.27268 ( 2)  1.841 +-  2.214
  22 Y   0.35064 0.37456 0.27480 ( 2)  1.853 +-  2.228
  23 I   0.35211 0.37552 0.27237 ( 2)  1.839 +-  2.213
  24 L   0.34868 0.37323 0.27810 ( 2)  1.873 +-  2.249
  25 C   0.35114 0.37490 0.27396 ( 2)  1.848 +-  2.222
  26 A   0.35100 0.37481 0.27419 ( 2)  1.850 +-  2.224
  27 A   0.35155 0.37518 0.27327 ( 2)  1.844 +-  2.218
  28 T   0.34997 0.37411 0.27592 ( 2)  1.860 +-  2.235
  29 L   0.34784 0.37266 0.27950 ( 2)  1.882 +-  2.258
  30 T   0.34997 0.37411 0.27592 ( 2)  1.860 +-  2.235
  31 T   0.35265 0.37590 0.27145 ( 2)  1.833 +-  2.206
  32 S   0.35159 0.37520 0.27321 ( 2)  1.844 +-  2.218
  33 I   0.35093 0.37474 0.27432 ( 2)  1.851 +-  2.225
  34 I   0.35093 0.37474 0.27432 ( 2)  1.851 +-  2.225
  35 V   0.35191 0.37540 0.27268 ( 2)  1.841 +-  2.214
  36 G   0.34939 0.37372 0.27688 ( 2)  1.866 +-  2.241
  37 A   0.35222 0.37562 0.27216 ( 2)  1.838 +-  2.211
  38 I   0.35211 0.37552 0.27237 ( 2)  1.839 +-  2.213
  39 L   0.34713 0.37218 0.28069 ( 2)  1.889 +-  2.265
  40 I   0.35211 0.37552 0.27237 ( 2)  1.839 +-  2.213
  41 H   0.35105 0.37482 0.27414 ( 2)  1.850 +-  2.224
  42 L   0.34784 0.37266 0.27950 ( 2)  1.882 +-  2.258
  43 L   0.35042 0.37440 0.27519 ( 2)  1.856 +-  2.230
  44 V   0.34996 0.37410 0.27594 ( 2)  1.860 +-  2.235
  45 L   0.34868 0.37323 0.27810 ( 2)  1.873 +-  2.249
  46 P   0.35238 0.37572 0.27189 ( 2)  1.836 +-  2.209
  47 F   0.35115 0.37490 0.27394 ( 2)  1.848 +-  2.222
  48 L   0.34868 0.37323 0.27810 ( 2)  1.873 +-  2.249
  49 H   0.35105 0.37482 0.27414 ( 2)  1.850 +-  2.224
  50 E   0.34959 0.37385 0.27656 ( 2)  1.864 +-  2.239
  51 S   0.35159 0.37520 0.27321 ( 2)  1.844 +-  2.218
  52 G   0.35168 0.37526 0.27306 ( 2)  1.843 +-  2.217
  53 F   0.35240 0.37573 0.27187 ( 2)  1.836 +-  2.209
  54 E   0.34959 0.37385 0.27656 ( 2)  1.864 +-  2.239
  55 P   0.35170 0.37527 0.27303 ( 2)  1.843 +-  2.216
  56 S   0.35084 0.37470 0.27446 ( 2)  1.851 +-  2.226
  57 T   0.34997 0.37411 0.27592 ( 2)  1.860 +-  2.235
  58 C   0.35014 0.37423 0.27564 ( 2)  1.858 +-  2.233
  59 Y   0.35064 0.37456 0.27480 ( 2)  1.853 +-  2.228
  60 I   0.35093 0.37474 0.27432 ( 2)  1.851 +-  2.225
  61 V   0.35191 0.37540 0.27268 ( 2)  1.841 +-  2.214
  62 K   0.35101 0.37480 0.27419 ( 2)  1.850 +-  2.224
  63 T   0.34997 0.37411 0.27592 ( 2)  1.860 +-  2.235
  64 E   0.34959 0.37385 0.27656 ( 2)  1.864 +-  2.239
  65 L   0.34784 0.37266 0.27950 ( 2)  1.882 +-  2.258
  66 H   0.35008 0.37418 0.27574 ( 2)  1.859 +-  2.234
  67 M   0.35395 0.37674 0.26931 ( 2)  1.821 +-  2.193
  68 P   0.35170 0.37527 0.27303 ( 2)  1.843 +-  2.216
  69 V   0.35133 0.37502 0.27365 ( 2)  1.847 +-  2.221
  70 L   0.34868 0.37323 0.27810 ( 2)  1.873 +-  2.249
  71 K   0.35101 0.37480 0.27419 ( 2)  1.850 +-  2.224
  72 C   0.35114 0.37490 0.27396 ( 2)  1.848 +-  2.222
  73 E   0.35136 0.37504 0.27361 ( 2)  1.846 +-  2.220
  74 N   0.35160 0.37519 0.27321 ( 2)  1.844 +-  2.218
  75 K   0.35101 0.37480 0.27419 ( 2)  1.850 +-  2.224
  76 C   0.35014 0.37423 0.27564 ( 2)  1.858 +-  2.233
  77 S   0.35159 0.37520 0.27321 ( 2)  1.844 +-  2.218
  78 K   0.35101 0.37480 0.27419 ( 2)  1.850 +-  2.224
  79 E   0.35136 0.37504 0.27361 ( 2)  1.846 +-  2.220
  80 R   0.34861 0.37319 0.27820 ( 2)  1.874 +-  2.249
  81 S   0.35050 0.37447 0.27503 ( 2)  1.855 +-  2.229
  82 A   0.35222 0.37562 0.27216 ( 2)  1.838 +-  2.211
  83 F   0.35240 0.37573 0.27187 ( 2)  1.836 +-  2.209
  84 P   0.35238 0.37572 0.27189 ( 2)  1.836 +-  2.209
  85 C   0.35014 0.37423 0.27564 ( 2)  1.858 +-  2.233
  86 L   0.35042 0.37440 0.27519 ( 2)  1.856 +-  2.230
  87 R   0.35113 0.37488 0.27399 ( 2)  1.849 +-  2.223
  88 V   0.35261 0.37587 0.27152 ( 2)  1.834 +-  2.207
  89 T   0.34997 0.37411 0.27592 ( 2)  1.860 +-  2.235
  90 I   0.35211 0.37552 0.27237 ( 2)  1.839 +-  2.213
  91 L   0.35146 0.37509 0.27345 ( 2)  1.845 +-  2.220
  92 Y   0.35176 0.37531 0.27293 ( 2)  1.842 +-  2.216
  93 E   0.35136 0.37504 0.27361 ( 2)  1.846 +-  2.220
  94 K   0.34937 0.37370 0.27692 ( 2)  1.866 +-  2.241
  95 R   0.35113 0.37488 0.27399 ( 2)  1.849 +-  2.223
  96 G   0.35057 0.37452 0.27491 ( 2)  1.854 +-  2.228
  97 Q   0.34858 0.37316 0.27826 ( 2)  1.874 +-  2.250
  98 N   0.35053 0.37447 0.27500 ( 2)  1.855 +-  2.229
  99 K   0.35101 0.37480 0.27419 ( 2)  1.850 +-  2.224
 100 T   0.34997 0.37411 0.27592 ( 2)  1.860 +-  2.235
 101 G   0.35107 0.37485 0.27407 ( 2)  1.849 +-  2.223
 102 L   0.35146 0.37509 0.27345 ( 2)  1.845 +-  2.220
 103 L   0.35042 0.37440 0.27519 ( 2)  1.856 +-  2.230
 104 F   0.35240 0.37573 0.27187 ( 2)  1.836 +-  2.209
 105 D   0.35083 0.37469 0.27448 ( 2)  1.852 +-  2.226
 106 T   0.35265 0.37590 0.27145 ( 2)  1.833 +-  2.206
 107 I   0.35093 0.37474 0.27432 ( 2)  1.851 +-  2.225
 108 A   0.35155 0.37518 0.27327 ( 2)  1.844 +-  2.218
 109 T   0.35135 0.37504 0.27361 ( 2)  1.846 +-  2.220
 110 H   0.35105 0.37482 0.27414 ( 2)  1.850 +-  2.224
 111 Q   0.34777 0.37262 0.27961 ( 2)  1.883 +-  2.258
 112 N   0.35160 0.37519 0.27321 ( 2)  1.844 +-  2.218
 113 Y   0.35064 0.37456 0.27480 ( 2)  1.853 +-  2.228
 114 R   0.35113 0.37488 0.27399 ( 2)  1.849 +-  2.223
 115 R   0.35174 0.37529 0.27297 ( 2)  1.842 +-  2.216
 116 N   0.35160 0.37519 0.27321 ( 2)  1.844 +-  2.218
 117 G   0.34939 0.37372 0.27688 ( 2)  1.866 +-  2.241
 118 I   0.35093 0.37474 0.27432 ( 2)  1.851 +-  2.225
 119 L   0.35042 0.37440 0.27519 ( 2)  1.856 +-  2.230
 120 L   0.34868 0.37323 0.27810 ( 2)  1.873 +-  2.249
 121 L   0.34868 0.37323 0.27810 ( 2)  1.873 +-  2.249
 122 N   0.35053 0.37447 0.27500 ( 2)  1.855 +-  2.229
 123 L   0.35146 0.37509 0.27345 ( 2)  1.845 +-  2.220
 124 P   0.34982 0.37401 0.27618 ( 2)  1.862 +-  2.236
 125 Q   0.34858 0.37316 0.27826 ( 2)  1.874 +-  2.250
 126 C   0.12657 0.25206 0.62138 ( 3)  3.826 +-  3.134
 127 L   0.34760 0.37250 0.27990 ( 2)  1.884 +-  2.260
 128 A   0.34971 0.37394 0.27635 ( 2)  1.863 +-  2.238
 129 D   0.35199 0.37546 0.27255 ( 2)  1.840 +-  2.213
 130 E   0.35136 0.37504 0.27361 ( 2)  1.846 +-  2.220
 131 K   0.34937 0.37370 0.27692 ( 2)  1.866 +-  2.241
 132 K   0.35101 0.37480 0.27419 ( 2)  1.850 +-  2.224
 133 H   0.35105 0.37482 0.27414 ( 2)  1.850 +-  2.224
 134 M   0.35395 0.37674 0.26931 ( 2)  1.821 +-  2.193
 135 E   0.35136 0.37504 0.27361 ( 2)  1.846 +-  2.220
 136 L   0.34713 0.37218 0.28069 ( 2)  1.889 +-  2.265
 137 G   0.35057 0.37452 0.27491 ( 2)  1.854 +-  2.228
 138 L   0.35042 0.37440 0.27519 ( 2)  1.856 +-  2.230
 139 D   0.35083 0.37469 0.27448 ( 2)  1.852 +-  2.226
 140 T   0.35135 0.37504 0.27361 ( 2)  1.846 +-  2.220
 141 I   0.35211 0.37552 0.27237 ( 2)  1.839 +-  2.213
 142 L   0.35042 0.37440 0.27519 ( 2)  1.856 +-  2.230
 143 D   0.35083 0.37469 0.27448 ( 2)  1.852 +-  2.226
 144 R   0.35113 0.37488 0.27399 ( 2)  1.849 +-  2.223
 145 A   0.35100 0.37481 0.27419 ( 2)  1.850 +-  2.224
 146 L   0.34737 0.37234 0.28029 ( 2)  1.887 +-  2.262
 147 E   0.12640 0.25178 0.62181 ( 3)  3.829 +-  3.135
 148 C   0.35014 0.37423 0.27564 ( 2)  1.858 +-  2.233
 149 Y   0.35176 0.37531 0.27293 ( 2)  1.842 +-  2.216
 150 Y   0.35176 0.37531 0.27293 ( 2)  1.842 +-  2.216
 151 P   0.35238 0.37572 0.27189 ( 2)  1.836 +-  2.209
 152 R   0.35137 0.37505 0.27359 ( 2)  1.846 +-  2.220
 153 W   0.34861 0.37319 0.27820 ( 2)  1.874 +-  2.249
 154 S   0.12610 0.25127 0.62263 ( 3)  3.834 +-  3.136
 155 R   0.35174 0.37529 0.27297 ( 2)  1.842 +-  2.216
 156 A   0.35222 0.37562 0.27216 ( 2)  1.838 +-  2.211

Positively selected sites

	Prob(w>1)  mean w

   126 C      0.621         3.826 +- 3.134
   147 E      0.622         3.829 +- 3.135
   154 S      0.623         3.834 +- 3.136

