Supplemental results for CODEML (seqf: algn  treef: tree)


dN/dS (w) for site classes (K=9)

p:   0.12500  0.12500  0.12500  0.12500  0.12500  0.12500  0.12500  0.12500  0.00001
w:   0.08339  0.10005  0.11124  0.12110  0.13090  0.14170  0.15530  0.17880  1.00000

Naive Empirical Bayes (NEB) probabilities for 9 classes & postmean_w
(amino acids refer to 1st sequence: Msl.11834)

   1 M   0.12584 0.12553 0.12531 0.12513 0.12494 0.12473 0.12448 0.12403 0.00001 ( 1)  0.128
   2 T   0.12512 0.12507 0.12504 0.12502 0.12499 0.12496 0.12493 0.12486 0.00001 ( 1)  0.128
   3 A   0.12512 0.12507 0.12504 0.12502 0.12499 0.12496 0.12493 0.12486 0.00001 ( 1)  0.128
   4 Q   0.12519 0.12512 0.12507 0.12503 0.12499 0.12494 0.12488 0.12478 0.00001 ( 1)  0.128
   5 H   0.08209 0.09827 0.10911 0.11863 0.12807 0.13844 0.15147 0.17386 0.00007 ( 8)  0.134
   6 R   0.12505 0.12503 0.12502 0.12501 0.12499 0.12498 0.12496 0.12494 0.00001 ( 1)  0.128
   7 L   0.12547 0.12529 0.12517 0.12507 0.12497 0.12485 0.12471 0.12446 0.00001 ( 1)  0.128
   8 L   0.12562 0.12539 0.12523 0.12509 0.12495 0.12480 0.12461 0.12429 0.00001 ( 1)  0.128
   9 T   0.12512 0.12507 0.12504 0.12502 0.12499 0.12496 0.12493 0.12486 0.00001 ( 1)  0.128
  10 L   0.12547 0.12529 0.12517 0.12507 0.12497 0.12485 0.12471 0.12446 0.00001 ( 1)  0.128
  11 S   0.12508 0.12505 0.12503 0.12501 0.12499 0.12497 0.12495 0.12490 0.00001 ( 1)  0.128
  12 L   0.12547 0.12529 0.12517 0.12507 0.12497 0.12485 0.12471 0.12446 0.00001 ( 1)  0.128
  13 L   0.12547 0.12529 0.12517 0.12507 0.12497 0.12485 0.12471 0.12446 0.00001 ( 1)  0.128
  14 L   0.12538 0.12524 0.12514 0.12506 0.12497 0.12488 0.12476 0.12456 0.00001 ( 1)  0.128
  15 L   0.12547 0.12529 0.12517 0.12507 0.12497 0.12485 0.12471 0.12446 0.00001 ( 1)  0.128
  16 G   0.12574 0.12546 0.12528 0.12511 0.12495 0.12477 0.12454 0.12415 0.00001 ( 1)  0.128
  17 C   0.12552 0.12533 0.12519 0.12508 0.12496 0.12484 0.12468 0.12440 0.00001 ( 1)  0.128
  18 L   0.12507 0.12504 0.12503 0.12501 0.12499 0.12498 0.12495 0.12492 0.00001 ( 1)  0.128
  19 A   0.12510 0.12506 0.12504 0.12501 0.12499 0.12497 0.12494 0.12488 0.00001 ( 1)  0.128
  20 T   0.12574 0.12546 0.12528 0.12511 0.12495 0.12477 0.12454 0.12415 0.00001 ( 1)  0.128
  21 S   0.12583 0.12552 0.12531 0.12512 0.12494 0.12474 0.12449 0.12405 0.00001 ( 1)  0.128
  22 R   0.12542 0.12526 0.12515 0.12506 0.12497 0.12487 0.12474 0.12452 0.00001 ( 1)  0.128
  23 A   0.12566 0.12541 0.12524 0.12510 0.12495 0.12479 0.12459 0.12425 0.00001 ( 1)  0.128
  24 T   0.12512 0.12507 0.12504 0.12502 0.12499 0.12496 0.12493 0.12486 0.00001 ( 1)  0.128
  25 L   0.12547 0.12529 0.12517 0.12507 0.12497 0.12485 0.12471 0.12446 0.00001 ( 1)  0.128
  26 V   0.12577 0.12548 0.12529 0.12511 0.12494 0.12476 0.12452 0.12412 0.00001 ( 1)  0.128
  27 V   0.12577 0.12548 0.12529 0.12511 0.12494 0.12476 0.12452 0.12412 0.00001 ( 1)  0.128
  28 T   0.12512 0.12507 0.12504 0.12502 0.12499 0.12496 0.12493 0.12486 0.00001 ( 1)  0.128
  29 G   0.12574 0.12546 0.12528 0.12511 0.12495 0.12477 0.12454 0.12415 0.00001 ( 1)  0.128
  30 T   0.12574 0.12546 0.12528 0.12511 0.12495 0.12477 0.12454 0.12415 0.00001 ( 1)  0.128
  31 T   0.08207 0.09826 0.10910 0.11862 0.12807 0.13844 0.15148 0.17388 0.00007 ( 8)  0.134
  32 Y   0.12564 0.12540 0.12524 0.12509 0.12495 0.12480 0.12460 0.12427 0.00001 ( 1)  0.128
  33 T   0.12512 0.12507 0.12504 0.12502 0.12499 0.12496 0.12493 0.12486 0.00001 ( 1)  0.128
  34 V   0.12568 0.12542 0.12525 0.12510 0.12495 0.12479 0.12458 0.12422 0.00001 ( 1)  0.128
  35 K   0.12582 0.12551 0.12531 0.12512 0.12494 0.12474 0.12449 0.12406 0.00001 ( 1)  0.128
  36 L   0.12547 0.12529 0.12517 0.12507 0.12497 0.12485 0.12471 0.12446 0.00001 ( 1)  0.128
  37 V   0.12568 0.12542 0.12525 0.12510 0.12495 0.12479 0.12458 0.12422 0.00001 ( 1)  0.128
  38 E   0.12583 0.12552 0.12531 0.12512 0.12494 0.12474 0.12448 0.12404 0.00001 ( 1)  0.128
  39 G   0.12574 0.12546 0.12528 0.12511 0.12495 0.12477 0.12454 0.12415 0.00001 ( 1)  0.128
  40 R   0.12509 0.12505 0.12503 0.12501 0.12499 0.12497 0.12494 0.12490 0.00001 ( 1)  0.128
  41 E   0.12583 0.12552 0.12531 0.12512 0.12494 0.12474 0.12448 0.12404 0.00001 ( 1)  0.128
  42 G   0.12574 0.12546 0.12528 0.12511 0.12495 0.12477 0.12454 0.12415 0.00001 ( 1)  0.128
  43 E   0.12583 0.12552 0.12531 0.12512 0.12494 0.12474 0.12448 0.12404 0.00001 ( 1)  0.128
  44 P   0.12508 0.12505 0.12503 0.12501 0.12499 0.12497 0.12495 0.12491 0.00001 ( 1)  0.128
  45 K   0.12582 0.12551 0.12531 0.12512 0.12494 0.12474 0.12449 0.12406 0.00001 ( 1)  0.128
  46 Y   0.12564 0.12540 0.12524 0.12509 0.12495 0.12480 0.12460 0.12427 0.00001 ( 1)  0.128
  47 V   0.12568 0.12542 0.12525 0.12510 0.12495 0.12479 0.12458 0.12422 0.00001 ( 1)  0.128
  48 L   0.12547 0.12529 0.12517 0.12507 0.12497 0.12485 0.12471 0.12446 0.00001 ( 1)  0.128
  49 S   0.12583 0.12552 0.12531 0.12512 0.12494 0.12474 0.12449 0.12405 0.00001 ( 1)  0.128
  50 R   0.12570 0.12543 0.12526 0.12510 0.12495 0.12478 0.12457 0.12420 0.00001 ( 1)  0.128
  51 Q   0.12561 0.12538 0.12523 0.12509 0.12496 0.12481 0.12462 0.12429 0.00001 ( 1)  0.128
  52 Y   0.12564 0.12540 0.12524 0.12509 0.12495 0.12480 0.12460 0.12427 0.00001 ( 1)  0.128
  53 L   0.12547 0.12529 0.12517 0.12507 0.12497 0.12485 0.12471 0.12446 0.00001 ( 1)  0.128
  54 D   0.12529 0.12518 0.12511 0.12504 0.12498 0.12491 0.12482 0.12467 0.00001 ( 1)  0.128
  55 V   0.12568 0.12542 0.12525 0.12510 0.12495 0.12479 0.12458 0.12422 0.00001 ( 1)  0.128
  56 L   0.12547 0.12529 0.12517 0.12507 0.12497 0.12485 0.12471 0.12446 0.00001 ( 1)  0.128
  57 E   0.12583 0.12552 0.12531 0.12512 0.12494 0.12474 0.12448 0.12404 0.00001 ( 1)  0.128
  58 C   0.12552 0.12533 0.12519 0.12508 0.12496 0.12484 0.12468 0.12440 0.00001 ( 1)  0.128
  59 S   0.12583 0.12552 0.12531 0.12512 0.12494 0.12474 0.12449 0.12405 0.00001 ( 1)  0.128
  60 M   0.12584 0.12553 0.12531 0.12513 0.12494 0.12473 0.12448 0.12403 0.00001 ( 1)  0.128
  61 Y   0.12564 0.12540 0.12524 0.12509 0.12495 0.12480 0.12460 0.12427 0.00001 ( 1)  0.128
  62 A   0.12575 0.12547 0.12528 0.12511 0.12495 0.12476 0.12453 0.12414 0.00001 ( 1)  0.128
  63 S   0.12552 0.12532 0.12519 0.12508 0.12496 0.12484 0.12468 0.12440 0.00001 ( 1)  0.128
  64 D   0.12597 0.12560 0.12536 0.12514 0.12493 0.12470 0.12440 0.12389 0.00001 ( 1)  0.128
  65 S   0.12583 0.12552 0.12531 0.12512 0.12494 0.12474 0.12449 0.12405 0.00001 ( 1)  0.128
  66 S   0.12505 0.12503 0.12502 0.12501 0.12499 0.12498 0.12496 0.12494 0.00001 ( 1)  0.128
  67 K   0.12582 0.12551 0.12531 0.12512 0.12494 0.12474 0.12449 0.12406 0.00001 ( 1)  0.128
  68 L   0.12547 0.12529 0.12517 0.12507 0.12497 0.12485 0.12471 0.12446 0.00001 ( 1)  0.128
  69 V   0.12512 0.12507 0.12504 0.12502 0.12499 0.12496 0.12492 0.12486 0.00001 ( 1)  0.128
  70 D   0.12597 0.12560 0.12536 0.12514 0.12493 0.12470 0.12440 0.12389 0.00001 ( 1)  0.128
  71 P   0.12552 0.12532 0.12519 0.12508 0.12496 0.12484 0.12468 0.12441 0.00001 ( 1)  0.128
  72 K   0.12527 0.12517 0.12510 0.12504 0.12498 0.12491 0.12483 0.12468 0.00001 ( 1)  0.128
  73 I   0.12588 0.12555 0.12532 0.12513 0.12494 0.12472 0.12446 0.12400 0.00001 ( 1)  0.128
  74 D   0.12597 0.12560 0.12536 0.12514 0.12493 0.12470 0.12440 0.12389 0.00001 ( 1)  0.128
  75 W   0.12538 0.12524 0.12514 0.12506 0.12497 0.12488 0.12476 0.12456 0.00001 ( 1)  0.128
  76 K   0.12527 0.12517 0.12510 0.12504 0.12498 0.12491 0.12483 0.12468 0.00001 ( 1)  0.128
  77 I   0.12588 0.12555 0.12532 0.12513 0.12494 0.12472 0.12446 0.12400 0.00001 ( 1)  0.128
  78 E   0.12528 0.12517 0.12510 0.12504 0.12498 0.12491 0.12482 0.12468 0.00001 ( 1)  0.128
  79 G   0.12574 0.12546 0.12528 0.12511 0.12495 0.12477 0.12454 0.12415 0.00001 ( 1)  0.128
  80 S   0.12552 0.12532 0.12519 0.12508 0.12496 0.12484 0.12468 0.12440 0.00001 ( 1)  0.128
  81 N   0.12596 0.12560 0.12535 0.12514 0.12493 0.12470 0.12441 0.12390 0.00001 ( 1)  0.128
  82 D   0.12597 0.12560 0.12536 0.12514 0.12493 0.12470 0.12440 0.12389 0.00001 ( 1)  0.128
  83 T   0.12512 0.12507 0.12504 0.12502 0.12499 0.12496 0.12493 0.12486 0.00001 ( 1)  0.128
  84 L   0.12547 0.12529 0.12517 0.12507 0.12497 0.12485 0.12471 0.12446 0.00001 ( 1)  0.128
  85 D   0.12597 0.12560 0.12536 0.12514 0.12493 0.12470 0.12440 0.12389 0.00001 ( 1)  0.128
  86 S   0.12540 0.12525 0.12515 0.12506 0.12497 0.12487 0.12475 0.12454 0.00001 ( 1)  0.128
  87 R   0.12557 0.12536 0.12521 0.12508 0.12496 0.12482 0.12465 0.12435 0.00001 ( 1)  0.128
  88 F   0.12562 0.12539 0.12523 0.12509 0.12495 0.12480 0.12461 0.12429 0.00001 ( 1)  0.128
  89 S   0.12583 0.12552 0.12531 0.12512 0.12494 0.12474 0.12449 0.12405 0.00001 ( 1)  0.128
  90 F   0.12562 0.12539 0.12523 0.12509 0.12495 0.12480 0.12461 0.12429 0.00001 ( 1)  0.128
  91 S   0.12541 0.12526 0.12515 0.12506 0.12497 0.12487 0.12474 0.12453 0.00001 ( 1)  0.128
  92 G   0.12574 0.12546 0.12528 0.12511 0.12495 0.12477 0.12454 0.12415 0.00001 ( 1)  0.128
  93 R   0.12542 0.12526 0.12515 0.12506 0.12497 0.12487 0.12474 0.12452 0.00001 ( 1)  0.128
  94 L   0.12547 0.12529 0.12517 0.12507 0.12497 0.12485 0.12471 0.12446 0.00001 ( 1)  0.128
  95 S   0.12552 0.12532 0.12519 0.12508 0.12496 0.12484 0.12468 0.12440 0.00001 ( 1)  0.128
  96 E   0.12583 0.12552 0.12531 0.12512 0.12494 0.12474 0.12448 0.12404 0.00001 ( 1)  0.128
  97 D   0.12529 0.12518 0.12511 0.12504 0.12498 0.12491 0.12482 0.12467 0.00001 ( 1)  0.128
  98 K   0.12527 0.12517 0.12510 0.12504 0.12498 0.12491 0.12483 0.12468 0.00001 ( 1)  0.128
  99 K   0.12582 0.12551 0.12531 0.12512 0.12494 0.12474 0.12449 0.12406 0.00001 ( 1)  0.128
 100 N   0.12528 0.12517 0.12510 0.12504 0.12498 0.12491 0.12482 0.12468 0.00001 ( 1)  0.128
 101 F   0.12562 0.12539 0.12523 0.12509 0.12495 0.12480 0.12461 0.12429 0.00001 ( 1)  0.128
 102 T   0.12574 0.12546 0.12528 0.12511 0.12495 0.12477 0.12454 0.12415 0.00001 ( 1)  0.128
 103 S   0.12552 0.12532 0.12519 0.12508 0.12496 0.12484 0.12468 0.12440 0.00001 ( 1)  0.128
 104 T   0.12574 0.12546 0.12528 0.12511 0.12495 0.12477 0.12454 0.12415 0.00001 ( 1)  0.128
 105 L   0.12562 0.12539 0.12523 0.12509 0.12495 0.12480 0.12461 0.12429 0.00001 ( 1)  0.128
 106 S   0.12583 0.12552 0.12531 0.12512 0.12494 0.12474 0.12449 0.12405 0.00001 ( 1)  0.128
 107 V   0.12568 0.12542 0.12525 0.12510 0.12495 0.12479 0.12458 0.12422 0.00001 ( 1)  0.128
 108 R   0.12542 0.12526 0.12515 0.12506 0.12497 0.12487 0.12474 0.12452 0.00001 ( 1)  0.128
 109 R   0.12542 0.12526 0.12515 0.12506 0.12497 0.12487 0.12474 0.12452 0.00001 ( 1)  0.128
 110 P   0.12508 0.12505 0.12503 0.12501 0.12499 0.12497 0.12495 0.12491 0.00001 ( 1)  0.128
 111 E   0.12583 0.12552 0.12531 0.12512 0.12494 0.12474 0.12448 0.12404 0.00001 ( 1)  0.128
 112 N   0.12596 0.12560 0.12535 0.12514 0.12493 0.12470 0.12441 0.12390 0.00001 ( 1)  0.128
 113 K   0.12582 0.12551 0.12531 0.12512 0.12494 0.12474 0.12449 0.12406 0.00001 ( 1)  0.128
 114 H   0.12577 0.12548 0.12529 0.12511 0.12494 0.12476 0.12452 0.12411 0.00001 ( 1)  0.128
 115 V   0.12577 0.12548 0.12529 0.12511 0.12494 0.12476 0.12452 0.12412 0.00001 ( 1)  0.128
 116 T   0.12574 0.12546 0.12528 0.12511 0.12495 0.12477 0.12454 0.12415 0.00001 ( 1)  0.128
 117 N   0.12596 0.12560 0.12535 0.12514 0.12493 0.12470 0.12441 0.12390 0.00001 ( 1)  0.128
 118 Y   0.12564 0.12540 0.12524 0.12509 0.12495 0.12480 0.12460 0.12427 0.00001 ( 1)  0.128
 119 T   0.12574 0.12546 0.12528 0.12511 0.12495 0.12477 0.12454 0.12415 0.00001 ( 1)  0.128
 120 C   0.12552 0.12533 0.12519 0.12508 0.12496 0.12484 0.12468 0.12440 0.00001 ( 1)  0.128
 121 T   0.12510 0.12506 0.12504 0.12501 0.12499 0.12497 0.12494 0.12489 0.00001 ( 1)  0.128
 122 G   0.12574 0.12546 0.12528 0.12511 0.12495 0.12477 0.12454 0.12415 0.00001 ( 1)  0.128
 123 S   0.12583 0.12552 0.12531 0.12512 0.12494 0.12474 0.12449 0.12405 0.00001 ( 1)  0.128
 124 A   0.12566 0.12541 0.12524 0.12510 0.12495 0.12479 0.12459 0.12425 0.00001 ( 1)  0.128
 125 T   0.12565 0.12541 0.12524 0.12510 0.12495 0.12479 0.12460 0.12425 0.00001 ( 1)  0.128
 126 D   0.12597 0.12560 0.12536 0.12514 0.12493 0.12470 0.12440 0.12389 0.00001 ( 1)  0.128
 127 Q   0.12561 0.12538 0.12523 0.12509 0.12496 0.12481 0.12462 0.12429 0.00001 ( 1)  0.128
 128 P   0.12552 0.12532 0.12519 0.12508 0.12496 0.12484 0.12468 0.12441 0.00001 ( 1)  0.128
 129 E   0.12583 0.12552 0.12531 0.12512 0.12494 0.12474 0.12448 0.12404 0.00001 ( 1)  0.128
 130 A   0.12566 0.12541 0.12524 0.12510 0.12495 0.12479 0.12459 0.12425 0.00001 ( 1)  0.128
 131 Q   0.12561 0.12538 0.12523 0.12509 0.12496 0.12481 0.12462 0.12429 0.00001 ( 1)  0.128
 132 G   0.12574 0.12546 0.12528 0.12511 0.12495 0.12477 0.12454 0.12415 0.00001 ( 1)  0.128
 133 R   0.12542 0.12526 0.12515 0.12506 0.12497 0.12487 0.12474 0.12452 0.00001 ( 1)  0.128
 134 A   0.12575 0.12547 0.12528 0.12511 0.12495 0.12476 0.12453 0.12414 0.00001 ( 1)  0.128
 135 R   0.12557 0.12536 0.12521 0.12508 0.12496 0.12482 0.12465 0.12435 0.00001 ( 1)  0.128
 136 L   0.12547 0.12529 0.12517 0.12507 0.12497 0.12485 0.12471 0.12446 0.00001 ( 1)  0.128
 137 Q   0.12561 0.12538 0.12523 0.12509 0.12496 0.12481 0.12462 0.12429 0.00001 ( 1)  0.128
 138 S   0.12552 0.12532 0.12519 0.12508 0.12496 0.12484 0.12468 0.12440 0.00001 ( 1)  0.128
 139 K   0.08210 0.09829 0.10912 0.11863 0.12807 0.13844 0.15145 0.17383 0.00007 ( 8)  0.134
 140 P   0.12552 0.12532 0.12519 0.12508 0.12496 0.12484 0.12468 0.12441 0.00001 ( 1)  0.128
 141 L   0.12562 0.12539 0.12523 0.12509 0.12495 0.12480 0.12461 0.12429 0.00001 ( 1)  0.128
 142 I   0.12588 0.12555 0.12532 0.12513 0.12494 0.12472 0.12446 0.12400 0.00001 ( 1)  0.128
 143 S   0.12583 0.12552 0.12531 0.12512 0.12494 0.12474 0.12449 0.12405 0.00001 ( 1)  0.128
 144 F   0.12562 0.12539 0.12523 0.12509 0.12495 0.12480 0.12461 0.12429 0.00001 ( 1)  0.128
 145 K   0.12582 0.12551 0.12531 0.12512 0.12494 0.12474 0.12449 0.12406 0.00001 ( 1)  0.128
 146 I   0.12588 0.12555 0.12532 0.12513 0.12494 0.12472 0.12446 0.12400 0.00001 ( 1)  0.128
 147 D   0.12597 0.12560 0.12536 0.12514 0.12493 0.12470 0.12440 0.12389 0.00001 ( 1)  0.128
 148 G   0.12574 0.12546 0.12528 0.12511 0.12495 0.12477 0.12454 0.12415 0.00001 ( 1)  0.128
 149 V   0.12568 0.12542 0.12525 0.12510 0.12495 0.12479 0.12458 0.12422 0.00001 ( 1)  0.128
 150 T   0.12574 0.12546 0.12528 0.12511 0.12495 0.12477 0.12454 0.12415 0.00001 ( 1)  0.128
 151 M   0.12584 0.12553 0.12531 0.12513 0.12494 0.12473 0.12448 0.12403 0.00001 ( 1)  0.128
 152 S   0.12540 0.12525 0.12515 0.12506 0.12497 0.12487 0.12475 0.12454 0.00001 ( 1)  0.128
 153 D   0.12529 0.12518 0.12511 0.12504 0.12498 0.12491 0.12482 0.12467 0.00001 ( 1)  0.128
 154 V   0.12568 0.12542 0.12525 0.12510 0.12495 0.12479 0.12458 0.12422 0.00001 ( 1)  0.128
 155 G   0.12574 0.12546 0.12528 0.12511 0.12495 0.12477 0.12454 0.12415 0.00001 ( 1)  0.128
 156 A   0.12575 0.12547 0.12528 0.12511 0.12495 0.12476 0.12453 0.12414 0.00001 ( 1)  0.128
 157 W   0.12538 0.12524 0.12514 0.12506 0.12497 0.12488 0.12476 0.12456 0.00001 ( 1)  0.128
 158 P   0.12559 0.12537 0.12522 0.12509 0.12496 0.12481 0.12463 0.12432 0.00001 ( 1)  0.128
 159 G   0.12574 0.12546 0.12528 0.12511 0.12495 0.12477 0.12454 0.12415 0.00001 ( 1)  0.128
 160 Q   0.12561 0.12538 0.12523 0.12509 0.12496 0.12481 0.12462 0.12429 0.00001 ( 1)  0.128
 161 D   0.12597 0.12560 0.12536 0.12514 0.12493 0.12470 0.12440 0.12389 0.00001 ( 1)  0.128
 162 I   0.12588 0.12555 0.12532 0.12513 0.12494 0.12472 0.12446 0.12400 0.00001 ( 1)  0.128
 163 Q   0.12561 0.12538 0.12523 0.12509 0.12496 0.12481 0.12462 0.12429 0.00001 ( 1)  0.128
 164 M   0.12584 0.12553 0.12531 0.12513 0.12494 0.12473 0.12448 0.12403 0.00001 ( 1)  0.128
 165 S   0.12583 0.12552 0.12531 0.12512 0.12494 0.12474 0.12449 0.12405 0.00001 ( 1)  0.128
 166 C   0.12552 0.12533 0.12519 0.12508 0.12496 0.12484 0.12468 0.12440 0.00001 ( 1)  0.128
 167 I   0.12528 0.12517 0.12510 0.12504 0.12498 0.12491 0.12483 0.12468 0.00001 ( 1)  0.128
 168 V   0.12568 0.12542 0.12525 0.12510 0.12495 0.12479 0.12458 0.12422 0.00001 ( 1)  0.128
 169 E   0.12583 0.12552 0.12531 0.12512 0.12494 0.12474 0.12448 0.12404 0.00001 ( 1)  0.128
 170 G   0.12564 0.12540 0.12524 0.12509 0.12495 0.12480 0.12461 0.12427 0.00001 ( 1)  0.128
 171 N   0.12596 0.12560 0.12535 0.12514 0.12493 0.12470 0.12441 0.12390 0.00001 ( 1)  0.128
 172 P   0.12559 0.12537 0.12522 0.12509 0.12496 0.12481 0.12463 0.12432 0.00001 ( 1)  0.128
 173 A   0.12566 0.12541 0.12524 0.12510 0.12495 0.12479 0.12459 0.12425 0.00001 ( 1)  0.128
 174 G   0.12574 0.12546 0.12528 0.12511 0.12495 0.12477 0.12454 0.12415 0.00001 ( 1)  0.128
 175 S   0.12583 0.12552 0.12531 0.12512 0.12494 0.12474 0.12449 0.12405 0.00001 ( 1)  0.128
 176 P   0.12552 0.12532 0.12519 0.12508 0.12496 0.12484 0.12468 0.12441 0.00001 ( 1)  0.128
 177 E   0.12583 0.12552 0.12531 0.12512 0.12494 0.12474 0.12448 0.12404 0.00001 ( 1)  0.128
 178 W   0.12538 0.12524 0.12514 0.12506 0.12497 0.12488 0.12476 0.12456 0.00001 ( 1)  0.128
 179 K   0.12582 0.12551 0.12531 0.12512 0.12494 0.12474 0.12449 0.12406 0.00001 ( 1)  0.128
 180 R   0.12542 0.12526 0.12515 0.12506 0.12497 0.12487 0.12474 0.12452 0.00001 ( 1)  0.128
 181 E   0.12583 0.12552 0.12531 0.12512 0.12494 0.12474 0.12448 0.12404 0.00001 ( 1)  0.128
 182 K   0.12582 0.12551 0.12531 0.12512 0.12494 0.12474 0.12449 0.12406 0.00001 ( 1)  0.128
 183 D   0.12597 0.12560 0.12536 0.12514 0.12493 0.12470 0.12440 0.12389 0.00001 ( 1)  0.128
 184 G   0.12509 0.12506 0.12503 0.12501 0.12499 0.12497 0.12494 0.12489 0.00001 ( 1)  0.128
 185 A   0.12575 0.12547 0.12528 0.12511 0.12495 0.12476 0.12453 0.12414 0.00001 ( 1)  0.128
 186 T   0.12574 0.12546 0.12528 0.12511 0.12495 0.12477 0.12454 0.12415 0.00001 ( 1)  0.128
 187 I   0.12588 0.12555 0.12532 0.12513 0.12494 0.12472 0.12446 0.12400 0.00001 ( 1)  0.128
 188 G   0.12565 0.12541 0.12524 0.12510 0.12495 0.12479 0.12460 0.12425 0.00001 ( 1)  0.128
 189 N   0.12596 0.12560 0.12535 0.12514 0.12493 0.12470 0.12441 0.12390 0.00001 ( 1)  0.128
 190 G   0.12574 0.12546 0.12528 0.12511 0.12495 0.12477 0.12454 0.12415 0.00001 ( 1)  0.128
 191 T   0.12565 0.12541 0.12524 0.12510 0.12495 0.12479 0.12460 0.12425 0.00001 ( 1)  0.128
 192 A   0.12566 0.12541 0.12524 0.12510 0.12495 0.12479 0.12459 0.12425 0.00001 ( 1)  0.128
 193 N   0.12596 0.12560 0.12535 0.12514 0.12493 0.12470 0.12441 0.12390 0.00001 ( 1)  0.128
 194 L   0.12547 0.12529 0.12517 0.12507 0.12497 0.12485 0.12471 0.12446 0.00001 ( 1)  0.128
 195 V   0.12568 0.12542 0.12525 0.12510 0.12495 0.12479 0.12458 0.12422 0.00001 ( 1)  0.128
 196 L   0.12547 0.12529 0.12517 0.12507 0.12497 0.12485 0.12471 0.12446 0.00001 ( 1)  0.128
 197 E   0.12583 0.12552 0.12531 0.12512 0.12494 0.12474 0.12448 0.12404 0.00001 ( 1)  0.128
 198 A   0.12575 0.12547 0.12528 0.12511 0.12495 0.12476 0.12453 0.12414 0.00001 ( 1)  0.128
 199 V   0.12577 0.12548 0.12529 0.12511 0.12494 0.12476 0.12452 0.12412 0.00001 ( 1)  0.128
 200 N   0.12596 0.12560 0.12535 0.12514 0.12493 0.12470 0.12441 0.12390 0.00001 ( 1)  0.128
 201 Y   0.12564 0.12540 0.12524 0.12509 0.12495 0.12480 0.12460 0.12427 0.00001 ( 1)  0.128
 202 D   0.12529 0.12518 0.12511 0.12504 0.12498 0.12491 0.12482 0.12467 0.00001 ( 1)  0.128
 203 E   0.12583 0.12552 0.12531 0.12512 0.12494 0.12474 0.12448 0.12404 0.00001 ( 1)  0.128
 204 H   0.12577 0.12548 0.12529 0.12511 0.12494 0.12476 0.12452 0.12411 0.00001 ( 1)  0.128
 205 R   0.12542 0.12526 0.12515 0.12506 0.12497 0.12487 0.12474 0.12452 0.00001 ( 1)  0.128
 206 G   0.12574 0.12546 0.12528 0.12511 0.12495 0.12477 0.12454 0.12415 0.00001 ( 1)  0.128
 207 F   0.12562 0.12539 0.12523 0.12509 0.12495 0.12480 0.12461 0.12429 0.00001 ( 1)  0.128
 208 Y   0.12564 0.12540 0.12524 0.12509 0.12495 0.12480 0.12460 0.12427 0.00001 ( 1)  0.128
 209 T   0.12574 0.12546 0.12528 0.12511 0.12495 0.12477 0.12454 0.12415 0.00001 ( 1)  0.128
 210 C   0.12552 0.12533 0.12519 0.12508 0.12496 0.12484 0.12468 0.12440 0.00001 ( 1)  0.128
 211 S   0.12583 0.12552 0.12531 0.12512 0.12494 0.12474 0.12449 0.12405 0.00001 ( 1)  0.128
 212 A   0.12566 0.12541 0.12524 0.12510 0.12495 0.12479 0.12459 0.12425 0.00001 ( 1)  0.128
 213 N   0.12596 0.12560 0.12535 0.12514 0.12493 0.12470 0.12441 0.12390 0.00001 ( 1)  0.128
 214 N   0.12596 0.12560 0.12535 0.12514 0.12493 0.12470 0.12441 0.12390 0.00001 ( 1)  0.128
 215 S   0.12583 0.12552 0.12531 0.12512 0.12494 0.12474 0.12449 0.12405 0.00001 ( 1)  0.128
 216 Q   0.12561 0.12538 0.12523 0.12509 0.12496 0.12481 0.12462 0.12429 0.00001 ( 1)  0.128
 217 G   0.12574 0.12546 0.12528 0.12511 0.12495 0.12477 0.12454 0.12415 0.00001 ( 1)  0.128
 218 T   0.12565 0.12541 0.12524 0.12510 0.12495 0.12479 0.12460 0.12425 0.00001 ( 1)  0.128
 219 N   0.12596 0.12560 0.12535 0.12514 0.12493 0.12470 0.12441 0.12390 0.00001 ( 1)  0.128
 220 A   0.12575 0.12547 0.12528 0.12511 0.12495 0.12476 0.12453 0.12414 0.00001 ( 1)  0.128
 221 A   0.12575 0.12547 0.12528 0.12511 0.12495 0.12476 0.12453 0.12414 0.00001 ( 1)  0.128
 222 K   0.12582 0.12551 0.12531 0.12512 0.12494 0.12474 0.12449 0.12406 0.00001 ( 1)  0.128
 223 I   0.12588 0.12555 0.12532 0.12513 0.12494 0.12472 0.12446 0.12400 0.00001 ( 1)  0.128
 224 F   0.12562 0.12539 0.12523 0.12509 0.12495 0.12480 0.12461 0.12429 0.00001 ( 1)  0.128
 225 L   0.12527 0.12517 0.12510 0.12504 0.12498 0.12491 0.12483 0.12469 0.00001 ( 1)  0.128
 226 R   0.12542 0.12526 0.12515 0.12506 0.12497 0.12487 0.12474 0.12452 0.00001 ( 1)  0.128
 227 V   0.12568 0.12542 0.12525 0.12510 0.12495 0.12479 0.12458 0.12422 0.00001 ( 1)  0.128
 228 K   0.12582 0.12551 0.12531 0.12512 0.12494 0.12474 0.12449 0.12406 0.00001 ( 1)  0.128
 229 H   0.12577 0.12548 0.12529 0.12511 0.12494 0.12476 0.12452 0.12411 0.00001 ( 1)  0.128
 230 P   0.12552 0.12532 0.12519 0.12508 0.12496 0.12484 0.12468 0.12441 0.00001 ( 1)  0.128
 231 Q   0.12561 0.12538 0.12523 0.12509 0.12496 0.12481 0.12462 0.12429 0.00001 ( 1)  0.128
 232 A   0.12547 0.12529 0.12517 0.12507 0.12497 0.12485 0.12471 0.12446 0.00001 ( 1)  0.128
 233 Y   0.12564 0.12540 0.12524 0.12509 0.12495 0.12480 0.12460 0.12427 0.00001 ( 1)  0.128
 234 L   0.12547 0.12529 0.12517 0.12507 0.12497 0.12485 0.12471 0.12446 0.00001 ( 1)  0.128
 235 T   0.12574 0.12546 0.12528 0.12511 0.12495 0.12477 0.12454 0.12415 0.00001 ( 1)  0.128
 236 P   0.12509 0.12506 0.12503 0.12501 0.12499 0.12497 0.12494 0.12489 0.00001 ( 1)  0.128
 237 M   0.12584 0.12553 0.12531 0.12513 0.12494 0.12473 0.12448 0.12403 0.00001 ( 1)  0.128
 238 I   0.12588 0.12555 0.12532 0.12513 0.12494 0.12472 0.12446 0.12400 0.00001 ( 1)  0.128
 239 I   0.12588 0.12555 0.12532 0.12513 0.12494 0.12472 0.12446 0.12400 0.00001 ( 1)  0.128
 240 I   0.12588 0.12555 0.12532 0.12513 0.12494 0.12472 0.12446 0.12400 0.00001 ( 1)  0.128
 241 I   0.12523 0.12514 0.12509 0.12503 0.12498 0.12493 0.12486 0.12473 0.00001 ( 1)  0.128
 242 V   0.12568 0.12542 0.12525 0.12510 0.12495 0.12479 0.12458 0.12422 0.00001 ( 1)  0.128
 243 E   0.12583 0.12552 0.12531 0.12512 0.12494 0.12474 0.12448 0.12404 0.00001 ( 1)  0.128
 244 V   0.12568 0.12542 0.12525 0.12510 0.12495 0.12479 0.12458 0.12422 0.00001 ( 1)  0.128
 245 I   0.12588 0.12555 0.12532 0.12513 0.12494 0.12472 0.12446 0.12400 0.00001 ( 1)  0.128
 246 I   0.12588 0.12555 0.12532 0.12513 0.12494 0.12472 0.12446 0.12400 0.00001 ( 1)  0.128
 247 I   0.12588 0.12555 0.12532 0.12513 0.12494 0.12472 0.12446 0.12400 0.00001 ( 1)  0.128
 248 A   0.12575 0.12547 0.12528 0.12511 0.12495 0.12476 0.12453 0.12414 0.00001 ( 1)  0.128
 249 I   0.12528 0.12517 0.12510 0.12504 0.12498 0.12491 0.12483 0.12468 0.00001 ( 1)  0.128
 250 I   0.12588 0.12555 0.12532 0.12513 0.12494 0.12472 0.12446 0.12400 0.00001 ( 1)  0.128
 251 V   0.12568 0.12542 0.12525 0.12510 0.12495 0.12479 0.12458 0.12422 0.00001 ( 1)  0.128
 252 A   0.08172 0.09797 0.10889 0.11849 0.12803 0.13853 0.15175 0.17455 0.00008 ( 8)  0.134
 253 V   0.12568 0.12542 0.12525 0.12510 0.12495 0.12479 0.12458 0.12422 0.00001 ( 1)  0.128
 254 Y   0.12564 0.12540 0.12524 0.12509 0.12495 0.12480 0.12460 0.12427 0.00001 ( 1)  0.128
 255 E   0.12583 0.12552 0.12531 0.12512 0.12494 0.12474 0.12448 0.12404 0.00001 ( 1)  0.128
 256 Y   0.12564 0.12540 0.12524 0.12509 0.12495 0.12480 0.12460 0.12427 0.00001 ( 1)  0.128
 257 F   0.12562 0.12539 0.12523 0.12509 0.12495 0.12480 0.12461 0.12429 0.00001 ( 1)  0.128
 258 M   0.12584 0.12553 0.12531 0.12513 0.12494 0.12473 0.12448 0.12403 0.00001 ( 1)  0.128
 259 Y   0.12564 0.12540 0.12524 0.12509 0.12495 0.12480 0.12460 0.12427 0.00001 ( 1)  0.128
 260 K   0.12527 0.12517 0.12510 0.12504 0.12498 0.12491 0.12483 0.12468 0.00001 ( 1)  0.128
 261 K   0.12582 0.12551 0.12531 0.12512 0.12494 0.12474 0.12449 0.12406 0.00001 ( 1)  0.128
 262 H   0.12577 0.12548 0.12529 0.12511 0.12494 0.12476 0.12452 0.12411 0.00001 ( 1)  0.128
 263 K   0.12582 0.12551 0.12531 0.12512 0.12494 0.12474 0.12449 0.12406 0.00001 ( 1)  0.128
 264 Q   0.12561 0.12538 0.12523 0.12509 0.12496 0.12481 0.12462 0.12429 0.00001 ( 1)  0.128
 265 A   0.12512 0.12507 0.12504 0.12502 0.12499 0.12496 0.12493 0.12486 0.00001 ( 1)  0.128
 266 E   0.12583 0.12552 0.12531 0.12512 0.12494 0.12474 0.12448 0.12404 0.00001 ( 1)  0.128
 267 A   0.12566 0.12541 0.12524 0.12510 0.12495 0.12479 0.12459 0.12425 0.00001 ( 1)  0.128
 268 E   0.12583 0.12552 0.12531 0.12512 0.12494 0.12474 0.12448 0.12404 0.00001 ( 1)  0.128
 269 G   0.12574 0.12546 0.12528 0.12511 0.12495 0.12477 0.12454 0.12415 0.00001 ( 1)  0.128
 270 E   0.12583 0.12552 0.12531 0.12512 0.12494 0.12474 0.12448 0.12404 0.00001 ( 1)  0.128
 271 A   0.12566 0.12541 0.12524 0.12510 0.12495 0.12479 0.12459 0.12425 0.00001 ( 1)  0.128
 272 Y   0.12564 0.12540 0.12524 0.12509 0.12495 0.12480 0.12460 0.12427 0.00001 ( 1)  0.128
 273 K   0.12582 0.12551 0.12531 0.12512 0.12494 0.12474 0.12449 0.12406 0.00001 ( 1)  0.128
 274 T   0.12565 0.12541 0.12524 0.12510 0.12495 0.12479 0.12460 0.12425 0.00001 ( 1)  0.128
 275 D   0.12597 0.12560 0.12536 0.12514 0.12493 0.12470 0.12440 0.12389 0.00001 ( 1)  0.128

Positively selected sites

	Prob(w>1)  mean w



lnL = -1095.503579

Bayes Empirical Bayes (BEB) probabilities for 11 classes (class) & postmean_w
(amino acids refer to 1st sequence: Msl.11834)

   1 M   0.70858 0.07478 0.04684 0.03376 0.02580 0.02028 0.01613 0.01282 0.01010 0.00924 0.04165 ( 1)  0.225 +-  0.531
   2 T   0.69198 0.07371 0.04674 0.03411 0.02640 0.02101 0.01692 0.01362 0.01087 0.01006 0.05458 ( 1)  0.269 +-  0.672
   3 A   0.69201 0.07371 0.04674 0.03411 0.02640 0.02101 0.01692 0.01362 0.01087 0.01006 0.05455 ( 1)  0.269 +-  0.672
   4 Q   0.69393 0.07384 0.04677 0.03408 0.02634 0.02094 0.01684 0.01354 0.01079 0.00998 0.05295 ( 1)  0.263 +-  0.653
   5 H   0.17092 0.04850 0.04961 0.04936 0.04797 0.04567 0.04259 0.03878 0.03436 0.03395 0.43830 (11)  1.490 +-  1.739
   6 R   0.69035 0.07360 0.04672 0.03413 0.02644 0.02107 0.01698 0.01369 0.01094 0.01013 0.05595 ( 1)  0.274 +-  0.687
   7 L   0.70053 0.07428 0.04683 0.03397 0.02613 0.02067 0.01654 0.01323 0.01050 0.00966 0.04766 ( 1)  0.245 +-  0.595
   8 L   0.70392 0.07450 0.04684 0.03389 0.02600 0.02052 0.01637 0.01306 0.01034 0.00949 0.04507 ( 1)  0.236 +-  0.567
   9 T   0.69198 0.07371 0.04674 0.03411 0.02640 0.02101 0.01692 0.01362 0.01087 0.01006 0.05458 ( 1)  0.269 +-  0.672
  10 L   0.70053 0.07428 0.04683 0.03397 0.02613 0.02067 0.01654 0.01323 0.01050 0.00966 0.04766 ( 1)  0.245 +-  0.595
  11 S   0.69107 0.07365 0.04673 0.03412 0.02642 0.02105 0.01696 0.01366 0.01091 0.01010 0.05535 ( 1)  0.272 +-  0.681
  12 L   0.70053 0.07428 0.04683 0.03397 0.02613 0.02067 0.01654 0.01323 0.01050 0.00966 0.04766 ( 1)  0.245 +-  0.595
  13 L   0.70053 0.07428 0.04683 0.03397 0.02613 0.02067 0.01654 0.01323 0.01050 0.00966 0.04766 ( 1)  0.245 +-  0.595
  14 L   0.69859 0.07416 0.04681 0.03401 0.02620 0.02075 0.01663 0.01333 0.01059 0.00976 0.04918 ( 1)  0.250 +-  0.612
  15 L   0.70053 0.07428 0.04683 0.03397 0.02613 0.02067 0.01654 0.01323 0.01050 0.00966 0.04766 ( 1)  0.245 +-  0.595
  16 G   0.70652 0.07466 0.04685 0.03382 0.02589 0.02039 0.01624 0.01293 0.01021 0.00935 0.04315 ( 1)  0.230 +-  0.547
  17 C   0.70178 0.07436 0.04684 0.03394 0.02608 0.02062 0.01648 0.01317 0.01044 0.00960 0.04668 ( 1)  0.241 +-  0.584
  18 L   0.69077 0.07363 0.04672 0.03412 0.02643 0.02106 0.01697 0.01367 0.01092 0.01012 0.05560 ( 1)  0.273 +-  0.683
  19 A   0.69151 0.07368 0.04673 0.03412 0.02641 0.02103 0.01694 0.01364 0.01089 0.01008 0.05497 ( 1)  0.271 +-  0.676
  20 T   0.70646 0.07465 0.04684 0.03382 0.02589 0.02039 0.01624 0.01293 0.01021 0.00935 0.04319 ( 1)  0.230 +-  0.548
  21 S   0.70826 0.07476 0.04685 0.03377 0.02582 0.02030 0.01615 0.01284 0.01012 0.00926 0.04186 ( 1)  0.225 +-  0.533
  22 R   0.69936 0.07421 0.04682 0.03399 0.02617 0.02072 0.01660 0.01329 0.01055 0.00972 0.04858 ( 1)  0.248 +-  0.605
  23 A   0.70468 0.07454 0.04684 0.03387 0.02597 0.02048 0.01633 0.01302 0.01030 0.00945 0.04452 ( 1)  0.234 +-  0.562
  24 T   0.69198 0.07371 0.04674 0.03411 0.02640 0.02101 0.01692 0.01362 0.01087 0.01006 0.05458 ( 1)  0.269 +-  0.672
  25 L   0.70053 0.07428 0.04683 0.03397 0.02613 0.02067 0.01654 0.01323 0.01050 0.00966 0.04766 ( 1)  0.245 +-  0.595
  26 V   0.70703 0.07469 0.04684 0.03380 0.02587 0.02036 0.01621 0.01290 0.01018 0.00932 0.04280 ( 1)  0.229 +-  0.544
  27 V   0.70703 0.07469 0.04684 0.03380 0.02587 0.02036 0.01621 0.01290 0.01018 0.00932 0.04280 ( 1)  0.229 +-  0.544
  28 T   0.69198 0.07371 0.04674 0.03411 0.02640 0.02101 0.01692 0.01362 0.01087 0.01006 0.05458 ( 1)  0.269 +-  0.672
  29 G   0.70652 0.07466 0.04685 0.03382 0.02589 0.02039 0.01624 0.01293 0.01021 0.00935 0.04315 ( 1)  0.230 +-  0.547
  30 T   0.70646 0.07465 0.04684 0.03382 0.02589 0.02039 0.01624 0.01293 0.01021 0.00935 0.04319 ( 1)  0.230 +-  0.548
  31 T   0.17003 0.04828 0.04941 0.04918 0.04782 0.04554 0.04248 0.03869 0.03430 0.03391 0.44036 (11)  1.498 +-  1.745
  32 Y   0.70428 0.07452 0.04684 0.03388 0.02599 0.02050 0.01636 0.01305 0.01032 0.00947 0.04478 ( 1)  0.235 +-  0.564
  33 T   0.69198 0.07371 0.04674 0.03411 0.02640 0.02101 0.01692 0.01362 0.01087 0.01006 0.05458 ( 1)  0.269 +-  0.672
  34 V   0.70503 0.07457 0.04684 0.03386 0.02595 0.02046 0.01631 0.01300 0.01028 0.00943 0.04426 ( 1)  0.233 +-  0.559
  35 K   0.70813 0.07475 0.04684 0.03377 0.02582 0.02030 0.01615 0.01284 0.01013 0.00926 0.04200 ( 1)  0.226 +-  0.535
  36 L   0.70053 0.07428 0.04683 0.03397 0.02613 0.02067 0.01654 0.01323 0.01050 0.00966 0.04766 ( 1)  0.245 +-  0.595
  37 V   0.70503 0.07457 0.04684 0.03386 0.02595 0.02046 0.01631 0.01300 0.01028 0.00943 0.04426 ( 1)  0.233 +-  0.559
  38 E   0.70831 0.07476 0.04684 0.03377 0.02581 0.02029 0.01614 0.01283 0.01012 0.00925 0.04187 ( 1)  0.226 +-  0.534
  39 G   0.70652 0.07466 0.04685 0.03382 0.02589 0.02039 0.01624 0.01293 0.01021 0.00935 0.04315 ( 1)  0.230 +-  0.547
  40 R   0.69127 0.07366 0.04673 0.03412 0.02642 0.02104 0.01695 0.01365 0.01090 0.01009 0.05517 ( 1)  0.271 +-  0.679
  41 E   0.70831 0.07476 0.04684 0.03377 0.02581 0.02029 0.01614 0.01283 0.01012 0.00925 0.04187 ( 1)  0.226 +-  0.534
  42 G   0.70652 0.07466 0.04685 0.03382 0.02589 0.02039 0.01624 0.01293 0.01021 0.00935 0.04315 ( 1)  0.230 +-  0.547
  43 E   0.70831 0.07476 0.04684 0.03377 0.02581 0.02029 0.01614 0.01283 0.01012 0.00925 0.04187 ( 1)  0.226 +-  0.534
  44 P   0.69095 0.07364 0.04673 0.03412 0.02643 0.02105 0.01696 0.01366 0.01091 0.01011 0.05544 ( 1)  0.272 +-  0.682
  45 K   0.70813 0.07475 0.04684 0.03377 0.02582 0.02030 0.01615 0.01284 0.01013 0.00926 0.04200 ( 1)  0.226 +-  0.535
  46 Y   0.70428 0.07452 0.04684 0.03388 0.02599 0.02050 0.01636 0.01305 0.01032 0.00947 0.04478 ( 1)  0.235 +-  0.564
  47 V   0.70503 0.07457 0.04684 0.03386 0.02595 0.02046 0.01631 0.01300 0.01028 0.00943 0.04426 ( 1)  0.233 +-  0.559
  48 L   0.70053 0.07428 0.04683 0.03397 0.02613 0.02067 0.01654 0.01323 0.01050 0.00966 0.04766 ( 1)  0.245 +-  0.595
  49 S   0.70826 0.07476 0.04685 0.03377 0.02582 0.02030 0.01615 0.01284 0.01012 0.00926 0.04186 ( 1)  0.225 +-  0.533
  50 R   0.70552 0.07460 0.04685 0.03385 0.02594 0.02044 0.01629 0.01298 0.01026 0.00941 0.04387 ( 1)  0.232 +-  0.554
  51 Q   0.70378 0.07449 0.04684 0.03389 0.02601 0.02052 0.01638 0.01307 0.01034 0.00950 0.04518 ( 1)  0.236 +-  0.568
  52 Y   0.70428 0.07452 0.04684 0.03388 0.02599 0.02050 0.01636 0.01305 0.01032 0.00947 0.04478 ( 1)  0.235 +-  0.564
  53 L   0.70053 0.07428 0.04683 0.03397 0.02613 0.02067 0.01654 0.01323 0.01050 0.00966 0.04766 ( 1)  0.245 +-  0.595
  54 D   0.69626 0.07400 0.04679 0.03405 0.02627 0.02085 0.01674 0.01343 0.01069 0.00987 0.05105 ( 1)  0.257 +-  0.632
  55 V   0.70503 0.07457 0.04684 0.03386 0.02595 0.02046 0.01631 0.01300 0.01028 0.00943 0.04426 ( 1)  0.233 +-  0.559
  56 L   0.70053 0.07428 0.04683 0.03397 0.02613 0.02067 0.01654 0.01323 0.01050 0.00966 0.04766 ( 1)  0.245 +-  0.595
  57 E   0.70831 0.07476 0.04684 0.03377 0.02581 0.02029 0.01614 0.01283 0.01012 0.00925 0.04187 ( 1)  0.226 +-  0.534
  58 C   0.70178 0.07436 0.04684 0.03394 0.02608 0.02062 0.01648 0.01317 0.01044 0.00960 0.04668 ( 1)  0.241 +-  0.584
  59 S   0.70826 0.07476 0.04685 0.03377 0.02582 0.02030 0.01615 0.01284 0.01012 0.00926 0.04186 ( 1)  0.225 +-  0.533
  60 M   0.70858 0.07478 0.04684 0.03376 0.02580 0.02028 0.01613 0.01282 0.01010 0.00924 0.04165 ( 1)  0.225 +-  0.531
  61 Y   0.70428 0.07452 0.04684 0.03388 0.02599 0.02050 0.01636 0.01305 0.01032 0.00947 0.04478 ( 1)  0.235 +-  0.564
  62 A   0.70664 0.07466 0.04684 0.03382 0.02589 0.02038 0.01623 0.01292 0.01020 0.00935 0.04307 ( 1)  0.229 +-  0.546
  63 S   0.70172 0.07436 0.04683 0.03394 0.02609 0.02062 0.01649 0.01318 0.01044 0.00960 0.04673 ( 1)  0.242 +-  0.585
  64 D   0.71095 0.07492 0.04683 0.03369 0.02569 0.02015 0.01599 0.01268 0.00998 0.00911 0.04001 ( 1)  0.220 +-  0.515
  65 S   0.70826 0.07476 0.04685 0.03377 0.02582 0.02030 0.01615 0.01284 0.01012 0.00926 0.04186 ( 1)  0.225 +-  0.533
  66 S   0.69036 0.07360 0.04672 0.03413 0.02644 0.02107 0.01698 0.01369 0.01094 0.01013 0.05595 ( 1)  0.274 +-  0.687
  67 K   0.70813 0.07475 0.04684 0.03377 0.02582 0.02030 0.01615 0.01284 0.01013 0.00926 0.04200 ( 1)  0.226 +-  0.535
  68 L   0.70053 0.07428 0.04683 0.03397 0.02613 0.02067 0.01654 0.01323 0.01050 0.00966 0.04766 ( 1)  0.245 +-  0.595
  69 V   0.69210 0.07372 0.04674 0.03411 0.02640 0.02101 0.01691 0.01361 0.01087 0.01006 0.05448 ( 1)  0.269 +-  0.671
  70 D   0.71095 0.07492 0.04683 0.03369 0.02569 0.02015 0.01599 0.01268 0.00998 0.00911 0.04001 ( 1)  0.220 +-  0.515
  71 P   0.70159 0.07435 0.04683 0.03394 0.02609 0.02062 0.01649 0.01318 0.01045 0.00961 0.04684 ( 1)  0.242 +-  0.586
  72 K   0.69598 0.07398 0.04679 0.03405 0.02628 0.02086 0.01675 0.01345 0.01070 0.00988 0.05127 ( 1)  0.257 +-  0.635
  73 I   0.70921 0.07482 0.04684 0.03374 0.02578 0.02025 0.01609 0.01278 0.01007 0.00921 0.04121 ( 1)  0.223 +-  0.527
  74 D   0.71095 0.07492 0.04683 0.03369 0.02569 0.02015 0.01599 0.01268 0.00998 0.00911 0.04001 ( 1)  0.220 +-  0.515
  75 W   0.69854 0.07415 0.04681 0.03401 0.02620 0.02076 0.01664 0.01333 0.01059 0.00976 0.04921 ( 1)  0.250 +-  0.612
  76 K   0.69598 0.07398 0.04679 0.03405 0.02628 0.02086 0.01675 0.01345 0.01070 0.00988 0.05127 ( 1)  0.257 +-  0.635
  77 I   0.70921 0.07482 0.04684 0.03374 0.02578 0.02025 0.01609 0.01278 0.01007 0.00921 0.04121 ( 1)  0.223 +-  0.527
  78 E   0.69613 0.07399 0.04679 0.03405 0.02628 0.02086 0.01674 0.01344 0.01070 0.00987 0.05115 ( 1)  0.257 +-  0.633
  79 G   0.70652 0.07466 0.04685 0.03382 0.02589 0.02039 0.01624 0.01293 0.01021 0.00935 0.04315 ( 1)  0.230 +-  0.547
  80 S   0.70172 0.07436 0.04683 0.03394 0.02609 0.02062 0.01649 0.01318 0.01044 0.00960 0.04673 ( 1)  0.242 +-  0.585
  81 N   0.71078 0.07491 0.04684 0.03369 0.02570 0.02016 0.01600 0.01269 0.00999 0.00912 0.04012 ( 1)  0.220 +-  0.516
  82 D   0.71095 0.07492 0.04683 0.03369 0.02569 0.02015 0.01599 0.01268 0.00998 0.00911 0.04001 ( 1)  0.220 +-  0.515
  83 T   0.69198 0.07371 0.04674 0.03411 0.02640 0.02101 0.01692 0.01362 0.01087 0.01006 0.05458 ( 1)  0.269 +-  0.672
  84 L   0.70053 0.07428 0.04683 0.03397 0.02613 0.02067 0.01654 0.01323 0.01050 0.00966 0.04766 ( 1)  0.245 +-  0.595
  85 D   0.71095 0.07492 0.04683 0.03369 0.02569 0.02015 0.01599 0.01268 0.00998 0.00911 0.04001 ( 1)  0.220 +-  0.515
  86 S   0.69893 0.07418 0.04682 0.03400 0.02618 0.02074 0.01662 0.01331 0.01057 0.00974 0.04891 ( 1)  0.249 +-  0.609
  87 R   0.70281 0.07443 0.04684 0.03392 0.02604 0.02057 0.01643 0.01312 0.01039 0.00955 0.04590 ( 1)  0.239 +-  0.576
  88 F   0.70399 0.07451 0.04684 0.03389 0.02600 0.02051 0.01637 0.01306 0.01034 0.00949 0.04499 ( 1)  0.236 +-  0.566
  89 S   0.70826 0.07476 0.04685 0.03377 0.02582 0.02030 0.01615 0.01284 0.01012 0.00926 0.04186 ( 1)  0.225 +-  0.533
  90 F   0.70399 0.07451 0.04684 0.03389 0.02600 0.02051 0.01637 0.01306 0.01034 0.00949 0.04499 ( 1)  0.236 +-  0.566
  91 S   0.69818 0.07409 0.04675 0.03395 0.02615 0.02071 0.01660 0.01330 0.01057 0.00974 0.04995 ( 1)  0.254 +-  0.631
  92 G   0.70652 0.07466 0.04685 0.03382 0.02589 0.02039 0.01624 0.01293 0.01021 0.00935 0.04315 ( 1)  0.230 +-  0.547
  93 R   0.69936 0.07421 0.04682 0.03399 0.02617 0.02072 0.01660 0.01329 0.01055 0.00972 0.04858 ( 1)  0.248 +-  0.605
  94 L   0.70053 0.07428 0.04683 0.03397 0.02613 0.02067 0.01654 0.01323 0.01050 0.00966 0.04766 ( 1)  0.245 +-  0.595
  95 S   0.70172 0.07436 0.04683 0.03394 0.02609 0.02062 0.01649 0.01318 0.01044 0.00960 0.04673 ( 1)  0.242 +-  0.585
  96 E   0.70831 0.07476 0.04684 0.03377 0.02581 0.02029 0.01614 0.01283 0.01012 0.00925 0.04187 ( 1)  0.226 +-  0.534
  97 D   0.69626 0.07400 0.04679 0.03405 0.02627 0.02085 0.01674 0.01343 0.01069 0.00987 0.05105 ( 1)  0.257 +-  0.632
  98 K   0.69598 0.07398 0.04679 0.03405 0.02628 0.02086 0.01675 0.01345 0.01070 0.00988 0.05127 ( 1)  0.257 +-  0.635
  99 K   0.70813 0.07475 0.04684 0.03377 0.02582 0.02030 0.01615 0.01284 0.01013 0.00926 0.04200 ( 1)  0.226 +-  0.535
 100 N   0.69612 0.07399 0.04679 0.03405 0.02628 0.02086 0.01674 0.01344 0.01070 0.00987 0.05116 ( 1)  0.257 +-  0.633
 101 F   0.70399 0.07451 0.04684 0.03389 0.02600 0.02051 0.01637 0.01306 0.01034 0.00949 0.04499 ( 1)  0.236 +-  0.566
 102 T   0.70646 0.07465 0.04684 0.03382 0.02589 0.02039 0.01624 0.01293 0.01021 0.00935 0.04319 ( 1)  0.230 +-  0.548
 103 S   0.70172 0.07436 0.04683 0.03394 0.02609 0.02062 0.01649 0.01318 0.01044 0.00960 0.04673 ( 1)  0.242 +-  0.585
 104 T   0.70646 0.07465 0.04684 0.03382 0.02589 0.02039 0.01624 0.01293 0.01021 0.00935 0.04319 ( 1)  0.230 +-  0.548
 105 L   0.70392 0.07450 0.04684 0.03389 0.02600 0.02052 0.01637 0.01306 0.01034 0.00949 0.04507 ( 1)  0.236 +-  0.567
 106 S   0.70826 0.07476 0.04685 0.03377 0.02582 0.02030 0.01615 0.01284 0.01012 0.00926 0.04186 ( 1)  0.225 +-  0.533
 107 V   0.70503 0.07457 0.04684 0.03386 0.02595 0.02046 0.01631 0.01300 0.01028 0.00943 0.04426 ( 1)  0.233 +-  0.559
 108 R   0.69936 0.07421 0.04682 0.03399 0.02617 0.02072 0.01660 0.01329 0.01055 0.00972 0.04858 ( 1)  0.248 +-  0.605
 109 R   0.69936 0.07421 0.04682 0.03399 0.02617 0.02072 0.01660 0.01329 0.01055 0.00972 0.04858 ( 1)  0.248 +-  0.605
 110 P   0.69095 0.07364 0.04673 0.03412 0.02643 0.02105 0.01696 0.01366 0.01091 0.01011 0.05544 ( 1)  0.272 +-  0.682
 111 E   0.70831 0.07476 0.04684 0.03377 0.02581 0.02029 0.01614 0.01283 0.01012 0.00925 0.04187 ( 1)  0.226 +-  0.534
 112 N   0.71078 0.07491 0.04684 0.03369 0.02570 0.02016 0.01600 0.01269 0.00999 0.00912 0.04012 ( 1)  0.220 +-  0.516
 113 K   0.70813 0.07475 0.04684 0.03377 0.02582 0.02030 0.01615 0.01284 0.01013 0.00926 0.04200 ( 1)  0.226 +-  0.535
 114 H   0.70714 0.07470 0.04685 0.03381 0.02587 0.02036 0.01621 0.01290 0.01018 0.00932 0.04268 ( 1)  0.228 +-  0.542
 115 V   0.70703 0.07469 0.04684 0.03380 0.02587 0.02036 0.01621 0.01290 0.01018 0.00932 0.04280 ( 1)  0.229 +-  0.544
 116 T   0.70646 0.07465 0.04684 0.03382 0.02589 0.02039 0.01624 0.01293 0.01021 0.00935 0.04319 ( 1)  0.230 +-  0.548
 117 N   0.71078 0.07491 0.04684 0.03369 0.02570 0.02016 0.01600 0.01269 0.00999 0.00912 0.04012 ( 1)  0.220 +-  0.516
 118 Y   0.70428 0.07452 0.04684 0.03388 0.02599 0.02050 0.01636 0.01305 0.01032 0.00947 0.04478 ( 1)  0.235 +-  0.564
 119 T   0.70646 0.07465 0.04684 0.03382 0.02589 0.02039 0.01624 0.01293 0.01021 0.00935 0.04319 ( 1)  0.230 +-  0.548
 120 C   0.70178 0.07436 0.04684 0.03394 0.02608 0.02062 0.01648 0.01317 0.01044 0.00960 0.04668 ( 1)  0.241 +-  0.584
 121 T   0.69149 0.07368 0.04673 0.03412 0.02641 0.02103 0.01694 0.01364 0.01089 0.01008 0.05499 ( 1)  0.271 +-  0.677
 122 G   0.70652 0.07466 0.04685 0.03382 0.02589 0.02039 0.01624 0.01293 0.01021 0.00935 0.04315 ( 1)  0.230 +-  0.547
 123 S   0.70826 0.07476 0.04685 0.03377 0.02582 0.02030 0.01615 0.01284 0.01012 0.00926 0.04186 ( 1)  0.225 +-  0.533
 124 A   0.70468 0.07454 0.04684 0.03387 0.02597 0.02048 0.01633 0.01302 0.01030 0.00945 0.04452 ( 1)  0.234 +-  0.562
 125 T   0.70452 0.07453 0.04684 0.03387 0.02597 0.02049 0.01634 0.01303 0.01031 0.00946 0.04463 ( 1)  0.235 +-  0.563
 126 D   0.71095 0.07492 0.04683 0.03369 0.02569 0.02015 0.01599 0.01268 0.00998 0.00911 0.04001 ( 1)  0.220 +-  0.515
 127 Q   0.70378 0.07449 0.04684 0.03389 0.02601 0.02052 0.01638 0.01307 0.01034 0.00950 0.04518 ( 1)  0.236 +-  0.568
 128 P   0.70159 0.07435 0.04683 0.03394 0.02609 0.02062 0.01649 0.01318 0.01045 0.00961 0.04684 ( 1)  0.242 +-  0.586
 129 E   0.70831 0.07476 0.04684 0.03377 0.02581 0.02029 0.01614 0.01283 0.01012 0.00925 0.04187 ( 1)  0.226 +-  0.534
 130 A   0.70468 0.07454 0.04684 0.03387 0.02597 0.02048 0.01633 0.01302 0.01030 0.00945 0.04452 ( 1)  0.234 +-  0.562
 131 Q   0.70378 0.07449 0.04684 0.03389 0.02601 0.02052 0.01638 0.01307 0.01034 0.00950 0.04518 ( 1)  0.236 +-  0.568
 132 G   0.70652 0.07466 0.04685 0.03382 0.02589 0.02039 0.01624 0.01293 0.01021 0.00935 0.04315 ( 1)  0.230 +-  0.547
 133 R   0.69936 0.07421 0.04682 0.03399 0.02617 0.02072 0.01660 0.01329 0.01055 0.00972 0.04858 ( 1)  0.248 +-  0.605
 134 A   0.70664 0.07466 0.04684 0.03382 0.02589 0.02038 0.01623 0.01292 0.01020 0.00935 0.04307 ( 1)  0.229 +-  0.546
 135 R   0.70281 0.07443 0.04684 0.03392 0.02604 0.02057 0.01643 0.01312 0.01039 0.00955 0.04590 ( 1)  0.239 +-  0.576
 136 L   0.70053 0.07428 0.04683 0.03397 0.02613 0.02067 0.01654 0.01323 0.01050 0.00966 0.04766 ( 1)  0.245 +-  0.595
 137 Q   0.70378 0.07449 0.04684 0.03389 0.02601 0.02052 0.01638 0.01307 0.01034 0.00950 0.04518 ( 1)  0.236 +-  0.568
 138 S   0.70172 0.07436 0.04683 0.03394 0.02609 0.02062 0.01649 0.01318 0.01044 0.00960 0.04673 ( 1)  0.242 +-  0.585
 139 K   0.17170 0.04869 0.04978 0.04950 0.04810 0.04577 0.04266 0.03883 0.03440 0.03397 0.43660 (11)  1.485 +-  1.736
 140 P   0.70159 0.07435 0.04683 0.03394 0.02609 0.02062 0.01649 0.01318 0.01045 0.00961 0.04684 ( 1)  0.242 +-  0.586
 141 L   0.70392 0.07450 0.04684 0.03389 0.02600 0.02052 0.01637 0.01306 0.01034 0.00949 0.04507 ( 1)  0.236 +-  0.567
 142 I   0.70921 0.07482 0.04684 0.03374 0.02578 0.02025 0.01609 0.01278 0.01007 0.00921 0.04121 ( 1)  0.223 +-  0.527
 143 S   0.70826 0.07476 0.04685 0.03377 0.02582 0.02030 0.01615 0.01284 0.01012 0.00926 0.04186 ( 1)  0.225 +-  0.533
 144 F   0.70399 0.07451 0.04684 0.03389 0.02600 0.02051 0.01637 0.01306 0.01034 0.00949 0.04499 ( 1)  0.236 +-  0.566
 145 K   0.70813 0.07475 0.04684 0.03377 0.02582 0.02030 0.01615 0.01284 0.01013 0.00926 0.04200 ( 1)  0.226 +-  0.535
 146 I   0.70921 0.07482 0.04684 0.03374 0.02578 0.02025 0.01609 0.01278 0.01007 0.00921 0.04121 ( 1)  0.223 +-  0.527
 147 D   0.71095 0.07492 0.04683 0.03369 0.02569 0.02015 0.01599 0.01268 0.00998 0.00911 0.04001 ( 1)  0.220 +-  0.515
 148 G   0.70652 0.07466 0.04685 0.03382 0.02589 0.02039 0.01624 0.01293 0.01021 0.00935 0.04315 ( 1)  0.230 +-  0.547
 149 V   0.70503 0.07457 0.04684 0.03386 0.02595 0.02046 0.01631 0.01300 0.01028 0.00943 0.04426 ( 1)  0.233 +-  0.559
 150 T   0.70646 0.07465 0.04684 0.03382 0.02589 0.02039 0.01624 0.01293 0.01021 0.00935 0.04319 ( 1)  0.230 +-  0.548
 151 M   0.70858 0.07478 0.04684 0.03376 0.02580 0.02028 0.01613 0.01282 0.01010 0.00924 0.04165 ( 1)  0.225 +-  0.531
 152 S   0.69893 0.07418 0.04682 0.03400 0.02618 0.02074 0.01662 0.01331 0.01057 0.00974 0.04891 ( 1)  0.249 +-  0.609
 153 D   0.69626 0.07400 0.04679 0.03405 0.02627 0.02085 0.01674 0.01343 0.01069 0.00987 0.05105 ( 1)  0.257 +-  0.632
 154 V   0.70503 0.07457 0.04684 0.03386 0.02595 0.02046 0.01631 0.01300 0.01028 0.00943 0.04426 ( 1)  0.233 +-  0.559
 155 G   0.70652 0.07466 0.04685 0.03382 0.02589 0.02039 0.01624 0.01293 0.01021 0.00935 0.04315 ( 1)  0.230 +-  0.547
 156 A   0.70664 0.07466 0.04684 0.03382 0.02589 0.02038 0.01623 0.01292 0.01020 0.00935 0.04307 ( 1)  0.229 +-  0.546
 157 W   0.69854 0.07415 0.04681 0.03401 0.02620 0.02076 0.01664 0.01333 0.01059 0.00976 0.04921 ( 1)  0.250 +-  0.612
 158 P   0.70321 0.07445 0.04684 0.03391 0.02603 0.02055 0.01641 0.01310 0.01037 0.00953 0.04560 ( 1)  0.238 +-  0.573
 159 G   0.70652 0.07466 0.04685 0.03382 0.02589 0.02039 0.01624 0.01293 0.01021 0.00935 0.04315 ( 1)  0.230 +-  0.547
 160 Q   0.70378 0.07449 0.04684 0.03389 0.02601 0.02052 0.01638 0.01307 0.01034 0.00950 0.04518 ( 1)  0.236 +-  0.568
 161 D   0.71095 0.07492 0.04683 0.03369 0.02569 0.02015 0.01599 0.01268 0.00998 0.00911 0.04001 ( 1)  0.220 +-  0.515
 162 I   0.70921 0.07482 0.04684 0.03374 0.02578 0.02025 0.01609 0.01278 0.01007 0.00921 0.04121 ( 1)  0.223 +-  0.527
 163 Q   0.70378 0.07449 0.04684 0.03389 0.02601 0.02052 0.01638 0.01307 0.01034 0.00950 0.04518 ( 1)  0.236 +-  0.568
 164 M   0.70858 0.07478 0.04684 0.03376 0.02580 0.02028 0.01613 0.01282 0.01010 0.00924 0.04165 ( 1)  0.225 +-  0.531
 165 S   0.70826 0.07476 0.04685 0.03377 0.02582 0.02030 0.01615 0.01284 0.01012 0.00926 0.04186 ( 1)  0.225 +-  0.533
 166 C   0.70178 0.07436 0.04684 0.03394 0.02608 0.02062 0.01648 0.01317 0.01044 0.00960 0.04668 ( 1)  0.241 +-  0.584
 167 I   0.69607 0.07399 0.04679 0.03405 0.02628 0.02086 0.01675 0.01344 0.01070 0.00988 0.05119 ( 1)  0.257 +-  0.634
 168 V   0.70503 0.07457 0.04684 0.03386 0.02595 0.02046 0.01631 0.01300 0.01028 0.00943 0.04426 ( 1)  0.233 +-  0.559
 169 E   0.70831 0.07476 0.04684 0.03377 0.02581 0.02029 0.01614 0.01283 0.01012 0.00925 0.04187 ( 1)  0.226 +-  0.534
 170 G   0.70416 0.07451 0.04684 0.03388 0.02599 0.02050 0.01636 0.01305 0.01032 0.00947 0.04491 ( 1)  0.236 +-  0.566
 171 N   0.71078 0.07491 0.04684 0.03369 0.02570 0.02016 0.01600 0.01269 0.00999 0.00912 0.04012 ( 1)  0.220 +-  0.516
 172 P   0.70321 0.07445 0.04684 0.03391 0.02603 0.02055 0.01641 0.01310 0.01037 0.00953 0.04560 ( 1)  0.238 +-  0.573
 173 A   0.70468 0.07454 0.04684 0.03387 0.02597 0.02048 0.01633 0.01302 0.01030 0.00945 0.04452 ( 1)  0.234 +-  0.562
 174 G   0.70652 0.07466 0.04685 0.03382 0.02589 0.02039 0.01624 0.01293 0.01021 0.00935 0.04315 ( 1)  0.230 +-  0.547
 175 S   0.70826 0.07476 0.04685 0.03377 0.02582 0.02030 0.01615 0.01284 0.01012 0.00926 0.04186 ( 1)  0.225 +-  0.533
 176 P   0.70159 0.07435 0.04683 0.03394 0.02609 0.02062 0.01649 0.01318 0.01045 0.00961 0.04684 ( 1)  0.242 +-  0.586
 177 E   0.70831 0.07476 0.04684 0.03377 0.02581 0.02029 0.01614 0.01283 0.01012 0.00925 0.04187 ( 1)  0.226 +-  0.534
 178 W   0.69854 0.07415 0.04681 0.03401 0.02620 0.02076 0.01664 0.01333 0.01059 0.00976 0.04921 ( 1)  0.250 +-  0.612
 179 K   0.70813 0.07475 0.04684 0.03377 0.02582 0.02030 0.01615 0.01284 0.01013 0.00926 0.04200 ( 1)  0.226 +-  0.535
 180 R   0.69936 0.07421 0.04682 0.03399 0.02617 0.02072 0.01660 0.01329 0.01055 0.00972 0.04858 ( 1)  0.248 +-  0.605
 181 E   0.70831 0.07476 0.04684 0.03377 0.02581 0.02029 0.01614 0.01283 0.01012 0.00925 0.04187 ( 1)  0.226 +-  0.534
 182 K   0.70813 0.07475 0.04684 0.03377 0.02582 0.02030 0.01615 0.01284 0.01013 0.00926 0.04200 ( 1)  0.226 +-  0.535
 183 D   0.71095 0.07492 0.04683 0.03369 0.02569 0.02015 0.01599 0.01268 0.00998 0.00911 0.04001 ( 1)  0.220 +-  0.515
 184 G   0.69136 0.07367 0.04673 0.03412 0.02642 0.02104 0.01694 0.01364 0.01090 0.01009 0.05510 ( 1)  0.271 +-  0.678
 185 A   0.70664 0.07466 0.04684 0.03382 0.02589 0.02038 0.01623 0.01292 0.01020 0.00935 0.04307 ( 1)  0.229 +-  0.546
 186 T   0.70646 0.07465 0.04684 0.03382 0.02589 0.02039 0.01624 0.01293 0.01021 0.00935 0.04319 ( 1)  0.230 +-  0.548
 187 I   0.70921 0.07482 0.04684 0.03374 0.02578 0.02025 0.01609 0.01278 0.01007 0.00921 0.04121 ( 1)  0.223 +-  0.527
 188 G   0.70456 0.07454 0.04684 0.03387 0.02597 0.02048 0.01634 0.01303 0.01031 0.00946 0.04459 ( 1)  0.234 +-  0.562
 189 N   0.71078 0.07491 0.04684 0.03369 0.02570 0.02016 0.01600 0.01269 0.00999 0.00912 0.04012 ( 1)  0.220 +-  0.516
 190 G   0.70652 0.07466 0.04685 0.03382 0.02589 0.02039 0.01624 0.01293 0.01021 0.00935 0.04315 ( 1)  0.230 +-  0.547
 191 T   0.70452 0.07453 0.04684 0.03387 0.02597 0.02049 0.01634 0.01303 0.01031 0.00946 0.04463 ( 1)  0.235 +-  0.563
 192 A   0.70468 0.07454 0.04684 0.03387 0.02597 0.02048 0.01633 0.01302 0.01030 0.00945 0.04452 ( 1)  0.234 +-  0.562
 193 N   0.71078 0.07491 0.04684 0.03369 0.02570 0.02016 0.01600 0.01269 0.00999 0.00912 0.04012 ( 1)  0.220 +-  0.516
 194 L   0.70053 0.07428 0.04683 0.03397 0.02613 0.02067 0.01654 0.01323 0.01050 0.00966 0.04766 ( 1)  0.245 +-  0.595
 195 V   0.70503 0.07457 0.04684 0.03386 0.02595 0.02046 0.01631 0.01300 0.01028 0.00943 0.04426 ( 1)  0.233 +-  0.559
 196 L   0.70053 0.07428 0.04683 0.03397 0.02613 0.02067 0.01654 0.01323 0.01050 0.00966 0.04766 ( 1)  0.245 +-  0.595
 197 E   0.70831 0.07476 0.04684 0.03377 0.02581 0.02029 0.01614 0.01283 0.01012 0.00925 0.04187 ( 1)  0.226 +-  0.534
 198 A   0.70664 0.07466 0.04684 0.03382 0.02589 0.02038 0.01623 0.01292 0.01020 0.00935 0.04307 ( 1)  0.229 +-  0.546
 199 V   0.70703 0.07469 0.04684 0.03380 0.02587 0.02036 0.01621 0.01290 0.01018 0.00932 0.04280 ( 1)  0.229 +-  0.544
 200 N   0.71078 0.07491 0.04684 0.03369 0.02570 0.02016 0.01600 0.01269 0.00999 0.00912 0.04012 ( 1)  0.220 +-  0.516
 201 Y   0.70428 0.07452 0.04684 0.03388 0.02599 0.02050 0.01636 0.01305 0.01032 0.00947 0.04478 ( 1)  0.235 +-  0.564
 202 D   0.69626 0.07400 0.04679 0.03405 0.02627 0.02085 0.01674 0.01343 0.01069 0.00987 0.05105 ( 1)  0.257 +-  0.632
 203 E   0.70831 0.07476 0.04684 0.03377 0.02581 0.02029 0.01614 0.01283 0.01012 0.00925 0.04187 ( 1)  0.226 +-  0.534
 204 H   0.70714 0.07470 0.04685 0.03381 0.02587 0.02036 0.01621 0.01290 0.01018 0.00932 0.04268 ( 1)  0.228 +-  0.542
 205 R   0.69936 0.07421 0.04682 0.03399 0.02617 0.02072 0.01660 0.01329 0.01055 0.00972 0.04858 ( 1)  0.248 +-  0.605
 206 G   0.70652 0.07466 0.04685 0.03382 0.02589 0.02039 0.01624 0.01293 0.01021 0.00935 0.04315 ( 1)  0.230 +-  0.547
 207 F   0.70399 0.07451 0.04684 0.03389 0.02600 0.02051 0.01637 0.01306 0.01034 0.00949 0.04499 ( 1)  0.236 +-  0.566
 208 Y   0.70428 0.07452 0.04684 0.03388 0.02599 0.02050 0.01636 0.01305 0.01032 0.00947 0.04478 ( 1)  0.235 +-  0.564
 209 T   0.70646 0.07465 0.04684 0.03382 0.02589 0.02039 0.01624 0.01293 0.01021 0.00935 0.04319 ( 1)  0.230 +-  0.548
 210 C   0.70178 0.07436 0.04684 0.03394 0.02608 0.02062 0.01648 0.01317 0.01044 0.00960 0.04668 ( 1)  0.241 +-  0.584
 211 S   0.70826 0.07476 0.04685 0.03377 0.02582 0.02030 0.01615 0.01284 0.01012 0.00926 0.04186 ( 1)  0.225 +-  0.533
 212 A   0.70468 0.07454 0.04684 0.03387 0.02597 0.02048 0.01633 0.01302 0.01030 0.00945 0.04452 ( 1)  0.234 +-  0.562
 213 N   0.71078 0.07491 0.04684 0.03369 0.02570 0.02016 0.01600 0.01269 0.00999 0.00912 0.04012 ( 1)  0.220 +-  0.516
 214 N   0.71078 0.07491 0.04684 0.03369 0.02570 0.02016 0.01600 0.01269 0.00999 0.00912 0.04012 ( 1)  0.220 +-  0.516
 215 S   0.70826 0.07476 0.04685 0.03377 0.02582 0.02030 0.01615 0.01284 0.01012 0.00926 0.04186 ( 1)  0.225 +-  0.533
 216 Q   0.70378 0.07449 0.04684 0.03389 0.02601 0.02052 0.01638 0.01307 0.01034 0.00950 0.04518 ( 1)  0.236 +-  0.568
 217 G   0.70652 0.07466 0.04685 0.03382 0.02589 0.02039 0.01624 0.01293 0.01021 0.00935 0.04315 ( 1)  0.230 +-  0.547
 218 T   0.70452 0.07453 0.04684 0.03387 0.02597 0.02049 0.01634 0.01303 0.01031 0.00946 0.04463 ( 1)  0.235 +-  0.563
 219 N   0.71078 0.07491 0.04684 0.03369 0.02570 0.02016 0.01600 0.01269 0.00999 0.00912 0.04012 ( 1)  0.220 +-  0.516
 220 A   0.70664 0.07466 0.04684 0.03382 0.02589 0.02038 0.01623 0.01292 0.01020 0.00935 0.04307 ( 1)  0.229 +-  0.546
 221 A   0.70664 0.07466 0.04684 0.03382 0.02589 0.02038 0.01623 0.01292 0.01020 0.00935 0.04307 ( 1)  0.229 +-  0.546
 222 K   0.70813 0.07475 0.04684 0.03377 0.02582 0.02030 0.01615 0.01284 0.01013 0.00926 0.04200 ( 1)  0.226 +-  0.535
 223 I   0.70921 0.07482 0.04684 0.03374 0.02578 0.02025 0.01609 0.01278 0.01007 0.00921 0.04121 ( 1)  0.223 +-  0.527
 224 F   0.70399 0.07451 0.04684 0.03389 0.02600 0.02051 0.01637 0.01306 0.01034 0.00949 0.04499 ( 1)  0.236 +-  0.566
 225 L   0.69582 0.07397 0.04678 0.03405 0.02628 0.02086 0.01675 0.01345 0.01071 0.00989 0.05143 ( 1)  0.258 +-  0.637
 226 R   0.69936 0.07421 0.04682 0.03399 0.02617 0.02072 0.01660 0.01329 0.01055 0.00972 0.04858 ( 1)  0.248 +-  0.605
 227 V   0.70503 0.07457 0.04684 0.03386 0.02595 0.02046 0.01631 0.01300 0.01028 0.00943 0.04426 ( 1)  0.233 +-  0.559
 228 K   0.70813 0.07475 0.04684 0.03377 0.02582 0.02030 0.01615 0.01284 0.01013 0.00926 0.04200 ( 1)  0.226 +-  0.535
 229 H   0.70714 0.07470 0.04685 0.03381 0.02587 0.02036 0.01621 0.01290 0.01018 0.00932 0.04268 ( 1)  0.228 +-  0.542
 230 P   0.70159 0.07435 0.04683 0.03394 0.02609 0.02062 0.01649 0.01318 0.01045 0.00961 0.04684 ( 1)  0.242 +-  0.586
 231 Q   0.70378 0.07449 0.04684 0.03389 0.02601 0.02052 0.01638 0.01307 0.01034 0.00950 0.04518 ( 1)  0.236 +-  0.568
 232 A   0.70054 0.07428 0.04682 0.03396 0.02612 0.02067 0.01654 0.01323 0.01050 0.00966 0.04768 ( 1)  0.245 +-  0.596
 233 Y   0.70428 0.07452 0.04684 0.03388 0.02599 0.02050 0.01636 0.01305 0.01032 0.00947 0.04478 ( 1)  0.235 +-  0.564
 234 L   0.70053 0.07428 0.04683 0.03397 0.02613 0.02067 0.01654 0.01323 0.01050 0.00966 0.04766 ( 1)  0.245 +-  0.595
 235 T   0.70646 0.07465 0.04684 0.03382 0.02589 0.02039 0.01624 0.01293 0.01021 0.00935 0.04319 ( 1)  0.230 +-  0.548
 236 P   0.69135 0.07367 0.04673 0.03412 0.02642 0.02104 0.01694 0.01365 0.01090 0.01009 0.05511 ( 1)  0.271 +-  0.678
 237 M   0.70858 0.07478 0.04684 0.03376 0.02580 0.02028 0.01613 0.01282 0.01010 0.00924 0.04165 ( 1)  0.225 +-  0.531
 238 I   0.70921 0.07482 0.04684 0.03374 0.02578 0.02025 0.01609 0.01278 0.01007 0.00921 0.04121 ( 1)  0.223 +-  0.527
 239 I   0.70921 0.07482 0.04684 0.03374 0.02578 0.02025 0.01609 0.01278 0.01007 0.00921 0.04121 ( 1)  0.223 +-  0.527
 240 I   0.70921 0.07482 0.04684 0.03374 0.02578 0.02025 0.01609 0.01278 0.01007 0.00921 0.04121 ( 1)  0.223 +-  0.527
 241 I   0.69490 0.07391 0.04678 0.03407 0.02631 0.02090 0.01680 0.01349 0.01075 0.00993 0.05215 ( 1)  0.261 +-  0.644
 242 V   0.70503 0.07457 0.04684 0.03386 0.02595 0.02046 0.01631 0.01300 0.01028 0.00943 0.04426 ( 1)  0.233 +-  0.559
 243 E   0.70831 0.07476 0.04684 0.03377 0.02581 0.02029 0.01614 0.01283 0.01012 0.00925 0.04187 ( 1)  0.226 +-  0.534
 244 V   0.70503 0.07457 0.04684 0.03386 0.02595 0.02046 0.01631 0.01300 0.01028 0.00943 0.04426 ( 1)  0.233 +-  0.559
 245 I   0.70921 0.07482 0.04684 0.03374 0.02578 0.02025 0.01609 0.01278 0.01007 0.00921 0.04121 ( 1)  0.223 +-  0.527
 246 I   0.70921 0.07482 0.04684 0.03374 0.02578 0.02025 0.01609 0.01278 0.01007 0.00921 0.04121 ( 1)  0.223 +-  0.527
 247 I   0.70921 0.07482 0.04684 0.03374 0.02578 0.02025 0.01609 0.01278 0.01007 0.00921 0.04121 ( 1)  0.223 +-  0.527
 248 A   0.70664 0.07466 0.04684 0.03382 0.02589 0.02038 0.01623 0.01292 0.01020 0.00935 0.04307 ( 1)  0.229 +-  0.546
 249 I   0.69607 0.07399 0.04679 0.03405 0.02628 0.02086 0.01675 0.01344 0.01070 0.00988 0.05119 ( 1)  0.257 +-  0.634
 250 I   0.70921 0.07482 0.04684 0.03374 0.02578 0.02025 0.01609 0.01278 0.01007 0.00921 0.04121 ( 1)  0.223 +-  0.527
 251 V   0.70503 0.07457 0.04684 0.03386 0.02595 0.02046 0.01631 0.01300 0.01028 0.00943 0.04426 ( 1)  0.233 +-  0.559
 252 A   0.15069 0.04352 0.04498 0.04520 0.04436 0.04264 0.04013 0.03689 0.03299 0.03293 0.48567 (11)  1.658 +-  1.844
 253 V   0.70503 0.07457 0.04684 0.03386 0.02595 0.02046 0.01631 0.01300 0.01028 0.00943 0.04426 ( 1)  0.233 +-  0.559
 254 Y   0.70428 0.07452 0.04684 0.03388 0.02599 0.02050 0.01636 0.01305 0.01032 0.00947 0.04478 ( 1)  0.235 +-  0.564
 255 E   0.70831 0.07476 0.04684 0.03377 0.02581 0.02029 0.01614 0.01283 0.01012 0.00925 0.04187 ( 1)  0.226 +-  0.534
 256 Y   0.70428 0.07452 0.04684 0.03388 0.02599 0.02050 0.01636 0.01305 0.01032 0.00947 0.04478 ( 1)  0.235 +-  0.564
 257 F   0.70399 0.07451 0.04684 0.03389 0.02600 0.02051 0.01637 0.01306 0.01034 0.00949 0.04499 ( 1)  0.236 +-  0.566
 258 M   0.70858 0.07478 0.04684 0.03376 0.02580 0.02028 0.01613 0.01282 0.01010 0.00924 0.04165 ( 1)  0.225 +-  0.531
 259 Y   0.70428 0.07452 0.04684 0.03388 0.02599 0.02050 0.01636 0.01305 0.01032 0.00947 0.04478 ( 1)  0.235 +-  0.564
 260 K   0.69598 0.07398 0.04679 0.03405 0.02628 0.02086 0.01675 0.01345 0.01070 0.00988 0.05127 ( 1)  0.257 +-  0.635
 261 K   0.70813 0.07475 0.04684 0.03377 0.02582 0.02030 0.01615 0.01284 0.01013 0.00926 0.04200 ( 1)  0.226 +-  0.535
 262 H   0.70714 0.07470 0.04685 0.03381 0.02587 0.02036 0.01621 0.01290 0.01018 0.00932 0.04268 ( 1)  0.228 +-  0.542
 263 K   0.70813 0.07475 0.04684 0.03377 0.02582 0.02030 0.01615 0.01284 0.01013 0.00926 0.04200 ( 1)  0.226 +-  0.535
 264 Q   0.70378 0.07449 0.04684 0.03389 0.02601 0.02052 0.01638 0.01307 0.01034 0.00950 0.04518 ( 1)  0.236 +-  0.568
 265 A   0.69201 0.07371 0.04674 0.03411 0.02640 0.02101 0.01692 0.01362 0.01087 0.01006 0.05455 ( 1)  0.269 +-  0.672
 266 E   0.70831 0.07476 0.04684 0.03377 0.02581 0.02029 0.01614 0.01283 0.01012 0.00925 0.04187 ( 1)  0.226 +-  0.534
 267 A   0.70468 0.07454 0.04684 0.03387 0.02597 0.02048 0.01633 0.01302 0.01030 0.00945 0.04452 ( 1)  0.234 +-  0.562
 268 E   0.70831 0.07476 0.04684 0.03377 0.02581 0.02029 0.01614 0.01283 0.01012 0.00925 0.04187 ( 1)  0.226 +-  0.534
 269 G   0.70652 0.07466 0.04685 0.03382 0.02589 0.02039 0.01624 0.01293 0.01021 0.00935 0.04315 ( 1)  0.230 +-  0.547
 270 E   0.70831 0.07476 0.04684 0.03377 0.02581 0.02029 0.01614 0.01283 0.01012 0.00925 0.04187 ( 1)  0.226 +-  0.534
 271 A   0.70468 0.07454 0.04684 0.03387 0.02597 0.02048 0.01633 0.01302 0.01030 0.00945 0.04452 ( 1)  0.234 +-  0.562
 272 Y   0.70428 0.07452 0.04684 0.03388 0.02599 0.02050 0.01636 0.01305 0.01032 0.00947 0.04478 ( 1)  0.235 +-  0.564
 273 K   0.70813 0.07475 0.04684 0.03377 0.02582 0.02030 0.01615 0.01284 0.01013 0.00926 0.04200 ( 1)  0.226 +-  0.535
 274 T   0.70452 0.07453 0.04684 0.03387 0.02597 0.02049 0.01634 0.01303 0.01031 0.00946 0.04463 ( 1)  0.235 +-  0.563
 275 D   0.71095 0.07492 0.04683 0.03369 0.02569 0.02015 0.01599 0.01268 0.00998 0.00911 0.04001 ( 1)  0.220 +-  0.515

Positively selected sites

	Prob(w>1)  mean w


