Supplemental results for CODEML (seqf: algn  treef: tree)


dN/dS (w) for site classes (K=2)

p:   0.70736  0.29264
w:   0.00000  1.00000

Naive Empirical Bayes (NEB) probabilities for 2 classes & postmean_w
(amino acids refer to 1st sequence: scm.11070)

   1 M   0.71297 0.28703 ( 1)  0.287
   2 V   0.71176 0.28824 ( 1)  0.288
   3 V   0.71435 0.28565 ( 1)  0.286
   4 T   0.71270 0.28730 ( 1)  0.287
   5 S   0.71456 0.28544 ( 1)  0.285
   6 F   0.71310 0.28690 ( 1)  0.287
   7 K   0.71300 0.28700 ( 1)  0.287
   8 N   0.71478 0.28522 ( 1)  0.285
   9 L   0.70869 0.29131 ( 1)  0.291
  10 F   0.70904 0.29096 ( 1)  0.291
  11 H   0.71355 0.28645 ( 1)  0.286
  12 V   0.71276 0.28724 ( 1)  0.287
  13 R   0.70861 0.29139 ( 1)  0.291
  14 P   0.71248 0.28752 ( 1)  0.288
  15 L   0.70869 0.29131 ( 1)  0.291
  16 I   0.71395 0.28605 ( 1)  0.286
  17 T   0.71427 0.28573 ( 1)  0.286
  18 T   0.71270 0.28730 ( 1)  0.287
  19 A   0.71257 0.28743 ( 1)  0.287
  20 V   0.71435 0.28565 ( 1)  0.286
  21 A   0.71410 0.28590 ( 1)  0.286
  22 L   0.70987 0.29013 ( 1)  0.290
  23 W   0.70821 0.29179 ( 1)  0.292
  24 I   0.70923 0.29077 ( 1)  0.291
  25 C   0.70886 0.29114 ( 1)  0.291
  26 V   0.71276 0.28724 ( 1)  0.287
  27 I   0.71438 0.28562 ( 1)  0.286
  28 I   0.70923 0.29077 ( 1)  0.291
  29 Y   0.71281 0.28719 ( 1)  0.287
  30 L   0.70927 0.29073 ( 1)  0.291
  31 S   0.71456 0.28544 ( 1)  0.285
  32 F   0.70904 0.29096 ( 1)  0.291
  33 N   0.71478 0.28522 ( 1)  0.285
  34 F   0.70904 0.29096 ( 1)  0.291
  35 F   0.70904 0.29096 ( 1)  0.291
  36 N   0.71478 0.28522 ( 1)  0.285
  37 L   0.70817 0.29183 ( 1)  0.292
  38 E   0.71310 0.28690 ( 1)  0.287
  39 S   0.71456 0.28544 ( 1)  0.285
  40 S   0.71456 0.28544 ( 1)  0.285
  41 D   0.71493 0.28507 ( 1)  0.285
  42 Q   0.70837 0.29163 ( 1)  0.292
  43 Q   0.70933 0.29067 ( 1)  0.291
  44 S   0.71456 0.28544 ( 1)  0.285
  45 S   0.71132 0.28868 ( 1)  0.289
  46 A   0.70962 0.29038 ( 1)  0.290
  47 C   0.71315 0.28685 ( 1)  0.287
  48 Q   0.70933 0.29067 ( 1)  0.291
  49 S   0.71295 0.28705 ( 1)  0.287
  50 L   0.70869 0.29131 ( 1)  0.291
  51 L   0.70817 0.29183 ( 1)  0.292
  52 D   0.71493 0.28507 ( 1)  0.285
  53 I   0.71395 0.28605 ( 1)  0.286
  54 I   0.71438 0.28562 ( 1)  0.286
  55 T   0.71427 0.28573 ( 1)  0.286
  56 G   0.71409 0.28591 ( 1)  0.286
  57 L   0.70869 0.29131 ( 1)  0.291
  58 K   0.71300 0.28700 ( 1)  0.287
  59 T   0.70968 0.29032 ( 1)  0.290
  60 Q   0.70933 0.29067 ( 1)  0.291
  61 V   0.70914 0.29086 ( 1)  0.291
  62 D   0.71493 0.28507 ( 1)  0.285
  63 I   0.70923 0.29077 ( 1)  0.291
  64 G   0.70961 0.29039 ( 1)  0.290
  65 S   0.70913 0.29087 ( 1)  0.291
  66 A   0.71257 0.28743 ( 1)  0.287
  67 N   0.70956 0.29044 ( 1)  0.290
  68 L   0.70922 0.29078 ( 1)  0.291
  69 R   0.70989 0.29011 ( 1)  0.290
  70 I   0.71395 0.28605 ( 1)  0.286
  71 F   0.70904 0.29096 ( 1)  0.291
  72 L   0.71299 0.28701 ( 1)  0.287
  73 T   0.70968 0.29032 ( 1)  0.290
  74 S   0.70913 0.29087 ( 1)  0.291
  75 Y   0.71281 0.28719 ( 1)  0.287
  76 N   0.71478 0.28522 ( 1)  0.285
  77 A   0.70907 0.29093 ( 1)  0.291
  78 K   0.71300 0.28700 ( 1)  0.287
  79 N   0.71478 0.28522 ( 1)  0.285
  80 K   0.71300 0.28700 ( 1)  0.287
  81 E   0.71310 0.28690 ( 1)  0.287
  82 E   0.71310 0.28690 ( 1)  0.287
  83 N   0.71478 0.28522 ( 1)  0.285
  84 T   0.70912 0.29088 ( 1)  0.291
  85 I   0.71438 0.28562 ( 1)  0.286
  86 V   0.71276 0.28724 ( 1)  0.287
  87 D   0.70956 0.29044 ( 1)  0.290
  88 R   0.71280 0.28720 ( 1)  0.287
  89 V   0.71435 0.28565 ( 1)  0.286
  90 G   0.70961 0.29039 ( 1)  0.290
  91 I   0.71395 0.28605 ( 1)  0.286
  92 H   0.71355 0.28645 ( 1)  0.286
  93 G   0.71409 0.28591 ( 1)  0.286
  94 M   0.71297 0.28703 ( 1)  0.287
  95 S   0.71132 0.28868 ( 1)  0.289
  96 Y   0.71281 0.28719 ( 1)  0.287
  97 E   0.71009 0.28991 ( 1)  0.290
  98 I   0.70923 0.29077 ( 1)  0.291
  99 L   0.70987 0.29013 ( 1)  0.290
 100 R   0.71232 0.28768 ( 1)  0.288
 101 R   0.70861 0.29139 ( 1)  0.291
 102 R   0.71232 0.28768 ( 1)  0.288
 103 A   0.70907 0.29093 ( 1)  0.291
 104 L   0.70869 0.29131 ( 1)  0.291
 105 Q   0.70837 0.29163 ( 1)  0.292
 106 Y   0.71281 0.28719 ( 1)  0.287
 107 A   0.71410 0.28590 ( 1)  0.286
 108 R   0.71232 0.28768 ( 1)  0.288
 109 E   0.71310 0.28690 ( 1)  0.287
 110 I   0.70923 0.29077 ( 1)  0.291
 111 K   0.71007 0.28993 ( 1)  0.290
 112 Y   0.71281 0.28719 ( 1)  0.287
 113 S   0.71456 0.28544 ( 1)  0.285
 114 L   0.71299 0.28701 ( 1)  0.287
 115 V   0.71435 0.28565 ( 1)  0.286
 116 Q   0.70933 0.29067 ( 1)  0.291
 117 L   0.70879 0.29121 ( 1)  0.291
 118 D   0.71493 0.28507 ( 1)  0.285
 119 S   0.71456 0.28544 ( 1)  0.285
 120 V   0.71276 0.28724 ( 1)  0.287
 121 N   0.71478 0.28522 ( 1)  0.285
 122 E   0.71009 0.28991 ( 1)  0.290
 123 K   0.71300 0.28700 ( 1)  0.287
 124 I   0.71395 0.28605 ( 1)  0.286
 125 K   0.71300 0.28700 ( 1)  0.287
 126 T   0.71427 0.28573 ( 1)  0.286
 127 I   0.70923 0.29077 ( 1)  0.291
 128 K   0.71300 0.28700 ( 1)  0.287
 129 N   0.70956 0.29044 ( 1)  0.290
 130 Y   0.70874 0.29126 ( 1)  0.291
 131 S   0.71295 0.28705 ( 1)  0.287
 132 L   0.70987 0.29013 ( 1)  0.290
 133 I   0.71438 0.28562 ( 1)  0.286
 134 R   0.71280 0.28720 ( 1)  0.287
 135 P   0.70907 0.29093 ( 1)  0.291
 136 L   0.70987 0.29013 ( 1)  0.290
 137 K   0.71300 0.28700 ( 1)  0.287
 138 E   0.71310 0.28690 ( 1)  0.287
 139 V   0.70970 0.29030 ( 1)  0.290
 140 K   0.71300 0.28700 ( 1)  0.287
 141 V   0.70914 0.29086 ( 1)  0.291
 142 S   0.71132 0.28868 ( 1)  0.289
 143 V   0.70970 0.29030 ( 1)  0.290
 144 E   0.71009 0.28991 ( 1)  0.290
 145 Q   0.70933 0.29067 ( 1)  0.291
 146 L   0.70987 0.29013 ( 1)  0.290
 147 K   0.71300 0.28700 ( 1)  0.287
 148 S   0.71456 0.28544 ( 1)  0.285
 149 Q   0.70837 0.29163 ( 1)  0.292
 150 L   0.70987 0.29013 ( 1)  0.290
 151 Q   0.70837 0.29163 ( 1)  0.292
 152 D   0.71493 0.28507 ( 1)  0.285
 153 I   0.71438 0.28562 ( 1)  0.286
 154 S   0.71132 0.28868 ( 1)  0.289
 155 L   0.70922 0.29078 ( 1)  0.291
 156 H   0.70911 0.29089 ( 1)  0.291
 157 L   0.70987 0.29013 ( 1)  0.290
 158 H   0.70911 0.29089 ( 1)  0.291
 159 V   0.71435 0.28565 ( 1)  0.286
 160 D   0.71493 0.28507 ( 1)  0.285
 161 I   0.71438 0.28562 ( 1)  0.286
 162 D   0.71493 0.28507 ( 1)  0.285
 163 G   0.71244 0.28756 ( 1)  0.288
 164 I   0.71438 0.28562 ( 1)  0.286
 165 G   0.71244 0.28756 ( 1)  0.288
 166 R   0.70969 0.29031 ( 1)  0.290
 167 V   0.71435 0.28565 ( 1)  0.286
 168 D   0.70956 0.29044 ( 1)  0.290
 169 G   0.71409 0.28591 ( 1)  0.286
 170 V   0.70970 0.29030 ( 1)  0.290
 171 L   0.70869 0.29131 ( 1)  0.291
 172 E   0.71310 0.28690 ( 1)  0.287
 173 S   0.71132 0.28868 ( 1)  0.289
 174 R   0.70969 0.29031 ( 1)  0.290
 175 I   0.71395 0.28605 ( 1)  0.286
 176 N   0.71478 0.28522 ( 1)  0.285
 177 Y   0.71281 0.28719 ( 1)  0.287
 178 L   0.70817 0.29183 ( 1)  0.292
 179 E   0.71310 0.28690 ( 1)  0.287
 180 Y   0.71281 0.28719 ( 1)  0.287
 181 L   0.70987 0.29013 ( 1)  0.290
 182 S   0.71132 0.28868 ( 1)  0.289
 183 N   0.71478 0.28522 ( 1)  0.285
 184 E   0.71310 0.28690 ( 1)  0.287
 185 L   0.71299 0.28701 ( 1)  0.287
 186 Q   0.70933 0.29067 ( 1)  0.291
 187 S   0.71456 0.28544 ( 1)  0.285
 188 E   0.71310 0.28690 ( 1)  0.287
 189 L   0.70987 0.29013 ( 1)  0.290
 190 F   0.70904 0.29096 ( 1)  0.291
 191 Q   0.70933 0.29067 ( 1)  0.291
 192 L   0.70869 0.29131 ( 1)  0.291
 193 Q   0.70837 0.29163 ( 1)  0.292
 194 N   0.71478 0.28522 ( 1)  0.285
 195 P   0.71248 0.28752 ( 1)  0.288
 196 S   0.71132 0.28868 ( 1)  0.289
 197 S   0.71456 0.28544 ( 1)  0.285
 198 C   0.71315 0.28685 ( 1)  0.287
 199 T   0.71270 0.28730 ( 1)  0.287
 200 K   0.71007 0.28993 ( 1)  0.290
 201 A   0.71410 0.28590 ( 1)  0.286
 202 K   0.71300 0.28700 ( 1)  0.287
 203 Y   0.71281 0.28719 ( 1)  0.287
 204 V   0.70970 0.29030 ( 1)  0.290
 205 V   0.71435 0.28565 ( 1)  0.286
 206 A   0.70907 0.29093 ( 1)  0.291
 207 S   0.70913 0.29087 ( 1)  0.291
 208 L   0.70987 0.29013 ( 1)  0.290
 209 N   0.71478 0.28522 ( 1)  0.285
 210 R   0.71280 0.28720 ( 1)  0.287
 211 P   0.71248 0.28752 ( 1)  0.288
 212 C   0.71315 0.28685 ( 1)  0.287
 213 A   0.71257 0.28743 ( 1)  0.287
 214 F   0.70904 0.29096 ( 1)  0.291
 215 G   0.71409 0.28591 ( 1)  0.286
 216 C   0.71315 0.28685 ( 1)  0.287
 217 N   0.71478 0.28522 ( 1)  0.285
 218 A   0.71257 0.28743 ( 1)  0.287
 219 H   0.71355 0.28645 ( 1)  0.286
 220 H   0.70911 0.29089 ( 1)  0.291
 221 L   0.70987 0.29013 ( 1)  0.290
 222 M   0.71297 0.28703 ( 1)  0.287
 223 H   0.71355 0.28645 ( 1)  0.286
 224 C   0.71315 0.28685 ( 1)  0.287
 225 F   0.71310 0.28690 ( 1)  0.287
 226 Q   0.70933 0.29067 ( 1)  0.291
 227 M   0.71297 0.28703 ( 1)  0.287
 228 A   0.70907 0.29093 ( 1)  0.291
 229 Y   0.71281 0.28719 ( 1)  0.287
 230 A   0.71257 0.28743 ( 1)  0.287
 231 T   0.71170 0.28830 ( 1)  0.288
 232 G   0.70961 0.29039 ( 1)  0.290
 233 R   0.71232 0.28768 ( 1)  0.288
 234 T   0.71270 0.28730 ( 1)  0.287
 235 L   0.70987 0.29013 ( 1)  0.290
 236 I   0.70923 0.29077 ( 1)  0.291
 237 L   0.70817 0.29183 ( 1)  0.292
 238 D   0.71493 0.28507 ( 1)  0.285
 239 P   0.71248 0.28752 ( 1)  0.288
 240 T   0.70968 0.29032 ( 1)  0.290
 241 D   0.71493 0.28507 ( 1)  0.285
 242 G   0.70961 0.29039 ( 1)  0.290
 243 E   0.71009 0.28991 ( 1)  0.290
 244 G   0.71244 0.28756 ( 1)  0.288
 245 Y   0.70874 0.29126 ( 1)  0.291
 246 T   0.71270 0.28730 ( 1)  0.287
 247 Q   0.70933 0.29067 ( 1)  0.291
 248 W   0.70821 0.29179 ( 1)  0.292
 249 W   0.70821 0.29179 ( 1)  0.292
 250 M   0.71297 0.28703 ( 1)  0.287
 251 K   0.71300 0.28700 ( 1)  0.287
 252 N   0.71478 0.28522 ( 1)  0.285
 253 F   0.71310 0.28690 ( 1)  0.287
 254 V   0.70970 0.29030 ( 1)  0.290
 255 P   0.71131 0.28869 ( 1)  0.289
 256 L   0.70987 0.29013 ( 1)  0.290
 257 S   0.71295 0.28705 ( 1)  0.287
 258 Q   0.70837 0.29163 ( 1)  0.292
 259 K   0.71300 0.28700 ( 1)  0.287
 260 C   0.70886 0.29114 ( 1)  0.291
 261 S   0.71456 0.28544 ( 1)  0.285
 262 I   0.71395 0.28605 ( 1)  0.286
 263 N   0.71478 0.28522 ( 1)  0.285
 264 D   0.71493 0.28507 ( 1)  0.285
 265 I   0.71438 0.28562 ( 1)  0.286
 266 Q   0.70837 0.29163 ( 1)  0.292
 267 S   0.70913 0.29087 ( 1)  0.291
 268 N   0.71478 0.28522 ( 1)  0.285
 269 I   0.70923 0.29077 ( 1)  0.291
 270 H   0.71355 0.28645 ( 1)  0.286
 271 S   0.71295 0.28705 ( 1)  0.287
 272 D   0.71493 0.28507 ( 1)  0.285
 273 F   0.71310 0.28690 ( 1)  0.287
 274 S   0.71295 0.28705 ( 1)  0.287
 275 A   0.71410 0.28590 ( 1)  0.286
 276 G   0.71244 0.28756 ( 1)  0.288
 277 E   0.71009 0.28991 ( 1)  0.290
 278 A   0.71257 0.28743 ( 1)  0.287
 279 S   0.71295 0.28705 ( 1)  0.287
 280 N   0.71478 0.28522 ( 1)  0.285
 281 I   0.00000 1.00000 ( 2)  1.000
 282 Y   0.71281 0.28719 ( 1)  0.287
 283 Q   0.70933 0.29067 ( 1)  0.291
 284 A   0.71257 0.28743 ( 1)  0.287
 285 I   0.71438 0.28562 ( 1)  0.286
 286 E   0.71009 0.28991 ( 1)  0.290
 287 C   0.71315 0.28685 ( 1)  0.287
 288 P   0.70907 0.29093 ( 1)  0.291
 289 R   0.70861 0.29139 ( 1)  0.291
 290 I   0.71395 0.28605 ( 1)  0.286
 291 D   0.71493 0.28507 ( 1)  0.285
 292 A   0.71257 0.28743 ( 1)  0.287
 293 V   0.71276 0.28724 ( 1)  0.287
 294 S   0.70933 0.29067 ( 1)  0.291
 295 S   0.71295 0.28705 ( 1)  0.287
 296 S   0.71132 0.28868 ( 1)  0.289
 297 F   0.71310 0.28690 ( 1)  0.287
 298 D   0.71493 0.28507 ( 1)  0.285
 299 W   0.70821 0.29179 ( 1)  0.292
 300 V   0.00000 1.00000 ( 2)  1.000
 301 P   0.71248 0.28752 ( 1)  0.288
 302 P   0.71131 0.28869 ( 1)  0.289
 303 A   0.71410 0.28590 ( 1)  0.286
 304 V   0.71435 0.28565 ( 1)  0.286
 305 P   0.71131 0.28869 ( 1)  0.289
 306 S   0.70933 0.29067 ( 1)  0.291
 307 H   0.71355 0.28645 ( 1)  0.286
 308 L   0.70869 0.29131 ( 1)  0.291
 309 S   0.70933 0.29067 ( 1)  0.291
 310 K   0.71300 0.28700 ( 1)  0.287
 311 I   0.71395 0.28605 ( 1)  0.286
 312 L   0.71299 0.28701 ( 1)  0.287
 313 T   0.70968 0.29032 ( 1)  0.290
 314 R   0.71232 0.28768 ( 1)  0.288
 315 L   0.70987 0.29013 ( 1)  0.290
 316 H   0.71355 0.28645 ( 1)  0.286
 317 G   0.71409 0.28591 ( 1)  0.286
 318 A   0.70907 0.29093 ( 1)  0.291
 319 P   0.71131 0.28869 ( 1)  0.289
 320 F   0.71310 0.28690 ( 1)  0.287
 321 V   0.70970 0.29030 ( 1)  0.290
 322 W   0.70821 0.29179 ( 1)  0.292
 323 F   0.70904 0.29096 ( 1)  0.291
 324 I   0.71438 0.28562 ( 1)  0.286
 325 G   0.71409 0.28591 ( 1)  0.286
 326 Q   0.70837 0.29163 ( 1)  0.292
 327 L   0.70869 0.29131 ( 1)  0.291
 328 G   0.71409 0.28591 ( 1)  0.286
 329 K   0.71300 0.28700 ( 1)  0.287
 330 F   0.71310 0.28690 ( 1)  0.287
 331 L   0.70987 0.29013 ( 1)  0.290
 332 M   0.71297 0.28703 ( 1)  0.287
 333 R   0.71232 0.28768 ( 1)  0.288
 334 P   0.71131 0.28869 ( 1)  0.289
 335 T   0.70968 0.29032 ( 1)  0.290
 336 F   0.70904 0.29096 ( 1)  0.291
 337 N   0.70956 0.29044 ( 1)  0.290
 338 L   0.70987 0.29013 ( 1)  0.290
 339 T   0.71427 0.28573 ( 1)  0.286
 340 E   0.71310 0.28690 ( 1)  0.287
 341 E   0.00000 1.00000 ( 2)  1.000
 342 F   0.71310 0.28690 ( 1)  0.287
 343 K   0.71300 0.28700 ( 1)  0.287
 344 I   0.71395 0.28605 ( 1)  0.286
 345 F   0.70904 0.29096 ( 1)  0.291
 346 D   0.70956 0.29044 ( 1)  0.290
 347 N   0.71478 0.28522 ( 1)  0.285
 348 Q   0.70933 0.29067 ( 1)  0.291
 349 S   0.71295 0.28705 ( 1)  0.287
 350 D   0.71493 0.28507 ( 1)  0.285
 351 N   0.71478 0.28522 ( 1)  0.285
 352 P   0.71131 0.28869 ( 1)  0.289
 353 I   0.71438 0.28562 ( 1)  0.286
 354 V   0.71435 0.28565 ( 1)  0.286
 355 G   0.71409 0.28591 ( 1)  0.286
 356 I   0.71438 0.28562 ( 1)  0.286
 357 H   0.71355 0.28645 ( 1)  0.286
 358 V   0.70914 0.29086 ( 1)  0.291
 359 R   0.70969 0.29031 ( 1)  0.290
 360 R   0.71232 0.28768 ( 1)  0.288
 361 T   0.70968 0.29032 ( 1)  0.290
 362 D   0.71493 0.28507 ( 1)  0.285
 363 K   0.71300 0.28700 ( 1)  0.287
 364 I   0.71395 0.28605 ( 1)  0.286
 365 N   0.71478 0.28522 ( 1)  0.285
 366 T   0.71427 0.28573 ( 1)  0.286
 367 E   0.71310 0.28690 ( 1)  0.287
 368 A   0.70962 0.29038 ( 1)  0.290
 369 S   0.71456 0.28544 ( 1)  0.285
 370 F   0.71310 0.28690 ( 1)  0.287
 371 H   0.71355 0.28645 ( 1)  0.286
 372 S   0.71456 0.28544 ( 1)  0.285
 373 L   0.70987 0.29013 ( 1)  0.290
 374 E   0.71310 0.28690 ( 1)  0.287
 375 E   0.71310 0.28690 ( 1)  0.287
 376 Y   0.71281 0.28719 ( 1)  0.287
 377 M   0.71297 0.28703 ( 1)  0.287
 378 T   0.71427 0.28573 ( 1)  0.286
 379 E   0.71310 0.28690 ( 1)  0.287
 380 V   0.71435 0.28565 ( 1)  0.286
 381 E   0.71310 0.28690 ( 1)  0.287
 382 S   0.70933 0.29067 ( 1)  0.291
 383 Y   0.71281 0.28719 ( 1)  0.287
 384 F   0.70904 0.29096 ( 1)  0.291
 385 Q   0.70933 0.29067 ( 1)  0.291
 386 F   0.70904 0.29096 ( 1)  0.291
 387 I   0.71395 0.28605 ( 1)  0.286
 388 D   0.71493 0.28507 ( 1)  0.285
 389 A   0.70907 0.29093 ( 1)  0.291
 390 K   0.71300 0.28700 ( 1)  0.287
 391 R   0.71232 0.28768 ( 1)  0.288
 392 Q   0.70933 0.29067 ( 1)  0.291
 393 M   0.71297 0.28703 ( 1)  0.287
 394 M   0.71297 0.28703 ( 1)  0.287
 395 S   0.71295 0.28705 ( 1)  0.287
 396 R   0.71280 0.28720 ( 1)  0.287
 397 T   0.71427 0.28573 ( 1)  0.286
 398 K   0.71300 0.28700 ( 1)  0.287
 399 E   0.71310 0.28690 ( 1)  0.287
 400 W   0.70821 0.29179 ( 1)  0.292
 401 R   0.71280 0.28720 ( 1)  0.287
 402 N   0.71478 0.28522 ( 1)  0.285
 403 D   0.71493 0.28507 ( 1)  0.285
 404 I   0.70923 0.29077 ( 1)  0.291
 405 K   0.71300 0.28700 ( 1)  0.287
 406 S   0.71132 0.28868 ( 1)  0.289
 407 P   0.70907 0.29093 ( 1)  0.291
 408 F   0.71310 0.28690 ( 1)  0.287
 409 R   0.71232 0.28768 ( 1)  0.288
 410 H   0.71355 0.28645 ( 1)  0.286
 411 N   0.71478 0.28522 ( 1)  0.285
 412 V   0.71276 0.28724 ( 1)  0.287
 413 Y   0.71281 0.28719 ( 1)  0.287
 414 H   0.71355 0.28645 ( 1)  0.286
 415 Q   0.70933 0.29067 ( 1)  0.291
 416 L   0.70869 0.29131 ( 1)  0.291
 417 K   0.71300 0.28700 ( 1)  0.287
 418 P   0.71131 0.28869 ( 1)  0.289
 419 V   0.71276 0.28724 ( 1)  0.287
 420 K   0.71300 0.28700 ( 1)  0.287
 421 R   0.70969 0.29031 ( 1)  0.290
 422 R   0.71232 0.28768 ( 1)  0.288
 423 V   0.71435 0.28565 ( 1)  0.286
 424 Y   0.71281 0.28719 ( 1)  0.287
 425 I   0.71395 0.28605 ( 1)  0.286
 426 A   0.71410 0.28590 ( 1)  0.286
 427 T   0.71270 0.28730 ( 1)  0.287
 428 D   0.70956 0.29044 ( 1)  0.290
 429 D   0.70956 0.29044 ( 1)  0.290
 430 P   0.71248 0.28752 ( 1)  0.288
 431 N   0.71478 0.28522 ( 1)  0.285
 432 I   0.71395 0.28605 ( 1)  0.286
 433 F   0.71310 0.28690 ( 1)  0.287
 434 D   0.71493 0.28507 ( 1)  0.285
 435 E   0.71009 0.28991 ( 1)  0.290
 436 A   0.71410 0.28590 ( 1)  0.286
 437 K   0.71300 0.28700 ( 1)  0.287
 438 S   0.71132 0.28868 ( 1)  0.289
 439 K   0.71007 0.28993 ( 1)  0.290
 440 Y   0.71281 0.28719 ( 1)  0.287
 441 P   0.70866 0.29134 ( 1)  0.291
 442 N   0.71478 0.28522 ( 1)  0.285
 443 Y   0.71281 0.28719 ( 1)  0.287
 444 T   0.71270 0.28730 ( 1)  0.287
 445 F   0.71310 0.28690 ( 1)  0.287
 446 Y   0.71281 0.28719 ( 1)  0.287
 447 G   0.71409 0.28591 ( 1)  0.286
 448 D   0.71493 0.28507 ( 1)  0.285
 449 R   0.71232 0.28768 ( 1)  0.288
 450 G   0.00000 1.00000 ( 2)  1.000
 451 R   0.71232 0.28768 ( 1)  0.288
 452 A   0.71410 0.28590 ( 1)  0.286
 453 D   0.71493 0.28507 ( 1)  0.285
 454 S   0.71132 0.28868 ( 1)  0.289
 455 A   0.71410 0.28590 ( 1)  0.286
 456 S   0.71295 0.28705 ( 1)  0.287
 457 L   0.71299 0.28701 ( 1)  0.287
 458 F   0.70904 0.29096 ( 1)  0.291
 459 R   0.71280 0.28720 ( 1)  0.287
 460 R   0.71280 0.28720 ( 1)  0.287
 461 K   0.71300 0.28700 ( 1)  0.287
 462 N   0.71478 0.28522 ( 1)  0.285
 463 E   0.71310 0.28690 ( 1)  0.287
 464 D   0.71493 0.28507 ( 1)  0.285
 465 S   0.71295 0.28705 ( 1)  0.287
 466 I   0.71438 0.28562 ( 1)  0.286
 467 M   0.71297 0.28703 ( 1)  0.287
 468 G   0.71409 0.28591 ( 1)  0.286
 469 V   0.71276 0.28724 ( 1)  0.287
 470 V   0.71276 0.28724 ( 1)  0.287
 471 T   0.71427 0.28573 ( 1)  0.286
 472 D   0.70956 0.29044 ( 1)  0.290
 473 V   0.70970 0.29030 ( 1)  0.290
 474 F   0.71310 0.28690 ( 1)  0.287
 475 A   0.71410 0.28590 ( 1)  0.286
 476 L   0.70987 0.29013 ( 1)  0.290
 477 S   0.71132 0.28868 ( 1)  0.289
 478 R   0.71280 0.28720 ( 1)  0.287
 479 T   0.71270 0.28730 ( 1)  0.287
 480 N   0.71478 0.28522 ( 1)  0.285
 481 Y   0.71281 0.28719 ( 1)  0.287
 482 L   0.70987 0.29013 ( 1)  0.290
 483 V   0.71435 0.28565 ( 1)  0.286
 484 C   0.71315 0.28685 ( 1)  0.287
 485 T   0.71427 0.28573 ( 1)  0.286
 486 F   0.71310 0.28690 ( 1)  0.287
 487 S   0.71295 0.28705 ( 1)  0.287
 488 S   0.71132 0.28868 ( 1)  0.289
 489 Q   0.70837 0.29163 ( 1)  0.292
 490 V   0.71435 0.28565 ( 1)  0.286
 491 C   0.71315 0.28685 ( 1)  0.287
 492 R   0.70969 0.29031 ( 1)  0.290
 493 L   0.70987 0.29013 ( 1)  0.290
 494 A   0.71410 0.28590 ( 1)  0.286
 495 Y   0.71079 0.28921 ( 1)  0.289
 496 E   0.71310 0.28690 ( 1)  0.287
 497 L   0.70869 0.29131 ( 1)  0.291
 498 M   0.71297 0.28703 ( 1)  0.287
 499 Q   0.70837 0.29163 ( 1)  0.292
 500 S   0.71295 0.28705 ( 1)  0.287
 501 N   0.71478 0.28522 ( 1)  0.285
 502 H   0.71355 0.28645 ( 1)  0.286
 503 L   0.70987 0.29013 ( 1)  0.290
 504 E   0.71310 0.28690 ( 1)  0.287
 505 L   0.70987 0.29013 ( 1)  0.290
 506 G   0.71409 0.28591 ( 1)  0.286
 507 D   0.71493 0.28507 ( 1)  0.285
 508 A   0.71257 0.28743 ( 1)  0.287
 509 S   0.71456 0.28544 ( 1)  0.285
 510 Q   0.70933 0.29067 ( 1)  0.291
 511 Q   0.70933 0.29067 ( 1)  0.291
 512 F   0.71310 0.28690 ( 1)  0.287
 513 R   0.71232 0.28768 ( 1)  0.288
 514 S   0.71132 0.28868 ( 1)  0.289
 515 L   0.70987 0.29013 ( 1)  0.290
 516 D   0.71493 0.28507 ( 1)  0.285
 517 D   0.71493 0.28507 ( 1)  0.285
 518 I   0.71395 0.28605 ( 1)  0.286
 519 Y   0.71281 0.28719 ( 1)  0.287
 520 Y   0.70874 0.29126 ( 1)  0.291
 521 F   0.71310 0.28690 ( 1)  0.287
 522 G   0.71409 0.28591 ( 1)  0.286
 523 G   0.71244 0.28756 ( 1)  0.288
 524 Q   0.70933 0.29067 ( 1)  0.291
 525 Q   0.70933 0.29067 ( 1)  0.291
 526 S   0.71295 0.28705 ( 1)  0.287
 527 S   0.71132 0.28868 ( 1)  0.289
 528 P   0.71131 0.28869 ( 1)  0.289
 529 Y   0.71281 0.28719 ( 1)  0.287
 530 E   0.71310 0.28690 ( 1)  0.287
 531 T   0.71270 0.28730 ( 1)  0.287
 532 I   0.71395 0.28605 ( 1)  0.286
 533 I   0.71395 0.28605 ( 1)  0.286
 534 S   0.71132 0.28868 ( 1)  0.289
 535 D   0.71493 0.28507 ( 1)  0.285
 536 K   0.71300 0.28700 ( 1)  0.287
 537 E   0.71310 0.28690 ( 1)  0.287
 538 N   0.71478 0.28522 ( 1)  0.285
 539 D   0.71493 0.28507 ( 1)  0.285
 540 L   0.70987 0.29013 ( 1)  0.290
 541 S   0.71295 0.28705 ( 1)  0.287
 542 P   0.71248 0.28752 ( 1)  0.288
 543 G   0.71409 0.28591 ( 1)  0.286
 544 D   0.71493 0.28507 ( 1)  0.285
 545 L   0.70987 0.29013 ( 1)  0.290
 546 V   0.71435 0.28565 ( 1)  0.286
 547 H   0.70911 0.29089 ( 1)  0.291
 548 F   0.71310 0.28690 ( 1)  0.287
 549 H   0.71355 0.28645 ( 1)  0.286
 550 G   0.71409 0.28591 ( 1)  0.286
 551 N   0.71478 0.28522 ( 1)  0.285
 552 H   0.71355 0.28645 ( 1)  0.286
 553 W   0.70821 0.29179 ( 1)  0.292
 554 N   0.71478 0.28522 ( 1)  0.285
 555 G   0.71409 0.28591 ( 1)  0.286
 556 Y   0.71281 0.28719 ( 1)  0.287
 557 A   0.71257 0.28743 ( 1)  0.287
 558 R   0.71280 0.28720 ( 1)  0.287
 559 V   0.71435 0.28565 ( 1)  0.286
 560 E   0.71310 0.28690 ( 1)  0.287
 561 K   0.71007 0.28993 ( 1)  0.290
 562 L   0.70817 0.29183 ( 1)  0.292
 563 N   0.71478 0.28522 ( 1)  0.285
 564 T   0.71427 0.28573 ( 1)  0.286
 565 N   0.71478 0.28522 ( 1)  0.285
 566 R   0.71232 0.28768 ( 1)  0.288
 567 K   0.71300 0.28700 ( 1)  0.287
 568 V   0.71276 0.28724 ( 1)  0.287
 569 M   0.71297 0.28703 ( 1)  0.287
 570 A   0.71257 0.28743 ( 1)  0.287
 571 P   0.71131 0.28869 ( 1)  0.289
 572 A   0.71257 0.28743 ( 1)  0.287
 573 F   0.71310 0.28690 ( 1)  0.287
 574 K   0.71300 0.28700 ( 1)  0.287
 575 F   0.71310 0.28690 ( 1)  0.287
 576 S   0.71295 0.28705 ( 1)  0.287
 577 S   0.71132 0.28868 ( 1)  0.289
 578 R   0.71280 0.28720 ( 1)  0.287
 579 L   0.70987 0.29013 ( 1)  0.290
 580 L   0.70987 0.29013 ( 1)  0.290
 581 S   0.71456 0.28544 ( 1)  0.285
 582 A   0.71410 0.28590 ( 1)  0.286
 583 P   0.71248 0.28752 ( 1)  0.288
 584 M   0.71297 0.28703 ( 1)  0.287
 585 I   0.71438 0.28562 ( 1)  0.286
 586 G   0.71409 0.28591 ( 1)  0.286
 587 A   0.70907 0.29093 ( 1)  0.291
 588 H   0.71355 0.28645 ( 1)  0.286
 589 G   0.71244 0.28756 ( 1)  0.288
 590 N   0.71478 0.28522 ( 1)  0.285
 591 R   0.70969 0.29031 ( 1)  0.290
 592 S   0.71295 0.28705 ( 1)  0.287
 593 E   0.71310 0.28690 ( 1)  0.287
 594 F   0.71310 0.28690 ( 1)  0.287
 595 T   0.71427 0.28573 ( 1)  0.286
 596 F   0.71310 0.28690 ( 1)  0.287
 597 D   0.71493 0.28507 ( 1)  0.285
 598 Y   0.71281 0.28719 ( 1)  0.287
 599 K   0.71300 0.28700 ( 1)  0.287


lnL = -2391.048608

