Supplemental results for CODEML (seqf: algn  treef: tree)


dN/dS (w) for site classes (K=3)

p:   0.99996  0.00000  0.00004
w:   0.20531  1.00000  1.00000

Naive Empirical Bayes (NEB) probabilities for 3 classes & postmean_w
(amino acids refer to 1st sequence: Msl.16751)

   1 M   0.99996 0.00000 0.00004 ( 1)  0.205
   2 D   0.99996 0.00000 0.00004 ( 1)  0.205
   3 Q   0.99996 0.00000 0.00004 ( 1)  0.205
   4 D   0.99983 0.00000 0.00017 ( 1)  0.205
   5 C   0.99996 0.00000 0.00004 ( 1)  0.205
   6 L   0.99996 0.00000 0.00004 ( 1)  0.205
   7 V   0.99996 0.00000 0.00004 ( 1)  0.205
   8 Q   0.99996 0.00000 0.00004 ( 1)  0.205
   9 G   0.99996 0.00000 0.00004 ( 1)  0.205
  10 I   0.99996 0.00000 0.00004 ( 1)  0.205
  11 S   0.99996 0.00000 0.00004 ( 1)  0.205
  12 D   0.99997 0.00000 0.00003 ( 1)  0.205
  13 P   0.99996 0.00000 0.00004 ( 1)  0.205
  14 V   0.99996 0.00000 0.00004 ( 1)  0.205
  15 S   0.99996 0.00000 0.00004 ( 1)  0.205
  16 A   0.99996 0.00000 0.00004 ( 1)  0.205
  17 V   0.99996 0.00000 0.00004 ( 1)  0.205
  18 M   0.99996 0.00000 0.00004 ( 1)  0.205
  19 K   0.99996 0.00000 0.00004 ( 1)  0.205
  20 G   0.99996 0.00000 0.00004 ( 1)  0.205
  21 F   0.99996 0.00000 0.00004 ( 1)  0.205
  22 D   0.99996 0.00000 0.00004 ( 1)  0.205
  23 G   0.99996 0.00000 0.00004 ( 1)  0.205
  24 R   0.99996 0.00000 0.00004 ( 1)  0.205
  25 E   0.99997 0.00000 0.00003 ( 1)  0.205
  26 L   0.99996 0.00000 0.00004 ( 1)  0.205
  27 S   0.99996 0.00000 0.00004 ( 1)  0.205
  28 I   0.99996 0.00000 0.00004 ( 1)  0.205
  29 I   0.99983 0.00000 0.00017 ( 1)  0.205
  30 S   0.99996 0.00000 0.00004 ( 1)  0.205
  31 L   0.99996 0.00000 0.00004 ( 1)  0.205
  32 A   0.99996 0.00000 0.00004 ( 1)  0.205
  33 T   0.99996 0.00000 0.00004 ( 1)  0.205
  34 Q   0.99996 0.00000 0.00004 ( 1)  0.205
  35 T   0.99996 0.00000 0.00004 ( 1)  0.205
  36 E   0.99997 0.00000 0.00003 ( 1)  0.205
  37 W   0.99996 0.00000 0.00004 ( 1)  0.205
  38 S   0.99996 0.00000 0.00004 ( 1)  0.205
  39 W   0.99996 0.00000 0.00004 ( 1)  0.205
  40 I   0.99996 0.00000 0.00004 ( 1)  0.205
  41 E   0.99997 0.00000 0.00003 ( 1)  0.205
  42 D   0.99996 0.00000 0.00004 ( 1)  0.205
  43 M   0.99996 0.00000 0.00004 ( 1)  0.205
  44 R   0.99996 0.00000 0.00004 ( 1)  0.205
  45 L   0.99996 0.00000 0.00004 ( 1)  0.205
  46 R   0.99996 0.00000 0.00004 ( 1)  0.205
  47 Q   0.99996 0.00000 0.00004 ( 1)  0.205
  48 Q   0.99996 0.00000 0.00004 ( 1)  0.205
  49 S   0.99996 0.00000 0.00004 ( 1)  0.205
  50 D   0.99996 0.00000 0.00004 ( 1)  0.205
  51 Q   0.99996 0.00000 0.00004 ( 1)  0.205
  52 Q   0.99996 0.00000 0.00004 ( 1)  0.205
  53 S   0.99996 0.00000 0.00004 ( 1)  0.205
  54 V   0.99996 0.00000 0.00004 ( 1)  0.205
  55 K   0.99996 0.00000 0.00004 ( 1)  0.205
  56 S   0.99996 0.00000 0.00004 ( 1)  0.205
  57 E   0.99996 0.00000 0.00004 ( 1)  0.205
  58 P   0.99996 0.00000 0.00004 ( 1)  0.205
  59 G   0.99996 0.00000 0.00004 ( 1)  0.205
  60 N   0.99996 0.00000 0.00004 ( 1)  0.205
  61 A   0.99996 0.00000 0.00004 ( 1)  0.205
  62 E   0.99997 0.00000 0.00003 ( 1)  0.205
  63 S   0.99996 0.00000 0.00004 ( 1)  0.205
  64 G   0.99996 0.00000 0.00004 ( 1)  0.205
  65 R   0.99996 0.00000 0.00004 ( 1)  0.205
  66 K   0.99996 0.00000 0.00004 ( 1)  0.205
  67 E   0.99997 0.00000 0.00003 ( 1)  0.205
  68 E   0.99982 0.00000 0.00018 ( 1)  0.205
  69 D   0.99997 0.00000 0.00003 ( 1)  0.205
  70 V   0.99996 0.00000 0.00004 ( 1)  0.205
  71 I   0.99996 0.00000 0.00004 ( 1)  0.205
  72 E   0.99997 0.00000 0.00003 ( 1)  0.205
  73 A   0.99983 0.00000 0.00017 ( 1)  0.205
  74 Q   0.99996 0.00000 0.00004 ( 1)  0.205
  75 S   0.99996 0.00000 0.00004 ( 1)  0.205
  76 G   0.99996 0.00000 0.00004 ( 1)  0.205
  77 A   0.99996 0.00000 0.00004 ( 1)  0.205
  78 G   0.99996 0.00000 0.00004 ( 1)  0.205
  79 G   0.99996 0.00000 0.00004 ( 1)  0.205
  80 S   0.99996 0.00000 0.00004 ( 1)  0.205
  81 S   0.99996 0.00000 0.00004 ( 1)  0.205
  82 Q   0.99996 0.00000 0.00004 ( 1)  0.205
  83 R   0.99996 0.00000 0.00004 ( 1)  0.205
  84 K   0.99996 0.00000 0.00004 ( 1)  0.205
  85 R   0.99996 0.00000 0.00004 ( 1)  0.205
  86 G   0.99996 0.00000 0.00004 ( 1)  0.205
  87 G   0.99996 0.00000 0.00004 ( 1)  0.205
  88 P   0.99996 0.00000 0.00004 ( 1)  0.205
  89 R   0.99996 0.00000 0.00004 ( 1)  0.205
  90 S   0.99996 0.00000 0.00004 ( 1)  0.205
  91 S   0.99996 0.00000 0.00004 ( 1)  0.205
  92 R   0.99996 0.00000 0.00004 ( 1)  0.205
  93 S   0.99996 0.00000 0.00004 ( 1)  0.205
  94 S   0.99996 0.00000 0.00004 ( 1)  0.205
  95 M   0.99996 0.00000 0.00004 ( 1)  0.205
  96 R   0.99996 0.00000 0.00004 ( 1)  0.205
  97 S   0.99996 0.00000 0.00004 ( 1)  0.205
  98 G   0.99996 0.00000 0.00004 ( 1)  0.205
  99 R   0.99996 0.00000 0.00004 ( 1)  0.205
 100 S   0.99996 0.00000 0.00004 ( 1)  0.205
 101 G   0.99996 0.00000 0.00004 ( 1)  0.205
 102 G   0.99996 0.00000 0.00004 ( 1)  0.205
 103 S   0.99996 0.00000 0.00004 ( 1)  0.205
 104 S   0.99996 0.00000 0.00004 ( 1)  0.205
 105 Q   0.99996 0.00000 0.00004 ( 1)  0.205
 106 S   0.99996 0.00000 0.00004 ( 1)  0.205
 107 G   0.99996 0.00000 0.00004 ( 1)  0.205
 108 R   0.99996 0.00000 0.00004 ( 1)  0.205
 109 L   0.99996 0.00000 0.00004 ( 1)  0.205
 110 G   0.99996 0.00000 0.00004 ( 1)  0.205
 111 R   0.99996 0.00000 0.00004 ( 1)  0.205
 112 S   0.99996 0.00000 0.00004 ( 1)  0.205
 113 R   0.99996 0.00000 0.00004 ( 1)  0.205
 114 A   0.99996 0.00000 0.00004 ( 1)  0.205
 115 G   0.99996 0.00000 0.00004 ( 1)  0.205
 116 G   0.99996 0.00000 0.00004 ( 1)  0.205
 117 L   0.99996 0.00000 0.00004 ( 1)  0.205
 118 T   0.99996 0.00000 0.00004 ( 1)  0.205
 119 I   0.99996 0.00000 0.00004 ( 1)  0.205
 120 P   0.99996 0.00000 0.00004 ( 1)  0.205
 121 A   0.99996 0.00000 0.00004 ( 1)  0.205
 122 Y   0.99996 0.00000 0.00004 ( 1)  0.205
 123 P   0.99996 0.00000 0.00004 ( 1)  0.205
 124 E   0.99997 0.00000 0.00003 ( 1)  0.205
 125 P   0.99996 0.00000 0.00004 ( 1)  0.205
 126 R   0.99996 0.00000 0.00004 ( 1)  0.205
 127 V   0.99996 0.00000 0.00004 ( 1)  0.205
 128 D   0.99996 0.00000 0.00004 ( 1)  0.205
 129 D   0.99996 0.00000 0.00004 ( 1)  0.205
 130 E   0.99997 0.00000 0.00003 ( 1)  0.205
 131 F   0.99996 0.00000 0.00004 ( 1)  0.205
 132 G   0.99996 0.00000 0.00004 ( 1)  0.205
 133 V   0.99996 0.00000 0.00004 ( 1)  0.205
 134 L   0.99996 0.00000 0.00004 ( 1)  0.205
 135 L   0.99996 0.00000 0.00004 ( 1)  0.205
 136 V   0.99996 0.00000 0.00004 ( 1)  0.205
 137 Q   0.99996 0.00000 0.00004 ( 1)  0.205
 138 D   0.99997 0.00000 0.00003 ( 1)  0.205
 139 D   0.99997 0.00000 0.00003 ( 1)  0.205
 140 D   0.99997 0.00000 0.00003 ( 1)  0.205
 141 S   0.99996 0.00000 0.00004 ( 1)  0.205
 142 D   0.99996 0.00000 0.00004 ( 1)  0.205
 143 L   0.99996 0.00000 0.00004 ( 1)  0.205
 144 S   0.99996 0.00000 0.00004 ( 1)  0.205
 145 D   0.99997 0.00000 0.00003 ( 1)  0.205
 146 T   0.99996 0.00000 0.00004 ( 1)  0.205
 147 N   0.99996 0.00000 0.00004 ( 1)  0.205
 148 V   0.99996 0.00000 0.00004 ( 1)  0.205
 149 K   0.99996 0.00000 0.00004 ( 1)  0.205
 150 G   0.99996 0.00000 0.00004 ( 1)  0.205
 151 D   0.99997 0.00000 0.00003 ( 1)  0.205
 152 S   0.99996 0.00000 0.00004 ( 1)  0.205
 153 L   0.99996 0.00000 0.00004 ( 1)  0.205
 154 V   0.99996 0.00000 0.00004 ( 1)  0.205
 155 N   0.99996 0.00000 0.00004 ( 1)  0.205
 156 S   0.99996 0.00000 0.00004 ( 1)  0.205
 157 G   0.99996 0.00000 0.00004 ( 1)  0.205
 158 S   0.99996 0.00000 0.00004 ( 1)  0.205
 159 S   0.99996 0.00000 0.00004 ( 1)  0.205
 160 K   0.99996 0.00000 0.00004 ( 1)  0.205
 161 N   0.99996 0.00000 0.00004 ( 1)  0.205
 162 A   0.99996 0.00000 0.00004 ( 1)  0.205
 163 G   0.99996 0.00000 0.00004 ( 1)  0.205
 164 L   0.99996 0.00000 0.00004 ( 1)  0.205
 165 E   0.99996 0.00000 0.00004 ( 1)  0.205
 166 T   0.99996 0.00000 0.00004 ( 1)  0.205
 167 V   0.99996 0.00000 0.00004 ( 1)  0.205
 168 D   0.99996 0.00000 0.00004 ( 1)  0.205
 169 T   0.99996 0.00000 0.00004 ( 1)  0.205
 170 A   0.99996 0.00000 0.00004 ( 1)  0.205
 171 E   0.99997 0.00000 0.00003 ( 1)  0.205
 172 A   0.99996 0.00000 0.00004 ( 1)  0.205
 173 V   0.99996 0.00000 0.00004 ( 1)  0.205
 174 G   0.99996 0.00000 0.00004 ( 1)  0.205
 175 V   0.99996 0.00000 0.00004 ( 1)  0.205
 176 A   0.99996 0.00000 0.00004 ( 1)  0.205
 177 D   0.99996 0.00000 0.00004 ( 1)  0.205
 178 E   0.99996 0.00000 0.00004 ( 1)  0.205
 179 E   0.99997 0.00000 0.00003 ( 1)  0.205
 180 P   0.99996 0.00000 0.00004 ( 1)  0.205
 181 A   0.99996 0.00000 0.00004 ( 1)  0.205
 182 A   0.99996 0.00000 0.00004 ( 1)  0.205
 183 D   0.99996 0.00000 0.00004 ( 1)  0.205
 184 N   0.99996 0.00000 0.00004 ( 1)  0.205
 185 G   0.99996 0.00000 0.00004 ( 1)  0.205
 186 L   0.99996 0.00000 0.00004 ( 1)  0.205
 187 L   0.99996 0.00000 0.00004 ( 1)  0.205
 188 P   0.99996 0.00000 0.00004 ( 1)  0.205
 189 S   0.99996 0.00000 0.00004 ( 1)  0.205
 190 V   0.99996 0.00000 0.00004 ( 1)  0.205
 191 G   0.99996 0.00000 0.00004 ( 1)  0.205
 192 P   0.99996 0.00000 0.00004 ( 1)  0.205
 193 P   0.99996 0.00000 0.00004 ( 1)  0.205
 194 Q   0.99996 0.00000 0.00004 ( 1)  0.205
 195 I   0.99996 0.00000 0.00004 ( 1)  0.205
 196 L   0.99996 0.00000 0.00004 ( 1)  0.205
 197 Q   0.99996 0.00000 0.00004 ( 1)  0.205
 198 Y   0.99996 0.00000 0.00004 ( 1)  0.205
 199 L   0.99996 0.00000 0.00004 ( 1)  0.205
 200 R   0.99996 0.00000 0.00004 ( 1)  0.205
 201 E   0.99997 0.00000 0.00003 ( 1)  0.205
 202 S   0.99996 0.00000 0.00004 ( 1)  0.205
 203 Q   0.99996 0.00000 0.00004 ( 1)  0.205
 204 I   0.99996 0.00000 0.00004 ( 1)  0.205
 205 P   0.99996 0.00000 0.00004 ( 1)  0.205
 206 V   0.99996 0.00000 0.00004 ( 1)  0.205
 207 E   0.99996 0.00000 0.00004 ( 1)  0.205
 208 E   0.99997 0.00000 0.00003 ( 1)  0.205
 209 A   0.99996 0.00000 0.00004 ( 1)  0.205
 210 F   0.99996 0.00000 0.00004 ( 1)  0.205
 211 P   0.99996 0.00000 0.00004 ( 1)  0.205
 212 G   0.99996 0.00000 0.00004 ( 1)  0.205
 213 L   0.99996 0.00000 0.00004 ( 1)  0.205
 214 S   0.99996 0.00000 0.00004 ( 1)  0.205
 215 L   0.99996 0.00000 0.00004 ( 1)  0.205
 216 D   0.99996 0.00000 0.00004 ( 1)  0.205
 217 L   0.99996 0.00000 0.00004 ( 1)  0.205
 218 G   0.99996 0.00000 0.00004 ( 1)  0.205
 219 A   0.99996 0.00000 0.00004 ( 1)  0.205
 220 V   0.99996 0.00000 0.00004 ( 1)  0.205
 221 S   0.99996 0.00000 0.00004 ( 1)  0.205
 222 M   0.99996 0.00000 0.00004 ( 1)  0.205
 223 R   0.99996 0.00000 0.00004 ( 1)  0.205
 224 E   0.99996 0.00000 0.00004 ( 1)  0.205
 225 G   0.99996 0.00000 0.00004 ( 1)  0.205
 226 D   0.99997 0.00000 0.00003 ( 1)  0.205
 227 S   0.99996 0.00000 0.00004 ( 1)  0.205
 228 C   0.99996 0.00000 0.00004 ( 1)  0.205
 229 D   0.99997 0.00000 0.00003 ( 1)  0.205
 230 F   0.99996 0.00000 0.00004 ( 1)  0.205
 231 C   0.99996 0.00000 0.00004 ( 1)  0.205
 232 G   0.99996 0.00000 0.00004 ( 1)  0.205
 233 R   0.99996 0.00000 0.00004 ( 1)  0.205
 234 P   0.99996 0.00000 0.00004 ( 1)  0.205
 235 I   0.99996 0.00000 0.00004 ( 1)  0.205
 236 Q   0.99996 0.00000 0.00004 ( 1)  0.205
 237 A   0.99996 0.00000 0.00004 ( 1)  0.205
 238 L   0.99996 0.00000 0.00004 ( 1)  0.205
 239 P   0.99996 0.00000 0.00004 ( 1)  0.205
 240 S   0.99996 0.00000 0.00004 ( 1)  0.205
 241 R   0.99996 0.00000 0.00004 ( 1)  0.205
 242 E   0.99997 0.00000 0.00003 ( 1)  0.205
 243 D   0.99997 0.00000 0.00003 ( 1)  0.205
 244 Q   0.99996 0.00000 0.00004 ( 1)  0.205
 245 A   0.99996 0.00000 0.00004 ( 1)  0.205
 246 S   0.99996 0.00000 0.00004 ( 1)  0.205
 247 R   0.99996 0.00000 0.00004 ( 1)  0.205
 248 S   0.99996 0.00000 0.00004 ( 1)  0.205
 249 P   0.99996 0.00000 0.00004 ( 1)  0.205
 250 E   0.99997 0.00000 0.00003 ( 1)  0.205
 251 Q   0.99996 0.00000 0.00004 ( 1)  0.205
 252 L   0.99996 0.00000 0.00004 ( 1)  0.205
 253 Y   0.99996 0.00000 0.00004 ( 1)  0.205
 254 C   0.99996 0.00000 0.00004 ( 1)  0.205
 255 C   0.99996 0.00000 0.00004 ( 1)  0.205
 256 A   0.99996 0.00000 0.00004 ( 1)  0.205
 257 E   0.99997 0.00000 0.00003 ( 1)  0.205
 258 F   0.99996 0.00000 0.00004 ( 1)  0.205
 259 R   0.99996 0.00000 0.00004 ( 1)  0.205
 260 K   0.99996 0.00000 0.00004 ( 1)  0.205
 261 L   0.99996 0.00000 0.00004 ( 1)  0.205
 262 L   0.99996 0.00000 0.00004 ( 1)  0.205
 263 E   0.99997 0.00000 0.00003 ( 1)  0.205
 264 F   0.99996 0.00000 0.00004 ( 1)  0.205
 265 A   0.99996 0.00000 0.00004 ( 1)  0.205
 266 L   0.99996 0.00000 0.00004 ( 1)  0.205
 267 Q   0.99996 0.00000 0.00004 ( 1)  0.205
 268 Y   0.99996 0.00000 0.00004 ( 1)  0.205
 269 Q   0.99996 0.00000 0.00004 ( 1)  0.205
 270 T   0.99996 0.00000 0.00004 ( 1)  0.205
 271 R   0.99996 0.00000 0.00004 ( 1)  0.205
 272 L   0.99996 0.00000 0.00004 ( 1)  0.205
 273 L   0.99996 0.00000 0.00004 ( 1)  0.205
 274 H   0.99996 0.00000 0.00004 ( 1)  0.205
 275 Q   0.99996 0.00000 0.00004 ( 1)  0.205
 276 Q   0.99996 0.00000 0.00004 ( 1)  0.205
 277 Q   0.99996 0.00000 0.00004 ( 1)  0.205
 278 Q   0.99996 0.00000 0.00004 ( 1)  0.205
 279 T   0.99996 0.00000 0.00004 ( 1)  0.205
 280 E   0.99997 0.00000 0.00003 ( 1)  0.205
 281 S   0.99996 0.00000 0.00004 ( 1)  0.205
 282 G   0.99996 0.00000 0.00004 ( 1)  0.205
 283 L   0.99996 0.00000 0.00004 ( 1)  0.205
 284 I   0.99996 0.00000 0.00004 ( 1)  0.205
 285 D   0.99996 0.00000 0.00004 ( 1)  0.205
 286 V   0.99996 0.00000 0.00004 ( 1)  0.205
 287 A   0.99996 0.00000 0.00004 ( 1)  0.205
 288 P   0.99996 0.00000 0.00004 ( 1)  0.205
 289 H   0.99996 0.00000 0.00004 ( 1)  0.205
 290 P   0.99996 0.00000 0.00004 ( 1)  0.205
 291 H   0.99996 0.00000 0.00004 ( 1)  0.205
 292 F   0.99996 0.00000 0.00004 ( 1)  0.205
 293 G   0.99996 0.00000 0.00004 ( 1)  0.205
 294 S   0.99996 0.00000 0.00004 ( 1)  0.205
 295 R   0.99996 0.00000 0.00004 ( 1)  0.205
 296 G   0.99996 0.00000 0.00004 ( 1)  0.205
 297 K   0.99996 0.00000 0.00004 ( 1)  0.205
 298 K   0.99996 0.00000 0.00004 ( 1)  0.205
 299 S   0.99996 0.00000 0.00004 ( 1)  0.205
 300 A   0.99996 0.00000 0.00004 ( 1)  0.205
 301 Q   0.99996 0.00000 0.00004 ( 1)  0.205
 302 E   0.99997 0.00000 0.00003 ( 1)  0.205
 303 R   0.99996 0.00000 0.00004 ( 1)  0.205
 304 E   0.99997 0.00000 0.00003 ( 1)  0.205
 305 R   0.99996 0.00000 0.00004 ( 1)  0.205
 306 M   0.99996 0.00000 0.00004 ( 1)  0.205
 307 R   0.99996 0.00000 0.00004 ( 1)  0.205
 308 E   0.99997 0.00000 0.00003 ( 1)  0.205
 309 E   0.99996 0.00000 0.00004 ( 1)  0.205
 310 A   0.99996 0.00000 0.00004 ( 1)  0.205
 311 E   0.99997 0.00000 0.00003 ( 1)  0.205
 312 K   0.99996 0.00000 0.00004 ( 1)  0.205
 313 R   0.99996 0.00000 0.00004 ( 1)  0.205
 314 R   0.99996 0.00000 0.00004 ( 1)  0.205
 315 K   0.99996 0.00000 0.00004 ( 1)  0.205
 316 L   0.99996 0.00000 0.00004 ( 1)  0.205
 317 L   0.99996 0.00000 0.00004 ( 1)  0.205
 318 Q   0.99996 0.00000 0.00004 ( 1)  0.205
 319 Q   0.99996 0.00000 0.00004 ( 1)  0.205
 320 E   0.99997 0.00000 0.00003 ( 1)  0.205
 321 R   0.99996 0.00000 0.00004 ( 1)  0.205
 322 Q   0.99996 0.00000 0.00004 ( 1)  0.205
 323 R   0.99996 0.00000 0.00004 ( 1)  0.205
 324 R   0.99996 0.00000 0.00004 ( 1)  0.205
 325 A   0.99996 0.00000 0.00004 ( 1)  0.205
 326 A   0.99996 0.00000 0.00004 ( 1)  0.205
 327 E   0.99997 0.00000 0.00003 ( 1)  0.205
 328 A   0.99996 0.00000 0.00004 ( 1)  0.205
 329 A   0.99996 0.00000 0.00004 ( 1)  0.205
 330 Q   0.99996 0.00000 0.00004 ( 1)  0.205
 331 A   0.99996 0.00000 0.00004 ( 1)  0.205
 332 T   0.99996 0.00000 0.00004 ( 1)  0.205
 333 A   0.99996 0.00000 0.00004 ( 1)  0.205
 334 Q   0.99996 0.00000 0.00004 ( 1)  0.205
 335 A   0.99996 0.00000 0.00004 ( 1)  0.205
 336 R   0.99996 0.00000 0.00004 ( 1)  0.205
 337 K   0.99996 0.00000 0.00004 ( 1)  0.205
 338 R   0.99996 0.00000 0.00004 ( 1)  0.205
 339 E   0.99997 0.00000 0.00003 ( 1)  0.205
 340 Q   0.99996 0.00000 0.00004 ( 1)  0.205
 341 V   0.99996 0.00000 0.00004 ( 1)  0.205
 342 S   0.99996 0.00000 0.00004 ( 1)  0.205
 343 V   0.99996 0.00000 0.00004 ( 1)  0.205
 344 E   0.99996 0.00000 0.00004 ( 1)  0.205
 345 A   0.99996 0.00000 0.00004 ( 1)  0.205
 346 D   0.99996 0.00000 0.00004 ( 1)  0.205
 347 M   0.99996 0.00000 0.00004 ( 1)  0.205
 348 G   0.99996 0.00000 0.00004 ( 1)  0.205
 349 R   0.99996 0.00000 0.00004 ( 1)  0.205
 350 Q   0.99996 0.00000 0.00004 ( 1)  0.205
 351 M   0.99996 0.00000 0.00004 ( 1)  0.205
 352 R   0.99996 0.00000 0.00004 ( 1)  0.205
 353 T   0.99996 0.00000 0.00004 ( 1)  0.205
 354 I   0.99996 0.00000 0.00004 ( 1)  0.205
 355 N   0.99996 0.00000 0.00004 ( 1)  0.205
 356 Y   0.99996 0.00000 0.00004 ( 1)  0.205
 357 S   0.99996 0.00000 0.00004 ( 1)  0.205
 358 L   0.99996 0.00000 0.00004 ( 1)  0.205
 359 S   0.99996 0.00000 0.00004 ( 1)  0.205
 360 S   0.99996 0.00000 0.00004 ( 1)  0.205
 361 M   0.99996 0.00000 0.00004 ( 1)  0.205
 362 R   0.99996 0.00000 0.00004 ( 1)  0.205
 363 C   0.99996 0.00000 0.00004 ( 1)  0.205
 364 L   0.99996 0.00000 0.00004 ( 1)  0.205
 365 E   0.99996 0.00000 0.00004 ( 1)  0.205
 366 E   0.99996 0.00000 0.00004 ( 1)  0.205
 367 G   0.99996 0.00000 0.00004 ( 1)  0.205
 368 W   0.99996 0.00000 0.00004 ( 1)  0.205
 369 T   0.99996 0.00000 0.00004 ( 1)  0.205
 370 L   0.99996 0.00000 0.00004 ( 1)  0.205
 371 R   0.99996 0.00000 0.00004 ( 1)  0.205
 372 A   0.99996 0.00000 0.00004 ( 1)  0.205
 373 P   0.99996 0.00000 0.00004 ( 1)  0.205
 374 S   0.99996 0.00000 0.00004 ( 1)  0.205
 375 P   0.99996 0.00000 0.00004 ( 1)  0.205
 376 L   0.99996 0.00000 0.00004 ( 1)  0.205
 377 G   0.99996 0.00000 0.00004 ( 1)  0.205
 378 D   0.99996 0.00000 0.00004 ( 1)  0.205
 379 G   0.99996 0.00000 0.00004 ( 1)  0.205
 380 V   0.99996 0.00000 0.00004 ( 1)  0.205
 381 S   0.99996 0.00000 0.00004 ( 1)  0.205
 382 E   0.99996 0.00000 0.00004 ( 1)  0.205
 383 W   0.99996 0.00000 0.00004 ( 1)  0.205
 384 Q   0.99996 0.00000 0.00004 ( 1)  0.205
 385 I   0.99996 0.00000 0.00004 ( 1)  0.205
 386 Y   0.99996 0.00000 0.00004 ( 1)  0.205
 387 D   0.99997 0.00000 0.00003 ( 1)  0.205
 388 F   0.99996 0.00000 0.00004 ( 1)  0.205
 389 D   0.99997 0.00000 0.00003 ( 1)  0.205
 390 M   0.99996 0.00000 0.00004 ( 1)  0.205
 391 D   0.99997 0.00000 0.00003 ( 1)  0.205
 392 E   0.99997 0.00000 0.00003 ( 1)  0.205
 393 I   0.99996 0.00000 0.00004 ( 1)  0.205
 394 T   0.99996 0.00000 0.00004 ( 1)  0.205
 395 D   0.99997 0.00000 0.00003 ( 1)  0.205
 396 L   0.99996 0.00000 0.00004 ( 1)  0.205
 397 A   0.99996 0.00000 0.00004 ( 1)  0.205
 398 A   0.99996 0.00000 0.00004 ( 1)  0.205
 399 G   0.99996 0.00000 0.00004 ( 1)  0.205
 400 L   0.99996 0.00000 0.00004 ( 1)  0.205
 401 G   0.99996 0.00000 0.00004 ( 1)  0.205
 402 I   0.99996 0.00000 0.00004 ( 1)  0.205
 403 T   0.99996 0.00000 0.00004 ( 1)  0.205
 404 P   0.99996 0.00000 0.00004 ( 1)  0.205
 405 R   0.99996 0.00000 0.00004 ( 1)  0.205
 406 G   0.99996 0.00000 0.00004 ( 1)  0.205
 407 T   0.99996 0.00000 0.00004 ( 1)  0.205
 408 P   0.99996 0.00000 0.00004 ( 1)  0.205
 409 T   0.99996 0.00000 0.00004 ( 1)  0.205
 410 D   0.99996 0.00000 0.00004 ( 1)  0.205
 411 L   0.99996 0.00000 0.00004 ( 1)  0.205
 412 L   0.99996 0.00000 0.00004 ( 1)  0.205
 413 E   0.99997 0.00000 0.00003 ( 1)  0.205
 414 K   0.99996 0.00000 0.00004 ( 1)  0.205
 415 F   0.99996 0.00000 0.00004 ( 1)  0.205
 416 Y   0.99996 0.00000 0.00004 ( 1)  0.205
 417 P   0.99996 0.00000 0.00004 ( 1)  0.205
 418 N   0.99996 0.00000 0.00004 ( 1)  0.205
 419 G   0.99996 0.00000 0.00004 ( 1)  0.205
 420 K   0.99996 0.00000 0.00004 ( 1)  0.205
 421 K   0.99996 0.00000 0.00004 ( 1)  0.205
 422 F   0.99996 0.00000 0.00004 ( 1)  0.205
 423 V   0.99996 0.00000 0.00004 ( 1)  0.205
 424 T   0.99996 0.00000 0.00004 ( 1)  0.205
 425 M   0.99996 0.00000 0.00004 ( 1)  0.205
 426 F   0.99996 0.00000 0.00004 ( 1)  0.205
 427 A   0.99996 0.00000 0.00004 ( 1)  0.205
 428 D   0.99996 0.00000 0.00004 ( 1)  0.205
 429 R   0.99996 0.00000 0.00004 ( 1)  0.205
 430 T   0.99996 0.00000 0.00004 ( 1)  0.205
 431 G   0.99996 0.00000 0.00004 ( 1)  0.205
 432 N   0.99996 0.00000 0.00004 ( 1)  0.205
 433 V   0.99996 0.00000 0.00004 ( 1)  0.205
 434 F   0.99996 0.00000 0.00004 ( 1)  0.205
 435 Y   0.99996 0.00000 0.00004 ( 1)  0.205
 436 P   0.99996 0.00000 0.00004 ( 1)  0.205
 437 S   0.99996 0.00000 0.00004 ( 1)  0.205
 438 G   0.99996 0.00000 0.00004 ( 1)  0.205
 439 R   0.99996 0.00000 0.00004 ( 1)  0.205
 440 L   0.99996 0.00000 0.00004 ( 1)  0.205
 441 A   0.99996 0.00000 0.00004 ( 1)  0.205
 442 I   0.99996 0.00000 0.00004 ( 1)  0.205
 443 L   0.99996 0.00000 0.00004 ( 1)  0.205
 444 I   0.99996 0.00000 0.00004 ( 1)  0.205
 445 S   0.99996 0.00000 0.00004 ( 1)  0.205
 446 R   0.99996 0.00000 0.00004 ( 1)  0.205
 447 P   0.99996 0.00000 0.00004 ( 1)  0.205
 448 A   0.99996 0.00000 0.00004 ( 1)  0.205
 449 D   0.99997 0.00000 0.00003 ( 1)  0.205
 450 R   0.99996 0.00000 0.00004 ( 1)  0.205
 451 P   0.99996 0.00000 0.00004 ( 1)  0.205
 452 N   0.99996 0.00000 0.00004 ( 1)  0.205
 453 N   0.99996 0.00000 0.00004 ( 1)  0.205
 454 L   0.99996 0.00000 0.00004 ( 1)  0.205
 455 L   0.99996 0.00000 0.00004 ( 1)  0.205
 456 H   0.99996 0.00000 0.00004 ( 1)  0.205
 457 I   0.99996 0.00000 0.00004 ( 1)  0.205
 458 V   0.99996 0.00000 0.00004 ( 1)  0.205
 459 L   0.99996 0.00000 0.00004 ( 1)  0.205
 460 D   0.99997 0.00000 0.00003 ( 1)  0.205
 461 D   0.99997 0.00000 0.00003 ( 1)  0.205
 462 K   0.99996 0.00000 0.00004 ( 1)  0.205
 463 P   0.99996 0.00000 0.00004 ( 1)  0.205
 464 P   0.99996 0.00000 0.00004 ( 1)  0.205
 465 D   0.99983 0.00000 0.00017 ( 1)  0.205
 466 R   0.99996 0.00000 0.00004 ( 1)  0.205
 467 A   0.99996 0.00000 0.00004 ( 1)  0.205
 468 R   0.99996 0.00000 0.00004 ( 1)  0.205
 469 L   0.99996 0.00000 0.00004 ( 1)  0.205
 470 L   0.99996 0.00000 0.00004 ( 1)  0.205
 471 G   0.99996 0.00000 0.00004 ( 1)  0.205
 472 V   0.99996 0.00000 0.00004 ( 1)  0.205
 473 F   0.99996 0.00000 0.00004 ( 1)  0.205
 474 D   0.99997 0.00000 0.00003 ( 1)  0.205
 475 N   0.99996 0.00000 0.00004 ( 1)  0.205
 476 I   0.99996 0.00000 0.00004 ( 1)  0.205
 477 G   0.99996 0.00000 0.00004 ( 1)  0.205
 478 R   0.99996 0.00000 0.00004 ( 1)  0.205
 479 G   0.99996 0.00000 0.00004 ( 1)  0.205
 480 T   0.99996 0.00000 0.00004 ( 1)  0.205
 481 A   0.99996 0.00000 0.00004 ( 1)  0.205
 482 Y   0.99996 0.00000 0.00004 ( 1)  0.205
 483 F   0.99996 0.00000 0.00004 ( 1)  0.205
 484 R   0.99996 0.00000 0.00004 ( 1)  0.205
 485 D   0.99997 0.00000 0.00003 ( 1)  0.205
 486 G   0.99996 0.00000 0.00004 ( 1)  0.205
 487 G   0.99996 0.00000 0.00004 ( 1)  0.205
 488 I   0.99996 0.00000 0.00004 ( 1)  0.205
 489 R   0.99996 0.00000 0.00004 ( 1)  0.205
 490 I   0.99996 0.00000 0.00004 ( 1)  0.205
 491 N   0.99996 0.00000 0.00004 ( 1)  0.205
 492 Y   0.99996 0.00000 0.00004 ( 1)  0.205
 493 D   0.99996 0.00000 0.00004 ( 1)  0.205
 494 R   0.99996 0.00000 0.00004 ( 1)  0.205
 495 F   0.99996 0.00000 0.00004 ( 1)  0.205
 496 N   0.99996 0.00000 0.00004 ( 1)  0.205
 497 G   0.99996 0.00000 0.00004 ( 1)  0.205
 498 L   0.99996 0.00000 0.00004 ( 1)  0.205
 499 D   0.99997 0.00000 0.00003 ( 1)  0.205
 500 L   0.99996 0.00000 0.00004 ( 1)  0.205
 501 D   0.99997 0.00000 0.00003 ( 1)  0.205
 502 Q   0.99996 0.00000 0.00004 ( 1)  0.205
 503 Q   0.99996 0.00000 0.00004 ( 1)  0.205
 504 G   0.99996 0.00000 0.00004 ( 1)  0.205
 505 S   0.99996 0.00000 0.00004 ( 1)  0.205
 506 K   0.99996 0.00000 0.00004 ( 1)  0.205
 507 K   0.99996 0.00000 0.00004 ( 1)  0.205
 508 R   0.99996 0.00000 0.00004 ( 1)  0.205
 509 H   0.99996 0.00000 0.00004 ( 1)  0.205
 510 W   0.99996 0.00000 0.00004 ( 1)  0.205
 511 H   0.99996 0.00000 0.00004 ( 1)  0.205
 512 W   0.99996 0.00000 0.00004 ( 1)  0.205
 513 H   0.99996 0.00000 0.00004 ( 1)  0.205
 514 S   0.99996 0.00000 0.00004 ( 1)  0.205
 515 T   0.99996 0.00000 0.00004 ( 1)  0.205
 516 G   0.99996 0.00000 0.00004 ( 1)  0.205
 517 Q   0.99996 0.00000 0.00004 ( 1)  0.205
 518 P   0.99996 0.00000 0.00004 ( 1)  0.205
 519 A   0.99996 0.00000 0.00004 ( 1)  0.205
 520 A   0.99996 0.00000 0.00004 ( 1)  0.205
 521 Q   0.99996 0.00000 0.00004 ( 1)  0.205
 522 A   0.99996 0.00000 0.00004 ( 1)  0.205
 523 P   0.99996 0.00000 0.00004 ( 1)  0.205
 524 H   0.99996 0.00000 0.00004 ( 1)  0.205
 525 I   0.99996 0.00000 0.00004 ( 1)  0.205
 526 H   0.99996 0.00000 0.00004 ( 1)  0.205
 527 A   0.99996 0.00000 0.00004 ( 1)  0.205
 528 P   0.99996 0.00000 0.00004 ( 1)  0.205
 529 P   0.99996 0.00000 0.00004 ( 1)  0.205
 530 F   0.99996 0.00000 0.00004 ( 1)  0.205
 531 Q   0.99996 0.00000 0.00004 ( 1)  0.205
 532 P   0.99996 0.00000 0.00004 ( 1)  0.205
 533 I   0.99996 0.00000 0.00004 ( 1)  0.205
 534 S   0.99996 0.00000 0.00004 ( 1)  0.205
 535 L   0.99996 0.00000 0.00004 ( 1)  0.205
 536 A   0.99996 0.00000 0.00004 ( 1)  0.205
 537 L   0.99996 0.00000 0.00004 ( 1)  0.205
 538 N   0.99996 0.00000 0.00004 ( 1)  0.205
 539 K   0.99996 0.00000 0.00004 ( 1)  0.205
 540 T   0.99996 0.00000 0.00004 ( 1)  0.205
 541 V   0.99996 0.00000 0.00004 ( 1)  0.205
 542 G   0.99996 0.00000 0.00004 ( 1)  0.205
 543 L   0.99996 0.00000 0.00004 ( 1)  0.205
 544 R   0.99996 0.00000 0.00004 ( 1)  0.205
 545 L   0.99996 0.00000 0.00004 ( 1)  0.205
 546 A   0.99996 0.00000 0.00004 ( 1)  0.205
 547 A   0.99996 0.00000 0.00004 ( 1)  0.205
 548 R   0.99996 0.00000 0.00004 ( 1)  0.205
 549 D   0.99996 0.00000 0.00004 ( 1)  0.205
 550 S   0.99996 0.00000 0.00004 ( 1)  0.205
 551 I   0.99996 0.00000 0.00004 ( 1)  0.205
 552 Y   0.99996 0.00000 0.00004 ( 1)  0.205
 553 L   0.99996 0.00000 0.00004 ( 1)  0.205
 554 S   0.99996 0.00000 0.00004 ( 1)  0.205
 555 F   0.99996 0.00000 0.00004 ( 1)  0.205
 556 V   0.99996 0.00000 0.00004 ( 1)  0.205
 557 T   0.99996 0.00000 0.00004 ( 1)  0.205
 558 A   0.99996 0.00000 0.00004 ( 1)  0.205
 559 S   0.99996 0.00000 0.00004 ( 1)  0.205
 560 R   0.99996 0.00000 0.00004 ( 1)  0.205
 561 S   0.99996 0.00000 0.00004 ( 1)  0.205
 562 C   0.99996 0.00000 0.00004 ( 1)  0.205
 563 K   0.99996 0.00000 0.00004 ( 1)  0.205
 564 I   0.99996 0.00000 0.00004 ( 1)  0.205
 565 N   0.99996 0.00000 0.00004 ( 1)  0.205
 566 V   0.99996 0.00000 0.00004 ( 1)  0.205
 567 G   0.99996 0.00000 0.00004 ( 1)  0.205
 568 A   0.99996 0.00000 0.00004 ( 1)  0.205
 569 R   0.99996 0.00000 0.00004 ( 1)  0.205
 570 I   0.99996 0.00000 0.00004 ( 1)  0.205
 571 K   0.99996 0.00000 0.00004 ( 1)  0.205
 572 I   0.99996 0.00000 0.00004 ( 1)  0.205
 573 H   0.99996 0.00000 0.00004 ( 1)  0.205
 574 Q   0.99996 0.00000 0.00004 ( 1)  0.205
 575 S   0.99996 0.00000 0.00004 ( 1)  0.205
 576 M   0.99996 0.00000 0.00004 ( 1)  0.205
 577 E   0.99996 0.00000 0.00004 ( 1)  0.205
 578 S   0.99982 0.00000 0.00018 ( 1)  0.205
 579 A   0.99996 0.00000 0.00004 ( 1)  0.205
 580 P   0.99996 0.00000 0.00004 ( 1)  0.205
 581 P   0.99996 0.00000 0.00004 ( 1)  0.205
 582 Q   0.99996 0.00000 0.00004 ( 1)  0.205
 583 P   0.99996 0.00000 0.00004 ( 1)  0.205
 584 Q   0.99996 0.00000 0.00004 ( 1)  0.205
 585 L   0.99996 0.00000 0.00004 ( 1)  0.205
 586 S   0.99996 0.00000 0.00004 ( 1)  0.205
 587 P   0.99996 0.00000 0.00004 ( 1)  0.205
 588 L   0.99996 0.00000 0.00004 ( 1)  0.205
 589 D   0.99996 0.00000 0.00004 ( 1)  0.205
 590 L   0.99996 0.00000 0.00004 ( 1)  0.205
 591 Y   0.99996 0.00000 0.00004 ( 1)  0.205
 592 L   0.99996 0.00000 0.00004 ( 1)  0.205
 593 S   0.99996 0.00000 0.00004 ( 1)  0.205
 594 E   0.99997 0.00000 0.00003 ( 1)  0.205
 595 A   0.99996 0.00000 0.00004 ( 1)  0.205
 596 L   0.99996 0.00000 0.00004 ( 1)  0.205
 597 T   0.99996 0.00000 0.00004 ( 1)  0.205
 598 R   0.99996 0.00000 0.00004 ( 1)  0.205
 599 I   0.99996 0.00000 0.00004 ( 1)  0.205
 600 G   0.99996 0.00000 0.00004 ( 1)  0.205
 601 S   0.99996 0.00000 0.00004 ( 1)  0.205
 602 L   0.99996 0.00000 0.00004 ( 1)  0.205
 603 L   0.99996 0.00000 0.00004 ( 1)  0.205
 604 E   0.99997 0.00000 0.00003 ( 1)  0.205
 605 K   0.99996 0.00000 0.00004 ( 1)  0.205
 606 L   0.99996 0.00000 0.00004 ( 1)  0.205
 607 T   0.99996 0.00000 0.00004 ( 1)  0.205
 608 L   0.99996 0.00000 0.00004 ( 1)  0.205
 609 L   0.99996 0.00000 0.00004 ( 1)  0.205
 610 S   0.99996 0.00000 0.00004 ( 1)  0.205
 611 T   0.99996 0.00000 0.00004 ( 1)  0.205
 612 Y   0.99996 0.00000 0.00004 ( 1)  0.205
 613 P   0.99996 0.00000 0.00004 ( 1)  0.205
 614 H   0.99996 0.00000 0.00004 ( 1)  0.205
 615 H   0.99996 0.00000 0.00004 ( 1)  0.205
 616 P   0.99996 0.00000 0.00004 ( 1)  0.205
 617 R   0.99996 0.00000 0.00004 ( 1)  0.205
 618 P   0.99996 0.00000 0.00004 ( 1)  0.205
 619 E   0.99996 0.00000 0.00004 ( 1)  0.205
 620 K   0.99996 0.00000 0.00004 ( 1)  0.205
 621 V   0.99996 0.00000 0.00004 ( 1)  0.205
 622 P   0.99996 0.00000 0.00004 ( 1)  0.205
 623 S   0.99996 0.00000 0.00004 ( 1)  0.205
 624 S   0.99996 0.00000 0.00004 ( 1)  0.205
 625 L   0.99996 0.00000 0.00004 ( 1)  0.205
 626 R   0.99996 0.00000 0.00004 ( 1)  0.205
 627 L   0.99996 0.00000 0.00004 ( 1)  0.205
 628 E   0.99996 0.00000 0.00004 ( 1)  0.205
 629 S   0.99996 0.00000 0.00004 ( 1)  0.205
 630 Q   0.99996 0.00000 0.00004 ( 1)  0.205
 631 R   0.99996 0.00000 0.00004 ( 1)  0.205
 632 Q   0.99996 0.00000 0.00004 ( 1)  0.205
 633 R   0.99996 0.00000 0.00004 ( 1)  0.205
 634 N   0.99996 0.00000 0.00004 ( 1)  0.205
 635 L   0.99996 0.00000 0.00004 ( 1)  0.205
 636 A   0.99996 0.00000 0.00004 ( 1)  0.205
 637 N   0.99996 0.00000 0.00004 ( 1)  0.205
 638 R   0.99996 0.00000 0.00004 ( 1)  0.205
 639 T   0.99996 0.00000 0.00004 ( 1)  0.205
 640 K   0.99996 0.00000 0.00004 ( 1)  0.205
 641 L   0.99996 0.00000 0.00004 ( 1)  0.205
 642 G   0.99996 0.00000 0.00004 ( 1)  0.205
 643 L   0.99996 0.00000 0.00004 ( 1)  0.205
 644 E   0.99997 0.00000 0.00003 ( 1)  0.205
 645 R   0.99996 0.00000 0.00004 ( 1)  0.205
 646 A   0.99996 0.00000 0.00004 ( 1)  0.205
 647 N   0.99996 0.00000 0.00004 ( 1)  0.205

Positively selected sites

	Prob(w>1)  mean w



lnL = -2715.319976

Bayes Empirical Bayes (BEB) probabilities for 3 classes (class) & postmean_w
(amino acids refer to 1st sequence: Msl.16751)

   1 M   0.85916 0.09510 0.04573 ( 1)  0.312 +-  0.690
   2 D   0.85685 0.09595 0.04720 ( 1)  0.318 +-  0.711
   3 Q   0.85837 0.09538 0.04625 ( 1)  0.314 +-  0.698
   4 D   0.30427 0.29250 0.40323 ( 3)  1.888 +-  2.247
   5 C   0.85309 0.09728 0.04962 ( 1)  0.329 +-  0.746
   6 L   0.85572 0.09635 0.04792 ( 1)  0.322 +-  0.721
   7 V   0.85649 0.09607 0.04743 ( 1)  0.320 +-  0.715
   8 Q   0.85437 0.09684 0.04879 ( 1)  0.326 +-  0.734
   9 G   0.85683 0.09595 0.04722 ( 1)  0.319 +-  0.712
  10 I   0.85421 0.09690 0.04889 ( 1)  0.326 +-  0.735
  11 S   0.85489 0.09666 0.04845 ( 1)  0.324 +-  0.729
  12 D   0.85957 0.09493 0.04550 ( 1)  0.311 +-  0.687
  13 P   0.85328 0.09721 0.04950 ( 1)  0.329 +-  0.744
  14 V   0.85790 0.09555 0.04654 ( 1)  0.316 +-  0.702
  15 S   0.85242 0.09751 0.05007 ( 1)  0.331 +-  0.752
  16 A   0.85651 0.09607 0.04742 ( 1)  0.319 +-  0.714
  17 V   0.85790 0.09555 0.04654 ( 1)  0.316 +-  0.702
  18 M   0.85916 0.09510 0.04573 ( 1)  0.312 +-  0.690
  19 K   0.85439 0.09683 0.04877 ( 1)  0.326 +-  0.733
  20 G   0.85683 0.09595 0.04722 ( 1)  0.319 +-  0.712
  21 F   0.85324 0.09723 0.04952 ( 1)  0.329 +-  0.744
  22 D   0.85685 0.09595 0.04720 ( 1)  0.318 +-  0.711
  23 G   0.85405 0.09694 0.04900 ( 1)  0.327 +-  0.737
  24 R   0.85738 0.09576 0.04686 ( 1)  0.317 +-  0.706
  25 E   0.86021 0.09468 0.04511 ( 1)  0.309 +-  0.682
  26 L   0.85590 0.09629 0.04781 ( 1)  0.321 +-  0.720
  27 S   0.85488 0.09666 0.04846 ( 1)  0.324 +-  0.729
  28 I   0.85661 0.09604 0.04735 ( 1)  0.319 +-  0.713
  29 I   0.29987 0.29069 0.40945 ( 3)  1.918 +-  2.267
  30 S   0.85451 0.09679 0.04870 ( 1)  0.325 +-  0.732
  31 L   0.85590 0.09629 0.04781 ( 1)  0.321 +-  0.720
  32 A   0.85792 0.09555 0.04653 ( 1)  0.316 +-  0.702
  33 T   0.85247 0.09749 0.05004 ( 1)  0.331 +-  0.752
  34 Q   0.85837 0.09538 0.04625 ( 1)  0.314 +-  0.698
  35 T   0.85247 0.09749 0.05004 ( 1)  0.331 +-  0.752
  36 E   0.86021 0.09468 0.04511 ( 1)  0.309 +-  0.682
  37 W   0.85509 0.09659 0.04832 ( 1)  0.323 +-  0.727
  38 S   0.85734 0.09578 0.04688 ( 1)  0.317 +-  0.706
  39 W   0.85509 0.09659 0.04832 ( 1)  0.323 +-  0.727
  40 I   0.85442 0.09682 0.04876 ( 1)  0.325 +-  0.733
  41 E   0.86021 0.09468 0.04511 ( 1)  0.309 +-  0.682
  42 D   0.85685 0.09595 0.04720 ( 1)  0.318 +-  0.711
  43 M   0.85916 0.09510 0.04573 ( 1)  0.312 +-  0.690
  44 R   0.85642 0.09610 0.04749 ( 1)  0.320 +-  0.715
  45 L   0.85590 0.09629 0.04781 ( 1)  0.321 +-  0.720
  46 R   0.85158 0.09779 0.05063 ( 1)  0.334 +-  0.760
  47 Q   0.85837 0.09538 0.04625 ( 1)  0.314 +-  0.698
  48 Q   0.85837 0.09538 0.04625 ( 1)  0.314 +-  0.698
  49 S   0.85242 0.09751 0.05007 ( 1)  0.331 +-  0.752
  50 D   0.85685 0.09595 0.04720 ( 1)  0.318 +-  0.711
  51 Q   0.85837 0.09538 0.04625 ( 1)  0.314 +-  0.698
  52 Q   0.85837 0.09538 0.04625 ( 1)  0.314 +-  0.698
  53 S   0.85174 0.09774 0.05052 ( 1)  0.334 +-  0.759
  54 V   0.85649 0.09607 0.04743 ( 1)  0.320 +-  0.715
  55 K   0.85439 0.09683 0.04877 ( 1)  0.326 +-  0.733
  56 S   0.85488 0.09666 0.04846 ( 1)  0.324 +-  0.729
  57 E   0.85550 0.09644 0.04806 ( 1)  0.322 +-  0.723
  58 P   0.85479 0.09668 0.04853 ( 1)  0.324 +-  0.730
  59 G   0.85286 0.09736 0.04979 ( 1)  0.330 +-  0.748
  60 N   0.85831 0.09542 0.04627 ( 1)  0.314 +-  0.698
  61 A   0.85383 0.09702 0.04915 ( 1)  0.327 +-  0.739
  62 E   0.86021 0.09468 0.04511 ( 1)  0.309 +-  0.682
  63 S   0.85107 0.09796 0.05097 ( 1)  0.336 +-  0.765
  64 G   0.85829 0.09541 0.04630 ( 1)  0.315 +-  0.699
  65 R   0.85310 0.09728 0.04962 ( 1)  0.329 +-  0.746
  66 K   0.85439 0.09683 0.04877 ( 1)  0.326 +-  0.733
  67 E   0.86021 0.09468 0.04511 ( 1)  0.309 +-  0.682
  68 E   0.28999 0.28630 0.42371 ( 3)  1.987 +-  2.313
  69 D   0.85957 0.09493 0.04550 ( 1)  0.311 +-  0.687
  70 V   0.85649 0.09607 0.04743 ( 1)  0.320 +-  0.715
  71 I   0.85442 0.09682 0.04876 ( 1)  0.325 +-  0.733
  72 E   0.86021 0.09468 0.04511 ( 1)  0.309 +-  0.682
  73 A   0.29741 0.28959 0.41300 ( 3)  1.936 +-  2.279
  74 Q   0.85837 0.09538 0.04625 ( 1)  0.314 +-  0.698
  75 S   0.85488 0.09666 0.04846 ( 1)  0.324 +-  0.729
  76 G   0.85683 0.09595 0.04722 ( 1)  0.319 +-  0.712
  77 A   0.85295 0.09733 0.04972 ( 1)  0.330 +-  0.747
  78 G   0.85405 0.09694 0.04900 ( 1)  0.327 +-  0.737
  79 G   0.85683 0.09595 0.04722 ( 1)  0.319 +-  0.712
  80 S   0.85734 0.09578 0.04688 ( 1)  0.317 +-  0.706
  81 S   0.85734 0.09578 0.04688 ( 1)  0.317 +-  0.706
  82 Q   0.85837 0.09538 0.04625 ( 1)  0.314 +-  0.698
  83 R   0.85310 0.09728 0.04962 ( 1)  0.329 +-  0.746
  84 K   0.85892 0.09518 0.04589 ( 1)  0.313 +-  0.693
  85 R   0.85348 0.09714 0.04937 ( 1)  0.328 +-  0.742
  86 G   0.85683 0.09595 0.04722 ( 1)  0.319 +-  0.712
  87 G   0.85829 0.09541 0.04630 ( 1)  0.315 +-  0.699
  88 P   0.85574 0.09635 0.04791 ( 1)  0.322 +-  0.721
  89 R   0.85602 0.09625 0.04773 ( 1)  0.321 +-  0.719
  90 S   0.85734 0.09578 0.04688 ( 1)  0.317 +-  0.706
  91 S   0.85489 0.09666 0.04845 ( 1)  0.324 +-  0.729
  92 R   0.85348 0.09714 0.04937 ( 1)  0.328 +-  0.742
  93 S   0.85734 0.09578 0.04688 ( 1)  0.317 +-  0.706
  94 S   0.85242 0.09751 0.05007 ( 1)  0.331 +-  0.752
  95 M   0.85916 0.09510 0.04573 ( 1)  0.312 +-  0.690
  96 R   0.85642 0.09610 0.04749 ( 1)  0.320 +-  0.715
  97 S   0.85242 0.09751 0.05007 ( 1)  0.331 +-  0.752
  98 G   0.85405 0.09694 0.04900 ( 1)  0.327 +-  0.737
  99 R   0.85378 0.09701 0.04921 ( 1)  0.328 +-  0.741
 100 S   0.85734 0.09578 0.04688 ( 1)  0.317 +-  0.706
 101 G   0.85405 0.09694 0.04900 ( 1)  0.327 +-  0.737
 102 G   0.85286 0.09736 0.04979 ( 1)  0.330 +-  0.748
 103 S   0.85734 0.09578 0.04688 ( 1)  0.317 +-  0.706
 104 S   0.85489 0.09666 0.04845 ( 1)  0.324 +-  0.729
 105 Q   0.85837 0.09538 0.04625 ( 1)  0.314 +-  0.698
 106 S   0.85489 0.09666 0.04845 ( 1)  0.324 +-  0.729
 107 G   0.85683 0.09595 0.04722 ( 1)  0.319 +-  0.712
 108 R   0.85476 0.09669 0.04854 ( 1)  0.325 +-  0.730
 109 L   0.85590 0.09629 0.04781 ( 1)  0.321 +-  0.720
 110 G   0.85286 0.09736 0.04979 ( 1)  0.330 +-  0.748
 111 R   0.85602 0.09625 0.04773 ( 1)  0.321 +-  0.719
 112 S   0.85488 0.09666 0.04846 ( 1)  0.324 +-  0.729
 113 R   0.85738 0.09576 0.04686 ( 1)  0.317 +-  0.706
 114 A   0.85383 0.09702 0.04915 ( 1)  0.327 +-  0.739
 115 G   0.85405 0.09694 0.04900 ( 1)  0.327 +-  0.737
 116 G   0.85683 0.09595 0.04722 ( 1)  0.319 +-  0.712
 117 L   0.85572 0.09635 0.04792 ( 1)  0.322 +-  0.721
 118 T   0.85572 0.09636 0.04792 ( 1)  0.322 +-  0.721
 119 I   0.85661 0.09604 0.04735 ( 1)  0.319 +-  0.713
 120 P   0.85328 0.09721 0.04950 ( 1)  0.329 +-  0.744
 121 A   0.85651 0.09607 0.04742 ( 1)  0.319 +-  0.714
 122 Y   0.85548 0.09645 0.04807 ( 1)  0.322 +-  0.723
 123 P   0.85703 0.09588 0.04709 ( 1)  0.318 +-  0.710
 124 E   0.86021 0.09468 0.04511 ( 1)  0.309 +-  0.682
 125 P   0.85703 0.09588 0.04709 ( 1)  0.318 +-  0.710
 126 R   0.85476 0.09669 0.04854 ( 1)  0.325 +-  0.730
 127 V   0.85382 0.09703 0.04916 ( 1)  0.327 +-  0.739
 128 D   0.85685 0.09595 0.04720 ( 1)  0.318 +-  0.711
 129 D   0.85685 0.09595 0.04720 ( 1)  0.318 +-  0.711
 130 E   0.86021 0.09468 0.04511 ( 1)  0.309 +-  0.682
 131 F   0.85529 0.09652 0.04819 ( 1)  0.323 +-  0.725
 132 G   0.85683 0.09595 0.04722 ( 1)  0.319 +-  0.712
 133 V   0.85382 0.09703 0.04916 ( 1)  0.327 +-  0.739
 134 L   0.85590 0.09629 0.04781 ( 1)  0.321 +-  0.720
 135 L   0.85590 0.09629 0.04781 ( 1)  0.321 +-  0.720
 136 V   0.85790 0.09555 0.04654 ( 1)  0.316 +-  0.702
 137 Q   0.85837 0.09538 0.04625 ( 1)  0.314 +-  0.698
 138 D   0.85957 0.09493 0.04550 ( 1)  0.311 +-  0.687
 139 D   0.85957 0.09493 0.04550 ( 1)  0.311 +-  0.687
 140 D   0.85957 0.09493 0.04550 ( 1)  0.311 +-  0.687
 141 S   0.85451 0.09679 0.04870 ( 1)  0.325 +-  0.732
 142 D   0.85685 0.09595 0.04720 ( 1)  0.318 +-  0.711
 143 L   0.85189 0.09769 0.05042 ( 1)  0.333 +-  0.757
 144 S   0.85451 0.09679 0.04870 ( 1)  0.325 +-  0.732
 145 D   0.85957 0.09493 0.04550 ( 1)  0.311 +-  0.687
 146 T   0.85572 0.09636 0.04792 ( 1)  0.322 +-  0.721
 147 N   0.85569 0.09638 0.04794 ( 1)  0.322 +-  0.721
 148 V   0.85790 0.09555 0.04654 ( 1)  0.316 +-  0.702
 149 K   0.85439 0.09683 0.04877 ( 1)  0.326 +-  0.733
 150 G   0.85683 0.09595 0.04722 ( 1)  0.319 +-  0.712
 151 D   0.85957 0.09493 0.04550 ( 1)  0.311 +-  0.687
 152 S   0.85242 0.09751 0.05007 ( 1)  0.331 +-  0.752
 153 L   0.85060 0.09812 0.05128 ( 1)  0.337 +-  0.770
 154 V   0.85294 0.09733 0.04973 ( 1)  0.330 +-  0.747
 155 N   0.85831 0.09542 0.04627 ( 1)  0.314 +-  0.698
 156 S   0.85242 0.09751 0.05007 ( 1)  0.331 +-  0.752
 157 G   0.85286 0.09736 0.04979 ( 1)  0.330 +-  0.748
 158 S   0.85734 0.09578 0.04688 ( 1)  0.317 +-  0.706
 159 S   0.85107 0.09796 0.05097 ( 1)  0.336 +-  0.765
 160 K   0.85439 0.09683 0.04877 ( 1)  0.326 +-  0.733
 161 N   0.85569 0.09638 0.04794 ( 1)  0.322 +-  0.721
 162 A   0.85651 0.09607 0.04742 ( 1)  0.319 +-  0.714
 163 G   0.85683 0.09595 0.04722 ( 1)  0.319 +-  0.712
 164 L   0.85327 0.09722 0.04951 ( 1)  0.329 +-  0.744
 165 E   0.85550 0.09644 0.04806 ( 1)  0.322 +-  0.723
 166 T   0.85326 0.09722 0.04951 ( 1)  0.329 +-  0.744
 167 V   0.85790 0.09555 0.04654 ( 1)  0.316 +-  0.702
 168 D   0.85685 0.09595 0.04720 ( 1)  0.318 +-  0.711
 169 T   0.85247 0.09749 0.05004 ( 1)  0.331 +-  0.752
 170 A   0.85792 0.09555 0.04653 ( 1)  0.316 +-  0.702
 171 E   0.86021 0.09468 0.04511 ( 1)  0.309 +-  0.682
 172 A   0.85651 0.09607 0.04742 ( 1)  0.319 +-  0.714
 173 V   0.85649 0.09607 0.04743 ( 1)  0.320 +-  0.715
 174 G   0.85286 0.09736 0.04979 ( 1)  0.330 +-  0.748
 175 V   0.85790 0.09555 0.04654 ( 1)  0.316 +-  0.702
 176 A   0.85295 0.09733 0.04972 ( 1)  0.330 +-  0.747
 177 D   0.85685 0.09595 0.04720 ( 1)  0.318 +-  0.711
 178 E   0.85550 0.09644 0.04806 ( 1)  0.322 +-  0.723
 179 E   0.86021 0.09468 0.04511 ( 1)  0.309 +-  0.682
 180 P   0.85703 0.09588 0.04709 ( 1)  0.318 +-  0.710
 181 A   0.85295 0.09733 0.04972 ( 1)  0.330 +-  0.747
 182 A   0.85383 0.09702 0.04915 ( 1)  0.327 +-  0.739
 183 D   0.85685 0.09595 0.04720 ( 1)  0.318 +-  0.711
 184 N   0.85569 0.09638 0.04794 ( 1)  0.322 +-  0.721
 185 G   0.85829 0.09541 0.04630 ( 1)  0.315 +-  0.699
 186 L   0.85310 0.09728 0.04962 ( 1)  0.329 +-  0.746
 187 L   0.85327 0.09722 0.04951 ( 1)  0.329 +-  0.744
 188 P   0.85328 0.09721 0.04950 ( 1)  0.329 +-  0.744
 189 S   0.85242 0.09751 0.05007 ( 1)  0.331 +-  0.752
 190 V   0.85790 0.09555 0.04654 ( 1)  0.316 +-  0.702
 191 G   0.85829 0.09541 0.04630 ( 1)  0.315 +-  0.699
 192 P   0.85248 0.09749 0.05003 ( 1)  0.331 +-  0.752
 193 P   0.85328 0.09721 0.04950 ( 1)  0.329 +-  0.744
 194 Q   0.85837 0.09538 0.04625 ( 1)  0.314 +-  0.698
 195 I   0.85421 0.09690 0.04889 ( 1)  0.326 +-  0.735
 196 L   0.85327 0.09722 0.04951 ( 1)  0.329 +-  0.744
 197 Q   0.85837 0.09538 0.04625 ( 1)  0.314 +-  0.698
 198 Y   0.85310 0.09728 0.04962 ( 1)  0.329 +-  0.746
 199 L   0.85590 0.09629 0.04781 ( 1)  0.321 +-  0.720
 200 R   0.85348 0.09714 0.04937 ( 1)  0.328 +-  0.742
 201 E   0.86021 0.09468 0.04511 ( 1)  0.309 +-  0.682
 202 S   0.85107 0.09796 0.05097 ( 1)  0.336 +-  0.765
 203 Q   0.85837 0.09538 0.04625 ( 1)  0.314 +-  0.698
 204 I   0.85661 0.09604 0.04735 ( 1)  0.319 +-  0.713
 205 P   0.85703 0.09588 0.04709 ( 1)  0.318 +-  0.710
 206 V   0.85790 0.09555 0.04654 ( 1)  0.316 +-  0.702
 207 E   0.85550 0.09644 0.04806 ( 1)  0.322 +-  0.723
 208 E   0.86021 0.09468 0.04511 ( 1)  0.309 +-  0.682
 209 A   0.85792 0.09555 0.04653 ( 1)  0.316 +-  0.702
 210 F   0.85324 0.09723 0.04952 ( 1)  0.329 +-  0.744
 211 P   0.85574 0.09635 0.04791 ( 1)  0.322 +-  0.721
 212 G   0.85683 0.09595 0.04722 ( 1)  0.319 +-  0.712
 213 L   0.85572 0.09635 0.04792 ( 1)  0.322 +-  0.721
 214 S   0.85488 0.09666 0.04846 ( 1)  0.324 +-  0.729
 215 L   0.85310 0.09728 0.04962 ( 1)  0.329 +-  0.746
 216 D   0.85685 0.09595 0.04720 ( 1)  0.318 +-  0.711
 217 L   0.85590 0.09629 0.04781 ( 1)  0.321 +-  0.720
 218 G   0.85405 0.09694 0.04900 ( 1)  0.327 +-  0.737
 219 A   0.85651 0.09607 0.04742 ( 1)  0.319 +-  0.714
 220 V   0.85294 0.09733 0.04973 ( 1)  0.330 +-  0.747
 221 S   0.85734 0.09578 0.04688 ( 1)  0.317 +-  0.706
 222 M   0.85916 0.09510 0.04573 ( 1)  0.312 +-  0.690
 223 R   0.85738 0.09576 0.04686 ( 1)  0.317 +-  0.706
 224 E   0.85550 0.09644 0.04806 ( 1)  0.322 +-  0.723
 225 G   0.85683 0.09595 0.04722 ( 1)  0.319 +-  0.712
 226 D   0.85957 0.09493 0.04550 ( 1)  0.311 +-  0.687
 227 S   0.85734 0.09578 0.04688 ( 1)  0.317 +-  0.706
 228 C   0.85520 0.09655 0.04825 ( 1)  0.323 +-  0.726
 229 D   0.85957 0.09493 0.04550 ( 1)  0.311 +-  0.687
 230 F   0.85529 0.09652 0.04819 ( 1)  0.323 +-  0.725
 231 C   0.85520 0.09655 0.04825 ( 1)  0.323 +-  0.726
 232 G   0.85683 0.09595 0.04722 ( 1)  0.319 +-  0.712
 233 R   0.85642 0.09610 0.04749 ( 1)  0.320 +-  0.715
 234 P   0.85574 0.09635 0.04791 ( 1)  0.322 +-  0.721
 235 I   0.85661 0.09604 0.04735 ( 1)  0.319 +-  0.713
 236 Q   0.85837 0.09538 0.04625 ( 1)  0.314 +-  0.698
 237 A   0.85792 0.09555 0.04653 ( 1)  0.316 +-  0.702
 238 L   0.85590 0.09629 0.04781 ( 1)  0.321 +-  0.720
 239 P   0.85574 0.09635 0.04791 ( 1)  0.322 +-  0.721
 240 S   0.85734 0.09578 0.04688 ( 1)  0.317 +-  0.706
 241 R   0.85602 0.09625 0.04773 ( 1)  0.321 +-  0.719
 242 E   0.86021 0.09468 0.04511 ( 1)  0.309 +-  0.682
 243 D   0.85957 0.09493 0.04550 ( 1)  0.311 +-  0.687
 244 Q   0.85837 0.09538 0.04625 ( 1)  0.314 +-  0.698
 245 A   0.85651 0.09607 0.04742 ( 1)  0.319 +-  0.714
 246 S   0.85734 0.09578 0.04688 ( 1)  0.317 +-  0.706
 247 R   0.85602 0.09625 0.04773 ( 1)  0.321 +-  0.719
 248 S   0.85734 0.09578 0.04688 ( 1)  0.317 +-  0.706
 249 P   0.85328 0.09721 0.04950 ( 1)  0.329 +-  0.744
 250 E   0.86021 0.09468 0.04511 ( 1)  0.309 +-  0.682
 251 Q   0.85837 0.09538 0.04625 ( 1)  0.314 +-  0.698
 252 L   0.85572 0.09635 0.04792 ( 1)  0.322 +-  0.721
 253 Y   0.85310 0.09728 0.04962 ( 1)  0.329 +-  0.746
 254 C   0.85309 0.09728 0.04962 ( 1)  0.329 +-  0.746
 255 C   0.85309 0.09728 0.04962 ( 1)  0.329 +-  0.746
 256 A   0.85651 0.09607 0.04742 ( 1)  0.319 +-  0.714
 257 E   0.86021 0.09468 0.04511 ( 1)  0.309 +-  0.682
 258 F   0.85324 0.09723 0.04952 ( 1)  0.329 +-  0.744
 259 R   0.85602 0.09625 0.04773 ( 1)  0.321 +-  0.719
 260 K   0.85892 0.09518 0.04589 ( 1)  0.313 +-  0.693
 261 L   0.85590 0.09629 0.04781 ( 1)  0.321 +-  0.720
 262 L   0.85590 0.09629 0.04781 ( 1)  0.321 +-  0.720
 263 E   0.86021 0.09468 0.04511 ( 1)  0.309 +-  0.682
 264 F   0.85529 0.09652 0.04819 ( 1)  0.323 +-  0.725
 265 A   0.85383 0.09702 0.04915 ( 1)  0.327 +-  0.739
 266 L   0.85590 0.09629 0.04781 ( 1)  0.321 +-  0.720
 267 Q   0.85837 0.09538 0.04625 ( 1)  0.314 +-  0.698
 268 Y   0.85548 0.09645 0.04807 ( 1)  0.322 +-  0.723
 269 Q   0.85837 0.09538 0.04625 ( 1)  0.314 +-  0.698
 270 T   0.85326 0.09722 0.04951 ( 1)  0.329 +-  0.744
 271 R   0.85642 0.09610 0.04749 ( 1)  0.320 +-  0.715
 272 L   0.85327 0.09722 0.04951 ( 1)  0.329 +-  0.744
 273 L   0.85590 0.09629 0.04781 ( 1)  0.321 +-  0.720
 274 H   0.85601 0.09626 0.04773 ( 1)  0.321 +-  0.718
 275 Q   0.85837 0.09538 0.04625 ( 1)  0.314 +-  0.698
 276 Q   0.85837 0.09538 0.04625 ( 1)  0.314 +-  0.698
 277 Q   0.85837 0.09538 0.04625 ( 1)  0.314 +-  0.698
 278 Q   0.85837 0.09538 0.04625 ( 1)  0.314 +-  0.698
 279 T   0.85247 0.09749 0.05004 ( 1)  0.331 +-  0.752
 280 E   0.86021 0.09468 0.04511 ( 1)  0.309 +-  0.682
 281 S   0.85107 0.09796 0.05097 ( 1)  0.336 +-  0.765
 282 G   0.85829 0.09541 0.04630 ( 1)  0.315 +-  0.699
 283 L   0.85572 0.09635 0.04792 ( 1)  0.322 +-  0.721
 284 I   0.85661 0.09604 0.04735 ( 1)  0.319 +-  0.713
 285 D   0.85685 0.09595 0.04720 ( 1)  0.318 +-  0.711
 286 V   0.85790 0.09555 0.04654 ( 1)  0.316 +-  0.702
 287 A   0.85792 0.09555 0.04653 ( 1)  0.316 +-  0.702
 288 P   0.85703 0.09588 0.04709 ( 1)  0.318 +-  0.710
 289 H   0.85852 0.09533 0.04614 ( 1)  0.314 +-  0.696
 290 P   0.85479 0.09668 0.04853 ( 1)  0.324 +-  0.730
 291 H   0.85601 0.09626 0.04773 ( 1)  0.321 +-  0.718
 292 F   0.85529 0.09652 0.04819 ( 1)  0.323 +-  0.725
 293 G   0.85829 0.09541 0.04630 ( 1)  0.315 +-  0.699
 294 S   0.85242 0.09751 0.05007 ( 1)  0.331 +-  0.752
 295 R   0.85158 0.09779 0.05063 ( 1)  0.334 +-  0.760
 296 G   0.85286 0.09736 0.04979 ( 1)  0.330 +-  0.748
 297 K   0.85439 0.09683 0.04877 ( 1)  0.326 +-  0.733
 298 K   0.85439 0.09683 0.04877 ( 1)  0.326 +-  0.733
 299 S   0.85242 0.09751 0.05007 ( 1)  0.331 +-  0.752
 300 A   0.85792 0.09555 0.04653 ( 1)  0.316 +-  0.702
 301 Q   0.85837 0.09538 0.04625 ( 1)  0.314 +-  0.698
 302 E   0.86021 0.09468 0.04511 ( 1)  0.309 +-  0.682
 303 R   0.85738 0.09576 0.04686 ( 1)  0.317 +-  0.706
 304 E   0.86021 0.09468 0.04511 ( 1)  0.309 +-  0.682
 305 R   0.85348 0.09714 0.04937 ( 1)  0.328 +-  0.742
 306 M   0.85916 0.09510 0.04573 ( 1)  0.312 +-  0.690
 307 R   0.85738 0.09576 0.04686 ( 1)  0.317 +-  0.706
 308 E   0.86021 0.09468 0.04511 ( 1)  0.309 +-  0.682
 309 E   0.85550 0.09644 0.04806 ( 1)  0.322 +-  0.723
 310 A   0.85792 0.09555 0.04653 ( 1)  0.316 +-  0.702
 311 E   0.86021 0.09468 0.04511 ( 1)  0.309 +-  0.682
 312 K   0.85439 0.09683 0.04877 ( 1)  0.326 +-  0.733
 313 R   0.85738 0.09576 0.04686 ( 1)  0.317 +-  0.706
 314 R   0.85602 0.09625 0.04773 ( 1)  0.321 +-  0.719
 315 K   0.85439 0.09683 0.04877 ( 1)  0.326 +-  0.733
 316 L   0.85590 0.09629 0.04781 ( 1)  0.321 +-  0.720
 317 L   0.85310 0.09728 0.04962 ( 1)  0.329 +-  0.746
 318 Q   0.85837 0.09538 0.04625 ( 1)  0.314 +-  0.698
 319 Q   0.85837 0.09538 0.04625 ( 1)  0.314 +-  0.698
 320 E   0.86021 0.09468 0.04511 ( 1)  0.309 +-  0.682
 321 R   0.85738 0.09576 0.04686 ( 1)  0.317 +-  0.706
 322 Q   0.85837 0.09538 0.04625 ( 1)  0.314 +-  0.698
 323 R   0.85602 0.09625 0.04773 ( 1)  0.321 +-  0.719
 324 R   0.85310 0.09728 0.04962 ( 1)  0.329 +-  0.746
 325 A   0.85383 0.09702 0.04915 ( 1)  0.327 +-  0.739
 326 A   0.85792 0.09555 0.04653 ( 1)  0.316 +-  0.702
 327 E   0.86021 0.09468 0.04511 ( 1)  0.309 +-  0.682
 328 A   0.85651 0.09607 0.04742 ( 1)  0.319 +-  0.714
 329 A   0.85651 0.09607 0.04742 ( 1)  0.319 +-  0.714
 330 Q   0.85837 0.09538 0.04625 ( 1)  0.314 +-  0.698
 331 A   0.85295 0.09733 0.04972 ( 1)  0.330 +-  0.747
 332 T   0.85701 0.09589 0.04710 ( 1)  0.318 +-  0.710
 333 A   0.85383 0.09702 0.04915 ( 1)  0.327 +-  0.739
 334 Q   0.85437 0.09684 0.04879 ( 1)  0.326 +-  0.734
 335 A   0.85651 0.09607 0.04742 ( 1)  0.319 +-  0.714
 336 R   0.85738 0.09576 0.04686 ( 1)  0.317 +-  0.706
 337 K   0.85892 0.09518 0.04589 ( 1)  0.313 +-  0.693
 338 R   0.85158 0.09779 0.05063 ( 1)  0.334 +-  0.760
 339 E   0.86021 0.09468 0.04511 ( 1)  0.309 +-  0.682
 340 Q   0.85437 0.09684 0.04879 ( 1)  0.326 +-  0.734
 341 V   0.85649 0.09607 0.04743 ( 1)  0.320 +-  0.715
 342 S   0.85242 0.09751 0.05007 ( 1)  0.331 +-  0.752
 343 V   0.85583 0.09629 0.04788 ( 1)  0.322 +-  0.722
 344 E   0.85550 0.09644 0.04806 ( 1)  0.322 +-  0.723
 345 A   0.85651 0.09607 0.04742 ( 1)  0.319 +-  0.714
 346 D   0.85685 0.09595 0.04720 ( 1)  0.318 +-  0.711
 347 M   0.85916 0.09510 0.04573 ( 1)  0.312 +-  0.690
 348 G   0.85683 0.09595 0.04722 ( 1)  0.319 +-  0.712
 349 R   0.85602 0.09625 0.04773 ( 1)  0.321 +-  0.719
 350 Q   0.85837 0.09538 0.04625 ( 1)  0.314 +-  0.698
 351 M   0.85916 0.09510 0.04573 ( 1)  0.312 +-  0.690
 352 R   0.85602 0.09625 0.04773 ( 1)  0.321 +-  0.719
 353 T   0.85326 0.09722 0.04951 ( 1)  0.329 +-  0.744
 354 I   0.85442 0.09682 0.04876 ( 1)  0.325 +-  0.733
 355 N   0.85831 0.09542 0.04627 ( 1)  0.314 +-  0.698
 356 Y   0.85310 0.09728 0.04962 ( 1)  0.329 +-  0.746
 357 S   0.85107 0.09796 0.05097 ( 1)  0.336 +-  0.765
 358 L   0.85590 0.09629 0.04781 ( 1)  0.321 +-  0.720
 359 S   0.85451 0.09679 0.04870 ( 1)  0.325 +-  0.732
 360 S   0.85107 0.09796 0.05097 ( 1)  0.336 +-  0.765
 361 M   0.85916 0.09510 0.04573 ( 1)  0.312 +-  0.690
 362 R   0.85158 0.09779 0.05063 ( 1)  0.334 +-  0.760
 363 C   0.85309 0.09728 0.04962 ( 1)  0.329 +-  0.746
 364 L   0.85590 0.09629 0.04781 ( 1)  0.321 +-  0.720
 365 E   0.85550 0.09644 0.04806 ( 1)  0.322 +-  0.723
 366 E   0.85550 0.09644 0.04806 ( 1)  0.322 +-  0.723
 367 G   0.85683 0.09595 0.04722 ( 1)  0.319 +-  0.712
 368 W   0.85509 0.09659 0.04832 ( 1)  0.323 +-  0.727
 369 T   0.85701 0.09589 0.04710 ( 1)  0.318 +-  0.710
 370 L   0.85189 0.09769 0.05042 ( 1)  0.333 +-  0.757
 371 R   0.85642 0.09610 0.04749 ( 1)  0.320 +-  0.715
 372 A   0.85651 0.09607 0.04742 ( 1)  0.319 +-  0.714
 373 P   0.85574 0.09635 0.04791 ( 1)  0.322 +-  0.721
 374 S   0.85734 0.09578 0.04688 ( 1)  0.317 +-  0.706
 375 P   0.85248 0.09749 0.05003 ( 1)  0.331 +-  0.752
 376 L   0.85189 0.09769 0.05042 ( 1)  0.333 +-  0.757
 377 G   0.85286 0.09736 0.04979 ( 1)  0.330 +-  0.748
 378 D   0.85685 0.09595 0.04720 ( 1)  0.318 +-  0.711
 379 G   0.85683 0.09595 0.04722 ( 1)  0.319 +-  0.712
 380 V   0.85649 0.09607 0.04743 ( 1)  0.320 +-  0.715
 381 S   0.85734 0.09578 0.04688 ( 1)  0.317 +-  0.706
 382 E   0.85550 0.09644 0.04806 ( 1)  0.322 +-  0.723
 383 W   0.85509 0.09659 0.04832 ( 1)  0.323 +-  0.727
 384 Q   0.85837 0.09538 0.04625 ( 1)  0.314 +-  0.698
 385 I   0.85661 0.09604 0.04735 ( 1)  0.319 +-  0.713
 386 Y   0.85548 0.09645 0.04807 ( 1)  0.322 +-  0.723
 387 D   0.85957 0.09493 0.04550 ( 1)  0.311 +-  0.687
 388 F   0.85324 0.09723 0.04952 ( 1)  0.329 +-  0.744
 389 D   0.85957 0.09493 0.04550 ( 1)  0.311 +-  0.687
 390 M   0.85916 0.09510 0.04573 ( 1)  0.312 +-  0.690
 391 D   0.85957 0.09493 0.04550 ( 1)  0.311 +-  0.687
 392 E   0.86021 0.09468 0.04511 ( 1)  0.309 +-  0.682
 393 I   0.85661 0.09604 0.04735 ( 1)  0.319 +-  0.713
 394 T   0.85247 0.09749 0.05004 ( 1)  0.331 +-  0.752
 395 D   0.85957 0.09493 0.04550 ( 1)  0.311 +-  0.687
 396 L   0.85590 0.09629 0.04781 ( 1)  0.321 +-  0.720
 397 A   0.85792 0.09555 0.04653 ( 1)  0.316 +-  0.702
 398 A   0.85383 0.09702 0.04915 ( 1)  0.327 +-  0.739
 399 G   0.85286 0.09736 0.04979 ( 1)  0.330 +-  0.748
 400 L   0.85590 0.09629 0.04781 ( 1)  0.321 +-  0.720
 401 G   0.85286 0.09736 0.04979 ( 1)  0.330 +-  0.748
 402 I   0.85661 0.09604 0.04735 ( 1)  0.319 +-  0.713
 403 T   0.85326 0.09722 0.04951 ( 1)  0.329 +-  0.744
 404 P   0.85328 0.09721 0.04950 ( 1)  0.329 +-  0.744
 405 R   0.85310 0.09728 0.04962 ( 1)  0.329 +-  0.746
 406 G   0.85683 0.09595 0.04722 ( 1)  0.319 +-  0.712
 407 T   0.85247 0.09749 0.05004 ( 1)  0.331 +-  0.752
 408 P   0.85703 0.09588 0.04709 ( 1)  0.318 +-  0.710
 409 T   0.85247 0.09749 0.05004 ( 1)  0.331 +-  0.752
 410 D   0.85685 0.09595 0.04720 ( 1)  0.318 +-  0.711
 411 L   0.85572 0.09635 0.04792 ( 1)  0.322 +-  0.721
 412 L   0.85590 0.09629 0.04781 ( 1)  0.321 +-  0.720
 413 E   0.86021 0.09468 0.04511 ( 1)  0.309 +-  0.682
 414 K   0.85892 0.09518 0.04589 ( 1)  0.313 +-  0.693
 415 F   0.85529 0.09652 0.04819 ( 1)  0.323 +-  0.725
 416 Y   0.85548 0.09645 0.04807 ( 1)  0.322 +-  0.723
 417 P   0.85574 0.09635 0.04791 ( 1)  0.322 +-  0.721
 418 N   0.85831 0.09542 0.04627 ( 1)  0.314 +-  0.698
 419 G   0.85829 0.09541 0.04630 ( 1)  0.315 +-  0.699
 420 K   0.85892 0.09518 0.04589 ( 1)  0.313 +-  0.693
 421 K   0.85892 0.09518 0.04589 ( 1)  0.313 +-  0.693
 422 F   0.85324 0.09723 0.04952 ( 1)  0.329 +-  0.744
 423 V   0.85790 0.09555 0.04654 ( 1)  0.316 +-  0.702
 424 T   0.85572 0.09636 0.04792 ( 1)  0.322 +-  0.721
 425 M   0.85916 0.09510 0.04573 ( 1)  0.312 +-  0.690
 426 F   0.85324 0.09723 0.04952 ( 1)  0.329 +-  0.744
 427 A   0.85295 0.09733 0.04972 ( 1)  0.330 +-  0.747
 428 D   0.85685 0.09595 0.04720 ( 1)  0.318 +-  0.711
 429 R   0.85348 0.09714 0.04937 ( 1)  0.328 +-  0.742
 430 T   0.85247 0.09749 0.05004 ( 1)  0.331 +-  0.752
 431 G   0.85829 0.09541 0.04630 ( 1)  0.315 +-  0.699
 432 N   0.85569 0.09638 0.04794 ( 1)  0.322 +-  0.721
 433 V   0.85294 0.09733 0.04973 ( 1)  0.330 +-  0.747
 434 F   0.85529 0.09652 0.04819 ( 1)  0.323 +-  0.725
 435 Y   0.85548 0.09645 0.04807 ( 1)  0.322 +-  0.723
 436 P   0.85248 0.09749 0.05003 ( 1)  0.331 +-  0.752
 437 S   0.85242 0.09751 0.05007 ( 1)  0.331 +-  0.752
 438 G   0.85683 0.09595 0.04722 ( 1)  0.319 +-  0.712
 439 R   0.85158 0.09779 0.05063 ( 1)  0.334 +-  0.760
 440 L   0.85572 0.09635 0.04792 ( 1)  0.322 +-  0.721
 441 A   0.85383 0.09702 0.04915 ( 1)  0.327 +-  0.739
 442 I   0.85661 0.09604 0.04735 ( 1)  0.319 +-  0.713
 443 L   0.85189 0.09769 0.05042 ( 1)  0.333 +-  0.757
 444 I   0.85421 0.09690 0.04889 ( 1)  0.326 +-  0.735
 445 S   0.85242 0.09751 0.05007 ( 1)  0.331 +-  0.752
 446 R   0.85348 0.09714 0.04937 ( 1)  0.328 +-  0.742
 447 P   0.85574 0.09635 0.04791 ( 1)  0.322 +-  0.721
 448 A   0.85792 0.09555 0.04653 ( 1)  0.316 +-  0.702
 449 D   0.85957 0.09493 0.04550 ( 1)  0.311 +-  0.687
 450 R   0.85602 0.09625 0.04773 ( 1)  0.321 +-  0.719
 451 P   0.85703 0.09588 0.04709 ( 1)  0.318 +-  0.710
 452 N   0.85831 0.09542 0.04627 ( 1)  0.314 +-  0.698
 453 N   0.85831 0.09542 0.04627 ( 1)  0.314 +-  0.698
 454 L   0.85590 0.09629 0.04781 ( 1)  0.321 +-  0.720
 455 L   0.85590 0.09629 0.04781 ( 1)  0.321 +-  0.720
 456 H   0.85852 0.09533 0.04614 ( 1)  0.314 +-  0.696
 457 I   0.85661 0.09604 0.04735 ( 1)  0.319 +-  0.713
 458 V   0.85790 0.09555 0.04654 ( 1)  0.316 +-  0.702
 459 L   0.85590 0.09629 0.04781 ( 1)  0.321 +-  0.720
 460 D   0.85957 0.09493 0.04550 ( 1)  0.311 +-  0.687
 461 D   0.85957 0.09493 0.04550 ( 1)  0.311 +-  0.687
 462 K   0.85892 0.09518 0.04589 ( 1)  0.313 +-  0.693
 463 P   0.85703 0.09588 0.04709 ( 1)  0.318 +-  0.710
 464 P   0.85248 0.09749 0.05003 ( 1)  0.331 +-  0.752
 465 D   0.29591 0.28820 0.41589 ( 3)  1.954 +-  2.296
 466 R   0.85158 0.09779 0.05063 ( 1)  0.334 +-  0.760
 467 A   0.85651 0.09607 0.04742 ( 1)  0.319 +-  0.714
 468 R   0.85348 0.09714 0.04937 ( 1)  0.328 +-  0.742
 469 L   0.85590 0.09629 0.04781 ( 1)  0.321 +-  0.720
 470 L   0.85590 0.09629 0.04781 ( 1)  0.321 +-  0.720
 471 G   0.85683 0.09595 0.04722 ( 1)  0.319 +-  0.712
 472 V   0.85790 0.09555 0.04654 ( 1)  0.316 +-  0.702
 473 F   0.85324 0.09723 0.04952 ( 1)  0.329 +-  0.744
 474 D   0.85957 0.09493 0.04550 ( 1)  0.311 +-  0.687
 475 N   0.85831 0.09542 0.04627 ( 1)  0.314 +-  0.698
 476 I   0.85421 0.09690 0.04889 ( 1)  0.326 +-  0.735
 477 G   0.85683 0.09595 0.04722 ( 1)  0.319 +-  0.712
 478 R   0.85158 0.09779 0.05063 ( 1)  0.334 +-  0.760
 479 G   0.85683 0.09595 0.04722 ( 1)  0.319 +-  0.712
 480 T   0.85572 0.09636 0.04792 ( 1)  0.322 +-  0.721
 481 A   0.85651 0.09607 0.04742 ( 1)  0.319 +-  0.714
 482 Y   0.85548 0.09645 0.04807 ( 1)  0.322 +-  0.723
 483 F   0.85529 0.09652 0.04819 ( 1)  0.323 +-  0.725
 484 R   0.85738 0.09576 0.04686 ( 1)  0.317 +-  0.706
 485 D   0.85957 0.09493 0.04550 ( 1)  0.311 +-  0.687
 486 G   0.85286 0.09736 0.04979 ( 1)  0.330 +-  0.748
 487 G   0.85286 0.09736 0.04979 ( 1)  0.330 +-  0.748
 488 I   0.85421 0.09690 0.04889 ( 1)  0.326 +-  0.735
 489 R   0.85488 0.09661 0.04851 ( 1)  0.325 +-  0.732
 490 I   0.85442 0.09682 0.04876 ( 1)  0.325 +-  0.733
 491 N   0.85831 0.09542 0.04627 ( 1)  0.314 +-  0.698
 492 Y   0.85310 0.09728 0.04962 ( 1)  0.329 +-  0.746
 493 D   0.85685 0.09595 0.04720 ( 1)  0.318 +-  0.711
 494 R   0.85642 0.09610 0.04749 ( 1)  0.320 +-  0.715
 495 F   0.85529 0.09652 0.04819 ( 1)  0.323 +-  0.725
 496 N   0.85831 0.09542 0.04627 ( 1)  0.314 +-  0.698
 497 G   0.85829 0.09541 0.04630 ( 1)  0.315 +-  0.699
 498 L   0.85327 0.09722 0.04951 ( 1)  0.329 +-  0.744
 499 D   0.85957 0.09493 0.04550 ( 1)  0.311 +-  0.687
 500 L   0.85310 0.09728 0.04962 ( 1)  0.329 +-  0.746
 501 D   0.85957 0.09493 0.04550 ( 1)  0.311 +-  0.687
 502 Q   0.85477 0.09623 0.04899 ( 1)  0.328 +-  0.751
 503 Q   0.85837 0.09538 0.04625 ( 1)  0.314 +-  0.698
 504 G   0.85829 0.09541 0.04630 ( 1)  0.315 +-  0.699
 505 S   0.85734 0.09578 0.04688 ( 1)  0.317 +-  0.706
 506 K   0.85892 0.09518 0.04589 ( 1)  0.313 +-  0.693
 507 K   0.85892 0.09518 0.04589 ( 1)  0.313 +-  0.693
 508 R   0.85642 0.09610 0.04749 ( 1)  0.320 +-  0.715
 509 H   0.85852 0.09533 0.04614 ( 1)  0.314 +-  0.696
 510 W   0.85509 0.09659 0.04832 ( 1)  0.323 +-  0.727
 511 H   0.85852 0.09533 0.04614 ( 1)  0.314 +-  0.696
 512 W   0.85509 0.09659 0.04832 ( 1)  0.323 +-  0.727
 513 H   0.85601 0.09626 0.04773 ( 1)  0.321 +-  0.718
 514 S   0.85107 0.09796 0.05097 ( 1)  0.336 +-  0.765
 515 T   0.85701 0.09589 0.04710 ( 1)  0.318 +-  0.710
 516 G   0.85683 0.09595 0.04722 ( 1)  0.319 +-  0.712
 517 Q   0.85837 0.09538 0.04625 ( 1)  0.314 +-  0.698
 518 P   0.85328 0.09721 0.04950 ( 1)  0.329 +-  0.744
 519 A   0.85295 0.09733 0.04972 ( 1)  0.330 +-  0.747
 520 A   0.85295 0.09733 0.04972 ( 1)  0.330 +-  0.747
 521 Q   0.85437 0.09684 0.04879 ( 1)  0.326 +-  0.734
 522 A   0.85383 0.09702 0.04915 ( 1)  0.327 +-  0.739
 523 P   0.85248 0.09749 0.05003 ( 1)  0.331 +-  0.752
 524 H   0.85852 0.09533 0.04614 ( 1)  0.314 +-  0.696
 525 I   0.85661 0.09604 0.04735 ( 1)  0.319 +-  0.713
 526 H   0.85852 0.09533 0.04614 ( 1)  0.314 +-  0.696
 527 A   0.85383 0.09702 0.04915 ( 1)  0.327 +-  0.739
 528 P   0.85703 0.09588 0.04709 ( 1)  0.318 +-  0.710
 529 P   0.85328 0.09721 0.04950 ( 1)  0.329 +-  0.744
 530 F   0.85529 0.09652 0.04819 ( 1)  0.323 +-  0.725
 531 Q   0.85837 0.09538 0.04625 ( 1)  0.314 +-  0.698
 532 P   0.85703 0.09588 0.04709 ( 1)  0.318 +-  0.710
 533 I   0.85661 0.09604 0.04735 ( 1)  0.319 +-  0.713
 534 S   0.85489 0.09666 0.04845 ( 1)  0.324 +-  0.729
 535 L   0.85590 0.09629 0.04781 ( 1)  0.321 +-  0.720
 536 A   0.85651 0.09607 0.04742 ( 1)  0.319 +-  0.714
 537 L   0.85590 0.09629 0.04781 ( 1)  0.321 +-  0.720
 538 N   0.85831 0.09542 0.04627 ( 1)  0.314 +-  0.698
 539 K   0.85892 0.09518 0.04589 ( 1)  0.313 +-  0.693
 540 T   0.85247 0.09749 0.05004 ( 1)  0.331 +-  0.752
 541 V   0.85790 0.09555 0.04654 ( 1)  0.316 +-  0.702
 542 G   0.85683 0.09595 0.04722 ( 1)  0.319 +-  0.712
 543 L   0.85590 0.09629 0.04781 ( 1)  0.321 +-  0.720
 544 R   0.85158 0.09779 0.05063 ( 1)  0.334 +-  0.760
 545 L   0.85590 0.09629 0.04781 ( 1)  0.321 +-  0.720
 546 A   0.85383 0.09702 0.04915 ( 1)  0.327 +-  0.739
 547 A   0.85383 0.09702 0.04915 ( 1)  0.327 +-  0.739
 548 R   0.85738 0.09576 0.04686 ( 1)  0.317 +-  0.706
 549 D   0.85685 0.09595 0.04720 ( 1)  0.318 +-  0.711
 550 S   0.85488 0.09666 0.04846 ( 1)  0.324 +-  0.729
 551 I   0.85421 0.09690 0.04889 ( 1)  0.326 +-  0.735
 552 Y   0.85310 0.09728 0.04962 ( 1)  0.329 +-  0.746
 553 L   0.85060 0.09812 0.05128 ( 1)  0.337 +-  0.770
 554 S   0.85107 0.09796 0.05097 ( 1)  0.336 +-  0.765
 555 F   0.85529 0.09652 0.04819 ( 1)  0.323 +-  0.725
 556 V   0.85649 0.09607 0.04743 ( 1)  0.320 +-  0.715
 557 T   0.85247 0.09749 0.05004 ( 1)  0.331 +-  0.752
 558 A   0.85651 0.09607 0.04742 ( 1)  0.319 +-  0.714
 559 S   0.85734 0.09578 0.04688 ( 1)  0.317 +-  0.706
 560 R   0.85602 0.09625 0.04773 ( 1)  0.321 +-  0.719
 561 S   0.85734 0.09578 0.04688 ( 1)  0.317 +-  0.706
 562 C   0.85520 0.09655 0.04825 ( 1)  0.323 +-  0.726
 563 K   0.85892 0.09518 0.04589 ( 1)  0.313 +-  0.693
 564 I   0.85421 0.09690 0.04889 ( 1)  0.326 +-  0.735
 565 N   0.85831 0.09542 0.04627 ( 1)  0.314 +-  0.698
 566 V   0.85382 0.09703 0.04916 ( 1)  0.327 +-  0.739
 567 G   0.85829 0.09541 0.04630 ( 1)  0.315 +-  0.699
 568 A   0.85383 0.09702 0.04915 ( 1)  0.327 +-  0.739
 569 R   0.85158 0.09779 0.05063 ( 1)  0.334 +-  0.760
 570 I   0.85421 0.09690 0.04889 ( 1)  0.326 +-  0.735
 571 K   0.85892 0.09518 0.04589 ( 1)  0.313 +-  0.693
 572 I   0.85442 0.09682 0.04876 ( 1)  0.325 +-  0.733
 573 H   0.85852 0.09533 0.04614 ( 1)  0.314 +-  0.696
 574 Q   0.85837 0.09538 0.04625 ( 1)  0.314 +-  0.698
 575 S   0.85451 0.09679 0.04870 ( 1)  0.325 +-  0.732
 576 M   0.85916 0.09510 0.04573 ( 1)  0.312 +-  0.690
 577 E   0.85550 0.09644 0.04806 ( 1)  0.322 +-  0.723
 578 S   0.29183 0.28714 0.42103 ( 3)  1.974 +-  2.304
 579 A   0.85651 0.09607 0.04742 ( 1)  0.319 +-  0.714
 580 P   0.85248 0.09749 0.05003 ( 1)  0.331 +-  0.752
 581 P   0.85328 0.09721 0.04950 ( 1)  0.329 +-  0.744
 582 Q   0.85837 0.09538 0.04625 ( 1)  0.314 +-  0.698
 583 P   0.85328 0.09721 0.04950 ( 1)  0.329 +-  0.744
 584 Q   0.85837 0.09538 0.04625 ( 1)  0.314 +-  0.698
 585 L   0.85189 0.09769 0.05042 ( 1)  0.333 +-  0.757
 586 S   0.85107 0.09796 0.05097 ( 1)  0.336 +-  0.765
 587 P   0.85574 0.09635 0.04791 ( 1)  0.322 +-  0.721
 588 L   0.85590 0.09629 0.04781 ( 1)  0.321 +-  0.720
 589 D   0.85685 0.09595 0.04720 ( 1)  0.318 +-  0.711
 590 L   0.85572 0.09635 0.04792 ( 1)  0.322 +-  0.721
 591 Y   0.85548 0.09645 0.04807 ( 1)  0.322 +-  0.723
 592 L   0.85590 0.09629 0.04781 ( 1)  0.321 +-  0.720
 593 S   0.85107 0.09796 0.05097 ( 1)  0.336 +-  0.765
 594 E   0.86021 0.09468 0.04511 ( 1)  0.309 +-  0.682
 595 A   0.85792 0.09555 0.04653 ( 1)  0.316 +-  0.702
 596 L   0.85590 0.09629 0.04781 ( 1)  0.321 +-  0.720
 597 T   0.85326 0.09722 0.04951 ( 1)  0.329 +-  0.744
 598 R   0.85158 0.09779 0.05063 ( 1)  0.334 +-  0.760
 599 I   0.85661 0.09604 0.04735 ( 1)  0.319 +-  0.713
 600 G   0.85405 0.09694 0.04900 ( 1)  0.327 +-  0.737
 601 S   0.85242 0.09751 0.05007 ( 1)  0.331 +-  0.752
 602 L   0.85310 0.09728 0.04962 ( 1)  0.329 +-  0.746
 603 L   0.85590 0.09629 0.04781 ( 1)  0.321 +-  0.720
 604 E   0.86021 0.09468 0.04511 ( 1)  0.309 +-  0.682
 605 K   0.85892 0.09518 0.04589 ( 1)  0.313 +-  0.693
 606 L   0.85590 0.09629 0.04781 ( 1)  0.321 +-  0.720
 607 T   0.85572 0.09636 0.04792 ( 1)  0.322 +-  0.721
 608 L   0.85590 0.09629 0.04781 ( 1)  0.321 +-  0.720
 609 L   0.85572 0.09635 0.04792 ( 1)  0.322 +-  0.721
 610 S   0.85734 0.09578 0.04688 ( 1)  0.317 +-  0.706
 611 T   0.85326 0.09722 0.04951 ( 1)  0.329 +-  0.744
 612 Y   0.85548 0.09645 0.04807 ( 1)  0.322 +-  0.723
 613 P   0.85703 0.09588 0.04709 ( 1)  0.318 +-  0.710
 614 H   0.85601 0.09626 0.04773 ( 1)  0.321 +-  0.718
 615 H   0.85852 0.09533 0.04614 ( 1)  0.314 +-  0.696
 616 P   0.85248 0.09749 0.05003 ( 1)  0.331 +-  0.752
 617 R   0.85642 0.09610 0.04749 ( 1)  0.320 +-  0.715
 618 P   0.85328 0.09721 0.04950 ( 1)  0.329 +-  0.744
 619 E   0.85550 0.09644 0.04806 ( 1)  0.322 +-  0.723
 620 K   0.85439 0.09683 0.04877 ( 1)  0.326 +-  0.733
 621 V   0.85790 0.09555 0.04654 ( 1)  0.316 +-  0.702
 622 P   0.85703 0.09588 0.04709 ( 1)  0.318 +-  0.710
 623 S   0.85107 0.09796 0.05097 ( 1)  0.336 +-  0.765
 624 S   0.85242 0.09751 0.05007 ( 1)  0.331 +-  0.752
 625 L   0.85590 0.09629 0.04781 ( 1)  0.321 +-  0.720
 626 R   0.85602 0.09625 0.04773 ( 1)  0.321 +-  0.719
 627 L   0.85310 0.09728 0.04962 ( 1)  0.329 +-  0.746
 628 E   0.85550 0.09644 0.04806 ( 1)  0.322 +-  0.723
 629 S   0.85734 0.09578 0.04688 ( 1)  0.317 +-  0.706
 630 Q   0.85837 0.09538 0.04625 ( 1)  0.314 +-  0.698
 631 R   0.85642 0.09610 0.04749 ( 1)  0.320 +-  0.715
 632 Q   0.85837 0.09538 0.04625 ( 1)  0.314 +-  0.698
 633 R   0.85310 0.09728 0.04962 ( 1)  0.329 +-  0.746
 634 N   0.85831 0.09542 0.04627 ( 1)  0.314 +-  0.698
 635 L   0.85590 0.09629 0.04781 ( 1)  0.321 +-  0.720
 636 A   0.85383 0.09702 0.04915 ( 1)  0.327 +-  0.739
 637 N   0.85831 0.09542 0.04627 ( 1)  0.314 +-  0.698
 638 R   0.85738 0.09576 0.04686 ( 1)  0.317 +-  0.706
 639 T   0.85701 0.09589 0.04710 ( 1)  0.318 +-  0.710
 640 K   0.85892 0.09518 0.04589 ( 1)  0.313 +-  0.693
 641 L   0.85590 0.09629 0.04781 ( 1)  0.321 +-  0.720
 642 G   0.85683 0.09595 0.04722 ( 1)  0.319 +-  0.712
 643 L   0.85310 0.09728 0.04962 ( 1)  0.329 +-  0.746
 644 E   0.86021 0.09468 0.04511 ( 1)  0.309 +-  0.682
 645 R   0.85310 0.09728 0.04962 ( 1)  0.329 +-  0.746
 646 A   0.85651 0.09607 0.04742 ( 1)  0.319 +-  0.714
 647 N   0.85831 0.09542 0.04627 ( 1)  0.314 +-  0.698

Positively selected sites

	Prob(w>1)  mean w


