Supplemental results for CODEML (seqf: algn  treef: tree)


dN/dS (w) for site classes (K=2)

p:   0.77757  0.22243
w:   0.05640  1.00000

Naive Empirical Bayes (NEB) probabilities for 2 classes & postmean_w
(amino acids refer to 1st sequence: Msl.12)

   1 K   0.69723 0.30277 ( 1)  0.342
   2 R   0.69650 0.30350 ( 1)  0.343
   3 G   0.12902 0.87098 ( 2)  0.878
   4 G   0.18571 0.81429 ( 2)  0.825
   5 R   0.97289 0.02711 ( 1)  0.082
   6 R   0.93779 0.06221 ( 1)  0.115
   7 G   0.97158 0.02842 ( 1)  0.083
   8 G   0.97158 0.02842 ( 1)  0.083
   9 A   0.64383 0.35617 ( 1)  0.392
  10 S   0.71219 0.28781 ( 1)  0.328
  11 Q   0.80317 0.19683 ( 1)  0.242
  12 H   0.97565 0.02435 ( 1)  0.079
  13 H   0.82969 0.17031 ( 1)  0.217
  14 H   0.74180 0.25820 ( 1)  0.300
  15 Y   0.08229 0.91771 ( 2)  0.922
  16 Q   0.59182 0.40818 ( 1)  0.442
  17 Q   0.80317 0.19683 ( 1)  0.242
  18 Q   0.98127 0.01873 ( 1)  0.074
  19 Q   0.29144 0.70856 ( 2)  0.725
  20 R   0.79967 0.20033 ( 1)  0.245
  21 Q   0.73896 0.26104 ( 1)  0.303
  22 S   0.98391 0.01609 ( 1)  0.072
  23 S   0.15054 0.84946 ( 2)  0.858
  24 Q   0.04043 0.95957 ( 2)  0.962
  25 F   0.98925 0.01075 ( 1)  0.067
  26 V   0.60312 0.39688 ( 1)  0.431
  27 A   0.12498 0.87502 ( 2)  0.882
  28 H   0.97770 0.02230 ( 1)  0.077
  29 L   0.77217 0.22783 ( 1)  0.271
  30 T   0.45852 0.54148 ( 2)  0.567
  31 P   0.96529 0.03471 ( 1)  0.089
  32 E   0.97912 0.02088 ( 1)  0.076
  33 E   0.97912 0.02088 ( 1)  0.076
  34 V   0.96130 0.03870 ( 1)  0.093
  35 S   0.98599 0.01401 ( 1)  0.070
  36 A   0.96778 0.03222 ( 1)  0.087
  37 G   0.96928 0.03072 ( 1)  0.085
  38 L   0.95779 0.04221 ( 1)  0.096
  39 A   0.64720 0.35280 ( 1)  0.389
  40 S   0.70860 0.29140 ( 1)  0.331
  41 G   0.97131 0.02869 ( 1)  0.083
  42 E   0.79198 0.20802 ( 1)  0.253
  43 L   0.94689 0.05311 ( 1)  0.107
  44 I   0.66809 0.33191 ( 1)  0.370
  45 T   0.12995 0.87005 ( 2)  0.877
  46 G   0.97158 0.02842 ( 1)  0.083
  47 Q   0.98127 0.01873 ( 1)  0.074
  48 V   0.66994 0.33006 ( 1)  0.368
  49 R   0.06218 0.93782 ( 2)  0.941
  50 I   0.98215 0.01785 ( 1)  0.073
  51 S   0.80508 0.19492 ( 1)  0.240
  52 Q   0.79908 0.20092 ( 1)  0.246
  53 R   0.03189 0.96811 ( 2)  0.970
  54 N   0.98321 0.01679 ( 1)  0.072
  55 F   0.20318 0.79682 ( 2)  0.808
  56 E   0.81994 0.18006 ( 1)  0.226
  57 E   0.97724 0.02276 ( 1)  0.078
  58 A   0.96821 0.03179 ( 1)  0.086
  59 F   0.98271 0.01729 ( 1)  0.073
  60 V   0.76983 0.23017 ( 1)  0.274
  61 S   0.71219 0.28781 ( 1)  0.328
  62 H   0.97696 0.02304 ( 1)  0.078
  63 P   0.96960 0.03040 ( 1)  0.085
  64 N   0.77531 0.22469 ( 1)  0.268
  65 G   0.97158 0.02842 ( 1)  0.083
  66 D   0.97453 0.02547 ( 1)  0.080
  67 S   0.69213 0.30787 ( 1)  0.347
  68 D   0.97574 0.02426 ( 1)  0.079
  69 I   0.67584 0.32416 ( 1)  0.362
  70 L   0.95313 0.04687 ( 1)  0.101
  71 I   0.98215 0.01785 ( 1)  0.073
  72 T   0.18640 0.81360 ( 2)  0.824
  73 S   0.98598 0.01402 ( 1)  0.070
  74 L   0.54947 0.45053 ( 1)  0.482
  75 I   0.98215 0.01785 ( 1)  0.073
  76 D   0.97453 0.02547 ( 1)  0.080
  77 R   0.97289 0.02711 ( 1)  0.082
  78 N   0.98321 0.01679 ( 1)  0.072
  79 R   0.96118 0.03882 ( 1)  0.093
  80 A   0.96697 0.03303 ( 1)  0.088
  81 L   0.96037 0.03963 ( 1)  0.094
  82 N   0.98271 0.01729 ( 1)  0.073
  83 D   0.97619 0.02381 ( 1)  0.079
  84 D   0.97574 0.02426 ( 1)  0.079
  85 E   0.25438 0.74562 ( 2)  0.760
  86 V   0.96396 0.03604 ( 1)  0.090
  87 A   0.96592 0.03408 ( 1)  0.089
  88 L   0.66456 0.33544 ( 1)  0.373
  89 R   0.96575 0.03425 ( 1)  0.089
  90 I   0.98524 0.01476 ( 1)  0.070
  91 K   0.98375 0.01625 ( 1)  0.072
  92 P   0.96960 0.03040 ( 1)  0.085
  93 V   0.96305 0.03695 ( 1)  0.091
  94 A   0.96821 0.03179 ( 1)  0.086
  95 S   0.98987 0.01013 ( 1)  0.066
  96 W   0.99079 0.00921 ( 1)  0.065
  97 R   0.96647 0.03353 ( 1)  0.088
  98 V   0.75805 0.24195 ( 1)  0.285
  99 I   0.62238 0.37762 ( 1)  0.413
 100 G   0.97158 0.02842 ( 1)  0.083
 101 L   0.77217 0.22783 ( 1)  0.271
 102 D   0.37883 0.62117 ( 2)  0.643
 103 P   0.05615 0.94385 ( 2)  0.947
 104 S   0.12490 0.87510 ( 2)  0.882
 105 S   0.08972 0.91028 ( 2)  0.915
 106 A   0.57283 0.42717 ( 1)  0.459
 107 A   0.75843 0.24157 ( 1)  0.284
 108 G   0.97131 0.02869 ( 1)  0.083
 109 T   0.21428 0.78572 ( 2)  0.798
 110 P   0.56010 0.43990 ( 1)  0.471
 111 S   0.03394 0.96606 ( 2)  0.968
 112 K   0.79832 0.20168 ( 1)  0.247
 113 F   0.21636 0.78364 ( 2)  0.796
 114 G   0.27604 0.72396 ( 2)  0.740
 115 Q   0.98127 0.01873 ( 1)  0.074
 116 Q   0.98127 0.01873 ( 1)  0.074
 117 Q   0.98127 0.01873 ( 1)  0.074
 118 Q   0.98127 0.01873 ( 1)  0.074
 119 P   0.18216 0.81784 ( 2)  0.828
 120 P   0.19810 0.80190 ( 2)  0.813
 121 T   0.97730 0.02270 ( 1)  0.078
 122 V   0.96358 0.03642 ( 1)  0.091
 123 E   0.75737 0.24263 ( 1)  0.285
 124 S   0.97602 0.02398 ( 1)  0.079
 125 V   0.96230 0.03770 ( 1)  0.092
 126 L   0.59961 0.40039 ( 1)  0.434
 127 A   0.67193 0.32807 ( 1)  0.366
 128 S   0.00995 0.99005 ( 2)  0.991
 129 G   0.96928 0.03072 ( 1)  0.085
 130 Q   0.97993 0.02007 ( 1)  0.075
 131 A   0.96778 0.03222 ( 1)  0.087
 132 T   0.97905 0.02095 ( 1)  0.076
 133 F   0.98573 0.01427 ( 1)  0.070
 134 A   0.96778 0.03222 ( 1)  0.087
 135 A   0.07653 0.92347 ( 2)  0.928
 136 L   0.95851 0.04149 ( 1)  0.096
 137 F   0.98578 0.01422 ( 1)  0.070
 138 P   0.96820 0.03180 ( 1)  0.086
 139 G   0.97131 0.02869 ( 1)  0.083
 140 V   0.96039 0.03961 ( 1)  0.094
 141 V   0.13402 0.86598 ( 2)  0.874
 142 Y   0.09800 0.90200 ( 2)  0.908
 143 P   0.64584 0.35416 ( 1)  0.391
 144 D   0.97619 0.02381 ( 1)  0.079
 145 E   0.79198 0.20802 ( 1)  0.253
 146 S   0.53812 0.46188 ( 1)  0.492
 147 A   0.10452 0.89548 ( 2)  0.901
 148 I   0.51639 0.48361 ( 1)  0.513
 149 A   0.08472 0.91528 ( 2)  0.920
 150 A   0.11540 0.88460 ( 2)  0.891
 151 I   0.47448 0.52552 ( 2)  0.552
 152 L   0.95851 0.04149 ( 1)  0.096
 153 K   0.72218 0.27782 ( 1)  0.319
 154 S   0.98023 0.01977 ( 1)  0.075
 155 N   0.87101 0.12899 ( 1)  0.178
 156 A   0.96296 0.03704 ( 1)  0.091
 157 D   0.97574 0.02426 ( 1)  0.079
 158 P   0.96788 0.03212 ( 1)  0.087
 159 C   0.99113 0.00887 ( 1)  0.065
 160 Q   0.98127 0.01873 ( 1)  0.074
 161 P   0.96427 0.03573 ( 1)  0.090
 162 L   0.94689 0.05311 ( 1)  0.107
 163 P   0.95602 0.04398 ( 1)  0.098
 164 V   0.95855 0.04145 ( 1)  0.096
 165 D   0.97574 0.02426 ( 1)  0.079
 166 K   0.54972 0.45028 ( 1)  0.481
 167 V   0.96358 0.03642 ( 1)  0.091
 168 Q   0.97868 0.02132 ( 1)  0.077
 169 R   0.94678 0.05322 ( 1)  0.107
 170 I   0.80858 0.19142 ( 1)  0.237
 171 G   0.96928 0.03072 ( 1)  0.085
 172 Q   0.98127 0.01873 ( 1)  0.074
 173 V   0.96130 0.03870 ( 1)  0.093
 174 V   0.96130 0.03870 ( 1)  0.093
 175 A   0.96778 0.03222 ( 1)  0.087
 176 I   0.98086 0.01914 ( 1)  0.074
 177 V   0.96039 0.03961 ( 1)  0.094
 178 R   0.23867 0.76133 ( 2)  0.775
 179 Q   0.98127 0.01873 ( 1)  0.074
 180 L   0.59961 0.40039 ( 1)  0.434
 181 A   0.96579 0.03421 ( 1)  0.089
 182 N   0.09242 0.90758 ( 2)  0.913
 183 R   0.95217 0.04783 ( 1)  0.102
 184 R   0.93906 0.06094 ( 1)  0.114
 185 F   0.98271 0.01729 ( 1)  0.073
 186 V   0.96039 0.03961 ( 1)  0.094
 187 G   0.97009 0.02991 ( 1)  0.085
 188 Y   0.03440 0.96560 ( 2)  0.968
 189 V   0.96130 0.03870 ( 1)  0.093
 190 K   0.98754 0.01246 ( 1)  0.068
 191 P   0.96820 0.03180 ( 1)  0.086
 192 N   0.22254 0.77746 ( 2)  0.790
 193 S   0.61087 0.38913 ( 1)  0.424
 194 S   0.07237 0.92763 ( 2)  0.932
 195 N   0.31498 0.68502 ( 2)  0.703
 196 Q   0.97993 0.02007 ( 1)  0.075
 197 P   0.10030 0.89970 ( 2)  0.905
 198 M   0.99028 0.00972 ( 1)  0.066
 199 V   0.66254 0.33746 ( 1)  0.375
 200 L   0.52430 0.47570 ( 1)  0.505
 201 F   0.98925 0.01075 ( 1)  0.067
 202 A   0.58483 0.41517 ( 1)  0.448
 203 P   0.96960 0.03040 ( 1)  0.085
 204 L   0.95779 0.04221 ( 1)  0.096
 205 D   0.97574 0.02426 ( 1)  0.079
 206 S   0.76368 0.23632 ( 1)  0.279
 207 R   0.96790 0.03210 ( 1)  0.087
 208 Q   0.98127 0.01873 ( 1)  0.074
 209 P   0.96960 0.03040 ( 1)  0.085
 210 R   0.68049 0.31951 ( 1)  0.358
 211 C   0.99113 0.00887 ( 1)  0.065
 212 L   0.04994 0.95006 ( 2)  0.953
 213 V   0.96335 0.03665 ( 1)  0.091
 214 P   0.97020 0.02980 ( 1)  0.085
 215 R   0.97289 0.02711 ( 1)  0.082
 216 S   0.98119 0.01881 ( 1)  0.074
 217 D   0.83732 0.16268 ( 1)  0.210
 218 L   0.95779 0.04221 ( 1)  0.096
 219 P   0.61544 0.38456 ( 1)  0.419
 220 P   0.63090 0.36910 ( 1)  0.405
 221 F   0.98527 0.01473 ( 1)  0.070
 222 A   0.68219 0.31781 ( 1)  0.356
 223 S   0.79343 0.20657 ( 1)  0.251
 224 R   0.68138 0.31862 ( 1)  0.357
 225 P   0.63090 0.36910 ( 1)  0.405
 226 G   0.72215 0.27785 ( 1)  0.319
 227 D   0.28976 0.71024 ( 2)  0.727
 228 F   0.82684 0.17316 ( 1)  0.220
 229 E   0.34360 0.65640 ( 2)  0.676
 230 R   0.96909 0.03091 ( 1)  0.086
 231 T   0.07441 0.92559 ( 2)  0.930
 232 L   0.51736 0.48264 ( 1)  0.512
 233 F   0.98578 0.01422 ( 1)  0.070
 234 V   0.95859 0.04141 ( 1)  0.095
 235 A   0.96778 0.03222 ( 1)  0.087
 236 E   0.97779 0.02221 ( 1)  0.077
 237 L   0.95779 0.04221 ( 1)  0.096
 238 N   0.84302 0.15698 ( 1)  0.205
 239 D   0.77563 0.22437 ( 1)  0.268
 240 W   0.99079 0.00921 ( 1)  0.065
 241 R   0.09790 0.90210 ( 2)  0.908
 242 P   0.95602 0.04398 ( 1)  0.098
 243 E   0.61362 0.38638 ( 1)  0.421
 244 C   0.70792 0.29208 ( 1)  0.332
 245 R   0.13784 0.86216 ( 2)  0.870
 246 M   0.99028 0.00972 ( 1)  0.066
 247 P   0.96948 0.03052 ( 1)  0.085
 248 Q   0.79908 0.20092 ( 1)  0.246
 249 V   0.75312 0.24688 ( 1)  0.289
 250 R   0.96503 0.03497 ( 1)  0.089
 251 I   0.98524 0.01476 ( 1)  0.070
 252 S   0.57446 0.42554 ( 1)  0.458
 253 R   0.69650 0.30350 ( 1)  0.343
 254 Q   0.69730 0.30270 ( 1)  0.342
 255 L   0.95739 0.04261 ( 1)  0.097
 256 G   0.97131 0.02869 ( 1)  0.083
 257 N   0.38210 0.61790 ( 2)  0.639
 258 R   0.96854 0.03146 ( 1)  0.086
 259 A   0.96697 0.03303 ( 1)  0.088
 260 A   0.71204 0.28796 ( 1)  0.328
 261 G   0.97158 0.02842 ( 1)  0.083
 262 R   0.97289 0.02711 ( 1)  0.082
 263 I   0.98086 0.01914 ( 1)  0.074
 264 D   0.97447 0.02553 ( 1)  0.080
 265 L   0.65850 0.34150 ( 1)  0.379
 266 E   0.97724 0.02276 ( 1)  0.078
 267 L   0.95765 0.04235 ( 1)  0.096
 268 E   0.97912 0.02088 ( 1)  0.076
 269 T   0.97941 0.02059 ( 1)  0.076
 270 R   0.94857 0.05143 ( 1)  0.105
 271 V   0.96230 0.03770 ( 1)  0.092
 272 I   0.97876 0.02124 ( 1)  0.076
 273 L   0.96091 0.03909 ( 1)  0.093
 274 E   0.97912 0.02088 ( 1)  0.076
 275 H   0.82969 0.17031 ( 1)  0.217
 276 H   0.70725 0.29275 ( 1)  0.333
 277 S   0.82681 0.17319 ( 1)  0.220
 278 I   0.98325 0.01675 ( 1)  0.072
 279 E   0.97879 0.02121 ( 1)  0.076
 280 V   0.66994 0.33006 ( 1)  0.368
 281 A   0.73802 0.26198 ( 1)  0.304
 282 E   0.59799 0.40201 ( 1)  0.436
 283 I   0.16806 0.83194 ( 2)  0.841
 284 S   0.13506 0.86494 ( 2)  0.873
 285 A   0.68219 0.31781 ( 1)  0.356
 286 D   0.79393 0.20607 ( 1)  0.251
 287 I   0.80858 0.19142 ( 1)  0.237
 288 D   0.26732 0.73268 ( 2)  0.748
 289 S   0.08296 0.91704 ( 2)  0.922
 290 E   0.14393 0.85607 ( 2)  0.864
 291 E   0.97724 0.02276 ( 1)  0.078
 292 V   0.75312 0.24688 ( 1)  0.289
 293 A   0.59496 0.40504 ( 1)  0.439
 294 R   0.97289 0.02711 ( 1)  0.082
 295 R   0.98233 0.01767 ( 1)  0.073
 296 R   0.96644 0.03356 ( 1)  0.088
 297 D   0.97447 0.02553 ( 1)  0.080
 298 F   0.98925 0.01075 ( 1)  0.067
 299 R   0.96503 0.03497 ( 1)  0.089
 300 D   0.97453 0.02547 ( 1)  0.080
 301 P   0.96934 0.03066 ( 1)  0.085
 302 S   0.04752 0.95248 ( 2)  0.955
 303 R   0.70032 0.29968 ( 1)  0.339
 304 Y   0.98814 0.01186 ( 1)  0.068
 305 C   0.99113 0.00887 ( 1)  0.065
 306 V   0.62615 0.37385 ( 1)  0.409
 307 F   0.98925 0.01075 ( 1)  0.067
 308 T   0.97941 0.02059 ( 1)  0.076
 309 V   0.96130 0.03870 ( 1)  0.093
 310 D   0.97574 0.02426 ( 1)  0.079
 311 P   0.10030 0.89970 ( 2)  0.905
 312 E   0.66717 0.33283 ( 1)  0.370
 313 T   0.84965 0.15035 ( 1)  0.198
 314 A   0.96854 0.03146 ( 1)  0.086
 315 R   0.63226 0.36774 ( 1)  0.403
 316 D   0.97447 0.02553 ( 1)  0.080
 317 L   0.95747 0.04253 ( 1)  0.097
 318 D   0.97574 0.02426 ( 1)  0.079
 319 D   0.97619 0.02381 ( 1)  0.079
 320 A   0.96579 0.03421 ( 1)  0.089
 321 V   0.95882 0.04118 ( 1)  0.095
 322 H   0.97775 0.02225 ( 1)  0.077
 323 F   0.70894 0.29106 ( 1)  0.331
 324 R   0.96331 0.03669 ( 1)  0.091
 325 E   0.60497 0.39503 ( 1)  0.429
 326 L   0.95779 0.04221 ( 1)  0.096
 327 D   0.97619 0.02381 ( 1)  0.079
 328 S   0.07237 0.92763 ( 2)  0.932
 329 G   0.97051 0.02949 ( 1)  0.084
 330 D   0.97574 0.02426 ( 1)  0.079
 331 C   0.99113 0.00887 ( 1)  0.065
 332 E   0.97912 0.02088 ( 1)  0.076
 333 V   0.95855 0.04145 ( 1)  0.096
 334 G   0.96529 0.03471 ( 1)  0.089
 335 V   0.96013 0.03987 ( 1)  0.094
 336 H   0.97775 0.02225 ( 1)  0.077
 337 I   0.98524 0.01476 ( 1)  0.070
 338 A   0.96697 0.03303 ( 1)  0.088
 339 D   0.97574 0.02426 ( 1)  0.079
 340 V   0.96130 0.03870 ( 1)  0.093
 341 S   0.98119 0.01881 ( 1)  0.074
 342 H   0.97770 0.02230 ( 1)  0.077
 343 Y   0.98814 0.01186 ( 1)  0.068
 344 V   0.96039 0.03961 ( 1)  0.094
 345 R   0.96331 0.03669 ( 1)  0.091
 346 P   0.97086 0.02914 ( 1)  0.084
 347 G   0.97158 0.02842 ( 1)  0.083
 348 S   0.98599 0.01401 ( 1)  0.070
 349 K   0.72218 0.27782 ( 1)  0.319
 350 V   0.96130 0.03870 ( 1)  0.093
 351 D   0.97574 0.02426 ( 1)  0.079
 352 A   0.13469 0.86531 ( 2)  0.873
 353 V   0.19226 0.80774 ( 2)  0.819
 354 A   0.96488 0.03512 ( 1)  0.090
 355 R   0.94034 0.05966 ( 1)  0.113
 356 A   0.71204 0.28796 ( 1)  0.328
 357 R   0.93906 0.06094 ( 1)  0.114
 358 A   0.96778 0.03222 ( 1)  0.087
 359 T   0.29570 0.70430 ( 2)  0.721
 360 T   0.63671 0.36329 ( 1)  0.399
 361 T   0.98250 0.01750 ( 1)  0.073
 362 Y   0.98814 0.01186 ( 1)  0.068
 363 L   0.95747 0.04253 ( 1)  0.097
 364 V   0.70206 0.29794 ( 1)  0.338
 365 Q   0.98127 0.01873 ( 1)  0.074
 366 R   0.96854 0.03146 ( 1)  0.086
 367 A   0.78412 0.21588 ( 1)  0.260
 368 Y   0.69039 0.30961 ( 1)  0.349
 369 P   0.58562 0.41438 ( 1)  0.447
 370 M   0.99028 0.00972 ( 1)  0.066
 371 L   0.95779 0.04221 ( 1)  0.096
 372 P   0.96960 0.03040 ( 1)  0.085
 373 R   0.81773 0.18227 ( 1)  0.228
 374 R   0.23723 0.76277 ( 2)  0.776
 375 L   0.95313 0.04687 ( 1)  0.101
 376 C   0.75547 0.24453 ( 1)  0.287
 377 E   0.97724 0.02276 ( 1)  0.078
 378 Q   0.83941 0.16059 ( 1)  0.208
 379 L   0.95986 0.04014 ( 1)  0.094
 380 C   0.99113 0.00887 ( 1)  0.065
 381 S   0.98391 0.01609 ( 1)  0.072
 382 L   0.77174 0.22826 ( 1)  0.272
 383 N   0.79324 0.20676 ( 1)  0.252
 384 P   0.96960 0.03040 ( 1)  0.085
 385 R   0.12035 0.87965 ( 2)  0.886
 386 E   0.97724 0.02276 ( 1)  0.078
 387 D   0.97574 0.02426 ( 1)  0.079
 388 K   0.98267 0.01733 ( 1)  0.073
 389 L   0.96037 0.03963 ( 1)  0.094
 390 A   0.96821 0.03179 ( 1)  0.086
 391 F   0.98491 0.01509 ( 1)  0.071
 392 S   0.98987 0.01013 ( 1)  0.066
 393 V   0.76983 0.23017 ( 1)  0.274
 394 V   0.96112 0.03888 ( 1)  0.093
 395 W   0.99079 0.00921 ( 1)  0.065
 396 R   0.93871 0.06129 ( 1)  0.114
 397 I   0.98215 0.01785 ( 1)  0.073
 398 D   0.82221 0.17779 ( 1)  0.224
 399 P   0.97064 0.02936 ( 1)  0.084
 400 N   0.22439 0.77561 ( 2)  0.788
 401 S   0.67650 0.32350 ( 1)  0.362
 402 C   0.62156 0.37844 ( 1)  0.413
 403 E   0.61042 0.38958 ( 1)  0.424
 404 V   0.57523 0.42477 ( 1)  0.457
 405 K   0.32795 0.67205 ( 2)  0.691
 406 S   0.97912 0.02088 ( 1)  0.076
 407 T   0.97776 0.02224 ( 1)  0.077
 408 W   0.99079 0.00921 ( 1)  0.065
 409 F   0.28946 0.71054 ( 2)  0.727
 410 G   0.97158 0.02842 ( 1)  0.083
 411 K   0.98754 0.01246 ( 1)  0.068
 412 S   0.97602 0.02398 ( 1)  0.079
 413 I   0.74919 0.25081 ( 1)  0.293
 414 I   0.71957 0.28043 ( 1)  0.321
 415 R   0.96331 0.03669 ( 1)  0.091
 416 S   0.98599 0.01401 ( 1)  0.070
 417 C   0.99113 0.00887 ( 1)  0.065
 418 C   0.98452 0.01548 ( 1)  0.071
 419 Q   0.98127 0.01873 ( 1)  0.074
 420 L   0.95779 0.04221 ( 1)  0.096
 421 S   0.98987 0.01013 ( 1)  0.066
 422 Y   0.98814 0.01186 ( 1)  0.068
 423 Q   0.71643 0.28357 ( 1)  0.324
 424 H   0.84259 0.15741 ( 1)  0.205
 425 A   0.96697 0.03303 ( 1)  0.088
 426 Q   0.98127 0.01873 ( 1)  0.074
 427 H   0.25265 0.74735 ( 2)  0.762
 428 F   0.98271 0.01729 ( 1)  0.073
 429 I   0.98215 0.01785 ( 1)  0.073
 430 E   0.97879 0.02121 ( 1)  0.076
 431 G   0.97158 0.02842 ( 1)  0.083
 432 H   0.97565 0.02435 ( 1)  0.079
 433 S   0.98119 0.01881 ( 1)  0.074
 434 D   0.83636 0.16364 ( 1)  0.211
 435 M   0.78255 0.21745 ( 1)  0.262
 436 R   0.51813 0.48187 ( 1)  0.511
 437 E   0.87277 0.12723 ( 1)  0.176
 438 P   0.78860 0.21140 ( 1)  0.256
 439 Q   0.74232 0.25768 ( 1)  0.300
 440 S   0.65365 0.34635 ( 1)  0.383
 441 D   0.97619 0.02381 ( 1)  0.079
 442 L   0.66456 0.33544 ( 1)  0.373
 443 R   0.17847 0.82153 ( 2)  0.832
 444 R   0.12035 0.87965 ( 2)  0.886
 445 A   0.96778 0.03222 ( 1)  0.087
 446 S   0.09593 0.90407 ( 2)  0.909
 447 A   0.54339 0.45661 ( 1)  0.487
 448 R   0.23064 0.76936 ( 2)  0.782
 449 V   0.11203 0.88797 ( 2)  0.894
 450 E   0.97725 0.02275 ( 1)  0.078
 451 A   0.96697 0.03303 ( 1)  0.088
 452 P   0.96960 0.03040 ( 1)  0.085
 453 H   0.97775 0.02225 ( 1)  0.077
 454 T   0.97615 0.02385 ( 1)  0.079
 455 V   0.96130 0.03870 ( 1)  0.093
 456 Q   0.97868 0.02132 ( 1)  0.077
 457 S   0.64243 0.35757 ( 1)  0.394
 458 V   0.96358 0.03642 ( 1)  0.091
 459 A   0.96808 0.03192 ( 1)  0.087
 460 D   0.97447 0.02553 ( 1)  0.080
 461 S   0.98987 0.01013 ( 1)  0.066
 462 V   0.96130 0.03870 ( 1)  0.093
 463 R   0.97289 0.02711 ( 1)  0.082
 464 A   0.96778 0.03222 ( 1)  0.087
 465 M   0.99028 0.00972 ( 1)  0.066
 466 H   0.97775 0.02225 ( 1)  0.077
 467 S   0.04646 0.95354 ( 2)  0.956
 468 L   0.95986 0.04014 ( 1)  0.094
 469 A   0.64720 0.35280 ( 1)  0.389
 470 V   0.07557 0.92443 ( 2)  0.929
 471 K   0.98267 0.01733 ( 1)  0.073
 472 L   0.95313 0.04687 ( 1)  0.101
 473 R   0.62897 0.37103 ( 1)  0.407
 474 R   0.14793 0.85207 ( 2)  0.860
 475 Q   0.61274 0.38726 ( 1)  0.422
 476 R   0.96884 0.03116 ( 1)  0.086
 477 F   0.54907 0.45093 ( 1)  0.482
 478 S   0.10992 0.89008 ( 2)  0.896
 479 D   0.97574 0.02426 ( 1)  0.079
 480 G   0.97009 0.02991 ( 1)  0.085
 481 A   0.96778 0.03222 ( 1)  0.087
 482 L   0.95739 0.04261 ( 1)  0.097
 483 R   0.08805 0.91195 ( 2)  0.917
 484 I   0.98524 0.01476 ( 1)  0.070
 485 D   0.97447 0.02553 ( 1)  0.080
 486 Q   0.71643 0.28357 ( 1)  0.324
 487 P   0.97057 0.02943 ( 1)  0.084
 488 R   0.31497 0.68503 ( 2)  0.703
 489 L   0.74914 0.25086 ( 1)  0.293
 490 T   0.45276 0.54724 ( 2)  0.573
 491 F   0.98925 0.01075 ( 1)  0.067
 492 R   0.96503 0.03497 ( 1)  0.089
 493 L   0.77217 0.22783 ( 1)  0.271
 494 A   0.67352 0.32648 ( 1)  0.364
 495 E   0.83890 0.16110 ( 1)  0.208
 496 A   0.96786 0.03214 ( 1)  0.087
 497 A   0.11352 0.88648 ( 2)  0.893
 498 S   0.11867 0.88133 ( 2)  0.888
 499 A   0.96786 0.03214 ( 1)  0.087
 500 P   0.96960 0.03040 ( 1)  0.085
 501 P   0.95602 0.04398 ( 1)  0.098
 502 I   0.77661 0.22339 ( 1)  0.267
 503 A   0.54704 0.45296 ( 1)  0.484
 504 F   0.98925 0.01075 ( 1)  0.067
 505 S   0.04680 0.95320 ( 2)  0.956
 506 V   0.82781 0.17219 ( 1)  0.219
 507 Y   0.20115 0.79885 ( 2)  0.810
 508 E   0.97879 0.02121 ( 1)  0.076
 509 L   0.54093 0.45907 ( 1)  0.490
 510 R   0.16734 0.83266 ( 2)  0.842
 511 D   0.97574 0.02426 ( 1)  0.079
 512 S   0.98987 0.01013 ( 1)  0.066
 513 N   0.24146 0.75854 ( 2)  0.772
 514 R   0.78015 0.21985 ( 1)  0.264
 515 M   0.99028 0.00972 ( 1)  0.066
 516 I   0.98086 0.01914 ( 1)  0.074
 517 E   0.97724 0.02276 ( 1)  0.078
 518 E   0.97912 0.02088 ( 1)  0.076
 519 F   0.82684 0.17316 ( 1)  0.220
 520 M   0.99028 0.00972 ( 1)  0.066
 521 L   0.61874 0.38126 ( 1)  0.416
 522 L   0.94892 0.05108 ( 1)  0.105
 523 A   0.96778 0.03222 ( 1)  0.087
 524 N   0.98604 0.01396 ( 1)  0.070
 525 C   0.98418 0.01582 ( 1)  0.071
 526 S   0.96158 0.03842 ( 1)  0.093
 527 V   0.96162 0.03838 ( 1)  0.093
 528 A   0.96821 0.03179 ( 1)  0.086
 529 H   0.64626 0.35374 ( 1)  0.390
 530 K   0.98754 0.01246 ( 1)  0.068
 531 L   0.95779 0.04221 ( 1)  0.096
 532 R   0.96790 0.03210 ( 1)  0.087
 533 D   0.97574 0.02426 ( 1)  0.079
 534 S   0.97912 0.02088 ( 1)  0.076
 535 Q   0.15554 0.84446 ( 2)  0.853
 536 P   0.96676 0.03324 ( 1)  0.088
 537 D   0.25562 0.74438 ( 2)  0.759
 538 L   0.95747 0.04253 ( 1)  0.097
 539 A   0.96488 0.03512 ( 1)  0.090
 540 F   0.98491 0.01509 ( 1)  0.071
 541 L   0.95666 0.04334 ( 1)  0.097
 542 R   0.93906 0.06094 ( 1)  0.114
 543 R   0.69650 0.30350 ( 1)  0.343
 544 H   0.84259 0.15741 ( 1)  0.205
 545 M   0.75595 0.24405 ( 1)  0.287
 546 P   0.96960 0.03040 ( 1)  0.085
 547 P   0.96960 0.03040 ( 1)  0.085
 548 S   0.98391 0.01609 ( 1)  0.072
 549 E   0.82054 0.17946 ( 1)  0.226
 550 R   0.96644 0.03356 ( 1)  0.088
 551 A   0.96821 0.03179 ( 1)  0.086
 552 L   0.95779 0.04221 ( 1)  0.096
 553 Q   0.97993 0.02007 ( 1)  0.075
 554 A   0.12498 0.87502 ( 2)  0.882
 555 L   0.95747 0.04253 ( 1)  0.097
 556 K   0.02911 0.97089 ( 2)  0.973
 557 K   0.74920 0.25080 ( 1)  0.293
 558 T   0.62378 0.37622 ( 1)  0.411
 559 S   0.53812 0.46188 ( 1)  0.492
 560 S   0.07983 0.92017 ( 2)  0.925
 561 A   0.75206 0.24794 ( 1)  0.290
 562 L   0.95986 0.04014 ( 1)  0.094
 563 G   0.96737 0.03263 ( 1)  0.087
 564 V   0.96130 0.03870 ( 1)  0.093
 565 Q   0.98127 0.01873 ( 1)  0.074
 566 L   0.95986 0.04014 ( 1)  0.094
 567 D   0.97447 0.02553 ( 1)  0.080
 568 V   0.18982 0.81018 ( 2)  0.821
 569 G   0.65564 0.34436 ( 1)  0.381
 570 S   0.98038 0.01962 ( 1)  0.075
 571 S   0.97912 0.02088 ( 1)  0.076
 572 G   0.82839 0.17161 ( 1)  0.218
 573 T   0.75017 0.24983 ( 1)  0.292
 574 L   0.95851 0.04149 ( 1)  0.096
 575 Q   0.97993 0.02007 ( 1)  0.075
 576 A   0.96778 0.03222 ( 1)  0.087
 577 S   0.98987 0.01013 ( 1)  0.066
 578 L   0.52430 0.47570 ( 1)  0.505
 579 G   0.75073 0.24927 ( 1)  0.292
 580 Q   0.98127 0.01873 ( 1)  0.074
 581 A   0.96808 0.03192 ( 1)  0.087
 582 A   0.96488 0.03512 ( 1)  0.090
 583 Q   0.79908 0.20092 ( 1)  0.246
 584 V   0.13113 0.86887 ( 2)  0.876
 585 L   0.95779 0.04221 ( 1)  0.096
 586 D   0.97574 0.02426 ( 1)  0.079
 587 S   0.78536 0.21464 ( 1)  0.259
 588 E   0.97912 0.02088 ( 1)  0.076
 589 Q   0.19174 0.80826 ( 2)  0.819
 590 H   0.84259 0.15741 ( 1)  0.205
 591 L   0.96269 0.03731 ( 1)  0.092
 592 C   0.86500 0.13500 ( 1)  0.184
 593 L   0.95747 0.04253 ( 1)  0.097
 594 L   0.54627 0.45373 ( 1)  0.485
 595 S   0.28693 0.71307 ( 2)  0.729
 596 L   0.52430 0.47570 ( 1)  0.505
 597 C   0.98498 0.01502 ( 1)  0.071
 598 A   0.74108 0.25892 ( 1)  0.301
 599 K   0.12637 0.87363 ( 2)  0.881
 600 Q   0.50894 0.49106 ( 1)  0.520
 601 M   0.99028 0.00972 ( 1)  0.066
 602 Q   0.71643 0.28357 ( 1)  0.324
 603 L   0.33761 0.66239 ( 2)  0.681
 604 A   0.96854 0.03146 ( 1)  0.086
 605 K   0.08116 0.91884 ( 2)  0.923
 606 Y   0.78837 0.21163 ( 1)  0.256
 607 F   0.98578 0.01422 ( 1)  0.070
 608 C   0.99113 0.00887 ( 1)  0.065
 609 I   0.98524 0.01476 ( 1)  0.070
 610 G   0.97131 0.02869 ( 1)  0.083
 611 S   0.69213 0.30787 ( 1)  0.347
 612 A   0.96677 0.03323 ( 1)  0.088
 613 K   0.75624 0.24376 ( 1)  0.286
 614 H   0.33853 0.66147 ( 2)  0.681
 615 P   0.96960 0.03040 ( 1)  0.085
 616 D   0.26444 0.73556 ( 2)  0.750
 617 L   0.59514 0.40486 ( 1)  0.438
 618 W   0.99079 0.00921 ( 1)  0.065
 619 R   0.96854 0.03146 ( 1)  0.086
 620 H   0.97775 0.02225 ( 1)  0.077
 621 Y   0.98814 0.01186 ( 1)  0.068
 622 A   0.63020 0.36980 ( 1)  0.405
 623 L   0.95779 0.04221 ( 1)  0.096
 624 N   0.98321 0.01679 ( 1)  0.072
 625 V   0.96130 0.03870 ( 1)  0.093
 626 P   0.96960 0.03040 ( 1)  0.085
 627 L   0.66565 0.33435 ( 1)  0.372
 628 Y   0.98814 0.01186 ( 1)  0.068
 629 T   0.79571 0.20429 ( 1)  0.249
 630 H   0.14273 0.85727 ( 2)  0.865
 631 F   0.98925 0.01075 ( 1)  0.067
 632 T   0.97559 0.02441 ( 1)  0.079
 633 S   0.97912 0.02088 ( 1)  0.076
 634 P   0.96960 0.03040 ( 1)  0.085
 635 I   0.97509 0.02491 ( 1)  0.080
 636 R   0.96575 0.03425 ( 1)  0.089
 637 R   0.97164 0.02836 ( 1)  0.083
 638 Y   0.98814 0.01186 ( 1)  0.068
 639 A   0.96648 0.03352 ( 1)  0.088
 640 D   0.97447 0.02553 ( 1)  0.080
 641 V   0.71849 0.28151 ( 1)  0.322
 642 V   0.96396 0.03604 ( 1)  0.090
 643 V   0.96130 0.03870 ( 1)  0.093
 644 H   0.97775 0.02225 ( 1)  0.077
 645 R   0.95217 0.04783 ( 1)  0.102
 646 Q   0.98127 0.01873 ( 1)  0.074
 647 L   0.95779 0.04221 ( 1)  0.096
 648 C   0.79114 0.20886 ( 1)  0.253
 649 A   0.96620 0.03380 ( 1)  0.088
 650 A   0.96697 0.03303 ( 1)  0.088
 651 V   0.74748 0.25252 ( 1)  0.295
 652 C   0.84300 0.15700 ( 1)  0.205
 653 S   0.19317 0.80683 ( 2)  0.818
 654 D   0.84090 0.15910 ( 1)  0.207
 655 S   0.69213 0.30787 ( 1)  0.347
 656 G   0.97137 0.02863 ( 1)  0.083
 657 L   0.66529 0.33471 ( 1)  0.372
 658 E   0.97912 0.02088 ( 1)  0.076
 659 L   0.74228 0.25772 ( 1)  0.300
 660 D   0.84090 0.15910 ( 1)  0.207
 661 Q   0.75730 0.24270 ( 1)  0.285
 662 S   0.96158 0.03842 ( 1)  0.093
 663 V   0.71476 0.28524 ( 1)  0.326
 664 Q   0.73607 0.26393 ( 1)  0.305
 665 L   0.95851 0.04149 ( 1)  0.096
 666 A   0.07613 0.92387 ( 2)  0.928
 667 E   0.83890 0.16110 ( 1)  0.208
 668 T   0.74152 0.25848 ( 1)  0.300
 669 V   0.59377 0.40623 ( 1)  0.440
 670 E   0.09728 0.90272 ( 2)  0.908
 671 S   0.98987 0.01013 ( 1)  0.066
 672 L   0.95313 0.04687 ( 1)  0.101
 673 T   0.97431 0.02569 ( 1)  0.081
 674 D   0.71751 0.28249 ( 1)  0.323
 675 Q   0.67740 0.32260 ( 1)  0.361
 676 A   0.96821 0.03179 ( 1)  0.086
 677 Q   0.61274 0.38726 ( 1)  0.422
 678 V   0.16115 0.83885 ( 2)  0.848
 679 C   0.99113 0.00887 ( 1)  0.065
 680 N   0.98604 0.01396 ( 1)  0.070
 681 K   0.98754 0.01246 ( 1)  0.068
 682 K   0.98267 0.01733 ( 1)  0.073
 683 K   0.87015 0.12985 ( 1)  0.179
 684 K   0.98754 0.01246 ( 1)  0.068
 685 D   0.97574 0.02426 ( 1)  0.079
 686 A   0.96620 0.03380 ( 1)  0.088
 687 K   0.24103 0.75897 ( 2)  0.773
 688 E   0.97912 0.02088 ( 1)  0.076
 689 A   0.96808 0.03192 ( 1)  0.087
 690 G   0.82839 0.17161 ( 1)  0.218
 691 E   0.34360 0.65640 ( 2)  0.676
 692 R   0.96854 0.03146 ( 1)  0.086
 693 S   0.98987 0.01013 ( 1)  0.066
 694 I   0.61477 0.38523 ( 1)  0.420
 695 D   0.84090 0.15910 ( 1)  0.207
 696 L   0.95747 0.04253 ( 1)  0.097
 697 H   0.97775 0.02225 ( 1)  0.077
 698 Y   0.70562 0.29438 ( 1)  0.334
 699 A   0.96778 0.03222 ( 1)  0.087
 700 A   0.96778 0.03222 ( 1)  0.087
 701 F   0.70894 0.29106 ( 1)  0.331
 702 V   0.66994 0.33006 ( 1)  0.368
 703 I   0.07385 0.92615 ( 2)  0.930
 704 A   0.64720 0.35280 ( 1)  0.389
 705 N   0.25285 0.74715 ( 2)  0.761
 706 G   0.97131 0.02869 ( 1)  0.083
 707 P   0.97086 0.02914 ( 1)  0.084
 708 L   0.95313 0.04687 ( 1)  0.101
 709 D   0.83308 0.16692 ( 1)  0.214
 710 E   0.53810 0.46190 ( 1)  0.492
 711 V   0.96160 0.03840 ( 1)  0.093
 712 G   0.97158 0.02842 ( 1)  0.083
 713 V   0.06843 0.93157 ( 2)  0.935
 714 V   0.96039 0.03961 ( 1)  0.094
 715 I   0.75052 0.24948 ( 1)  0.292
 716 G   0.97158 0.02842 ( 1)  0.083
 717 V   0.96396 0.03604 ( 1)  0.090
 718 L   0.95779 0.04221 ( 1)  0.096
 719 D   0.97574 0.02426 ( 1)  0.079
 720 K   0.97808 0.02192 ( 1)  0.077
 721 A   0.96808 0.03192 ( 1)  0.087
 722 M   0.22943 0.77057 ( 2)  0.784
 723 D   0.97574 0.02426 ( 1)  0.079
 724 V   0.96396 0.03604 ( 1)  0.090
 725 L   0.72317 0.27683 ( 1)  0.318
 726 L   0.96288 0.03712 ( 1)  0.091
 727 T   0.18652 0.81348 ( 2)  0.824
 728 R   0.97289 0.02711 ( 1)  0.082
 729 C   0.79114 0.20886 ( 1)  0.253
 730 G   0.96737 0.03263 ( 1)  0.087
 731 L   0.67142 0.32858 ( 1)  0.366
 732 V   0.96130 0.03870 ( 1)  0.093
 733 R   0.65465 0.34535 ( 1)  0.382
 734 R   0.96790 0.03210 ( 1)  0.087
 735 L   0.61603 0.38397 ( 1)  0.419
 736 Y   0.98814 0.01186 ( 1)  0.068
 737 M   0.75595 0.24405 ( 1)  0.287
 738 D   0.97483 0.02517 ( 1)  0.080
 739 Q   0.98127 0.01873 ( 1)  0.074
 740 Q   0.98127 0.01873 ( 1)  0.074
 741 A   0.61893 0.38107 ( 1)  0.416
 742 P   0.06789 0.93211 ( 2)  0.936
 743 M   0.76621 0.23379 ( 1)  0.277
 744 E   0.97912 0.02088 ( 1)  0.076
 745 F   0.98925 0.01075 ( 1)  0.067
 746 R   0.83266 0.16734 ( 1)  0.214
 747 A   0.15835 0.84165 ( 2)  0.851
 748 G   0.66226 0.33774 ( 1)  0.375
 749 A   0.64720 0.35280 ( 1)  0.389
 750 V   0.58418 0.41582 ( 1)  0.449
 751 Q   0.83941 0.16059 ( 1)  0.208
 752 G   0.67744 0.32256 ( 1)  0.361
 753 C   0.79062 0.20938 ( 1)  0.254
 754 G   0.10006 0.89994 ( 2)  0.906
 755 Q   0.97993 0.02007 ( 1)  0.075
 756 L   0.96032 0.03968 ( 1)  0.094
 757 S   0.16175 0.83825 ( 2)  0.847
 758 L   0.95779 0.04221 ( 1)  0.096
 759 H   0.86595 0.13405 ( 1)  0.183
 760 F   0.98925 0.01075 ( 1)  0.067
 761 N   0.22825 0.77175 ( 2)  0.785
 762 G   0.97158 0.02842 ( 1)  0.083
 763 C   0.99113 0.00887 ( 1)  0.065
 764 H   0.25241 0.74759 ( 2)  0.762
 765 S   0.98391 0.01609 ( 1)  0.072
 766 A   0.60757 0.39243 ( 1)  0.427
 767 S   0.13553 0.86447 ( 2)  0.872
 768 H   0.97775 0.02225 ( 1)  0.077
 769 H   0.70984 0.29016 ( 1)  0.330
 770 L   0.95585 0.04415 ( 1)  0.098
 771 T   0.97730 0.02270 ( 1)  0.078
 772 L   0.95986 0.04014 ( 1)  0.094
 773 C   0.08539 0.91461 ( 2)  0.919
 774 P   0.96552 0.03448 ( 1)  0.089
 775 M   0.81405 0.18595 ( 1)  0.232
 776 S   0.98599 0.01401 ( 1)  0.070
 777 T   0.10829 0.89171 ( 2)  0.898
 778 I   0.61185 0.38815 ( 1)  0.423
 779 E   0.83717 0.16283 ( 1)  0.210
 780 V   0.96358 0.03642 ( 1)  0.091
 781 V   0.66732 0.33268 ( 1)  0.370
 782 V   0.65477 0.34523 ( 1)  0.382
 783 S   0.64243 0.35757 ( 1)  0.394
 784 S   0.82681 0.17319 ( 1)  0.220
 785 C   0.98498 0.01502 ( 1)  0.071
 786 L   0.95986 0.04014 ( 1)  0.094
 787 S   0.08278 0.91722 ( 2)  0.922
 788 K   0.36568 0.63432 ( 2)  0.655
 789 D   0.82243 0.17757 ( 1)  0.224
 790 D   0.25190 0.74810 ( 2)  0.762
 791 P   0.80376 0.19624 ( 1)  0.242
 792 M   0.64880 0.35120 ( 1)  0.388
 793 R   0.55373 0.44627 ( 1)  0.478
 794 L   0.95779 0.04221 ( 1)  0.096
 795 K   0.14402 0.85598 ( 2)  0.864
 796 L   0.95779 0.04221 ( 1)  0.096
 797 L   0.67142 0.32858 ( 1)  0.366
 798 L   0.96478 0.03522 ( 1)  0.090
 799 K   0.98754 0.01246 ( 1)  0.068
 800 P   0.96793 0.03207 ( 1)  0.087
 801 P   0.97057 0.02943 ( 1)  0.084
 802 S   0.58595 0.41405 ( 1)  0.447
 803 C   0.99113 0.00887 ( 1)  0.065
 804 D   0.84090 0.15910 ( 1)  0.207
 805 L   0.95779 0.04221 ( 1)  0.096
 806 C   0.98498 0.01502 ( 1)  0.071


lnL = -5779.803306

