Supplemental results for CODEML (seqf: algn  treef: tree)


dN/dS (w) for site classes (K=2)

p:   0.99999  0.00001
w:   0.18170  1.00000

Naive Empirical Bayes (NEB) probabilities for 2 classes & postmean_w
(amino acids refer to 1st sequence: Msl.18282)

   1 M   0.99999 0.00001 ( 1)  0.182
   2 T   0.99999 0.00001 ( 1)  0.182
   3 T   0.99999 0.00001 ( 1)  0.182
   4 D   0.99999 0.00001 ( 1)  0.182
   5 S   0.99999 0.00001 ( 1)  0.182
   6 D   0.99999 0.00001 ( 1)  0.182
   7 Q   0.99999 0.00001 ( 1)  0.182
   8 P   0.99999 0.00001 ( 1)  0.182
   9 T   0.99999 0.00001 ( 1)  0.182
  10 S   0.99999 0.00001 ( 1)  0.182
  11 A   0.99999 0.00001 ( 1)  0.182
  12 D   0.99999 0.00001 ( 1)  0.182
  13 G   0.99999 0.00001 ( 1)  0.182
  14 S   0.99999 0.00001 ( 1)  0.182
  15 C   0.99999 0.00001 ( 1)  0.182
  16 C   0.99999 0.00001 ( 1)  0.182
  17 E   0.99999 0.00001 ( 1)  0.182
  18 Q   0.99999 0.00001 ( 1)  0.182
  19 Q   0.99999 0.00001 ( 1)  0.182
  20 Q   0.99999 0.00001 ( 1)  0.182
  21 Q   0.99999 0.00001 ( 1)  0.182
  22 Q   0.99999 0.00001 ( 1)  0.182
  23 Q   0.99999 0.00001 ( 1)  0.182
  24 Q   0.99999 0.00001 ( 1)  0.182
  25 Q   0.99999 0.00001 ( 1)  0.182
  26 Q   0.99999 0.00001 ( 1)  0.182
  27 H   0.99999 0.00001 ( 1)  0.182
  28 I   0.99999 0.00001 ( 1)  0.182
  29 K   0.99999 0.00001 ( 1)  0.182
  30 R   0.99999 0.00001 ( 1)  0.182
  31 P   0.99999 0.00001 ( 1)  0.182
  32 M   0.99999 0.00001 ( 1)  0.182
  33 N   0.99999 0.00001 ( 1)  0.182
  34 P   0.99999 0.00001 ( 1)  0.182
  35 F   0.99999 0.00001 ( 1)  0.182
  36 M   0.99999 0.00001 ( 1)  0.182
  37 V   0.99999 0.00001 ( 1)  0.182
  38 W   0.99999 0.00001 ( 1)  0.182
  39 A   0.99999 0.00001 ( 1)  0.182
  40 Q   0.99999 0.00001 ( 1)  0.182
  41 T   0.99999 0.00001 ( 1)  0.182
  42 R   0.99999 0.00001 ( 1)  0.182
  43 R   0.99999 0.00001 ( 1)  0.182
  44 K   0.99999 0.00001 ( 1)  0.182
  45 V   0.99999 0.00001 ( 1)  0.182
  46 I   0.99999 0.00001 ( 1)  0.182
  47 A   0.99999 0.00001 ( 1)  0.182
  48 A   0.99999 0.00001 ( 1)  0.182
  49 E   0.99999 0.00001 ( 1)  0.182
  50 N   0.99999 0.00001 ( 1)  0.182
  51 P   0.99999 0.00001 ( 1)  0.182
  52 K   0.99999 0.00001 ( 1)  0.182
  53 L   0.99999 0.00001 ( 1)  0.182
  54 H   0.99999 0.00001 ( 1)  0.182
  55 N   0.99999 0.00001 ( 1)  0.182
  56 S   0.99999 0.00001 ( 1)  0.182
  57 D   0.99999 0.00001 ( 1)  0.182
  58 I   0.99999 0.00001 ( 1)  0.182
  59 S   0.99999 0.00001 ( 1)  0.182
  60 R   0.99999 0.00001 ( 1)  0.182
  61 R   0.99999 0.00001 ( 1)  0.182
  62 L   0.99999 0.00001 ( 1)  0.182
  63 G   0.99999 0.00001 ( 1)  0.182
  64 E   0.99999 0.00001 ( 1)  0.182
  65 E   0.99999 0.00001 ( 1)  0.182
  66 W   0.99999 0.00001 ( 1)  0.182
  67 R   0.99999 0.00001 ( 1)  0.182
  68 T   0.99999 0.00001 ( 1)  0.182
  69 L   0.99999 0.00001 ( 1)  0.182
  70 P   0.99999 0.00001 ( 1)  0.182
  71 D   0.99999 0.00001 ( 1)  0.182
  72 K   0.99999 0.00001 ( 1)  0.182
  73 E   0.99999 0.00001 ( 1)  0.182
  74 K   0.99999 0.00001 ( 1)  0.182
  75 Q   0.99999 0.00001 ( 1)  0.182
  76 P   0.99999 0.00001 ( 1)  0.182
  77 F   0.99999 0.00001 ( 1)  0.182
  78 R   0.99999 0.00001 ( 1)  0.182
  79 D   0.99999 0.00001 ( 1)  0.182
  80 E   0.99999 0.00001 ( 1)  0.182
  81 A   0.99999 0.00001 ( 1)  0.182
  82 S   0.99999 0.00001 ( 1)  0.182
  83 R   0.99999 0.00001 ( 1)  0.182
  84 L   0.99999 0.00001 ( 1)  0.182
  85 K   0.99999 0.00001 ( 1)  0.182
  86 S   0.99999 0.00001 ( 1)  0.182
  87 E   0.99999 0.00001 ( 1)  0.182
  88 H   0.99999 0.00001 ( 1)  0.182
  89 R   0.99999 0.00001 ( 1)  0.182
  90 A   0.99999 0.00001 ( 1)  0.182
  91 A   0.99999 0.00001 ( 1)  0.182
  92 H   0.99999 0.00001 ( 1)  0.182
  93 P   0.99999 0.00001 ( 1)  0.182
  94 D   0.99999 0.00001 ( 1)  0.182
  95 Y   0.99999 0.00001 ( 1)  0.182
  96 K   0.99999 0.00001 ( 1)  0.182
  97 Y   0.99999 0.00001 ( 1)  0.182
  98 Q   0.99999 0.00001 ( 1)  0.182
  99 P   0.99999 0.00001 ( 1)  0.182
 100 K   0.99999 0.00001 ( 1)  0.182
 101 C   0.99999 0.00001 ( 1)  0.182
 102 K   0.99999 0.00001 ( 1)  0.182
 103 K   0.99999 0.00001 ( 1)  0.182
 104 R   0.99999 0.00001 ( 1)  0.182
 105 P   0.99999 0.00001 ( 1)  0.182
 106 A   0.99999 0.00001 ( 1)  0.182
 107 S   0.99999 0.00001 ( 1)  0.182
 108 T   0.99999 0.00001 ( 1)  0.182
 109 Q   0.99999 0.00001 ( 1)  0.182
 110 Q   0.99999 0.00001 ( 1)  0.182
 111 Q   0.99999 0.00001 ( 1)  0.182
 112 S   0.99999 0.00001 ( 1)  0.182
 113 D   0.99999 0.00001 ( 1)  0.182
 114 S   0.99999 0.00001 ( 1)  0.182
 115 S   0.99999 0.00001 ( 1)  0.182
 116 G   0.99999 0.00001 ( 1)  0.182
 117 E   0.99999 0.00001 ( 1)  0.182
 118 D   0.99999 0.00001 ( 1)  0.182
 119 C   0.99999 0.00001 ( 1)  0.182
 120 G   0.99999 0.00001 ( 1)  0.182
 121 D   0.99999 0.00001 ( 1)  0.182
 122 H   0.99999 0.00001 ( 1)  0.182
 123 Q   0.99999 0.00001 ( 1)  0.182
 124 N   0.99999 0.00001 ( 1)  0.182
 125 L   0.99999 0.00001 ( 1)  0.182
 126 Q   0.99999 0.00001 ( 1)  0.182
 127 Q   0.99999 0.00001 ( 1)  0.182
 128 L   0.99999 0.00001 ( 1)  0.182
 129 A   0.99999 0.00001 ( 1)  0.182
 130 K   0.99999 0.00001 ( 1)  0.182
 131 H   0.99999 0.00001 ( 1)  0.182
 132 P   0.99999 0.00001 ( 1)  0.182
 133 K   0.99999 0.00001 ( 1)  0.182
 134 L   0.99999 0.00001 ( 1)  0.182
 135 Q   0.99999 0.00001 ( 1)  0.182
 136 D   0.99999 0.00001 ( 1)  0.182
 137 S   0.99999 0.00001 ( 1)  0.182
 138 E   0.99999 0.00001 ( 1)  0.182
 139 I   0.99999 0.00001 ( 1)  0.182
 140 N   0.99999 0.00001 ( 1)  0.182
 141 C   0.99999 0.00001 ( 1)  0.182
 142 K   0.99999 0.00001 ( 1)  0.182
 143 K   0.99999 0.00001 ( 1)  0.182
 144 L   0.99999 0.00001 ( 1)  0.182
 145 D   0.99999 0.00001 ( 1)  0.182
 146 Q   0.99999 0.00001 ( 1)  0.182
 147 S   0.99999 0.00001 ( 1)  0.182
 148 T   0.99999 0.00001 ( 1)  0.182
 149 A   0.99999 0.00001 ( 1)  0.182
 150 E   0.99995 0.00005 ( 1)  0.182
 151 V   0.99999 0.00001 ( 1)  0.182
 152 Q   0.99999 0.00001 ( 1)  0.182
 153 Q   0.99999 0.00001 ( 1)  0.182
 154 V   0.99999 0.00001 ( 1)  0.182
 155 P   0.99999 0.00001 ( 1)  0.182
 156 T   0.99999 0.00001 ( 1)  0.182
 157 I   0.99999 0.00001 ( 1)  0.182
 158 H   0.99999 0.00001 ( 1)  0.182
 159 A   0.99999 0.00001 ( 1)  0.182
 160 Y   0.99999 0.00001 ( 1)  0.182
 161 D   0.99999 0.00001 ( 1)  0.182
 162 Q   0.99999 0.00001 ( 1)  0.182
 163 P   0.99999 0.00001 ( 1)  0.182
 164 P   0.99999 0.00001 ( 1)  0.182
 165 A   0.99999 0.00001 ( 1)  0.182
 166 D   0.99999 0.00001 ( 1)  0.182
 167 Q   0.99999 0.00001 ( 1)  0.182
 168 S   0.99999 0.00001 ( 1)  0.182
 169 E   0.99999 0.00001 ( 1)  0.182
 170 I   0.99999 0.00001 ( 1)  0.182
 171 L   0.99999 0.00001 ( 1)  0.182
 172 L   0.99999 0.00001 ( 1)  0.182
 173 P   0.99999 0.00001 ( 1)  0.182
 174 P   0.99999 0.00001 ( 1)  0.182
 175 L   0.99999 0.00001 ( 1)  0.182
 176 Q   0.99999 0.00001 ( 1)  0.182
 177 P   0.99999 0.00001 ( 1)  0.182
 178 Q   0.99999 0.00001 ( 1)  0.182
 179 P   0.99999 0.00001 ( 1)  0.182
 180 Q   0.99999 0.00001 ( 1)  0.182
 181 Q   0.99999 0.00001 ( 1)  0.182
 182 Q   0.99999 0.00001 ( 1)  0.182
 183 Q   0.99999 0.00001 ( 1)  0.182
 184 Q   0.99999 0.00001 ( 1)  0.182
 185 Q   0.99999 0.00001 ( 1)  0.182
 186 Y   0.99999 0.00001 ( 1)  0.182
 187 V   0.99999 0.00001 ( 1)  0.182
 188 C   0.99995 0.00005 ( 1)  0.182
 189 Q   0.99999 0.00001 ( 1)  0.182
 190 V   0.99999 0.00001 ( 1)  0.182
 191 P   0.99999 0.00001 ( 1)  0.182
 192 S   0.99999 0.00001 ( 1)  0.182
 193 Y   0.99999 0.00001 ( 1)  0.182
 194 S   0.99999 0.00001 ( 1)  0.182
 195 Q   0.99999 0.00001 ( 1)  0.182
 196 V   0.99999 0.00001 ( 1)  0.182
 197 I   0.99999 0.00001 ( 1)  0.182
 198 Y   0.99999 0.00001 ( 1)  0.182
 199 V   0.99999 0.00001 ( 1)  0.182
 200 D   0.99999 0.00001 ( 1)  0.182
 201 Q   0.99999 0.00001 ( 1)  0.182
 202 N   0.99999 0.00001 ( 1)  0.182
 203 Q   0.99999 0.00001 ( 1)  0.182
 204 L   0.99999 0.00001 ( 1)  0.182
 205 N   0.99999 0.00001 ( 1)  0.182
 206 Y   0.99999 0.00001 ( 1)  0.182
 207 L   0.99999 0.00001 ( 1)  0.182
 208 L   0.99999 0.00001 ( 1)  0.182
 209 Q   0.99999 0.00001 ( 1)  0.182
 210 Q   0.99999 0.00001 ( 1)  0.182
 211 Q   0.99999 0.00001 ( 1)  0.182
 212 Q   0.99999 0.00001 ( 1)  0.182
 213 Q   0.99999 0.00001 ( 1)  0.182
 214 Q   0.99999 0.00001 ( 1)  0.182
 215 Q   0.99999 0.00001 ( 1)  0.182
 216 Q   0.99999 0.00001 ( 1)  0.182
 217 Q   0.99999 0.00001 ( 1)  0.182
 218 Y   0.99999 0.00001 ( 1)  0.182
 219 V   0.99999 0.00001 ( 1)  0.182
 220 V   0.99999 0.00001 ( 1)  0.182
 221 P   0.99999 0.00001 ( 1)  0.182
 222 N   0.99999 0.00001 ( 1)  0.182
 223 Q   0.99999 0.00001 ( 1)  0.182
 224 L   0.99999 0.00001 ( 1)  0.182
 225 E   0.99999 0.00001 ( 1)  0.182
 226 Q   0.99999 0.00001 ( 1)  0.182
 227 A   0.99995 0.00005 ( 1)  0.182
 228 T   0.99999 0.00001 ( 1)  0.182
 229 S   0.99999 0.00001 ( 1)  0.182
 230 A   0.99999 0.00001 ( 1)  0.182
 231 A   0.99999 0.00001 ( 1)  0.182
 232 Q   0.99999 0.00001 ( 1)  0.182
 233 S   0.99999 0.00001 ( 1)  0.182
 234 E   0.99999 0.00001 ( 1)  0.182
 235 G   0.99999 0.00001 ( 1)  0.182
 236 Q   0.99999 0.00001 ( 1)  0.182
 237 L   0.99999 0.00001 ( 1)  0.182
 238 Q   0.99999 0.00001 ( 1)  0.182
 239 Q   0.99999 0.00001 ( 1)  0.182
 240 Q   0.99999 0.00001 ( 1)  0.182
 241 H   0.99999 0.00001 ( 1)  0.182
 242 L   0.99999 0.00001 ( 1)  0.182
 243 Q   0.99999 0.00001 ( 1)  0.182
 244 H   0.99999 0.00001 ( 1)  0.182
 245 Q   0.99999 0.00001 ( 1)  0.182
 246 S   0.99999 0.00001 ( 1)  0.182
 247 F   0.99999 0.00001 ( 1)  0.182
 248 Y   0.99999 0.00001 ( 1)  0.182
 249 G   0.99999 0.00001 ( 1)  0.182
 250 P   0.99999 0.00001 ( 1)  0.182
 251 N   0.99999 0.00001 ( 1)  0.182
 252 Y   0.99999 0.00001 ( 1)  0.182
 253 Q   0.99999 0.00001 ( 1)  0.182
 254 L   0.99999 0.00001 ( 1)  0.182
 255 D   0.99999 0.00001 ( 1)  0.182
 256 P   0.99999 0.00001 ( 1)  0.182
 257 T   0.99999 0.00001 ( 1)  0.182
 258 S   0.99999 0.00001 ( 1)  0.182
 259 S   0.99999 0.00001 ( 1)  0.182
 260 F   0.99999 0.00001 ( 1)  0.182
 261 I   0.99999 0.00001 ( 1)  0.182
 262 Y   0.99999 0.00001 ( 1)  0.182
 263 H   0.99999 0.00001 ( 1)  0.182
 264 Q   0.99999 0.00001 ( 1)  0.182
 265 Q   0.99999 0.00001 ( 1)  0.182
 266 Q   0.99999 0.00001 ( 1)  0.182
 267 Q   0.99999 0.00001 ( 1)  0.182
 268 P   0.99999 0.00001 ( 1)  0.182
 269 Q   0.99999 0.00001 ( 1)  0.182
 270 L   0.99999 0.00001 ( 1)  0.182
 271 P   0.99995 0.00005 ( 1)  0.182
 272 L   0.99999 0.00001 ( 1)  0.182
 273 P   0.99999 0.00001 ( 1)  0.182
 274 D   0.99999 0.00001 ( 1)  0.182
 275 S   0.99999 0.00001 ( 1)  0.182
 276 A   0.99999 0.00001 ( 1)  0.182
 277 F   0.99999 0.00001 ( 1)  0.182
 278 Y   0.99999 0.00001 ( 1)  0.182
 279 S   0.99999 0.00001 ( 1)  0.182
 280 H   0.99999 0.00001 ( 1)  0.182
 281 S   0.99999 0.00001 ( 1)  0.182
 282 A   0.99999 0.00001 ( 1)  0.182
 283 P   0.99999 0.00001 ( 1)  0.182
 284 N   0.99999 0.00001 ( 1)  0.182
 285 D   0.99999 0.00001 ( 1)  0.182
 286 G   0.99999 0.00001 ( 1)  0.182
 287 A   0.99999 0.00001 ( 1)  0.182
 288 L   0.99999 0.00001 ( 1)  0.182
 289 M   0.99999 0.00001 ( 1)  0.182
 290 L   0.99999 0.00001 ( 1)  0.182
 291 S   0.99999 0.00001 ( 1)  0.182
 292 Q   0.99999 0.00001 ( 1)  0.182
 293 L   0.99999 0.00001 ( 1)  0.182


lnL = -1222.521375

