Supplemental results for CODEML (seqf: algn  treef: tree)


dN/dS (w) for site classes (K=9)

p:   0.09779  0.09779  0.09779  0.09779  0.09779  0.09779  0.09779  0.09779  0.21766
w:   0.00000  0.00000  0.00000  0.00000  0.00000  0.00000  0.00000  0.00000 11.24656

Naive Empirical Bayes (NEB) probabilities for 9 classes & postmean_w & P(w>1)
(amino acids refer to 1st sequence: hyn.508)

   1 M   0.11570 0.11570 0.11570 0.11570 0.11570 0.11570 0.11570 0.11570 0.07439 ( 1)  0.837  0.074
   2 R   0.00000 0.00000 0.00000 0.00000 0.00000 0.00000 0.00000 0.00000 1.00000 ( 9) 11.247  1.000
   3 I   0.11165 0.11165 0.11165 0.11165 0.11165 0.11165 0.11165 0.11165 0.10676 ( 5)  1.201  0.107
   4 R   0.11107 0.11107 0.11107 0.11107 0.11107 0.11107 0.11107 0.11107 0.11148 ( 9)  1.254  0.111
   5 L   0.10202 0.10202 0.10202 0.10202 0.10202 0.10202 0.10202 0.10202 0.18384 ( 9)  2.068  0.184
   6 H   0.11815 0.11815 0.11815 0.11815 0.11815 0.11815 0.11815 0.11815 0.05483 ( 5)  0.617  0.055
   7 I   0.11579 0.11579 0.11579 0.11579 0.11579 0.11579 0.11579 0.11579 0.07369 ( 5)  0.829  0.074
   8 R   0.00000 0.00000 0.00000 0.00000 0.00000 0.00000 0.00000 0.00000 1.00000 ( 9) 11.247  1.000
   9 T   0.11524 0.11524 0.11524 0.11524 0.11524 0.11524 0.11524 0.11524 0.07806 ( 2)  0.878  0.078
  10 T   0.00000 0.00000 0.00000 0.00000 0.00000 0.00000 0.00000 0.00000 1.00000 ( 9) 11.247  1.000
  11 M   0.11570 0.11570 0.11570 0.11570 0.11570 0.11570 0.11570 0.11570 0.07439 ( 1)  0.837  0.074
  12 E   0.11654 0.11654 0.11654 0.11654 0.11654 0.11654 0.11654 0.11654 0.06766 ( 4)  0.761  0.068
  13 Q   0.00000 0.00000 0.00000 0.00000 0.00000 0.00000 0.00000 0.00000 1.00000 ( 9) 11.247  1.000
  14 E   0.11654 0.11654 0.11654 0.11654 0.11654 0.11654 0.11654 0.11654 0.06766 ( 4)  0.761  0.068
  15 Q   0.11692 0.11692 0.11692 0.11692 0.11692 0.11692 0.11692 0.11692 0.06461 ( 4)  0.727  0.065
  16 L   0.11172 0.11172 0.11172 0.11172 0.11172 0.11172 0.11172 0.11172 0.10625 ( 2)  1.195  0.106
  17 L   0.11056 0.11056 0.11056 0.11056 0.11056 0.11056 0.11056 0.11056 0.11552 ( 9)  1.299  0.116
  18 T   0.00000 0.00000 0.00000 0.00000 0.00000 0.00000 0.00000 0.00000 1.00000 ( 9) 11.247  1.000
  19 Y   0.11156 0.11156 0.11156 0.11156 0.11156 0.11156 0.11156 0.11156 0.10756 ( 6)  1.210  0.108
  20 S   0.11521 0.11521 0.11521 0.11521 0.11521 0.11521 0.11521 0.11521 0.07835 ( 6)  0.881  0.078
  21 W   0.10938 0.10938 0.10938 0.10938 0.10938 0.10938 0.10938 0.10938 0.12499 ( 9)  1.406  0.125
  22 L   0.11598 0.11598 0.11598 0.11598 0.11598 0.11598 0.11598 0.11598 0.07218 ( 2)  0.812  0.072
  23 Q   0.11692 0.11692 0.11692 0.11692 0.11692 0.11692 0.11692 0.11692 0.06461 ( 4)  0.727  0.065
  24 P   0.00000 0.00000 0.00000 0.00000 0.00000 0.00000 0.00000 0.00000 1.00000 ( 9) 11.247  1.000
  25 K   0.00000 0.00000 0.00000 0.00000 0.00000 0.00000 0.00000 0.00000 1.00000 ( 9) 11.247  1.000
  26 S   0.11259 0.11259 0.11259 0.11259 0.11259 0.11259 0.11259 0.11259 0.09929 ( 4)  1.117  0.099
  27 R   0.11355 0.11355 0.11355 0.11355 0.11355 0.11355 0.11355 0.11355 0.09164 ( 5)  1.031  0.092
  28 H   0.11815 0.11815 0.11815 0.11815 0.11815 0.11815 0.11815 0.11815 0.05483 ( 5)  0.617  0.055
  29 Q   0.11502 0.11502 0.11502 0.11502 0.11502 0.11502 0.11502 0.11502 0.07986 ( 4)  0.898  0.080
  30 R   0.11355 0.11355 0.11355 0.11355 0.11355 0.11355 0.11355 0.11355 0.09164 ( 5)  1.031  0.092
  31 A   0.11454 0.11454 0.11454 0.11454 0.11454 0.11454 0.11454 0.11454 0.08371 ( 2)  0.941  0.084
  32 Y   0.11156 0.11156 0.11156 0.11156 0.11156 0.11156 0.11156 0.11156 0.10756 ( 6)  1.210  0.108
  33 T   0.11089 0.11089 0.11089 0.11089 0.11089 0.11089 0.11089 0.11089 0.11287 ( 9)  1.269  0.113
  34 P   0.11147 0.11147 0.11147 0.11147 0.11147 0.11147 0.11147 0.11147 0.10823 ( 2)  1.217  0.108
  35 H   0.11589 0.11589 0.11589 0.11589 0.11589 0.11589 0.11589 0.11589 0.07291 ( 6)  0.820  0.073
  36 D   0.11439 0.11439 0.11439 0.11439 0.11439 0.11439 0.11439 0.11439 0.08487 ( 6)  0.955  0.085
  37 D   0.11766 0.11766 0.11766 0.11766 0.11766 0.11766 0.11766 0.11766 0.05872 ( 6)  0.660  0.059
  38 P   0.11557 0.11557 0.11557 0.11557 0.11557 0.11557 0.11557 0.11557 0.07546 ( 5)  0.849  0.075
  39 G   0.11497 0.11497 0.11497 0.11497 0.11497 0.11497 0.11497 0.11497 0.08022 ( 5)  0.902  0.080
  40 S   0.11521 0.11521 0.11521 0.11521 0.11521 0.11521 0.11521 0.11521 0.07835 ( 6)  0.881  0.078
  41 G   0.11497 0.11497 0.11497 0.11497 0.11497 0.11497 0.11497 0.11497 0.08022 ( 5)  0.902  0.080
  42 H   0.11589 0.11589 0.11589 0.11589 0.11589 0.11589 0.11589 0.11589 0.07291 ( 6)  0.820  0.073
  43 K   0.11675 0.11675 0.11675 0.11675 0.11675 0.11675 0.11675 0.11675 0.06604 ( 6)  0.743  0.066
  44 P   0.11492 0.11492 0.11492 0.11492 0.11492 0.11492 0.11492 0.11492 0.08060 ( 6)  0.906  0.081
  45 V   0.11027 0.11027 0.11027 0.11027 0.11027 0.11027 0.11027 0.11027 0.11782 ( 9)  1.325  0.118
  46 I   0.11579 0.11579 0.11579 0.11579 0.11579 0.11579 0.11579 0.11579 0.07369 ( 5)  0.829  0.074
  47 A   0.11515 0.11515 0.11515 0.11515 0.11515 0.11515 0.11515 0.11515 0.07877 ( 6)  0.886  0.079
  48 S   0.11689 0.11689 0.11689 0.11689 0.11689 0.11689 0.11689 0.11689 0.06490 ( 4)  0.730  0.065
  49 G   0.10956 0.10956 0.10956 0.10956 0.10956 0.10956 0.10956 0.10956 0.12350 ( 9)  1.389  0.124

Positively selected sites

	Prob(w>1)  mean w

     2 R      1.000**       11.247
     8 R      1.000**       11.247
    10 T      1.000**       11.247
    13 Q      1.000**       11.247
    18 T      1.000**       11.247
    24 P      1.000**       11.247
    25 K      1.000**       11.247


lnL =  -246.659577

Bayes Empirical Bayes (BEB) probabilities for 11 classes (class) & postmean_w
(amino acids refer to 1st sequence: hyn.508)

   1 M   0.18598 0.06844 0.06222 0.05958 0.05792 0.05660 0.05554 0.05508 0.05690 0.13070 0.21103 (11)  1.386 +-  2.172
   2 R   0.00818 0.00853 0.01274 0.01691 0.02095 0.02483 0.02857 0.03238 0.03740 0.09089 0.71863 (11)  4.807 +-  3.441
   3 I   0.17736 0.06538 0.05964 0.05731 0.05590 0.05483 0.05398 0.05372 0.05568 0.12808 0.23812 (11)  1.566 +-  2.380
   4 R   0.17653 0.06509 0.05938 0.05707 0.05569 0.05463 0.05380 0.05355 0.05552 0.12773 0.24102 (11)  1.586 +-  2.404
   5 L   0.16794 0.06209 0.05667 0.05449 0.05319 0.05220 0.05144 0.05125 0.05319 0.12278 0.27475 (11)  1.843 +-  2.687
   6 H   0.19581 0.07198 0.06510 0.06200 0.05994 0.05825 0.05684 0.05607 0.05766 0.13239 0.18396 ( 1)  1.221 +-  1.973
   7 I   0.18676 0.06872 0.06244 0.05977 0.05807 0.05672 0.05562 0.05513 0.05694 0.13078 0.20906 (11)  1.374 +-  2.161
   8 R   0.00674 0.00720 0.01085 0.01450 0.01809 0.02157 0.02497 0.02849 0.03316 0.08198 0.75246 (11)  5.052 +-  3.417
   9 T   0.18584 0.06839 0.06216 0.05951 0.05784 0.05650 0.05543 0.05496 0.05677 0.13042 0.21217 (11)  1.396 +-  2.189
  10 T   0.00780 0.00819 0.01225 0.01628 0.02021 0.02399 0.02763 0.03135 0.03628 0.08855 0.72747 (11)  4.873 +-  3.438
  11 M   0.18598 0.06844 0.06222 0.05958 0.05792 0.05660 0.05554 0.05508 0.05690 0.13070 0.21103 (11)  1.386 +-  2.172
  12 E   0.18896 0.06951 0.06310 0.06033 0.05855 0.05712 0.05596 0.05541 0.05717 0.13129 0.20260 (11)  1.333 +-  2.111
  13 Q   0.00008 0.00028 0.00071 0.00136 0.00222 0.00328 0.00456 0.00611 0.00827 0.02522 0.94791 (11)  6.330 +-  2.891
  14 E   0.18896 0.06951 0.06310 0.06033 0.05855 0.05712 0.05596 0.05541 0.05717 0.13129 0.20260 (11)  1.333 +-  2.111
  15 Q   0.19128 0.07034 0.06377 0.06088 0.05900 0.05748 0.05623 0.05560 0.05730 0.13158 0.19653 (11)  1.298 +-  2.071
  16 L   0.17782 0.06555 0.05977 0.05742 0.05600 0.05490 0.05404 0.05376 0.05571 0.12814 0.23689 (11)  1.558 +-  2.374
  17 L   0.17555 0.06475 0.05909 0.05682 0.05546 0.05442 0.05362 0.05339 0.05537 0.12742 0.24411 (11)  1.607 +-  2.426
  18 T   0.00008 0.00030 0.00076 0.00146 0.00237 0.00351 0.00486 0.00651 0.00879 0.02665 0.94470 (11)  6.308 +-  2.904
  19 Y   0.17708 0.06528 0.05955 0.05723 0.05584 0.05477 0.05394 0.05368 0.05565 0.12800 0.23897 (11)  1.571 +-  2.386
  20 S   0.18500 0.06809 0.06192 0.05932 0.05768 0.05639 0.05535 0.05491 0.05675 0.13037 0.21420 (11)  1.407 +-  2.199
  21 W   0.17297 0.06383 0.05832 0.05614 0.05486 0.05390 0.05316 0.05299 0.05502 0.12666 0.25215 (11)  1.660 +-  2.479
  22 L   0.18812 0.06921 0.06284 0.06009 0.05833 0.05692 0.05577 0.05524 0.05700 0.13093 0.20555 (11)  1.354 +-  2.140
  23 Q   0.19128 0.07034 0.06377 0.06088 0.05900 0.05748 0.05623 0.05560 0.05730 0.13158 0.19653 (11)  1.298 +-  2.071
  24 P   0.00629 0.00678 0.01024 0.01371 0.01714 0.02049 0.02377 0.02717 0.03170 0.07887 0.76385 (11)  5.135 +-  3.406
  25 K   0.00780 0.00819 0.01225 0.01628 0.02021 0.02399 0.02763 0.03135 0.03628 0.08855 0.72747 (11)  4.873 +-  3.438
  26 S   0.17935 0.06609 0.06023 0.05783 0.05637 0.05523 0.05434 0.05403 0.05596 0.12867 0.23192 (11)  1.524 +-  2.336
  27 R   0.18197 0.06702 0.06100 0.05850 0.05694 0.05572 0.05475 0.05437 0.05625 0.12930 0.22417 (11)  1.475 +-  2.282
  28 H   0.19581 0.07198 0.06510 0.06200 0.05994 0.05825 0.05684 0.05607 0.05766 0.13239 0.18396 ( 1)  1.221 +-  1.973
  29 Q   0.18508 0.06812 0.06194 0.05932 0.05768 0.05637 0.05532 0.05487 0.05670 0.13027 0.21431 (11)  1.409 +-  2.204
  30 R   0.18197 0.06702 0.06100 0.05850 0.05694 0.05572 0.05475 0.05437 0.05625 0.12930 0.22417 (11)  1.475 +-  2.282
  31 A   0.18391 0.06771 0.06159 0.05902 0.05741 0.05614 0.05512 0.05470 0.05655 0.12995 0.21790 (11)  1.433 +-  2.232
  32 Y   0.17708 0.06528 0.05955 0.05723 0.05584 0.05477 0.05394 0.05368 0.05565 0.12800 0.23897 (11)  1.571 +-  2.386
  33 T   0.17606 0.06492 0.05924 0.05695 0.05558 0.05454 0.05373 0.05349 0.05546 0.12761 0.24241 (11)  1.595 +-  2.413
  34 P   0.17762 0.06548 0.05970 0.05736 0.05593 0.05484 0.05398 0.05370 0.05565 0.12801 0.23773 (11)  1.565 +-  2.383
  35 H   0.18747 0.06898 0.06265 0.05994 0.05821 0.05683 0.05571 0.05519 0.05698 0.13087 0.20718 (11)  1.364 +-  2.150
  36 D   0.18313 0.06743 0.06136 0.05883 0.05725 0.05601 0.05503 0.05463 0.05650 0.12984 0.21999 (11)  1.445 +-  2.244
  37 D   0.19227 0.07069 0.06408 0.06117 0.05927 0.05774 0.05648 0.05584 0.05753 0.13207 0.19286 (11)  1.272 +-  2.032
  38 P   0.18767 0.06905 0.06269 0.05995 0.05820 0.05679 0.05565 0.05511 0.05688 0.13066 0.20735 (11)  1.368 +-  2.159
  39 G   0.18451 0.06792 0.06178 0.05919 0.05757 0.05629 0.05526 0.05483 0.05667 0.13021 0.21579 (11)  1.418 +-  2.212
  40 S   0.18500 0.06809 0.06192 0.05932 0.05768 0.05639 0.05535 0.05491 0.05675 0.13037 0.21420 (11)  1.407 +-  2.199
  41 G   0.18451 0.06792 0.06178 0.05919 0.05757 0.05629 0.05526 0.05483 0.05667 0.13021 0.21579 (11)  1.418 +-  2.212
  42 H   0.18747 0.06898 0.06265 0.05994 0.05821 0.05683 0.05571 0.05519 0.05698 0.13087 0.20718 (11)  1.364 +-  2.150
  43 K   0.18978 0.06980 0.06334 0.06053 0.05872 0.05726 0.05607 0.05550 0.05723 0.13143 0.20034 (11)  1.320 +-  2.095
  44 P   0.18605 0.06848 0.06221 0.05954 0.05784 0.05648 0.05539 0.05490 0.05669 0.13026 0.21216 (11)  1.399 +-  2.197
  45 V   0.17474 0.06446 0.05885 0.05661 0.05528 0.05427 0.05349 0.05328 0.05528 0.12722 0.24651 (11)  1.622 +-  2.441
  46 I   0.18676 0.06872 0.06244 0.05977 0.05807 0.05672 0.05562 0.05513 0.05694 0.13078 0.20906 (11)  1.374 +-  2.161
  47 A   0.18542 0.06824 0.06204 0.05941 0.05775 0.05644 0.05538 0.05492 0.05674 0.13036 0.21330 (11)  1.403 +-  2.196
  48 S   0.18946 0.06968 0.06325 0.06047 0.05868 0.05725 0.05608 0.05552 0.05728 0.13153 0.20080 (11)  1.321 +-  2.092
  49 G   0.17635 0.06504 0.05931 0.05698 0.05557 0.05449 0.05364 0.05336 0.05530 0.12727 0.24268 (11)  1.606 +-  2.436

Positively selected sites

	Prob(w>1)  mean w

     2 R      0.719         4.807 +- 3.441
     8 R      0.752         5.052 +- 3.417
    10 T      0.727         4.873 +- 3.438
    13 Q      0.948         6.330 +- 2.891
    18 T      0.945         6.308 +- 2.904
    24 P      0.764         5.135 +- 3.406
    25 K      0.727         4.873 +- 3.438

