Supplemental results for CODEML (seqf: algn  treef: tree)


dN/dS (w) for site classes (K=9)

p:   0.12500  0.12500  0.12500  0.12500  0.12500  0.12500  0.12500  0.12500  0.00001
w:   0.00000  0.00000  0.00000  0.00000  0.00000  0.00000  0.00000  0.00000 45.98474
(note that p[8] is zero)


Naive Empirical Bayes (NEB) probabilities for 9 classes & postmean_w & P(w>1)
(amino acids refer to 1st sequence: Msl.16205)

   1 M   0.12500 0.12500 0.12500 0.12500 0.12500 0.12500 0.12500 0.12500 0.00000 ( 1)  0.000  0.000
   2 V   0.12500 0.12500 0.12500 0.12500 0.12500 0.12500 0.12500 0.12500 0.00000 ( 5)  0.000  0.000
   3 Y   0.12500 0.12500 0.12500 0.12500 0.12500 0.12500 0.12500 0.12500 0.00000 ( 5)  0.000  0.000
   4 S   0.12500 0.12500 0.12500 0.12500 0.12500 0.12500 0.12500 0.12500 0.00000 ( 6)  0.000  0.000
   5 Q   0.12500 0.12500 0.12500 0.12500 0.12500 0.12500 0.12500 0.12500 0.00001 ( 1)  0.000  0.000
   6 H   0.12500 0.12500 0.12500 0.12500 0.12500 0.12500 0.12500 0.12500 0.00000 ( 2)  0.000  0.000
   7 S   0.12500 0.12500 0.12500 0.12500 0.12500 0.12500 0.12500 0.12500 0.00000 ( 6)  0.000  0.000
   8 Y   0.12500 0.12500 0.12500 0.12500 0.12500 0.12500 0.12500 0.12500 0.00000 ( 5)  0.000  0.000
   9 A   0.12500 0.12500 0.12500 0.12500 0.12500 0.12500 0.12500 0.12500 0.00001 ( 6)  0.000  0.000
  10 L   0.12500 0.12500 0.12500 0.12500 0.12500 0.12500 0.12500 0.12500 0.00001 ( 3)  0.000  0.000
  11 S   0.12500 0.12500 0.12500 0.12500 0.12500 0.12500 0.12500 0.12500 0.00001 ( 6)  0.000  0.000
  12 G   0.12500 0.12500 0.12500 0.12500 0.12500 0.12500 0.12500 0.12500 0.00000 ( 6)  0.000  0.000
  13 R   0.12500 0.12500 0.12500 0.12500 0.12500 0.12500 0.12500 0.12500 0.00000 ( 1)  0.000  0.000
  14 L   0.12500 0.12500 0.12500 0.12500 0.12500 0.12500 0.12500 0.12500 0.00001 ( 1)  0.000  0.000
  15 P   0.12500 0.12500 0.12500 0.12500 0.12500 0.12500 0.12500 0.12500 0.00001 ( 5)  0.000  0.000
  16 T   0.12500 0.12500 0.12500 0.12500 0.12500 0.12500 0.12500 0.12500 0.00000 ( 2)  0.000  0.000
  17 C   0.12500 0.12500 0.12500 0.12500 0.12500 0.12500 0.12500 0.12500 0.00000 ( 1)  0.000  0.000
  18 S   0.12500 0.12500 0.12500 0.12500 0.12500 0.12500 0.12500 0.12500 0.00001 ( 2)  0.000  0.000
  19 E   0.12500 0.12500 0.12500 0.12500 0.12500 0.12500 0.12500 0.12500 0.00000 ( 1)  0.000  0.000
  20 L   0.12500 0.12500 0.12500 0.12500 0.12500 0.12500 0.12500 0.12500 0.00001 ( 1)  0.000  0.000
  21 A   0.12500 0.12500 0.12500 0.12500 0.12500 0.12500 0.12500 0.12500 0.00000 ( 6)  0.000  0.000
  22 G   0.12500 0.12500 0.12500 0.12500 0.12500 0.12500 0.12500 0.12500 0.00000 ( 6)  0.000  0.000
  23 L   0.12500 0.12500 0.12500 0.12500 0.12500 0.12500 0.12500 0.12500 0.00001 ( 1)  0.000  0.000
  24 I   0.12500 0.12500 0.12500 0.12500 0.12500 0.12500 0.12500 0.12500 0.00000 ( 1)  0.000  0.000
  25 R   0.12500 0.12500 0.12500 0.12500 0.12500 0.12500 0.12500 0.12500 0.00001 ( 1)  0.000  0.000
  26 V   0.12500 0.12500 0.12500 0.12500 0.12500 0.12500 0.12500 0.12500 0.00001 ( 5)  0.000  0.000
  27 H   0.12500 0.12500 0.12500 0.12500 0.12500 0.12500 0.12500 0.12500 0.00000 ( 2)  0.000  0.000
  28 V   0.12500 0.12500 0.12500 0.12500 0.12500 0.12500 0.12500 0.12500 0.00000 ( 5)  0.000  0.000
  29 L   0.12500 0.12500 0.12500 0.12500 0.12500 0.12500 0.12500 0.12500 0.00001 ( 1)  0.000  0.000
  30 F   0.12500 0.12500 0.12500 0.12500 0.12500 0.12500 0.12500 0.12500 0.00000 ( 6)  0.000  0.000
  31 R   0.12500 0.12500 0.12500 0.12500 0.12500 0.12500 0.12500 0.12500 0.00000 ( 1)  0.000  0.000
  32 G   0.12500 0.12500 0.12500 0.12500 0.12500 0.12500 0.12500 0.12500 0.00000 ( 6)  0.000  0.000
  33 Q   0.12500 0.12500 0.12500 0.12500 0.12500 0.12500 0.12500 0.12500 0.00001 ( 1)  0.000  0.000
  34 G   0.12500 0.12500 0.12500 0.12500 0.12500 0.12500 0.12500 0.12500 0.00000 ( 6)  0.000  0.000
  35 S   0.12500 0.12500 0.12500 0.12500 0.12500 0.12500 0.12500 0.12500 0.00000 ( 6)  0.000  0.000
  36 F   0.12500 0.12500 0.12500 0.12500 0.12500 0.12500 0.12500 0.12500 0.00000 ( 6)  0.000  0.000
  37 A   0.12500 0.12500 0.12500 0.12500 0.12500 0.12500 0.12500 0.12500 0.00000 ( 6)  0.000  0.000
  38 C   0.12500 0.12500 0.12500 0.12500 0.12500 0.12500 0.12500 0.12500 0.00000 ( 1)  0.000  0.000
  39 L   0.12500 0.12500 0.12500 0.12500 0.12500 0.12500 0.12500 0.12500 0.00001 ( 5)  0.000  0.000
  40 D   0.12500 0.12500 0.12500 0.12500 0.12500 0.12500 0.12500 0.12500 0.00000 ( 6)  0.000  0.000
  41 R   0.12500 0.12500 0.12500 0.12500 0.12500 0.12500 0.12500 0.12500 0.00000 ( 1)  0.000  0.000
  42 L   0.12500 0.12500 0.12500 0.12500 0.12500 0.12500 0.12500 0.12500 0.00001 ( 1)  0.000  0.000
  43 Q   0.12500 0.12500 0.12500 0.12500 0.12500 0.12500 0.12500 0.12500 0.00001 ( 1)  0.000  0.000
  44 Q   0.12500 0.12500 0.12500 0.12500 0.12500 0.12500 0.12500 0.12500 0.00001 ( 1)  0.000  0.000
  45 T   0.12500 0.12500 0.12500 0.12500 0.12500 0.12500 0.12500 0.12500 0.00000 ( 2)  0.000  0.000
  46 L   0.12500 0.12500 0.12500 0.12500 0.12500 0.12500 0.12500 0.12500 0.00001 ( 1)  0.000  0.000
  47 A   0.12500 0.12500 0.12500 0.12500 0.12500 0.12500 0.12500 0.12500 0.00000 ( 6)  0.000  0.000
  48 V   0.12500 0.12500 0.12500 0.12500 0.12500 0.12500 0.12500 0.12500 0.00000 ( 5)  0.000  0.000
  49 G   0.12500 0.12500 0.12500 0.12500 0.12500 0.12500 0.12500 0.12500 0.00000 ( 6)  0.000  0.000
  50 H   0.12500 0.12500 0.12500 0.12500 0.12500 0.12500 0.12500 0.12500 0.00000 ( 2)  0.000  0.000
  51 P   0.12500 0.12500 0.12500 0.12500 0.12500 0.12500 0.12500 0.12500 0.00000 ( 1)  0.000  0.000
  52 D   0.12500 0.12500 0.12500 0.12500 0.12500 0.12500 0.12500 0.12500 0.00001 ( 1)  0.000  0.000
  53 V   0.12500 0.12500 0.12500 0.12500 0.12500 0.12500 0.12500 0.12500 0.00000 ( 5)  0.000  0.000
  54 L   0.12500 0.12500 0.12500 0.12500 0.12500 0.12500 0.12500 0.12500 0.00001 ( 1)  0.000  0.000
  55 L   0.12500 0.12500 0.12500 0.12500 0.12500 0.12500 0.12500 0.12500 0.00001 ( 1)  0.000  0.000
  56 V   0.12500 0.12500 0.12500 0.12500 0.12500 0.12500 0.12500 0.12500 0.00000 ( 5)  0.000  0.000
  57 S   0.12500 0.12500 0.12500 0.12500 0.12500 0.12500 0.12500 0.12500 0.00000 ( 6)  0.000  0.000
  58 R   0.12500 0.12500 0.12500 0.12500 0.12500 0.12500 0.12500 0.12500 0.00000 ( 1)  0.000  0.000
  59 I   0.12500 0.12500 0.12500 0.12500 0.12500 0.12500 0.12500 0.12500 0.00000 ( 1)  0.000  0.000
  60 G   0.12500 0.12500 0.12500 0.12500 0.12500 0.12500 0.12500 0.12500 0.00000 ( 6)  0.000  0.000
  61 R   0.12500 0.12500 0.12500 0.12500 0.12500 0.12500 0.12500 0.12500 0.00001 ( 2)  0.000  0.000
  62 R   0.12500 0.12500 0.12500 0.12500 0.12500 0.12500 0.12500 0.12500 0.00000 ( 1)  0.000  0.000
  63 E   0.12500 0.12500 0.12500 0.12500 0.12500 0.12500 0.12500 0.12500 0.00001 ( 5)  0.000  0.000
  64 G   0.12500 0.12500 0.12500 0.12500 0.12500 0.12500 0.12500 0.12500 0.00000 ( 6)  0.000  0.000
  65 F   0.12500 0.12500 0.12500 0.12500 0.12500 0.12500 0.12500 0.12500 0.00000 ( 6)  0.000  0.000
  66 T   0.12500 0.12500 0.12500 0.12500 0.12500 0.12500 0.12500 0.12500 0.00000 ( 2)  0.000  0.000
  67 V   0.12500 0.12500 0.12500 0.12500 0.12500 0.12500 0.12500 0.12500 0.00000 ( 5)  0.000  0.000
  68 F   0.12500 0.12500 0.12500 0.12500 0.12500 0.12500 0.12500 0.12500 0.00000 ( 6)  0.000  0.000
  69 I   0.12500 0.12500 0.12500 0.12500 0.12500 0.12500 0.12500 0.12500 0.00000 ( 1)  0.000  0.000
  70 N   0.12500 0.12500 0.12500 0.12500 0.12500 0.12500 0.12500 0.12500 0.00000 ( 1)  0.000  0.000
  71 G   0.12500 0.12500 0.12500 0.12500 0.12500 0.12500 0.12500 0.12500 0.00000 ( 6)  0.000  0.000
  72 A   0.12500 0.12500 0.12500 0.12500 0.12500 0.12500 0.12500 0.12500 0.00000 ( 6)  0.000  0.000
  73 L   0.12500 0.12500 0.12500 0.12500 0.12500 0.12500 0.12500 0.12500 0.00001 ( 1)  0.000  0.000
  74 V   0.12500 0.12500 0.12500 0.12500 0.12500 0.12500 0.12500 0.12500 0.00000 ( 5)  0.000  0.000
  75 Y   0.12500 0.12500 0.12500 0.12500 0.12500 0.12500 0.12500 0.12500 0.00000 ( 5)  0.000  0.000
  76 E   0.12500 0.12500 0.12500 0.12500 0.12500 0.12500 0.12500 0.12500 0.00000 ( 1)  0.000  0.000
  77 R   0.12500 0.12500 0.12500 0.12500 0.12500 0.12500 0.12500 0.12500 0.00000 ( 1)  0.000  0.000
  78 S   0.12500 0.12500 0.12500 0.12500 0.12500 0.12500 0.12500 0.12500 0.00000 ( 5)  0.000  0.000
  79 T   0.12500 0.12500 0.12500 0.12500 0.12500 0.12500 0.12500 0.12500 0.00001 ( 6)  0.000  0.000
  80 S   0.12500 0.12500 0.12500 0.12500 0.12500 0.12500 0.12500 0.12500 0.00000 ( 6)  0.000  0.000
  81 S   0.12500 0.12500 0.12500 0.12500 0.12500 0.12500 0.12500 0.12500 0.00001 ( 2)  0.000  0.000
  82 A   0.12500 0.12500 0.12500 0.12500 0.12500 0.12500 0.12500 0.12500 0.00001 ( 6)  0.000  0.000
  83 S   0.12500 0.12500 0.12500 0.12500 0.12500 0.12500 0.12500 0.12500 0.00001 ( 1)  0.000  0.000
  84 S   0.12500 0.12500 0.12500 0.12500 0.12500 0.12500 0.12500 0.12500 0.00001 ( 2)  0.000  0.000
  85 T   0.12500 0.12500 0.12500 0.12500 0.12500 0.12500 0.12500 0.12500 0.00000 ( 2)  0.000  0.000
  86 D   0.12500 0.12500 0.12500 0.12500 0.12500 0.12500 0.12500 0.12500 0.00001 ( 1)  0.000  0.000
  87 P   0.12500 0.12500 0.12500 0.12500 0.12500 0.12500 0.12500 0.12500 0.00001 ( 6)  0.000  0.000
  88 F   0.12500 0.12500 0.12500 0.12500 0.12500 0.12500 0.12500 0.12500 0.00000 ( 6)  0.000  0.000
  89 T   0.12500 0.12500 0.12500 0.12500 0.12500 0.12500 0.12500 0.12500 0.00000 ( 2)  0.000  0.000
  90 D   0.12500 0.12500 0.12500 0.12500 0.12500 0.12500 0.12500 0.12500 0.00000 ( 6)  0.000  0.000
  91 R   0.12500 0.12500 0.12500 0.12500 0.12500 0.12500 0.12500 0.12500 0.00000 ( 1)  0.000  0.000
  92 L   0.12500 0.12500 0.12500 0.12500 0.12500 0.12500 0.12500 0.12500 0.00001 ( 1)  0.000  0.000
  93 L   0.12500 0.12500 0.12500 0.12500 0.12500 0.12500 0.12500 0.12500 0.00001 ( 1)  0.000  0.000
  94 A   0.12500 0.12500 0.12500 0.12500 0.12500 0.12500 0.12500 0.12500 0.00000 ( 6)  0.000  0.000
  95 W   0.12500 0.12500 0.12500 0.12500 0.12500 0.12500 0.12500 0.12500 0.00001 ( 3)  0.000  0.000
  96 V   0.12500 0.12500 0.12500 0.12500 0.12500 0.12500 0.12500 0.12500 0.00000 ( 5)  0.000  0.000
  97 V   0.12500 0.12500 0.12500 0.12500 0.12500 0.12500 0.12500 0.12500 0.00000 ( 5)  0.000  0.000
  98 K   0.12500 0.12500 0.12500 0.12500 0.12500 0.12500 0.12500 0.12500 0.00000 ( 1)  0.000  0.000
  99 Q   0.12500 0.12500 0.12500 0.12500 0.12500 0.12500 0.12500 0.12500 0.00001 ( 1)  0.000  0.000
 100 I   0.12500 0.12500 0.12500 0.12500 0.12500 0.12500 0.12500 0.12500 0.00000 ( 1)  0.000  0.000
 101 H   0.12500 0.12500 0.12500 0.12500 0.12500 0.12500 0.12500 0.12500 0.00000 ( 2)  0.000  0.000
 102 N   0.12500 0.12500 0.12500 0.12500 0.12500 0.12500 0.12500 0.12500 0.00001 ( 3)  0.000  0.000
 103 A   0.12500 0.12500 0.12500 0.12500 0.12500 0.12500 0.12500 0.12500 0.00001 ( 6)  0.000  0.000
 104 R   0.12500 0.12500 0.12500 0.12500 0.12500 0.12500 0.12500 0.12500 0.00000 ( 1)  0.000  0.000
 105 Q   0.12500 0.12500 0.12500 0.12500 0.12500 0.12500 0.12500 0.12500 0.00001 ( 1)  0.000  0.000
 106 G   0.12500 0.12500 0.12500 0.12500 0.12500 0.12500 0.12500 0.12500 0.00000 ( 6)  0.000  0.000
 107 L   0.12500 0.12500 0.12500 0.12500 0.12500 0.12500 0.12500 0.12500 0.00001 ( 1)  0.000  0.000
 108 P   0.12500 0.12500 0.12500 0.12500 0.12500 0.12500 0.12500 0.12500 0.00000 ( 1)  0.000  0.000
 109 C   0.12500 0.12500 0.12500 0.12500 0.12500 0.12500 0.12500 0.12500 0.00000 ( 1)  0.000  0.000
 110 T   0.12500 0.12500 0.12500 0.12500 0.12500 0.12500 0.12500 0.12500 0.00000 ( 2)  0.000  0.000
 111 Q   0.12500 0.12500 0.12500 0.12500 0.12500 0.12500 0.12500 0.12500 0.00001 ( 1)  0.000  0.000
 112 T   0.12500 0.12500 0.12500 0.12500 0.12500 0.12500 0.12500 0.12500 0.00001 ( 2)  0.000  0.000
 113 H   0.12500 0.12500 0.12500 0.12500 0.12500 0.12500 0.12500 0.12500 0.00001 ( 2)  0.000  0.000
 114 P   0.12500 0.12500 0.12500 0.12500 0.12500 0.12500 0.12500 0.12500 0.00001 ( 6)  0.000  0.000
 115 I   0.12500 0.12500 0.12500 0.12500 0.12500 0.12500 0.12500 0.12500 0.00000 ( 1)  0.000  0.000
 116 S   0.12500 0.12500 0.12500 0.12500 0.12500 0.12500 0.12500 0.12500 0.00001 ( 2)  0.000  0.000
 117 A   0.12500 0.12500 0.12500 0.12500 0.12500 0.12500 0.12500 0.12500 0.00000 ( 6)  0.000  0.000
 118 T   0.12500 0.12500 0.12500 0.12500 0.12500 0.12500 0.12500 0.12500 0.00000 ( 2)  0.000  0.000

Positively selected sites

	Prob(w>1)  mean w



lnL =  -465.468103

Bayes Empirical Bayes (BEB) probabilities for 11 classes (class) & postmean_w
(amino acids refer to 1st sequence: Msl.16205)

   1 M   0.29839 0.08162 0.06890 0.06271 0.05854 0.05514 0.05211 0.04942 0.04787 0.08436 0.14093 ( 1)  0.690 +-  1.119
   2 V   0.29774 0.08144 0.06877 0.06261 0.05846 0.05510 0.05208 0.04941 0.04788 0.08437 0.14213 ( 1)  0.696 +-  1.133
   3 Y   0.29754 0.08138 0.06873 0.06259 0.05845 0.05509 0.05209 0.04942 0.04790 0.08440 0.14242 ( 1)  0.697 +-  1.135
   4 S   0.29780 0.08146 0.06878 0.06263 0.05848 0.05511 0.05209 0.04942 0.04789 0.08439 0.14196 ( 1)  0.695 +-  1.130
   5 Q   0.29550 0.08081 0.06831 0.06228 0.05823 0.05495 0.05201 0.04941 0.04793 0.08445 0.14613 ( 1)  0.714 +-  1.175
   6 H   0.29757 0.08139 0.06873 0.06259 0.05845 0.05509 0.05208 0.04941 0.04789 0.08438 0.14242 ( 1)  0.697 +-  1.136
   7 S   0.29760 0.08140 0.06874 0.06260 0.05845 0.05509 0.05209 0.04942 0.04789 0.08439 0.14232 ( 1)  0.696 +-  1.134
   8 Y   0.29754 0.08138 0.06873 0.06259 0.05845 0.05509 0.05209 0.04942 0.04790 0.08440 0.14242 ( 1)  0.697 +-  1.135
   9 A   0.29417 0.08043 0.06804 0.06207 0.05808 0.05485 0.05196 0.04940 0.04796 0.08448 0.14856 ( 1)  0.726 +-  1.200
  10 L   0.29404 0.08040 0.06801 0.06205 0.05807 0.05484 0.05196 0.04940 0.04796 0.08448 0.14880 ( 1)  0.727 +-  1.203
  11 S   0.29433 0.08048 0.06807 0.06210 0.05810 0.05486 0.05197 0.04940 0.04795 0.08448 0.14825 ( 1)  0.724 +-  1.197
  12 G   0.29749 0.08137 0.06872 0.06257 0.05844 0.05508 0.05208 0.04941 0.04789 0.08438 0.14257 ( 1)  0.698 +-  1.138
  13 R   0.29678 0.08117 0.06857 0.06247 0.05836 0.05503 0.05206 0.04941 0.04790 0.08441 0.14383 ( 1)  0.703 +-  1.151
  14 L   0.29584 0.08090 0.06838 0.06232 0.05826 0.05497 0.05202 0.04941 0.04792 0.08443 0.14555 ( 1)  0.712 +-  1.169
  15 P   0.29417 0.08043 0.06804 0.06207 0.05808 0.05485 0.05196 0.04940 0.04796 0.08448 0.14855 ( 1)  0.726 +-  1.200
  16 T   0.29868 0.08171 0.06896 0.06276 0.05857 0.05516 0.05212 0.04942 0.04786 0.08435 0.14042 ( 1)  0.688 +-  1.114
  17 C   0.29762 0.08141 0.06875 0.06260 0.05846 0.05510 0.05209 0.04942 0.04789 0.08439 0.14228 ( 1)  0.696 +-  1.133
  18 S   0.29414 0.08042 0.06803 0.06207 0.05808 0.05485 0.05196 0.04940 0.04796 0.08448 0.14861 ( 1)  0.726 +-  1.201
  19 E   0.29686 0.08119 0.06859 0.06248 0.05837 0.05504 0.05206 0.04942 0.04791 0.08441 0.14366 ( 1)  0.703 +-  1.149
  20 L   0.29584 0.08090 0.06838 0.06232 0.05826 0.05497 0.05202 0.04941 0.04792 0.08443 0.14555 ( 1)  0.712 +-  1.169
  21 A   0.29873 0.08172 0.06897 0.06276 0.05857 0.05516 0.05211 0.04941 0.04785 0.08433 0.14039 ( 1)  0.688 +-  1.115
  22 G   0.29749 0.08137 0.06872 0.06257 0.05844 0.05508 0.05208 0.04941 0.04789 0.08438 0.14257 ( 1)  0.698 +-  1.138
  23 L   0.29584 0.08090 0.06838 0.06232 0.05826 0.05497 0.05202 0.04941 0.04792 0.08443 0.14555 ( 1)  0.712 +-  1.169
  24 I   0.29878 0.08174 0.06898 0.06277 0.05858 0.05517 0.05212 0.04942 0.04786 0.08434 0.14025 ( 1)  0.687 +-  1.113
  25 R   0.29352 0.08025 0.06790 0.06197 0.05801 0.05480 0.05194 0.04939 0.04796 0.08449 0.14977 ( 1)  0.731 +-  1.214
  26 V   0.29414 0.08042 0.06803 0.06207 0.05808 0.05485 0.05196 0.04940 0.04796 0.08448 0.14861 ( 1)  0.726 +-  1.201
  27 H   0.29757 0.08139 0.06873 0.06259 0.05845 0.05509 0.05208 0.04941 0.04789 0.08438 0.14242 ( 1)  0.697 +-  1.136
  28 V   0.29774 0.08144 0.06877 0.06261 0.05846 0.05510 0.05208 0.04941 0.04788 0.08437 0.14213 ( 1)  0.696 +-  1.133
  29 L   0.29584 0.08090 0.06838 0.06232 0.05826 0.05497 0.05202 0.04941 0.04792 0.08443 0.14555 ( 1)  0.712 +-  1.169
  30 F   0.29882 0.08175 0.06899 0.06278 0.05858 0.05517 0.05212 0.04942 0.04786 0.08434 0.14017 ( 1)  0.686 +-  1.112
  31 R   0.29747 0.08136 0.06871 0.06257 0.05844 0.05508 0.05208 0.04941 0.04789 0.08438 0.14262 ( 1)  0.698 +-  1.138
  32 G   0.29749 0.08137 0.06872 0.06257 0.05844 0.05508 0.05208 0.04941 0.04789 0.08438 0.14257 ( 1)  0.698 +-  1.138
  33 Q   0.29550 0.08081 0.06831 0.06228 0.05823 0.05495 0.05201 0.04941 0.04793 0.08445 0.14613 ( 1)  0.714 +-  1.175
  34 G   0.29749 0.08137 0.06872 0.06257 0.05844 0.05508 0.05208 0.04941 0.04789 0.08438 0.14257 ( 1)  0.698 +-  1.138
  35 S   0.29760 0.08140 0.06874 0.06260 0.05845 0.05509 0.05209 0.04942 0.04789 0.08439 0.14232 ( 1)  0.696 +-  1.134
  36 F   0.29882 0.08175 0.06899 0.06278 0.05858 0.05517 0.05212 0.04942 0.04786 0.08434 0.14017 ( 1)  0.686 +-  1.112
  37 A   0.29873 0.08172 0.06897 0.06276 0.05857 0.05516 0.05211 0.04941 0.04785 0.08433 0.14039 ( 1)  0.688 +-  1.115
  38 C   0.29762 0.08141 0.06875 0.06260 0.05846 0.05510 0.05209 0.04942 0.04789 0.08439 0.14228 ( 1)  0.696 +-  1.133
  39 L   0.29471 0.08059 0.06815 0.06215 0.05814 0.05489 0.05198 0.04940 0.04795 0.08447 0.14758 ( 1)  0.721 +-  1.190
  40 D   0.29756 0.08139 0.06873 0.06259 0.05845 0.05509 0.05208 0.04942 0.04789 0.08438 0.14242 ( 1)  0.697 +-  1.136
  41 R   0.29678 0.08117 0.06857 0.06247 0.05836 0.05503 0.05206 0.04941 0.04790 0.08441 0.14383 ( 1)  0.703 +-  1.151
  42 L   0.29584 0.08090 0.06838 0.06232 0.05826 0.05497 0.05202 0.04941 0.04792 0.08443 0.14555 ( 1)  0.712 +-  1.169
  43 Q   0.29550 0.08081 0.06831 0.06228 0.05823 0.05495 0.05201 0.04941 0.04793 0.08445 0.14613 ( 1)  0.714 +-  1.175
  44 Q   0.29550 0.08081 0.06831 0.06228 0.05823 0.05495 0.05201 0.04941 0.04793 0.08445 0.14613 ( 1)  0.714 +-  1.175
  45 T   0.29868 0.08171 0.06896 0.06276 0.05857 0.05516 0.05212 0.04942 0.04786 0.08435 0.14042 ( 1)  0.688 +-  1.114
  46 L   0.29584 0.08090 0.06838 0.06232 0.05826 0.05497 0.05202 0.04941 0.04792 0.08443 0.14555 ( 1)  0.712 +-  1.169
  47 A   0.29873 0.08172 0.06897 0.06276 0.05857 0.05516 0.05211 0.04941 0.04785 0.08433 0.14039 ( 1)  0.688 +-  1.115
  48 V   0.29858 0.08168 0.06894 0.06274 0.05855 0.05515 0.05210 0.04941 0.04785 0.08433 0.14068 ( 1)  0.689 +-  1.119
  49 G   0.29749 0.08137 0.06872 0.06257 0.05844 0.05508 0.05208 0.04941 0.04789 0.08438 0.14257 ( 1)  0.698 +-  1.138
  50 H   0.29757 0.08139 0.06873 0.06259 0.05845 0.05509 0.05208 0.04941 0.04789 0.08438 0.14242 ( 1)  0.697 +-  1.136
  51 P   0.29787 0.08148 0.06880 0.06263 0.05848 0.05511 0.05209 0.04941 0.04788 0.08437 0.14189 ( 1)  0.695 +-  1.131
  52 D   0.29406 0.08040 0.06802 0.06206 0.05807 0.05484 0.05196 0.04940 0.04796 0.08448 0.14875 ( 1)  0.727 +-  1.203
  53 V   0.29858 0.08168 0.06894 0.06274 0.05855 0.05515 0.05210 0.04941 0.04785 0.08433 0.14068 ( 1)  0.689 +-  1.119
  54 L   0.29584 0.08090 0.06838 0.06232 0.05826 0.05497 0.05202 0.04941 0.04792 0.08443 0.14555 ( 1)  0.712 +-  1.169
  55 L   0.29584 0.08090 0.06838 0.06232 0.05826 0.05497 0.05202 0.04941 0.04792 0.08443 0.14555 ( 1)  0.712 +-  1.169
  56 V   0.29858 0.08168 0.06894 0.06274 0.05855 0.05515 0.05210 0.04941 0.04785 0.08433 0.14068 ( 1)  0.689 +-  1.119
  57 S   0.29760 0.08140 0.06874 0.06260 0.05845 0.05509 0.05209 0.04942 0.04789 0.08439 0.14232 ( 1)  0.696 +-  1.134
  58 R   0.29678 0.08117 0.06857 0.06247 0.05836 0.05503 0.05206 0.04941 0.04790 0.08441 0.14383 ( 1)  0.703 +-  1.151
  59 I   0.29878 0.08174 0.06898 0.06277 0.05858 0.05517 0.05212 0.04942 0.04786 0.08434 0.14025 ( 1)  0.687 +-  1.113
  60 G   0.29749 0.08137 0.06872 0.06257 0.05844 0.05508 0.05208 0.04941 0.04789 0.08438 0.14257 ( 1)  0.698 +-  1.138
  61 R   0.29404 0.08040 0.06801 0.06205 0.05807 0.05484 0.05196 0.04940 0.04796 0.08448 0.14880 ( 1)  0.727 +-  1.203
  62 R   0.29747 0.08136 0.06871 0.06257 0.05844 0.05508 0.05208 0.04941 0.04789 0.08438 0.14262 ( 1)  0.698 +-  1.138
  63 E   0.29391 0.08036 0.06798 0.06203 0.05805 0.05483 0.05195 0.04940 0.04796 0.08448 0.14904 ( 1)  0.728 +-  1.206
  64 G   0.29749 0.08137 0.06872 0.06257 0.05844 0.05508 0.05208 0.04941 0.04789 0.08438 0.14257 ( 1)  0.698 +-  1.138
  65 F   0.29882 0.08175 0.06899 0.06278 0.05858 0.05517 0.05212 0.04942 0.04786 0.08434 0.14017 ( 1)  0.686 +-  1.112
  66 T   0.29868 0.08171 0.06896 0.06276 0.05857 0.05516 0.05212 0.04942 0.04786 0.08435 0.14042 ( 1)  0.688 +-  1.114
  67 V   0.29774 0.08144 0.06877 0.06261 0.05846 0.05510 0.05208 0.04941 0.04788 0.08437 0.14213 ( 1)  0.696 +-  1.133
  68 F   0.29882 0.08175 0.06899 0.06278 0.05858 0.05517 0.05212 0.04942 0.04786 0.08434 0.14017 ( 1)  0.686 +-  1.112
  69 I   0.29878 0.08174 0.06898 0.06277 0.05858 0.05517 0.05212 0.04942 0.04786 0.08434 0.14025 ( 1)  0.687 +-  1.113
  70 N   0.29754 0.08139 0.06873 0.06259 0.05845 0.05509 0.05209 0.04942 0.04789 0.08440 0.14242 ( 1)  0.697 +-  1.135
  71 G   0.29680 0.08117 0.06858 0.06247 0.05837 0.05504 0.05206 0.04942 0.04791 0.08441 0.14378 ( 1)  0.703 +-  1.150
  72 A   0.29873 0.08172 0.06897 0.06276 0.05857 0.05516 0.05211 0.04941 0.04785 0.08433 0.14039 ( 1)  0.688 +-  1.115
  73 L   0.29584 0.08090 0.06838 0.06232 0.05826 0.05497 0.05202 0.04941 0.04792 0.08443 0.14555 ( 1)  0.712 +-  1.169
  74 V   0.29774 0.08144 0.06877 0.06261 0.05846 0.05510 0.05208 0.04941 0.04788 0.08437 0.14213 ( 1)  0.696 +-  1.133
  75 Y   0.29754 0.08138 0.06873 0.06259 0.05845 0.05509 0.05209 0.04942 0.04790 0.08440 0.14242 ( 1)  0.697 +-  1.135
  76 E   0.29686 0.08119 0.06859 0.06248 0.05837 0.05504 0.05206 0.04942 0.04791 0.08441 0.14366 ( 1)  0.703 +-  1.149
  77 R   0.29689 0.08120 0.06860 0.06249 0.05838 0.05505 0.05206 0.04942 0.04791 0.08442 0.14359 ( 1)  0.702 +-  1.147
  78 S   0.29867 0.08170 0.06896 0.06276 0.05857 0.05516 0.05212 0.04942 0.04786 0.08435 0.14043 ( 1)  0.688 +-  1.114
  79 T   0.29414 0.08043 0.06803 0.06207 0.05808 0.05485 0.05196 0.04940 0.04796 0.08448 0.14860 ( 1)  0.726 +-  1.201
  80 S   0.29780 0.08146 0.06878 0.06263 0.05848 0.05511 0.05209 0.04942 0.04789 0.08439 0.14196 ( 1)  0.695 +-  1.130
  81 S   0.29414 0.08042 0.06803 0.06207 0.05808 0.05485 0.05196 0.04940 0.04796 0.08448 0.14861 ( 1)  0.726 +-  1.201
  82 A   0.29436 0.08049 0.06808 0.06210 0.05810 0.05487 0.05197 0.04940 0.04795 0.08448 0.14820 ( 1)  0.724 +-  1.197
  83 S   0.29406 0.08040 0.06802 0.06206 0.05807 0.05484 0.05196 0.04940 0.04796 0.08448 0.14875 ( 1)  0.727 +-  1.202
  84 S   0.29414 0.08042 0.06803 0.06207 0.05808 0.05485 0.05196 0.04940 0.04796 0.08448 0.14861 ( 1)  0.726 +-  1.201
  85 T   0.29781 0.08146 0.06878 0.06263 0.05848 0.05511 0.05209 0.04942 0.04789 0.08439 0.14194 ( 1)  0.695 +-  1.130
  86 D   0.29406 0.08040 0.06802 0.06206 0.05807 0.05484 0.05196 0.04940 0.04796 0.08448 0.14875 ( 1)  0.727 +-  1.203
  87 P   0.29437 0.08049 0.06808 0.06210 0.05810 0.05487 0.05197 0.04940 0.04795 0.08448 0.14819 ( 1)  0.724 +-  1.196
  88 F   0.29882 0.08175 0.06899 0.06278 0.05858 0.05517 0.05212 0.04942 0.04786 0.08434 0.14017 ( 1)  0.686 +-  1.112
  89 T   0.29781 0.08146 0.06878 0.06263 0.05848 0.05511 0.05209 0.04942 0.04789 0.08439 0.14194 ( 1)  0.695 +-  1.130
  90 D   0.29756 0.08139 0.06873 0.06259 0.05845 0.05509 0.05208 0.04942 0.04789 0.08438 0.14242 ( 1)  0.697 +-  1.136
  91 R   0.29747 0.08136 0.06871 0.06257 0.05844 0.05508 0.05208 0.04941 0.04789 0.08438 0.14262 ( 1)  0.698 +-  1.138
  92 L   0.29584 0.08090 0.06838 0.06232 0.05826 0.05497 0.05202 0.04941 0.04792 0.08443 0.14555 ( 1)  0.712 +-  1.169
  93 L   0.29584 0.08090 0.06838 0.06232 0.05826 0.05497 0.05202 0.04941 0.04792 0.08443 0.14555 ( 1)  0.712 +-  1.169
  94 A   0.29873 0.08172 0.06897 0.06276 0.05857 0.05516 0.05211 0.04941 0.04785 0.08433 0.14039 ( 1)  0.688 +-  1.115
  95 W   0.29553 0.08082 0.06832 0.06228 0.05823 0.05495 0.05202 0.04941 0.04793 0.08445 0.14606 ( 1)  0.714 +-  1.174
  96 V   0.29774 0.08144 0.06877 0.06261 0.05846 0.05510 0.05208 0.04941 0.04788 0.08437 0.14213 ( 1)  0.696 +-  1.133
  97 V   0.29858 0.08168 0.06894 0.06274 0.05855 0.05515 0.05210 0.04941 0.04785 0.08433 0.14068 ( 1)  0.689 +-  1.119
  98 K   0.29684 0.08119 0.06859 0.06248 0.05837 0.05504 0.05206 0.04942 0.04791 0.08442 0.14367 ( 1)  0.702 +-  1.148
  99 Q   0.29550 0.08081 0.06831 0.06228 0.05823 0.05495 0.05201 0.04941 0.04793 0.08445 0.14613 ( 1)  0.714 +-  1.175
 100 I   0.29878 0.08174 0.06898 0.06277 0.05858 0.05517 0.05212 0.04942 0.04786 0.08434 0.14025 ( 1)  0.687 +-  1.113
 101 H   0.29757 0.08139 0.06873 0.06259 0.05845 0.05509 0.05208 0.04941 0.04789 0.08438 0.14242 ( 1)  0.697 +-  1.136
 102 N   0.29405 0.08040 0.06801 0.06205 0.05807 0.05484 0.05196 0.04940 0.04796 0.08448 0.14878 ( 1)  0.727 +-  1.203
 103 A   0.29436 0.08049 0.06808 0.06210 0.05810 0.05487 0.05197 0.04940 0.04795 0.08448 0.14820 ( 1)  0.724 +-  1.197
 104 R   0.29689 0.08120 0.06860 0.06249 0.05838 0.05505 0.05206 0.04942 0.04791 0.08442 0.14359 ( 1)  0.702 +-  1.147
 105 Q   0.29550 0.08081 0.06831 0.06228 0.05823 0.05495 0.05201 0.04941 0.04793 0.08445 0.14613 ( 1)  0.714 +-  1.175
 106 G   0.29749 0.08137 0.06872 0.06257 0.05844 0.05508 0.05208 0.04941 0.04789 0.08438 0.14257 ( 1)  0.698 +-  1.138
 107 L   0.29584 0.08090 0.06838 0.06232 0.05826 0.05497 0.05202 0.04941 0.04792 0.08443 0.14555 ( 1)  0.712 +-  1.169
 108 P   0.29787 0.08148 0.06880 0.06263 0.05848 0.05511 0.05209 0.04941 0.04788 0.08437 0.14189 ( 1)  0.695 +-  1.131
 109 C   0.29762 0.08141 0.06875 0.06260 0.05846 0.05510 0.05209 0.04942 0.04789 0.08439 0.14228 ( 1)  0.696 +-  1.133
 110 T   0.29868 0.08171 0.06896 0.06276 0.05857 0.05516 0.05212 0.04942 0.04786 0.08435 0.14042 ( 1)  0.688 +-  1.114
 111 Q   0.29550 0.08081 0.06831 0.06228 0.05823 0.05495 0.05201 0.04941 0.04793 0.08445 0.14613 ( 1)  0.714 +-  1.175
 112 T   0.29433 0.08048 0.06807 0.06210 0.05810 0.05486 0.05197 0.04940 0.04795 0.08448 0.14825 ( 1)  0.724 +-  1.197
 113 H   0.29406 0.08040 0.06802 0.06206 0.05807 0.05484 0.05196 0.04940 0.04796 0.08448 0.14875 ( 1)  0.727 +-  1.202
 114 P   0.29437 0.08049 0.06808 0.06210 0.05810 0.05487 0.05197 0.04940 0.04795 0.08448 0.14819 ( 1)  0.724 +-  1.196
 115 I   0.29878 0.08174 0.06898 0.06277 0.05858 0.05517 0.05212 0.04942 0.04786 0.08434 0.14025 ( 1)  0.687 +-  1.113
 116 S   0.29414 0.08042 0.06803 0.06207 0.05808 0.05485 0.05196 0.04940 0.04796 0.08448 0.14861 ( 1)  0.726 +-  1.201
 117 A   0.29787 0.08148 0.06879 0.06263 0.05848 0.05511 0.05209 0.04942 0.04788 0.08437 0.14189 ( 1)  0.694 +-  1.130
 118 T   0.29868 0.08171 0.06896 0.06276 0.05857 0.05516 0.05212 0.04942 0.04786 0.08435 0.14042 ( 1)  0.688 +-  1.114

Positively selected sites

	Prob(w>1)  mean w


