Supplemental results for CODEML (seqf: algn  treef: tree)


dN/dS (w) for site classes (K=2)

p:   0.99999  0.00001
w:   0.00000  1.00000

Naive Empirical Bayes (NEB) probabilities for 2 classes & postmean_w
(amino acids refer to 1st sequence: spe.7117)

   1 L   0.99999 0.00001 ( 1)  0.000
   2 R   0.99999 0.00001 ( 1)  0.000
   3 K   0.99999 0.00001 ( 1)  0.000
   4 A   0.99999 0.00001 ( 1)  0.000
   5 G   0.99999 0.00001 ( 1)  0.000
   6 F   0.99999 0.00001 ( 1)  0.000
   7 E   0.99999 0.00001 ( 1)  0.000
   8 H   0.99999 0.00001 ( 1)  0.000
   9 I   0.99999 0.00001 ( 1)  0.000
  10 L   0.99999 0.00001 ( 1)  0.000
  11 I   0.99999 0.00001 ( 1)  0.000
  12 Q   0.99999 0.00001 ( 1)  0.000
  13 R   0.99999 0.00001 ( 1)  0.000
  14 T   0.99999 0.00001 ( 1)  0.000
  15 H   0.99999 0.00001 ( 1)  0.000
  16 Y   0.99999 0.00001 ( 1)  0.000
  17 E   0.99999 0.00001 ( 1)  0.000
  18 I   0.99999 0.00001 ( 1)  0.000
  19 K   0.99999 0.00001 ( 1)  0.000
  20 K   0.99999 0.00001 ( 1)  0.000
  21 K   0.99999 0.00001 ( 1)  0.000
  22 F   0.99999 0.00001 ( 1)  0.000
  23 A   0.99999 0.00001 ( 1)  0.000
  24 S   0.99999 0.00001 ( 1)  0.000
  25 Q   0.99999 0.00001 ( 1)  0.000
  26 K   0.99999 0.00001 ( 1)  0.000
  27 T   0.99999 0.00001 ( 1)  0.000
  28 L   0.99999 0.00001 ( 1)  0.000
  29 E   0.99999 0.00001 ( 1)  0.000
  30 F   0.99999 0.00001 ( 1)  0.000
  31 R   0.99999 0.00001 ( 1)  0.000
  32 W   0.99999 0.00001 ( 1)  0.000
  33 H   0.99999 0.00001 ( 1)  0.000
  34 S   0.99999 0.00001 ( 1)  0.000
  35 S   0.99999 0.00001 ( 1)  0.000
  36 G   0.99999 0.00001 ( 1)  0.000
  37 S   0.99999 0.00001 ( 1)  0.000
  38 T   0.99999 0.00001 ( 1)  0.000
  39 E   0.99999 0.00001 ( 1)  0.000
  40 V   0.99999 0.00001 ( 1)  0.000
  41 L   0.99999 0.00001 ( 1)  0.000
  42 C   0.99999 0.00001 ( 1)  0.000
  43 H   0.99999 0.00001 ( 1)  0.000
  44 M   0.99999 0.00001 ( 1)  0.000
  45 M   0.99999 0.00001 ( 1)  0.000
  46 P   0.99999 0.00001 ( 1)  0.000
  47 F   0.99999 0.00001 ( 1)  0.000
  48 Y   0.99999 0.00001 ( 1)  0.000
  49 S   0.99999 0.00001 ( 1)  0.000
  50 Y   0.99999 0.00001 ( 1)  0.000
  51 D   0.99999 0.00001 ( 1)  0.000
  52 A   0.99999 0.00001 ( 1)  0.000
  53 P   0.99999 0.00001 ( 1)  0.000
  54 H   0.99999 0.00001 ( 1)  0.000
  55 S   0.99999 0.00001 ( 1)  0.000
  56 C   0.99999 0.00001 ( 1)  0.000
  57 G   0.99999 0.00001 ( 1)  0.000
  58 P   0.99999 0.00001 ( 1)  0.000
  59 D   0.99999 0.00001 ( 1)  0.000
  60 P   0.99999 0.00001 ( 1)  0.000
  61 A   0.99999 0.00001 ( 1)  0.000
  62 V   0.99999 0.00001 ( 1)  0.000
  63 C   0.99999 0.00001 ( 1)  0.000
  64 C   0.99999 0.00001 ( 1)  0.000
  65 Q   0.99999 0.00001 ( 1)  0.000
  66 F   0.99999 0.00001 ( 1)  0.000
  67 D   0.99999 0.00001 ( 1)  0.000
  68 F   0.99999 0.00001 ( 1)  0.000
  69 A   0.99999 0.00001 ( 1)  0.000
  70 R   0.99999 0.00001 ( 1)  0.000
  71 L   0.99999 0.00001 ( 1)  0.000
  72 K   0.99999 0.00001 ( 1)  0.000
  73 N   0.99999 0.00001 ( 1)  0.000
  74 Y   0.99999 0.00001 ( 1)  0.000
  75 H   0.99999 0.00001 ( 1)  0.000
  76 C   0.99999 0.00001 ( 1)  0.000
  77 P   0.99999 0.00001 ( 1)  0.000
  78 W   0.99999 0.00001 ( 1)  0.000
  79 G   0.99999 0.00001 ( 1)  0.000
  80 Q   0.99999 0.00001 ( 1)  0.000
  81 Q   0.99999 0.00001 ( 1)  0.000
  82 P   0.99999 0.00001 ( 1)  0.000
  83 V   0.99999 0.00001 ( 1)  0.000
  84 P   0.99999 0.00001 ( 1)  0.000
  85 I   0.99999 0.00001 ( 1)  0.000
  86 T   0.99999 0.00001 ( 1)  0.000
  87 N   0.99999 0.00001 ( 1)  0.000
  88 D   0.99999 0.00001 ( 1)  0.000
  89 N   0.99999 0.00001 ( 1)  0.000
  90 V   0.99999 0.00001 ( 1)  0.000
  91 A   0.99999 0.00001 ( 1)  0.000
  92 S   0.99999 0.00001 ( 1)  0.000


lnL =  -397.332409

