Supplemental results for CODEML (seqf: algn  treef: tree)


dN/dS (w) for site classes (K=8)

p:   0.12500  0.12500  0.12500  0.12500  0.12500  0.12500  0.12500  0.12500
w:   0.04711  0.13075  0.21448  0.30199  0.39620  0.50130  0.62561  0.79644

Naive Empirical Bayes (NEB) probabilities for 8 classes & postmean_w
(amino acids refer to 1st sequence: Msl.38268)

   1 M   0.12516 0.12512 0.12508 0.12504 0.12499 0.12494 0.12488 0.12479 ( 1)  0.377
   2 M   0.12516 0.12512 0.12508 0.12504 0.12499 0.12494 0.12488 0.12479 ( 1)  0.377
   3 P   0.12516 0.12512 0.12508 0.12504 0.12499 0.12494 0.12488 0.12480 ( 1)  0.377
   4 R   0.12506 0.12505 0.12503 0.12501 0.12500 0.12498 0.12495 0.12492 ( 1)  0.377
   5 Q   0.12511 0.12508 0.12505 0.12502 0.12499 0.12496 0.12492 0.12487 ( 1)  0.377
   6 Q   0.12511 0.12508 0.12505 0.12502 0.12499 0.12496 0.12492 0.12487 ( 1)  0.377
   7 S   0.12506 0.12504 0.12503 0.12501 0.12500 0.12498 0.12496 0.12493 ( 1)  0.377
   8 M   0.12516 0.12512 0.12508 0.12504 0.12499 0.12494 0.12488 0.12479 ( 1)  0.377
   9 L   0.12506 0.12505 0.12503 0.12501 0.12500 0.12498 0.12495 0.12492 ( 1)  0.377
  10 A   0.12515 0.12511 0.12507 0.12503 0.12499 0.12494 0.12489 0.12481 ( 1)  0.377
  11 N   0.12513 0.12509 0.12506 0.12503 0.12499 0.12495 0.12490 0.12484 ( 1)  0.377
  12 K   0.01565 0.04342 0.07121 0.10024 0.13149 0.16634 0.20754 0.26411 ( 8)  0.528
  13 Q   0.12511 0.12508 0.12505 0.12502 0.12499 0.12496 0.12492 0.12487 ( 1)  0.377
  14 H   0.12519 0.12514 0.12509 0.12504 0.12499 0.12493 0.12485 0.12475 ( 1)  0.376
  15 S   0.12514 0.12510 0.12507 0.12503 0.12499 0.12495 0.12490 0.12482 ( 1)  0.377
  16 L   0.12512 0.12509 0.12506 0.12503 0.12499 0.12495 0.12491 0.12485 ( 1)  0.377
  17 Q   0.12516 0.12512 0.12508 0.12504 0.12499 0.12494 0.12488 0.12480 ( 1)  0.377
  18 S   0.12512 0.12509 0.12506 0.12503 0.12499 0.12495 0.12491 0.12484 ( 1)  0.377
  19 A   0.12508 0.12506 0.12504 0.12502 0.12500 0.12497 0.12494 0.12490 ( 1)  0.377
  20 A   0.12512 0.12509 0.12506 0.12503 0.12499 0.12495 0.12491 0.12484 ( 1)  0.377
  21 C   0.12511 0.12508 0.12505 0.12502 0.12499 0.12496 0.12492 0.12486 ( 1)  0.377
  22 L   0.12506 0.12505 0.12503 0.12501 0.12500 0.12498 0.12495 0.12492 ( 1)  0.377
  23 I   0.12511 0.12509 0.12506 0.12503 0.12499 0.12496 0.12491 0.12485 ( 1)  0.377
  24 E   0.12512 0.12509 0.12506 0.12503 0.12499 0.12495 0.12491 0.12484 ( 1)  0.377
  25 D   0.12516 0.12512 0.12508 0.12504 0.12499 0.12494 0.12488 0.12479 ( 1)  0.377
  26 A   0.12517 0.12513 0.12508 0.12504 0.12499 0.12494 0.12487 0.12479 ( 1)  0.377
  27 N   0.12516 0.12512 0.12508 0.12504 0.12499 0.12494 0.12488 0.12479 ( 1)  0.377
  28 Y   0.12515 0.12511 0.12507 0.12503 0.12499 0.12494 0.12489 0.12481 ( 1)  0.377
  29 L   0.12512 0.12509 0.12506 0.12503 0.12499 0.12495 0.12491 0.12485 ( 1)  0.377
  30 P   0.12508 0.12506 0.12504 0.12502 0.12500 0.12497 0.12494 0.12490 ( 1)  0.377
  31 A   0.12512 0.12509 0.12506 0.12503 0.12499 0.12495 0.12491 0.12484 ( 1)  0.377
  32 G   0.12516 0.12512 0.12508 0.12504 0.12499 0.12494 0.12488 0.12480 ( 1)  0.377
  33 Q   0.12516 0.12512 0.12508 0.12504 0.12499 0.12494 0.12488 0.12480 ( 1)  0.377
  34 P   0.12516 0.12512 0.12508 0.12504 0.12499 0.12494 0.12488 0.12480 ( 1)  0.377
  35 P   0.12508 0.12506 0.12504 0.12502 0.12500 0.12497 0.12494 0.12490 ( 1)  0.377
  36 V   0.12517 0.12512 0.12508 0.12504 0.12499 0.12494 0.12487 0.12479 ( 1)  0.377
  37 N   0.12513 0.12509 0.12506 0.12503 0.12499 0.12495 0.12490 0.12484 ( 1)  0.377
  38 G   0.12516 0.12512 0.12508 0.12504 0.12499 0.12494 0.12488 0.12480 ( 1)  0.377
  39 Q   0.12516 0.12512 0.12508 0.12504 0.12499 0.12494 0.12488 0.12480 ( 1)  0.377
  40 L   0.12506 0.12505 0.12503 0.12501 0.12500 0.12498 0.12495 0.12492 ( 1)  0.377
  41 F   0.12517 0.12512 0.12508 0.12504 0.12499 0.12494 0.12487 0.12479 ( 1)  0.377
  42 Y   0.12511 0.12508 0.12505 0.12502 0.12499 0.12496 0.12492 0.12486 ( 1)  0.377
  43 N   0.12516 0.12512 0.12508 0.12504 0.12499 0.12494 0.12488 0.12479 ( 1)  0.377
  44 Q   0.12516 0.12512 0.12508 0.12504 0.12499 0.12494 0.12488 0.12480 ( 1)  0.377
  45 S   0.12512 0.12509 0.12506 0.12503 0.12499 0.12495 0.12491 0.12484 ( 1)  0.377
  46 D   0.12516 0.12512 0.12508 0.12504 0.12499 0.12494 0.12488 0.12479 ( 1)  0.377
  47 M   0.12516 0.12512 0.12508 0.12504 0.12499 0.12494 0.12488 0.12479 ( 1)  0.377
  48 R   0.12515 0.12511 0.12507 0.12503 0.12499 0.12494 0.12489 0.12481 ( 1)  0.377
  49 L   0.12506 0.12505 0.12503 0.12501 0.12500 0.12498 0.12495 0.12492 ( 1)  0.377
  50 V   0.12512 0.12509 0.12506 0.12503 0.12499 0.12495 0.12491 0.12484 ( 1)  0.377
  51 F   0.12517 0.12512 0.12508 0.12504 0.12499 0.12494 0.12487 0.12479 ( 1)  0.377
  52 T   0.12511 0.12508 0.12505 0.12502 0.12499 0.12496 0.12492 0.12486 ( 1)  0.377
  53 G   0.12516 0.12512 0.12508 0.12504 0.12499 0.12494 0.12488 0.12480 ( 1)  0.377
  54 S   0.12515 0.12511 0.12507 0.12503 0.12499 0.12494 0.12489 0.12481 ( 1)  0.377
  55 G   0.12507 0.12505 0.12504 0.12502 0.12500 0.12497 0.12495 0.12491 ( 1)  0.377
  56 E   0.12512 0.12509 0.12506 0.12503 0.12499 0.12495 0.12491 0.12484 ( 1)  0.377
  57 F   0.12513 0.12510 0.12506 0.12503 0.12499 0.12495 0.12490 0.12484 ( 1)  0.377
  58 L   0.12511 0.12508 0.12505 0.12502 0.12499 0.12496 0.12492 0.12486 ( 1)  0.377
  59 A   0.12517 0.12513 0.12508 0.12504 0.12499 0.12494 0.12487 0.12479 ( 1)  0.377
  60 F   0.12517 0.12512 0.12508 0.12504 0.12499 0.12494 0.12487 0.12479 ( 1)  0.377
  61 P   0.12508 0.12506 0.12504 0.12502 0.12500 0.12497 0.12494 0.12490 ( 1)  0.377
  62 L   0.12511 0.12508 0.12505 0.12502 0.12499 0.12496 0.12492 0.12486 ( 1)  0.377
  63 Q   0.12511 0.12508 0.12505 0.12502 0.12499 0.12496 0.12492 0.12487 ( 1)  0.377
  64 L   0.12511 0.12508 0.12505 0.12502 0.12499 0.12496 0.12492 0.12486 ( 1)  0.377
  65 V   0.12515 0.12512 0.12508 0.12504 0.12499 0.12494 0.12488 0.12480 ( 1)  0.377
  66 L   0.12512 0.12509 0.12506 0.12503 0.12499 0.12496 0.12491 0.12485 ( 1)  0.377
  67 E   0.12512 0.12509 0.12506 0.12503 0.12499 0.12495 0.12491 0.12484 ( 1)  0.377
  68 V   0.12512 0.12509 0.12506 0.12503 0.12499 0.12495 0.12491 0.12484 ( 1)  0.377
  69 D   0.12521 0.12515 0.12510 0.12505 0.12499 0.12492 0.12484 0.12474 ( 1)  0.376
  70 L   0.12506 0.12505 0.12503 0.12501 0.12500 0.12498 0.12495 0.12492 ( 1)  0.377
  71 L   0.12512 0.12509 0.12506 0.12503 0.12499 0.12495 0.12491 0.12485 ( 1)  0.377
  72 A   0.12517 0.12513 0.12508 0.12504 0.12499 0.12494 0.12487 0.12479 ( 1)  0.377
  73 R   0.12506 0.12505 0.12503 0.12501 0.12500 0.12498 0.12495 0.12492 ( 1)  0.377
  74 S   0.12511 0.12508 0.12505 0.12502 0.12499 0.12496 0.12492 0.12486 ( 1)  0.377
  75 V   0.12512 0.12509 0.12506 0.12503 0.12499 0.12495 0.12491 0.12484 ( 1)  0.377
  76 G   0.12516 0.12512 0.12508 0.12504 0.12499 0.12494 0.12488 0.12480 ( 1)  0.377
  77 S   0.12515 0.12511 0.12507 0.12503 0.12499 0.12494 0.12489 0.12481 ( 1)  0.377
  78 G   0.12507 0.12505 0.12504 0.12502 0.12500 0.12497 0.12495 0.12491 ( 1)  0.377
  79 S   0.12512 0.12509 0.12506 0.12503 0.12499 0.12495 0.12491 0.12484 ( 1)  0.377
  80 S   0.12511 0.12508 0.12505 0.12502 0.12499 0.12496 0.12492 0.12486 ( 1)  0.377
  81 I   0.12511 0.12509 0.12506 0.12503 0.12499 0.12496 0.12491 0.12485 ( 1)  0.377
  82 S   0.12511 0.12508 0.12505 0.12502 0.12499 0.12496 0.12492 0.12487 ( 1)  0.377
  83 S   0.12515 0.12511 0.12507 0.12503 0.12499 0.12494 0.12489 0.12481 ( 1)  0.377
  84 T   0.12511 0.12508 0.12505 0.12502 0.12499 0.12496 0.12492 0.12486 ( 1)  0.377
  85 S   0.12515 0.12511 0.12507 0.12503 0.12499 0.12494 0.12489 0.12481 ( 1)  0.377
  86 L   0.12512 0.12509 0.12506 0.12503 0.12499 0.12495 0.12491 0.12485 ( 1)  0.377
  87 A   0.12517 0.12513 0.12508 0.12504 0.12499 0.12494 0.12487 0.12479 ( 1)  0.377
  88 S   0.12515 0.12511 0.12507 0.12503 0.12499 0.12494 0.12489 0.12481 ( 1)  0.377
  89 A   0.12512 0.12509 0.12506 0.12503 0.12499 0.12495 0.12491 0.12484 ( 1)  0.377
  90 A   0.12517 0.12513 0.12508 0.12504 0.12499 0.12494 0.12487 0.12479 ( 1)  0.377
  91 A   0.12517 0.12513 0.12508 0.12504 0.12499 0.12494 0.12487 0.12479 ( 1)  0.377
  92 A   0.12517 0.12513 0.12508 0.12504 0.12499 0.12494 0.12487 0.12479 ( 1)  0.377
  93 A   0.12508 0.12506 0.12504 0.12502 0.12500 0.12497 0.12494 0.12490 ( 1)  0.377
  94 V   0.12512 0.12509 0.12506 0.12503 0.12499 0.12495 0.12491 0.12484 ( 1)  0.377
  95 V   0.12517 0.12512 0.12508 0.12504 0.12499 0.12494 0.12487 0.12479 ( 1)  0.377
  96 G   0.12516 0.12512 0.12508 0.12504 0.12499 0.12494 0.12488 0.12480 ( 1)  0.377
  97 S   0.12512 0.12509 0.12506 0.12503 0.12499 0.12495 0.12491 0.12484 ( 1)  0.377
  98 P   0.12508 0.12506 0.12504 0.12502 0.12500 0.12497 0.12494 0.12490 ( 1)  0.377
  99 S   0.12515 0.12511 0.12507 0.12503 0.12499 0.12494 0.12489 0.12481 ( 1)  0.377
 100 P   0.12515 0.12511 0.12507 0.12503 0.12499 0.12494 0.12489 0.12481 ( 1)  0.377
 101 S   0.12511 0.12508 0.12505 0.12502 0.12499 0.12496 0.12492 0.12486 ( 1)  0.377
 102 S   0.12512 0.12509 0.12506 0.12503 0.12499 0.12495 0.12491 0.12484 ( 1)  0.377
 103 M   0.12516 0.12512 0.12508 0.12504 0.12499 0.12494 0.12488 0.12479 ( 1)  0.377
 104 S   0.12512 0.12509 0.12506 0.12503 0.12499 0.12495 0.12491 0.12484 ( 1)  0.377
 105 S   0.12515 0.12511 0.12507 0.12503 0.12499 0.12494 0.12489 0.12481 ( 1)  0.377
 106 A   0.12512 0.12509 0.12506 0.12503 0.12499 0.12495 0.12491 0.12484 ( 1)  0.377
 107 S   0.12506 0.12504 0.12503 0.12501 0.12500 0.12498 0.12496 0.12493 ( 1)  0.377
 108 S   0.12506 0.12504 0.12503 0.12501 0.12500 0.12498 0.12496 0.12493 ( 1)  0.377
 109 T   0.12514 0.12510 0.12507 0.12503 0.12499 0.12495 0.12490 0.12483 ( 1)  0.377
 110 T   0.12511 0.12508 0.12505 0.12502 0.12499 0.12496 0.12492 0.12486 ( 1)  0.377
 111 N   0.12516 0.12512 0.12508 0.12504 0.12499 0.12494 0.12488 0.12479 ( 1)  0.377
 112 S   0.12506 0.12504 0.12503 0.12501 0.12500 0.12498 0.12496 0.12493 ( 1)  0.377
 113 G   0.12516 0.12512 0.12508 0.12504 0.12499 0.12494 0.12488 0.12480 ( 1)  0.377
 114 A   0.12517 0.12513 0.12508 0.12504 0.12499 0.12494 0.12487 0.12479 ( 1)  0.377
 115 A   0.12508 0.12506 0.12504 0.12502 0.12500 0.12497 0.12494 0.12490 ( 1)  0.377
 116 G   0.12507 0.12505 0.12504 0.12502 0.12500 0.12497 0.12495 0.12491 ( 1)  0.377
 117 N   0.12513 0.12509 0.12506 0.12503 0.12499 0.12495 0.12490 0.12484 ( 1)  0.377
 118 L   0.12512 0.12509 0.12506 0.12503 0.12499 0.12495 0.12491 0.12485 ( 1)  0.377
 119 Q   0.12516 0.12512 0.12508 0.12504 0.12499 0.12494 0.12488 0.12480 ( 1)  0.377
 120 A   0.12512 0.12509 0.12506 0.12503 0.12499 0.12495 0.12491 0.12484 ( 1)  0.377
 121 R   0.12506 0.12504 0.12503 0.12501 0.12500 0.12498 0.12496 0.12493 ( 1)  0.377
 122 V   0.12515 0.12512 0.12508 0.12504 0.12499 0.12494 0.12488 0.12480 ( 1)  0.377
 123 G   0.12507 0.12505 0.12504 0.12502 0.12500 0.12497 0.12495 0.12491 ( 1)  0.377
 124 L   0.12512 0.12509 0.12506 0.12503 0.12499 0.12495 0.12491 0.12485 ( 1)  0.377
 125 S   0.12511 0.12508 0.12505 0.12502 0.12499 0.12496 0.12492 0.12486 ( 1)  0.377
 126 V   0.12512 0.12509 0.12506 0.12503 0.12499 0.12495 0.12491 0.12484 ( 1)  0.377
 127 R   0.12506 0.12504 0.12503 0.12501 0.12500 0.12498 0.12496 0.12493 ( 1)  0.377
 128 L   0.12511 0.12508 0.12505 0.12502 0.12499 0.12496 0.12492 0.12486 ( 1)  0.377
 129 K   0.12509 0.12507 0.12504 0.12502 0.12499 0.12497 0.12493 0.12489 ( 1)  0.377
 130 L   0.12512 0.12509 0.12506 0.12503 0.12499 0.12495 0.12491 0.12485 ( 1)  0.377
 131 S   0.12512 0.12509 0.12506 0.12503 0.12499 0.12495 0.12491 0.12484 ( 1)  0.377
 132 Q   0.12516 0.12512 0.12508 0.12504 0.12499 0.12494 0.12488 0.12480 ( 1)  0.377
 133 S   0.12511 0.12508 0.12505 0.12502 0.12499 0.12496 0.12492 0.12486 ( 1)  0.377
 134 V   0.12515 0.12512 0.12508 0.12504 0.12499 0.12494 0.12488 0.12480 ( 1)  0.377
 135 F   0.12517 0.12512 0.12508 0.12504 0.12499 0.12494 0.12487 0.12479 ( 1)  0.377
 136 A   0.12517 0.12513 0.12508 0.12504 0.12499 0.12494 0.12487 0.12479 ( 1)  0.377
 137 F   0.12513 0.12510 0.12506 0.12503 0.12499 0.12495 0.12490 0.12484 ( 1)  0.377
 138 D   0.12516 0.12512 0.12508 0.12504 0.12499 0.12494 0.12488 0.12479 ( 1)  0.377
 139 V   0.12508 0.12506 0.12504 0.12502 0.12500 0.12497 0.12494 0.12490 ( 1)  0.377
 140 P   0.12515 0.12511 0.12507 0.12503 0.12499 0.12494 0.12489 0.12481 ( 1)  0.377
 141 G   0.12507 0.12505 0.12504 0.12502 0.12500 0.12497 0.12495 0.12491 ( 1)  0.377
 142 G   0.12512 0.12509 0.12506 0.12503 0.12499 0.12496 0.12491 0.12485 ( 1)  0.377
 143 R   0.12515 0.12511 0.12507 0.12503 0.12499 0.12494 0.12489 0.12481 ( 1)  0.377
 144 C   0.12514 0.12511 0.12507 0.12503 0.12499 0.12495 0.12489 0.12482 ( 1)  0.377
 145 A   0.12512 0.12509 0.12506 0.12503 0.12499 0.12495 0.12491 0.12484 ( 1)  0.377
 146 E   0.12519 0.12514 0.12509 0.12504 0.12499 0.12493 0.12486 0.12476 ( 1)  0.376
 147 Q   0.12516 0.12512 0.12508 0.12504 0.12499 0.12494 0.12488 0.12480 ( 1)  0.377
 148 A   0.12512 0.12509 0.12506 0.12503 0.12499 0.12495 0.12491 0.12484 ( 1)  0.377
 149 A   0.12517 0.12513 0.12508 0.12504 0.12499 0.12494 0.12487 0.12479 ( 1)  0.377
 150 Q   0.12516 0.12512 0.12508 0.12504 0.12499 0.12494 0.12488 0.12480 ( 1)  0.377
 151 L   0.12516 0.12512 0.12508 0.12504 0.12499 0.12494 0.12488 0.12480 ( 1)  0.377
 152 T   0.12507 0.12505 0.12504 0.12502 0.12500 0.12497 0.12495 0.12491 ( 1)  0.377
 153 A   0.12516 0.12512 0.12508 0.12504 0.12499 0.12494 0.12488 0.12480 ( 1)  0.377
 154 L   0.12511 0.12508 0.12505 0.12502 0.12499 0.12496 0.12492 0.12486 ( 1)  0.377
 155 I   0.12511 0.12509 0.12506 0.12503 0.12499 0.12496 0.12491 0.12485 ( 1)  0.377
 156 A   0.12517 0.12513 0.12508 0.12504 0.12499 0.12494 0.12487 0.12479 ( 1)  0.377
 157 S   0.12515 0.12511 0.12507 0.12503 0.12499 0.12494 0.12489 0.12481 ( 1)  0.377
 158 E   0.12512 0.12509 0.12506 0.12503 0.12499 0.12495 0.12491 0.12484 ( 1)  0.377
 159 R   0.12513 0.12509 0.12506 0.12503 0.12499 0.12495 0.12490 0.12484 ( 1)  0.377
 160 K   0.12509 0.12507 0.12504 0.12502 0.12499 0.12497 0.12493 0.12489 ( 1)  0.377
 161 R   0.12515 0.12511 0.12507 0.12503 0.12499 0.12494 0.12489 0.12481 ( 1)  0.377
 162 L   0.12512 0.12509 0.12506 0.12503 0.12499 0.12495 0.12491 0.12485 ( 1)  0.377
 163 L   0.12512 0.12509 0.12506 0.12503 0.12499 0.12495 0.12491 0.12485 ( 1)  0.377
 164 P   0.12508 0.12506 0.12504 0.12502 0.12500 0.12497 0.12494 0.12490 ( 1)  0.377
 165 G   0.12516 0.12512 0.12508 0.12504 0.12499 0.12494 0.12488 0.12480 ( 1)  0.377
 166 S   0.12511 0.12508 0.12505 0.12502 0.12499 0.12496 0.12492 0.12487 ( 1)  0.377
 167 L   0.12512 0.12509 0.12506 0.12503 0.12499 0.12495 0.12491 0.12485 ( 1)  0.377
 168 Q   0.12511 0.12508 0.12505 0.12502 0.12499 0.12496 0.12492 0.12487 ( 1)  0.377
 169 Q   0.12516 0.12512 0.12508 0.12504 0.12499 0.12494 0.12488 0.12480 ( 1)  0.377
 170 L   0.12511 0.12508 0.12505 0.12502 0.12499 0.12496 0.12492 0.12486 ( 1)  0.377
 171 L   0.12506 0.12505 0.12503 0.12501 0.12500 0.12498 0.12495 0.12492 ( 1)  0.377
 172 D   0.12521 0.12515 0.12510 0.12505 0.12499 0.12492 0.12484 0.12474 ( 1)  0.376
 173 N   0.12513 0.12509 0.12506 0.12503 0.12499 0.12495 0.12490 0.12484 ( 1)  0.377
 174 F   0.12513 0.12510 0.12506 0.12503 0.12499 0.12495 0.12490 0.12484 ( 1)  0.377
 175 P   0.12512 0.12509 0.12506 0.12503 0.12499 0.12496 0.12491 0.12485 ( 1)  0.377
 176 T   0.12511 0.12508 0.12505 0.12502 0.12499 0.12496 0.12492 0.12486 ( 1)  0.377
 177 Q   0.12511 0.12508 0.12505 0.12502 0.12499 0.12496 0.12492 0.12487 ( 1)  0.377
 178 A   0.12512 0.12509 0.12506 0.12503 0.12499 0.12495 0.12491 0.12484 ( 1)  0.377
 179 P   0.12508 0.12506 0.12504 0.12502 0.12500 0.12497 0.12494 0.12490 ( 1)  0.377
 180 T   0.12511 0.12508 0.12505 0.12502 0.12499 0.12496 0.12492 0.12486 ( 1)  0.377
 181 Q   0.12511 0.12508 0.12505 0.12502 0.12499 0.12496 0.12492 0.12487 ( 1)  0.377
 182 G   0.12507 0.12505 0.12504 0.12502 0.12500 0.12497 0.12495 0.12491 ( 1)  0.377
 183 P   0.12515 0.12511 0.12507 0.12503 0.12499 0.12494 0.12489 0.12481 ( 1)  0.377
 184 S   0.12511 0.12508 0.12505 0.12502 0.12499 0.12496 0.12492 0.12486 ( 1)  0.377
 185 P   0.12516 0.12512 0.12508 0.12504 0.12499 0.12494 0.12488 0.12480 ( 1)  0.377
 186 S   0.12514 0.12510 0.12507 0.12503 0.12499 0.12495 0.12490 0.12482 ( 1)  0.377
 187 G   0.12516 0.12512 0.12508 0.12504 0.12499 0.12494 0.12488 0.12480 ( 1)  0.377
 188 L   0.12512 0.12509 0.12506 0.12503 0.12499 0.12495 0.12491 0.12485 ( 1)  0.377
 189 L   0.12516 0.12512 0.12508 0.12504 0.12499 0.12494 0.12488 0.12480 ( 1)  0.377
 190 Y   0.12515 0.12511 0.12507 0.12503 0.12499 0.12494 0.12489 0.12481 ( 1)  0.377
 191 K   0.12509 0.12507 0.12504 0.12502 0.12499 0.12497 0.12493 0.12489 ( 1)  0.377
 192 F   0.12517 0.12512 0.12508 0.12504 0.12499 0.12494 0.12487 0.12479 ( 1)  0.377
 193 S   0.12511 0.12508 0.12505 0.12502 0.12499 0.12496 0.12492 0.12487 ( 1)  0.377
 194 L   0.12506 0.12505 0.12503 0.12501 0.12500 0.12498 0.12495 0.12492 ( 1)  0.377
 195 E   0.12519 0.12514 0.12509 0.12504 0.12499 0.12493 0.12486 0.12476 ( 1)  0.376
 196 A   0.12517 0.12513 0.12508 0.12504 0.12499 0.12494 0.12487 0.12479 ( 1)  0.377
 197 E   0.12512 0.12509 0.12506 0.12503 0.12499 0.12495 0.12491 0.12484 ( 1)  0.377
 198 F   0.12517 0.12512 0.12508 0.12504 0.12499 0.12494 0.12487 0.12479 ( 1)  0.377
 199 I   0.12511 0.12509 0.12506 0.12503 0.12499 0.12496 0.12491 0.12485 ( 1)  0.377
 200 R   0.12515 0.12511 0.12507 0.12503 0.12499 0.12494 0.12489 0.12481 ( 1)  0.377
 201 Q   0.12511 0.12508 0.12505 0.12502 0.12499 0.12496 0.12492 0.12487 ( 1)  0.377
 202 G   0.12516 0.12512 0.12508 0.12504 0.12499 0.12494 0.12488 0.12480 ( 1)  0.377
 203 A   0.12512 0.12509 0.12506 0.12503 0.12499 0.12495 0.12491 0.12484 ( 1)  0.377
 204 V   0.12512 0.12509 0.12506 0.12503 0.12499 0.12495 0.12491 0.12484 ( 1)  0.377
 205 N   0.12516 0.12512 0.12508 0.12504 0.12499 0.12494 0.12488 0.12479 ( 1)  0.377
 206 N   0.12513 0.12509 0.12506 0.12503 0.12499 0.12495 0.12490 0.12484 ( 1)  0.377
 207 P   0.12516 0.12512 0.12508 0.12504 0.12499 0.12494 0.12488 0.12480 ( 1)  0.377
 208 N   0.12513 0.12509 0.12506 0.12503 0.12499 0.12495 0.12490 0.12484 ( 1)  0.377
 209 W   0.12511 0.12508 0.12506 0.12503 0.12499 0.12496 0.12491 0.12486 ( 1)  0.377
 210 R   0.12515 0.12511 0.12507 0.12503 0.12499 0.12494 0.12489 0.12481 ( 1)  0.377
 211 L   0.12512 0.12509 0.12506 0.12503 0.12499 0.12495 0.12491 0.12485 ( 1)  0.377
 212 W   0.12511 0.12508 0.12506 0.12503 0.12499 0.12496 0.12491 0.12486 ( 1)  0.377
 213 T   0.12515 0.12511 0.12507 0.12503 0.12499 0.12494 0.12489 0.12481 ( 1)  0.377
 214 A   0.12512 0.12509 0.12506 0.12503 0.12499 0.12495 0.12491 0.12484 ( 1)  0.377
 215 N   0.12513 0.12509 0.12506 0.12503 0.12499 0.12495 0.12490 0.12484 ( 1)  0.377
 216 E   0.12512 0.12509 0.12506 0.12503 0.12499 0.12495 0.12491 0.12484 ( 1)  0.377
 217 D   0.12516 0.12512 0.12508 0.12504 0.12499 0.12494 0.12488 0.12479 ( 1)  0.377
 218 Y   0.12511 0.12508 0.12505 0.12502 0.12499 0.12496 0.12492 0.12486 ( 1)  0.377
 219 A   0.12508 0.12506 0.12504 0.12502 0.12500 0.12497 0.12494 0.12490 ( 1)  0.377
 220 V   0.12515 0.12512 0.12508 0.12504 0.12499 0.12494 0.12488 0.12480 ( 1)  0.377
 221 C   0.12514 0.12511 0.12507 0.12503 0.12499 0.12495 0.12489 0.12482 ( 1)  0.377
 222 D   0.12521 0.12515 0.12510 0.12505 0.12499 0.12492 0.12484 0.12474 ( 1)  0.376
 223 T   0.12515 0.12511 0.12507 0.12503 0.12499 0.12494 0.12489 0.12481 ( 1)  0.377
 224 Y   0.12511 0.12508 0.12505 0.12502 0.12499 0.12496 0.12492 0.12486 ( 1)  0.377
 225 P   0.12516 0.12512 0.12508 0.12504 0.12499 0.12494 0.12488 0.12480 ( 1)  0.377
 226 R   0.12512 0.12509 0.12506 0.12503 0.12499 0.12496 0.12491 0.12485 ( 1)  0.377
 227 L   0.12512 0.12509 0.12506 0.12503 0.12499 0.12495 0.12491 0.12485 ( 1)  0.377
 228 L   0.12506 0.12505 0.12503 0.12501 0.12500 0.12498 0.12495 0.12492 ( 1)  0.377
 229 Y   0.12511 0.12508 0.12505 0.12502 0.12499 0.12496 0.12492 0.12486 ( 1)  0.377
 230 V   0.12515 0.12512 0.12508 0.12504 0.12499 0.12494 0.12488 0.12480 ( 1)  0.377
 231 P   0.12516 0.12512 0.12508 0.12504 0.12499 0.12494 0.12488 0.12480 ( 1)  0.377
 232 A   0.12512 0.12509 0.12506 0.12503 0.12499 0.12495 0.12491 0.12484 ( 1)  0.377
 233 V   0.12515 0.12512 0.12508 0.12504 0.12499 0.12494 0.12488 0.12480 ( 1)  0.377
 234 V   0.12508 0.12506 0.12504 0.12502 0.12500 0.12497 0.12494 0.12490 ( 1)  0.377
 235 P   0.12516 0.12512 0.12508 0.12504 0.12499 0.12494 0.12488 0.12480 ( 1)  0.377
 236 D   0.12516 0.12512 0.12508 0.12504 0.12499 0.12494 0.12488 0.12479 ( 1)  0.377
 237 Q   0.12516 0.12512 0.12508 0.12504 0.12499 0.12494 0.12488 0.12480 ( 1)  0.377
 238 V   0.12515 0.12512 0.12508 0.12504 0.12499 0.12494 0.12488 0.12480 ( 1)  0.377
 239 L   0.12506 0.12505 0.12503 0.12501 0.12500 0.12498 0.12495 0.12492 ( 1)  0.377
 240 L   0.12512 0.12509 0.12506 0.12503 0.12499 0.12495 0.12491 0.12485 ( 1)  0.377
 241 E   0.12512 0.12509 0.12506 0.12503 0.12499 0.12495 0.12491 0.12484 ( 1)  0.377
 242 C   0.12514 0.12511 0.12507 0.12503 0.12499 0.12495 0.12489 0.12482 ( 1)  0.377
 243 A   0.12517 0.12513 0.12508 0.12504 0.12499 0.12494 0.12487 0.12479 ( 1)  0.377
 244 K   0.12514 0.12511 0.12507 0.12503 0.12499 0.12495 0.12489 0.12482 ( 1)  0.377
 245 F   0.12513 0.12510 0.12506 0.12503 0.12499 0.12495 0.12490 0.12484 ( 1)  0.377
 246 R   0.12515 0.12511 0.12507 0.12503 0.12499 0.12494 0.12489 0.12481 ( 1)  0.377
 247 S   0.12514 0.12510 0.12507 0.12503 0.12499 0.12495 0.12490 0.12482 ( 1)  0.377
 248 R   0.12515 0.12511 0.12507 0.12503 0.12499 0.12494 0.12489 0.12481 ( 1)  0.377
 249 G   0.12512 0.12509 0.12506 0.12503 0.12499 0.12496 0.12491 0.12485 ( 1)  0.377
 250 R   0.12515 0.12511 0.12507 0.12503 0.12499 0.12494 0.12489 0.12481 ( 1)  0.377
 251 L   0.12506 0.12505 0.12503 0.12501 0.12500 0.12498 0.12495 0.12492 ( 1)  0.377
 252 P   0.12516 0.12512 0.12508 0.12504 0.12499 0.12494 0.12488 0.12480 ( 1)  0.377
 253 V   0.12515 0.12512 0.12508 0.12504 0.12499 0.12494 0.12488 0.12480 ( 1)  0.377
 254 L   0.12516 0.12512 0.12508 0.12504 0.12499 0.12494 0.12488 0.12480 ( 1)  0.377
 255 T   0.12515 0.12511 0.12507 0.12503 0.12499 0.12494 0.12489 0.12481 ( 1)  0.377
 256 Y   0.12515 0.12511 0.12507 0.12503 0.12499 0.12494 0.12489 0.12481 ( 1)  0.377
 257 L   0.12512 0.12509 0.12506 0.12503 0.12499 0.12495 0.12491 0.12485 ( 1)  0.377
 258 Y   0.12515 0.12511 0.12507 0.12503 0.12499 0.12494 0.12489 0.12481 ( 1)  0.377
 259 E   0.12519 0.12514 0.12509 0.12504 0.12499 0.12493 0.12486 0.12476 ( 1)  0.376
 260 T   0.12515 0.12511 0.12507 0.12503 0.12499 0.12494 0.12489 0.12481 ( 1)  0.377
 261 R   0.12515 0.12511 0.12507 0.12503 0.12499 0.12494 0.12489 0.12481 ( 1)  0.377
 262 Q   0.12511 0.12508 0.12505 0.12502 0.12499 0.12496 0.12492 0.12487 ( 1)  0.377
 263 S   0.12515 0.12511 0.12507 0.12503 0.12499 0.12494 0.12489 0.12481 ( 1)  0.377
 264 A   0.12508 0.12506 0.12504 0.12502 0.12500 0.12497 0.12494 0.12490 ( 1)  0.377
 265 L   0.12512 0.12509 0.12506 0.12503 0.12499 0.12495 0.12491 0.12485 ( 1)  0.377
 266 C   0.12514 0.12511 0.12507 0.12503 0.12499 0.12495 0.12489 0.12482 ( 1)  0.377
 267 R   0.12512 0.12509 0.12506 0.12503 0.12499 0.12496 0.12491 0.12485 ( 1)  0.377
 268 C   0.12514 0.12511 0.12507 0.12503 0.12499 0.12495 0.12489 0.12482 ( 1)  0.377
 269 S   0.12514 0.12510 0.12507 0.12503 0.12499 0.12495 0.12490 0.12482 ( 1)  0.377
 270 Q   0.12516 0.12512 0.12508 0.12504 0.12499 0.12494 0.12488 0.12480 ( 1)  0.377
 271 P   0.12512 0.12509 0.12506 0.12503 0.12499 0.12496 0.12491 0.12485 ( 1)  0.377
 272 L   0.12512 0.12509 0.12506 0.12503 0.12499 0.12495 0.12491 0.12485 ( 1)  0.377
 273 V   0.12517 0.12512 0.12508 0.12504 0.12499 0.12494 0.12487 0.12479 ( 1)  0.377
 274 G   0.12515 0.12511 0.12507 0.12503 0.12499 0.12494 0.12489 0.12481 ( 1)  0.377
 275 L   0.12511 0.12508 0.12505 0.12502 0.12499 0.12496 0.12492 0.12486 ( 1)  0.377
 276 N   0.12513 0.12509 0.12506 0.12503 0.12499 0.12495 0.12490 0.12484 ( 1)  0.377
 277 A   0.12512 0.12509 0.12506 0.12503 0.12499 0.12495 0.12491 0.12484 ( 1)  0.377
 278 R   0.12515 0.12511 0.12507 0.12503 0.12499 0.12494 0.12489 0.12481 ( 1)  0.377
 279 S   0.12511 0.12508 0.12505 0.12502 0.12499 0.12496 0.12492 0.12487 ( 1)  0.377
 280 S   0.12512 0.12509 0.12506 0.12503 0.12499 0.12495 0.12491 0.12484 ( 1)  0.377
 281 S   0.12515 0.12511 0.12507 0.12503 0.12499 0.12494 0.12489 0.12481 ( 1)  0.377
 282 D   0.12516 0.12512 0.12508 0.12504 0.12499 0.12494 0.12488 0.12479 ( 1)  0.377
 283 E   0.12519 0.12514 0.12509 0.12504 0.12499 0.12493 0.12486 0.12476 ( 1)  0.376
 284 H   0.12519 0.12514 0.12509 0.12504 0.12499 0.12493 0.12485 0.12475 ( 1)  0.376
 285 V   0.12515 0.12512 0.12508 0.12504 0.12499 0.12494 0.12488 0.12480 ( 1)  0.377
 286 V   0.12517 0.12512 0.12508 0.12504 0.12499 0.12494 0.12487 0.12479 ( 1)  0.377
 287 Q   0.12511 0.12508 0.12505 0.12502 0.12499 0.12496 0.12492 0.12487 ( 1)  0.377
 288 A   0.12517 0.12513 0.12508 0.12504 0.12499 0.12494 0.12487 0.12479 ( 1)  0.377
 289 I   0.12509 0.12507 0.12504 0.12502 0.12499 0.12497 0.12493 0.12489 ( 1)  0.377
 290 S   0.12515 0.12511 0.12507 0.12503 0.12499 0.12494 0.12489 0.12481 ( 1)  0.377
 291 D   0.12516 0.12512 0.12508 0.12504 0.12499 0.12494 0.12488 0.12479 ( 1)  0.377
 292 A   0.12517 0.12513 0.12508 0.12504 0.12499 0.12494 0.12487 0.12479 ( 1)  0.377
 293 N   0.12516 0.12512 0.12508 0.12504 0.12499 0.12494 0.12488 0.12479 ( 1)  0.377
 294 P   0.12515 0.12511 0.12507 0.12503 0.12499 0.12494 0.12489 0.12481 ( 1)  0.377
 295 N   0.12513 0.12509 0.12506 0.12503 0.12499 0.12495 0.12490 0.12484 ( 1)  0.377
 296 A   0.12517 0.12513 0.12508 0.12504 0.12499 0.12494 0.12487 0.12479 ( 1)  0.377
 297 N   0.12516 0.12512 0.12508 0.12504 0.12499 0.12494 0.12488 0.12479 ( 1)  0.377
 298 A   0.12512 0.12509 0.12506 0.12503 0.12499 0.12495 0.12491 0.12484 ( 1)  0.377
 299 K   0.12514 0.12511 0.12507 0.12503 0.12499 0.12495 0.12489 0.12482 ( 1)  0.377
 300 R   0.12515 0.12511 0.12507 0.12503 0.12499 0.12494 0.12489 0.12481 ( 1)  0.377
 301 L   0.12516 0.12512 0.12508 0.12504 0.12499 0.12494 0.12488 0.12480 ( 1)  0.377
 302 Y   0.12511 0.12508 0.12505 0.12502 0.12499 0.12496 0.12492 0.12486 ( 1)  0.377
 303 I   0.12511 0.12509 0.12506 0.12503 0.12499 0.12496 0.12491 0.12485 ( 1)  0.377
 304 V   0.12515 0.12512 0.12508 0.12504 0.12499 0.12494 0.12488 0.12480 ( 1)  0.377
 305 D   0.12521 0.12515 0.12510 0.12505 0.12499 0.12492 0.12484 0.12474 ( 1)  0.376
 306 T   0.12514 0.12510 0.12507 0.12503 0.12499 0.12495 0.12490 0.12483 ( 1)  0.377
 307 R   0.12513 0.12509 0.12506 0.12503 0.12499 0.12495 0.12490 0.12484 ( 1)  0.377
 308 P   0.12516 0.12512 0.12508 0.12504 0.12499 0.12494 0.12488 0.12480 ( 1)  0.377
 309 M   0.12516 0.12512 0.12508 0.12504 0.12499 0.12494 0.12488 0.12479 ( 1)  0.377
 310 A   0.12517 0.12513 0.12508 0.12504 0.12499 0.12494 0.12487 0.12479 ( 1)  0.377
 311 N   0.12513 0.12509 0.12506 0.12503 0.12499 0.12495 0.12490 0.12484 ( 1)  0.377
 312 A   0.12516 0.12512 0.12508 0.12504 0.12499 0.12494 0.12488 0.12480 ( 1)  0.377
 313 I   0.12511 0.12509 0.12506 0.12503 0.12499 0.12496 0.12491 0.12485 ( 1)  0.377
 314 G   0.12516 0.12512 0.12508 0.12504 0.12499 0.12494 0.12488 0.12480 ( 1)  0.377
 315 N   0.12516 0.12512 0.12508 0.12504 0.12499 0.12494 0.12488 0.12479 ( 1)  0.377
 316 R   0.12513 0.12509 0.12506 0.12503 0.12499 0.12495 0.12490 0.12484 ( 1)  0.377
 317 A   0.12512 0.12509 0.12506 0.12503 0.12499 0.12495 0.12491 0.12484 ( 1)  0.377
 318 M   0.12516 0.12512 0.12508 0.12504 0.12499 0.12494 0.12488 0.12479 ( 1)  0.377
 319 G   0.12516 0.12512 0.12508 0.12504 0.12499 0.12494 0.12488 0.12480 ( 1)  0.377
 320 K   0.12514 0.12511 0.12507 0.12503 0.12499 0.12495 0.12489 0.12482 ( 1)  0.377
 321 G   0.12507 0.12505 0.12504 0.12502 0.12500 0.12497 0.12495 0.12491 ( 1)  0.377
 322 Y   0.12515 0.12511 0.12507 0.12503 0.12499 0.12494 0.12489 0.12481 ( 1)  0.377
 323 E   0.12512 0.12509 0.12506 0.12503 0.12499 0.12495 0.12491 0.12484 ( 1)  0.377
 324 L   0.12512 0.12509 0.12506 0.12503 0.12499 0.12495 0.12491 0.12485 ( 1)  0.377
 325 A   0.12517 0.12513 0.12508 0.12504 0.12499 0.12494 0.12487 0.12479 ( 1)  0.377
 326 D   0.12521 0.12515 0.12510 0.12505 0.12499 0.12492 0.12484 0.12474 ( 1)  0.376
 327 N   0.12516 0.12512 0.12508 0.12504 0.12499 0.12494 0.12488 0.12479 ( 1)  0.377
 328 Y   0.12511 0.12508 0.12505 0.12502 0.12499 0.12496 0.12492 0.12486 ( 1)  0.377
 329 K   0.12514 0.12511 0.12507 0.12503 0.12499 0.12495 0.12489 0.12482 ( 1)  0.377
 330 N   0.12513 0.12509 0.12506 0.12503 0.12499 0.12495 0.12490 0.12484 ( 1)  0.377
 331 V   0.12512 0.12509 0.12506 0.12503 0.12499 0.12495 0.12491 0.12484 ( 1)  0.377
 332 E   0.12519 0.12514 0.12509 0.12504 0.12499 0.12493 0.12486 0.12476 ( 1)  0.376
 333 V   0.12515 0.12512 0.12508 0.12504 0.12499 0.12494 0.12488 0.12480 ( 1)  0.377
 334 K   0.12514 0.12511 0.12507 0.12503 0.12499 0.12495 0.12489 0.12482 ( 1)  0.377
 335 F   0.12517 0.12512 0.12508 0.12504 0.12499 0.12494 0.12487 0.12479 ( 1)  0.377
 336 C   0.12514 0.12511 0.12507 0.12503 0.12499 0.12495 0.12489 0.12482 ( 1)  0.377
 337 Q   0.12511 0.12508 0.12505 0.12502 0.12499 0.12496 0.12492 0.12487 ( 1)  0.377
 338 I   0.12515 0.12511 0.12507 0.12503 0.12499 0.12494 0.12489 0.12481 ( 1)  0.377
 339 E   0.12519 0.12514 0.12509 0.12504 0.12499 0.12493 0.12486 0.12476 ( 1)  0.376
 340 N   0.12516 0.12512 0.12508 0.12504 0.12499 0.12494 0.12488 0.12479 ( 1)  0.377
 341 I   0.12515 0.12511 0.12507 0.12503 0.12499 0.12494 0.12489 0.12481 ( 1)  0.377
 342 H   0.12519 0.12514 0.12509 0.12504 0.12499 0.12493 0.12485 0.12475 ( 1)  0.376
 343 V   0.12515 0.12512 0.12508 0.12504 0.12499 0.12494 0.12488 0.12480 ( 1)  0.377
 344 M   0.12516 0.12512 0.12508 0.12504 0.12499 0.12494 0.12488 0.12479 ( 1)  0.377
 345 R   0.12506 0.12504 0.12503 0.12501 0.12500 0.12498 0.12496 0.12493 ( 1)  0.377
 346 D   0.12521 0.12515 0.12510 0.12505 0.12499 0.12492 0.12484 0.12474 ( 1)  0.376
 347 S   0.12512 0.12509 0.12506 0.12503 0.12499 0.12495 0.12491 0.12484 ( 1)  0.377
 348 Q   0.12516 0.12512 0.12508 0.12504 0.12499 0.12494 0.12488 0.12480 ( 1)  0.377
 349 R   0.12515 0.12511 0.12507 0.12503 0.12499 0.12494 0.12489 0.12481 ( 1)  0.377
 350 H   0.12515 0.12511 0.12507 0.12503 0.12499 0.12494 0.12489 0.12481 ( 1)  0.377
 351 L   0.12512 0.12509 0.12506 0.12503 0.12499 0.12495 0.12491 0.12485 ( 1)  0.377
 352 A   0.12517 0.12513 0.12508 0.12504 0.12499 0.12494 0.12487 0.12479 ( 1)  0.377
 353 Q   0.12516 0.12512 0.12508 0.12504 0.12499 0.12494 0.12488 0.12480 ( 1)  0.377
 354 A   0.12517 0.12513 0.12508 0.12504 0.12499 0.12494 0.12487 0.12479 ( 1)  0.377
 355 C   0.12511 0.12508 0.12505 0.12502 0.12499 0.12496 0.12492 0.12486 ( 1)  0.377
 356 Q   0.12516 0.12512 0.12508 0.12504 0.12499 0.12494 0.12488 0.12480 ( 1)  0.377
 357 E   0.12519 0.12514 0.12509 0.12504 0.12499 0.12493 0.12486 0.12476 ( 1)  0.376
 358 G   0.12516 0.12512 0.12508 0.12504 0.12499 0.12494 0.12488 0.12480 ( 1)  0.377
 359 D   0.12521 0.12515 0.12510 0.12505 0.12499 0.12492 0.12484 0.12474 ( 1)  0.376
 360 S   0.12511 0.12508 0.12505 0.12502 0.12499 0.12496 0.12492 0.12487 ( 1)  0.377
 361 S   0.12506 0.12504 0.12503 0.12501 0.12500 0.12498 0.12496 0.12493 ( 1)  0.377
 362 G   0.12516 0.12512 0.12508 0.12504 0.12499 0.12494 0.12488 0.12480 ( 1)  0.377
 363 V   0.12512 0.12509 0.12506 0.12503 0.12499 0.12495 0.12491 0.12484 ( 1)  0.377
 364 T   0.12515 0.12511 0.12507 0.12503 0.12499 0.12494 0.12489 0.12481 ( 1)  0.377
 365 A   0.12517 0.12513 0.12508 0.12504 0.12499 0.12494 0.12487 0.12479 ( 1)  0.377
 366 H   0.12519 0.12514 0.12509 0.12504 0.12499 0.12493 0.12485 0.12475 ( 1)  0.376
 367 A   0.12517 0.12513 0.12508 0.12504 0.12499 0.12494 0.12487 0.12479 ( 1)  0.377
 368 W   0.12511 0.12508 0.12506 0.12503 0.12499 0.12496 0.12491 0.12486 ( 1)  0.377
 369 T   0.12515 0.12511 0.12507 0.12503 0.12499 0.12494 0.12489 0.12481 ( 1)  0.377
 370 S   0.12511 0.12508 0.12505 0.12502 0.12499 0.12496 0.12492 0.12487 ( 1)  0.377
 371 R   0.12513 0.12509 0.12506 0.12503 0.12499 0.12495 0.12490 0.12484 ( 1)  0.377
 372 L   0.12512 0.12509 0.12506 0.12503 0.12499 0.12495 0.12491 0.12485 ( 1)  0.377
 373 N   0.12513 0.12509 0.12506 0.12503 0.12499 0.12495 0.12490 0.12484 ( 1)  0.377
 374 K   0.12509 0.12507 0.12504 0.12502 0.12499 0.12497 0.12493 0.12489 ( 1)  0.377
 375 S   0.12511 0.12508 0.12505 0.12502 0.12499 0.12496 0.12492 0.12486 ( 1)  0.377
 376 G   0.12516 0.12512 0.12508 0.12504 0.12499 0.12494 0.12488 0.12480 ( 1)  0.377
 377 W   0.12511 0.12508 0.12506 0.12503 0.12499 0.12496 0.12491 0.12486 ( 1)  0.377
 378 P   0.12508 0.12506 0.12504 0.12502 0.12500 0.12497 0.12494 0.12490 ( 1)  0.377
 379 K   0.12514 0.12511 0.12507 0.12503 0.12499 0.12495 0.12489 0.12482 ( 1)  0.377
 380 H   0.12515 0.12511 0.12507 0.12503 0.12499 0.12494 0.12489 0.12481 ( 1)  0.377
 381 L   0.12512 0.12509 0.12506 0.12503 0.12499 0.12495 0.12491 0.12485 ( 1)  0.377
 382 Q   0.12516 0.12512 0.12508 0.12504 0.12499 0.12494 0.12488 0.12480 ( 1)  0.377
 383 A   0.12517 0.12513 0.12508 0.12504 0.12499 0.12494 0.12487 0.12479 ( 1)  0.377
 384 I   0.12515 0.12511 0.12507 0.12503 0.12499 0.12494 0.12489 0.12481 ( 1)  0.377
 385 L   0.12512 0.12509 0.12506 0.12503 0.12499 0.12495 0.12491 0.12485 ( 1)  0.377
 386 L   0.12512 0.12509 0.12506 0.12503 0.12499 0.12495 0.12491 0.12485 ( 1)  0.377
 387 A   0.12512 0.12509 0.12506 0.12503 0.12499 0.12495 0.12491 0.12484 ( 1)  0.377
 388 A   0.12512 0.12509 0.12506 0.12503 0.12499 0.12495 0.12491 0.12484 ( 1)  0.377
 389 Q   0.12516 0.12512 0.12508 0.12504 0.12499 0.12494 0.12488 0.12480 ( 1)  0.377
 390 F   0.12517 0.12512 0.12508 0.12504 0.12499 0.12494 0.12487 0.12479 ( 1)  0.377
 391 I   0.12511 0.12509 0.12506 0.12503 0.12499 0.12496 0.12491 0.12485 ( 1)  0.377
 392 A   0.12517 0.12513 0.12508 0.12504 0.12499 0.12494 0.12487 0.12479 ( 1)  0.377
 393 D   0.12521 0.12515 0.12510 0.12505 0.12499 0.12492 0.12484 0.12474 ( 1)  0.376
 394 K   0.12514 0.12511 0.12507 0.12503 0.12499 0.12495 0.12489 0.12482 ( 1)  0.377
 395 L   0.12512 0.12509 0.12506 0.12503 0.12499 0.12495 0.12491 0.12485 ( 1)  0.377
 396 L   0.12516 0.12512 0.12508 0.12504 0.12499 0.12494 0.12488 0.12480 ( 1)  0.377
 397 I   0.12511 0.12509 0.12506 0.12503 0.12499 0.12496 0.12491 0.12485 ( 1)  0.377
 398 E   0.12512 0.12509 0.12506 0.12503 0.12499 0.12495 0.12491 0.12484 ( 1)  0.377
 399 G   0.12516 0.12512 0.12508 0.12504 0.12499 0.12494 0.12488 0.12480 ( 1)  0.377
 400 A   0.12517 0.12513 0.12508 0.12504 0.12499 0.12494 0.12487 0.12479 ( 1)  0.377
 401 S   0.12511 0.12508 0.12505 0.12502 0.12499 0.12496 0.12492 0.12486 ( 1)  0.377
 402 V   0.12515 0.12512 0.12508 0.12504 0.12499 0.12494 0.12488 0.12480 ( 1)  0.377
 403 L   0.12512 0.12509 0.12506 0.12503 0.12499 0.12495 0.12491 0.12485 ( 1)  0.377
 404 V   0.12512 0.12509 0.12506 0.12503 0.12499 0.12495 0.12491 0.12484 ( 1)  0.377
 405 H   0.12519 0.12514 0.12509 0.12504 0.12499 0.12493 0.12485 0.12475 ( 1)  0.376
 406 C   0.12514 0.12511 0.12507 0.12503 0.12499 0.12495 0.12489 0.12482 ( 1)  0.377
 407 S   0.12515 0.12511 0.12507 0.12503 0.12499 0.12494 0.12489 0.12481 ( 1)  0.377
 408 D   0.12521 0.12515 0.12510 0.12505 0.12499 0.12492 0.12484 0.12474 ( 1)  0.376
 409 G   0.12512 0.12509 0.12506 0.12503 0.12499 0.12496 0.12491 0.12485 ( 1)  0.377
 410 W   0.12511 0.12508 0.12506 0.12503 0.12499 0.12496 0.12491 0.12486 ( 1)  0.377
 411 D   0.12516 0.12512 0.12508 0.12504 0.12499 0.12494 0.12488 0.12479 ( 1)  0.377
 412 R   0.12506 0.12504 0.12503 0.12501 0.12500 0.12498 0.12496 0.12493 ( 1)  0.377
 413 T   0.12511 0.12508 0.12505 0.12502 0.12499 0.12496 0.12492 0.12486 ( 1)  0.377
 414 A   0.12512 0.12509 0.12506 0.12503 0.12499 0.12495 0.12491 0.12484 ( 1)  0.377
 415 Q   0.12511 0.12508 0.12505 0.12502 0.12499 0.12496 0.12492 0.12487 ( 1)  0.377
 416 T   0.12511 0.12508 0.12505 0.12502 0.12499 0.12496 0.12492 0.12486 ( 1)  0.377
 417 A   0.12512 0.12509 0.12506 0.12503 0.12499 0.12495 0.12491 0.12484 ( 1)  0.377
 418 A   0.12512 0.12509 0.12506 0.12503 0.12499 0.12495 0.12491 0.12484 ( 1)  0.377
 419 L   0.12512 0.12509 0.12506 0.12503 0.12499 0.12495 0.12491 0.12485 ( 1)  0.377
 420 A   0.12516 0.12512 0.12508 0.12504 0.12499 0.12494 0.12488 0.12480 ( 1)  0.377
 421 Q   0.12516 0.12512 0.12508 0.12504 0.12499 0.12494 0.12488 0.12480 ( 1)  0.377
 422 L   0.12506 0.12505 0.12503 0.12501 0.12500 0.12498 0.12495 0.12492 ( 1)  0.377
 423 L   0.12516 0.12512 0.12508 0.12504 0.12499 0.12494 0.12488 0.12480 ( 1)  0.377
 424 I   0.12515 0.12511 0.12507 0.12503 0.12499 0.12494 0.12489 0.12481 ( 1)  0.377
 425 D   0.12516 0.12512 0.12508 0.12504 0.12499 0.12494 0.12488 0.12479 ( 1)  0.377
 426 P   0.12515 0.12511 0.12507 0.12503 0.12499 0.12494 0.12489 0.12481 ( 1)  0.377
 427 H   0.12515 0.12511 0.12507 0.12503 0.12499 0.12494 0.12489 0.12481 ( 1)  0.377
 428 Y   0.12511 0.12508 0.12505 0.12502 0.12499 0.12496 0.12492 0.12486 ( 1)  0.377
 429 R   0.12506 0.12504 0.12503 0.12501 0.12500 0.12498 0.12496 0.12493 ( 1)  0.377
 430 T   0.12515 0.12511 0.12507 0.12503 0.12499 0.12494 0.12489 0.12481 ( 1)  0.377
 431 L   0.12512 0.12509 0.12506 0.12503 0.12499 0.12495 0.12491 0.12485 ( 1)  0.377
 432 H   0.12519 0.12514 0.12509 0.12504 0.12499 0.12493 0.12485 0.12475 ( 1)  0.376
 433 G   0.12507 0.12505 0.12504 0.12502 0.12500 0.12497 0.12495 0.12491 ( 1)  0.377
 434 F   0.12513 0.12510 0.12506 0.12503 0.12499 0.12495 0.12490 0.12484 ( 1)  0.377
 435 Q   0.12516 0.12512 0.12508 0.12504 0.12499 0.12494 0.12488 0.12480 ( 1)  0.377
 436 D   0.12516 0.12512 0.12508 0.12504 0.12499 0.12494 0.12488 0.12479 ( 1)  0.377
 437 L   0.12506 0.12505 0.12503 0.12501 0.12500 0.12498 0.12495 0.12492 ( 1)  0.377
 438 V   0.12508 0.12506 0.12504 0.12502 0.12500 0.12497 0.12494 0.12490 ( 1)  0.377
 439 E   0.12519 0.12514 0.12509 0.12504 0.12499 0.12493 0.12486 0.12476 ( 1)  0.376
 440 K   0.12514 0.12511 0.12507 0.12503 0.12499 0.12495 0.12489 0.12482 ( 1)  0.377
 441 E   0.12519 0.12514 0.12509 0.12504 0.12499 0.12493 0.12486 0.12476 ( 1)  0.376
 442 W   0.12511 0.12508 0.12506 0.12503 0.12499 0.12496 0.12491 0.12486 ( 1)  0.377
 443 L   0.12512 0.12509 0.12506 0.12503 0.12499 0.12496 0.12491 0.12485 ( 1)  0.377
 444 S   0.12511 0.12508 0.12505 0.12502 0.12499 0.12496 0.12492 0.12487 ( 1)  0.377
 445 F   0.12517 0.12512 0.12508 0.12504 0.12499 0.12494 0.12487 0.12479 ( 1)  0.377
 446 G   0.12512 0.12509 0.12506 0.12503 0.12499 0.12496 0.12491 0.12485 ( 1)  0.377
 447 H   0.12519 0.12514 0.12509 0.12504 0.12499 0.12493 0.12485 0.12475 ( 1)  0.376
 448 K   0.12509 0.12507 0.12504 0.12502 0.12499 0.12497 0.12493 0.12489 ( 1)  0.377
 449 F   0.12517 0.12512 0.12508 0.12504 0.12499 0.12494 0.12487 0.12479 ( 1)  0.377
 450 A   0.12512 0.12509 0.12506 0.12503 0.12499 0.12495 0.12491 0.12484 ( 1)  0.377
 451 D   0.12521 0.12515 0.12510 0.12505 0.12499 0.12492 0.12484 0.12474 ( 1)  0.376
 452 R   0.12506 0.12505 0.12503 0.12501 0.12500 0.12498 0.12495 0.12492 ( 1)  0.377
 453 C   0.12514 0.12511 0.12507 0.12503 0.12499 0.12495 0.12489 0.12482 ( 1)  0.377
 454 A   0.12512 0.12509 0.12506 0.12503 0.12499 0.12495 0.12491 0.12484 ( 1)  0.377
 455 H   0.12519 0.12514 0.12509 0.12504 0.12499 0.12493 0.12485 0.12475 ( 1)  0.376
 456 Y   0.12515 0.12511 0.12507 0.12503 0.12499 0.12494 0.12489 0.12481 ( 1)  0.377
 457 G   0.12516 0.12512 0.12508 0.12504 0.12499 0.12494 0.12488 0.12480 ( 1)  0.377
 458 W   0.12511 0.12508 0.12506 0.12503 0.12499 0.12496 0.12491 0.12486 ( 1)  0.377
 459 S   0.12512 0.12509 0.12506 0.12503 0.12499 0.12495 0.12491 0.12484 ( 1)  0.377
 460 D   0.12521 0.12515 0.12510 0.12505 0.12499 0.12492 0.12484 0.12474 ( 1)  0.376
 461 E   0.12512 0.12509 0.12506 0.12503 0.12499 0.12495 0.12491 0.12484 ( 1)  0.377
 462 S   0.12506 0.12504 0.12503 0.12501 0.12500 0.12498 0.12496 0.12493 ( 1)  0.377
 463 S   0.12512 0.12509 0.12506 0.12503 0.12499 0.12495 0.12491 0.12484 ( 1)  0.377
 464 P   0.12508 0.12506 0.12504 0.12502 0.12500 0.12497 0.12494 0.12490 ( 1)  0.377
 465 V   0.12515 0.12512 0.12508 0.12504 0.12499 0.12494 0.12488 0.12480 ( 1)  0.377
 466 F   0.12517 0.12512 0.12508 0.12504 0.12499 0.12494 0.12487 0.12479 ( 1)  0.377
 467 T   0.12511 0.12508 0.12505 0.12502 0.12499 0.12496 0.12492 0.12486 ( 1)  0.377
 468 Q   0.12516 0.12512 0.12508 0.12504 0.12499 0.12494 0.12488 0.12480 ( 1)  0.377
 469 F   0.12517 0.12512 0.12508 0.12504 0.12499 0.12494 0.12487 0.12479 ( 1)  0.377
 470 L   0.12512 0.12509 0.12506 0.12503 0.12499 0.12496 0.12491 0.12485 ( 1)  0.377
 471 D   0.12521 0.12515 0.12510 0.12505 0.12499 0.12492 0.12484 0.12474 ( 1)  0.376
 472 C   0.12514 0.12511 0.12507 0.12503 0.12499 0.12495 0.12489 0.12482 ( 1)  0.377
 473 V   0.12512 0.12509 0.12506 0.12503 0.12499 0.12495 0.12491 0.12484 ( 1)  0.377
 474 H   0.12519 0.12514 0.12509 0.12504 0.12499 0.12493 0.12485 0.12475 ( 1)  0.376
 475 Q   0.12516 0.12512 0.12508 0.12504 0.12499 0.12494 0.12488 0.12480 ( 1)  0.377
 476 L   0.12512 0.12509 0.12506 0.12503 0.12499 0.12495 0.12491 0.12485 ( 1)  0.377
 477 R   0.12511 0.12508 0.12505 0.12502 0.12499 0.12496 0.12492 0.12486 ( 1)  0.377
 478 R   0.12506 0.12504 0.12503 0.12501 0.12500 0.12498 0.12496 0.12493 ( 1)  0.377
 479 L   0.12506 0.12505 0.12503 0.12501 0.12500 0.12498 0.12495 0.12492 ( 1)  0.377
 480 F   0.12513 0.12510 0.12506 0.12503 0.12499 0.12495 0.12490 0.12484 ( 1)  0.377
 481 P   0.12516 0.12512 0.12508 0.12504 0.12499 0.12494 0.12488 0.12480 ( 1)  0.377
 482 S   0.12511 0.12508 0.12505 0.12502 0.12499 0.12496 0.12492 0.12487 ( 1)  0.377
 483 R   0.12506 0.12504 0.12503 0.12501 0.12500 0.12498 0.12496 0.12493 ( 1)  0.377
 484 F   0.12513 0.12510 0.12506 0.12503 0.12499 0.12495 0.12490 0.12484 ( 1)  0.377
 485 E   0.12519 0.12514 0.12509 0.12504 0.12499 0.12493 0.12486 0.12476 ( 1)  0.376
 486 F   0.12513 0.12510 0.12506 0.12503 0.12499 0.12495 0.12490 0.12484 ( 1)  0.377
 487 N   0.12516 0.12512 0.12508 0.12504 0.12499 0.12494 0.12488 0.12479 ( 1)  0.377
 488 D   0.12521 0.12515 0.12510 0.12505 0.12499 0.12492 0.12484 0.12474 ( 1)  0.376
 489 A   0.12517 0.12513 0.12508 0.12504 0.12499 0.12494 0.12487 0.12479 ( 1)  0.377
 490 Y   0.12511 0.12508 0.12505 0.12502 0.12499 0.12496 0.12492 0.12486 ( 1)  0.377
 491 L   0.12506 0.12505 0.12503 0.12501 0.12500 0.12498 0.12495 0.12492 ( 1)  0.377
 492 L   0.12511 0.12508 0.12505 0.12502 0.12499 0.12496 0.12492 0.12486 ( 1)  0.377
 493 E   0.12519 0.12514 0.12509 0.12504 0.12499 0.12493 0.12486 0.12476 ( 1)  0.376
 494 L   0.12512 0.12509 0.12506 0.12503 0.12499 0.12495 0.12491 0.12485 ( 1)  0.377
 495 A   0.12512 0.12509 0.12506 0.12503 0.12499 0.12495 0.12491 0.12484 ( 1)  0.377
 496 E   0.12519 0.12514 0.12509 0.12504 0.12499 0.12493 0.12486 0.12476 ( 1)  0.376
 497 A   0.12517 0.12513 0.12508 0.12504 0.12499 0.12494 0.12487 0.12479 ( 1)  0.377
 498 A   0.12517 0.12513 0.12508 0.12504 0.12499 0.12494 0.12487 0.12479 ( 1)  0.377
 499 Y   0.12515 0.12511 0.12507 0.12503 0.12499 0.12494 0.12489 0.12481 ( 1)  0.377
 500 S   0.12514 0.12510 0.12507 0.12503 0.12499 0.12495 0.12490 0.12482 ( 1)  0.377
 501 C   0.12514 0.12511 0.12507 0.12503 0.12499 0.12495 0.12489 0.12482 ( 1)  0.377
 502 H   0.12515 0.12511 0.12507 0.12503 0.12499 0.12494 0.12489 0.12481 ( 1)  0.377
 503 R   0.12513 0.12509 0.12506 0.12503 0.12499 0.12495 0.12490 0.12484 ( 1)  0.377
 504 Y   0.12511 0.12508 0.12505 0.12502 0.12499 0.12496 0.12492 0.12486 ( 1)  0.377
 505 G   0.12516 0.12512 0.12508 0.12504 0.12499 0.12494 0.12488 0.12480 ( 1)  0.377
 506 T   0.12511 0.12508 0.12505 0.12502 0.12499 0.12496 0.12492 0.12486 ( 1)  0.377
 507 F   0.12513 0.12510 0.12506 0.12503 0.12499 0.12495 0.12490 0.12484 ( 1)  0.377
 508 L   0.12506 0.12505 0.12503 0.12501 0.12500 0.12498 0.12495 0.12492 ( 1)  0.377
 509 G   0.12516 0.12512 0.12508 0.12504 0.12499 0.12494 0.12488 0.12480 ( 1)  0.377
 510 N   0.12513 0.12509 0.12506 0.12503 0.12499 0.12495 0.12490 0.12484 ( 1)  0.377
 511 C   0.12514 0.12511 0.12507 0.12503 0.12499 0.12495 0.12489 0.12482 ( 1)  0.377
 512 E   0.12512 0.12509 0.12506 0.12503 0.12499 0.12495 0.12491 0.12484 ( 1)  0.377
 513 R   0.12513 0.12509 0.12506 0.12503 0.12499 0.12495 0.12490 0.12484 ( 1)  0.377
 514 E   0.12512 0.12509 0.12506 0.12503 0.12499 0.12495 0.12491 0.12484 ( 1)  0.377
 515 R   0.12506 0.12504 0.12503 0.12501 0.12500 0.12498 0.12496 0.12493 ( 1)  0.377
 516 L   0.12511 0.12508 0.12505 0.12502 0.12499 0.12496 0.12492 0.12486 ( 1)  0.377
 517 K   0.12514 0.12511 0.12507 0.12503 0.12499 0.12495 0.12489 0.12482 ( 1)  0.377
 518 V   0.12512 0.12509 0.12506 0.12503 0.12499 0.12495 0.12491 0.12484 ( 1)  0.377
 519 A   0.12512 0.12509 0.12506 0.12503 0.12499 0.12495 0.12491 0.12484 ( 1)  0.377
 520 G   0.12516 0.12512 0.12508 0.12504 0.12499 0.12494 0.12488 0.12480 ( 1)  0.377
 521 E   0.12512 0.12509 0.12506 0.12503 0.12499 0.12495 0.12491 0.12484 ( 1)  0.377
 522 L   0.12512 0.12509 0.12506 0.12503 0.12499 0.12496 0.12491 0.12485 ( 1)  0.377
 523 A   0.12517 0.12513 0.12508 0.12504 0.12499 0.12494 0.12487 0.12479 ( 1)  0.377
 524 D   0.12516 0.12512 0.12508 0.12504 0.12499 0.12494 0.12488 0.12479 ( 1)  0.377
 525 K   0.12514 0.12511 0.12507 0.12503 0.12499 0.12495 0.12489 0.12482 ( 1)  0.377
 526 W   0.12511 0.12508 0.12506 0.12503 0.12499 0.12496 0.12491 0.12486 ( 1)  0.377
 527 P   0.12515 0.12511 0.12507 0.12503 0.12499 0.12494 0.12489 0.12481 ( 1)  0.377
 528 A   0.12508 0.12506 0.12504 0.12502 0.12500 0.12497 0.12494 0.12490 ( 1)  0.377
 529 M   0.12516 0.12512 0.12508 0.12504 0.12499 0.12494 0.12488 0.12479 ( 1)  0.377
 530 P   0.12512 0.12509 0.12506 0.12503 0.12499 0.12496 0.12491 0.12485 ( 1)  0.377
 531 C   0.12514 0.12511 0.12507 0.12503 0.12499 0.12495 0.12489 0.12482 ( 1)  0.377
 532 F   0.12517 0.12512 0.12508 0.12504 0.12499 0.12494 0.12487 0.12479 ( 1)  0.377
 533 W   0.12511 0.12508 0.12506 0.12503 0.12499 0.12496 0.12491 0.12486 ( 1)  0.377
 534 T   0.12511 0.12508 0.12505 0.12502 0.12499 0.12496 0.12492 0.12486 ( 1)  0.377
 535 R   0.12513 0.12509 0.12506 0.12503 0.12499 0.12495 0.12490 0.12484 ( 1)  0.377
 536 A   0.12512 0.12509 0.12506 0.12503 0.12499 0.12495 0.12491 0.12484 ( 1)  0.377
 537 L   0.12511 0.12508 0.12505 0.12502 0.12499 0.12496 0.12492 0.12486 ( 1)  0.377
 538 E   0.12519 0.12514 0.12509 0.12504 0.12499 0.12493 0.12486 0.12476 ( 1)  0.376
 539 R   0.12512 0.12509 0.12506 0.12503 0.12499 0.12496 0.12491 0.12485 ( 1)  0.377
 540 R   0.12513 0.12509 0.12506 0.12503 0.12499 0.12495 0.12490 0.12484 ( 1)  0.377
 541 S   0.12512 0.12509 0.12506 0.12503 0.12499 0.12495 0.12491 0.12484 ( 1)  0.377
 542 Q   0.12516 0.12512 0.12508 0.12504 0.12499 0.12494 0.12488 0.12480 ( 1)  0.377
 543 F   0.12513 0.12510 0.12506 0.12503 0.12499 0.12495 0.12490 0.12484 ( 1)  0.377
 544 I   0.12515 0.12511 0.12507 0.12503 0.12499 0.12494 0.12489 0.12481 ( 1)  0.377
 545 D   0.12516 0.12512 0.12508 0.12504 0.12499 0.12494 0.12488 0.12479 ( 1)  0.377
 546 P   0.12516 0.12512 0.12508 0.12504 0.12499 0.12494 0.12488 0.12480 ( 1)  0.377
 547 M   0.12516 0.12512 0.12508 0.12504 0.12499 0.12494 0.12488 0.12479 ( 1)  0.377
 548 Y   0.12515 0.12511 0.12507 0.12503 0.12499 0.12494 0.12489 0.12481 ( 1)  0.377
 549 C   0.12511 0.12508 0.12505 0.12502 0.12499 0.12496 0.12492 0.12486 ( 1)  0.377
 550 R   0.12515 0.12511 0.12507 0.12503 0.12499 0.12494 0.12489 0.12481 ( 1)  0.377
 551 E   0.12519 0.12514 0.12509 0.12504 0.12499 0.12493 0.12486 0.12476 ( 1)  0.376
 552 F   0.12517 0.12512 0.12508 0.12504 0.12499 0.12494 0.12487 0.12479 ( 1)  0.377
 553 D   0.12521 0.12515 0.12510 0.12505 0.12499 0.12492 0.12484 0.12474 ( 1)  0.376
 554 T   0.12515 0.12511 0.12507 0.12503 0.12499 0.12494 0.12489 0.12481 ( 1)  0.377
 555 R   0.12513 0.12509 0.12506 0.12503 0.12499 0.12495 0.12490 0.12484 ( 1)  0.377
 556 D   0.12521 0.12515 0.12510 0.12505 0.12499 0.12492 0.12484 0.12474 ( 1)  0.376
 557 A   0.12517 0.12513 0.12508 0.12504 0.12499 0.12494 0.12487 0.12479 ( 1)  0.377
 558 E   0.12519 0.12514 0.12509 0.12504 0.12499 0.12493 0.12486 0.12476 ( 1)  0.376
 559 P   0.12515 0.12511 0.12507 0.12503 0.12499 0.12494 0.12489 0.12481 ( 1)  0.377
 560 A   0.12512 0.12509 0.12506 0.12503 0.12499 0.12495 0.12491 0.12484 ( 1)  0.377
 561 A   0.12517 0.12513 0.12508 0.12504 0.12499 0.12494 0.12487 0.12479 ( 1)  0.377
 562 Y   0.12515 0.12511 0.12507 0.12503 0.12499 0.12494 0.12489 0.12481 ( 1)  0.377
 563 L   0.12506 0.12505 0.12503 0.12501 0.12500 0.12498 0.12495 0.12492 ( 1)  0.377
 564 R   0.12515 0.12511 0.12507 0.12503 0.12499 0.12494 0.12489 0.12481 ( 1)  0.377
 565 L   0.12506 0.12505 0.12503 0.12501 0.12500 0.12498 0.12495 0.12492 ( 1)  0.377
 566 G   0.12516 0.12512 0.12508 0.12504 0.12499 0.12494 0.12488 0.12480 ( 1)  0.377
 567 A   0.12508 0.12506 0.12504 0.12502 0.12500 0.12497 0.12494 0.12490 ( 1)  0.377
 568 M   0.12516 0.12512 0.12508 0.12504 0.12499 0.12494 0.12488 0.12479 ( 1)  0.377
 569 P   0.12516 0.12512 0.12508 0.12504 0.12499 0.12494 0.12488 0.12480 ( 1)  0.377
 570 R   0.12515 0.12511 0.12507 0.12503 0.12499 0.12494 0.12489 0.12481 ( 1)  0.377
 571 C   0.12514 0.12511 0.12507 0.12503 0.12499 0.12495 0.12489 0.12482 ( 1)  0.377
 572 L   0.12516 0.12512 0.12508 0.12504 0.12499 0.12494 0.12488 0.12480 ( 1)  0.377
 573 I   0.12515 0.12511 0.12507 0.12503 0.12499 0.12494 0.12489 0.12481 ( 1)  0.377
 574 K   0.12509 0.12507 0.12504 0.12502 0.12499 0.12497 0.12493 0.12489 ( 1)  0.377
 575 P   0.12516 0.12512 0.12508 0.12504 0.12499 0.12494 0.12488 0.12480 ( 1)  0.377
 576 W   0.12511 0.12508 0.12506 0.12503 0.12499 0.12496 0.12491 0.12486 ( 1)  0.377
 577 L   0.12512 0.12509 0.12506 0.12503 0.12499 0.12495 0.12491 0.12485 ( 1)  0.377
 578 A   0.12516 0.12512 0.12508 0.12504 0.12499 0.12494 0.12488 0.12480 ( 1)  0.377
 579 L   0.12512 0.12509 0.12506 0.12503 0.12499 0.12495 0.12491 0.12485 ( 1)  0.377
 580 Q   0.12516 0.12512 0.12508 0.12504 0.12499 0.12494 0.12488 0.12480 ( 1)  0.377
 581 N   0.12516 0.12512 0.12508 0.12504 0.12499 0.12494 0.12488 0.12479 ( 1)  0.377
 582 P   0.12515 0.12511 0.12507 0.12503 0.12499 0.12494 0.12489 0.12481 ( 1)  0.377
 583 W   0.12511 0.12508 0.12506 0.12503 0.12499 0.12496 0.12491 0.12486 ( 1)  0.377
 584 R   0.12515 0.12511 0.12507 0.12503 0.12499 0.12494 0.12489 0.12481 ( 1)  0.377
 585 R   0.12513 0.12509 0.12506 0.12503 0.12499 0.12495 0.12490 0.12484 ( 1)  0.377
 586 R   0.12515 0.12511 0.12507 0.12503 0.12499 0.12494 0.12489 0.12481 ( 1)  0.377
 587 P   0.12516 0.12512 0.12508 0.12504 0.12499 0.12494 0.12488 0.12480 ( 1)  0.377
 588 A   0.12517 0.12513 0.12508 0.12504 0.12499 0.12494 0.12487 0.12479 ( 1)  0.377
 589 W   0.12511 0.12508 0.12506 0.12503 0.12499 0.12496 0.12491 0.12486 ( 1)  0.377
 590 L   0.12512 0.12509 0.12506 0.12503 0.12499 0.12495 0.12491 0.12485 ( 1)  0.377
 591 R   0.12515 0.12511 0.12507 0.12503 0.12499 0.12494 0.12489 0.12481 ( 1)  0.377
 592 A   0.12512 0.12509 0.12506 0.12503 0.12499 0.12495 0.12491 0.12484 ( 1)  0.377
 593 A   0.12517 0.12513 0.12508 0.12504 0.12499 0.12494 0.12487 0.12479 ( 1)  0.377
 594 P   0.12515 0.12511 0.12507 0.12503 0.12499 0.12494 0.12489 0.12481 ( 1)  0.377
 595 P   0.12512 0.12509 0.12506 0.12503 0.12499 0.12496 0.12491 0.12485 ( 1)  0.377
 596 D   0.12521 0.12515 0.12510 0.12505 0.12499 0.12492 0.12484 0.12474 ( 1)  0.376
 597 S   0.12514 0.12510 0.12507 0.12503 0.12499 0.12495 0.12490 0.12482 ( 1)  0.377
 598 D   0.12521 0.12515 0.12510 0.12505 0.12499 0.12492 0.12484 0.12474 ( 1)  0.376
 599 Q   0.12516 0.12512 0.12508 0.12504 0.12499 0.12494 0.12488 0.12480 ( 1)  0.377
 600 S   0.12514 0.12510 0.12507 0.12503 0.12499 0.12495 0.12490 0.12482 ( 1)  0.377
 601 Q   0.12516 0.12512 0.12508 0.12504 0.12499 0.12494 0.12488 0.12480 ( 1)  0.377
 602 P   0.12508 0.12506 0.12504 0.12502 0.12500 0.12497 0.12494 0.12490 ( 1)  0.377
 603 E   0.12512 0.12509 0.12506 0.12503 0.12499 0.12495 0.12491 0.12484 ( 1)  0.377
 604 S   0.12515 0.12511 0.12507 0.12503 0.12499 0.12494 0.12489 0.12481 ( 1)  0.377
 605 L   0.12511 0.12508 0.12505 0.12502 0.12499 0.12496 0.12492 0.12486 ( 1)  0.377
 606 I   0.12509 0.12507 0.12504 0.12502 0.12499 0.12497 0.12493 0.12489 ( 1)  0.377
 607 V   0.12515 0.12512 0.12508 0.12504 0.12499 0.12494 0.12488 0.12480 ( 1)  0.377
 608 L   0.12512 0.12509 0.12506 0.12503 0.12499 0.12496 0.12491 0.12485 ( 1)  0.377
 609 D   0.12516 0.12512 0.12508 0.12504 0.12499 0.12494 0.12488 0.12479 ( 1)  0.377
 610 V   0.12517 0.12512 0.12508 0.12504 0.12499 0.12494 0.12487 0.12479 ( 1)  0.377
 611 D   0.12521 0.12515 0.12510 0.12505 0.12499 0.12492 0.12484 0.12474 ( 1)  0.376
 612 E   0.12512 0.12509 0.12506 0.12503 0.12499 0.12495 0.12491 0.12484 ( 1)  0.377
 613 Q   0.12511 0.12508 0.12505 0.12502 0.12499 0.12496 0.12492 0.12487 ( 1)  0.377
 614 Q   0.12516 0.12512 0.12508 0.12504 0.12499 0.12494 0.12488 0.12480 ( 1)  0.377
 615 Q   0.12511 0.12508 0.12505 0.12502 0.12499 0.12496 0.12492 0.12487 ( 1)  0.377
 616 P   0.12515 0.12511 0.12507 0.12503 0.12499 0.12494 0.12489 0.12481 ( 1)  0.377
 617 A   0.12516 0.12512 0.12508 0.12504 0.12499 0.12494 0.12488 0.12480 ( 1)  0.377
 618 A   0.12508 0.12506 0.12504 0.12502 0.12500 0.12497 0.12494 0.12490 ( 1)  0.377
 619 A   0.12512 0.12509 0.12506 0.12503 0.12499 0.12495 0.12491 0.12484 ( 1)  0.377
 620 S   0.12511 0.12508 0.12505 0.12502 0.12499 0.12496 0.12492 0.12487 ( 1)  0.377
 621 P   0.12515 0.12511 0.12507 0.12503 0.12499 0.12494 0.12489 0.12481 ( 1)  0.377
 622 A   0.12517 0.12513 0.12508 0.12504 0.12499 0.12494 0.12487 0.12479 ( 1)  0.377
 623 S   0.12511 0.12508 0.12505 0.12502 0.12499 0.12496 0.12492 0.12486 ( 1)  0.377
 624 A   0.12508 0.12506 0.12504 0.12502 0.12500 0.12497 0.12494 0.12490 ( 1)  0.377
 625 T   0.12507 0.12505 0.12504 0.12502 0.12500 0.12497 0.12495 0.12491 ( 1)  0.377
 626 V   0.12517 0.12512 0.12508 0.12504 0.12499 0.12494 0.12487 0.12479 ( 1)  0.377
 627 L   0.12512 0.12509 0.12506 0.12503 0.12499 0.12495 0.12491 0.12485 ( 1)  0.377
 628 A   0.12508 0.12506 0.12504 0.12502 0.12500 0.12497 0.12494 0.12490 ( 1)  0.377
 629 V   0.12517 0.12512 0.12508 0.12504 0.12499 0.12494 0.12487 0.12479 ( 1)  0.377
 630 N   0.12513 0.12509 0.12506 0.12503 0.12499 0.12495 0.12490 0.12484 ( 1)  0.377
 631 E   0.12512 0.12509 0.12506 0.12503 0.12499 0.12495 0.12491 0.12484 ( 1)  0.377
 632 L   0.12516 0.12512 0.12508 0.12504 0.12499 0.12494 0.12488 0.12480 ( 1)  0.377
 633 D   0.12521 0.12515 0.12510 0.12505 0.12499 0.12492 0.12484 0.12474 ( 1)  0.376
 634 D   0.12521 0.12515 0.12510 0.12505 0.12499 0.12492 0.12484 0.12474 ( 1)  0.376
 635 E   0.12519 0.12514 0.12509 0.12504 0.12499 0.12493 0.12486 0.12476 ( 1)  0.376
 636 A   0.12517 0.12513 0.12508 0.12504 0.12499 0.12494 0.12487 0.12479 ( 1)  0.377
 637 S   0.12512 0.12509 0.12506 0.12503 0.12499 0.12495 0.12491 0.12484 ( 1)  0.377
 638 L   0.12512 0.12509 0.12506 0.12503 0.12499 0.12495 0.12491 0.12485 ( 1)  0.377
 639 M   0.12516 0.12512 0.12508 0.12504 0.12499 0.12494 0.12488 0.12479 ( 1)  0.377
 640 R   0.12511 0.12508 0.12505 0.12502 0.12499 0.12496 0.12492 0.12486 ( 1)  0.377
 641 R   0.12506 0.12504 0.12503 0.12501 0.12500 0.12498 0.12496 0.12493 ( 1)  0.377
 642 L   0.12511 0.12508 0.12505 0.12502 0.12499 0.12496 0.12492 0.12486 ( 1)  0.377
 643 A   0.12512 0.12509 0.12506 0.12503 0.12499 0.12495 0.12491 0.12484 ( 1)  0.377
 644 Q   0.12511 0.12508 0.12505 0.12502 0.12499 0.12496 0.12492 0.12487 ( 1)  0.377
 645 S   0.12506 0.12504 0.12503 0.12501 0.12500 0.12498 0.12496 0.12493 ( 1)  0.377
 646 A   0.12512 0.12509 0.12506 0.12503 0.12499 0.12495 0.12491 0.12484 ( 1)  0.377
 647 E   0.12519 0.12514 0.12509 0.12504 0.12499 0.12493 0.12486 0.12476 ( 1)  0.376
 648 R   0.12515 0.12511 0.12507 0.12503 0.12499 0.12494 0.12489 0.12481 ( 1)  0.377
 649 I   0.12515 0.12511 0.12507 0.12503 0.12499 0.12494 0.12489 0.12481 ( 1)  0.377
 650 A   0.12517 0.12513 0.12508 0.12504 0.12499 0.12494 0.12487 0.12479 ( 1)  0.377
 651 C   0.12514 0.12511 0.12507 0.12503 0.12499 0.12495 0.12489 0.12482 ( 1)  0.377
 652 L   0.12511 0.12508 0.12505 0.12502 0.12499 0.12496 0.12492 0.12486 ( 1)  0.377
 653 E   0.12519 0.12514 0.12509 0.12504 0.12499 0.12493 0.12486 0.12476 ( 1)  0.376
 654 D   0.12516 0.12512 0.12508 0.12504 0.12499 0.12494 0.12488 0.12479 ( 1)  0.377
 655 H   0.12519 0.12514 0.12509 0.12504 0.12499 0.12493 0.12485 0.12475 ( 1)  0.376
 656 E   0.12519 0.12514 0.12509 0.12504 0.12499 0.12493 0.12486 0.12476 ( 1)  0.376
 657 R   0.12515 0.12511 0.12507 0.12503 0.12499 0.12494 0.12489 0.12481 ( 1)  0.377
 658 W   0.12511 0.12508 0.12506 0.12503 0.12499 0.12496 0.12491 0.12486 ( 1)  0.377
 659 L   0.12512 0.12509 0.12506 0.12503 0.12499 0.12495 0.12491 0.12485 ( 1)  0.377
 660 K   0.12514 0.12511 0.12507 0.12503 0.12499 0.12495 0.12489 0.12482 ( 1)  0.377
 661 L   0.12512 0.12509 0.12506 0.12503 0.12499 0.12495 0.12491 0.12485 ( 1)  0.377
 662 Q   0.12516 0.12512 0.12508 0.12504 0.12499 0.12494 0.12488 0.12480 ( 1)  0.377
 663 Q   0.12516 0.12512 0.12508 0.12504 0.12499 0.12494 0.12488 0.12480 ( 1)  0.377
 664 R   0.12506 0.12505 0.12503 0.12501 0.12500 0.12498 0.12495 0.12492 ( 1)  0.377
 665 Q   0.12516 0.12512 0.12508 0.12504 0.12499 0.12494 0.12488 0.12480 ( 1)  0.377
 666 S   0.12512 0.12509 0.12506 0.12503 0.12499 0.12495 0.12491 0.12484 ( 1)  0.377
 667 A   0.12512 0.12509 0.12506 0.12503 0.12499 0.12495 0.12491 0.12484 ( 1)  0.377
 668 A   0.12512 0.12509 0.12506 0.12503 0.12499 0.12495 0.12491 0.12484 ( 1)  0.377
 669 E   0.12519 0.12514 0.12509 0.12504 0.12499 0.12493 0.12486 0.12476 ( 1)  0.376
 670 R   0.12506 0.12505 0.12503 0.12501 0.12500 0.12498 0.12495 0.12492 ( 1)  0.377
 671 S   0.12512 0.12509 0.12506 0.12503 0.12499 0.12495 0.12491 0.12484 ( 1)  0.377
 672 N   0.12513 0.12509 0.12506 0.12503 0.12499 0.12495 0.12490 0.12484 ( 1)  0.377
 673 S   0.12515 0.12511 0.12507 0.12503 0.12499 0.12494 0.12489 0.12481 ( 1)  0.377
 674 A   0.12517 0.12513 0.12508 0.12504 0.12499 0.12494 0.12487 0.12479 ( 1)  0.377
 675 G   0.12516 0.12512 0.12508 0.12504 0.12499 0.12494 0.12488 0.12480 ( 1)  0.377
 676 S   0.12515 0.12511 0.12507 0.12503 0.12499 0.12494 0.12489 0.12481 ( 1)  0.377
 677 Q   0.12516 0.12512 0.12508 0.12504 0.12499 0.12494 0.12488 0.12480 ( 1)  0.377
 678 D   0.12521 0.12515 0.12510 0.12505 0.12499 0.12492 0.12484 0.12474 ( 1)  0.376
 679 Q   0.12516 0.12512 0.12508 0.12504 0.12499 0.12494 0.12488 0.12480 ( 1)  0.377
 680 Q   0.12516 0.12512 0.12508 0.12504 0.12499 0.12494 0.12488 0.12480 ( 1)  0.377
 681 D   0.12521 0.12515 0.12510 0.12505 0.12499 0.12492 0.12484 0.12474 ( 1)  0.376
 682 P   0.12512 0.12509 0.12506 0.12503 0.12499 0.12496 0.12491 0.12485 ( 1)  0.377
 683 D   0.12516 0.12512 0.12508 0.12504 0.12499 0.12494 0.12488 0.12479 ( 1)  0.377
 684 S   0.12512 0.12509 0.12506 0.12503 0.12499 0.12495 0.12491 0.12484 ( 1)  0.377
 685 R   0.12511 0.12508 0.12505 0.12502 0.12499 0.12496 0.12492 0.12486 ( 1)  0.377
 686 R   0.12511 0.12508 0.12505 0.12502 0.12499 0.12496 0.12492 0.12486 ( 1)  0.377
 687 L   0.12506 0.12505 0.12503 0.12501 0.12500 0.12498 0.12495 0.12492 ( 1)  0.377
 688 L   0.12511 0.12508 0.12505 0.12502 0.12499 0.12496 0.12492 0.12486 ( 1)  0.377
 689 Q   0.12511 0.12508 0.12505 0.12502 0.12499 0.12496 0.12492 0.12487 ( 1)  0.377
 690 L   0.12512 0.12509 0.12506 0.12503 0.12499 0.12495 0.12491 0.12485 ( 1)  0.377
 691 C   0.12514 0.12511 0.12507 0.12503 0.12499 0.12495 0.12489 0.12482 ( 1)  0.377
 692 T   0.12515 0.12511 0.12507 0.12503 0.12499 0.12494 0.12489 0.12481 ( 1)  0.377
 693 D   0.12521 0.12515 0.12510 0.12505 0.12499 0.12492 0.12484 0.12474 ( 1)  0.376
 694 A   0.12516 0.12512 0.12508 0.12504 0.12499 0.12494 0.12488 0.12480 ( 1)  0.377
 695 W   0.12511 0.12508 0.12506 0.12503 0.12499 0.12496 0.12491 0.12486 ( 1)  0.377
 696 E   0.12512 0.12509 0.12506 0.12503 0.12499 0.12495 0.12491 0.12484 ( 1)  0.377
 697 F   0.12517 0.12512 0.12508 0.12504 0.12499 0.12494 0.12487 0.12479 ( 1)  0.377
 698 E   0.12512 0.12509 0.12506 0.12503 0.12499 0.12495 0.12491 0.12484 ( 1)  0.377
 699 T   0.12514 0.12510 0.12507 0.12503 0.12499 0.12495 0.12490 0.12483 ( 1)  0.377
 700 P   0.12508 0.12506 0.12504 0.12502 0.12500 0.12497 0.12494 0.12490 ( 1)  0.377
 701 A   0.12512 0.12509 0.12506 0.12503 0.12499 0.12495 0.12491 0.12484 ( 1)  0.377
 702 N   0.12513 0.12509 0.12506 0.12503 0.12499 0.12495 0.12490 0.12484 ( 1)  0.377
 703 R   0.12506 0.12505 0.12503 0.12501 0.12500 0.12498 0.12495 0.12492 ( 1)  0.377
 704 Y   0.12515 0.12511 0.12507 0.12503 0.12499 0.12494 0.12489 0.12481 ( 1)  0.377
 705 A   0.12517 0.12513 0.12508 0.12504 0.12499 0.12494 0.12487 0.12479 ( 1)  0.377
 706 C   0.12514 0.12511 0.12507 0.12503 0.12499 0.12495 0.12489 0.12482 ( 1)  0.377
 707 G   0.12516 0.12512 0.12508 0.12504 0.12499 0.12494 0.12488 0.12480 ( 1)  0.377
 708 V   0.12515 0.12512 0.12508 0.12504 0.12499 0.12494 0.12488 0.12480 ( 1)  0.377
 709 C   0.12514 0.12511 0.12507 0.12503 0.12499 0.12495 0.12489 0.12482 ( 1)  0.377
 710 L   0.12511 0.12508 0.12505 0.12502 0.12499 0.12496 0.12492 0.12486 ( 1)  0.377
 711 S   0.12511 0.12508 0.12505 0.12502 0.12499 0.12496 0.12492 0.12486 ( 1)  0.377
 712 P   0.12515 0.12511 0.12507 0.12503 0.12499 0.12494 0.12489 0.12481 ( 1)  0.377
 713 C   0.12514 0.12511 0.12507 0.12503 0.12499 0.12495 0.12489 0.12482 ( 1)  0.377
 714 G   0.12507 0.12505 0.12504 0.12502 0.12500 0.12497 0.12495 0.12491 ( 1)  0.377
 715 Y   0.12515 0.12511 0.12507 0.12503 0.12499 0.12494 0.12489 0.12481 ( 1)  0.377
 716 A   0.12516 0.12512 0.12508 0.12504 0.12499 0.12494 0.12488 0.12480 ( 1)  0.377
 717 V   0.12512 0.12509 0.12506 0.12503 0.12499 0.12495 0.12491 0.12484 ( 1)  0.377
 718 A   0.12517 0.12513 0.12508 0.12504 0.12499 0.12494 0.12487 0.12479 ( 1)  0.377
 719 H   0.12515 0.12511 0.12507 0.12503 0.12499 0.12494 0.12489 0.12481 ( 1)  0.377
 720 R   0.12513 0.12509 0.12506 0.12503 0.12499 0.12495 0.12490 0.12484 ( 1)  0.377
 721 A   0.12517 0.12513 0.12508 0.12504 0.12499 0.12494 0.12487 0.12479 ( 1)  0.377
 722 N   0.12516 0.12512 0.12508 0.12504 0.12499 0.12494 0.12488 0.12479 ( 1)  0.377
 723 C   0.12511 0.12508 0.12505 0.12502 0.12499 0.12496 0.12492 0.12486 ( 1)  0.377
 724 L   0.12512 0.12509 0.12506 0.12503 0.12499 0.12495 0.12491 0.12485 ( 1)  0.377
 725 A   0.12517 0.12513 0.12508 0.12504 0.12499 0.12494 0.12487 0.12479 ( 1)  0.377
 726 C   0.12514 0.12511 0.12507 0.12503 0.12499 0.12495 0.12489 0.12482 ( 1)  0.377
 727 G   0.12512 0.12509 0.12506 0.12503 0.12499 0.12496 0.12491 0.12485 ( 1)  0.377
 728 R   0.12512 0.12509 0.12506 0.12503 0.12499 0.12496 0.12491 0.12485 ( 1)  0.377
 729 L   0.12512 0.12509 0.12506 0.12503 0.12499 0.12495 0.12491 0.12485 ( 1)  0.377
 730 A   0.12517 0.12513 0.12508 0.12504 0.12499 0.12494 0.12487 0.12479 ( 1)  0.377
 731 C   0.12511 0.12508 0.12505 0.12502 0.12499 0.12496 0.12492 0.12486 ( 1)  0.377
 732 S   0.12512 0.12509 0.12506 0.12503 0.12499 0.12495 0.12491 0.12484 ( 1)  0.377
 733 L   0.12512 0.12509 0.12506 0.12503 0.12499 0.12496 0.12491 0.12485 ( 1)  0.377
 734 C   0.12511 0.12508 0.12505 0.12502 0.12499 0.12496 0.12492 0.12486 ( 1)  0.377
 735 L   0.12516 0.12512 0.12508 0.12504 0.12499 0.12494 0.12488 0.12480 ( 1)  0.377
 736 R   0.12511 0.12508 0.12505 0.12502 0.12499 0.12496 0.12492 0.12486 ( 1)  0.377
 737 L   0.12512 0.12509 0.12506 0.12503 0.12499 0.12495 0.12491 0.12485 ( 1)  0.377
 738 L   0.12506 0.12505 0.12503 0.12501 0.12500 0.12498 0.12495 0.12492 ( 1)  0.377
 739 L   0.12511 0.12508 0.12505 0.12502 0.12499 0.12496 0.12492 0.12486 ( 1)  0.377
 740 P   0.12515 0.12511 0.12507 0.12503 0.12499 0.12494 0.12489 0.12481 ( 1)  0.377
 741 D   0.12521 0.12515 0.12510 0.12505 0.12499 0.12492 0.12484 0.12474 ( 1)  0.376
 742 N   0.12513 0.12509 0.12506 0.12503 0.12499 0.12495 0.12490 0.12484 ( 1)  0.377
 743 I   0.12515 0.12511 0.12507 0.12503 0.12499 0.12494 0.12489 0.12481 ( 1)  0.377
 744 P   0.12512 0.12509 0.12506 0.12503 0.12499 0.12496 0.12491 0.12485 ( 1)  0.377
 745 A   0.12512 0.12509 0.12506 0.12503 0.12499 0.12495 0.12491 0.12484 ( 1)  0.377
 746 A   0.12516 0.12512 0.12508 0.12504 0.12499 0.12494 0.12488 0.12480 ( 1)  0.377
 747 D   0.12516 0.12512 0.12508 0.12504 0.12499 0.12494 0.12488 0.12479 ( 1)  0.377
 748 A   0.12512 0.12509 0.12506 0.12503 0.12499 0.12495 0.12491 0.12484 ( 1)  0.377
 749 I   0.12511 0.12509 0.12506 0.12503 0.12499 0.12496 0.12491 0.12485 ( 1)  0.377
 750 D   0.12516 0.12512 0.12508 0.12504 0.12499 0.12494 0.12488 0.12479 ( 1)  0.377
 751 G   0.12516 0.12512 0.12508 0.12504 0.12499 0.12494 0.12488 0.12480 ( 1)  0.377
 752 D   0.12516 0.12512 0.12508 0.12504 0.12499 0.12494 0.12488 0.12479 ( 1)  0.377
 753 V   0.12515 0.12512 0.12508 0.12504 0.12499 0.12494 0.12488 0.12480 ( 1)  0.377
 754 Q   0.12511 0.12508 0.12505 0.12502 0.12499 0.12496 0.12492 0.12487 ( 1)  0.377
 755 L   0.12511 0.12508 0.12505 0.12502 0.12499 0.12496 0.12492 0.12486 ( 1)  0.377
 756 S   0.12514 0.12510 0.12507 0.12503 0.12499 0.12495 0.12490 0.12482 ( 1)  0.377
 757 Q   0.12516 0.12512 0.12508 0.12504 0.12499 0.12494 0.12488 0.12480 ( 1)  0.377
 758 R   0.12513 0.12509 0.12506 0.12503 0.12499 0.12495 0.12490 0.12484 ( 1)  0.377
 759 Q   0.12516 0.12512 0.12508 0.12504 0.12499 0.12494 0.12488 0.12480 ( 1)  0.377
 760 L   0.12512 0.12509 0.12506 0.12503 0.12499 0.12495 0.12491 0.12485 ( 1)  0.377
 761 P   0.12516 0.12512 0.12508 0.12504 0.12499 0.12494 0.12488 0.12480 ( 1)  0.377
 762 P   0.12515 0.12511 0.12507 0.12503 0.12499 0.12494 0.12489 0.12481 ( 1)  0.377
 763 L   0.12511 0.12508 0.12505 0.12502 0.12499 0.12496 0.12492 0.12486 ( 1)  0.377
 764 L   0.12512 0.12509 0.12506 0.12503 0.12499 0.12495 0.12491 0.12485 ( 1)  0.377
 765 I   0.12511 0.12509 0.12506 0.12503 0.12499 0.12496 0.12491 0.12485 ( 1)  0.377
 766 G   0.12512 0.12509 0.12506 0.12503 0.12499 0.12496 0.12491 0.12485 ( 1)  0.377
 767 Q   0.12516 0.12512 0.12508 0.12504 0.12499 0.12494 0.12488 0.12480 ( 1)  0.377
 768 T   0.12511 0.12508 0.12505 0.12502 0.12499 0.12496 0.12492 0.12486 ( 1)  0.377
 769 R   0.12515 0.12511 0.12507 0.12503 0.12499 0.12494 0.12489 0.12481 ( 1)  0.377
 770 G   0.12516 0.12512 0.12508 0.12504 0.12499 0.12494 0.12488 0.12480 ( 1)  0.377
 771 Q   0.12511 0.12508 0.12505 0.12502 0.12499 0.12496 0.12492 0.12487 ( 1)  0.377
 772 S   0.12506 0.12504 0.12503 0.12501 0.12500 0.12498 0.12496 0.12493 ( 1)  0.377
 773 A   0.12516 0.12512 0.12508 0.12504 0.12499 0.12494 0.12488 0.12480 ( 1)  0.377
 774 M   0.12516 0.12512 0.12508 0.12504 0.12499 0.12494 0.12488 0.12479 ( 1)  0.377
 775 V   0.12517 0.12512 0.12508 0.12504 0.12499 0.12494 0.12487 0.12479 ( 1)  0.377
 776 C   0.12511 0.12508 0.12505 0.12502 0.12499 0.12496 0.12492 0.12486 ( 1)  0.377
 777 R   0.12515 0.12511 0.12507 0.12503 0.12499 0.12494 0.12489 0.12481 ( 1)  0.377
 778 I   0.12515 0.12511 0.12507 0.12503 0.12499 0.12494 0.12489 0.12481 ( 1)  0.377
 779 C   0.12514 0.12511 0.12507 0.12503 0.12499 0.12495 0.12489 0.12482 ( 1)  0.377
 780 W   0.12511 0.12508 0.12506 0.12503 0.12499 0.12496 0.12491 0.12486 ( 1)  0.377
 781 P   0.12508 0.12506 0.12504 0.12502 0.12500 0.12497 0.12494 0.12490 ( 1)  0.377
 782 E   0.12519 0.12514 0.12509 0.12504 0.12499 0.12493 0.12486 0.12476 ( 1)  0.376
 783 T   0.12511 0.12508 0.12505 0.12502 0.12499 0.12496 0.12492 0.12486 ( 1)  0.377
 784 D   0.12521 0.12515 0.12510 0.12505 0.12499 0.12492 0.12484 0.12474 ( 1)  0.376
 785 G   0.12507 0.12505 0.12504 0.12502 0.12500 0.12497 0.12495 0.12491 ( 1)  0.377
 786 L   0.12511 0.12508 0.12505 0.12502 0.12499 0.12496 0.12492 0.12486 ( 1)  0.377
 787 A   0.12516 0.12512 0.12508 0.12504 0.12499 0.12494 0.12488 0.12480 ( 1)  0.377
 788 Q   0.12511 0.12508 0.12505 0.12502 0.12499 0.12496 0.12492 0.12487 ( 1)  0.377
 789 V   0.12512 0.12509 0.12506 0.12503 0.12499 0.12495 0.12491 0.12484 ( 1)  0.377
 790 A   0.12512 0.12509 0.12506 0.12503 0.12499 0.12495 0.12491 0.12484 ( 1)  0.377
 791 D   0.12521 0.12515 0.12510 0.12505 0.12499 0.12492 0.12484 0.12474 ( 1)  0.376
 792 D   0.12516 0.12512 0.12508 0.12504 0.12499 0.12494 0.12488 0.12479 ( 1)  0.377
 793 A   0.12512 0.12509 0.12506 0.12503 0.12499 0.12495 0.12491 0.12484 ( 1)  0.377
 794 A   0.12512 0.12509 0.12506 0.12503 0.12499 0.12495 0.12491 0.12484 ( 1)  0.377
 795 S   0.12511 0.12508 0.12505 0.12502 0.12499 0.12496 0.12492 0.12486 ( 1)  0.377
 796 L   0.12511 0.12508 0.12505 0.12502 0.12499 0.12496 0.12492 0.12486 ( 1)  0.377
 797 D   0.12521 0.12515 0.12510 0.12505 0.12499 0.12492 0.12484 0.12474 ( 1)  0.376
 798 A   0.12512 0.12509 0.12506 0.12503 0.12499 0.12495 0.12491 0.12484 ( 1)  0.377
 799 D   0.12516 0.12512 0.12508 0.12504 0.12499 0.12494 0.12488 0.12479 ( 1)  0.377
 800 H   0.12519 0.12514 0.12509 0.12504 0.12499 0.12493 0.12485 0.12475 ( 1)  0.376
 801 V   0.12515 0.12512 0.12508 0.12504 0.12499 0.12494 0.12488 0.12480 ( 1)  0.377
 802 T   0.12511 0.12508 0.12505 0.12502 0.12499 0.12496 0.12492 0.12486 ( 1)  0.377
 803 A   0.12508 0.12506 0.12504 0.12502 0.12500 0.12497 0.12494 0.12490 ( 1)  0.377
 804 A   0.12516 0.12512 0.12508 0.12504 0.12499 0.12494 0.12488 0.12480 ( 1)  0.377
 805 I   0.12511 0.12509 0.12506 0.12503 0.12499 0.12496 0.12491 0.12485 ( 1)  0.377
 806 E   0.12519 0.12514 0.12509 0.12504 0.12499 0.12493 0.12486 0.12476 ( 1)  0.376
 807 A   0.12512 0.12509 0.12506 0.12503 0.12499 0.12495 0.12491 0.12484 ( 1)  0.377
 808 V   0.12515 0.12512 0.12508 0.12504 0.12499 0.12494 0.12488 0.12480 ( 1)  0.377
 809 Q   0.12511 0.12508 0.12505 0.12502 0.12499 0.12496 0.12492 0.12487 ( 1)  0.377
 810 I   0.12511 0.12509 0.12506 0.12503 0.12499 0.12496 0.12491 0.12485 ( 1)  0.377
 811 D   0.12516 0.12512 0.12508 0.12504 0.12499 0.12494 0.12488 0.12479 ( 1)  0.377
 812 L   0.12512 0.12509 0.12506 0.12503 0.12499 0.12495 0.12491 0.12485 ( 1)  0.377
 813 M   0.12516 0.12512 0.12508 0.12504 0.12499 0.12494 0.12488 0.12479 ( 1)  0.377
 814 S   0.12514 0.12510 0.12507 0.12503 0.12499 0.12495 0.12490 0.12482 ( 1)  0.377


lnL = -3313.017941

