Supplemental results for CODEML (seqf: algn  treef: tree)


dN/dS (w) for site classes (K=3)

p:   0.53106  0.46892  0.00001
w:   0.00000  1.00000  1.00000

Naive Empirical Bayes (NEB) probabilities for 3 classes & postmean_w
(amino acids refer to 1st sequence: scm.11236)

   1 M   0.53194 0.46804 0.00001 ( 1)  0.468
   2 K   0.53159 0.46840 0.00001 ( 1)  0.468
   3 S   0.53162 0.46837 0.00001 ( 1)  0.468
   4 N   0.53208 0.46791 0.00001 ( 1)  0.468
   5 P   0.53156 0.46842 0.00001 ( 1)  0.468
   6 D   0.53142 0.46857 0.00001 ( 1)  0.469
   7 S   0.53155 0.46843 0.00001 ( 1)  0.468
   8 P   0.53156 0.46842 0.00001 ( 1)  0.468
   9 I   0.53215 0.46783 0.00001 ( 1)  0.468
  10 I   0.53205 0.46793 0.00001 ( 1)  0.468
  11 S   0.53155 0.46843 0.00001 ( 1)  0.468
  12 I   0.53146 0.46853 0.00001 ( 1)  0.469
  13 S   0.53194 0.46804 0.00001 ( 1)  0.468
  14 P   0.53156 0.46842 0.00001 ( 1)  0.468
  15 R   0.53184 0.46815 0.00001 ( 1)  0.468
  16 H   0.53161 0.46838 0.00001 ( 1)  0.468
  17 Y   0.53163 0.46835 0.00001 ( 1)  0.468
  18 I   0.53146 0.46853 0.00001 ( 1)  0.469
  19 H   0.53161 0.46838 0.00001 ( 1)  0.468
  20 V   0.53154 0.46845 0.00001 ( 1)  0.468
  21 L   0.53129 0.46869 0.00001 ( 1)  0.469
  22 N   0.53147 0.46852 0.00001 ( 1)  0.469
  23 L   0.53118 0.46881 0.00001 ( 1)  0.469
  24 N   0.53208 0.46791 0.00001 ( 1)  0.468
  25 T   0.53198 0.46800 0.00001 ( 1)  0.468
  26 H   0.53161 0.46838 0.00001 ( 1)  0.468
  27 V   0.53143 0.46855 0.00001 ( 1)  0.469
  28 T   0.53143 0.46855 0.00001 ( 1)  0.469
  29 S   0.53155 0.46843 0.00001 ( 1)  0.468
  30 L   0.53162 0.46837 0.00001 ( 1)  0.468
  31 V   0.53198 0.46800 0.00001 ( 1)  0.468
  32 V   0.53198 0.46800 0.00001 ( 1)  0.468
  33 G   0.53196 0.46803 0.00001 ( 1)  0.468
  34 P   0.53163 0.46836 0.00001 ( 1)  0.468
  35 K   0.53159 0.46840 0.00001 ( 1)  0.468
  36 T   0.53188 0.46811 0.00001 ( 1)  0.468
  37 Y   0.53163 0.46835 0.00001 ( 1)  0.468
  38 V   0.53198 0.46800 0.00001 ( 1)  0.468
  39 C   0.53128 0.46871 0.00001 ( 1)  0.469
  40 Q   0.53125 0.46873 0.00001 ( 1)  0.469
  41 Q   0.53117 0.46881 0.00001 ( 1)  0.469
  42 D   0.53194 0.46804 0.00001 ( 1)  0.468
  43 E   0.53184 0.46814 0.00001 ( 1)  0.468
  44 K   0.53159 0.46840 0.00001 ( 1)  0.468
  45 I   0.53205 0.46793 0.00001 ( 1)  0.468
  46 V   0.53198 0.46800 0.00001 ( 1)  0.468
  47 L   0.53129 0.46870 0.00001 ( 1)  0.469
  48 G   0.53196 0.46803 0.00001 ( 1)  0.468
  49 P   0.53163 0.46836 0.00001 ( 1)  0.468
  50 E   0.53152 0.46847 0.00001 ( 1)  0.468
  51 E   0.53184 0.46814 0.00001 ( 1)  0.468
  52 L   0.53129 0.46869 0.00001 ( 1)  0.469
  53 T   0.53198 0.46800 0.00001 ( 1)  0.468
  54 V   0.53143 0.46855 0.00001 ( 1)  0.469
  55 V   0.53198 0.46800 0.00001 ( 1)  0.468
  56 P   0.53136 0.46863 0.00001 ( 1)  0.469
  57 T   0.53154 0.46845 0.00001 ( 1)  0.468
  58 M   0.53194 0.46804 0.00001 ( 1)  0.468
  59 M   0.53194 0.46804 0.00001 ( 1)  0.468
  60 Y   0.53129 0.46869 0.00001 ( 1)  0.469
  61 C   0.53128 0.46871 0.00001 ( 1)  0.469
  62 V   0.53154 0.46845 0.00001 ( 1)  0.468
  63 I   0.53205 0.46793 0.00001 ( 1)  0.468
  64 R   0.53141 0.46858 0.00001 ( 1)  0.469
  65 N   0.53147 0.46852 0.00001 ( 1)  0.469
  66 P   0.53156 0.46842 0.00001 ( 1)  0.468
  67 V   0.53198 0.46800 0.00001 ( 1)  0.468
  68 I   0.53215 0.46783 0.00001 ( 1)  0.468
  69 T   0.53188 0.46811 0.00001 ( 1)  0.468
  70 D   0.53142 0.46857 0.00001 ( 1)  0.469
  71 K   0.53196 0.46803 0.00001 ( 1)  0.468
  72 D   0.53142 0.46857 0.00001 ( 1)  0.469
  73 G   0.53207 0.46791 0.00001 ( 1)  0.468
  74 V   0.53198 0.46800 0.00001 ( 1)  0.468
  75 P   0.53156 0.46842 0.00001 ( 1)  0.468
  76 V   0.53188 0.46811 0.00001 ( 1)  0.468
  77 V   0.53143 0.46855 0.00001 ( 1)  0.469
  78 D   0.53142 0.46857 0.00001 ( 1)  0.469
  79 K   0.53196 0.46803 0.00001 ( 1)  0.468
  80 F   0.53163 0.46835 0.00001 ( 1)  0.468
  81 G   0.53196 0.46803 0.00001 ( 1)  0.468
  82 Q   0.53117 0.46881 0.00001 ( 1)  0.469
  83 V   0.53198 0.46800 0.00001 ( 1)  0.468
  84 K   0.53196 0.46803 0.00001 ( 1)  0.468
  85 V   0.53198 0.46800 0.00001 ( 1)  0.468
  86 R   0.53141 0.46858 0.00001 ( 1)  0.469
  87 M   0.53194 0.46804 0.00001 ( 1)  0.468
  88 G   0.53207 0.46791 0.00001 ( 1)  0.468
  89 D   0.53142 0.46857 0.00001 ( 1)  0.469
  90 E   0.53152 0.46847 0.00001 ( 1)  0.468
  91 E   0.53152 0.46847 0.00001 ( 1)  0.468
  92 Y   0.53129 0.46869 0.00001 ( 1)  0.469
  93 R   0.53163 0.46835 0.00001 ( 1)  0.468
  94 F   0.53129 0.46869 0.00001 ( 1)  0.469
  95 A   0.53146 0.46853 0.00001 ( 1)  0.469
  96 Q   0.53125 0.46873 0.00001 ( 1)  0.469
  97 D   0.53194 0.46804 0.00001 ( 1)  0.468
  98 P   0.53163 0.46836 0.00001 ( 1)  0.468
  99 F   0.53129 0.46869 0.00001 ( 1)  0.469
 100 P   0.53156 0.46842 0.00001 ( 1)  0.468
 101 L   0.53118 0.46881 0.00001 ( 1)  0.469
 102 Y   0.53163 0.46835 0.00001 ( 1)  0.468
 103 P   0.53136 0.46863 0.00001 ( 1)  0.469
 104 G   0.53207 0.46791 0.00001 ( 1)  0.468
 105 E   0.53184 0.46814 0.00001 ( 1)  0.468
 106 T   0.53198 0.46800 0.00001 ( 1)  0.468
 107 L   0.53126 0.46873 0.00001 ( 1)  0.469
 108 K   0.53159 0.46840 0.00001 ( 1)  0.468
 109 D   0.53194 0.46804 0.00001 ( 1)  0.468
 110 I   0.53146 0.46853 0.00001 ( 1)  0.469
 111 V   0.53143 0.46855 0.00001 ( 1)  0.469
 112 R   0.53184 0.46815 0.00001 ( 1)  0.468
 113 P   0.53163 0.46836 0.00001 ( 1)  0.468
 114 L   0.53129 0.46869 0.00001 ( 1)  0.469
 115 P   0.53163 0.46836 0.00001 ( 1)  0.468
 116 V   0.53198 0.46800 0.00001 ( 1)  0.468
 117 V   0.53198 0.46800 0.00001 ( 1)  0.468
 118 L   0.53120 0.46879 0.00001 ( 1)  0.469
 119 P   0.53156 0.46842 0.00001 ( 1)  0.468
 120 N   0.53147 0.46852 0.00001 ( 1)  0.469
 121 S   0.53135 0.46864 0.00001 ( 1)  0.469
 122 A   0.53194 0.46805 0.00001 ( 1)  0.468
 123 L   0.53129 0.46870 0.00001 ( 1)  0.469
 124 R   0.53184 0.46815 0.00001 ( 1)  0.468
 125 L   0.53119 0.46880 0.00001 ( 1)  0.469
 126 R   0.53141 0.46858 0.00001 ( 1)  0.469
 127 A   0.53194 0.46805 0.00001 ( 1)  0.468
 128 V   0.53198 0.46800 0.00001 ( 1)  0.468
 129 S   0.53135 0.46864 0.00001 ( 1)  0.469
 130 D   0.53194 0.46804 0.00001 ( 1)  0.468
 131 F   0.53163 0.46835 0.00001 ( 1)  0.468
 132 E   0.53184 0.46814 0.00001 ( 1)  0.468
 133 D   0.53194 0.46804 0.00001 ( 1)  0.468
 134 G   0.53196 0.46803 0.00001 ( 1)  0.468
 135 N   0.53147 0.46852 0.00001 ( 1)  0.469
 136 V   0.53143 0.46855 0.00001 ( 1)  0.469
 137 R   0.53184 0.46815 0.00001 ( 1)  0.468
 138 R   0.53141 0.46858 0.00001 ( 1)  0.469
 139 I   0.53215 0.46783 0.00001 ( 1)  0.468
 140 A   0.53205 0.46793 0.00001 ( 1)  0.468
 141 G   0.53196 0.46803 0.00001 ( 1)  0.468
 142 E   0.53152 0.46847 0.00001 ( 1)  0.468
 143 E   0.53184 0.46814 0.00001 ( 1)  0.468
 144 W   0.53117 0.46881 0.00001 ( 1)  0.469
 145 L   0.53118 0.46881 0.00001 ( 1)  0.469
 146 F   0.53163 0.46835 0.00001 ( 1)  0.468
 147 E   0.53152 0.46847 0.00001 ( 1)  0.468
 148 G   0.53196 0.46803 0.00001 ( 1)  0.468
 149 P   0.53163 0.46836 0.00001 ( 1)  0.468
 150 G   0.53207 0.46791 0.00001 ( 1)  0.468
 151 T   0.53143 0.46855 0.00001 ( 1)  0.469
 152 Y   0.53163 0.46835 0.00001 ( 1)  0.468
 153 Y   0.53129 0.46869 0.00001 ( 1)  0.469
 154 P   0.53129 0.46869 0.00001 ( 1)  0.469
 155 R   0.53184 0.46815 0.00001 ( 1)  0.468
 156 K   0.53196 0.46803 0.00001 ( 1)  0.468
 157 E   0.53152 0.46847 0.00001 ( 1)  0.468
 158 V   0.53198 0.46800 0.00001 ( 1)  0.468
 159 E   0.53184 0.46814 0.00001 ( 1)  0.468
 160 I   0.53205 0.46793 0.00001 ( 1)  0.468
 161 V   0.53188 0.46811 0.00001 ( 1)  0.468
 162 K   0.53196 0.46803 0.00001 ( 1)  0.468
 163 C   0.53128 0.46871 0.00001 ( 1)  0.469
 164 E   0.53152 0.46847 0.00001 ( 1)  0.468
 165 Q   0.53125 0.46873 0.00001 ( 1)  0.469
 166 A   0.53146 0.46853 0.00001 ( 1)  0.469
 167 K   0.53196 0.46803 0.00001 ( 1)  0.468
 168 V   0.53154 0.46845 0.00001 ( 1)  0.468
 169 I   0.53205 0.46793 0.00001 ( 1)  0.468
 170 L   0.53162 0.46837 0.00001 ( 1)  0.468
 171 V   0.53143 0.46855 0.00001 ( 1)  0.469
 172 N   0.53147 0.46852 0.00001 ( 1)  0.469
 173 S   0.53162 0.46837 0.00001 ( 1)  0.468
 174 A   0.53205 0.46793 0.00001 ( 1)  0.468
 175 L   0.53162 0.46837 0.00001 ( 1)  0.468
 176 V   0.53188 0.46811 0.00001 ( 1)  0.468
 177 M   0.53194 0.46804 0.00001 ( 1)  0.468
 178 E   0.53152 0.46847 0.00001 ( 1)  0.468
 179 A   0.53146 0.46853 0.00001 ( 1)  0.469
 180 T   0.53188 0.46811 0.00001 ( 1)  0.468
 181 K   0.53196 0.46803 0.00001 ( 1)  0.468
 182 D   0.53194 0.46804 0.00001 ( 1)  0.468
 183 C   0.53128 0.46871 0.00001 ( 1)  0.469
 184 V   0.53143 0.46855 0.00001 ( 1)  0.469
 185 D   0.53194 0.46804 0.00001 ( 1)  0.468
 186 R   0.53141 0.46858 0.00001 ( 1)  0.469
 187 S   0.53194 0.46804 0.00001 ( 1)  0.468
 188 G   0.53207 0.46791 0.00001 ( 1)  0.468
 189 V   0.53198 0.46800 0.00001 ( 1)  0.468
 190 P   0.53163 0.46836 0.00001 ( 1)  0.468
 191 R   0.53163 0.46835 0.00001 ( 1)  0.468
 192 V   0.53198 0.46800 0.00001 ( 1)  0.468
 193 Y   0.53163 0.46835 0.00001 ( 1)  0.468
 194 G   0.53207 0.46791 0.00001 ( 1)  0.468
 195 E   0.53152 0.46847 0.00001 ( 1)  0.468
 196 R   0.53141 0.46858 0.00001 ( 1)  0.469
 197 W   0.53117 0.46881 0.00001 ( 1)  0.469
 198 L   0.53126 0.46873 0.00001 ( 1)  0.469
 199 V   0.53198 0.46800 0.00001 ( 1)  0.468
 200 T   0.53154 0.46845 0.00001 ( 1)  0.468
 201 T   0.53188 0.46811 0.00001 ( 1)  0.468
 202 P   0.53156 0.46842 0.00001 ( 1)  0.468
 203 G   0.53207 0.46791 0.00001 ( 1)  0.468
 204 A   0.53194 0.46805 0.00001 ( 1)  0.468
 205 Y   0.53129 0.46869 0.00001 ( 1)  0.469
 206 L   0.53129 0.46870 0.00001 ( 1)  0.469
 207 P   0.53136 0.46863 0.00001 ( 1)  0.469
 208 G   0.53207 0.46791 0.00001 ( 1)  0.468
 209 V   0.53143 0.46855 0.00001 ( 1)  0.469
 210 Y   0.53163 0.46835 0.00001 ( 1)  0.468
 211 E   0.53152 0.46847 0.00001 ( 1)  0.468
 212 Q   0.53125 0.46873 0.00001 ( 1)  0.469
 213 I   0.53205 0.46793 0.00001 ( 1)  0.468
 214 V   0.53143 0.46855 0.00001 ( 1)  0.469
 215 D   0.53142 0.46857 0.00001 ( 1)  0.469
 216 E   0.53184 0.46814 0.00001 ( 1)  0.468
 217 R   0.53129 0.46869 0.00001 ( 1)  0.469
 218 K   0.53196 0.46803 0.00001 ( 1)  0.468
 219 A   0.53158 0.46841 0.00001 ( 1)  0.468
 220 I   0.53205 0.46793 0.00001 ( 1)  0.468
 221 T   0.53188 0.46811 0.00001 ( 1)  0.468
 222 L   0.53129 0.46869 0.00001 ( 1)  0.469
 223 T   0.53188 0.46811 0.00001 ( 1)  0.468
 224 D   0.53142 0.46857 0.00001 ( 1)  0.469
 225 R   0.53184 0.46815 0.00001 ( 1)  0.468
 226 R   0.53136 0.46863 0.00001 ( 1)  0.469
 227 A   0.53158 0.46841 0.00001 ( 1)  0.468
 228 I   0.53215 0.46783 0.00001 ( 1)  0.468
 229 C   0.53161 0.46838 0.00001 ( 1)  0.468
 230 V   0.53143 0.46855 0.00001 ( 1)  0.469
 231 K   0.53196 0.46803 0.00001 ( 1)  0.468
 232 A   0.53205 0.46793 0.00001 ( 1)  0.468
 233 V   0.53143 0.46855 0.00001 ( 1)  0.469
 234 K   0.53159 0.46840 0.00001 ( 1)  0.468
 235 S   0.53162 0.46837 0.00001 ( 1)  0.468
 236 H   0.53161 0.46838 0.00001 ( 1)  0.468
 237 C   0.53161 0.46838 0.00001 ( 1)  0.468
 238 D   0.53142 0.46857 0.00001 ( 1)  0.469
 239 K   0.53196 0.46803 0.00001 ( 1)  0.468
 240 F   0.53129 0.46869 0.00001 ( 1)  0.469
 241 G   0.53159 0.46840 0.00001 ( 1)  0.468
 242 K   0.53196 0.46803 0.00001 ( 1)  0.468
 243 Y   0.53163 0.46835 0.00001 ( 1)  0.468
 244 R   0.53129 0.46869 0.00001 ( 1)  0.469
 245 K   0.53196 0.46803 0.00001 ( 1)  0.468
 246 A   0.53205 0.46793 0.00001 ( 1)  0.468
 247 G   0.53207 0.46791 0.00001 ( 1)  0.468
 248 E   0.53184 0.46814 0.00001 ( 1)  0.468
 249 E   0.53184 0.46814 0.00001 ( 1)  0.468
 250 W   0.53117 0.46881 0.00001 ( 1)  0.469
 251 L   0.53126 0.46873 0.00001 ( 1)  0.469
 252 I   0.53205 0.46793 0.00001 ( 1)  0.468
 253 T   0.53188 0.46811 0.00001 ( 1)  0.468
 254 H   0.53128 0.46870 0.00001 ( 1)  0.469
 255 E   0.53184 0.46814 0.00001 ( 1)  0.468
 256 D   0.53194 0.46804 0.00001 ( 1)  0.468
 257 A   0.53158 0.46841 0.00001 ( 1)  0.468
 258 E   0.53152 0.46847 0.00001 ( 1)  0.468
 259 Y   0.53163 0.46835 0.00001 ( 1)  0.468
 260 H   0.53128 0.46870 0.00001 ( 1)  0.469
 261 I   0.53205 0.46793 0.00001 ( 1)  0.468
 262 C   0.53128 0.46871 0.00001 ( 1)  0.469
 263 S   0.53194 0.46804 0.00001 ( 1)  0.468
 264 A   0.53194 0.46805 0.00001 ( 1)  0.468
 265 L   0.53162 0.46837 0.00001 ( 1)  0.468
 266 E   0.53152 0.46847 0.00001 ( 1)  0.468
 267 E   0.53152 0.46847 0.00001 ( 1)  0.468
 268 F   0.53163 0.46835 0.00001 ( 1)  0.468
 269 V   0.53154 0.46845 0.00001 ( 1)  0.468
 270 R   0.53184 0.46815 0.00001 ( 1)  0.468
 271 E   0.53184 0.46814 0.00001 ( 1)  0.468
 272 V   0.53143 0.46855 0.00001 ( 1)  0.469
 273 E   0.53184 0.46814 0.00001 ( 1)  0.468
 274 V   0.53198 0.46800 0.00001 ( 1)  0.468
 275 T   0.53188 0.46811 0.00001 ( 1)  0.468
 276 I   0.53146 0.46853 0.00001 ( 1)  0.469
 277 L   0.53129 0.46869 0.00001 ( 1)  0.469
 278 G   0.53207 0.46791 0.00001 ( 1)  0.468
 279 V   0.53143 0.46855 0.00001 ( 1)  0.469
 280 H   0.53161 0.46838 0.00001 ( 1)  0.468
 281 Q   0.53117 0.46881 0.00001 ( 1)  0.469
 282 F   0.53163 0.46835 0.00001 ( 1)  0.468
 283 C   0.53161 0.46838 0.00001 ( 1)  0.468
 284 V   0.53154 0.46845 0.00001 ( 1)  0.468
 285 V   0.53188 0.46811 0.00001 ( 1)  0.468
 286 V   0.53143 0.46855 0.00001 ( 1)  0.469
 287 N   0.53147 0.46852 0.00001 ( 1)  0.469
 288 P   0.53163 0.46836 0.00001 ( 1)  0.468
 289 W   0.53117 0.46881 0.00001 ( 1)  0.469
 290 D   0.53194 0.46804 0.00001 ( 1)  0.468
 291 E   0.53152 0.46847 0.00001 ( 1)  0.468
 292 N   0.53147 0.46852 0.00001 ( 1)  0.469
 293 G   0.53207 0.46791 0.00001 ( 1)  0.468
 294 V   0.53198 0.46800 0.00001 ( 1)  0.468
 295 P   0.53163 0.46836 0.00001 ( 1)  0.468
 296 Q   0.53117 0.46881 0.00001 ( 1)  0.469
 297 L   0.53126 0.46873 0.00001 ( 1)  0.469
 298 G   0.53159 0.46840 0.00001 ( 1)  0.468
 299 R   0.53184 0.46815 0.00001 ( 1)  0.468
 300 K   0.53196 0.46803 0.00001 ( 1)  0.468
 301 L   0.53126 0.46873 0.00001 ( 1)  0.469
 302 L   0.53126 0.46873 0.00001 ( 1)  0.469
 303 V   0.53188 0.46811 0.00001 ( 1)  0.468
 304 R   0.53163 0.46835 0.00001 ( 1)  0.468
 305 G   0.53207 0.46791 0.00001 ( 1)  0.468
 306 E   0.53184 0.46814 0.00001 ( 1)  0.468
 307 K   0.53159 0.46840 0.00001 ( 1)  0.468
 308 S   0.53155 0.46843 0.00001 ( 1)  0.468
 309 F   0.53129 0.46869 0.00001 ( 1)  0.469
 310 F   0.53163 0.46835 0.00001 ( 1)  0.468
 311 L   0.53120 0.46879 0.00001 ( 1)  0.469
 312 R   0.53184 0.46815 0.00001 ( 1)  0.468
 313 P   0.53156 0.46842 0.00001 ( 1)  0.468
 314 G   0.53196 0.46803 0.00001 ( 1)  0.468
 315 E   0.53152 0.46847 0.00001 ( 1)  0.468
 316 C   0.53161 0.46838 0.00001 ( 1)  0.468
 317 L   0.53126 0.46873 0.00001 ( 1)  0.469
 318 E   0.53184 0.46814 0.00001 ( 1)  0.468
 319 R   0.53152 0.46847 0.00001 ( 1)  0.468
 320 G   0.53207 0.46791 0.00001 ( 1)  0.468
 321 V   0.53198 0.46800 0.00001 ( 1)  0.468
 322 Q   0.53125 0.46873 0.00001 ( 1)  0.469
 323 D   0.53194 0.46804 0.00001 ( 1)  0.468
 324 A   0.53205 0.46793 0.00001 ( 1)  0.468
 325 Y   0.53163 0.46835 0.00001 ( 1)  0.468
 326 I   0.53205 0.46793 0.00001 ( 1)  0.468
 327 L   0.53118 0.46881 0.00001 ( 1)  0.469
 328 Q   0.53117 0.46881 0.00001 ( 1)  0.469
 329 N   0.53208 0.46791 0.00001 ( 1)  0.468
 330 D   0.53142 0.46857 0.00001 ( 1)  0.469
 331 E   0.53184 0.46814 0.00001 ( 1)  0.468
 332 G   0.53207 0.46791 0.00001 ( 1)  0.468
 333 L   0.53162 0.46837 0.00001 ( 1)  0.468
 334 I   0.53205 0.46793 0.00001 ( 1)  0.468
 335 L   0.53162 0.46837 0.00001 ( 1)  0.468
 336 R   0.53141 0.46858 0.00001 ( 1)  0.469
 337 A   0.53205 0.46793 0.00001 ( 1)  0.468
 338 K   0.53196 0.46803 0.00001 ( 1)  0.468
 339 E   0.53184 0.46814 0.00001 ( 1)  0.468
 340 Q   0.53117 0.46881 0.00001 ( 1)  0.469
 341 F   0.53163 0.46835 0.00001 ( 1)  0.468
 342 V   0.53143 0.46855 0.00001 ( 1)  0.469
 343 E   0.53152 0.46847 0.00001 ( 1)  0.468
 344 D   0.53194 0.46804 0.00001 ( 1)  0.468
 345 I   0.53215 0.46783 0.00001 ( 1)  0.468
 346 C   0.53161 0.46838 0.00001 ( 1)  0.468
 347 G   0.53159 0.46840 0.00001 ( 1)  0.468
 348 D   0.53142 0.46857 0.00001 ( 1)  0.469
 349 A   0.53205 0.46793 0.00001 ( 1)  0.468
 350 I   0.53215 0.46783 0.00001 ( 1)  0.468
 351 S   0.53162 0.46837 0.00001 ( 1)  0.468
 352 E   0.53152 0.46847 0.00001 ( 1)  0.468
 353 G   0.53159 0.46840 0.00001 ( 1)  0.468
 354 E   0.53152 0.46847 0.00001 ( 1)  0.468
 355 S   0.53162 0.46837 0.00001 ( 1)  0.468
 356 V   0.53154 0.46845 0.00001 ( 1)  0.468
 357 K   0.53159 0.46840 0.00001 ( 1)  0.468
 358 Q   0.53117 0.46881 0.00001 ( 1)  0.469
 359 K   0.53159 0.46840 0.00001 ( 1)  0.468
 360 K   0.53196 0.46803 0.00001 ( 1)  0.468
 361 C   0.53161 0.46838 0.00001 ( 1)  0.468
 362 I   0.53215 0.46783 0.00001 ( 1)  0.468
 363 R   0.53163 0.46835 0.00001 ( 1)  0.468
 364 R   0.53163 0.46835 0.00001 ( 1)  0.468
 365 P   0.53163 0.46836 0.00001 ( 1)  0.468
 366 G   0.53207 0.46791 0.00001 ( 1)  0.468
 367 D   0.53194 0.46804 0.00001 ( 1)  0.468
 368 R   0.53141 0.46858 0.00001 ( 1)  0.469
 369 W   0.53117 0.46881 0.00001 ( 1)  0.469
 370 M   0.53194 0.46804 0.00001 ( 1)  0.468
 371 L   0.53126 0.46873 0.00001 ( 1)  0.469
 372 R   0.53163 0.46835 0.00001 ( 1)  0.468
 373 G   0.53196 0.46803 0.00001 ( 1)  0.468
 374 P   0.53129 0.46869 0.00001 ( 1)  0.469
 375 I   0.53146 0.46853 0.00001 ( 1)  0.469
 376 E   0.53184 0.46814 0.00001 ( 1)  0.468
 377 Y   0.53129 0.46869 0.00001 ( 1)  0.469
 378 I   0.53215 0.46783 0.00001 ( 1)  0.468
 379 P   0.53163 0.46836 0.00001 ( 1)  0.468
 380 P   0.53163 0.46836 0.00001 ( 1)  0.468
 381 V   0.53198 0.46800 0.00001 ( 1)  0.468
 382 E   0.53184 0.46814 0.00001 ( 1)  0.468
 383 V   0.53154 0.46845 0.00001 ( 1)  0.468
 384 E   0.53184 0.46814 0.00001 ( 1)  0.468
 385 V   0.53154 0.46845 0.00001 ( 1)  0.468
 386 I   0.53215 0.46783 0.00001 ( 1)  0.468
 387 D   0.53142 0.46857 0.00001 ( 1)  0.469
 388 R   0.53163 0.46835 0.00001 ( 1)  0.468
 389 R   0.53163 0.46835 0.00001 ( 1)  0.468
 390 N   0.53147 0.46852 0.00001 ( 1)  0.469
 391 V   0.53198 0.46800 0.00001 ( 1)  0.468
 392 I   0.53205 0.46793 0.00001 ( 1)  0.468
 393 P   0.53163 0.46836 0.00001 ( 1)  0.468
 394 L   0.53129 0.46870 0.00001 ( 1)  0.469
 395 D   0.53194 0.46804 0.00001 ( 1)  0.468
 396 C   0.53161 0.46838 0.00001 ( 1)  0.468
 397 N   0.53208 0.46791 0.00001 ( 1)  0.468
 398 E   0.53184 0.46814 0.00001 ( 1)  0.468
 399 G   0.53159 0.46840 0.00001 ( 1)  0.468
 400 I   0.53146 0.46853 0.00001 ( 1)  0.469
 401 Y   0.53163 0.46835 0.00001 ( 1)  0.468
 402 V   0.53198 0.46800 0.00001 ( 1)  0.468
 403 R   0.53163 0.46835 0.00001 ( 1)  0.468
 404 N   0.53208 0.46791 0.00001 ( 1)  0.468
 405 T   0.53188 0.46811 0.00001 ( 1)  0.468
 406 Q   0.53125 0.46873 0.00001 ( 1)  0.469
 407 T   0.53188 0.46811 0.00001 ( 1)  0.468
 408 G   0.53196 0.46803 0.00001 ( 1)  0.468
 409 Q   0.53125 0.46873 0.00001 ( 1)  0.469
 410 V   0.53198 0.46800 0.00001 ( 1)  0.468
 411 R   0.53129 0.46869 0.00001 ( 1)  0.469
 412 A   0.53205 0.46793 0.00001 ( 1)  0.468
 413 V   0.53198 0.46800 0.00001 ( 1)  0.468
 414 I   0.53205 0.46793 0.00001 ( 1)  0.468
 415 G   0.53207 0.46791 0.00001 ( 1)  0.468
 416 E   0.53184 0.46814 0.00001 ( 1)  0.468
 417 A   0.53205 0.46793 0.00001 ( 1)  0.468
 418 Y   0.53163 0.46835 0.00001 ( 1)  0.468
 419 M   0.53194 0.46804 0.00001 ( 1)  0.468
 420 L   0.53126 0.46873 0.00001 ( 1)  0.469
 421 N   0.53208 0.46791 0.00001 ( 1)  0.468
 422 Q   0.53125 0.46873 0.00001 ( 1)  0.469
 423 D   0.53194 0.46804 0.00001 ( 1)  0.468
 424 E   0.53184 0.46814 0.00001 ( 1)  0.468
 425 E   0.53184 0.46814 0.00001 ( 1)  0.468
 426 L   0.53126 0.46873 0.00001 ( 1)  0.469
 427 W   0.53117 0.46881 0.00001 ( 1)  0.469
 428 E   0.53152 0.46847 0.00001 ( 1)  0.468
 429 K   0.53159 0.46840 0.00001 ( 1)  0.468
 430 K   0.53196 0.46803 0.00001 ( 1)  0.468
 431 L   0.53129 0.46870 0.00001 ( 1)  0.469
 432 P   0.53156 0.46842 0.00001 ( 1)  0.468
 433 S   0.53162 0.46837 0.00001 ( 1)  0.468
 434 E   0.53152 0.46847 0.00001 ( 1)  0.468
 435 V   0.53198 0.46800 0.00001 ( 1)  0.468
 436 V   0.53198 0.46800 0.00001 ( 1)  0.468
 437 Q   0.53125 0.46873 0.00001 ( 1)  0.469
 438 L   0.53118 0.46881 0.00001 ( 1)  0.469
 439 L   0.53120 0.46879 0.00001 ( 1)  0.469
 440 E   0.53184 0.46814 0.00001 ( 1)  0.468
 441 S   0.53194 0.46804 0.00001 ( 1)  0.468
 442 N   0.53208 0.46791 0.00001 ( 1)  0.468
 443 I   0.53146 0.46853 0.00001 ( 1)  0.469
 444 D   0.53142 0.46857 0.00001 ( 1)  0.469
 445 P   0.53156 0.46842 0.00001 ( 1)  0.468
 446 F   0.53163 0.46835 0.00001 ( 1)  0.468
 447 A   0.53205 0.46793 0.00001 ( 1)  0.468
 448 D   0.53142 0.46857 0.00001 ( 1)  0.469
 449 R   0.53163 0.46835 0.00001 ( 1)  0.468
 450 G   0.53196 0.46803 0.00001 ( 1)  0.468
 451 V   0.53198 0.46800 0.00001 ( 1)  0.468
 452 R   0.53141 0.46858 0.00001 ( 1)  0.469
 453 S   0.53155 0.46843 0.00001 ( 1)  0.468
 454 I   0.53205 0.46793 0.00001 ( 1)  0.468
 455 Q   0.53125 0.46873 0.00001 ( 1)  0.469
 456 D   0.53142 0.46857 0.00001 ( 1)  0.469
 457 S   0.53155 0.46843 0.00001 ( 1)  0.468
 458 V   0.53198 0.46800 0.00001 ( 1)  0.468
 459 D   0.53142 0.46857 0.00001 ( 1)  0.469
 460 R   0.53163 0.46835 0.00001 ( 1)  0.468
 461 L   0.53162 0.46837 0.00001 ( 1)  0.468
 462 D   0.53142 0.46857 0.00001 ( 1)  0.469
 463 P   0.53156 0.46842 0.00001 ( 1)  0.468
 464 T   0.53198 0.46800 0.00001 ( 1)  0.468
 465 R   0.53163 0.46835 0.00001 ( 1)  0.468
 466 V   0.53188 0.46811 0.00001 ( 1)  0.468
 467 V   0.53198 0.46800 0.00001 ( 1)  0.468
 468 T   0.53198 0.46800 0.00001 ( 1)  0.468
 469 F   0.53129 0.46869 0.00001 ( 1)  0.469
 470 R   0.53129 0.46869 0.00001 ( 1)  0.469
 471 V   0.53198 0.46800 0.00001 ( 1)  0.468
 472 P   0.53156 0.46842 0.00001 ( 1)  0.468
 473 H   0.53128 0.46870 0.00001 ( 1)  0.469
 474 N   0.53208 0.46791 0.00001 ( 1)  0.468
 475 A   0.53205 0.46793 0.00001 ( 1)  0.468
 476 A   0.53194 0.46805 0.00001 ( 1)  0.468
 477 V   0.53198 0.46800 0.00001 ( 1)  0.468
 478 Q   0.53125 0.46873 0.00001 ( 1)  0.469
 479 I   0.53146 0.46853 0.00001 ( 1)  0.469
 480 Y   0.53163 0.46835 0.00001 ( 1)  0.468
 481 D   0.53142 0.46857 0.00001 ( 1)  0.469
 482 Y   0.53163 0.46835 0.00001 ( 1)  0.468
 483 K   0.53196 0.46803 0.00001 ( 1)  0.468
 484 N   0.53147 0.46852 0.00001 ( 1)  0.469
 485 K   0.53196 0.46803 0.00001 ( 1)  0.468
 486 R   0.53152 0.46847 0.00001 ( 1)  0.468
 487 A   0.53194 0.46805 0.00001 ( 1)  0.468
 488 R   0.53184 0.46815 0.00001 ( 1)  0.468
 489 V   0.53143 0.46855 0.00001 ( 1)  0.469
 490 E   0.53152 0.46847 0.00001 ( 1)  0.468
 491 F   0.53129 0.46869 0.00001 ( 1)  0.469
 492 G   0.53196 0.46803 0.00001 ( 1)  0.468
 493 P   0.53163 0.46836 0.00001 ( 1)  0.468
 494 N   0.53208 0.46791 0.00001 ( 1)  0.468
 495 L   0.53126 0.46873 0.00001 ( 1)  0.469
 496 A   0.53205 0.46793 0.00001 ( 1)  0.468
 497 M   0.53194 0.46804 0.00001 ( 1)  0.468
 498 L   0.53126 0.46873 0.00001 ( 1)  0.469
 499 G   0.53196 0.46803 0.00001 ( 1)  0.468
 500 P   0.53156 0.46842 0.00001 ( 1)  0.468
 501 D   0.53194 0.46804 0.00001 ( 1)  0.468
 502 E   0.53184 0.46814 0.00001 ( 1)  0.468
 503 Q   0.53125 0.46873 0.00001 ( 1)  0.469
 504 F   0.53163 0.46835 0.00001 ( 1)  0.468
 505 T   0.53198 0.46800 0.00001 ( 1)  0.468
 506 R   0.53163 0.46835 0.00001 ( 1)  0.468
 507 L   0.53118 0.46881 0.00001 ( 1)  0.469
 508 S   0.53142 0.46857 0.00001 ( 1)  0.469
 509 L   0.53118 0.46881 0.00001 ( 1)  0.469
 510 S   0.53194 0.46804 0.00001 ( 1)  0.468
 511 G   0.53207 0.46791 0.00001 ( 1)  0.468
 512 G   0.53159 0.46840 0.00001 ( 1)  0.468
 513 K   0.53196 0.46803 0.00001 ( 1)  0.468
 514 P   0.53156 0.46842 0.00001 ( 1)  0.468
 515 K   0.53159 0.46840 0.00001 ( 1)  0.468
 516 K   0.53196 0.46803 0.00001 ( 1)  0.468
 517 P   0.53136 0.46863 0.00001 ( 1)  0.469
 518 N   0.53208 0.46791 0.00001 ( 1)  0.468
 519 V   0.53154 0.46845 0.00001 ( 1)  0.468
 520 I   0.53205 0.46793 0.00001 ( 1)  0.468
 521 K   0.53159 0.46840 0.00001 ( 1)  0.468
 522 S   0.53194 0.46804 0.00001 ( 1)  0.468
 523 L   0.53126 0.46873 0.00001 ( 1)  0.469
 524 C   0.53161 0.46838 0.00001 ( 1)  0.468
 525 L   0.53126 0.46873 0.00001 ( 1)  0.469
 526 L   0.53120 0.46879 0.00001 ( 1)  0.469
 527 L   0.53126 0.46873 0.00001 ( 1)  0.469
 528 G   0.53207 0.46791 0.00001 ( 1)  0.468
 529 P   0.53156 0.46842 0.00001 ( 1)  0.468
 530 D   0.53142 0.46857 0.00001 ( 1)  0.469
 531 F   0.53163 0.46835 0.00001 ( 1)  0.468
 532 C   0.53161 0.46838 0.00001 ( 1)  0.468
 533 T   0.53188 0.46811 0.00001 ( 1)  0.468
 534 D   0.53194 0.46804 0.00001 ( 1)  0.468
 535 V   0.53198 0.46800 0.00001 ( 1)  0.468
 536 V   0.53188 0.46811 0.00001 ( 1)  0.468
 537 I   0.53205 0.46793 0.00001 ( 1)  0.468
 538 V   0.53198 0.46800 0.00001 ( 1)  0.468
 539 E   0.53184 0.46814 0.00001 ( 1)  0.468
 540 T   0.53198 0.46800 0.00001 ( 1)  0.468
 541 A   0.53158 0.46841 0.00001 ( 1)  0.468
 542 D   0.53194 0.46804 0.00001 ( 1)  0.468
 543 H   0.53161 0.46838 0.00001 ( 1)  0.468
 544 A   0.53205 0.46793 0.00001 ( 1)  0.468
 545 R   0.53163 0.46835 0.00001 ( 1)  0.468
 546 L   0.53126 0.46873 0.00001 ( 1)  0.469
 547 S   0.53162 0.46837 0.00001 ( 1)  0.468
 548 L   0.53118 0.46881 0.00001 ( 1)  0.469
 549 Q   0.53125 0.46873 0.00001 ( 1)  0.469
 550 L   0.53129 0.46869 0.00001 ( 1)  0.469
 551 S   0.53135 0.46864 0.00001 ( 1)  0.469
 552 Y   0.53129 0.46869 0.00001 ( 1)  0.469
 553 N   0.53208 0.46791 0.00001 ( 1)  0.468
 554 W   0.53117 0.46881 0.00001 ( 1)  0.469
 555 V   0.53154 0.46845 0.00001 ( 1)  0.468
 556 F   0.53163 0.46835 0.00001 ( 1)  0.468
 557 D   0.53194 0.46804 0.00001 ( 1)  0.468
 558 V   0.53143 0.46855 0.00001 ( 1)  0.469
 559 S   0.53162 0.46837 0.00001 ( 1)  0.468
 560 P   0.53156 0.46842 0.00001 ( 1)  0.468
 561 S   0.53155 0.46843 0.00001 ( 1)  0.468
 562 C   0.53128 0.46871 0.00001 ( 1)  0.469
 563 S   0.53194 0.46804 0.00001 ( 1)  0.468
 564 A   0.53194 0.46805 0.00001 ( 1)  0.468
 565 A   0.53205 0.46793 0.00001 ( 1)  0.468
 566 D   0.53194 0.46804 0.00001 ( 1)  0.468
 567 A   0.53205 0.46793 0.00001 ( 1)  0.468
 568 A   0.53205 0.46793 0.00001 ( 1)  0.468
 569 K   0.53159 0.46840 0.00001 ( 1)  0.468
 570 L   0.53126 0.46873 0.00001 ( 1)  0.469
 571 F   0.53129 0.46869 0.00001 ( 1)  0.469
 572 S   0.53155 0.46843 0.00001 ( 1)  0.468
 573 V   0.53154 0.46845 0.00001 ( 1)  0.468
 574 P   0.53163 0.46836 0.00001 ( 1)  0.468
 575 D   0.53194 0.46804 0.00001 ( 1)  0.468
 576 F   0.53163 0.46835 0.00001 ( 1)  0.468
 577 V   0.53198 0.46800 0.00001 ( 1)  0.468
 578 G   0.53196 0.46803 0.00001 ( 1)  0.468
 579 D   0.53194 0.46804 0.00001 ( 1)  0.468
 580 A   0.53158 0.46841 0.00001 ( 1)  0.468
 581 C   0.53161 0.46838 0.00001 ( 1)  0.468
 582 K   0.53196 0.46803 0.00001 ( 1)  0.468
 583 A   0.53205 0.46793 0.00001 ( 1)  0.468
 584 I   0.53205 0.46793 0.00001 ( 1)  0.468
 585 A   0.53194 0.46805 0.00001 ( 1)  0.468
 586 S   0.53162 0.46837 0.00001 ( 1)  0.468
 587 R   0.53163 0.46835 0.00001 ( 1)  0.468
 588 V   0.53198 0.46800 0.00001 ( 1)  0.468
 589 R   0.53163 0.46835 0.00001 ( 1)  0.468
 590 G   0.53147 0.46852 0.00001 ( 1)  0.469
 591 T   0.53188 0.46811 0.00001 ( 1)  0.468
 592 V   0.53198 0.46800 0.00001 ( 1)  0.468
 593 A   0.53194 0.46805 0.00001 ( 1)  0.468
 594 S   0.53129 0.46870 0.00001 ( 1)  0.469
 595 V   0.53143 0.46855 0.00001 ( 1)  0.469
 596 Q   0.53125 0.46873 0.00001 ( 1)  0.469
 597 F   0.53129 0.46869 0.00001 ( 1)  0.469
 598 D   0.53194 0.46804 0.00001 ( 1)  0.468
 599 D   0.53194 0.46804 0.00001 ( 1)  0.468
 600 F   0.53163 0.46835 0.00001 ( 1)  0.468
 601 H   0.53161 0.46838 0.00001 ( 1)  0.468
 602 K   0.53159 0.46840 0.00001 ( 1)  0.468
 603 H   0.53128 0.46870 0.00001 ( 1)  0.469
 604 S   0.53155 0.46843 0.00001 ( 1)  0.468
 605 S   0.53155 0.46843 0.00001 ( 1)  0.468
 606 R   0.53141 0.46858 0.00001 ( 1)  0.469
 607 I   0.53205 0.46793 0.00001 ( 1)  0.468
 608 I   0.53205 0.46793 0.00001 ( 1)  0.468
 609 R   0.53163 0.46835 0.00001 ( 1)  0.468
 610 A   0.53205 0.46793 0.00001 ( 1)  0.468
 611 S   0.53129 0.46870 0.00001 ( 1)  0.469
 612 V   0.53188 0.46811 0.00001 ( 1)  0.468
 613 F   0.53129 0.46869 0.00001 ( 1)  0.469
 614 G   0.53196 0.46803 0.00001 ( 1)  0.468
 615 L   0.53118 0.46881 0.00001 ( 1)  0.469
 616 D   0.53194 0.46804 0.00001 ( 1)  0.468
 617 E   0.53184 0.46814 0.00001 ( 1)  0.468
 618 A   0.53205 0.46793 0.00001 ( 1)  0.468
 619 G   0.53196 0.46803 0.00001 ( 1)  0.468
 620 K   0.53159 0.46840 0.00001 ( 1)  0.468
 621 V   0.53198 0.46800 0.00001 ( 1)  0.468
 622 R   0.53136 0.46863 0.00001 ( 1)  0.469
 623 D   0.53194 0.46804 0.00001 ( 1)  0.468
 624 R   0.53141 0.46858 0.00001 ( 1)  0.469
 625 L   0.53126 0.46873 0.00001 ( 1)  0.469
 626 V   0.53198 0.46800 0.00001 ( 1)  0.468
 627 F   0.53163 0.46835 0.00001 ( 1)  0.468
 628 P   0.53163 0.46836 0.00001 ( 1)  0.468
 629 Q   0.53125 0.46873 0.00001 ( 1)  0.469
 630 N   0.53208 0.46791 0.00001 ( 1)  0.468
 631 N   0.53208 0.46791 0.00001 ( 1)  0.468
 632 L   0.53120 0.46879 0.00001 ( 1)  0.469
 633 H   0.53161 0.46838 0.00001 ( 1)  0.468
 634 I   0.53205 0.46793 0.00001 ( 1)  0.468
 635 T   0.53188 0.46811 0.00001 ( 1)  0.468
 636 S   0.53142 0.46857 0.00001 ( 1)  0.469
 637 V   0.53154 0.46845 0.00001 ( 1)  0.468
 638 D   0.53194 0.46804 0.00001 ( 1)  0.468
 639 V   0.53188 0.46811 0.00001 ( 1)  0.468
 640 Q   0.53117 0.46881 0.00001 ( 1)  0.469
 641 S   0.53162 0.46837 0.00001 ( 1)  0.468
 642 V   0.53154 0.46845 0.00001 ( 1)  0.468
 643 E   0.53152 0.46847 0.00001 ( 1)  0.468
 644 P   0.53156 0.46842 0.00001 ( 1)  0.468
 645 V   0.53154 0.46845 0.00001 ( 1)  0.468
 646 D   0.53194 0.46804 0.00001 ( 1)  0.468
 647 Q   0.53125 0.46873 0.00001 ( 1)  0.469
 648 R   0.53141 0.46858 0.00001 ( 1)  0.469
 649 T   0.53198 0.46800 0.00001 ( 1)  0.468
 650 R   0.53136 0.46863 0.00001 ( 1)  0.469
 651 D   0.53194 0.46804 0.00001 ( 1)  0.468
 652 S   0.53135 0.46864 0.00001 ( 1)  0.469
 653 L   0.53118 0.46881 0.00001 ( 1)  0.469
 654 Q   0.53117 0.46881 0.00001 ( 1)  0.469
 655 K   0.53159 0.46840 0.00001 ( 1)  0.468
 656 S   0.53155 0.46843 0.00001 ( 1)  0.468
 657 V   0.53198 0.46800 0.00001 ( 1)  0.468
 658 Q   0.53125 0.46873 0.00001 ( 1)  0.469
 659 L   0.53162 0.46837 0.00001 ( 1)  0.468
 660 A   0.53146 0.46853 0.00001 ( 1)  0.469
 661 I   0.53205 0.46793 0.00001 ( 1)  0.468
 662 E   0.53152 0.46847 0.00001 ( 1)  0.468
 663 I   0.53146 0.46853 0.00001 ( 1)  0.469
 664 T   0.53154 0.46845 0.00001 ( 1)  0.468
 665 T   0.53143 0.46855 0.00001 ( 1)  0.469
 666 N   0.53208 0.46791 0.00001 ( 1)  0.468
 667 S   0.53135 0.46864 0.00001 ( 1)  0.469
 668 Q   0.53125 0.46873 0.00001 ( 1)  0.469
 669 E   0.53152 0.46847 0.00001 ( 1)  0.468
 670 A   0.53194 0.46805 0.00001 ( 1)  0.468
 671 A   0.53205 0.46793 0.00001 ( 1)  0.468
 672 A   0.53194 0.46805 0.00001 ( 1)  0.468
 673 R   0.53163 0.46835 0.00001 ( 1)  0.468
 674 H   0.53128 0.46870 0.00001 ( 1)  0.469
 675 E   0.53184 0.46814 0.00001 ( 1)  0.468
 676 A   0.53146 0.46853 0.00001 ( 1)  0.469
 677 E   0.53184 0.46814 0.00001 ( 1)  0.468
 678 R   0.53184 0.46815 0.00001 ( 1)  0.468
 679 L   0.53129 0.46870 0.00001 ( 1)  0.469
 680 E   0.53184 0.46814 0.00001 ( 1)  0.468
 681 Q   0.53117 0.46881 0.00001 ( 1)  0.469
 682 E   0.53184 0.46814 0.00001 ( 1)  0.468
 683 A   0.53194 0.46805 0.00001 ( 1)  0.468
 684 R   0.53184 0.46815 0.00001 ( 1)  0.468
 685 G   0.53207 0.46791 0.00001 ( 1)  0.468
 686 R   0.53136 0.46863 0.00001 ( 1)  0.469
 687 L   0.53118 0.46881 0.00001 ( 1)  0.469
 688 E   0.53152 0.46847 0.00001 ( 1)  0.468
 689 R   0.53163 0.46835 0.00001 ( 1)  0.468
 690 Q   0.53125 0.46873 0.00001 ( 1)  0.469
 691 R   0.53184 0.46815 0.00001 ( 1)  0.468
 692 I   0.53205 0.46793 0.00001 ( 1)  0.468
 693 E   0.53184 0.46814 0.00001 ( 1)  0.468
 694 D   0.53194 0.46804 0.00001 ( 1)  0.468
 695 E   0.53184 0.46814 0.00001 ( 1)  0.468
 696 A   0.53158 0.46841 0.00001 ( 1)  0.468
 697 A   0.53205 0.46793 0.00001 ( 1)  0.468
 698 A   0.53205 0.46793 0.00001 ( 1)  0.468
 699 E   0.53184 0.46814 0.00001 ( 1)  0.468
 700 Q   0.53125 0.46873 0.00001 ( 1)  0.469
 701 A   0.53146 0.46853 0.00001 ( 1)  0.469
 702 R   0.53184 0.46815 0.00001 ( 1)  0.468
 703 R   0.53163 0.46835 0.00001 ( 1)  0.468
 704 N   0.53208 0.46791 0.00001 ( 1)  0.468
 705 L   0.53118 0.46881 0.00001 ( 1)  0.469
 706 L   0.53162 0.46837 0.00001 ( 1)  0.468
 707 E   0.53184 0.46814 0.00001 ( 1)  0.468
 708 I   0.53146 0.46853 0.00001 ( 1)  0.469
 709 R   0.53141 0.46858 0.00001 ( 1)  0.469
 710 V   0.53154 0.46845 0.00001 ( 1)  0.468
 711 Q   0.53125 0.46873 0.00001 ( 1)  0.469
 712 L   0.53120 0.46879 0.00001 ( 1)  0.469
 713 A   0.53205 0.46793 0.00001 ( 1)  0.468
 714 A   0.53194 0.46805 0.00001 ( 1)  0.468
 715 L   0.53129 0.46869 0.00001 ( 1)  0.469
 716 E   0.53184 0.46814 0.00001 ( 1)  0.468
 717 S   0.53194 0.46804 0.00001 ( 1)  0.468
 718 N   0.53208 0.46791 0.00001 ( 1)  0.468
 719 S   0.53142 0.46857 0.00001 ( 1)  0.469
 720 Q   0.53125 0.46873 0.00001 ( 1)  0.469
 721 A   0.53158 0.46841 0.00001 ( 1)  0.468
 722 K   0.53159 0.46840 0.00001 ( 1)  0.468
 723 A   0.53146 0.46853 0.00001 ( 1)  0.469
 724 E   0.53184 0.46814 0.00001 ( 1)  0.468
 725 A   0.53194 0.46805 0.00001 ( 1)  0.468
 726 E   0.53152 0.46847 0.00001 ( 1)  0.468
 727 S   0.53194 0.46804 0.00001 ( 1)  0.468
 728 R   0.53141 0.46858 0.00001 ( 1)  0.469
 729 A   0.53205 0.46793 0.00001 ( 1)  0.468
 730 E   0.53184 0.46814 0.00001 ( 1)  0.468
 731 A   0.53158 0.46841 0.00001 ( 1)  0.468
 732 N   0.53208 0.46791 0.00001 ( 1)  0.468
 733 R   0.53163 0.46835 0.00001 ( 1)  0.468
 734 I   0.53205 0.46793 0.00001 ( 1)  0.468
 735 S   0.53129 0.46870 0.00001 ( 1)  0.469
 736 S   0.53194 0.46804 0.00001 ( 1)  0.468
 737 Q   0.53125 0.46873 0.00001 ( 1)  0.469
 738 A   0.53205 0.46793 0.00001 ( 1)  0.468
 739 A   0.53194 0.46805 0.00001 ( 1)  0.468
 740 V   0.53154 0.46845 0.00001 ( 1)  0.468
 741 E   0.53184 0.46814 0.00001 ( 1)  0.468
 742 E   0.53152 0.46847 0.00001 ( 1)  0.468
 743 A   0.53205 0.46793 0.00001 ( 1)  0.468
 744 K   0.53196 0.46803 0.00001 ( 1)  0.468
 745 L   0.53129 0.46870 0.00001 ( 1)  0.469
 746 R   0.53141 0.46858 0.00001 ( 1)  0.469
 747 A   0.53194 0.46805 0.00001 ( 1)  0.468
 748 E   0.53184 0.46814 0.00001 ( 1)  0.468
 749 A   0.53146 0.46853 0.00001 ( 1)  0.469
 750 L   0.53126 0.46873 0.00001 ( 1)  0.469
 751 S   0.53162 0.46837 0.00001 ( 1)  0.468
 752 I   0.53205 0.46793 0.00001 ( 1)  0.468
 753 E   0.53184 0.46814 0.00001 ( 1)  0.468
 754 T   0.53154 0.46845 0.00001 ( 1)  0.468
 755 N   0.53208 0.46791 0.00001 ( 1)  0.468
 756 A   0.53194 0.46805 0.00001 ( 1)  0.468
 757 E   0.53184 0.46814 0.00001 ( 1)  0.468
 758 L   0.53126 0.46873 0.00001 ( 1)  0.469
 759 E   0.53184 0.46814 0.00001 ( 1)  0.468
 760 R   0.53184 0.46815 0.00001 ( 1)  0.468
 761 L   0.53129 0.46870 0.00001 ( 1)  0.469
 762 K   0.53196 0.46803 0.00001 ( 1)  0.468
 763 L   0.53118 0.46881 0.00001 ( 1)  0.469
 764 A   0.53205 0.46793 0.00001 ( 1)  0.468
 765 R   0.53141 0.46858 0.00001 ( 1)  0.469
 766 A   0.53205 0.46793 0.00001 ( 1)  0.468
 767 A   0.53194 0.46805 0.00001 ( 1)  0.468
 768 E   0.53152 0.46847 0.00001 ( 1)  0.468
 769 I   0.53146 0.46853 0.00001 ( 1)  0.469
 770 A   0.53146 0.46853 0.00001 ( 1)  0.469
 771 Y   0.53163 0.46835 0.00001 ( 1)  0.468
 772 I   0.53146 0.46853 0.00001 ( 1)  0.469
 773 K   0.53159 0.46840 0.00001 ( 1)  0.468
 774 E   0.53184 0.46814 0.00001 ( 1)  0.468
 775 K   0.53159 0.46840 0.00001 ( 1)  0.468
 776 N   0.53208 0.46791 0.00001 ( 1)  0.468
 777 E   0.53184 0.46814 0.00001 ( 1)  0.468
 778 L   0.53126 0.46873 0.00001 ( 1)  0.469
 779 A   0.53205 0.46793 0.00001 ( 1)  0.468
 780 L   0.53129 0.46869 0.00001 ( 1)  0.469
 781 K   0.53159 0.46840 0.00001 ( 1)  0.468
 782 Y   0.53163 0.46835 0.00001 ( 1)  0.468
 783 K   0.53159 0.46840 0.00001 ( 1)  0.468
 784 A   0.53194 0.46805 0.00001 ( 1)  0.468
 785 D   0.53142 0.46857 0.00001 ( 1)  0.469
 786 E   0.53184 0.46814 0.00001 ( 1)  0.468
 787 T   0.53154 0.46845 0.00001 ( 1)  0.468
 788 E   0.53184 0.46814 0.00001 ( 1)  0.468
 789 I   0.53146 0.46853 0.00001 ( 1)  0.469
 790 E   0.53152 0.46847 0.00001 ( 1)  0.468
 791 K   0.53196 0.46803 0.00001 ( 1)  0.468
 792 S   0.00000 0.99997 0.00003 ( 2)  1.000
 793 R   0.53163 0.46835 0.00001 ( 1)  0.468
 794 F   0.53129 0.46869 0.00001 ( 1)  0.469
 795 I   0.53205 0.46793 0.00001 ( 1)  0.468
 796 S   0.53155 0.46843 0.00001 ( 1)  0.468
 797 M   0.53194 0.46804 0.00001 ( 1)  0.468
 798 V   0.53154 0.46845 0.00001 ( 1)  0.468
 799 N   0.53208 0.46791 0.00001 ( 1)  0.468
 800 V   0.53188 0.46811 0.00001 ( 1)  0.468
 801 L   0.53126 0.46873 0.00001 ( 1)  0.469
 802 G   0.53207 0.46791 0.00001 ( 1)  0.468
 803 A   0.53194 0.46805 0.00001 ( 1)  0.468
 804 D   0.53194 0.46804 0.00001 ( 1)  0.468
 805 T   0.53188 0.46811 0.00001 ( 1)  0.468
 806 L   0.53120 0.46879 0.00001 ( 1)  0.469
 807 R   0.53163 0.46835 0.00001 ( 1)  0.468
 808 A   0.53194 0.46805 0.00001 ( 1)  0.468
 809 M   0.53194 0.46804 0.00001 ( 1)  0.468
 810 A   0.53194 0.46805 0.00001 ( 1)  0.468
 811 T   0.53188 0.46811 0.00001 ( 1)  0.468
 812 A   0.53146 0.46853 0.00001 ( 1)  0.469
 813 E   0.53184 0.46814 0.00001 ( 1)  0.468
 814 S   0.53155 0.46843 0.00001 ( 1)  0.468
 815 D   0.53194 0.46804 0.00001 ( 1)  0.468
 816 N   0.53208 0.46791 0.00001 ( 1)  0.468
 817 S   0.53194 0.46804 0.00001 ( 1)  0.468
 818 L   0.53120 0.46879 0.00001 ( 1)  0.469
 819 R   0.53129 0.46869 0.00001 ( 1)  0.469
 820 M   0.53194 0.46804 0.00001 ( 1)  0.468
 821 L   0.53118 0.46881 0.00001 ( 1)  0.469
 822 N   0.53147 0.46852 0.00001 ( 1)  0.469
 823 A   0.53205 0.46793 0.00001 ( 1)  0.468
 824 L   0.53120 0.46879 0.00001 ( 1)  0.469
 825 G   0.53147 0.46852 0.00001 ( 1)  0.469
 826 L   0.53129 0.46869 0.00001 ( 1)  0.469
 827 Q   0.53125 0.46873 0.00001 ( 1)  0.469
 828 S   0.53194 0.46804 0.00001 ( 1)  0.468
 829 T   0.53188 0.46811 0.00001 ( 1)  0.468
 830 L   0.53126 0.46873 0.00001 ( 1)  0.469
 831 I   0.53205 0.46793 0.00001 ( 1)  0.468
 832 T   0.53188 0.46811 0.00001 ( 1)  0.468
 833 D   0.53194 0.46804 0.00001 ( 1)  0.468
 834 G   0.53159 0.46840 0.00001 ( 1)  0.468
 835 T   0.53154 0.46845 0.00001 ( 1)  0.468
 836 T   0.53188 0.46811 0.00001 ( 1)  0.468
 837 P   0.53156 0.46842 0.00001 ( 1)  0.468
 838 V   0.53154 0.46845 0.00001 ( 1)  0.468
 839 N   0.53208 0.46791 0.00001 ( 1)  0.468
 840 L   0.53118 0.46881 0.00001 ( 1)  0.469
 841 L   0.53126 0.46873 0.00001 ( 1)  0.469
 842 T   0.53198 0.46800 0.00001 ( 1)  0.468
 843 T   0.53198 0.46800 0.00001 ( 1)  0.468
 844 A   0.53205 0.46793 0.00001 ( 1)  0.468
 845 H   0.53161 0.46838 0.00001 ( 1)  0.468
 846 G   0.53207 0.46791 0.00001 ( 1)  0.468
 847 L   0.53126 0.46873 0.00001 ( 1)  0.469
 848 I   0.53146 0.46853 0.00001 ( 1)  0.469
 849 G   0.53207 0.46791 0.00001 ( 1)  0.468
 850 S   0.53155 0.46843 0.00001 ( 1)  0.468
 851 V   0.53154 0.46845 0.00001 ( 1)  0.468
 852 F   0.53163 0.46835 0.00001 ( 1)  0.468
 853 E   0.53152 0.46847 0.00001 ( 1)  0.468
 854 G   0.53207 0.46791 0.00001 ( 1)  0.468
 855 S   0.53162 0.46837 0.00001 ( 1)  0.468
 856 S   0.53162 0.46837 0.00001 ( 1)  0.468
 857 R   0.53163 0.46835 0.00001 ( 1)  0.468
 858 K   0.53196 0.46803 0.00001 ( 1)  0.468
 859 R   0.53163 0.46835 0.00001 ( 1)  0.468
 860 A   0.53205 0.46793 0.00001 ( 1)  0.468
 861 S   0.53155 0.46843 0.00001 ( 1)  0.468
 862 E   0.53152 0.46847 0.00001 ( 1)  0.468
 863 V   0.53154 0.46845 0.00001 ( 1)  0.468
 864 L   0.53126 0.46873 0.00001 ( 1)  0.469
 865 G   0.53147 0.46852 0.00001 ( 1)  0.469
 866 N   0.53208 0.46791 0.00001 ( 1)  0.468
 867 V   0.53188 0.46811 0.00001 ( 1)  0.468
 868 D   0.53194 0.46804 0.00001 ( 1)  0.468
 869 G   0.53196 0.46803 0.00001 ( 1)  0.468
 870 K   0.53196 0.46803 0.00001 ( 1)  0.468

Positively selected sites

	Prob(w>1)  mean w



lnL = -3478.002742

Bayes Empirical Bayes (BEB) probabilities for 3 classes (class) & postmean_w
(amino acids refer to 1st sequence: scm.11236)

   1 M   0.44293 0.37749 0.17959 ( 1)  1.178 +-  1.428
   2 K   0.44254 0.37737 0.18009 ( 1)  1.181 +-  1.433
   3 S   0.44257 0.37738 0.18005 ( 1)  1.181 +-  1.433
   4 N   0.44307 0.37753 0.17940 ( 1)  1.177 +-  1.427
   5 P   0.44251 0.37737 0.18012 ( 1)  1.181 +-  1.433
   6 D   0.44235 0.37732 0.18033 ( 1)  1.182 +-  1.435
   7 S   0.44250 0.37736 0.18014 ( 1)  1.181 +-  1.434
   8 P   0.44251 0.37737 0.18012 ( 1)  1.181 +-  1.433
   9 I   0.44315 0.37755 0.17929 ( 1)  1.177 +-  1.426
  10 I   0.44304 0.37752 0.17944 ( 1)  1.177 +-  1.427
  11 S   0.44250 0.37736 0.18014 ( 1)  1.181 +-  1.434
  12 I   0.44240 0.37733 0.18027 ( 1)  1.182 +-  1.435
  13 S   0.44293 0.37749 0.17959 ( 1)  1.178 +-  1.428
  14 P   0.44251 0.37737 0.18012 ( 1)  1.181 +-  1.433
  15 R   0.44281 0.37746 0.17973 ( 1)  1.179 +-  1.430
  16 H   0.44256 0.37738 0.18006 ( 1)  1.181 +-  1.433
  17 Y   0.44259 0.37739 0.18003 ( 1)  1.180 +-  1.433
  18 I   0.44240 0.37733 0.18027 ( 1)  1.182 +-  1.435
  19 H   0.44256 0.37738 0.18006 ( 1)  1.181 +-  1.433
  20 V   0.44248 0.37736 0.18016 ( 1)  1.181 +-  1.434
  21 L   0.44221 0.37728 0.18051 ( 1)  1.183 +-  1.437
  22 N   0.44241 0.37734 0.18026 ( 1)  1.182 +-  1.435
  23 L   0.44209 0.37724 0.18067 ( 1)  1.184 +-  1.439
  24 N   0.44307 0.37753 0.17940 ( 1)  1.177 +-  1.427
  25 T   0.44297 0.37750 0.17953 ( 1)  1.178 +-  1.428
  26 H   0.44256 0.37738 0.18006 ( 1)  1.181 +-  1.433
  27 V   0.44237 0.37732 0.18031 ( 1)  1.182 +-  1.435
  28 T   0.44237 0.37732 0.18031 ( 1)  1.182 +-  1.435
  29 S   0.44250 0.37736 0.18014 ( 1)  1.181 +-  1.434
  30 L   0.44257 0.37738 0.18005 ( 1)  1.181 +-  1.433
  31 V   0.44297 0.37750 0.17954 ( 1)  1.178 +-  1.428
  32 V   0.44297 0.37750 0.17954 ( 1)  1.178 +-  1.428
  33 G   0.44294 0.37749 0.17957 ( 1)  1.178 +-  1.428
  34 P   0.44258 0.37739 0.18003 ( 1)  1.180 +-  1.433
  35 K   0.44254 0.37737 0.18009 ( 1)  1.181 +-  1.433
  36 T   0.44285 0.37747 0.17968 ( 1)  1.179 +-  1.429
  37 Y   0.44259 0.37739 0.18003 ( 1)  1.180 +-  1.433
  38 V   0.44297 0.37750 0.17954 ( 1)  1.178 +-  1.428
  39 C   0.44220 0.37727 0.18053 ( 1)  1.183 +-  1.437
  40 Q   0.44217 0.37726 0.18057 ( 1)  1.183 +-  1.438
  41 Q   0.44208 0.37724 0.18068 ( 1)  1.184 +-  1.439
  42 D   0.44292 0.37749 0.17959 ( 1)  1.178 +-  1.429
  43 E   0.44281 0.37745 0.17974 ( 1)  1.179 +-  1.430
  44 K   0.44254 0.37737 0.18009 ( 1)  1.181 +-  1.433
  45 I   0.44304 0.37752 0.17944 ( 1)  1.177 +-  1.427
  46 V   0.44297 0.37750 0.17954 ( 1)  1.178 +-  1.428
  47 L   0.44221 0.37728 0.18052 ( 1)  1.183 +-  1.437
  48 G   0.44294 0.37749 0.17957 ( 1)  1.178 +-  1.428
  49 P   0.44258 0.37739 0.18003 ( 1)  1.180 +-  1.433
  50 E   0.44246 0.37735 0.18019 ( 1)  1.181 +-  1.434
  51 E   0.44281 0.37745 0.17974 ( 1)  1.179 +-  1.430
  52 L   0.44221 0.37728 0.18051 ( 1)  1.183 +-  1.437
  53 T   0.44297 0.37750 0.17953 ( 1)  1.178 +-  1.428
  54 V   0.44237 0.37732 0.18031 ( 1)  1.182 +-  1.435
  55 V   0.44297 0.37750 0.17954 ( 1)  1.178 +-  1.428
  56 P   0.44228 0.37730 0.18042 ( 1)  1.182 +-  1.436
  57 T   0.44249 0.37736 0.18016 ( 1)  1.181 +-  1.434
  58 M   0.44293 0.37749 0.17959 ( 1)  1.178 +-  1.428
  59 M   0.44293 0.37749 0.17959 ( 1)  1.178 +-  1.428
  60 Y   0.44221 0.37728 0.18051 ( 1)  1.183 +-  1.437
  61 C   0.44220 0.37727 0.18053 ( 1)  1.183 +-  1.437
  62 V   0.44248 0.37736 0.18016 ( 1)  1.181 +-  1.434
  63 I   0.44304 0.37752 0.17944 ( 1)  1.177 +-  1.427
  64 R   0.44234 0.37731 0.18035 ( 1)  1.182 +-  1.436
  65 N   0.44241 0.37734 0.18026 ( 1)  1.182 +-  1.435
  66 P   0.44251 0.37737 0.18012 ( 1)  1.181 +-  1.433
  67 V   0.44297 0.37750 0.17954 ( 1)  1.178 +-  1.428
  68 I   0.44315 0.37755 0.17929 ( 1)  1.177 +-  1.426
  69 T   0.44285 0.37747 0.17968 ( 1)  1.179 +-  1.429
  70 D   0.44235 0.37732 0.18033 ( 1)  1.182 +-  1.435
  71 K   0.44294 0.37749 0.17957 ( 1)  1.178 +-  1.428
  72 D   0.44235 0.37732 0.18033 ( 1)  1.182 +-  1.435
  73 G   0.44307 0.37753 0.17940 ( 1)  1.177 +-  1.427
  74 V   0.44297 0.37750 0.17954 ( 1)  1.178 +-  1.428
  75 P   0.44251 0.37737 0.18012 ( 1)  1.181 +-  1.433
  76 V   0.44285 0.37746 0.17969 ( 1)  1.179 +-  1.429
  77 V   0.44237 0.37732 0.18031 ( 1)  1.182 +-  1.435
  78 D   0.44235 0.37732 0.18033 ( 1)  1.182 +-  1.435
  79 K   0.44294 0.37749 0.17957 ( 1)  1.178 +-  1.428
  80 F   0.44258 0.37739 0.18003 ( 1)  1.180 +-  1.433
  81 G   0.44294 0.37749 0.17957 ( 1)  1.178 +-  1.428
  82 Q   0.44208 0.37724 0.18068 ( 1)  1.184 +-  1.439
  83 V   0.44297 0.37750 0.17954 ( 1)  1.178 +-  1.428
  84 K   0.44294 0.37749 0.17957 ( 1)  1.178 +-  1.428
  85 V   0.44297 0.37750 0.17954 ( 1)  1.178 +-  1.428
  86 R   0.44234 0.37731 0.18035 ( 1)  1.182 +-  1.436
  87 M   0.44293 0.37749 0.17959 ( 1)  1.178 +-  1.428
  88 G   0.44307 0.37753 0.17940 ( 1)  1.177 +-  1.427
  89 D   0.44235 0.37732 0.18033 ( 1)  1.182 +-  1.435
  90 E   0.44246 0.37735 0.18019 ( 1)  1.181 +-  1.434
  91 E   0.44246 0.37735 0.18019 ( 1)  1.181 +-  1.434
  92 Y   0.44221 0.37728 0.18051 ( 1)  1.183 +-  1.437
  93 R   0.44259 0.37739 0.18003 ( 1)  1.180 +-  1.433
  94 F   0.44221 0.37728 0.18051 ( 1)  1.183 +-  1.437
  95 A   0.44240 0.37733 0.18027 ( 1)  1.182 +-  1.435
  96 Q   0.44217 0.37726 0.18057 ( 1)  1.183 +-  1.438
  97 D   0.44292 0.37749 0.17959 ( 1)  1.178 +-  1.429
  98 P   0.44258 0.37739 0.18003 ( 1)  1.180 +-  1.433
  99 F   0.44221 0.37728 0.18051 ( 1)  1.183 +-  1.437
 100 P   0.44251 0.37737 0.18012 ( 1)  1.181 +-  1.433
 101 L   0.44209 0.37724 0.18067 ( 1)  1.184 +-  1.439
 102 Y   0.44259 0.37739 0.18003 ( 1)  1.180 +-  1.433
 103 P   0.44228 0.37730 0.18042 ( 1)  1.182 +-  1.436
 104 G   0.44307 0.37753 0.17940 ( 1)  1.177 +-  1.427
 105 E   0.44281 0.37745 0.17974 ( 1)  1.179 +-  1.430
 106 T   0.44297 0.37750 0.17953 ( 1)  1.178 +-  1.428
 107 L   0.44217 0.37727 0.18056 ( 1)  1.183 +-  1.438
 108 K   0.44254 0.37737 0.18009 ( 1)  1.181 +-  1.433
 109 D   0.44292 0.37749 0.17959 ( 1)  1.178 +-  1.429
 110 I   0.44240 0.37733 0.18027 ( 1)  1.182 +-  1.435
 111 V   0.44237 0.37732 0.18031 ( 1)  1.182 +-  1.435
 112 R   0.44281 0.37746 0.17973 ( 1)  1.179 +-  1.430
 113 P   0.44258 0.37739 0.18003 ( 1)  1.180 +-  1.433
 114 L   0.44221 0.37728 0.18051 ( 1)  1.183 +-  1.437
 115 P   0.44258 0.37739 0.18003 ( 1)  1.180 +-  1.433
 116 V   0.44297 0.37750 0.17954 ( 1)  1.178 +-  1.428
 117 V   0.44297 0.37750 0.17954 ( 1)  1.178 +-  1.428
 118 L   0.44211 0.37725 0.18065 ( 1)  1.184 +-  1.438
 119 P   0.44251 0.37737 0.18012 ( 1)  1.181 +-  1.433
 120 N   0.44241 0.37734 0.18026 ( 1)  1.182 +-  1.435
 121 S   0.44228 0.37730 0.18043 ( 1)  1.183 +-  1.436
 122 A   0.44292 0.37748 0.17960 ( 1)  1.178 +-  1.429
 123 L   0.44221 0.37728 0.18052 ( 1)  1.183 +-  1.437
 124 R   0.44281 0.37746 0.17973 ( 1)  1.179 +-  1.430
 125 L   0.44210 0.37724 0.18066 ( 1)  1.184 +-  1.439
 126 R   0.44234 0.37731 0.18035 ( 1)  1.182 +-  1.436
 127 A   0.44292 0.37748 0.17960 ( 1)  1.178 +-  1.429
 128 V   0.44297 0.37750 0.17954 ( 1)  1.178 +-  1.428
 129 S   0.44228 0.37730 0.18043 ( 1)  1.183 +-  1.436
 130 D   0.44292 0.37749 0.17959 ( 1)  1.178 +-  1.429
 131 F   0.44258 0.37739 0.18003 ( 1)  1.180 +-  1.433
 132 E   0.44281 0.37745 0.17974 ( 1)  1.179 +-  1.430
 133 D   0.44292 0.37749 0.17959 ( 1)  1.178 +-  1.429
 134 G   0.44294 0.37749 0.17957 ( 1)  1.178 +-  1.428
 135 N   0.44241 0.37734 0.18026 ( 1)  1.182 +-  1.435
 136 V   0.44237 0.37732 0.18031 ( 1)  1.182 +-  1.435
 137 R   0.44281 0.37746 0.17973 ( 1)  1.179 +-  1.430
 138 R   0.44234 0.37731 0.18035 ( 1)  1.182 +-  1.436
 139 I   0.44315 0.37755 0.17929 ( 1)  1.177 +-  1.426
 140 A   0.44304 0.37752 0.17944 ( 1)  1.177 +-  1.427
 141 G   0.44294 0.37749 0.17957 ( 1)  1.178 +-  1.428
 142 E   0.44246 0.37735 0.18019 ( 1)  1.181 +-  1.434
 143 E   0.44281 0.37745 0.17974 ( 1)  1.179 +-  1.430
 144 W   0.44208 0.37724 0.18068 ( 1)  1.184 +-  1.439
 145 L   0.44209 0.37724 0.18067 ( 1)  1.184 +-  1.439
 146 F   0.44258 0.37739 0.18003 ( 1)  1.180 +-  1.433
 147 E   0.44246 0.37735 0.18019 ( 1)  1.181 +-  1.434
 148 G   0.44294 0.37749 0.17957 ( 1)  1.178 +-  1.428
 149 P   0.44258 0.37739 0.18003 ( 1)  1.180 +-  1.433
 150 G   0.44307 0.37753 0.17940 ( 1)  1.177 +-  1.427
 151 T   0.44237 0.37732 0.18031 ( 1)  1.182 +-  1.435
 152 Y   0.44259 0.37739 0.18003 ( 1)  1.180 +-  1.433
 153 Y   0.44221 0.37728 0.18051 ( 1)  1.183 +-  1.437
 154 P   0.44221 0.37728 0.18051 ( 1)  1.183 +-  1.437
 155 R   0.44281 0.37746 0.17973 ( 1)  1.179 +-  1.430
 156 K   0.44294 0.37749 0.17957 ( 1)  1.178 +-  1.428
 157 E   0.44246 0.37735 0.18019 ( 1)  1.181 +-  1.434
 158 V   0.44297 0.37750 0.17954 ( 1)  1.178 +-  1.428
 159 E   0.44281 0.37745 0.17974 ( 1)  1.179 +-  1.430
 160 I   0.44304 0.37752 0.17944 ( 1)  1.177 +-  1.427
 161 V   0.44285 0.37746 0.17969 ( 1)  1.179 +-  1.429
 162 K   0.44294 0.37749 0.17957 ( 1)  1.178 +-  1.428
 163 C   0.44220 0.37727 0.18053 ( 1)  1.183 +-  1.437
 164 E   0.44246 0.37735 0.18019 ( 1)  1.181 +-  1.434
 165 Q   0.44217 0.37726 0.18057 ( 1)  1.183 +-  1.438
 166 A   0.44240 0.37733 0.18027 ( 1)  1.182 +-  1.435
 167 K   0.44294 0.37749 0.17957 ( 1)  1.178 +-  1.428
 168 V   0.44248 0.37736 0.18016 ( 1)  1.181 +-  1.434
 169 I   0.44304 0.37752 0.17944 ( 1)  1.177 +-  1.427
 170 L   0.44257 0.37738 0.18005 ( 1)  1.181 +-  1.433
 171 V   0.44237 0.37732 0.18031 ( 1)  1.182 +-  1.435
 172 N   0.44241 0.37734 0.18026 ( 1)  1.182 +-  1.435
 173 S   0.44257 0.37738 0.18005 ( 1)  1.181 +-  1.433
 174 A   0.44304 0.37752 0.17944 ( 1)  1.177 +-  1.427
 175 L   0.44257 0.37738 0.18005 ( 1)  1.181 +-  1.433
 176 V   0.44285 0.37746 0.17969 ( 1)  1.179 +-  1.429
 177 M   0.44293 0.37749 0.17959 ( 1)  1.178 +-  1.428
 178 E   0.44246 0.37735 0.18019 ( 1)  1.181 +-  1.434
 179 A   0.44240 0.37733 0.18027 ( 1)  1.182 +-  1.435
 180 T   0.44285 0.37747 0.17968 ( 1)  1.179 +-  1.429
 181 K   0.44294 0.37749 0.17957 ( 1)  1.178 +-  1.428
 182 D   0.44292 0.37749 0.17959 ( 1)  1.178 +-  1.429
 183 C   0.44220 0.37727 0.18053 ( 1)  1.183 +-  1.437
 184 V   0.44237 0.37732 0.18031 ( 1)  1.182 +-  1.435
 185 D   0.44292 0.37749 0.17959 ( 1)  1.178 +-  1.429
 186 R   0.44234 0.37731 0.18035 ( 1)  1.182 +-  1.436
 187 S   0.44293 0.37749 0.17959 ( 1)  1.178 +-  1.428
 188 G   0.44307 0.37753 0.17940 ( 1)  1.177 +-  1.427
 189 V   0.44297 0.37750 0.17954 ( 1)  1.178 +-  1.428
 190 P   0.44258 0.37739 0.18003 ( 1)  1.180 +-  1.433
 191 R   0.44259 0.37739 0.18003 ( 1)  1.180 +-  1.433
 192 V   0.44297 0.37750 0.17954 ( 1)  1.178 +-  1.428
 193 Y   0.44259 0.37739 0.18003 ( 1)  1.180 +-  1.433
 194 G   0.44307 0.37753 0.17940 ( 1)  1.177 +-  1.427
 195 E   0.44246 0.37735 0.18019 ( 1)  1.181 +-  1.434
 196 R   0.44234 0.37731 0.18035 ( 1)  1.182 +-  1.436
 197 W   0.44208 0.37724 0.18068 ( 1)  1.184 +-  1.439
 198 L   0.44217 0.37727 0.18056 ( 1)  1.183 +-  1.438
 199 V   0.44297 0.37750 0.17954 ( 1)  1.178 +-  1.428
 200 T   0.44249 0.37736 0.18016 ( 1)  1.181 +-  1.434
 201 T   0.44285 0.37747 0.17968 ( 1)  1.179 +-  1.429
 202 P   0.44251 0.37737 0.18012 ( 1)  1.181 +-  1.433
 203 G   0.44307 0.37753 0.17940 ( 1)  1.177 +-  1.427
 204 A   0.44292 0.37748 0.17960 ( 1)  1.178 +-  1.429
 205 Y   0.44221 0.37728 0.18051 ( 1)  1.183 +-  1.437
 206 L   0.44221 0.37728 0.18052 ( 1)  1.183 +-  1.437
 207 P   0.44228 0.37730 0.18042 ( 1)  1.182 +-  1.436
 208 G   0.44307 0.37753 0.17940 ( 1)  1.177 +-  1.427
 209 V   0.44237 0.37732 0.18031 ( 1)  1.182 +-  1.435
 210 Y   0.44259 0.37739 0.18003 ( 1)  1.180 +-  1.433
 211 E   0.44246 0.37735 0.18019 ( 1)  1.181 +-  1.434
 212 Q   0.44217 0.37726 0.18057 ( 1)  1.183 +-  1.438
 213 I   0.44304 0.37752 0.17944 ( 1)  1.177 +-  1.427
 214 V   0.44237 0.37732 0.18031 ( 1)  1.182 +-  1.435
 215 D   0.44235 0.37732 0.18033 ( 1)  1.182 +-  1.435
 216 E   0.44281 0.37745 0.17974 ( 1)  1.179 +-  1.430
 217 R   0.44221 0.37728 0.18051 ( 1)  1.183 +-  1.437
 218 K   0.44294 0.37749 0.17957 ( 1)  1.178 +-  1.428
 219 A   0.44252 0.37737 0.18011 ( 1)  1.181 +-  1.433
 220 I   0.44304 0.37752 0.17944 ( 1)  1.177 +-  1.427
 221 T   0.44285 0.37747 0.17968 ( 1)  1.179 +-  1.429
 222 L   0.44221 0.37728 0.18051 ( 1)  1.183 +-  1.437
 223 T   0.44285 0.37747 0.17968 ( 1)  1.179 +-  1.429
 224 D   0.44235 0.37732 0.18033 ( 1)  1.182 +-  1.435
 225 R   0.44281 0.37746 0.17973 ( 1)  1.179 +-  1.430
 226 R   0.44229 0.37730 0.18042 ( 1)  1.182 +-  1.436
 227 A   0.44252 0.37737 0.18011 ( 1)  1.181 +-  1.433
 228 I   0.44315 0.37755 0.17929 ( 1)  1.177 +-  1.426
 229 C   0.44256 0.37738 0.18006 ( 1)  1.181 +-  1.433
 230 V   0.44237 0.37732 0.18031 ( 1)  1.182 +-  1.435
 231 K   0.44294 0.37749 0.17957 ( 1)  1.178 +-  1.428
 232 A   0.44304 0.37752 0.17944 ( 1)  1.177 +-  1.427
 233 V   0.44237 0.37732 0.18031 ( 1)  1.182 +-  1.435
 234 K   0.44254 0.37737 0.18009 ( 1)  1.181 +-  1.433
 235 S   0.44257 0.37738 0.18005 ( 1)  1.181 +-  1.433
 236 H   0.44256 0.37738 0.18006 ( 1)  1.181 +-  1.433
 237 C   0.44256 0.37738 0.18006 ( 1)  1.181 +-  1.433
 238 D   0.44235 0.37732 0.18033 ( 1)  1.182 +-  1.435
 239 K   0.44294 0.37749 0.17957 ( 1)  1.178 +-  1.428
 240 F   0.44221 0.37728 0.18051 ( 1)  1.183 +-  1.437
 241 G   0.44254 0.37737 0.18009 ( 1)  1.181 +-  1.433
 242 K   0.44294 0.37749 0.17957 ( 1)  1.178 +-  1.428
 243 Y   0.44259 0.37739 0.18003 ( 1)  1.180 +-  1.433
 244 R   0.44221 0.37728 0.18051 ( 1)  1.183 +-  1.437
 245 K   0.44294 0.37749 0.17957 ( 1)  1.178 +-  1.428
 246 A   0.44304 0.37752 0.17944 ( 1)  1.177 +-  1.427
 247 G   0.44307 0.37753 0.17940 ( 1)  1.177 +-  1.427
 248 E   0.44281 0.37745 0.17974 ( 1)  1.179 +-  1.430
 249 E   0.44281 0.37745 0.17974 ( 1)  1.179 +-  1.430
 250 W   0.44208 0.37724 0.18068 ( 1)  1.184 +-  1.439
 251 L   0.44217 0.37727 0.18056 ( 1)  1.183 +-  1.438
 252 I   0.44304 0.37752 0.17944 ( 1)  1.177 +-  1.427
 253 T   0.44285 0.37747 0.17968 ( 1)  1.179 +-  1.429
 254 H   0.44220 0.37727 0.18052 ( 1)  1.183 +-  1.437
 255 E   0.44281 0.37745 0.17974 ( 1)  1.179 +-  1.430
 256 D   0.44292 0.37749 0.17959 ( 1)  1.178 +-  1.429
 257 A   0.44252 0.37737 0.18011 ( 1)  1.181 +-  1.433
 258 E   0.44246 0.37735 0.18019 ( 1)  1.181 +-  1.434
 259 Y   0.44259 0.37739 0.18003 ( 1)  1.180 +-  1.433
 260 H   0.44220 0.37727 0.18052 ( 1)  1.183 +-  1.437
 261 I   0.44304 0.37752 0.17944 ( 1)  1.177 +-  1.427
 262 C   0.44220 0.37727 0.18053 ( 1)  1.183 +-  1.437
 263 S   0.44293 0.37749 0.17959 ( 1)  1.178 +-  1.428
 264 A   0.44292 0.37748 0.17960 ( 1)  1.178 +-  1.429
 265 L   0.44257 0.37738 0.18005 ( 1)  1.181 +-  1.433
 266 E   0.44246 0.37735 0.18019 ( 1)  1.181 +-  1.434
 267 E   0.44246 0.37735 0.18019 ( 1)  1.181 +-  1.434
 268 F   0.44258 0.37739 0.18003 ( 1)  1.180 +-  1.433
 269 V   0.44248 0.37736 0.18016 ( 1)  1.181 +-  1.434
 270 R   0.44281 0.37746 0.17973 ( 1)  1.179 +-  1.430
 271 E   0.44281 0.37745 0.17974 ( 1)  1.179 +-  1.430
 272 V   0.44237 0.37732 0.18031 ( 1)  1.182 +-  1.435
 273 E   0.44281 0.37745 0.17974 ( 1)  1.179 +-  1.430
 274 V   0.44297 0.37750 0.17954 ( 1)  1.178 +-  1.428
 275 T   0.44285 0.37747 0.17968 ( 1)  1.179 +-  1.429
 276 I   0.44240 0.37733 0.18027 ( 1)  1.182 +-  1.435
 277 L   0.44221 0.37728 0.18051 ( 1)  1.183 +-  1.437
 278 G   0.44307 0.37753 0.17940 ( 1)  1.177 +-  1.427
 279 V   0.44237 0.37732 0.18031 ( 1)  1.182 +-  1.435
 280 H   0.44256 0.37738 0.18006 ( 1)  1.181 +-  1.433
 281 Q   0.44208 0.37724 0.18068 ( 1)  1.184 +-  1.439
 282 F   0.44258 0.37739 0.18003 ( 1)  1.180 +-  1.433
 283 C   0.44256 0.37738 0.18006 ( 1)  1.181 +-  1.433
 284 V   0.44248 0.37736 0.18016 ( 1)  1.181 +-  1.434
 285 V   0.44285 0.37746 0.17969 ( 1)  1.179 +-  1.429
 286 V   0.44237 0.37732 0.18031 ( 1)  1.182 +-  1.435
 287 N   0.44241 0.37734 0.18026 ( 1)  1.182 +-  1.435
 288 P   0.44258 0.37739 0.18003 ( 1)  1.180 +-  1.433
 289 W   0.44208 0.37724 0.18068 ( 1)  1.184 +-  1.439
 290 D   0.44292 0.37749 0.17959 ( 1)  1.178 +-  1.429
 291 E   0.44246 0.37735 0.18019 ( 1)  1.181 +-  1.434
 292 N   0.44241 0.37734 0.18026 ( 1)  1.182 +-  1.435
 293 G   0.44307 0.37753 0.17940 ( 1)  1.177 +-  1.427
 294 V   0.44297 0.37750 0.17954 ( 1)  1.178 +-  1.428
 295 P   0.44258 0.37739 0.18003 ( 1)  1.180 +-  1.433
 296 Q   0.44208 0.37724 0.18068 ( 1)  1.184 +-  1.439
 297 L   0.44217 0.37727 0.18056 ( 1)  1.183 +-  1.438
 298 G   0.44254 0.37737 0.18009 ( 1)  1.181 +-  1.433
 299 R   0.44281 0.37746 0.17973 ( 1)  1.179 +-  1.430
 300 K   0.44294 0.37749 0.17957 ( 1)  1.178 +-  1.428
 301 L   0.44217 0.37727 0.18056 ( 1)  1.183 +-  1.438
 302 L   0.44217 0.37727 0.18056 ( 1)  1.183 +-  1.438
 303 V   0.44285 0.37746 0.17969 ( 1)  1.179 +-  1.429
 304 R   0.44259 0.37739 0.18003 ( 1)  1.180 +-  1.433
 305 G   0.44307 0.37753 0.17940 ( 1)  1.177 +-  1.427
 306 E   0.44281 0.37745 0.17974 ( 1)  1.179 +-  1.430
 307 K   0.44254 0.37737 0.18009 ( 1)  1.181 +-  1.433
 308 S   0.44250 0.37736 0.18014 ( 1)  1.181 +-  1.434
 309 F   0.44221 0.37728 0.18051 ( 1)  1.183 +-  1.437
 310 F   0.44258 0.37739 0.18003 ( 1)  1.180 +-  1.433
 311 L   0.44211 0.37725 0.18065 ( 1)  1.184 +-  1.438
 312 R   0.44281 0.37746 0.17973 ( 1)  1.179 +-  1.430
 313 P   0.44251 0.37737 0.18012 ( 1)  1.181 +-  1.433
 314 G   0.44294 0.37749 0.17957 ( 1)  1.178 +-  1.428
 315 E   0.44246 0.37735 0.18019 ( 1)  1.181 +-  1.434
 316 C   0.44256 0.37738 0.18006 ( 1)  1.181 +-  1.433
 317 L   0.44217 0.37727 0.18056 ( 1)  1.183 +-  1.438
 318 E   0.44281 0.37745 0.17974 ( 1)  1.179 +-  1.430
 319 R   0.44246 0.37735 0.18019 ( 1)  1.181 +-  1.434
 320 G   0.44307 0.37753 0.17940 ( 1)  1.177 +-  1.427
 321 V   0.44297 0.37750 0.17954 ( 1)  1.178 +-  1.428
 322 Q   0.44217 0.37726 0.18057 ( 1)  1.183 +-  1.438
 323 D   0.44292 0.37749 0.17959 ( 1)  1.178 +-  1.429
 324 A   0.44304 0.37752 0.17944 ( 1)  1.177 +-  1.427
 325 Y   0.44259 0.37739 0.18003 ( 1)  1.180 +-  1.433
 326 I   0.44304 0.37752 0.17944 ( 1)  1.177 +-  1.427
 327 L   0.44209 0.37724 0.18067 ( 1)  1.184 +-  1.439
 328 Q   0.44208 0.37724 0.18068 ( 1)  1.184 +-  1.439
 329 N   0.44307 0.37753 0.17940 ( 1)  1.177 +-  1.427
 330 D   0.44235 0.37732 0.18033 ( 1)  1.182 +-  1.435
 331 E   0.44281 0.37745 0.17974 ( 1)  1.179 +-  1.430
 332 G   0.44307 0.37753 0.17940 ( 1)  1.177 +-  1.427
 333 L   0.44257 0.37738 0.18005 ( 1)  1.181 +-  1.433
 334 I   0.44304 0.37752 0.17944 ( 1)  1.177 +-  1.427
 335 L   0.44257 0.37738 0.18005 ( 1)  1.181 +-  1.433
 336 R   0.44234 0.37731 0.18035 ( 1)  1.182 +-  1.436
 337 A   0.44304 0.37752 0.17944 ( 1)  1.177 +-  1.427
 338 K   0.44294 0.37749 0.17957 ( 1)  1.178 +-  1.428
 339 E   0.44281 0.37745 0.17974 ( 1)  1.179 +-  1.430
 340 Q   0.44208 0.37724 0.18068 ( 1)  1.184 +-  1.439
 341 F   0.44258 0.37739 0.18003 ( 1)  1.180 +-  1.433
 342 V   0.44237 0.37732 0.18031 ( 1)  1.182 +-  1.435
 343 E   0.44246 0.37735 0.18019 ( 1)  1.181 +-  1.434
 344 D   0.44292 0.37749 0.17959 ( 1)  1.178 +-  1.429
 345 I   0.44315 0.37755 0.17929 ( 1)  1.177 +-  1.426
 346 C   0.44256 0.37738 0.18006 ( 1)  1.181 +-  1.433
 347 G   0.44254 0.37737 0.18009 ( 1)  1.181 +-  1.433
 348 D   0.44235 0.37732 0.18033 ( 1)  1.182 +-  1.435
 349 A   0.44304 0.37752 0.17944 ( 1)  1.177 +-  1.427
 350 I   0.44315 0.37755 0.17929 ( 1)  1.177 +-  1.426
 351 S   0.44257 0.37738 0.18005 ( 1)  1.181 +-  1.433
 352 E   0.44246 0.37735 0.18019 ( 1)  1.181 +-  1.434
 353 G   0.44254 0.37737 0.18009 ( 1)  1.181 +-  1.433
 354 E   0.44246 0.37735 0.18019 ( 1)  1.181 +-  1.434
 355 S   0.44257 0.37738 0.18005 ( 1)  1.181 +-  1.433
 356 V   0.44248 0.37736 0.18016 ( 1)  1.181 +-  1.434
 357 K   0.44254 0.37737 0.18009 ( 1)  1.181 +-  1.433
 358 Q   0.44208 0.37724 0.18068 ( 1)  1.184 +-  1.439
 359 K   0.44254 0.37737 0.18009 ( 1)  1.181 +-  1.433
 360 K   0.44294 0.37749 0.17957 ( 1)  1.178 +-  1.428
 361 C   0.44256 0.37738 0.18006 ( 1)  1.181 +-  1.433
 362 I   0.44315 0.37755 0.17929 ( 1)  1.177 +-  1.426
 363 R   0.44259 0.37739 0.18003 ( 1)  1.180 +-  1.433
 364 R   0.44259 0.37739 0.18003 ( 1)  1.180 +-  1.433
 365 P   0.44258 0.37739 0.18003 ( 1)  1.180 +-  1.433
 366 G   0.44307 0.37753 0.17940 ( 1)  1.177 +-  1.427
 367 D   0.44292 0.37749 0.17959 ( 1)  1.178 +-  1.429
 368 R   0.44234 0.37731 0.18035 ( 1)  1.182 +-  1.436
 369 W   0.44208 0.37724 0.18068 ( 1)  1.184 +-  1.439
 370 M   0.44293 0.37749 0.17959 ( 1)  1.178 +-  1.428
 371 L   0.44217 0.37727 0.18056 ( 1)  1.183 +-  1.438
 372 R   0.44259 0.37739 0.18003 ( 1)  1.180 +-  1.433
 373 G   0.44294 0.37749 0.17957 ( 1)  1.178 +-  1.428
 374 P   0.44221 0.37728 0.18051 ( 1)  1.183 +-  1.437
 375 I   0.44240 0.37733 0.18027 ( 1)  1.182 +-  1.435
 376 E   0.44281 0.37745 0.17974 ( 1)  1.179 +-  1.430
 377 Y   0.44221 0.37728 0.18051 ( 1)  1.183 +-  1.437
 378 I   0.44315 0.37755 0.17929 ( 1)  1.177 +-  1.426
 379 P   0.44258 0.37739 0.18003 ( 1)  1.180 +-  1.433
 380 P   0.44258 0.37739 0.18003 ( 1)  1.180 +-  1.433
 381 V   0.44297 0.37750 0.17954 ( 1)  1.178 +-  1.428
 382 E   0.44281 0.37745 0.17974 ( 1)  1.179 +-  1.430
 383 V   0.44248 0.37736 0.18016 ( 1)  1.181 +-  1.434
 384 E   0.44281 0.37745 0.17974 ( 1)  1.179 +-  1.430
 385 V   0.44248 0.37736 0.18016 ( 1)  1.181 +-  1.434
 386 I   0.44315 0.37755 0.17929 ( 1)  1.177 +-  1.426
 387 D   0.44235 0.37732 0.18033 ( 1)  1.182 +-  1.435
 388 R   0.44259 0.37739 0.18003 ( 1)  1.180 +-  1.433
 389 R   0.44259 0.37739 0.18003 ( 1)  1.180 +-  1.433
 390 N   0.44241 0.37734 0.18026 ( 1)  1.182 +-  1.435
 391 V   0.44297 0.37750 0.17954 ( 1)  1.178 +-  1.428
 392 I   0.44304 0.37752 0.17944 ( 1)  1.177 +-  1.427
 393 P   0.44258 0.37739 0.18003 ( 1)  1.180 +-  1.433
 394 L   0.44221 0.37728 0.18052 ( 1)  1.183 +-  1.437
 395 D   0.44292 0.37749 0.17959 ( 1)  1.178 +-  1.429
 396 C   0.44256 0.37738 0.18006 ( 1)  1.181 +-  1.433
 397 N   0.44307 0.37753 0.17940 ( 1)  1.177 +-  1.427
 398 E   0.44281 0.37745 0.17974 ( 1)  1.179 +-  1.430
 399 G   0.44254 0.37737 0.18009 ( 1)  1.181 +-  1.433
 400 I   0.44240 0.37733 0.18027 ( 1)  1.182 +-  1.435
 401 Y   0.44259 0.37739 0.18003 ( 1)  1.180 +-  1.433
 402 V   0.44297 0.37750 0.17954 ( 1)  1.178 +-  1.428
 403 R   0.44259 0.37739 0.18003 ( 1)  1.180 +-  1.433
 404 N   0.44307 0.37753 0.17940 ( 1)  1.177 +-  1.427
 405 T   0.44285 0.37747 0.17968 ( 1)  1.179 +-  1.429
 406 Q   0.44217 0.37726 0.18057 ( 1)  1.183 +-  1.438
 407 T   0.44285 0.37747 0.17968 ( 1)  1.179 +-  1.429
 408 G   0.44294 0.37749 0.17957 ( 1)  1.178 +-  1.428
 409 Q   0.44217 0.37726 0.18057 ( 1)  1.183 +-  1.438
 410 V   0.44297 0.37750 0.17954 ( 1)  1.178 +-  1.428
 411 R   0.44221 0.37728 0.18051 ( 1)  1.183 +-  1.437
 412 A   0.44304 0.37752 0.17944 ( 1)  1.177 +-  1.427
 413 V   0.44297 0.37750 0.17954 ( 1)  1.178 +-  1.428
 414 I   0.44304 0.37752 0.17944 ( 1)  1.177 +-  1.427
 415 G   0.44307 0.37753 0.17940 ( 1)  1.177 +-  1.427
 416 E   0.44281 0.37745 0.17974 ( 1)  1.179 +-  1.430
 417 A   0.44304 0.37752 0.17944 ( 1)  1.177 +-  1.427
 418 Y   0.44259 0.37739 0.18003 ( 1)  1.180 +-  1.433
 419 M   0.44293 0.37749 0.17959 ( 1)  1.178 +-  1.428
 420 L   0.44217 0.37727 0.18056 ( 1)  1.183 +-  1.438
 421 N   0.44307 0.37753 0.17940 ( 1)  1.177 +-  1.427
 422 Q   0.44217 0.37726 0.18057 ( 1)  1.183 +-  1.438
 423 D   0.44292 0.37749 0.17959 ( 1)  1.178 +-  1.429
 424 E   0.44281 0.37745 0.17974 ( 1)  1.179 +-  1.430
 425 E   0.44281 0.37745 0.17974 ( 1)  1.179 +-  1.430
 426 L   0.44217 0.37727 0.18056 ( 1)  1.183 +-  1.438
 427 W   0.44208 0.37724 0.18068 ( 1)  1.184 +-  1.439
 428 E   0.44246 0.37735 0.18019 ( 1)  1.181 +-  1.434
 429 K   0.44254 0.37737 0.18009 ( 1)  1.181 +-  1.433
 430 K   0.44294 0.37749 0.17957 ( 1)  1.178 +-  1.428
 431 L   0.44221 0.37728 0.18052 ( 1)  1.183 +-  1.437
 432 P   0.44251 0.37737 0.18012 ( 1)  1.181 +-  1.433
 433 S   0.44257 0.37738 0.18005 ( 1)  1.181 +-  1.433
 434 E   0.44246 0.37735 0.18019 ( 1)  1.181 +-  1.434
 435 V   0.44297 0.37750 0.17954 ( 1)  1.178 +-  1.428
 436 V   0.44297 0.37750 0.17954 ( 1)  1.178 +-  1.428
 437 Q   0.44217 0.37726 0.18057 ( 1)  1.183 +-  1.438
 438 L   0.44209 0.37724 0.18067 ( 1)  1.184 +-  1.439
 439 L   0.44211 0.37725 0.18065 ( 1)  1.184 +-  1.438
 440 E   0.44281 0.37745 0.17974 ( 1)  1.179 +-  1.430
 441 S   0.44293 0.37749 0.17959 ( 1)  1.178 +-  1.428
 442 N   0.44307 0.37753 0.17940 ( 1)  1.177 +-  1.427
 443 I   0.44240 0.37733 0.18027 ( 1)  1.182 +-  1.435
 444 D   0.44235 0.37732 0.18033 ( 1)  1.182 +-  1.435
 445 P   0.44251 0.37737 0.18012 ( 1)  1.181 +-  1.433
 446 F   0.44258 0.37739 0.18003 ( 1)  1.180 +-  1.433
 447 A   0.44304 0.37752 0.17944 ( 1)  1.177 +-  1.427
 448 D   0.44235 0.37732 0.18033 ( 1)  1.182 +-  1.435
 449 R   0.44259 0.37739 0.18003 ( 1)  1.180 +-  1.433
 450 G   0.44294 0.37749 0.17957 ( 1)  1.178 +-  1.428
 451 V   0.44297 0.37750 0.17954 ( 1)  1.178 +-  1.428
 452 R   0.44234 0.37731 0.18035 ( 1)  1.182 +-  1.436
 453 S   0.44250 0.37736 0.18014 ( 1)  1.181 +-  1.434
 454 I   0.44304 0.37752 0.17944 ( 1)  1.177 +-  1.427
 455 Q   0.44217 0.37726 0.18057 ( 1)  1.183 +-  1.438
 456 D   0.44235 0.37732 0.18033 ( 1)  1.182 +-  1.435
 457 S   0.44250 0.37736 0.18014 ( 1)  1.181 +-  1.434
 458 V   0.44297 0.37750 0.17954 ( 1)  1.178 +-  1.428
 459 D   0.44235 0.37732 0.18033 ( 1)  1.182 +-  1.435
 460 R   0.44259 0.37739 0.18003 ( 1)  1.180 +-  1.433
 461 L   0.44257 0.37738 0.18005 ( 1)  1.181 +-  1.433
 462 D   0.44235 0.37732 0.18033 ( 1)  1.182 +-  1.435
 463 P   0.44251 0.37737 0.18012 ( 1)  1.181 +-  1.433
 464 T   0.44297 0.37750 0.17953 ( 1)  1.178 +-  1.428
 465 R   0.44259 0.37739 0.18003 ( 1)  1.180 +-  1.433
 466 V   0.44285 0.37746 0.17969 ( 1)  1.179 +-  1.429
 467 V   0.44297 0.37750 0.17954 ( 1)  1.178 +-  1.428
 468 T   0.44297 0.37750 0.17953 ( 1)  1.178 +-  1.428
 469 F   0.44221 0.37728 0.18051 ( 1)  1.183 +-  1.437
 470 R   0.44221 0.37728 0.18051 ( 1)  1.183 +-  1.437
 471 V   0.44297 0.37750 0.17954 ( 1)  1.178 +-  1.428
 472 P   0.44251 0.37737 0.18012 ( 1)  1.181 +-  1.433
 473 H   0.44220 0.37727 0.18052 ( 1)  1.183 +-  1.437
 474 N   0.44307 0.37753 0.17940 ( 1)  1.177 +-  1.427
 475 A   0.44304 0.37752 0.17944 ( 1)  1.177 +-  1.427
 476 A   0.44292 0.37748 0.17960 ( 1)  1.178 +-  1.429
 477 V   0.44297 0.37750 0.17954 ( 1)  1.178 +-  1.428
 478 Q   0.44217 0.37726 0.18057 ( 1)  1.183 +-  1.438
 479 I   0.44240 0.37733 0.18027 ( 1)  1.182 +-  1.435
 480 Y   0.44259 0.37739 0.18003 ( 1)  1.180 +-  1.433
 481 D   0.44235 0.37732 0.18033 ( 1)  1.182 +-  1.435
 482 Y   0.44259 0.37739 0.18003 ( 1)  1.180 +-  1.433
 483 K   0.44294 0.37749 0.17957 ( 1)  1.178 +-  1.428
 484 N   0.44241 0.37734 0.18026 ( 1)  1.182 +-  1.435
 485 K   0.44294 0.37749 0.17957 ( 1)  1.178 +-  1.428
 486 R   0.44246 0.37735 0.18019 ( 1)  1.181 +-  1.434
 487 A   0.44292 0.37748 0.17960 ( 1)  1.178 +-  1.429
 488 R   0.44281 0.37746 0.17973 ( 1)  1.179 +-  1.430
 489 V   0.44237 0.37732 0.18031 ( 1)  1.182 +-  1.435
 490 E   0.44246 0.37735 0.18019 ( 1)  1.181 +-  1.434
 491 F   0.44221 0.37728 0.18051 ( 1)  1.183 +-  1.437
 492 G   0.44294 0.37749 0.17957 ( 1)  1.178 +-  1.428
 493 P   0.44258 0.37739 0.18003 ( 1)  1.180 +-  1.433
 494 N   0.44307 0.37753 0.17940 ( 1)  1.177 +-  1.427
 495 L   0.44217 0.37727 0.18056 ( 1)  1.183 +-  1.438
 496 A   0.44304 0.37752 0.17944 ( 1)  1.177 +-  1.427
 497 M   0.44293 0.37749 0.17959 ( 1)  1.178 +-  1.428
 498 L   0.44217 0.37727 0.18056 ( 1)  1.183 +-  1.438
 499 G   0.44294 0.37749 0.17957 ( 1)  1.178 +-  1.428
 500 P   0.44251 0.37737 0.18012 ( 1)  1.181 +-  1.433
 501 D   0.44292 0.37749 0.17959 ( 1)  1.178 +-  1.429
 502 E   0.44281 0.37745 0.17974 ( 1)  1.179 +-  1.430
 503 Q   0.44217 0.37726 0.18057 ( 1)  1.183 +-  1.438
 504 F   0.44258 0.37739 0.18003 ( 1)  1.180 +-  1.433
 505 T   0.44297 0.37750 0.17953 ( 1)  1.178 +-  1.428
 506 R   0.44259 0.37739 0.18003 ( 1)  1.180 +-  1.433
 507 L   0.44209 0.37724 0.18067 ( 1)  1.184 +-  1.439
 508 S   0.44235 0.37732 0.18033 ( 1)  1.182 +-  1.435
 509 L   0.44209 0.37724 0.18067 ( 1)  1.184 +-  1.439
 510 S   0.44293 0.37749 0.17959 ( 1)  1.178 +-  1.428
 511 G   0.44307 0.37753 0.17940 ( 1)  1.177 +-  1.427
 512 G   0.44254 0.37737 0.18009 ( 1)  1.181 +-  1.433
 513 K   0.44294 0.37749 0.17957 ( 1)  1.178 +-  1.428
 514 P   0.44251 0.37737 0.18012 ( 1)  1.181 +-  1.433
 515 K   0.44254 0.37737 0.18009 ( 1)  1.181 +-  1.433
 516 K   0.44294 0.37749 0.17957 ( 1)  1.178 +-  1.428
 517 P   0.44228 0.37730 0.18042 ( 1)  1.182 +-  1.436
 518 N   0.44307 0.37753 0.17940 ( 1)  1.177 +-  1.427
 519 V   0.44248 0.37736 0.18016 ( 1)  1.181 +-  1.434
 520 I   0.44304 0.37752 0.17944 ( 1)  1.177 +-  1.427
 521 K   0.44254 0.37737 0.18009 ( 1)  1.181 +-  1.433
 522 S   0.44293 0.37749 0.17959 ( 1)  1.178 +-  1.428
 523 L   0.44217 0.37727 0.18056 ( 1)  1.183 +-  1.438
 524 C   0.44256 0.37738 0.18006 ( 1)  1.181 +-  1.433
 525 L   0.44217 0.37727 0.18056 ( 1)  1.183 +-  1.438
 526 L   0.44211 0.37725 0.18065 ( 1)  1.184 +-  1.438
 527 L   0.44217 0.37727 0.18056 ( 1)  1.183 +-  1.438
 528 G   0.44307 0.37753 0.17940 ( 1)  1.177 +-  1.427
 529 P   0.44251 0.37737 0.18012 ( 1)  1.181 +-  1.433
 530 D   0.44235 0.37732 0.18033 ( 1)  1.182 +-  1.435
 531 F   0.44258 0.37739 0.18003 ( 1)  1.180 +-  1.433
 532 C   0.44256 0.37738 0.18006 ( 1)  1.181 +-  1.433
 533 T   0.44285 0.37747 0.17968 ( 1)  1.179 +-  1.429
 534 D   0.44292 0.37749 0.17959 ( 1)  1.178 +-  1.429
 535 V   0.44297 0.37750 0.17954 ( 1)  1.178 +-  1.428
 536 V   0.44285 0.37746 0.17969 ( 1)  1.179 +-  1.429
 537 I   0.44304 0.37752 0.17944 ( 1)  1.177 +-  1.427
 538 V   0.44297 0.37750 0.17954 ( 1)  1.178 +-  1.428
 539 E   0.44281 0.37745 0.17974 ( 1)  1.179 +-  1.430
 540 T   0.44297 0.37750 0.17953 ( 1)  1.178 +-  1.428
 541 A   0.44252 0.37737 0.18011 ( 1)  1.181 +-  1.433
 542 D   0.44292 0.37749 0.17959 ( 1)  1.178 +-  1.429
 543 H   0.44256 0.37738 0.18006 ( 1)  1.181 +-  1.433
 544 A   0.44304 0.37752 0.17944 ( 1)  1.177 +-  1.427
 545 R   0.44259 0.37739 0.18003 ( 1)  1.180 +-  1.433
 546 L   0.44217 0.37727 0.18056 ( 1)  1.183 +-  1.438
 547 S   0.44257 0.37738 0.18005 ( 1)  1.181 +-  1.433
 548 L   0.44209 0.37724 0.18067 ( 1)  1.184 +-  1.439
 549 Q   0.44217 0.37726 0.18057 ( 1)  1.183 +-  1.438
 550 L   0.44221 0.37728 0.18051 ( 1)  1.183 +-  1.437
 551 S   0.44228 0.37730 0.18043 ( 1)  1.183 +-  1.436
 552 Y   0.44221 0.37728 0.18051 ( 1)  1.183 +-  1.437
 553 N   0.44307 0.37753 0.17940 ( 1)  1.177 +-  1.427
 554 W   0.44208 0.37724 0.18068 ( 1)  1.184 +-  1.439
 555 V   0.44248 0.37736 0.18016 ( 1)  1.181 +-  1.434
 556 F   0.44258 0.37739 0.18003 ( 1)  1.180 +-  1.433
 557 D   0.44292 0.37749 0.17959 ( 1)  1.178 +-  1.429
 558 V   0.44237 0.37732 0.18031 ( 1)  1.182 +-  1.435
 559 S   0.44257 0.37738 0.18005 ( 1)  1.181 +-  1.433
 560 P   0.44251 0.37737 0.18012 ( 1)  1.181 +-  1.433
 561 S   0.44250 0.37736 0.18014 ( 1)  1.181 +-  1.434
 562 C   0.44220 0.37727 0.18053 ( 1)  1.183 +-  1.437
 563 S   0.44293 0.37749 0.17959 ( 1)  1.178 +-  1.428
 564 A   0.44292 0.37748 0.17960 ( 1)  1.178 +-  1.429
 565 A   0.44304 0.37752 0.17944 ( 1)  1.177 +-  1.427
 566 D   0.44292 0.37749 0.17959 ( 1)  1.178 +-  1.429
 567 A   0.44304 0.37752 0.17944 ( 1)  1.177 +-  1.427
 568 A   0.44304 0.37752 0.17944 ( 1)  1.177 +-  1.427
 569 K   0.44254 0.37737 0.18009 ( 1)  1.181 +-  1.433
 570 L   0.44217 0.37727 0.18056 ( 1)  1.183 +-  1.438
 571 F   0.44221 0.37728 0.18051 ( 1)  1.183 +-  1.437
 572 S   0.44250 0.37736 0.18014 ( 1)  1.181 +-  1.434
 573 V   0.44248 0.37736 0.18016 ( 1)  1.181 +-  1.434
 574 P   0.44258 0.37739 0.18003 ( 1)  1.180 +-  1.433
 575 D   0.44292 0.37749 0.17959 ( 1)  1.178 +-  1.429
 576 F   0.44258 0.37739 0.18003 ( 1)  1.180 +-  1.433
 577 V   0.44297 0.37750 0.17954 ( 1)  1.178 +-  1.428
 578 G   0.44294 0.37749 0.17957 ( 1)  1.178 +-  1.428
 579 D   0.44292 0.37749 0.17959 ( 1)  1.178 +-  1.429
 580 A   0.44252 0.37737 0.18011 ( 1)  1.181 +-  1.433
 581 C   0.44256 0.37738 0.18006 ( 1)  1.181 +-  1.433
 582 K   0.44294 0.37749 0.17957 ( 1)  1.178 +-  1.428
 583 A   0.44304 0.37752 0.17944 ( 1)  1.177 +-  1.427
 584 I   0.44304 0.37752 0.17944 ( 1)  1.177 +-  1.427
 585 A   0.44292 0.37748 0.17960 ( 1)  1.178 +-  1.429
 586 S   0.44257 0.37738 0.18005 ( 1)  1.181 +-  1.433
 587 R   0.44259 0.37739 0.18003 ( 1)  1.180 +-  1.433
 588 V   0.44297 0.37750 0.17954 ( 1)  1.178 +-  1.428
 589 R   0.44259 0.37739 0.18003 ( 1)  1.180 +-  1.433
 590 G   0.44241 0.37734 0.18026 ( 1)  1.182 +-  1.435
 591 T   0.44285 0.37747 0.17968 ( 1)  1.179 +-  1.429
 592 V   0.44297 0.37750 0.17954 ( 1)  1.178 +-  1.428
 593 A   0.44292 0.37748 0.17960 ( 1)  1.178 +-  1.429
 594 S   0.44221 0.37728 0.18052 ( 1)  1.183 +-  1.437
 595 V   0.44237 0.37732 0.18031 ( 1)  1.182 +-  1.435
 596 Q   0.44217 0.37726 0.18057 ( 1)  1.183 +-  1.438
 597 F   0.44221 0.37728 0.18051 ( 1)  1.183 +-  1.437
 598 D   0.44292 0.37749 0.17959 ( 1)  1.178 +-  1.429
 599 D   0.44292 0.37749 0.17959 ( 1)  1.178 +-  1.429
 600 F   0.44258 0.37739 0.18003 ( 1)  1.180 +-  1.433
 601 H   0.44256 0.37738 0.18006 ( 1)  1.181 +-  1.433
 602 K   0.44254 0.37737 0.18009 ( 1)  1.181 +-  1.433
 603 H   0.44220 0.37727 0.18052 ( 1)  1.183 +-  1.437
 604 S   0.44250 0.37736 0.18014 ( 1)  1.181 +-  1.434
 605 S   0.44250 0.37736 0.18014 ( 1)  1.181 +-  1.434
 606 R   0.44234 0.37731 0.18035 ( 1)  1.182 +-  1.436
 607 I   0.44304 0.37752 0.17944 ( 1)  1.177 +-  1.427
 608 I   0.44304 0.37752 0.17944 ( 1)  1.177 +-  1.427
 609 R   0.44259 0.37739 0.18003 ( 1)  1.180 +-  1.433
 610 A   0.44304 0.37752 0.17944 ( 1)  1.177 +-  1.427
 611 S   0.44221 0.37728 0.18052 ( 1)  1.183 +-  1.437
 612 V   0.44285 0.37746 0.17969 ( 1)  1.179 +-  1.429
 613 F   0.44221 0.37728 0.18051 ( 1)  1.183 +-  1.437
 614 G   0.44294 0.37749 0.17957 ( 1)  1.178 +-  1.428
 615 L   0.44209 0.37724 0.18067 ( 1)  1.184 +-  1.439
 616 D   0.44292 0.37749 0.17959 ( 1)  1.178 +-  1.429
 617 E   0.44281 0.37745 0.17974 ( 1)  1.179 +-  1.430
 618 A   0.44304 0.37752 0.17944 ( 1)  1.177 +-  1.427
 619 G   0.44294 0.37749 0.17957 ( 1)  1.178 +-  1.428
 620 K   0.44254 0.37737 0.18009 ( 1)  1.181 +-  1.433
 621 V   0.44297 0.37750 0.17954 ( 1)  1.178 +-  1.428
 622 R   0.44229 0.37730 0.18042 ( 1)  1.182 +-  1.436
 623 D   0.44292 0.37749 0.17959 ( 1)  1.178 +-  1.429
 624 R   0.44234 0.37731 0.18035 ( 1)  1.182 +-  1.436
 625 L   0.44217 0.37727 0.18056 ( 1)  1.183 +-  1.438
 626 V   0.44297 0.37750 0.17954 ( 1)  1.178 +-  1.428
 627 F   0.44258 0.37739 0.18003 ( 1)  1.180 +-  1.433
 628 P   0.44258 0.37739 0.18003 ( 1)  1.180 +-  1.433
 629 Q   0.44217 0.37726 0.18057 ( 1)  1.183 +-  1.438
 630 N   0.44307 0.37753 0.17940 ( 1)  1.177 +-  1.427
 631 N   0.44307 0.37753 0.17940 ( 1)  1.177 +-  1.427
 632 L   0.44211 0.37725 0.18065 ( 1)  1.184 +-  1.438
 633 H   0.44256 0.37738 0.18006 ( 1)  1.181 +-  1.433
 634 I   0.44304 0.37752 0.17944 ( 1)  1.177 +-  1.427
 635 T   0.44285 0.37747 0.17968 ( 1)  1.179 +-  1.429
 636 S   0.44235 0.37732 0.18033 ( 1)  1.182 +-  1.435
 637 V   0.44248 0.37736 0.18016 ( 1)  1.181 +-  1.434
 638 D   0.44292 0.37749 0.17959 ( 1)  1.178 +-  1.429
 639 V   0.44285 0.37746 0.17969 ( 1)  1.179 +-  1.429
 640 Q   0.44208 0.37724 0.18068 ( 1)  1.184 +-  1.439
 641 S   0.44257 0.37738 0.18005 ( 1)  1.181 +-  1.433
 642 V   0.44248 0.37736 0.18016 ( 1)  1.181 +-  1.434
 643 E   0.44246 0.37735 0.18019 ( 1)  1.181 +-  1.434
 644 P   0.44251 0.37737 0.18012 ( 1)  1.181 +-  1.433
 645 V   0.44248 0.37736 0.18016 ( 1)  1.181 +-  1.434
 646 D   0.44292 0.37749 0.17959 ( 1)  1.178 +-  1.429
 647 Q   0.44217 0.37726 0.18057 ( 1)  1.183 +-  1.438
 648 R   0.44234 0.37731 0.18035 ( 1)  1.182 +-  1.436
 649 T   0.44297 0.37750 0.17953 ( 1)  1.178 +-  1.428
 650 R   0.44229 0.37730 0.18042 ( 1)  1.182 +-  1.436
 651 D   0.44292 0.37749 0.17959 ( 1)  1.178 +-  1.429
 652 S   0.44228 0.37730 0.18043 ( 1)  1.183 +-  1.436
 653 L   0.44209 0.37724 0.18067 ( 1)  1.184 +-  1.439
 654 Q   0.44208 0.37724 0.18068 ( 1)  1.184 +-  1.439
 655 K   0.44254 0.37737 0.18009 ( 1)  1.181 +-  1.433
 656 S   0.44250 0.37736 0.18014 ( 1)  1.181 +-  1.434
 657 V   0.44297 0.37750 0.17954 ( 1)  1.178 +-  1.428
 658 Q   0.44217 0.37726 0.18057 ( 1)  1.183 +-  1.438
 659 L   0.44257 0.37738 0.18005 ( 1)  1.181 +-  1.433
 660 A   0.44240 0.37733 0.18027 ( 1)  1.182 +-  1.435
 661 I   0.44304 0.37752 0.17944 ( 1)  1.177 +-  1.427
 662 E   0.44246 0.37735 0.18019 ( 1)  1.181 +-  1.434
 663 I   0.44240 0.37733 0.18027 ( 1)  1.182 +-  1.435
 664 T   0.44249 0.37736 0.18016 ( 1)  1.181 +-  1.434
 665 T   0.44237 0.37732 0.18031 ( 1)  1.182 +-  1.435
 666 N   0.44307 0.37753 0.17940 ( 1)  1.177 +-  1.427
 667 S   0.44228 0.37730 0.18043 ( 1)  1.183 +-  1.436
 668 Q   0.44217 0.37726 0.18057 ( 1)  1.183 +-  1.438
 669 E   0.44246 0.37735 0.18019 ( 1)  1.181 +-  1.434
 670 A   0.44292 0.37748 0.17960 ( 1)  1.178 +-  1.429
 671 A   0.44304 0.37752 0.17944 ( 1)  1.177 +-  1.427
 672 A   0.44292 0.37748 0.17960 ( 1)  1.178 +-  1.429
 673 R   0.44259 0.37739 0.18003 ( 1)  1.180 +-  1.433
 674 H   0.44220 0.37727 0.18052 ( 1)  1.183 +-  1.437
 675 E   0.44281 0.37745 0.17974 ( 1)  1.179 +-  1.430
 676 A   0.44240 0.37733 0.18027 ( 1)  1.182 +-  1.435
 677 E   0.44281 0.37745 0.17974 ( 1)  1.179 +-  1.430
 678 R   0.44281 0.37746 0.17973 ( 1)  1.179 +-  1.430
 679 L   0.44221 0.37728 0.18052 ( 1)  1.183 +-  1.437
 680 E   0.44281 0.37745 0.17974 ( 1)  1.179 +-  1.430
 681 Q   0.44208 0.37724 0.18068 ( 1)  1.184 +-  1.439
 682 E   0.44281 0.37745 0.17974 ( 1)  1.179 +-  1.430
 683 A   0.44292 0.37748 0.17960 ( 1)  1.178 +-  1.429
 684 R   0.44281 0.37746 0.17973 ( 1)  1.179 +-  1.430
 685 G   0.44307 0.37753 0.17940 ( 1)  1.177 +-  1.427
 686 R   0.44229 0.37730 0.18042 ( 1)  1.182 +-  1.436
 687 L   0.44209 0.37724 0.18067 ( 1)  1.184 +-  1.439
 688 E   0.44246 0.37735 0.18019 ( 1)  1.181 +-  1.434
 689 R   0.44259 0.37739 0.18003 ( 1)  1.180 +-  1.433
 690 Q   0.44217 0.37726 0.18057 ( 1)  1.183 +-  1.438
 691 R   0.44281 0.37746 0.17973 ( 1)  1.179 +-  1.430
 692 I   0.44304 0.37752 0.17944 ( 1)  1.177 +-  1.427
 693 E   0.44281 0.37745 0.17974 ( 1)  1.179 +-  1.430
 694 D   0.44292 0.37749 0.17959 ( 1)  1.178 +-  1.429
 695 E   0.44281 0.37745 0.17974 ( 1)  1.179 +-  1.430
 696 A   0.44252 0.37737 0.18011 ( 1)  1.181 +-  1.433
 697 A   0.44304 0.37752 0.17944 ( 1)  1.177 +-  1.427
 698 A   0.44304 0.37752 0.17944 ( 1)  1.177 +-  1.427
 699 E   0.44281 0.37745 0.17974 ( 1)  1.179 +-  1.430
 700 Q   0.44217 0.37726 0.18057 ( 1)  1.183 +-  1.438
 701 A   0.44240 0.37733 0.18027 ( 1)  1.182 +-  1.435
 702 R   0.44281 0.37746 0.17973 ( 1)  1.179 +-  1.430
 703 R   0.44259 0.37739 0.18003 ( 1)  1.180 +-  1.433
 704 N   0.44307 0.37753 0.17940 ( 1)  1.177 +-  1.427
 705 L   0.44209 0.37724 0.18067 ( 1)  1.184 +-  1.439
 706 L   0.44257 0.37738 0.18005 ( 1)  1.181 +-  1.433
 707 E   0.44281 0.37745 0.17974 ( 1)  1.179 +-  1.430
 708 I   0.44240 0.37733 0.18027 ( 1)  1.182 +-  1.435
 709 R   0.44234 0.37731 0.18035 ( 1)  1.182 +-  1.436
 710 V   0.44248 0.37736 0.18016 ( 1)  1.181 +-  1.434
 711 Q   0.44217 0.37726 0.18057 ( 1)  1.183 +-  1.438
 712 L   0.44211 0.37725 0.18065 ( 1)  1.184 +-  1.438
 713 A   0.44304 0.37752 0.17944 ( 1)  1.177 +-  1.427
 714 A   0.44292 0.37748 0.17960 ( 1)  1.178 +-  1.429
 715 L   0.44221 0.37728 0.18051 ( 1)  1.183 +-  1.437
 716 E   0.44281 0.37745 0.17974 ( 1)  1.179 +-  1.430
 717 S   0.44293 0.37749 0.17959 ( 1)  1.178 +-  1.428
 718 N   0.44307 0.37753 0.17940 ( 1)  1.177 +-  1.427
 719 S   0.44235 0.37732 0.18033 ( 1)  1.182 +-  1.435
 720 Q   0.44217 0.37726 0.18057 ( 1)  1.183 +-  1.438
 721 A   0.44252 0.37737 0.18011 ( 1)  1.181 +-  1.433
 722 K   0.44254 0.37737 0.18009 ( 1)  1.181 +-  1.433
 723 A   0.44240 0.37733 0.18027 ( 1)  1.182 +-  1.435
 724 E   0.44281 0.37745 0.17974 ( 1)  1.179 +-  1.430
 725 A   0.44292 0.37748 0.17960 ( 1)  1.178 +-  1.429
 726 E   0.44246 0.37735 0.18019 ( 1)  1.181 +-  1.434
 727 S   0.44293 0.37749 0.17959 ( 1)  1.178 +-  1.428
 728 R   0.44234 0.37731 0.18035 ( 1)  1.182 +-  1.436
 729 A   0.44304 0.37752 0.17944 ( 1)  1.177 +-  1.427
 730 E   0.44281 0.37745 0.17974 ( 1)  1.179 +-  1.430
 731 A   0.44252 0.37737 0.18011 ( 1)  1.181 +-  1.433
 732 N   0.44307 0.37753 0.17940 ( 1)  1.177 +-  1.427
 733 R   0.44259 0.37739 0.18003 ( 1)  1.180 +-  1.433
 734 I   0.44304 0.37752 0.17944 ( 1)  1.177 +-  1.427
 735 S   0.44221 0.37728 0.18052 ( 1)  1.183 +-  1.437
 736 S   0.44293 0.37749 0.17959 ( 1)  1.178 +-  1.428
 737 Q   0.44217 0.37726 0.18057 ( 1)  1.183 +-  1.438
 738 A   0.44304 0.37752 0.17944 ( 1)  1.177 +-  1.427
 739 A   0.44292 0.37748 0.17960 ( 1)  1.178 +-  1.429
 740 V   0.44248 0.37736 0.18016 ( 1)  1.181 +-  1.434
 741 E   0.44281 0.37745 0.17974 ( 1)  1.179 +-  1.430
 742 E   0.44246 0.37735 0.18019 ( 1)  1.181 +-  1.434
 743 A   0.44304 0.37752 0.17944 ( 1)  1.177 +-  1.427
 744 K   0.44294 0.37749 0.17957 ( 1)  1.178 +-  1.428
 745 L   0.44221 0.37728 0.18052 ( 1)  1.183 +-  1.437
 746 R   0.44234 0.37731 0.18035 ( 1)  1.182 +-  1.436
 747 A   0.44292 0.37748 0.17960 ( 1)  1.178 +-  1.429
 748 E   0.44281 0.37745 0.17974 ( 1)  1.179 +-  1.430
 749 A   0.44240 0.37733 0.18027 ( 1)  1.182 +-  1.435
 750 L   0.44217 0.37727 0.18056 ( 1)  1.183 +-  1.438
 751 S   0.44257 0.37738 0.18005 ( 1)  1.181 +-  1.433
 752 I   0.44304 0.37752 0.17944 ( 1)  1.177 +-  1.427
 753 E   0.44281 0.37745 0.17974 ( 1)  1.179 +-  1.430
 754 T   0.44249 0.37736 0.18016 ( 1)  1.181 +-  1.434
 755 N   0.44307 0.37753 0.17940 ( 1)  1.177 +-  1.427
 756 A   0.44292 0.37748 0.17960 ( 1)  1.178 +-  1.429
 757 E   0.44281 0.37745 0.17974 ( 1)  1.179 +-  1.430
 758 L   0.44217 0.37727 0.18056 ( 1)  1.183 +-  1.438
 759 E   0.44281 0.37745 0.17974 ( 1)  1.179 +-  1.430
 760 R   0.44281 0.37746 0.17973 ( 1)  1.179 +-  1.430
 761 L   0.44221 0.37728 0.18052 ( 1)  1.183 +-  1.437
 762 K   0.44294 0.37749 0.17957 ( 1)  1.178 +-  1.428
 763 L   0.44209 0.37724 0.18067 ( 1)  1.184 +-  1.439
 764 A   0.44304 0.37752 0.17944 ( 1)  1.177 +-  1.427
 765 R   0.44234 0.37731 0.18035 ( 1)  1.182 +-  1.436
 766 A   0.44304 0.37752 0.17944 ( 1)  1.177 +-  1.427
 767 A   0.44292 0.37748 0.17960 ( 1)  1.178 +-  1.429
 768 E   0.44246 0.37735 0.18019 ( 1)  1.181 +-  1.434
 769 I   0.44240 0.37733 0.18027 ( 1)  1.182 +-  1.435
 770 A   0.44240 0.37733 0.18027 ( 1)  1.182 +-  1.435
 771 Y   0.44259 0.37739 0.18003 ( 1)  1.180 +-  1.433
 772 I   0.44240 0.37733 0.18027 ( 1)  1.182 +-  1.435
 773 K   0.44254 0.37737 0.18009 ( 1)  1.181 +-  1.433
 774 E   0.44281 0.37745 0.17974 ( 1)  1.179 +-  1.430
 775 K   0.44254 0.37737 0.18009 ( 1)  1.181 +-  1.433
 776 N   0.44307 0.37753 0.17940 ( 1)  1.177 +-  1.427
 777 E   0.44281 0.37745 0.17974 ( 1)  1.179 +-  1.430
 778 L   0.44217 0.37727 0.18056 ( 1)  1.183 +-  1.438
 779 A   0.44304 0.37752 0.17944 ( 1)  1.177 +-  1.427
 780 L   0.44221 0.37728 0.18051 ( 1)  1.183 +-  1.437
 781 K   0.44254 0.37737 0.18009 ( 1)  1.181 +-  1.433
 782 Y   0.44259 0.37739 0.18003 ( 1)  1.180 +-  1.433
 783 K   0.44254 0.37737 0.18009 ( 1)  1.181 +-  1.433
 784 A   0.44292 0.37748 0.17960 ( 1)  1.178 +-  1.429
 785 D   0.44235 0.37732 0.18033 ( 1)  1.182 +-  1.435
 786 E   0.44281 0.37745 0.17974 ( 1)  1.179 +-  1.430
 787 T   0.44249 0.37736 0.18016 ( 1)  1.181 +-  1.434
 788 E   0.44281 0.37745 0.17974 ( 1)  1.179 +-  1.430
 789 I   0.44240 0.37733 0.18027 ( 1)  1.182 +-  1.435
 790 E   0.44246 0.37735 0.18019 ( 1)  1.181 +-  1.434
 791 K   0.44294 0.37749 0.17957 ( 1)  1.178 +-  1.428
 792 S   0.19406 0.34505 0.46090 ( 3)  2.571 +-  2.653
 793 R   0.44259 0.37739 0.18003 ( 1)  1.180 +-  1.433
 794 F   0.44221 0.37728 0.18051 ( 1)  1.183 +-  1.437
 795 I   0.44304 0.37752 0.17944 ( 1)  1.177 +-  1.427
 796 S   0.44250 0.37736 0.18014 ( 1)  1.181 +-  1.434
 797 M   0.44293 0.37749 0.17959 ( 1)  1.178 +-  1.428
 798 V   0.44248 0.37736 0.18016 ( 1)  1.181 +-  1.434
 799 N   0.44307 0.37753 0.17940 ( 1)  1.177 +-  1.427
 800 V   0.44285 0.37746 0.17969 ( 1)  1.179 +-  1.429
 801 L   0.44217 0.37727 0.18056 ( 1)  1.183 +-  1.438
 802 G   0.44307 0.37753 0.17940 ( 1)  1.177 +-  1.427
 803 A   0.44292 0.37748 0.17960 ( 1)  1.178 +-  1.429
 804 D   0.44292 0.37749 0.17959 ( 1)  1.178 +-  1.429
 805 T   0.44285 0.37747 0.17968 ( 1)  1.179 +-  1.429
 806 L   0.44211 0.37725 0.18065 ( 1)  1.184 +-  1.438
 807 R   0.44259 0.37739 0.18003 ( 1)  1.180 +-  1.433
 808 A   0.44292 0.37748 0.17960 ( 1)  1.178 +-  1.429
 809 M   0.44293 0.37749 0.17959 ( 1)  1.178 +-  1.428
 810 A   0.44292 0.37748 0.17960 ( 1)  1.178 +-  1.429
 811 T   0.44285 0.37747 0.17968 ( 1)  1.179 +-  1.429
 812 A   0.44240 0.37733 0.18027 ( 1)  1.182 +-  1.435
 813 E   0.44281 0.37745 0.17974 ( 1)  1.179 +-  1.430
 814 S   0.44250 0.37736 0.18014 ( 1)  1.181 +-  1.434
 815 D   0.44292 0.37749 0.17959 ( 1)  1.178 +-  1.429
 816 N   0.44307 0.37753 0.17940 ( 1)  1.177 +-  1.427
 817 S   0.44293 0.37749 0.17959 ( 1)  1.178 +-  1.428
 818 L   0.44211 0.37725 0.18065 ( 1)  1.184 +-  1.438
 819 R   0.44221 0.37728 0.18051 ( 1)  1.183 +-  1.437
 820 M   0.44293 0.37749 0.17959 ( 1)  1.178 +-  1.428
 821 L   0.44209 0.37724 0.18067 ( 1)  1.184 +-  1.439
 822 N   0.44241 0.37734 0.18026 ( 1)  1.182 +-  1.435
 823 A   0.44304 0.37752 0.17944 ( 1)  1.177 +-  1.427
 824 L   0.44211 0.37725 0.18065 ( 1)  1.184 +-  1.438
 825 G   0.44241 0.37734 0.18026 ( 1)  1.182 +-  1.435
 826 L   0.44221 0.37728 0.18051 ( 1)  1.183 +-  1.437
 827 Q   0.44217 0.37726 0.18057 ( 1)  1.183 +-  1.438
 828 S   0.44293 0.37749 0.17959 ( 1)  1.178 +-  1.428
 829 T   0.44285 0.37747 0.17968 ( 1)  1.179 +-  1.429
 830 L   0.44217 0.37727 0.18056 ( 1)  1.183 +-  1.438
 831 I   0.44304 0.37752 0.17944 ( 1)  1.177 +-  1.427
 832 T   0.44285 0.37747 0.17968 ( 1)  1.179 +-  1.429
 833 D   0.44292 0.37749 0.17959 ( 1)  1.178 +-  1.429
 834 G   0.44254 0.37737 0.18009 ( 1)  1.181 +-  1.433
 835 T   0.44249 0.37736 0.18016 ( 1)  1.181 +-  1.434
 836 T   0.44285 0.37747 0.17968 ( 1)  1.179 +-  1.429
 837 P   0.44251 0.37737 0.18012 ( 1)  1.181 +-  1.433
 838 V   0.44248 0.37736 0.18016 ( 1)  1.181 +-  1.434
 839 N   0.44307 0.37753 0.17940 ( 1)  1.177 +-  1.427
 840 L   0.44209 0.37724 0.18067 ( 1)  1.184 +-  1.439
 841 L   0.44217 0.37727 0.18056 ( 1)  1.183 +-  1.438
 842 T   0.44297 0.37750 0.17953 ( 1)  1.178 +-  1.428
 843 T   0.44297 0.37750 0.17953 ( 1)  1.178 +-  1.428
 844 A   0.44304 0.37752 0.17944 ( 1)  1.177 +-  1.427
 845 H   0.44256 0.37738 0.18006 ( 1)  1.181 +-  1.433
 846 G   0.44307 0.37753 0.17940 ( 1)  1.177 +-  1.427
 847 L   0.44217 0.37727 0.18056 ( 1)  1.183 +-  1.438
 848 I   0.44240 0.37733 0.18027 ( 1)  1.182 +-  1.435
 849 G   0.44307 0.37753 0.17940 ( 1)  1.177 +-  1.427
 850 S   0.44250 0.37736 0.18014 ( 1)  1.181 +-  1.434
 851 V   0.44248 0.37736 0.18016 ( 1)  1.181 +-  1.434
 852 F   0.44258 0.37739 0.18003 ( 1)  1.180 +-  1.433
 853 E   0.44246 0.37735 0.18019 ( 1)  1.181 +-  1.434
 854 G   0.44307 0.37753 0.17940 ( 1)  1.177 +-  1.427
 855 S   0.44257 0.37738 0.18005 ( 1)  1.181 +-  1.433
 856 S   0.44257 0.37738 0.18005 ( 1)  1.181 +-  1.433
 857 R   0.44259 0.37739 0.18003 ( 1)  1.180 +-  1.433
 858 K   0.44294 0.37749 0.17957 ( 1)  1.178 +-  1.428
 859 R   0.44259 0.37739 0.18003 ( 1)  1.180 +-  1.433
 860 A   0.44304 0.37752 0.17944 ( 1)  1.177 +-  1.427
 861 S   0.44250 0.37736 0.18014 ( 1)  1.181 +-  1.434
 862 E   0.44246 0.37735 0.18019 ( 1)  1.181 +-  1.434
 863 V   0.44248 0.37736 0.18016 ( 1)  1.181 +-  1.434
 864 L   0.44217 0.37727 0.18056 ( 1)  1.183 +-  1.438
 865 G   0.44241 0.37734 0.18026 ( 1)  1.182 +-  1.435
 866 N   0.44307 0.37753 0.17940 ( 1)  1.177 +-  1.427
 867 V   0.44285 0.37746 0.17969 ( 1)  1.179 +-  1.429
 868 D   0.44292 0.37749 0.17959 ( 1)  1.178 +-  1.429
 869 G   0.44294 0.37749 0.17957 ( 1)  1.178 +-  1.428
 870 K   0.44294 0.37749 0.17957 ( 1)  1.178 +-  1.428

Positively selected sites

	Prob(w>1)  mean w


