Supplemental results for CODEML (seqf: algn  treef: tree)


dN/dS (w) for site classes (K=3)

p:   1.00000  0.00000  0.00000
w:   0.42908  1.00000  1.00000

Naive Empirical Bayes (NEB) probabilities for 3 classes & postmean_w
(amino acids refer to 1st sequence: ecp.12327)

   1 M   1.00000 0.00000 0.00000 ( 1)  0.429
   2 M   1.00000 0.00000 0.00000 ( 1)  0.429
   3 S   1.00000 0.00000 0.00000 ( 1)  0.429
   4 D   1.00000 0.00000 0.00000 ( 1)  0.429
   5 L   1.00000 0.00000 0.00000 ( 1)  0.429
   6 Q   1.00000 0.00000 0.00000 ( 1)  0.429
   7 R   1.00000 0.00000 0.00000 ( 1)  0.429
   8 V   1.00000 0.00000 0.00000 ( 1)  0.429
   9 L   1.00000 0.00000 0.00000 ( 1)  0.429
  10 A   1.00000 0.00000 0.00000 ( 1)  0.429
  11 A   1.00000 0.00000 0.00000 ( 1)  0.429
  12 R   1.00000 0.00000 0.00000 ( 1)  0.429
  13 R   1.00000 0.00000 0.00000 ( 1)  0.429
  14 R   1.00000 0.00000 0.00000 ( 1)  0.429
  15 A   1.00000 0.00000 0.00000 ( 1)  0.429
  16 K   1.00000 0.00000 0.00000 ( 1)  0.429
  17 E   1.00000 0.00000 0.00000 ( 1)  0.429
  18 A   1.00000 0.00000 0.00000 ( 1)  0.429
  19 E   1.00000 0.00000 0.00000 ( 1)  0.429
  20 E   1.00000 0.00000 0.00000 ( 1)  0.429
  21 G   1.00000 0.00000 0.00000 ( 1)  0.429
  22 G   1.00000 0.00000 0.00000 ( 1)  0.429
  23 S   1.00000 0.00000 0.00000 ( 1)  0.429
  24 A   1.00000 0.00000 0.00000 ( 1)  0.429
  25 D   1.00000 0.00000 0.00000 ( 1)  0.429
  26 G   1.00000 0.00000 0.00000 ( 1)  0.429
  27 S   1.00000 0.00000 0.00000 ( 1)  0.429
  28 A   1.00000 0.00000 0.00000 ( 1)  0.429
  29 A   1.00000 0.00000 0.00000 ( 1)  0.429
  30 G   1.00000 0.00000 0.00000 ( 1)  0.429
  31 G   1.00000 0.00000 0.00000 ( 1)  0.429
  32 D   1.00000 0.00000 0.00000 ( 1)  0.429
  33 Q   1.00000 0.00000 0.00000 ( 1)  0.429
  34 P   1.00000 0.00000 0.00000 ( 1)  0.429
  35 G   1.00000 0.00000 0.00000 ( 1)  0.429
  36 Q   1.00000 0.00000 0.00000 ( 1)  0.429
  37 Q   1.00000 0.00000 0.00000 ( 1)  0.429
  38 G   1.00000 0.00000 0.00000 ( 1)  0.429
  39 S   1.00000 0.00000 0.00000 ( 1)  0.429
  40 N   1.00000 0.00000 0.00000 ( 1)  0.429
  41 A   1.00000 0.00000 0.00000 ( 1)  0.429
  42 T   1.00000 0.00000 0.00000 ( 1)  0.429
  43 S   1.00000 0.00000 0.00000 ( 1)  0.429
  44 R   1.00000 0.00000 0.00000 ( 1)  0.429
  45 W   1.00000 0.00000 0.00000 ( 1)  0.429
  46 P   1.00000 0.00000 0.00000 ( 1)  0.429
  47 A   1.00000 0.00000 0.00000 ( 1)  0.429
  48 G   1.00000 0.00000 0.00000 ( 1)  0.429
  49 S   1.00000 0.00000 0.00000 ( 1)  0.429
  50 T   1.00000 0.00000 0.00000 ( 1)  0.429
  51 Q   1.00000 0.00000 0.00000 ( 1)  0.429
  52 S   1.00000 0.00000 0.00000 ( 1)  0.429
  53 G   1.00000 0.00000 0.00000 ( 1)  0.429
  54 N   1.00000 0.00000 0.00000 ( 1)  0.429
  55 T   1.00000 0.00000 0.00000 ( 1)  0.429
  56 S   1.00000 0.00000 0.00000 ( 1)  0.429
  57 V   1.00000 0.00000 0.00000 ( 1)  0.429
  58 T   1.00000 0.00000 0.00000 ( 1)  0.429
  59 N   1.00000 0.00000 0.00000 ( 1)  0.429
  60 S   1.00000 0.00000 0.00000 ( 1)  0.429
  61 S   1.00000 0.00000 0.00000 ( 1)  0.429
  62 I   1.00000 0.00000 0.00000 ( 1)  0.429
  63 P   1.00000 0.00000 0.00000 ( 1)  0.429
  64 P   1.00000 0.00000 0.00000 ( 1)  0.429
  65 V   1.00000 0.00000 0.00000 ( 1)  0.429
  66 P   1.00000 0.00000 0.00000 ( 1)  0.429
  67 P   1.00000 0.00000 0.00000 ( 1)  0.429
  68 L   1.00000 0.00000 0.00000 ( 1)  0.429
  69 T   1.00000 0.00000 0.00000 ( 1)  0.429
  70 S   1.00000 0.00000 0.00000 ( 1)  0.429
  71 T   1.00000 0.00000 0.00000 ( 1)  0.429
  72 A   1.00000 0.00000 0.00000 ( 1)  0.429
  73 S   1.00000 0.00000 0.00000 ( 1)  0.429
  74 S   1.00000 0.00000 0.00000 ( 1)  0.429
  75 G   1.00000 0.00000 0.00000 ( 1)  0.429
  76 N   1.00000 0.00000 0.00000 ( 1)  0.429
  77 N   1.00000 0.00000 0.00000 ( 1)  0.429
  78 A   1.00000 0.00000 0.00000 ( 1)  0.429
  79 T   1.00000 0.00000 0.00000 ( 1)  0.429
  80 S   1.00000 0.00000 0.00000 ( 1)  0.429
  81 S   1.00000 0.00000 0.00000 ( 1)  0.429
  82 S   1.00000 0.00000 0.00000 ( 1)  0.429
  83 S   1.00000 0.00000 0.00000 ( 1)  0.429
  84 I   1.00000 0.00000 0.00000 ( 1)  0.429
  85 V   1.00000 0.00000 0.00000 ( 1)  0.429
  86 P   1.00000 0.00000 0.00000 ( 1)  0.429
  87 G   1.00000 0.00000 0.00000 ( 1)  0.429
  88 F   1.00000 0.00000 0.00000 ( 1)  0.429
  89 A   1.00000 0.00000 0.00000 ( 1)  0.429
  90 T   1.00000 0.00000 0.00000 ( 1)  0.429
  91 L   1.00000 0.00000 0.00000 ( 1)  0.429
  92 R   1.00000 0.00000 0.00000 ( 1)  0.429
  93 K   1.00000 0.00000 0.00000 ( 1)  0.429
  94 N   1.00000 0.00000 0.00000 ( 1)  0.429
  95 S   1.00000 0.00000 0.00000 ( 1)  0.429
  96 S   1.00000 0.00000 0.00000 ( 1)  0.429
  97 A   1.00000 0.00000 0.00000 ( 1)  0.429
  98 V   1.00000 0.00000 0.00000 ( 1)  0.429
  99 L   1.00000 0.00000 0.00000 ( 1)  0.429
 100 D   1.00000 0.00000 0.00000 ( 1)  0.429
 101 A   1.00000 0.00000 0.00000 ( 1)  0.429
 102 M   1.00000 0.00000 0.00000 ( 1)  0.429
 103 N   1.00000 0.00000 0.00000 ( 1)  0.429
 104 G   1.00000 0.00000 0.00000 ( 1)  0.429
 105 N   1.00000 0.00000 0.00000 ( 1)  0.429
 106 S   1.00000 0.00000 0.00000 ( 1)  0.429
 107 A   1.00000 0.00000 0.00000 ( 1)  0.429
 108 I   1.00000 0.00000 0.00000 ( 1)  0.429
 109 T   1.00000 0.00000 0.00000 ( 1)  0.429
 110 N   1.00000 0.00000 0.00000 ( 1)  0.429
 111 G   1.00000 0.00000 0.00000 ( 1)  0.429
 112 T   1.00000 0.00000 0.00000 ( 1)  0.429
 113 N   1.00000 0.00000 0.00000 ( 1)  0.429
 114 S   1.00000 0.00000 0.00000 ( 1)  0.429
 115 G   1.00000 0.00000 0.00000 ( 1)  0.429
 116 N   1.00000 0.00000 0.00000 ( 1)  0.429
 117 G   1.00000 0.00000 0.00000 ( 1)  0.429
 118 C   1.00000 0.00000 0.00000 ( 1)  0.429
 119 S   1.00000 0.00000 0.00000 ( 1)  0.429
 120 A   1.00000 0.00000 0.00000 ( 1)  0.429
 121 T   1.00000 0.00000 0.00000 ( 1)  0.429
 122 S   1.00000 0.00000 0.00000 ( 1)  0.429
 123 A   1.00000 0.00000 0.00000 ( 1)  0.429
 124 A   1.00000 0.00000 0.00000 ( 1)  0.429
 125 T   1.00000 0.00000 0.00000 ( 1)  0.429
 126 G   1.00000 0.00000 0.00000 ( 1)  0.429
 127 M   1.00000 0.00000 0.00000 ( 1)  0.429
 128 L   1.00000 0.00000 0.00000 ( 1)  0.429
 129 S   1.00000 0.00000 0.00000 ( 1)  0.429
 130 R   1.00000 0.00000 0.00000 ( 1)  0.429
 131 A   1.00000 0.00000 0.00000 ( 1)  0.429
 132 D   1.00000 0.00000 0.00000 ( 1)  0.429
 133 L   1.00000 0.00000 0.00000 ( 1)  0.429
 134 E   1.00000 0.00000 0.00000 ( 1)  0.429
 135 A   1.00000 0.00000 0.00000 ( 1)  0.429
 136 F   1.00000 0.00000 0.00000 ( 1)  0.429
 137 K   1.00000 0.00000 0.00000 ( 1)  0.429
 138 R   1.00000 0.00000 0.00000 ( 1)  0.429
 139 E   1.00000 0.00000 0.00000 ( 1)  0.429
 140 L   1.00000 0.00000 0.00000 ( 1)  0.429
 141 M   1.00000 0.00000 0.00000 ( 1)  0.429
 142 S   1.00000 0.00000 0.00000 ( 1)  0.429
 143 E   1.00000 0.00000 0.00000 ( 1)  0.429
 144 F   1.00000 0.00000 0.00000 ( 1)  0.429
 145 R   1.00000 0.00000 0.00000 ( 1)  0.429
 146 R   1.00000 0.00000 0.00000 ( 1)  0.429
 147 E   1.00000 0.00000 0.00000 ( 1)  0.429
 148 V   1.00000 0.00000 0.00000 ( 1)  0.429
 149 Q   1.00000 0.00000 0.00000 ( 1)  0.429
 150 Q   1.00000 0.00000 0.00000 ( 1)  0.429
 151 L   1.00000 0.00000 0.00000 ( 1)  0.429
 152 K   1.00000 0.00000 0.00000 ( 1)  0.429
 153 N   1.00000 0.00000 0.00000 ( 1)  0.429
 154 D   1.00000 0.00000 0.00000 ( 1)  0.429
 155 V   1.00000 0.00000 0.00000 ( 1)  0.429
 156 I   1.00000 0.00000 0.00000 ( 1)  0.429
 157 E   1.00000 0.00000 0.00000 ( 1)  0.429
 158 G   1.00000 0.00000 0.00000 ( 1)  0.429
 159 L   1.00000 0.00000 0.00000 ( 1)  0.429

Positively selected sites

	Prob(w>1)  mean w



lnL =  -658.025236

Bayes Empirical Bayes (BEB) probabilities for 3 classes (class) & postmean_w
(amino acids refer to 1st sequence: ecp.12327)

   1 M   0.45534 0.37575 0.16891 ( 1)  1.123 +-  1.351
   2 M   0.45534 0.37575 0.16891 ( 1)  1.123 +-  1.351
   3 S   0.45373 0.37535 0.17092 ( 1)  1.134 +-  1.371
   4 D   0.45657 0.37603 0.16739 ( 1)  1.116 +-  1.336
   5 L   0.45314 0.37520 0.17166 ( 1)  1.137 +-  1.378
   6 Q   0.45390 0.37539 0.17071 ( 1)  1.133 +-  1.369
   7 R   0.45431 0.37550 0.17019 ( 1)  1.130 +-  1.364
   8 V   0.45508 0.37568 0.16923 ( 1)  1.125 +-  1.354
   9 L   0.45306 0.37518 0.17176 ( 1)  1.138 +-  1.379
  10 A   0.45594 0.37587 0.16819 ( 1)  1.120 +-  1.344
  11 A   0.45465 0.37557 0.16977 ( 1)  1.128 +-  1.360
  12 R   0.45431 0.37550 0.17019 ( 1)  1.130 +-  1.364
  13 R   0.45276 0.37511 0.17214 ( 1)  1.140 +-  1.383
  14 R   0.45431 0.37550 0.17019 ( 1)  1.130 +-  1.364
  15 A   0.45533 0.37573 0.16894 ( 1)  1.124 +-  1.352
  16 K   0.45494 0.37565 0.16941 ( 1)  1.126 +-  1.356
  17 E   0.45542 0.37576 0.16882 ( 1)  1.123 +-  1.350
  18 A   0.45594 0.37587 0.16819 ( 1)  1.120 +-  1.344
  19 E   0.45542 0.37576 0.16882 ( 1)  1.123 +-  1.350
  20 E   0.45559 0.37580 0.16860 ( 1)  1.122 +-  1.348
  21 G   0.45549 0.37578 0.16873 ( 1)  1.123 +-  1.349
  22 G   0.45426 0.37548 0.17026 ( 1)  1.130 +-  1.364
  23 S   0.45578 0.37585 0.16837 ( 1)  1.121 +-  1.346
  24 A   0.45533 0.37573 0.16894 ( 1)  1.124 +-  1.352
  25 D   0.45657 0.37603 0.16739 ( 1)  1.116 +-  1.336
  26 G   0.45493 0.37564 0.16943 ( 1)  1.126 +-  1.356
  27 S   0.45578 0.37585 0.16837 ( 1)  1.121 +-  1.346
  28 A   0.45486 0.37562 0.16952 ( 1)  1.127 +-  1.357
  29 A   0.45594 0.37587 0.16819 ( 1)  1.120 +-  1.344
  30 G   0.45426 0.37548 0.17026 ( 1)  1.130 +-  1.364
  31 G   0.45549 0.37578 0.16873 ( 1)  1.123 +-  1.349
  32 D   0.45657 0.37603 0.16739 ( 1)  1.116 +-  1.336
  33 Q   0.45390 0.37539 0.17071 ( 1)  1.133 +-  1.369
  34 P   0.45517 0.37570 0.16913 ( 1)  1.125 +-  1.353
  35 G   0.45549 0.37578 0.16873 ( 1)  1.123 +-  1.349
  36 Q   0.45378 0.37536 0.17086 ( 1)  1.133 +-  1.370
  37 Q   0.45378 0.37536 0.17086 ( 1)  1.133 +-  1.370
  38 G   0.45426 0.37548 0.17026 ( 1)  1.130 +-  1.364
  39 S   0.45463 0.37557 0.16980 ( 1)  1.128 +-  1.360
  40 N   0.45590 0.37588 0.16822 ( 1)  1.120 +-  1.344
  41 A   0.45465 0.37557 0.16977 ( 1)  1.128 +-  1.360
  42 T   0.45586 0.37586 0.16828 ( 1)  1.120 +-  1.345
  43 S   0.45373 0.37535 0.17092 ( 1)  1.134 +-  1.371
  44 R   0.45389 0.37539 0.17072 ( 1)  1.133 +-  1.369
  45 W   0.45350 0.37529 0.17121 ( 1)  1.135 +-  1.374
  46 P   0.45465 0.37558 0.16978 ( 1)  1.128 +-  1.360
  47 A   0.45594 0.37587 0.16819 ( 1)  1.120 +-  1.344
  48 G   0.45493 0.37564 0.16943 ( 1)  1.126 +-  1.356
  49 S   0.45373 0.37535 0.17092 ( 1)  1.134 +-  1.371
  50 T   0.45586 0.37586 0.16828 ( 1)  1.120 +-  1.345
  51 Q   0.45378 0.37536 0.17086 ( 1)  1.133 +-  1.370
  52 S   0.45463 0.37557 0.16980 ( 1)  1.128 +-  1.360
  53 G   0.45431 0.37549 0.17019 ( 1)  1.130 +-  1.364
  54 N   0.45539 0.37576 0.16885 ( 1)  1.123 +-  1.351
  55 T   0.45480 0.37561 0.16959 ( 1)  1.127 +-  1.358
  56 S   0.45515 0.37570 0.16915 ( 1)  1.125 +-  1.354
  57 V   0.45464 0.37558 0.16978 ( 1)  1.128 +-  1.360
  58 T   0.45459 0.37556 0.16985 ( 1)  1.128 +-  1.360
  59 N   0.45539 0.37576 0.16885 ( 1)  1.123 +-  1.351
  60 S   0.45578 0.37585 0.16837 ( 1)  1.121 +-  1.346
  61 S   0.45463 0.37557 0.16980 ( 1)  1.128 +-  1.360
  62 I   0.45471 0.37559 0.16970 ( 1)  1.127 +-  1.359
  63 P   0.45465 0.37558 0.16978 ( 1)  1.128 +-  1.360
  64 P   0.45425 0.37548 0.17027 ( 1)  1.130 +-  1.364
  65 V   0.45464 0.37558 0.16978 ( 1)  1.128 +-  1.360
  66 P   0.45425 0.37548 0.17027 ( 1)  1.130 +-  1.364
  67 P   0.45425 0.37548 0.17027 ( 1)  1.130 +-  1.364
  68 L   0.45318 0.37521 0.17161 ( 1)  1.137 +-  1.378
  69 T   0.45526 0.37572 0.16903 ( 1)  1.124 +-  1.352
  70 S   0.45528 0.37573 0.16899 ( 1)  1.124 +-  1.352
  71 T   0.45586 0.37586 0.16828 ( 1)  1.120 +-  1.345
  72 A   0.45594 0.37587 0.16819 ( 1)  1.120 +-  1.344
  73 S   0.45463 0.37557 0.16980 ( 1)  1.128 +-  1.360
  74 S   0.45463 0.37557 0.16980 ( 1)  1.128 +-  1.360
  75 G   0.45549 0.37578 0.16873 ( 1)  1.123 +-  1.349
  76 N   0.45590 0.37588 0.16822 ( 1)  1.120 +-  1.344
  77 N   0.45590 0.37588 0.16822 ( 1)  1.120 +-  1.344
  78 A   0.45594 0.37587 0.16819 ( 1)  1.120 +-  1.344
  79 T   0.45526 0.37572 0.16903 ( 1)  1.124 +-  1.352
  80 S   0.45528 0.37573 0.16899 ( 1)  1.124 +-  1.352
  81 S   0.45463 0.37557 0.16980 ( 1)  1.128 +-  1.360
  82 S   0.45373 0.37535 0.17092 ( 1)  1.134 +-  1.371
  83 S   0.45381 0.37537 0.17081 ( 1)  1.133 +-  1.370
  84 I   0.45537 0.37575 0.16888 ( 1)  1.123 +-  1.351
  85 V   0.45508 0.37568 0.16923 ( 1)  1.125 +-  1.354
  86 P   0.45517 0.37570 0.16913 ( 1)  1.125 +-  1.353
  87 G   0.45426 0.37548 0.17026 ( 1)  1.130 +-  1.364
  88 F   0.45410 0.37545 0.17045 ( 1)  1.131 +-  1.366
  89 A   0.45533 0.37573 0.16894 ( 1)  1.124 +-  1.352
  90 T   0.45480 0.37561 0.16959 ( 1)  1.127 +-  1.358
  91 L   0.45314 0.37520 0.17166 ( 1)  1.137 +-  1.378
  92 R   0.45431 0.37550 0.17019 ( 1)  1.130 +-  1.364
  93 K   0.45494 0.37565 0.16941 ( 1)  1.126 +-  1.356
  94 N   0.45539 0.37576 0.16885 ( 1)  1.123 +-  1.351
  95 S   0.45463 0.37557 0.16980 ( 1)  1.128 +-  1.360
  96 S   0.45578 0.37585 0.16837 ( 1)  1.121 +-  1.346
  97 A   0.45594 0.37587 0.16819 ( 1)  1.120 +-  1.344
  98 V   0.45445 0.37553 0.17003 ( 1)  1.129 +-  1.362
  99 L   0.45318 0.37521 0.17161 ( 1)  1.137 +-  1.378
 100 D   0.45657 0.37603 0.16739 ( 1)  1.116 +-  1.336
 101 A   0.45465 0.37557 0.16977 ( 1)  1.128 +-  1.360
 102 M   0.45534 0.37575 0.16891 ( 1)  1.123 +-  1.351
 103 N   0.45539 0.37576 0.16885 ( 1)  1.123 +-  1.351
 104 G   0.45431 0.37549 0.17019 ( 1)  1.130 +-  1.364
 105 N   0.45590 0.37588 0.16822 ( 1)  1.120 +-  1.344
 106 S   0.45381 0.37537 0.17081 ( 1)  1.133 +-  1.370
 107 A   0.45533 0.37573 0.16894 ( 1)  1.124 +-  1.352
 108 I   0.45537 0.37575 0.16888 ( 1)  1.123 +-  1.351
 109 T   0.45480 0.37561 0.16959 ( 1)  1.127 +-  1.358
 110 N   0.45539 0.37576 0.16885 ( 1)  1.123 +-  1.351
 111 G   0.45431 0.37549 0.17019 ( 1)  1.130 +-  1.364
 112 T   0.45480 0.37561 0.16959 ( 1)  1.127 +-  1.358
 113 N   0.45539 0.37576 0.16885 ( 1)  1.123 +-  1.351
 114 S   0.45381 0.37537 0.17081 ( 1)  1.133 +-  1.370
 115 G   0.45493 0.37564 0.16943 ( 1)  1.126 +-  1.356
 116 N   0.45539 0.37576 0.16885 ( 1)  1.123 +-  1.351
 117 G   0.45549 0.37578 0.16873 ( 1)  1.123 +-  1.349
 118 C   0.45401 0.37542 0.17056 ( 1)  1.132 +-  1.367
 119 S   0.45463 0.37557 0.16980 ( 1)  1.128 +-  1.360
 120 A   0.45533 0.37573 0.16894 ( 1)  1.124 +-  1.352
 121 T   0.45459 0.37556 0.16985 ( 1)  1.128 +-  1.360
 122 S   0.45381 0.37537 0.17081 ( 1)  1.133 +-  1.370
 123 A   0.45594 0.37587 0.16819 ( 1)  1.120 +-  1.344
 124 A   0.45465 0.37557 0.16977 ( 1)  1.128 +-  1.360
 125 T   0.45480 0.37561 0.16959 ( 1)  1.127 +-  1.358
 126 G   0.45493 0.37564 0.16943 ( 1)  1.126 +-  1.356
 127 M   0.45534 0.37575 0.16891 ( 1)  1.123 +-  1.351
 128 L   0.45306 0.37518 0.17176 ( 1)  1.138 +-  1.379
 129 S   0.45515 0.37570 0.16915 ( 1)  1.125 +-  1.354
 130 R   0.45431 0.37550 0.17019 ( 1)  1.130 +-  1.364
 131 A   0.45594 0.37587 0.16819 ( 1)  1.120 +-  1.344
 132 D   0.45657 0.37603 0.16739 ( 1)  1.116 +-  1.336
 133 L   0.45385 0.37538 0.17077 ( 1)  1.133 +-  1.369
 134 E   0.45542 0.37576 0.16882 ( 1)  1.123 +-  1.350
 135 A   0.45594 0.37587 0.16819 ( 1)  1.120 +-  1.344
 136 F   0.45410 0.37545 0.17045 ( 1)  1.131 +-  1.366
 137 K   0.45494 0.37565 0.16941 ( 1)  1.126 +-  1.356
 138 R   0.45431 0.37550 0.17019 ( 1)  1.130 +-  1.364
 139 E   0.45559 0.37580 0.16860 ( 1)  1.122 +-  1.348
 140 L   0.45385 0.37538 0.17077 ( 1)  1.133 +-  1.369
 141 M   0.45534 0.37575 0.16891 ( 1)  1.123 +-  1.351
 142 S   0.45373 0.37535 0.17092 ( 1)  1.134 +-  1.371
 143 E   0.45542 0.37576 0.16882 ( 1)  1.123 +-  1.350
 144 F   0.45410 0.37545 0.17045 ( 1)  1.131 +-  1.366
 145 R   0.45276 0.37511 0.17214 ( 1)  1.140 +-  1.383
 146 R   0.45307 0.37518 0.17175 ( 1)  1.138 +-  1.379
 147 E   0.45559 0.37580 0.16860 ( 1)  1.122 +-  1.348
 148 V   0.45567 0.37582 0.16851 ( 1)  1.121 +-  1.347
 149 Q   0.45390 0.37539 0.17071 ( 1)  1.133 +-  1.369
 150 Q   0.45378 0.37536 0.17086 ( 1)  1.133 +-  1.370
 151 L   0.45385 0.37538 0.17077 ( 1)  1.133 +-  1.369
 152 K   0.45494 0.37565 0.16941 ( 1)  1.126 +-  1.356
 153 N   0.45590 0.37588 0.16822 ( 1)  1.120 +-  1.344
 154 D   0.45657 0.37603 0.16739 ( 1)  1.116 +-  1.336
 155 V   0.45445 0.37553 0.17003 ( 1)  1.129 +-  1.362
 156 I   0.45486 0.37563 0.16951 ( 1)  1.126 +-  1.357
 157 E   0.45559 0.37580 0.16860 ( 1)  1.122 +-  1.348
 158 G   0.20278 0.35445 0.44277 ( 3)  2.469 +-  2.597
 159 L   0.45240 0.37475 0.17285 ( 1)  1.145 +-  1.394

Positively selected sites

	Prob(w>1)  mean w


