Supplemental results for CODEML (seqf: algn  treef: tree)


dN/dS (w) for site classes (K=2)

p:   0.99999  0.00001
w:   0.34099  1.00000

Naive Empirical Bayes (NEB) probabilities for 2 classes & postmean_w
(amino acids refer to 1st sequence: Msl.28234)

   1 M   0.99999 0.00001 ( 1)  0.341
   2 S   0.99999 0.00001 ( 1)  0.341
   3 A   0.99997 0.00003 ( 1)  0.341
   4 Y   0.99999 0.00001 ( 1)  0.341
   5 A   0.99999 0.00001 ( 1)  0.341
   6 D   0.99999 0.00001 ( 1)  0.341
   7 D   0.99999 0.00001 ( 1)  0.341
   8 D   0.99999 0.00001 ( 1)  0.341
   9 R   0.99999 0.00001 ( 1)  0.341
  10 Y   0.99999 0.00001 ( 1)  0.341
  11 V   0.99999 0.00001 ( 1)  0.341
  12 G   0.99999 0.00001 ( 1)  0.341
  13 N   0.99999 0.00001 ( 1)  0.341
  14 A   0.99999 0.00001 ( 1)  0.341
  15 T   0.99999 0.00001 ( 1)  0.341
  16 A   0.99999 0.00001 ( 1)  0.341
  17 C   0.99999 0.00001 ( 1)  0.341
  18 A   0.99999 0.00001 ( 1)  0.341
  19 P   0.99999 0.00001 ( 1)  0.341
  20 A   0.99999 0.00001 ( 1)  0.341
  21 I   0.99999 0.00001 ( 1)  0.341
  22 F   0.99999 0.00001 ( 1)  0.341
  23 C   0.99999 0.00001 ( 1)  0.341
  24 A   0.99999 0.00001 ( 1)  0.341
  25 D   0.99999 0.00001 ( 1)  0.341
  26 P   0.99999 0.00001 ( 1)  0.341
  27 T   0.99999 0.00001 ( 1)  0.341
  28 V   0.99999 0.00001 ( 1)  0.341
  29 Q   0.99999 0.00001 ( 1)  0.341
  30 L   0.99999 0.00001 ( 1)  0.341
  31 A   0.99999 0.00001 ( 1)  0.341
  32 V   0.99999 0.00001 ( 1)  0.341
  33 L   0.99999 0.00001 ( 1)  0.341
  34 T   0.99999 0.00001 ( 1)  0.341
  35 G   0.99999 0.00001 ( 1)  0.341
  36 L   0.99999 0.00001 ( 1)  0.341
  37 L   0.99999 0.00001 ( 1)  0.341
  38 A   0.99999 0.00001 ( 1)  0.341
  39 F   0.99999 0.00001 ( 1)  0.341
  40 I   0.99999 0.00001 ( 1)  0.341
  41 L   0.99999 0.00001 ( 1)  0.341
  42 I   0.99997 0.00003 ( 1)  0.341
  43 L   0.99999 0.00001 ( 1)  0.341
  44 L   0.99999 0.00001 ( 1)  0.341
  45 I   0.99999 0.00001 ( 1)  0.341
  46 T   0.99999 0.00001 ( 1)  0.341
  47 I   0.99999 0.00001 ( 1)  0.341
  48 L   0.99999 0.00001 ( 1)  0.341
  49 I   0.99999 0.00001 ( 1)  0.341
  50 L   0.99999 0.00001 ( 1)  0.341
  51 A   0.99999 0.00001 ( 1)  0.341
  52 I   0.99999 0.00001 ( 1)  0.341
  53 L   0.99999 0.00001 ( 1)  0.341
  54 L   0.99999 0.00001 ( 1)  0.341
  55 C   0.99999 0.00001 ( 1)  0.341
  56 K   0.99999 0.00001 ( 1)  0.341
  57 Y   0.99999 0.00001 ( 1)  0.341
  58 C   0.99999 0.00001 ( 1)  0.341
  59 Q   0.99999 0.00001 ( 1)  0.341
  60 C   0.99999 0.00001 ( 1)  0.341
  61 C   0.99999 0.00001 ( 1)  0.341
  62 C   0.99999 0.00001 ( 1)  0.341
  63 F   0.99997 0.00003 ( 1)  0.341
  64 S   0.99999 0.00001 ( 1)  0.341
  65 K   0.99999 0.00001 ( 1)  0.341
  66 T   0.99999 0.00001 ( 1)  0.341
  67 Q   0.99999 0.00001 ( 1)  0.341
  68 S   0.99997 0.00003 ( 1)  0.341
  69 H   0.99997 0.00003 ( 1)  0.341
  70 T   0.99999 0.00001 ( 1)  0.341
  71 E   0.99999 0.00001 ( 1)  0.341
  72 N   0.99999 0.00001 ( 1)  0.341
  73 N   0.99999 0.00001 ( 1)  0.341
  74 N   0.99999 0.00001 ( 1)  0.341
  75 G   0.99999 0.00001 ( 1)  0.341
  76 D   0.99999 0.00001 ( 1)  0.341
  77 S   0.99999 0.00001 ( 1)  0.341
  78 N   0.99999 0.00001 ( 1)  0.341
  79 Q   0.99999 0.00001 ( 1)  0.341
  80 Q   0.99999 0.00001 ( 1)  0.341
  81 A   0.99999 0.00001 ( 1)  0.341
  82 G   0.99999 0.00001 ( 1)  0.341
  83 A   0.99999 0.00001 ( 1)  0.341
  84 V   0.99999 0.00001 ( 1)  0.341
  85 F   0.99999 0.00001 ( 1)  0.341
  86 E   0.99999 0.00001 ( 1)  0.341
  87 L   0.99999 0.00001 ( 1)  0.341
  88 S   0.99999 0.00001 ( 1)  0.341
  89 D   0.99999 0.00001 ( 1)  0.341
  90 D   0.99999 0.00001 ( 1)  0.341
  91 I   0.99999 0.00001 ( 1)  0.341
  92 F   0.99999 0.00001 ( 1)  0.341
  93 G   0.99999 0.00001 ( 1)  0.341
  94 H   0.99999 0.00001 ( 1)  0.341
  95 L   0.99999 0.00001 ( 1)  0.341
  96 P   0.99999 0.00001 ( 1)  0.341
  97 Q   0.99999 0.00001 ( 1)  0.341
  98 P   0.99999 0.00001 ( 1)  0.341
  99 S   0.99999 0.00001 ( 1)  0.341
 100 T   0.99999 0.00001 ( 1)  0.341
 101 L   0.99999 0.00001 ( 1)  0.341
 102 R   0.99999 0.00001 ( 1)  0.341
 103 P   0.99999 0.00001 ( 1)  0.341
 104 D   0.99999 0.00001 ( 1)  0.341
 105 C   0.99999 0.00001 ( 1)  0.341
 106 D   0.99999 0.00001 ( 1)  0.341
 107 A   0.99999 0.00001 ( 1)  0.341
 108 S   0.99999 0.00001 ( 1)  0.341
 109 S   0.99999 0.00001 ( 1)  0.341
 110 F   0.99999 0.00001 ( 1)  0.341
 111 A   0.99999 0.00001 ( 1)  0.341
 112 N   0.99999 0.00001 ( 1)  0.341
 113 C   0.99999 0.00001 ( 1)  0.341


lnL =  -516.990182

