Supplemental results for CODEML (seqf: algn  treef: tree)


dN/dS (w) for site classes (K=9)

p:   0.12304  0.12304  0.12304  0.12304  0.12304  0.12304  0.12304  0.12304  0.01567
w:   0.00000  0.00000  0.00000  0.00000  0.00000  0.00000  0.00000  0.00000 19.66664

Naive Empirical Bayes (NEB) probabilities for 9 classes & postmean_w & P(w>1)
(amino acids refer to 1st sequence: Msl.23566)

   1 L   0.12464 0.12464 0.12464 0.12464 0.12464 0.12464 0.12464 0.12464 0.00292 ( 6)  0.057  0.003
   2 F   0.12480 0.12480 0.12480 0.12480 0.12480 0.12480 0.12480 0.12480 0.00163 ( 1)  0.032  0.002
   3 S   0.12487 0.12487 0.12487 0.12487 0.12487 0.12487 0.12487 0.12487 0.00107 ( 1)  0.021  0.001
   4 S   0.12481 0.12481 0.12481 0.12481 0.12481 0.12481 0.12481 0.12481 0.00156 ( 3)  0.031  0.002
   5 N   0.12480 0.12480 0.12480 0.12480 0.12480 0.12480 0.12480 0.12480 0.00160 ( 5)  0.031  0.002
   6 M   0.12477 0.12477 0.12477 0.12477 0.12477 0.12477 0.12477 0.12477 0.00181 ( 3)  0.036  0.002
   7 H   0.12460 0.12460 0.12460 0.12460 0.12460 0.12460 0.12460 0.12460 0.00319 ( 5)  0.063  0.003
   8 C   0.12483 0.12483 0.12483 0.12483 0.12483 0.12483 0.12483 0.12483 0.00137 ( 3)  0.027  0.001
   9 I   0.12481 0.12481 0.12481 0.12481 0.12481 0.12481 0.12481 0.12481 0.00150 ( 6)  0.030  0.002
  10 G   0.12482 0.12482 0.12482 0.12482 0.12482 0.12482 0.12482 0.12482 0.00142 ( 5)  0.028  0.001
  11 S   0.12481 0.12481 0.12481 0.12481 0.12481 0.12481 0.12481 0.12481 0.00156 ( 3)  0.031  0.002
  12 K   0.12474 0.12474 0.12474 0.12474 0.12474 0.12474 0.12474 0.12474 0.00209 ( 1)  0.041  0.002
  13 L   0.12430 0.12430 0.12430 0.12430 0.12430 0.12430 0.12430 0.12430 0.00562 ( 1)  0.111  0.006
  14 P   0.12370 0.12370 0.12370 0.12370 0.12370 0.12370 0.12370 0.12370 0.01041 ( 3)  0.205  0.010
  15 S   0.12434 0.12434 0.12434 0.12434 0.12434 0.12434 0.12434 0.12434 0.00524 ( 5)  0.103  0.005
  16 V   0.00000 0.00000 0.00000 0.00000 0.00000 0.00000 0.00000 0.00000 1.00000 ( 9) 19.667  1.000
  17 V   0.12472 0.12472 0.12472 0.12472 0.12472 0.12472 0.12472 0.12472 0.00228 ( 6)  0.045  0.002
  18 R   0.12438 0.12438 0.12438 0.12438 0.12438 0.12438 0.12438 0.12438 0.00498 ( 6)  0.098  0.005
  19 L   0.12430 0.12430 0.12430 0.12430 0.12430 0.12430 0.12430 0.12430 0.00562 ( 1)  0.111  0.006
  20 C   0.12483 0.12483 0.12483 0.12483 0.12483 0.12483 0.12483 0.12483 0.00137 ( 3)  0.027  0.001
  21 Q   0.12426 0.12426 0.12426 0.12426 0.12426 0.12426 0.12426 0.12426 0.00596 ( 6)  0.117  0.006
  22 R   0.12462 0.12462 0.12462 0.12462 0.12462 0.12462 0.12462 0.12462 0.00301 ( 6)  0.059  0.003
  23 L   0.12464 0.12464 0.12464 0.12464 0.12464 0.12464 0.12464 0.12464 0.00292 ( 6)  0.057  0.003
  24 C   0.12483 0.12483 0.12483 0.12483 0.12483 0.12483 0.12483 0.12483 0.00137 ( 3)  0.027  0.001
  25 I   0.12481 0.12481 0.12481 0.12481 0.12481 0.12481 0.12481 0.12481 0.00150 ( 6)  0.030  0.002
  26 Q   0.12359 0.12359 0.12359 0.12359 0.12359 0.12359 0.12359 0.12359 0.01125 ( 1)  0.221  0.011
  27 P   0.12457 0.12457 0.12457 0.12457 0.12457 0.12457 0.12457 0.12457 0.00341 ( 1)  0.067  0.003
  28 L   0.12464 0.12464 0.12464 0.12464 0.12464 0.12464 0.12464 0.12464 0.00292 ( 6)  0.057  0.003
  29 S   0.12487 0.12487 0.12487 0.12487 0.12487 0.12487 0.12487 0.12487 0.00107 ( 1)  0.021  0.001
  30 G   0.12452 0.12452 0.12452 0.12452 0.12452 0.12452 0.12452 0.12452 0.00384 ( 5)  0.075  0.004
  31 A   0.12469 0.12469 0.12469 0.12469 0.12469 0.12469 0.12469 0.12469 0.00245 ( 5)  0.048  0.002
  32 A   0.12444 0.12444 0.12444 0.12444 0.12444 0.12444 0.12444 0.12444 0.00446 ( 6)  0.088  0.004
  33 Q   0.12426 0.12426 0.12426 0.12426 0.12426 0.12426 0.12426 0.12426 0.00596 ( 6)  0.117  0.006
  34 A   0.12444 0.12444 0.12444 0.12444 0.12444 0.12444 0.12444 0.12444 0.00446 ( 6)  0.088  0.004
  35 P   0.12429 0.12429 0.12429 0.12429 0.12429 0.12429 0.12429 0.12429 0.00564 ( 1)  0.111  0.006
  36 Q   0.12426 0.12426 0.12426 0.12426 0.12426 0.12426 0.12426 0.12426 0.00596 ( 6)  0.117  0.006
  37 P   0.12370 0.12370 0.12370 0.12370 0.12370 0.12370 0.12370 0.12370 0.01041 ( 3)  0.205  0.010
  38 I   0.12450 0.12450 0.12450 0.12450 0.12450 0.12450 0.12450 0.12450 0.00399 ( 1)  0.078  0.004
  39 V   0.12383 0.12383 0.12383 0.12383 0.12383 0.12383 0.12383 0.12383 0.00936 ( 6)  0.184  0.009
  40 K   0.12474 0.12474 0.12474 0.12474 0.12474 0.12474 0.12474 0.12474 0.00209 ( 1)  0.041  0.002
  41 A   0.12444 0.12444 0.12444 0.12444 0.12444 0.12444 0.12444 0.12444 0.00446 ( 6)  0.088  0.004
  42 V   0.12472 0.12472 0.12472 0.12472 0.12472 0.12472 0.12472 0.12472 0.00228 ( 6)  0.045  0.002
  43 L   0.12430 0.12430 0.12430 0.12430 0.12430 0.12430 0.12430 0.12430 0.00562 ( 1)  0.111  0.006
  44 P   0.12469 0.12469 0.12469 0.12469 0.12469 0.12469 0.12469 0.12469 0.00245 ( 1)  0.048  0.002
  45 D   0.12469 0.12469 0.12469 0.12469 0.12469 0.12469 0.12469 0.12469 0.00250 ( 6)  0.049  0.003
  46 L   0.12430 0.12430 0.12430 0.12430 0.12430 0.12430 0.12430 0.12430 0.00562 ( 1)  0.111  0.006
  47 P   0.12469 0.12469 0.12469 0.12469 0.12469 0.12469 0.12469 0.12469 0.00245 ( 1)  0.048  0.002
  48 Y   0.12479 0.12479 0.12479 0.12479 0.12479 0.12479 0.12479 0.12479 0.00168 ( 6)  0.033  0.002
  49 D   0.12469 0.12469 0.12469 0.12469 0.12469 0.12469 0.12469 0.12469 0.00250 ( 6)  0.049  0.003
  50 Y   0.12479 0.12479 0.12479 0.12479 0.12479 0.12479 0.12479 0.12479 0.00168 ( 6)  0.033  0.002
  51 S   0.12487 0.12487 0.12487 0.12487 0.12487 0.12487 0.12487 0.12487 0.00107 ( 1)  0.021  0.001
  52 A   0.12476 0.12476 0.12476 0.12476 0.12476 0.12476 0.12476 0.12476 0.00188 ( 6)  0.037  0.002
  53 L   0.12430 0.12430 0.12430 0.12430 0.12430 0.12430 0.12430 0.12430 0.00562 ( 1)  0.111  0.006
  54 E   0.12462 0.12462 0.12462 0.12462 0.12462 0.12462 0.12462 0.12462 0.00302 ( 6)  0.059  0.003
  55 P   0.12457 0.12457 0.12457 0.12457 0.12457 0.12457 0.12457 0.12457 0.00341 ( 1)  0.067  0.003
  56 V   0.12472 0.12472 0.12472 0.12472 0.12472 0.12472 0.12472 0.12472 0.00228 ( 6)  0.045  0.002
  57 I   0.12481 0.12481 0.12481 0.12481 0.12481 0.12481 0.12481 0.12481 0.00150 ( 6)  0.030  0.002
  58 S   0.12487 0.12487 0.12487 0.12487 0.12487 0.12487 0.12487 0.12487 0.00107 ( 1)  0.021  0.001
  59 A   0.12476 0.12476 0.12476 0.12476 0.12476 0.12476 0.12476 0.12476 0.00188 ( 6)  0.037  0.002
  60 D   0.12440 0.12440 0.12440 0.12440 0.12440 0.12440 0.12440 0.12440 0.00483 ( 3)  0.095  0.005
  61 I   0.12481 0.12481 0.12481 0.12481 0.12481 0.12481 0.12481 0.12481 0.00150 ( 6)  0.030  0.002
  62 M   0.12477 0.12477 0.12477 0.12477 0.12477 0.12477 0.12477 0.12477 0.00181 ( 3)  0.036  0.002
  63 R   0.12438 0.12438 0.12438 0.12438 0.12438 0.12438 0.12438 0.12438 0.00498 ( 6)  0.098  0.005
  64 L   0.12430 0.12430 0.12430 0.12430 0.12430 0.12430 0.12430 0.12430 0.00562 ( 1)  0.111  0.006
  65 H   0.12460 0.12460 0.12460 0.12460 0.12460 0.12460 0.12460 0.12460 0.00319 ( 5)  0.063  0.003
  66 H   0.12457 0.12457 0.12457 0.12457 0.12457 0.12457 0.12457 0.12457 0.00341 ( 3)  0.067  0.003
  67 Q   0.12426 0.12426 0.12426 0.12426 0.12426 0.12426 0.12426 0.12426 0.00596 ( 6)  0.117  0.006
  68 K   0.12474 0.12474 0.12474 0.12474 0.12474 0.12474 0.12474 0.12474 0.00209 ( 1)  0.041  0.002
  69 H   0.12460 0.12460 0.12460 0.12460 0.12460 0.12460 0.12460 0.12460 0.00319 ( 5)  0.063  0.003
  70 H   0.12460 0.12460 0.12460 0.12460 0.12460 0.12460 0.12460 0.12460 0.00319 ( 5)  0.063  0.003
  71 A   0.12476 0.12476 0.12476 0.12476 0.12476 0.12476 0.12476 0.12476 0.00188 ( 6)  0.037  0.002
  72 T   0.12483 0.12483 0.12483 0.12483 0.12483 0.12483 0.12483 0.12483 0.00134 ( 5)  0.026  0.001
  73 Y   0.12440 0.12440 0.12440 0.12440 0.12440 0.12440 0.12440 0.12440 0.00482 ( 5)  0.095  0.005
  74 V   0.12465 0.12465 0.12465 0.12465 0.12465 0.12465 0.12465 0.12465 0.00283 ( 5)  0.056  0.003
  75 N   0.12480 0.12480 0.12480 0.12480 0.12480 0.12480 0.12480 0.12480 0.00160 ( 5)  0.031  0.002
  76 N   0.12452 0.12452 0.12452 0.12452 0.12452 0.12452 0.12452 0.12452 0.00386 ( 5)  0.076  0.004
  77 F   0.12480 0.12480 0.12480 0.12480 0.12480 0.12480 0.12480 0.12480 0.00163 ( 1)  0.032  0.002
  78 N   0.12480 0.12480 0.12480 0.12480 0.12480 0.12480 0.12480 0.12480 0.00160 ( 5)  0.031  0.002
  79 S   0.12481 0.12481 0.12481 0.12481 0.12481 0.12481 0.12481 0.12481 0.00156 ( 3)  0.031  0.002
  80 A   0.12476 0.12476 0.12476 0.12476 0.12476 0.12476 0.12476 0.12476 0.00188 ( 6)  0.037  0.002
  81 Q   0.12426 0.12426 0.12426 0.12426 0.12426 0.12426 0.12426 0.12426 0.00596 ( 6)  0.117  0.006
  82 E   0.12462 0.12462 0.12462 0.12462 0.12462 0.12462 0.12462 0.12462 0.00302 ( 6)  0.059  0.003
  83 T   0.12464 0.12464 0.12464 0.12464 0.12464 0.12464 0.12464 0.12464 0.00288 ( 1)  0.057  0.003
  84 L   0.12430 0.12430 0.12430 0.12430 0.12430 0.12430 0.12430 0.12430 0.00562 ( 1)  0.111  0.006
  85 A   0.12472 0.12472 0.12472 0.12472 0.12472 0.12472 0.12472 0.12472 0.00223 ( 1)  0.044  0.002
  86 A   0.12476 0.12476 0.12476 0.12476 0.12476 0.12476 0.12476 0.12476 0.00188 ( 6)  0.037  0.002
  87 A   0.12444 0.12444 0.12444 0.12444 0.12444 0.12444 0.12444 0.12444 0.00446 ( 6)  0.088  0.004
  88 L   0.12410 0.12410 0.12410 0.12410 0.12410 0.12410 0.12410 0.12410 0.00721 ( 2)  0.142  0.007
  89 A   0.12459 0.12459 0.12459 0.12459 0.12459 0.12459 0.12459 0.12459 0.00329 ( 1)  0.065  0.003
  90 A   0.12459 0.12459 0.12459 0.12459 0.12459 0.12459 0.12459 0.12459 0.00329 ( 1)  0.065  0.003
  91 G   0.12482 0.12482 0.12482 0.12482 0.12482 0.12482 0.12482 0.12482 0.00142 ( 5)  0.028  0.001
  92 K   0.12399 0.12399 0.12399 0.12399 0.12399 0.12399 0.12399 0.12399 0.00811 ( 6)  0.159  0.008
  93 A   0.00000 0.00000 0.00000 0.00000 0.00000 0.00000 0.00000 0.00000 1.00000 ( 9) 19.667  1.000
  94 S   0.12481 0.12481 0.12481 0.12481 0.12481 0.12481 0.12481 0.12481 0.00156 ( 3)  0.031  0.002
  95 D   0.12469 0.12469 0.12469 0.12469 0.12469 0.12469 0.12469 0.12469 0.00250 ( 6)  0.049  0.003
  96 I   0.12481 0.12481 0.12481 0.12481 0.12481 0.12481 0.12481 0.12481 0.00150 ( 6)  0.030  0.002
  97 I   0.12450 0.12450 0.12450 0.12450 0.12450 0.12450 0.12450 0.12450 0.00399 ( 1)  0.078  0.004
  98 A   0.12476 0.12476 0.12476 0.12476 0.12476 0.12476 0.12476 0.12476 0.00188 ( 6)  0.037  0.002
  99 V   0.12472 0.12472 0.12472 0.12472 0.12472 0.12472 0.12472 0.12472 0.00228 ( 6)  0.045  0.002
 100 Q   0.12426 0.12426 0.12426 0.12426 0.12426 0.12426 0.12426 0.12426 0.00596 ( 6)  0.117  0.006
 101 A   0.12469 0.12469 0.12469 0.12469 0.12469 0.12469 0.12469 0.12469 0.00245 ( 5)  0.048  0.002
 102 A   0.12444 0.12444 0.12444 0.12444 0.12444 0.12444 0.12444 0.12444 0.00446 ( 6)  0.088  0.004
 103 L   0.12430 0.12430 0.12430 0.12430 0.12430 0.12430 0.12430 0.12430 0.00562 ( 1)  0.111  0.006
 104 R   0.12419 0.12419 0.12419 0.12419 0.12419 0.12419 0.12419 0.12419 0.00648 ( 6)  0.128  0.006
 105 F   0.12480 0.12480 0.12480 0.12480 0.12480 0.12480 0.12480 0.12480 0.00163 ( 1)  0.032  0.002
 106 N   0.12452 0.12452 0.12452 0.12452 0.12452 0.12452 0.12452 0.12452 0.00386 ( 5)  0.076  0.004
 107 G   0.12482 0.12482 0.12482 0.12482 0.12482 0.12482 0.12482 0.12482 0.00142 ( 5)  0.028  0.001
 108 G   0.12482 0.12482 0.12482 0.12482 0.12482 0.12482 0.12482 0.12482 0.00142 ( 5)  0.028  0.001
 109 G   0.12452 0.12452 0.12452 0.12452 0.12452 0.12452 0.12452 0.12452 0.00384 ( 5)  0.075  0.004
 110 H   0.12460 0.12460 0.12460 0.12460 0.12460 0.12460 0.12460 0.12460 0.00319 ( 5)  0.063  0.003
 111 V   0.12465 0.12465 0.12465 0.12465 0.12465 0.12465 0.12465 0.12465 0.00283 ( 5)  0.056  0.003
 112 N   0.12480 0.12480 0.12480 0.12480 0.12480 0.12480 0.12480 0.12480 0.00160 ( 5)  0.031  0.002
 113 H   0.12460 0.12460 0.12460 0.12460 0.12460 0.12460 0.12460 0.12460 0.00319 ( 5)  0.063  0.003
 114 S   0.12487 0.12487 0.12487 0.12487 0.12487 0.12487 0.12487 0.12487 0.00107 ( 1)  0.021  0.001
 115 I   0.12481 0.12481 0.12481 0.12481 0.12481 0.12481 0.12481 0.12481 0.00150 ( 6)  0.030  0.002
 116 F   0.12480 0.12480 0.12480 0.12480 0.12480 0.12480 0.12480 0.12480 0.00163 ( 1)  0.032  0.002
 117 W   0.12441 0.12441 0.12441 0.12441 0.12441 0.12441 0.12441 0.12441 0.00471 ( 6)  0.093  0.005
 118 K   0.12474 0.12474 0.12474 0.12474 0.12474 0.12474 0.12474 0.12474 0.00209 ( 1)  0.041  0.002
 119 N   0.12480 0.12480 0.12480 0.12480 0.12480 0.12480 0.12480 0.12480 0.00160 ( 5)  0.031  0.002
 120 L   0.12464 0.12464 0.12464 0.12464 0.12464 0.12464 0.12464 0.12464 0.00292 ( 6)  0.057  0.003
 121 S   0.12487 0.12487 0.12487 0.12487 0.12487 0.12487 0.12487 0.12487 0.00107 ( 1)  0.021  0.001
 122 P   0.12429 0.12429 0.12429 0.12429 0.12429 0.12429 0.12429 0.12429 0.00564 ( 1)  0.111  0.006
 123 Q   0.12426 0.12426 0.12426 0.12426 0.12426 0.12426 0.12426 0.12426 0.00596 ( 6)  0.117  0.006
 124 G   0.12482 0.12482 0.12482 0.12482 0.12482 0.12482 0.12482 0.12482 0.00142 ( 5)  0.028  0.001
 125 G   0.12452 0.12452 0.12452 0.12452 0.12452 0.12452 0.12452 0.12452 0.00384 ( 5)  0.075  0.004
 126 G   0.12482 0.12482 0.12482 0.12482 0.12482 0.12482 0.12482 0.12482 0.00142 ( 5)  0.028  0.001
 127 E   0.12462 0.12462 0.12462 0.12462 0.12462 0.12462 0.12462 0.12462 0.00302 ( 6)  0.059  0.003
 128 P   0.12370 0.12370 0.12370 0.12370 0.12370 0.12370 0.12370 0.12370 0.01041 ( 3)  0.205  0.010
 129 S   0.12481 0.12481 0.12481 0.12481 0.12481 0.12481 0.12481 0.12481 0.00156 ( 3)  0.031  0.002
 130 R   0.00000 0.00000 0.00000 0.00000 0.00000 0.00000 0.00000 0.00000 1.00000 ( 9) 19.667  1.000
 131 F   0.12480 0.12480 0.12480 0.12480 0.12480 0.12480 0.12480 0.12480 0.00163 ( 1)  0.032  0.002
 132 L   0.12428 0.12428 0.12428 0.12428 0.12428 0.12428 0.12428 0.12428 0.00574 ( 6)  0.113  0.006
 133 L   0.12410 0.12410 0.12410 0.12410 0.12410 0.12410 0.12410 0.12410 0.00717 ( 5)  0.141  0.007
 134 E   0.12462 0.12462 0.12462 0.12462 0.12462 0.12462 0.12462 0.12462 0.00302 ( 6)  0.059  0.003
 135 A   0.12469 0.12469 0.12469 0.12469 0.12469 0.12469 0.12469 0.12469 0.00245 ( 5)  0.048  0.002
 136 V   0.12472 0.12472 0.12472 0.12472 0.12472 0.12472 0.12472 0.12472 0.00228 ( 6)  0.045  0.002
 137 N   0.12452 0.12452 0.12452 0.12452 0.12452 0.12452 0.12452 0.12452 0.00386 ( 5)  0.076  0.004
 138 R   0.12476 0.12476 0.12476 0.12476 0.12476 0.12476 0.12476 0.12476 0.00189 ( 1)  0.037  0.002
 139 D   0.12440 0.12440 0.12440 0.12440 0.12440 0.12440 0.12440 0.12440 0.00483 ( 3)  0.095  0.005
 140 F   0.12480 0.12480 0.12480 0.12480 0.12480 0.12480 0.12480 0.12480 0.00163 ( 1)  0.032  0.002
 141 G   0.12482 0.12482 0.12482 0.12482 0.12482 0.12482 0.12482 0.12482 0.00142 ( 5)  0.028  0.001
 142 S   0.12468 0.12468 0.12468 0.12468 0.12468 0.12468 0.12468 0.12468 0.00255 ( 1)  0.050  0.003
 143 F   0.12480 0.12480 0.12480 0.12480 0.12480 0.12480 0.12480 0.12480 0.00163 ( 1)  0.032  0.002
 144 S   0.12487 0.12487 0.12487 0.12487 0.12487 0.12487 0.12487 0.12487 0.00107 ( 1)  0.021  0.001
 145 K   0.12474 0.12474 0.12474 0.12474 0.12474 0.12474 0.12474 0.12474 0.00209 ( 1)  0.041  0.002
 146 F   0.12480 0.12480 0.12480 0.12480 0.12480 0.12480 0.12480 0.12480 0.00163 ( 1)  0.032  0.002
 147 Q   0.12426 0.12426 0.12426 0.12426 0.12426 0.12426 0.12426 0.12426 0.00596 ( 6)  0.117  0.006
 148 E   0.12462 0.12462 0.12462 0.12462 0.12462 0.12462 0.12462 0.12462 0.00302 ( 6)  0.059  0.003
 149 Q   0.12426 0.12426 0.12426 0.12426 0.12426 0.12426 0.12426 0.12426 0.00596 ( 6)  0.117  0.006
 150 M   0.12477 0.12477 0.12477 0.12477 0.12477 0.12477 0.12477 0.12477 0.00181 ( 3)  0.036  0.002
 151 S   0.12368 0.12368 0.12368 0.12368 0.12368 0.12368 0.12368 0.12368 0.01059 ( 1)  0.208  0.011
 152 A   0.12476 0.12476 0.12476 0.12476 0.12476 0.12476 0.12476 0.12476 0.00188 ( 6)  0.037  0.002
 153 A   0.12476 0.12476 0.12476 0.12476 0.12476 0.12476 0.12476 0.12476 0.00188 ( 6)  0.037  0.002
 154 A   0.12476 0.12476 0.12476 0.12476 0.12476 0.12476 0.12476 0.12476 0.00188 ( 6)  0.037  0.002
 155 V   0.12465 0.12465 0.12465 0.12465 0.12465 0.12465 0.12465 0.12465 0.00283 ( 5)  0.056  0.003
 156 G   0.12452 0.12452 0.12452 0.12452 0.12452 0.12452 0.12452 0.12452 0.00384 ( 5)  0.075  0.004
 157 V   0.12439 0.12439 0.12439 0.12439 0.12439 0.12439 0.12439 0.12439 0.00489 ( 6)  0.096  0.005
 158 Q   0.12426 0.12426 0.12426 0.12426 0.12426 0.12426 0.12426 0.12426 0.00596 ( 6)  0.117  0.006
 159 G   0.12452 0.12452 0.12452 0.12452 0.12452 0.12452 0.12452 0.12452 0.00384 ( 5)  0.075  0.004
 160 S   0.12487 0.12487 0.12487 0.12487 0.12487 0.12487 0.12487 0.12487 0.00107 ( 1)  0.021  0.001
 161 G   0.12461 0.12461 0.12461 0.12461 0.12461 0.12461 0.12461 0.12461 0.00309 ( 5)  0.061  0.003
 162 W   0.12441 0.12441 0.12441 0.12441 0.12441 0.12441 0.12441 0.12441 0.00471 ( 6)  0.093  0.005
 163 A   0.12476 0.12476 0.12476 0.12476 0.12476 0.12476 0.12476 0.12476 0.00188 ( 6)  0.037  0.002
 164 W   0.12441 0.12441 0.12441 0.12441 0.12441 0.12441 0.12441 0.12441 0.00471 ( 6)  0.093  0.005
 165 L   0.12430 0.12430 0.12430 0.12430 0.12430 0.12430 0.12430 0.12430 0.00562 ( 1)  0.111  0.006
 166 G   0.12482 0.12482 0.12482 0.12482 0.12482 0.12482 0.12482 0.12482 0.00142 ( 5)  0.028  0.001
 167 Y   0.12440 0.12440 0.12440 0.12440 0.12440 0.12440 0.12440 0.12440 0.00482 ( 5)  0.095  0.005
 168 N   0.12480 0.12480 0.12480 0.12480 0.12480 0.12480 0.12480 0.12480 0.00160 ( 5)  0.031  0.002
 169 F   0.12480 0.12480 0.12480 0.12480 0.12480 0.12480 0.12480 0.12480 0.00163 ( 1)  0.032  0.002
 170 K   0.12474 0.12474 0.12474 0.12474 0.12474 0.12474 0.12474 0.12474 0.00209 ( 1)  0.041  0.002
 171 T   0.12449 0.12449 0.12449 0.12449 0.12449 0.12449 0.12449 0.12449 0.00406 ( 2)  0.080  0.004
 172 D   0.12469 0.12469 0.12469 0.12469 0.12469 0.12469 0.12469 0.12469 0.00250 ( 6)  0.049  0.003
 173 R   0.12462 0.12462 0.12462 0.12462 0.12462 0.12462 0.12462 0.12462 0.00301 ( 6)  0.059  0.003
 174 L   0.12430 0.12430 0.12430 0.12430 0.12430 0.12430 0.12430 0.12430 0.00562 ( 1)  0.111  0.006
 175 Q   0.12426 0.12426 0.12426 0.12426 0.12426 0.12426 0.12426 0.12426 0.00596 ( 6)  0.117  0.006
 176 I   0.12450 0.12450 0.12450 0.12450 0.12450 0.12450 0.12450 0.12450 0.00399 ( 1)  0.078  0.004
 177 A   0.12476 0.12476 0.12476 0.12476 0.12476 0.12476 0.12476 0.12476 0.00188 ( 6)  0.037  0.002
 178 T   0.12483 0.12483 0.12483 0.12483 0.12483 0.12483 0.12483 0.12483 0.00134 ( 5)  0.026  0.001
 179 C   0.12483 0.12483 0.12483 0.12483 0.12483 0.12483 0.12483 0.12483 0.00137 ( 3)  0.027  0.001
 180 A   0.12444 0.12444 0.12444 0.12444 0.12444 0.12444 0.12444 0.12444 0.00446 ( 6)  0.088  0.004
 181 N   0.12480 0.12480 0.12480 0.12480 0.12480 0.12480 0.12480 0.12480 0.00160 ( 5)  0.031  0.002
 182 Q   0.12426 0.12426 0.12426 0.12426 0.12426 0.12426 0.12426 0.12426 0.00596 ( 6)  0.117  0.006
 183 D   0.12468 0.12468 0.12468 0.12468 0.12468 0.12468 0.12468 0.12468 0.00258 ( 1)  0.051  0.003
 184 P   0.12457 0.12457 0.12457 0.12457 0.12457 0.12457 0.12457 0.12457 0.00341 ( 1)  0.067  0.003
 185 L   0.12391 0.12391 0.12391 0.12391 0.12391 0.12391 0.12391 0.12391 0.00874 ( 1)  0.172  0.009
 186 K   0.12474 0.12474 0.12474 0.12474 0.12474 0.12474 0.12474 0.12474 0.00209 ( 1)  0.041  0.002
 187 A   0.12476 0.12476 0.12476 0.12476 0.12476 0.12476 0.12476 0.12476 0.00188 ( 6)  0.037  0.002
 188 T   0.12483 0.12483 0.12483 0.12483 0.12483 0.12483 0.12483 0.12483 0.00134 ( 5)  0.026  0.001
 189 T   0.12385 0.12385 0.12385 0.12385 0.12385 0.12385 0.12385 0.12385 0.00919 ( 2)  0.181  0.009
 190 G   0.12482 0.12482 0.12482 0.12482 0.12482 0.12482 0.12482 0.12482 0.00142 ( 5)  0.028  0.001
 191 L   0.12430 0.12430 0.12430 0.12430 0.12430 0.12430 0.12430 0.12430 0.00562 ( 1)  0.111  0.006
 192 E   0.12462 0.12462 0.12462 0.12462 0.12462 0.12462 0.12462 0.12462 0.00302 ( 6)  0.059  0.003
 193 P   0.12457 0.12457 0.12457 0.12457 0.12457 0.12457 0.12457 0.12457 0.00341 ( 1)  0.067  0.003
 194 L   0.12430 0.12430 0.12430 0.12430 0.12430 0.12430 0.12430 0.12430 0.00562 ( 1)  0.111  0.006
 195 L   0.12430 0.12430 0.12430 0.12430 0.12430 0.12430 0.12430 0.12430 0.00562 ( 1)  0.111  0.006
 196 G   0.12482 0.12482 0.12482 0.12482 0.12482 0.12482 0.12482 0.12482 0.00142 ( 5)  0.028  0.001
 197 I   0.12471 0.12471 0.12471 0.12471 0.12471 0.12471 0.12471 0.12471 0.00230 ( 6)  0.045  0.002
 198 D   0.12455 0.12455 0.12455 0.12455 0.12455 0.12455 0.12455 0.12455 0.00362 ( 1)  0.071  0.004
 199 V   0.12465 0.12465 0.12465 0.12465 0.12465 0.12465 0.12465 0.12465 0.00283 ( 5)  0.056  0.003
 200 W   0.12441 0.12441 0.12441 0.12441 0.12441 0.12441 0.12441 0.12441 0.00471 ( 6)  0.093  0.005
 201 E   0.12462 0.12462 0.12462 0.12462 0.12462 0.12462 0.12462 0.12462 0.00302 ( 6)  0.059  0.003
 202 H   0.12460 0.12460 0.12460 0.12460 0.12460 0.12460 0.12460 0.12460 0.00319 ( 5)  0.063  0.003
 203 A   0.12476 0.12476 0.12476 0.12476 0.12476 0.12476 0.12476 0.12476 0.00188 ( 6)  0.037  0.002
 204 Y   0.12479 0.12479 0.12479 0.12479 0.12479 0.12479 0.12479 0.12479 0.00168 ( 6)  0.033  0.002
 205 Y   0.12479 0.12479 0.12479 0.12479 0.12479 0.12479 0.12479 0.12479 0.00168 ( 6)  0.033  0.002
 206 L   0.12430 0.12430 0.12430 0.12430 0.12430 0.12430 0.12430 0.12430 0.00562 ( 1)  0.111  0.006
 207 Q   0.12426 0.12426 0.12426 0.12426 0.12426 0.12426 0.12426 0.12426 0.00596 ( 6)  0.117  0.006
 208 Y   0.12479 0.12479 0.12479 0.12479 0.12479 0.12479 0.12479 0.12479 0.00168 ( 6)  0.033  0.002
 209 K   0.12474 0.12474 0.12474 0.12474 0.12474 0.12474 0.12474 0.12474 0.00209 ( 1)  0.041  0.002
 210 N   0.12480 0.12480 0.12480 0.12480 0.12480 0.12480 0.12480 0.12480 0.00160 ( 5)  0.031  0.002
 211 V   0.12439 0.12439 0.12439 0.12439 0.12439 0.12439 0.12439 0.12439 0.00489 ( 6)  0.096  0.005
 212 R   0.12476 0.12476 0.12476 0.12476 0.12476 0.12476 0.12476 0.12476 0.00189 ( 1)  0.037  0.002
 213 P   0.12370 0.12370 0.12370 0.12370 0.12370 0.12370 0.12370 0.12370 0.01041 ( 3)  0.205  0.010
 214 D   0.12469 0.12469 0.12469 0.12469 0.12469 0.12469 0.12469 0.12469 0.00250 ( 6)  0.049  0.003
 215 Y   0.12479 0.12479 0.12479 0.12479 0.12479 0.12479 0.12479 0.12479 0.00168 ( 6)  0.033  0.002
 216 V   0.12472 0.12472 0.12472 0.12472 0.12472 0.12472 0.12472 0.12472 0.00228 ( 6)  0.045  0.002
 217 K   0.12474 0.12474 0.12474 0.12474 0.12474 0.12474 0.12474 0.12474 0.00209 ( 1)  0.041  0.002
 218 S   0.12487 0.12487 0.12487 0.12487 0.12487 0.12487 0.12487 0.12487 0.00107 ( 1)  0.021  0.001
 219 I   0.12481 0.12481 0.12481 0.12481 0.12481 0.12481 0.12481 0.12481 0.00150 ( 6)  0.030  0.002
 220 W   0.12441 0.12441 0.12441 0.12441 0.12441 0.12441 0.12441 0.12441 0.00471 ( 6)  0.093  0.005
 221 K   0.12474 0.12474 0.12474 0.12474 0.12474 0.12474 0.12474 0.12474 0.00209 ( 1)  0.041  0.002
 222 V   0.12465 0.12465 0.12465 0.12465 0.12465 0.12465 0.12465 0.12465 0.00283 ( 5)  0.056  0.003
 223 I   0.12481 0.12481 0.12481 0.12481 0.12481 0.12481 0.12481 0.12481 0.00150 ( 6)  0.030  0.002
 224 N   0.12480 0.12480 0.12480 0.12480 0.12480 0.12480 0.12480 0.12480 0.00160 ( 5)  0.031  0.002
 225 W   0.12441 0.12441 0.12441 0.12441 0.12441 0.12441 0.12441 0.12441 0.00471 ( 6)  0.093  0.005
 226 D   0.12469 0.12469 0.12469 0.12469 0.12469 0.12469 0.12469 0.12469 0.00250 ( 6)  0.049  0.003
 227 D   0.12469 0.12469 0.12469 0.12469 0.12469 0.12469 0.12469 0.12469 0.00250 ( 6)  0.049  0.003
 228 V   0.12465 0.12465 0.12465 0.12465 0.12465 0.12465 0.12465 0.12465 0.00283 ( 5)  0.056  0.003
 229 E   0.12462 0.12462 0.12462 0.12462 0.12462 0.12462 0.12462 0.12462 0.00302 ( 6)  0.059  0.003
 230 N   0.12452 0.12452 0.12452 0.12452 0.12452 0.12452 0.12452 0.12452 0.00386 ( 5)  0.076  0.004
 231 R   0.12476 0.12476 0.12476 0.12476 0.12476 0.12476 0.12476 0.12476 0.00189 ( 1)  0.037  0.002
 232 L   0.12430 0.12430 0.12430 0.12430 0.12430 0.12430 0.12430 0.12430 0.00562 ( 1)  0.111  0.006
 233 D   0.12469 0.12469 0.12469 0.12469 0.12469 0.12469 0.12469 0.12469 0.00250 ( 6)  0.049  0.003
 234 Q   0.12426 0.12426 0.12426 0.12426 0.12426 0.12426 0.12426 0.12426 0.00596 ( 6)  0.117  0.006
 235 A   0.12476 0.12476 0.12476 0.12476 0.12476 0.12476 0.12476 0.12476 0.00188 ( 6)  0.037  0.002
 236 K   0.12474 0.12474 0.12474 0.12474 0.12474 0.12474 0.12474 0.12474 0.00209 ( 1)  0.041  0.002
 237 S   0.12454 0.12454 0.12454 0.12454 0.12454 0.12454 0.12454 0.12454 0.00369 ( 3)  0.073  0.004
 238 G   0.12482 0.12482 0.12482 0.12482 0.12482 0.12482 0.12482 0.12482 0.00142 ( 5)  0.028  0.001
 239 G   0.12389 0.12389 0.12389 0.12389 0.12389 0.12389 0.12389 0.12389 0.00885 ( 5)  0.174  0.009
 240 V   0.12439 0.12439 0.12439 0.12439 0.12439 0.12439 0.12439 0.12439 0.00489 ( 6)  0.096  0.005
 241 K   0.12474 0.12474 0.12474 0.12474 0.12474 0.12474 0.12474 0.12474 0.00209 ( 1)  0.041  0.002
 242 L   0.12430 0.12430 0.12430 0.12430 0.12430 0.12430 0.12430 0.12430 0.00562 ( 1)  0.111  0.006
 243 A   0.12444 0.12444 0.12444 0.12444 0.12444 0.12444 0.12444 0.12444 0.00446 ( 6)  0.088  0.004

Positively selected sites

	Prob(w>1)  mean w

    16 V      1.000**       19.667
    93 A      1.000**       19.667
   130 R      1.000**       19.667


lnL = -1016.831875

Bayes Empirical Bayes (BEB) probabilities for 11 classes (class) & postmean_w
(amino acids refer to 1st sequence: Msl.23566)

   1 L   0.79284 0.05987 0.03492 0.02387 0.01745 0.01319 0.01011 0.00774 0.00583 0.00456 0.02960 ( 1)  0.211 +-  0.741
   2 F   0.79499 0.05999 0.03496 0.02387 0.01744 0.01317 0.01008 0.00771 0.00580 0.00453 0.02746 ( 1)  0.198 +-  0.682
   3 S   0.80045 0.06009 0.03483 0.02365 0.01718 0.01290 0.00983 0.00748 0.00559 0.00435 0.02365 ( 1)  0.180 +-  0.605
   4 S   0.79402 0.05998 0.03499 0.02392 0.01749 0.01322 0.01013 0.00776 0.00584 0.00457 0.02808 ( 1)  0.201 +-  0.691
   5 N   0.80146 0.06003 0.03471 0.02352 0.01705 0.01278 0.00971 0.00738 0.00551 0.00428 0.02359 ( 1)  0.181 +-  0.623
   6 M   0.79527 0.05998 0.03494 0.02385 0.01741 0.01314 0.01006 0.00769 0.00578 0.00452 0.02736 ( 1)  0.198 +-  0.684
   7 H   0.79268 0.05984 0.03490 0.02385 0.01744 0.01318 0.01010 0.00773 0.00582 0.00456 0.02990 ( 1)  0.213 +-  0.751
   8 C   0.79402 0.05999 0.03500 0.02393 0.01750 0.01323 0.01014 0.00777 0.00585 0.00458 0.02798 ( 1)  0.200 +-  0.686
   9 I   0.80026 0.06004 0.03478 0.02361 0.01714 0.01287 0.00980 0.00745 0.00557 0.00434 0.02413 ( 1)  0.183 +-  0.627
  10 G   0.80158 0.06005 0.03473 0.02354 0.01707 0.01279 0.00972 0.00739 0.00552 0.00429 0.02333 ( 1)  0.180 +-  0.613
  11 S   0.79402 0.05998 0.03499 0.02392 0.01749 0.01322 0.01013 0.00776 0.00584 0.00457 0.02808 ( 1)  0.201 +-  0.691
  12 K   0.79490 0.05996 0.03492 0.02384 0.01741 0.01314 0.01006 0.00769 0.00578 0.00452 0.02779 ( 1)  0.201 +-  0.697
  13 L   0.78129 0.05954 0.03507 0.02420 0.01787 0.01364 0.01055 0.00816 0.00620 0.00489 0.03859 ( 1)  0.256 +-  0.902
  14 P   0.77177 0.05916 0.03506 0.02435 0.01809 0.01389 0.01081 0.00841 0.00643 0.00510 0.04695 ( 1)  0.303 +-  1.049
  15 S   0.77898 0.05948 0.03511 0.02428 0.01796 0.01374 0.01065 0.00825 0.00628 0.00496 0.04031 ( 1)  0.265 +-  0.926
  16 V   0.16932 0.03747 0.03651 0.03507 0.03310 0.03070 0.02790 0.02469 0.02102 0.01782 0.56637 (11)  2.912 +-  3.050
  17 V   0.79847 0.05995 0.03475 0.02361 0.01716 0.01290 0.00983 0.00749 0.00561 0.00437 0.02586 ( 1)  0.193 +-  0.675
  18 R   0.78031 0.05953 0.03510 0.02426 0.01793 0.01370 0.01061 0.00821 0.00624 0.00493 0.03918 ( 1)  0.259 +-  0.906
  19 L   0.78129 0.05954 0.03507 0.02420 0.01787 0.01364 0.01055 0.00816 0.00620 0.00489 0.03859 ( 1)  0.256 +-  0.902
  20 C   0.79402 0.05999 0.03500 0.02393 0.01750 0.01323 0.01014 0.00777 0.00585 0.00458 0.02798 ( 1)  0.200 +-  0.686
  21 Q   0.78060 0.05951 0.03507 0.02421 0.01789 0.01366 0.01057 0.00817 0.00621 0.00491 0.03921 ( 1)  0.260 +-  0.914
  22 R   0.78970 0.05984 0.03503 0.02402 0.01763 0.01337 0.01028 0.00790 0.00597 0.00468 0.03159 ( 1)  0.219 +-  0.768
  23 L   0.79284 0.05987 0.03492 0.02387 0.01745 0.01319 0.01011 0.00774 0.00583 0.00456 0.02960 ( 1)  0.211 +-  0.741
  24 C   0.79402 0.05999 0.03500 0.02393 0.01750 0.01323 0.01014 0.00777 0.00585 0.00458 0.02798 ( 1)  0.200 +-  0.686
  25 I   0.80026 0.06004 0.03478 0.02361 0.01714 0.01287 0.00980 0.00745 0.00557 0.00434 0.02413 ( 1)  0.183 +-  0.627
  26 Q   0.77090 0.05912 0.03505 0.02435 0.01810 0.01390 0.01083 0.00842 0.00644 0.00511 0.04777 ( 1)  0.307 +-  1.064
  27 P   0.78838 0.05979 0.03503 0.02405 0.01767 0.01341 0.01032 0.00794 0.00600 0.00471 0.03269 ( 1)  0.225 +-  0.791
  28 L   0.79284 0.05987 0.03492 0.02387 0.01745 0.01319 0.01011 0.00774 0.00583 0.00456 0.02960 ( 1)  0.211 +-  0.741
  29 S   0.80045 0.06009 0.03483 0.02365 0.01718 0.01290 0.00983 0.00748 0.00559 0.00435 0.02365 ( 1)  0.180 +-  0.605
  30 G   0.78351 0.05965 0.03510 0.02420 0.01785 0.01360 0.01051 0.00812 0.00616 0.00486 0.03644 ( 1)  0.244 +-  0.855
  31 A   0.79319 0.05991 0.03495 0.02389 0.01747 0.01321 0.01013 0.00775 0.00584 0.00457 0.02908 ( 1)  0.207 +-  0.723
  32 A   0.78252 0.05961 0.03509 0.02421 0.01787 0.01363 0.01054 0.00814 0.00618 0.00488 0.03733 ( 1)  0.249 +-  0.873
  33 Q   0.78060 0.05951 0.03507 0.02421 0.01789 0.01366 0.01057 0.00817 0.00621 0.00491 0.03921 ( 1)  0.260 +-  0.914
  34 A   0.78252 0.05961 0.03509 0.02421 0.01787 0.01363 0.01054 0.00814 0.00618 0.00488 0.03733 ( 1)  0.249 +-  0.873
  35 P   0.77936 0.05949 0.03510 0.02426 0.01795 0.01372 0.01063 0.00823 0.00626 0.00495 0.04005 ( 1)  0.264 +-  0.923
  36 Q   0.78060 0.05951 0.03507 0.02421 0.01789 0.01366 0.01057 0.00817 0.00621 0.00491 0.03921 ( 1)  0.260 +-  0.914
  37 P   0.77177 0.05916 0.03506 0.02435 0.01809 0.01389 0.01081 0.00841 0.00643 0.00510 0.04695 ( 1)  0.303 +-  1.049
  38 I   0.78294 0.05963 0.03510 0.02421 0.01786 0.01362 0.01053 0.00813 0.00618 0.00487 0.03692 ( 1)  0.246 +-  0.863
  39 V   0.77298 0.05921 0.03507 0.02434 0.01807 0.01387 0.01079 0.00838 0.00640 0.00508 0.04582 ( 1)  0.296 +-  1.029
  40 K   0.79490 0.05996 0.03492 0.02384 0.01741 0.01314 0.01006 0.00769 0.00578 0.00452 0.02779 ( 1)  0.201 +-  0.697
  41 A   0.78252 0.05961 0.03509 0.02421 0.01787 0.01363 0.01054 0.00814 0.00618 0.00488 0.03733 ( 1)  0.249 +-  0.873
  42 V   0.79847 0.05995 0.03475 0.02361 0.01716 0.01290 0.00983 0.00749 0.00561 0.00437 0.02586 ( 1)  0.193 +-  0.675
  43 L   0.78129 0.05954 0.03507 0.02420 0.01787 0.01364 0.01055 0.00816 0.00620 0.00489 0.03859 ( 1)  0.256 +-  0.902
  44 P   0.79405 0.05992 0.03492 0.02385 0.01743 0.01316 0.01008 0.00771 0.00580 0.00454 0.02855 ( 1)  0.205 +-  0.716
  45 D   0.79852 0.05992 0.03471 0.02357 0.01712 0.01286 0.00980 0.00746 0.00559 0.00435 0.02610 ( 1)  0.195 +-  0.686
  46 L   0.78129 0.05954 0.03507 0.02420 0.01787 0.01364 0.01055 0.00816 0.00620 0.00489 0.03859 ( 1)  0.256 +-  0.902
  47 P   0.79405 0.05992 0.03492 0.02385 0.01743 0.01316 0.01008 0.00771 0.00580 0.00454 0.02855 ( 1)  0.205 +-  0.716
  48 Y   0.79634 0.06000 0.03491 0.02380 0.01736 0.01309 0.01001 0.00764 0.00574 0.00448 0.02662 ( 1)  0.194 +-  0.670
  49 D   0.79852 0.05992 0.03471 0.02357 0.01712 0.01286 0.00980 0.00746 0.00559 0.00435 0.02610 ( 1)  0.195 +-  0.686
  50 Y   0.79634 0.06000 0.03491 0.02380 0.01736 0.01309 0.01001 0.00764 0.00574 0.00448 0.02662 ( 1)  0.194 +-  0.670
  51 S   0.80045 0.06009 0.03483 0.02365 0.01718 0.01290 0.00983 0.00748 0.00559 0.00435 0.02365 ( 1)  0.180 +-  0.605
  52 A   0.79959 0.06000 0.03476 0.02360 0.01714 0.01287 0.00980 0.00746 0.00558 0.00434 0.02487 ( 1)  0.188 +-  0.649
  53 L   0.78129 0.05954 0.03507 0.02420 0.01787 0.01364 0.01055 0.00816 0.00620 0.00489 0.03859 ( 1)  0.256 +-  0.902
  54 E   0.79275 0.05986 0.03491 0.02386 0.01745 0.01319 0.01011 0.00774 0.00583 0.00456 0.02972 ( 1)  0.211 +-  0.744
  55 P   0.78838 0.05979 0.03503 0.02405 0.01767 0.01341 0.01032 0.00794 0.00600 0.00471 0.03269 ( 1)  0.225 +-  0.791
  56 V   0.79847 0.05995 0.03475 0.02361 0.01716 0.01290 0.00983 0.00749 0.00561 0.00437 0.02586 ( 1)  0.193 +-  0.675
  57 I   0.80026 0.06004 0.03478 0.02361 0.01714 0.01287 0.00980 0.00745 0.00557 0.00434 0.02413 ( 1)  0.183 +-  0.627
  58 S   0.80045 0.06009 0.03483 0.02365 0.01718 0.01290 0.00983 0.00748 0.00559 0.00435 0.02365 ( 1)  0.180 +-  0.605
  59 A   0.79959 0.06000 0.03476 0.02360 0.01714 0.01287 0.00980 0.00746 0.00558 0.00434 0.02487 ( 1)  0.188 +-  0.649
  60 D   0.78270 0.05960 0.03508 0.02419 0.01785 0.01361 0.01052 0.00813 0.00617 0.00486 0.03729 ( 1)  0.249 +-  0.876
  61 I   0.80026 0.06004 0.03478 0.02361 0.01714 0.01287 0.00980 0.00745 0.00557 0.00434 0.02413 ( 1)  0.183 +-  0.627
  62 M   0.79527 0.05998 0.03494 0.02385 0.01741 0.01314 0.01006 0.00769 0.00578 0.00452 0.02736 ( 1)  0.198 +-  0.684
  63 R   0.78031 0.05953 0.03510 0.02426 0.01793 0.01370 0.01061 0.00821 0.00624 0.00493 0.03918 ( 1)  0.259 +-  0.906
  64 L   0.78129 0.05954 0.03507 0.02420 0.01787 0.01364 0.01055 0.00816 0.00620 0.00489 0.03859 ( 1)  0.256 +-  0.902
  65 H   0.79268 0.05984 0.03490 0.02385 0.01744 0.01318 0.01010 0.00773 0.00582 0.00456 0.02990 ( 1)  0.213 +-  0.751
  66 H   0.78807 0.05977 0.03502 0.02404 0.01766 0.01341 0.01032 0.00794 0.00600 0.00472 0.03305 ( 1)  0.227 +-  0.799
  67 Q   0.78060 0.05951 0.03507 0.02421 0.01789 0.01366 0.01057 0.00817 0.00621 0.00491 0.03921 ( 1)  0.260 +-  0.914
  68 K   0.79490 0.05996 0.03492 0.02384 0.01741 0.01314 0.01006 0.00769 0.00578 0.00452 0.02779 ( 1)  0.201 +-  0.697
  69 H   0.79268 0.05984 0.03490 0.02385 0.01744 0.01318 0.01010 0.00773 0.00582 0.00456 0.02990 ( 1)  0.213 +-  0.751
  70 H   0.79268 0.05984 0.03490 0.02385 0.01744 0.01318 0.01010 0.00773 0.00582 0.00456 0.02990 ( 1)  0.213 +-  0.751
  71 A   0.79959 0.06000 0.03476 0.02360 0.01714 0.01287 0.00980 0.00746 0.00558 0.00434 0.02487 ( 1)  0.188 +-  0.649
  72 T   0.79975 0.06006 0.03482 0.02366 0.01719 0.01292 0.00984 0.00749 0.00561 0.00437 0.02430 ( 1)  0.183 +-  0.624
  73 Y   0.78040 0.05954 0.03511 0.02426 0.01793 0.01370 0.01061 0.00821 0.00624 0.00493 0.03908 ( 1)  0.258 +-  0.903
  74 V   0.79234 0.05987 0.03494 0.02390 0.01749 0.01323 0.01015 0.00777 0.00586 0.00459 0.02986 ( 1)  0.211 +-  0.742
  75 N   0.80146 0.06003 0.03471 0.02352 0.01705 0.01278 0.00971 0.00738 0.00551 0.00428 0.02359 ( 1)  0.181 +-  0.623
  76 N   0.78386 0.05966 0.03509 0.02419 0.01783 0.01359 0.01050 0.00810 0.00615 0.00485 0.03618 ( 1)  0.243 +-  0.850
  77 F   0.79499 0.05999 0.03496 0.02387 0.01744 0.01317 0.01008 0.00771 0.00580 0.00453 0.02746 ( 1)  0.198 +-  0.682
  78 N   0.80146 0.06003 0.03471 0.02352 0.01705 0.01278 0.00971 0.00738 0.00551 0.00428 0.02359 ( 1)  0.181 +-  0.623
  79 S   0.79402 0.05998 0.03499 0.02392 0.01749 0.01322 0.01013 0.00776 0.00584 0.00457 0.02808 ( 1)  0.201 +-  0.691
  80 A   0.79959 0.06000 0.03476 0.02360 0.01714 0.01287 0.00980 0.00746 0.00558 0.00434 0.02487 ( 1)  0.188 +-  0.649
  81 Q   0.78060 0.05951 0.03507 0.02421 0.01789 0.01366 0.01057 0.00817 0.00621 0.00491 0.03921 ( 1)  0.260 +-  0.914
  82 E   0.79275 0.05986 0.03491 0.02386 0.01745 0.01319 0.01011 0.00774 0.00583 0.00456 0.02972 ( 1)  0.211 +-  0.744
  83 T   0.79017 0.05984 0.03501 0.02400 0.01760 0.01334 0.01026 0.00787 0.00595 0.00466 0.03131 ( 1)  0.218 +-  0.764
  84 L   0.78129 0.05954 0.03507 0.02420 0.01787 0.01364 0.01055 0.00816 0.00620 0.00489 0.03859 ( 1)  0.256 +-  0.902
  85 A   0.79349 0.05991 0.03494 0.02388 0.01746 0.01320 0.01011 0.00774 0.00583 0.00456 0.02888 ( 1)  0.206 +-  0.718
  86 A   0.79959 0.06000 0.03476 0.02360 0.01714 0.01287 0.00980 0.00746 0.00558 0.00434 0.02487 ( 1)  0.188 +-  0.649
  87 A   0.78252 0.05961 0.03509 0.02421 0.01787 0.01363 0.01054 0.00814 0.00618 0.00488 0.03733 ( 1)  0.249 +-  0.873
  88 L   0.77709 0.05938 0.03508 0.02428 0.01798 0.01376 0.01068 0.00828 0.00631 0.00499 0.04216 ( 1)  0.276 +-  0.965
  89 A   0.79031 0.05982 0.03497 0.02396 0.01757 0.01331 0.01023 0.00785 0.00592 0.00465 0.03141 ( 1)  0.219 +-  0.772
  90 A   0.79031 0.05982 0.03497 0.02396 0.01757 0.01331 0.01023 0.00785 0.00592 0.00465 0.03141 ( 1)  0.219 +-  0.772
  91 G   0.80158 0.06005 0.03473 0.02354 0.01707 0.01279 0.00972 0.00739 0.00552 0.00429 0.02333 ( 1)  0.180 +-  0.613
  92 K   0.77438 0.05928 0.03508 0.02433 0.01805 0.01384 0.01076 0.00835 0.00638 0.00505 0.04449 ( 1)  0.288 +-  1.004
  93 A   0.17011 0.03765 0.03668 0.03523 0.03326 0.03085 0.02804 0.02481 0.02112 0.01790 0.56435 (11)  2.897 +-  3.042
  94 S   0.79402 0.05998 0.03499 0.02392 0.01749 0.01322 0.01013 0.00776 0.00584 0.00457 0.02808 ( 1)  0.201 +-  0.691
  95 D   0.79852 0.05992 0.03471 0.02357 0.01712 0.01286 0.00980 0.00746 0.00559 0.00435 0.02610 ( 1)  0.195 +-  0.686
  96 I   0.80026 0.06004 0.03478 0.02361 0.01714 0.01287 0.00980 0.00745 0.00557 0.00434 0.02413 ( 1)  0.183 +-  0.627
  97 I   0.78294 0.05963 0.03510 0.02421 0.01786 0.01362 0.01053 0.00813 0.00618 0.00487 0.03692 ( 1)  0.246 +-  0.863
  98 A   0.79959 0.06000 0.03476 0.02360 0.01714 0.01287 0.00980 0.00746 0.00558 0.00434 0.02487 ( 1)  0.188 +-  0.649
  99 V   0.79847 0.05995 0.03475 0.02361 0.01716 0.01290 0.00983 0.00749 0.00561 0.00437 0.02586 ( 1)  0.193 +-  0.675
 100 Q   0.78060 0.05951 0.03507 0.02421 0.01789 0.01366 0.01057 0.00817 0.00621 0.00491 0.03921 ( 1)  0.260 +-  0.914
 101 A   0.79319 0.05991 0.03495 0.02389 0.01747 0.01321 0.01013 0.00775 0.00584 0.00457 0.02908 ( 1)  0.207 +-  0.723
 102 A   0.78252 0.05961 0.03509 0.02421 0.01787 0.01363 0.01054 0.00814 0.00618 0.00488 0.03733 ( 1)  0.249 +-  0.873
 103 L   0.78129 0.05954 0.03507 0.02420 0.01787 0.01364 0.01055 0.00816 0.00620 0.00489 0.03859 ( 1)  0.256 +-  0.902
 104 R   0.77968 0.05948 0.03508 0.02424 0.01792 0.01369 0.01060 0.00820 0.00624 0.00493 0.03994 ( 1)  0.264 +-  0.927
 105 F   0.79499 0.05999 0.03496 0.02387 0.01744 0.01317 0.01008 0.00771 0.00580 0.00453 0.02746 ( 1)  0.198 +-  0.682
 106 N   0.78386 0.05966 0.03509 0.02419 0.01783 0.01359 0.01050 0.00810 0.00615 0.00485 0.03618 ( 1)  0.243 +-  0.850
 107 G   0.80158 0.06005 0.03473 0.02354 0.01707 0.01279 0.00972 0.00739 0.00552 0.00429 0.02333 ( 1)  0.180 +-  0.613
 108 G   0.80158 0.06005 0.03473 0.02354 0.01707 0.01279 0.00972 0.00739 0.00552 0.00429 0.02333 ( 1)  0.180 +-  0.613
 109 G   0.78351 0.05965 0.03510 0.02420 0.01785 0.01360 0.01051 0.00812 0.00616 0.00486 0.03644 ( 1)  0.244 +-  0.855
 110 H   0.79268 0.05984 0.03490 0.02385 0.01744 0.01318 0.01010 0.00773 0.00582 0.00456 0.02990 ( 1)  0.213 +-  0.751
 111 V   0.79234 0.05987 0.03494 0.02390 0.01749 0.01323 0.01015 0.00777 0.00586 0.00459 0.02986 ( 1)  0.211 +-  0.742
 112 N   0.80146 0.06003 0.03471 0.02352 0.01705 0.01278 0.00971 0.00738 0.00551 0.00428 0.02359 ( 1)  0.181 +-  0.623
 113 H   0.79268 0.05984 0.03490 0.02385 0.01744 0.01318 0.01010 0.00773 0.00582 0.00456 0.02990 ( 1)  0.213 +-  0.751
 114 S   0.80045 0.06009 0.03483 0.02365 0.01718 0.01290 0.00983 0.00748 0.00559 0.00435 0.02365 ( 1)  0.180 +-  0.605
 115 I   0.80026 0.06004 0.03478 0.02361 0.01714 0.01287 0.00980 0.00745 0.00557 0.00434 0.02413 ( 1)  0.183 +-  0.627
 116 F   0.79499 0.05999 0.03496 0.02387 0.01744 0.01317 0.01008 0.00771 0.00580 0.00453 0.02746 ( 1)  0.198 +-  0.682
 117 W   0.78025 0.05953 0.03511 0.02426 0.01793 0.01370 0.01061 0.00821 0.00625 0.00493 0.03922 ( 1)  0.259 +-  0.906
 118 K   0.79490 0.05996 0.03492 0.02384 0.01741 0.01314 0.01006 0.00769 0.00578 0.00452 0.02779 ( 1)  0.201 +-  0.697
 119 N   0.80146 0.06003 0.03471 0.02352 0.01705 0.01278 0.00971 0.00738 0.00551 0.00428 0.02359 ( 1)  0.181 +-  0.623
 120 L   0.79284 0.05987 0.03492 0.02387 0.01745 0.01319 0.01011 0.00774 0.00583 0.00456 0.02960 ( 1)  0.211 +-  0.741
 121 S   0.80045 0.06009 0.03483 0.02365 0.01718 0.01290 0.00983 0.00748 0.00559 0.00435 0.02365 ( 1)  0.180 +-  0.605
 122 P   0.77936 0.05949 0.03510 0.02426 0.01795 0.01372 0.01063 0.00823 0.00626 0.00495 0.04005 ( 1)  0.264 +-  0.923
 123 Q   0.78060 0.05951 0.03507 0.02421 0.01789 0.01366 0.01057 0.00817 0.00621 0.00491 0.03921 ( 1)  0.260 +-  0.914
 124 G   0.80158 0.06005 0.03473 0.02354 0.01707 0.01279 0.00972 0.00739 0.00552 0.00429 0.02333 ( 1)  0.180 +-  0.613
 125 G   0.78351 0.05965 0.03510 0.02420 0.01785 0.01360 0.01051 0.00812 0.00616 0.00486 0.03644 ( 1)  0.244 +-  0.855
 126 G   0.80158 0.06005 0.03473 0.02354 0.01707 0.01279 0.00972 0.00739 0.00552 0.00429 0.02333 ( 1)  0.180 +-  0.613
 127 E   0.79275 0.05986 0.03491 0.02386 0.01745 0.01319 0.01011 0.00774 0.00583 0.00456 0.02972 ( 1)  0.211 +-  0.744
 128 P   0.77177 0.05916 0.03506 0.02435 0.01809 0.01389 0.01081 0.00841 0.00643 0.00510 0.04695 ( 1)  0.303 +-  1.049
 129 S   0.79402 0.05998 0.03499 0.02392 0.01749 0.01322 0.01013 0.00776 0.00584 0.00457 0.02808 ( 1)  0.201 +-  0.691
 130 R   0.00633 0.00408 0.00658 0.00882 0.01069 0.01211 0.01301 0.01330 0.01288 0.01244 0.89977 (11)  4.247 +-  2.806
 131 F   0.79499 0.05999 0.03496 0.02387 0.01744 0.01317 0.01008 0.00771 0.00580 0.00453 0.02746 ( 1)  0.198 +-  0.682
 132 L   0.78106 0.05953 0.03507 0.02421 0.01788 0.01364 0.01056 0.00816 0.00620 0.00490 0.03879 ( 1)  0.258 +-  0.906
 133 L   0.77633 0.05936 0.03509 0.02430 0.01801 0.01379 0.01071 0.00830 0.00633 0.00501 0.04278 ( 1)  0.279 +-  0.974
 134 E   0.79275 0.05986 0.03491 0.02386 0.01745 0.01319 0.01011 0.00774 0.00583 0.00456 0.02972 ( 1)  0.211 +-  0.744
 135 A   0.79319 0.05991 0.03495 0.02389 0.01747 0.01321 0.01013 0.00775 0.00584 0.00457 0.02908 ( 1)  0.207 +-  0.723
 136 V   0.79847 0.05995 0.03475 0.02361 0.01716 0.01290 0.00983 0.00749 0.00561 0.00437 0.02586 ( 1)  0.193 +-  0.675
 137 N   0.78386 0.05966 0.03509 0.02419 0.01783 0.01359 0.01050 0.00810 0.00615 0.00485 0.03618 ( 1)  0.243 +-  0.850
 138 R   0.79602 0.05998 0.03490 0.02380 0.01736 0.01309 0.01001 0.00765 0.00574 0.00448 0.02696 ( 1)  0.196 +-  0.680
 139 D   0.78270 0.05960 0.03508 0.02419 0.01785 0.01361 0.01052 0.00813 0.00617 0.00486 0.03729 ( 1)  0.249 +-  0.876
 140 F   0.79499 0.05999 0.03496 0.02387 0.01744 0.01317 0.01008 0.00771 0.00580 0.00453 0.02746 ( 1)  0.198 +-  0.682
 141 G   0.80158 0.06005 0.03473 0.02354 0.01707 0.01279 0.00972 0.00739 0.00552 0.00429 0.02333 ( 1)  0.180 +-  0.613
 142 S   0.78794 0.05981 0.03508 0.02410 0.01772 0.01346 0.01037 0.00798 0.00604 0.00475 0.03275 ( 1)  0.224 +-  0.782
 143 F   0.79499 0.05999 0.03496 0.02387 0.01744 0.01317 0.01008 0.00771 0.00580 0.00453 0.02746 ( 1)  0.198 +-  0.682
 144 S   0.80045 0.06009 0.03483 0.02365 0.01718 0.01290 0.00983 0.00748 0.00559 0.00435 0.02365 ( 1)  0.180 +-  0.605
 145 K   0.79490 0.05996 0.03492 0.02384 0.01741 0.01314 0.01006 0.00769 0.00578 0.00452 0.02779 ( 1)  0.201 +-  0.697
 146 F   0.79499 0.05999 0.03496 0.02387 0.01744 0.01317 0.01008 0.00771 0.00580 0.00453 0.02746 ( 1)  0.198 +-  0.682
 147 Q   0.78060 0.05951 0.03507 0.02421 0.01789 0.01366 0.01057 0.00817 0.00621 0.00491 0.03921 ( 1)  0.260 +-  0.914
 148 E   0.79275 0.05986 0.03491 0.02386 0.01745 0.01319 0.01011 0.00774 0.00583 0.00456 0.02972 ( 1)  0.211 +-  0.744
 149 Q   0.78060 0.05951 0.03507 0.02421 0.01789 0.01366 0.01057 0.00817 0.00621 0.00491 0.03921 ( 1)  0.260 +-  0.914
 150 M   0.79527 0.05998 0.03494 0.02385 0.01741 0.01314 0.01006 0.00769 0.00578 0.00452 0.02736 ( 1)  0.198 +-  0.684
 151 S   0.77145 0.05914 0.03506 0.02435 0.01809 0.01389 0.01082 0.00841 0.00643 0.00510 0.04724 ( 1)  0.304 +-  1.054
 152 A   0.79959 0.06000 0.03476 0.02360 0.01714 0.01287 0.00980 0.00746 0.00558 0.00434 0.02487 ( 1)  0.188 +-  0.649
 153 A   0.79959 0.06000 0.03476 0.02360 0.01714 0.01287 0.00980 0.00746 0.00558 0.00434 0.02487 ( 1)  0.188 +-  0.649
 154 A   0.79959 0.06000 0.03476 0.02360 0.01714 0.01287 0.00980 0.00746 0.00558 0.00434 0.02487 ( 1)  0.188 +-  0.649
 155 V   0.79234 0.05987 0.03494 0.02390 0.01749 0.01323 0.01015 0.00777 0.00586 0.00459 0.02986 ( 1)  0.211 +-  0.742
 156 G   0.78351 0.05965 0.03510 0.02420 0.01785 0.01360 0.01051 0.00812 0.00616 0.00486 0.03644 ( 1)  0.244 +-  0.855
 157 V   0.78205 0.05959 0.03509 0.02421 0.01787 0.01363 0.01055 0.00815 0.00619 0.00488 0.03779 ( 1)  0.252 +-  0.884
 158 Q   0.78060 0.05951 0.03507 0.02421 0.01789 0.01366 0.01057 0.00817 0.00621 0.00491 0.03921 ( 1)  0.260 +-  0.914
 159 G   0.78351 0.05965 0.03510 0.02420 0.01785 0.01360 0.01051 0.00812 0.00616 0.00486 0.03644 ( 1)  0.244 +-  0.855
 160 S   0.80045 0.06009 0.03483 0.02365 0.01718 0.01290 0.00983 0.00748 0.00559 0.00435 0.02365 ( 1)  0.180 +-  0.605
 161 G   0.78716 0.05976 0.03506 0.02410 0.01772 0.01347 0.01038 0.00799 0.00605 0.00475 0.03357 ( 1)  0.229 +-  0.804
 162 W   0.78025 0.05953 0.03511 0.02426 0.01793 0.01370 0.01061 0.00821 0.00625 0.00493 0.03922 ( 1)  0.259 +-  0.906
 163 A   0.79959 0.06000 0.03476 0.02360 0.01714 0.01287 0.00980 0.00746 0.00558 0.00434 0.02487 ( 1)  0.188 +-  0.649
 164 W   0.78025 0.05953 0.03511 0.02426 0.01793 0.01370 0.01061 0.00821 0.00625 0.00493 0.03922 ( 1)  0.259 +-  0.906
 165 L   0.78129 0.05954 0.03507 0.02420 0.01787 0.01364 0.01055 0.00816 0.00620 0.00489 0.03859 ( 1)  0.256 +-  0.902
 166 G   0.80158 0.06005 0.03473 0.02354 0.01707 0.01279 0.00972 0.00739 0.00552 0.00429 0.02333 ( 1)  0.180 +-  0.613
 167 Y   0.78040 0.05954 0.03511 0.02426 0.01793 0.01370 0.01061 0.00821 0.00624 0.00493 0.03908 ( 1)  0.258 +-  0.903
 168 N   0.80146 0.06003 0.03471 0.02352 0.01705 0.01278 0.00971 0.00738 0.00551 0.00428 0.02359 ( 1)  0.181 +-  0.623
 169 F   0.79499 0.05999 0.03496 0.02387 0.01744 0.01317 0.01008 0.00771 0.00580 0.00453 0.02746 ( 1)  0.198 +-  0.682
 170 K   0.79490 0.05996 0.03492 0.02384 0.01741 0.01314 0.01006 0.00769 0.00578 0.00452 0.02779 ( 1)  0.201 +-  0.697
 171 T   0.78231 0.05961 0.03511 0.02422 0.01788 0.01364 0.01055 0.00816 0.00620 0.00489 0.03743 ( 1)  0.249 +-  0.872
 172 D   0.79852 0.05992 0.03471 0.02357 0.01712 0.01286 0.00980 0.00746 0.00559 0.00435 0.02610 ( 1)  0.195 +-  0.686
 173 R   0.78970 0.05984 0.03503 0.02402 0.01763 0.01337 0.01028 0.00790 0.00597 0.00468 0.03159 ( 1)  0.219 +-  0.768
 174 L   0.78129 0.05954 0.03507 0.02420 0.01787 0.01364 0.01055 0.00816 0.00620 0.00489 0.03859 ( 1)  0.256 +-  0.902
 175 Q   0.78060 0.05951 0.03507 0.02421 0.01789 0.01366 0.01057 0.00817 0.00621 0.00491 0.03921 ( 1)  0.260 +-  0.914
 176 I   0.78294 0.05963 0.03510 0.02421 0.01786 0.01362 0.01053 0.00813 0.00618 0.00487 0.03692 ( 1)  0.246 +-  0.863
 177 A   0.79959 0.06000 0.03476 0.02360 0.01714 0.01287 0.00980 0.00746 0.00558 0.00434 0.02487 ( 1)  0.188 +-  0.649
 178 T   0.79975 0.06006 0.03482 0.02366 0.01719 0.01292 0.00984 0.00749 0.00561 0.00437 0.02430 ( 1)  0.183 +-  0.624
 179 C   0.79402 0.05999 0.03500 0.02393 0.01750 0.01323 0.01014 0.00777 0.00585 0.00458 0.02798 ( 1)  0.200 +-  0.686
 180 A   0.78252 0.05961 0.03509 0.02421 0.01787 0.01363 0.01054 0.00814 0.00618 0.00488 0.03733 ( 1)  0.249 +-  0.873
 181 N   0.80146 0.06003 0.03471 0.02352 0.01705 0.01278 0.00971 0.00738 0.00551 0.00428 0.02359 ( 1)  0.181 +-  0.623
 182 Q   0.78060 0.05951 0.03507 0.02421 0.01789 0.01366 0.01057 0.00817 0.00621 0.00491 0.03921 ( 1)  0.260 +-  0.914
 183 D   0.79322 0.05988 0.03492 0.02386 0.01744 0.01318 0.01010 0.00773 0.00582 0.00456 0.02928 ( 1)  0.209 +-  0.732
 184 P   0.78838 0.05979 0.03503 0.02405 0.01767 0.01341 0.01032 0.00794 0.00600 0.00471 0.03269 ( 1)  0.225 +-  0.791
 185 L   0.77514 0.05930 0.03507 0.02430 0.01802 0.01380 0.01072 0.00832 0.00635 0.00503 0.04396 ( 1)  0.286 +-  0.999
 186 K   0.79490 0.05996 0.03492 0.02384 0.01741 0.01314 0.01006 0.00769 0.00578 0.00452 0.02779 ( 1)  0.201 +-  0.697
 187 A   0.79959 0.06000 0.03476 0.02360 0.01714 0.01287 0.00980 0.00746 0.00558 0.00434 0.02487 ( 1)  0.188 +-  0.649
 188 T   0.79975 0.06006 0.03482 0.02366 0.01719 0.01292 0.00984 0.00749 0.00561 0.00437 0.02430 ( 1)  0.183 +-  0.624
 189 T   0.77296 0.05921 0.03507 0.02434 0.01807 0.01387 0.01079 0.00838 0.00640 0.00508 0.04582 ( 1)  0.296 +-  1.028
 190 G   0.80158 0.06005 0.03473 0.02354 0.01707 0.01279 0.00972 0.00739 0.00552 0.00429 0.02333 ( 1)  0.180 +-  0.613
 191 L   0.78129 0.05954 0.03507 0.02420 0.01787 0.01364 0.01055 0.00816 0.00620 0.00489 0.03859 ( 1)  0.256 +-  0.902
 192 E   0.79275 0.05986 0.03491 0.02386 0.01745 0.01319 0.01011 0.00774 0.00583 0.00456 0.02972 ( 1)  0.211 +-  0.744
 193 P   0.78838 0.05979 0.03503 0.02405 0.01767 0.01341 0.01032 0.00794 0.00600 0.00471 0.03269 ( 1)  0.225 +-  0.791
 194 L   0.78129 0.05954 0.03507 0.02420 0.01787 0.01364 0.01055 0.00816 0.00620 0.00489 0.03859 ( 1)  0.256 +-  0.902
 195 L   0.78129 0.05954 0.03507 0.02420 0.01787 0.01364 0.01055 0.00816 0.00620 0.00489 0.03859 ( 1)  0.256 +-  0.902
 196 G   0.80158 0.06005 0.03473 0.02354 0.01707 0.01279 0.00972 0.00739 0.00552 0.00429 0.02333 ( 1)  0.180 +-  0.613
 197 I   0.78551 0.05975 0.03512 0.02419 0.01782 0.01357 0.01048 0.00808 0.00612 0.00482 0.03455 ( 1)  0.233 +-  0.811
 198 D   0.79010 0.05979 0.03495 0.02394 0.01755 0.01329 0.01021 0.00784 0.00592 0.00464 0.03177 ( 1)  0.222 +-  0.784
 199 V   0.79234 0.05987 0.03494 0.02390 0.01749 0.01323 0.01015 0.00777 0.00586 0.00459 0.02986 ( 1)  0.211 +-  0.742
 200 W   0.78025 0.05953 0.03511 0.02426 0.01793 0.01370 0.01061 0.00821 0.00625 0.00493 0.03922 ( 1)  0.259 +-  0.906
 201 E   0.79275 0.05986 0.03491 0.02386 0.01745 0.01319 0.01011 0.00774 0.00583 0.00456 0.02972 ( 1)  0.211 +-  0.744
 202 H   0.79268 0.05984 0.03490 0.02385 0.01744 0.01318 0.01010 0.00773 0.00582 0.00456 0.02990 ( 1)  0.213 +-  0.751
 203 A   0.79959 0.06000 0.03476 0.02360 0.01714 0.01287 0.00980 0.00746 0.00558 0.00434 0.02487 ( 1)  0.188 +-  0.649
 204 Y   0.79634 0.06000 0.03491 0.02380 0.01736 0.01309 0.01001 0.00764 0.00574 0.00448 0.02662 ( 1)  0.194 +-  0.670
 205 Y   0.79634 0.06000 0.03491 0.02380 0.01736 0.01309 0.01001 0.00764 0.00574 0.00448 0.02662 ( 1)  0.194 +-  0.670
 206 L   0.78129 0.05954 0.03507 0.02420 0.01787 0.01364 0.01055 0.00816 0.00620 0.00489 0.03859 ( 1)  0.256 +-  0.902
 207 Q   0.78060 0.05951 0.03507 0.02421 0.01789 0.01366 0.01057 0.00817 0.00621 0.00491 0.03921 ( 1)  0.260 +-  0.914
 208 Y   0.79634 0.06000 0.03491 0.02380 0.01736 0.01309 0.01001 0.00764 0.00574 0.00448 0.02662 ( 1)  0.194 +-  0.670
 209 K   0.79490 0.05996 0.03492 0.02384 0.01741 0.01314 0.01006 0.00769 0.00578 0.00452 0.02779 ( 1)  0.201 +-  0.697
 210 N   0.80146 0.06003 0.03471 0.02352 0.01705 0.01278 0.00971 0.00738 0.00551 0.00428 0.02359 ( 1)  0.181 +-  0.623
 211 V   0.78205 0.05959 0.03509 0.02421 0.01787 0.01363 0.01055 0.00815 0.00619 0.00488 0.03779 ( 1)  0.252 +-  0.884
 212 R   0.79602 0.05998 0.03490 0.02380 0.01736 0.01309 0.01001 0.00765 0.00574 0.00448 0.02696 ( 1)  0.196 +-  0.680
 213 P   0.77177 0.05916 0.03506 0.02435 0.01809 0.01389 0.01081 0.00841 0.00643 0.00510 0.04695 ( 1)  0.303 +-  1.049
 214 D   0.79852 0.05992 0.03471 0.02357 0.01712 0.01286 0.00980 0.00746 0.00559 0.00435 0.02610 ( 1)  0.195 +-  0.686
 215 Y   0.79634 0.06000 0.03491 0.02380 0.01736 0.01309 0.01001 0.00764 0.00574 0.00448 0.02662 ( 1)  0.194 +-  0.670
 216 V   0.79847 0.05995 0.03475 0.02361 0.01716 0.01290 0.00983 0.00749 0.00561 0.00437 0.02586 ( 1)  0.193 +-  0.675
 217 K   0.79490 0.05996 0.03492 0.02384 0.01741 0.01314 0.01006 0.00769 0.00578 0.00452 0.02779 ( 1)  0.201 +-  0.697
 218 S   0.80045 0.06009 0.03483 0.02365 0.01718 0.01290 0.00983 0.00748 0.00559 0.00435 0.02365 ( 1)  0.180 +-  0.605
 219 I   0.80026 0.06004 0.03478 0.02361 0.01714 0.01287 0.00980 0.00745 0.00557 0.00434 0.02413 ( 1)  0.183 +-  0.627
 220 W   0.78025 0.05953 0.03511 0.02426 0.01793 0.01370 0.01061 0.00821 0.00625 0.00493 0.03922 ( 1)  0.259 +-  0.906
 221 K   0.79490 0.05996 0.03492 0.02384 0.01741 0.01314 0.01006 0.00769 0.00578 0.00452 0.02779 ( 1)  0.201 +-  0.697
 222 V   0.79234 0.05987 0.03494 0.02390 0.01749 0.01323 0.01015 0.00777 0.00586 0.00459 0.02986 ( 1)  0.211 +-  0.742
 223 I   0.80026 0.06004 0.03478 0.02361 0.01714 0.01287 0.00980 0.00745 0.00557 0.00434 0.02413 ( 1)  0.183 +-  0.627
 224 N   0.80146 0.06003 0.03471 0.02352 0.01705 0.01278 0.00971 0.00738 0.00551 0.00428 0.02359 ( 1)  0.181 +-  0.623
 225 W   0.78025 0.05953 0.03511 0.02426 0.01793 0.01370 0.01061 0.00821 0.00625 0.00493 0.03922 ( 1)  0.259 +-  0.906
 226 D   0.79852 0.05992 0.03471 0.02357 0.01712 0.01286 0.00980 0.00746 0.00559 0.00435 0.02610 ( 1)  0.195 +-  0.686
 227 D   0.79852 0.05992 0.03471 0.02357 0.01712 0.01286 0.00980 0.00746 0.00559 0.00435 0.02610 ( 1)  0.195 +-  0.686
 228 V   0.79234 0.05987 0.03494 0.02390 0.01749 0.01323 0.01015 0.00777 0.00586 0.00459 0.02986 ( 1)  0.211 +-  0.742
 229 E   0.79275 0.05986 0.03491 0.02386 0.01745 0.01319 0.01011 0.00774 0.00583 0.00456 0.02972 ( 1)  0.211 +-  0.744
 230 N   0.78386 0.05966 0.03509 0.02419 0.01783 0.01359 0.01050 0.00810 0.00615 0.00485 0.03618 ( 1)  0.243 +-  0.850
 231 R   0.79602 0.05998 0.03490 0.02380 0.01736 0.01309 0.01001 0.00765 0.00574 0.00448 0.02696 ( 1)  0.196 +-  0.680
 232 L   0.78129 0.05954 0.03507 0.02420 0.01787 0.01364 0.01055 0.00816 0.00620 0.00489 0.03859 ( 1)  0.256 +-  0.902
 233 D   0.79852 0.05992 0.03471 0.02357 0.01712 0.01286 0.00980 0.00746 0.00559 0.00435 0.02610 ( 1)  0.195 +-  0.686
 234 Q   0.78060 0.05951 0.03507 0.02421 0.01789 0.01366 0.01057 0.00817 0.00621 0.00491 0.03921 ( 1)  0.260 +-  0.914
 235 A   0.79959 0.06000 0.03476 0.02360 0.01714 0.01287 0.00980 0.00746 0.00558 0.00434 0.02487 ( 1)  0.188 +-  0.649
 236 K   0.79490 0.05996 0.03492 0.02384 0.01741 0.01314 0.01006 0.00769 0.00578 0.00452 0.02779 ( 1)  0.201 +-  0.697
 237 S   0.78276 0.05963 0.03511 0.02422 0.01788 0.01364 0.01055 0.00815 0.00619 0.00488 0.03700 ( 1)  0.246 +-  0.863
 238 G   0.80158 0.06005 0.03473 0.02354 0.01707 0.01279 0.00972 0.00739 0.00552 0.00429 0.02333 ( 1)  0.180 +-  0.613
 239 G   0.77348 0.05924 0.03508 0.02434 0.01806 0.01386 0.01078 0.00837 0.00639 0.00507 0.04534 ( 1)  0.293 +-  1.020
 240 V   0.78205 0.05959 0.03509 0.02421 0.01787 0.01363 0.01055 0.00815 0.00619 0.00488 0.03779 ( 1)  0.252 +-  0.884
 241 K   0.79490 0.05996 0.03492 0.02384 0.01741 0.01314 0.01006 0.00769 0.00578 0.00452 0.02779 ( 1)  0.201 +-  0.697
 242 L   0.78129 0.05954 0.03507 0.02420 0.01787 0.01364 0.01055 0.00816 0.00620 0.00489 0.03859 ( 1)  0.256 +-  0.902
 243 A   0.78252 0.05961 0.03509 0.02421 0.01787 0.01363 0.01054 0.00814 0.00618 0.00488 0.03733 ( 1)  0.249 +-  0.873

Positively selected sites

	Prob(w>1)  mean w

    16 V      0.566         2.912 +- 3.050
    93 A      0.564         2.897 +- 3.042
   130 R      0.900         4.247 +- 2.806

