Supplemental results for CODEML (seqf: algn  treef: tree)


dN/dS (w) for site classes (K=3)

p:   0.80183  0.15120  0.04698
w:   0.07536  1.00000  3.28180

Naive Empirical Bayes (NEB) probabilities for 3 classes & postmean_w & P(w>1)
(amino acids refer to 1st sequence: Msl.12801)

   1 S   0.07782 0.55253 0.36965 ( 2)  1.772  0.370
   2 S   0.24479 0.66212 0.09309 ( 2)  0.986  0.093
   3 R   0.10324 0.54452 0.35224 ( 2)  1.708  0.352
   4 C   0.98730 0.01252 0.00019 ( 1)  0.088  0.000
   5 T   0.00074 0.38414 0.61512 ( 3)  2.403  0.615
   6 P   0.78867 0.20114 0.01019 ( 1)  0.294  0.010
   7 P   0.99249 0.00736 0.00015 ( 1)  0.083  0.000
   8 D   0.52315 0.45356 0.02329 ( 1)  0.569  0.023
   9 L   0.98561 0.01386 0.00053 ( 1)  0.090  0.001
  10 Q   0.79223 0.19067 0.01711 ( 1)  0.307  0.017
  11 L   0.59694 0.33904 0.06402 ( 1)  0.594  0.064
  12 Y   0.00170 0.53537 0.46293 ( 2)  2.055  0.463
  13 S   0.41027 0.51988 0.06986 ( 2)  0.780  0.070
  14 R   0.40912 0.55308 0.03780 ( 2)  0.708  0.038
  15 F   0.93601 0.06181 0.00218 ( 1)  0.140  0.002
  16 I   0.91869 0.07848 0.00284 ( 1)  0.157  0.003
  17 R   0.48416 0.40157 0.11428 ( 1)  0.813  0.114
  18 D   0.80992 0.17343 0.01666 ( 1)  0.289  0.017
  19 R   0.18371 0.68329 0.13300 ( 2)  1.134  0.133
  20 R   0.98904 0.01053 0.00043 ( 1)  0.086  0.000
  21 P   0.99336 0.00653 0.00010 ( 1)  0.082  0.000
  22 A   0.01694 0.69279 0.29027 ( 2)  1.647  0.290
  23 V   0.06875 0.84482 0.08643 ( 2)  1.134  0.086
  24 I   0.89362 0.10246 0.00392 ( 1)  0.183  0.004
  25 P   0.99249 0.00736 0.00015 ( 1)  0.083  0.000
  26 A   0.99030 0.00949 0.00021 ( 1)  0.085  0.000
  27 D   0.99497 0.00496 0.00007 ( 1)  0.080  0.000
  28 L   0.40260 0.54082 0.05659 ( 2)  0.757  0.057
  29 C   0.99360 0.00633 0.00007 ( 1)  0.081  0.000
  30 S   0.00008 0.42294 0.57698 ( 3)  2.316  0.577
  31 K   0.44717 0.39828 0.15455 ( 1)  0.939  0.155
  32 R   0.86049 0.13373 0.00578 ( 1)  0.218  0.006
  33 G   0.38597 0.55425 0.05978 ( 2)  0.780  0.060
  34 S   0.05045 0.86342 0.08613 ( 2)  1.150  0.086
  35 P   0.02056 0.82240 0.15704 ( 2)  1.339  0.157
  36 N   0.99453 0.00538 0.00009 ( 1)  0.081  0.000
  37 W   0.99442 0.00554 0.00005 ( 1)  0.081  0.000
  38 L   0.98549 0.01396 0.00054 ( 1)  0.090  0.001
  39 R   0.97456 0.02412 0.00133 ( 1)  0.102  0.001
  40 V   0.99257 0.00731 0.00012 ( 1)  0.083  0.000
  41 S   0.99317 0.00670 0.00013 ( 1)  0.082  0.000
  42 Q   0.94525 0.05388 0.00087 ( 1)  0.128  0.001
  43 S   0.99518 0.00477 0.00005 ( 1)  0.080  0.000
  44 R   0.98752 0.01225 0.00023 ( 1)  0.087  0.000
  45 V   0.99330 0.00656 0.00013 ( 1)  0.082  0.000
  46 Q   0.57882 0.41153 0.00965 ( 1)  0.487  0.010
  47 L   0.98314 0.01630 0.00056 ( 1)  0.092  0.001
  48 L   0.08659 0.83406 0.07934 ( 2)  1.101  0.079
  49 S   0.37151 0.60753 0.02095 ( 2)  0.704  0.021
  50 Q   0.55508 0.42473 0.02019 ( 1)  0.533  0.020
  51 F   0.84564 0.14284 0.01152 ( 1)  0.244  0.012
  52 A   0.71237 0.26286 0.02476 ( 1)  0.398  0.025
  53 A   0.00812 0.40242 0.58946 ( 3)  2.338  0.589
  54 A   0.17642 0.69186 0.13173 ( 2)  1.137  0.132
  55 N   0.92633 0.07144 0.00223 ( 1)  0.149  0.002
  56 C   0.99648 0.00349 0.00003 ( 1)  0.079  0.000
  57 S   0.80158 0.18768 0.01074 ( 1)  0.283  0.011
  58 A   0.98602 0.01357 0.00041 ( 1)  0.089  0.000
  59 E   0.99610 0.00386 0.00004 ( 1)  0.079  0.000
  60 P   0.99336 0.00653 0.00010 ( 1)  0.082  0.000
  61 V   0.99330 0.00656 0.00013 ( 1)  0.082  0.000
  62 L   0.91038 0.08724 0.00238 ( 1)  0.164  0.002
  63 R   0.84095 0.15228 0.00677 ( 1)  0.238  0.007
  64 L   0.21086 0.52969 0.25945 ( 2)  1.397  0.259
  65 D   0.99670 0.00327 0.00003 ( 1)  0.078  0.000
  66 D   0.99334 0.00654 0.00011 ( 1)  0.082  0.000
  67 H   0.95849 0.04091 0.00061 ( 1)  0.115  0.001
  68 T   0.88658 0.11039 0.00302 ( 1)  0.187  0.003
  69 S   0.99685 0.00312 0.00003 ( 1)  0.078  0.000
  70 K   0.96371 0.03584 0.00045 ( 1)  0.110  0.000
  71 F   0.99705 0.00293 0.00002 ( 1)  0.078  0.000
  72 G   0.99418 0.00574 0.00008 ( 1)  0.081  0.000
  73 S   0.99696 0.00301 0.00003 ( 1)  0.078  0.000
  74 A   0.98809 0.01159 0.00032 ( 1)  0.087  0.000
  75 Q   0.86181 0.13553 0.00266 ( 1)  0.209  0.003
  76 P   0.98486 0.01469 0.00045 ( 1)  0.090  0.000
  77 I   0.92998 0.06886 0.00116 ( 1)  0.143  0.001
  78 R   0.95442 0.04318 0.00239 ( 1)  0.123  0.002
  79 N   0.96887 0.03081 0.00032 ( 1)  0.105  0.000
  80 G   0.98423 0.01524 0.00053 ( 1)  0.091  0.001
  81 S   0.75117 0.24568 0.00315 ( 1)  0.313  0.003
  82 E   0.91442 0.08279 0.00279 ( 1)  0.161  0.003
  83 L   0.98756 0.01215 0.00029 ( 1)  0.088  0.000
  84 P   0.99336 0.00653 0.00010 ( 1)  0.082  0.000
  85 S   0.99467 0.00524 0.00008 ( 1)  0.080  0.000
  86 L   0.98756 0.01215 0.00029 ( 1)  0.088  0.000
  87 G   0.98423 0.01524 0.00053 ( 1)  0.091  0.001
  88 F   0.99700 0.00297 0.00003 ( 1)  0.078  0.000
  89 R   0.97383 0.02521 0.00095 ( 1)  0.102  0.001
  90 A   0.98525 0.01425 0.00050 ( 1)  0.090  0.000
  91 S   0.99518 0.00477 0.00005 ( 1)  0.080  0.000
  92 C   0.99639 0.00358 0.00003 ( 1)  0.079  0.000
  93 R   0.86201 0.13527 0.00272 ( 1)  0.209  0.003
  94 S   0.99271 0.00719 0.00009 ( 1)  0.082  0.000
  95 P   0.56528 0.37344 0.06128 ( 1)  0.617  0.061
  96 D   0.99670 0.00327 0.00003 ( 1)  0.078  0.000
  97 G   0.91415 0.08427 0.00157 ( 1)  0.158  0.002
  98 T   0.99374 0.00614 0.00012 ( 1)  0.081  0.000
  99 K   0.67776 0.31349 0.00875 ( 1)  0.393  0.009
 100 H   0.99637 0.00359 0.00004 ( 1)  0.079  0.000
 101 S   0.99696 0.00301 0.00003 ( 1)  0.078  0.000
 102 S   0.99518 0.00477 0.00005 ( 1)  0.080  0.000
 103 V   0.99330 0.00656 0.00013 ( 1)  0.082  0.000
 104 Y   0.99584 0.00412 0.00004 ( 1)  0.079  0.000
 105 Y   0.99584 0.00412 0.00004 ( 1)  0.079  0.000
 106 G   0.98262 0.01688 0.00050 ( 1)  0.093  0.001
 107 T   0.59377 0.39562 0.01061 ( 1)  0.475  0.011
 108 R   0.95154 0.04784 0.00062 ( 1)  0.122  0.001
 109 R   0.94470 0.05126 0.00404 ( 1)  0.136  0.004
 110 L   0.47172 0.51334 0.01494 ( 2)  0.598  0.015
 111 R   0.72415 0.26767 0.00818 ( 1)  0.349  0.008
 112 D   0.26858 0.70608 0.02534 ( 2)  0.809  0.025
 113 S   0.98438 0.01530 0.00032 ( 1)  0.091  0.000
 114 Q   0.22048 0.71842 0.06110 ( 2)  0.936  0.061
 115 L   0.48926 0.49321 0.01753 ( 2)  0.588  0.018
 116 P   0.41775 0.56898 0.01328 ( 2)  0.644  0.013
 117 P   0.10435 0.72059 0.17506 ( 2)  1.303  0.175
 118 L   0.78188 0.21238 0.00574 ( 1)  0.290  0.006
 119 R   0.74956 0.24202 0.00842 ( 1)  0.326  0.008
 120 P   0.83646 0.15522 0.00833 ( 1)  0.246  0.008
 121 G   0.95959 0.03987 0.00054 ( 1)  0.114  0.001
 122 D   0.74953 0.24755 0.00292 ( 1)  0.314  0.003
 123 A   0.36268 0.58443 0.05289 ( 2)  0.785  0.053
 124 K   0.96371 0.03584 0.00045 ( 1)  0.110  0.000
 125 R   0.87370 0.12223 0.00407 ( 1)  0.201  0.004
 126 D   0.95797 0.04150 0.00054 ( 1)  0.115  0.001
 127 S   0.05612 0.75679 0.18710 ( 2)  1.375  0.187
 128 I   0.95573 0.04363 0.00064 ( 1)  0.118  0.001
 129 I   0.99648 0.00349 0.00004 ( 1)  0.079  0.000
 130 I   0.94066 0.05807 0.00126 ( 1)  0.133  0.001
 131 L   0.98774 0.01198 0.00028 ( 1)  0.087  0.000
 132 G   0.98683 0.01278 0.00039 ( 1)  0.088  0.000
 133 L   0.98201 0.01733 0.00066 ( 1)  0.094  0.001
 134 D   0.99670 0.00327 0.00003 ( 1)  0.078  0.000
 135 S   0.99281 0.00710 0.00009 ( 1)  0.082  0.000
 136 L   0.99018 0.00958 0.00023 ( 1)  0.085  0.000
 137 S   0.99518 0.00477 0.00005 ( 1)  0.080  0.000
 138 R   0.93043 0.06584 0.00373 ( 1)  0.148  0.004
 139 L   0.99271 0.00718 0.00012 ( 1)  0.082  0.000
 140 E   0.99610 0.00386 0.00004 ( 1)  0.079  0.000
 141 S   0.99282 0.00707 0.00011 ( 1)  0.082  0.000
 142 L   0.98538 0.01426 0.00036 ( 1)  0.090  0.000
 143 R   0.98757 0.01215 0.00027 ( 1)  0.087  0.000
 144 S   0.98335 0.01625 0.00040 ( 1)  0.092  0.000
 145 L   0.99018 0.00958 0.00023 ( 1)  0.085  0.000
 146 V   0.54227 0.44789 0.00985 ( 1)  0.521  0.010
 147 N   0.12218 0.70880 0.16901 ( 2)  1.273  0.169
 148 A   0.98863 0.01109 0.00028 ( 1)  0.087  0.000
 149 S   0.99696 0.00301 0.00003 ( 1)  0.078  0.000
 150 S   0.02616 0.67914 0.29471 ( 2)  1.648  0.295
 151 L   0.86858 0.12804 0.00338 ( 1)  0.205  0.003
 152 L   0.93601 0.06284 0.00116 ( 1)  0.137  0.001
 153 R   0.72570 0.25913 0.01517 ( 1)  0.364  0.015
 154 T   0.32977 0.63052 0.03971 ( 2)  0.786  0.040
 155 Q   0.89118 0.10659 0.00223 ( 1)  0.181  0.002
 156 L   0.97918 0.01995 0.00087 ( 1)  0.097  0.001
 157 G   0.98683 0.01278 0.00039 ( 1)  0.088  0.000
 158 A   0.99353 0.00634 0.00013 ( 1)  0.082  0.000
 159 L   0.93271 0.06621 0.00108 ( 1)  0.140  0.001
 160 S   0.93497 0.06408 0.00096 ( 1)  0.138  0.001
 161 L   0.99018 0.00958 0.00023 ( 1)  0.085  0.000
 162 L   0.89538 0.10245 0.00217 ( 1)  0.177  0.002
 163 Q   0.99535 0.00459 0.00006 ( 1)  0.080  0.000
 164 Y   0.99584 0.00412 0.00004 ( 1)  0.079  0.000
 165 N   0.99680 0.00317 0.00003 ( 1)  0.078  0.000
 166 I   0.99648 0.00349 0.00004 ( 1)  0.079  0.000
 167 L   0.93601 0.06284 0.00116 ( 1)  0.137  0.001
 168 G   0.94699 0.05101 0.00200 ( 1)  0.129  0.002
 169 D   0.99670 0.00327 0.00003 ( 1)  0.078  0.000
 170 G   0.99408 0.00584 0.00008 ( 1)  0.081  0.000
 171 T   0.98676 0.01286 0.00037 ( 1)  0.088  0.000
 172 P   0.99303 0.00683 0.00014 ( 1)  0.082  0.000
 173 A   0.99372 0.00618 0.00010 ( 1)  0.081  0.000
 174 A   0.97386 0.02530 0.00084 ( 1)  0.101  0.001
 175 L   0.98745 0.01225 0.00030 ( 1)  0.088  0.000
 176 V   0.89506 0.10232 0.00263 ( 1)  0.178  0.003
 177 P   0.99334 0.00655 0.00011 ( 1)  0.082  0.000
 178 I   0.99648 0.00349 0.00004 ( 1)  0.079  0.000
 179 L   0.99018 0.00958 0.00023 ( 1)  0.085  0.000
 180 T   0.99366 0.00623 0.00012 ( 1)  0.081  0.000
 181 G   0.99323 0.00667 0.00010 ( 1)  0.082  0.000
 182 T   0.03667 0.79457 0.16875 ( 2)  1.351  0.169
 183 R   0.98757 0.01215 0.00027 ( 1)  0.087  0.000
 184 E   0.99610 0.00386 0.00004 ( 1)  0.079  0.000
 185 S   0.91417 0.08420 0.00163 ( 1)  0.158  0.002
 186 D   0.99670 0.00327 0.00003 ( 1)  0.078  0.000
 187 M   0.99739 0.00258 0.00002 ( 1)  0.078  0.000
 188 P   0.99336 0.00653 0.00010 ( 1)  0.082  0.000
 189 E   0.99182 0.00804 0.00014 ( 1)  0.083  0.000
 190 A   0.57568 0.38316 0.04117 ( 1)  0.562  0.041
 191 R   0.99079 0.00900 0.00021 ( 1)  0.084  0.000
 192 R   0.28495 0.66536 0.04969 ( 2)  0.850  0.050
 193 G   0.99418 0.00574 0.00008 ( 1)  0.081  0.000
 194 F   0.99705 0.00293 0.00002 ( 1)  0.078  0.000
 195 K   0.25718 0.69480 0.04802 ( 2)  0.872  0.048
 196 G   0.94699 0.05101 0.00200 ( 1)  0.129  0.002
 197 A   0.96276 0.03579 0.00145 ( 1)  0.113  0.001
 198 R   0.97383 0.02521 0.00095 ( 1)  0.102  0.001
 199 H   0.14962 0.75688 0.09349 ( 2)  1.075  0.093
 200 L   0.98756 0.01215 0.00029 ( 1)  0.088  0.000
 201 D   0.99334 0.00654 0.00011 ( 1)  0.082  0.000
 202 E   0.96452 0.03498 0.00050 ( 1)  0.109  0.000
 203 V   0.42284 0.56330 0.01387 ( 2)  0.641  0.014
 204 M   0.82056 0.17154 0.00790 ( 1)  0.259  0.008
 205 Q   0.92726 0.07142 0.00133 ( 1)  0.146  0.001
 206 F   0.46631 0.51869 0.01500 ( 2)  0.603  0.015
 207 I   0.99648 0.00349 0.00004 ( 1)  0.079  0.000
 208 F   0.99705 0.00293 0.00002 ( 1)  0.078  0.000
 209 H   0.49871 0.47337 0.02793 ( 1)  0.603  0.028
 210 K   0.73160 0.26391 0.00449 ( 1)  0.334  0.004
 211 L   0.98724 0.01244 0.00031 ( 1)  0.088  0.000
 212 K   0.83991 0.15629 0.00380 ( 1)  0.232  0.004
 213 E   0.96452 0.03498 0.00050 ( 1)  0.109  0.000
 214 L   0.75279 0.23796 0.00925 ( 1)  0.325  0.009
 215 G   0.99418 0.00574 0.00008 ( 1)  0.081  0.000
 216 Y   0.93776 0.06140 0.00084 ( 1)  0.135  0.001
 217 L   0.91496 0.08333 0.00170 ( 1)  0.158  0.002
 218 T   0.96144 0.03732 0.00124 ( 1)  0.114  0.001
 219 L   0.98756 0.01215 0.00029 ( 1)  0.088  0.000
 220 Y   0.98708 0.01275 0.00017 ( 1)  0.088  0.000
 221 G   0.96477 0.03434 0.00089 ( 1)  0.110  0.001
 222 E   0.99610 0.00386 0.00004 ( 1)  0.079  0.000
 223 E   0.99610 0.00386 0.00004 ( 1)  0.079  0.000
 224 G   0.10321 0.61852 0.27827 ( 2)  1.540  0.278
 225 S   0.02493 0.68860 0.28648 ( 2)  1.631  0.286
 226 S   0.00326 0.70682 0.28993 ( 2)  1.659  0.290
 227 F   0.00498 0.37417 0.62085 ( 3)  2.412  0.621
 228 G   0.99360 0.00628 0.00012 ( 1)  0.082  0.000
 229 T   0.98612 0.01351 0.00037 ( 1)  0.089  0.000
 230 F   0.99705 0.00293 0.00002 ( 1)  0.078  0.000
 231 Q   0.99535 0.00459 0.00006 ( 1)  0.080  0.000
 232 L   0.98756 0.01215 0.00029 ( 1)  0.088  0.000
 233 R   0.98261 0.01619 0.00120 ( 1)  0.094  0.001
 234 F   0.99011 0.00974 0.00015 ( 1)  0.085  0.000
 235 L   0.86397 0.13257 0.00346 ( 1)  0.209  0.003
 236 G   0.99418 0.00574 0.00008 ( 1)  0.081  0.000
 237 F   0.99705 0.00293 0.00002 ( 1)  0.078  0.000
 238 K   0.87142 0.12472 0.00386 ( 1)  0.203  0.004
 239 N   0.60683 0.38657 0.00660 ( 1)  0.454  0.007
 240 E   0.54676 0.42894 0.02431 ( 1)  0.550  0.024
 241 P   0.99336 0.00653 0.00010 ( 1)  0.082  0.000
 242 A   0.93919 0.05951 0.00130 ( 1)  0.135  0.001
 243 D   0.99224 0.00764 0.00013 ( 1)  0.083  0.000
 244 F   0.99705 0.00293 0.00002 ( 1)  0.078  0.000
 245 Y   0.99584 0.00412 0.00004 ( 1)  0.079  0.000
 246 L   0.98756 0.01215 0.00029 ( 1)  0.088  0.000
 247 R   0.96997 0.02965 0.00038 ( 1)  0.104  0.000
 248 P   0.99232 0.00755 0.00013 ( 1)  0.083  0.000
 249 V   0.93558 0.06325 0.00117 ( 1)  0.138  0.001
 250 L   0.98756 0.01215 0.00029 ( 1)  0.088  0.000
 251 Q   0.89051 0.10707 0.00242 ( 1)  0.182  0.002
 252 K   0.87798 0.11766 0.00437 ( 1)  0.198  0.004
 253 Q   0.99535 0.00459 0.00006 ( 1)  0.080  0.000
 254 E   0.99610 0.00386 0.00004 ( 1)  0.079  0.000
 255 A   0.36676 0.60925 0.02399 ( 2)  0.716  0.024
 256 L   0.99018 0.00958 0.00023 ( 1)  0.085  0.000
 257 Q   0.99528 0.00466 0.00006 ( 1)  0.080  0.000
 258 S   0.81967 0.17258 0.00775 ( 1)  0.260  0.008
 259 H   0.90379 0.09357 0.00264 ( 1)  0.170  0.003
 260 H   0.50296 0.48726 0.00978 ( 1)  0.557  0.010
 261 I   0.99648 0.00349 0.00004 ( 1)  0.079  0.000
 262 C   0.99648 0.00349 0.00003 ( 1)  0.079  0.000
 263 I   0.99648 0.00349 0.00004 ( 1)  0.079  0.000
 264 G   0.94699 0.05101 0.00200 ( 1)  0.129  0.002
 265 N   0.97049 0.02919 0.00032 ( 1)  0.103  0.000
 266 E   0.99610 0.00386 0.00004 ( 1)  0.079  0.000
 267 V   0.47897 0.49054 0.03049 ( 2)  0.627  0.030
 268 A   0.99353 0.00634 0.00013 ( 1)  0.082  0.000
 269 P   0.28482 0.67694 0.03824 ( 2)  0.824  0.038
 270 A   0.99385 0.00606 0.00009 ( 1)  0.081  0.000
 271 R   0.96997 0.02965 0.00038 ( 1)  0.104  0.000
 272 M   0.99739 0.00258 0.00002 ( 1)  0.078  0.000
 273 L   0.99271 0.00718 0.00012 ( 1)  0.082  0.000
 274 T   0.23148 0.69291 0.07561 ( 2)  0.958  0.076
 275 A   0.91668 0.07867 0.00465 ( 1)  0.163  0.005
 276 I   0.95573 0.04363 0.00064 ( 1)  0.118  0.001
 277 K   0.99614 0.00383 0.00004 ( 1)  0.079  0.000
 278 D   0.99670 0.00327 0.00003 ( 1)  0.078  0.000
 279 M   0.89674 0.10114 0.00211 ( 1)  0.176  0.002
 280 F   0.99705 0.00293 0.00002 ( 1)  0.078  0.000
 281 S   0.89149 0.10540 0.00311 ( 1)  0.183  0.003
 282 M   0.92313 0.07473 0.00214 ( 1)  0.151  0.002
 283 Y   0.92246 0.07500 0.00254 ( 1)  0.153  0.003
 284 P   0.97829 0.02097 0.00074 ( 1)  0.097  0.001
 285 D   0.99670 0.00327 0.00003 ( 1)  0.078  0.000
 286 R   0.97684 0.02207 0.00109 ( 1)  0.099  0.001
 287 P   0.99303 0.00683 0.00014 ( 1)  0.082  0.000
 288 K   0.99614 0.00383 0.00004 ( 1)  0.079  0.000
 289 F   0.99705 0.00293 0.00002 ( 1)  0.078  0.000
 290 A   0.99385 0.00606 0.00009 ( 1)  0.081  0.000
 291 F   0.99705 0.00293 0.00002 ( 1)  0.078  0.000
 292 S   0.93497 0.06408 0.00096 ( 1)  0.138  0.001
 293 F   0.99441 0.00551 0.00008 ( 1)  0.081  0.000
 294 F   0.99705 0.00293 0.00002 ( 1)  0.078  0.000
 295 S   0.96009 0.03873 0.00118 ( 1)  0.115  0.001
 296 S   0.96744 0.03155 0.00102 ( 1)  0.108  0.001
 297 L   0.98538 0.01426 0.00036 ( 1)  0.090  0.000
 298 S   0.98335 0.01625 0.00040 ( 1)  0.092  0.000
 299 H   0.99637 0.00359 0.00004 ( 1)  0.079  0.000
 300 E   0.99610 0.00386 0.00004 ( 1)  0.079  0.000
 301 S   0.91598 0.08206 0.00196 ( 1)  0.158  0.002
 302 K   0.74060 0.24791 0.01150 ( 1)  0.341  0.011
 303 D   0.99670 0.00327 0.00003 ( 1)  0.078  0.000
 304 L   0.99018 0.00958 0.00023 ( 1)  0.085  0.000
 305 T   0.56936 0.39022 0.04041 ( 1)  0.566  0.040
 306 P   0.99303 0.00683 0.00014 ( 1)  0.082  0.000
 307 M   0.99739 0.00258 0.00002 ( 1)  0.078  0.000
 308 D   0.99670 0.00327 0.00003 ( 1)  0.078  0.000
 309 A   0.96276 0.03579 0.00145 ( 1)  0.113  0.001
 310 E   0.99610 0.00386 0.00004 ( 1)  0.079  0.000
 311 L   0.99062 0.00916 0.00023 ( 1)  0.085  0.000
 312 T   0.65782 0.33572 0.00645 ( 1)  0.406  0.006
 313 D   0.72576 0.27001 0.00423 ( 1)  0.339  0.004
 314 F   0.99705 0.00293 0.00002 ( 1)  0.078  0.000
 315 L   0.98756 0.01215 0.00029 ( 1)  0.088  0.000
 316 K   0.51988 0.46524 0.01488 ( 1)  0.553  0.015
 317 W   0.99442 0.00554 0.00005 ( 1)  0.081  0.000
 318 F   0.99705 0.00293 0.00002 ( 1)  0.078  0.000
 319 V   0.88375 0.11387 0.00238 ( 1)  0.188  0.002
 320 S   0.57208 0.42044 0.00748 ( 1)  0.488  0.007
 321 E   0.87960 0.11780 0.00261 ( 1)  0.193  0.003
 322 N   0.99680 0.00317 0.00003 ( 1)  0.078  0.000
 323 L   0.99271 0.00718 0.00012 ( 1)  0.082  0.000
 324 I   0.95093 0.04848 0.00059 ( 1)  0.122  0.001
 325 S   0.99696 0.00301 0.00003 ( 1)  0.078  0.000
 326 N   0.99680 0.00317 0.00003 ( 1)  0.078  0.000
 327 T   0.99374 0.00614 0.00012 ( 1)  0.081  0.000
 328 T   0.86321 0.13216 0.00463 ( 1)  0.212  0.005
 329 L   0.93271 0.06621 0.00108 ( 1)  0.140  0.001
 330 I   0.99147 0.00838 0.00015 ( 1)  0.084  0.000
 331 L   0.98756 0.01215 0.00029 ( 1)  0.088  0.000
 332 M   0.99739 0.00258 0.00002 ( 1)  0.078  0.000
 333 S   0.99281 0.00710 0.00009 ( 1)  0.082  0.000
 334 D   0.99670 0.00327 0.00003 ( 1)  0.078  0.000
 335 H   0.99637 0.00359 0.00004 ( 1)  0.079  0.000
 336 G   0.98683 0.01278 0.00039 ( 1)  0.088  0.000
 337 Q   0.99535 0.00459 0.00006 ( 1)  0.080  0.000
 338 R   0.97689 0.02193 0.00117 ( 1)  0.099  0.001
 339 L   0.93279 0.06615 0.00106 ( 1)  0.140  0.001
 340 G   0.96092 0.03798 0.00110 ( 1)  0.114  0.001
 341 P   0.99232 0.00755 0.00013 ( 1)  0.083  0.000
 342 L   0.98504 0.01451 0.00045 ( 1)  0.090  0.000
 343 R   0.99414 0.00579 0.00007 ( 1)  0.081  0.000
 344 N   0.99680 0.00317 0.00003 ( 1)  0.078  0.000
 345 S   0.99317 0.00670 0.00013 ( 1)  0.082  0.000
 346 M   0.99739 0.00258 0.00002 ( 1)  0.078  0.000
 347 Q   0.99535 0.00459 0.00006 ( 1)  0.080  0.000
 348 G   0.99418 0.00574 0.00008 ( 1)  0.081  0.000
 349 K   0.99614 0.00383 0.00004 ( 1)  0.079  0.000
 350 L   0.98756 0.01215 0.00029 ( 1)  0.088  0.000
 351 E   0.99610 0.00386 0.00004 ( 1)  0.079  0.000
 352 E   0.99610 0.00386 0.00004 ( 1)  0.079  0.000
 353 S   0.99281 0.00710 0.00009 ( 1)  0.082  0.000
 354 L   0.97505 0.02392 0.00103 ( 1)  0.101  0.001
 355 P   0.99232 0.00755 0.00013 ( 1)  0.083  0.000
 356 L   0.99271 0.00718 0.00012 ( 1)  0.082  0.000
 357 M   0.99739 0.00258 0.00002 ( 1)  0.078  0.000
 358 T   0.82380 0.16863 0.00757 ( 1)  0.256  0.008
 359 V   0.95714 0.04226 0.00059 ( 1)  0.116  0.001
 360 A   0.99297 0.00691 0.00011 ( 1)  0.082  0.000
 361 L   0.98756 0.01215 0.00029 ( 1)  0.088  0.000
 362 S   0.99282 0.00707 0.00011 ( 1)  0.082  0.000
 363 R   0.98443 0.01510 0.00047 ( 1)  0.091  0.000
 364 Q   0.99535 0.00459 0.00006 ( 1)  0.080  0.000
 365 L   0.99010 0.00965 0.00025 ( 1)  0.085  0.000
 366 E   0.66420 0.33104 0.00476 ( 1)  0.397  0.005
 367 A   0.36311 0.60867 0.02822 ( 2)  0.729  0.028
 368 R   0.99116 0.00864 0.00019 ( 1)  0.084  0.000
 369 L   0.22464 0.72190 0.05345 ( 2)  0.914  0.053
 370 P   0.08077 0.74428 0.17495 ( 2)  1.325  0.175
 371 R   0.00584 0.53261 0.46155 ( 2)  2.048  0.462
 372 A   0.98729 0.01230 0.00041 ( 1)  0.088  0.000
 373 R   0.19124 0.72901 0.07975 ( 2)  1.005  0.080
 374 Q   0.94525 0.05388 0.00087 ( 1)  0.128  0.001
 375 T   0.33549 0.59226 0.07225 ( 2)  0.855  0.072
 376 L   0.98756 0.01215 0.00029 ( 1)  0.088  0.000
 377 A   0.48844 0.50131 0.01025 ( 2)  0.572  0.010
 378 T   0.99427 0.00565 0.00008 ( 1)  0.081  0.000
 379 N   0.99462 0.00529 0.00009 ( 1)  0.081  0.000
 380 R   0.19124 0.72901 0.07975 ( 2)  1.005  0.080
 381 N   0.99195 0.00792 0.00013 ( 1)  0.083  0.000
 382 R   0.94727 0.04922 0.00351 ( 1)  0.132  0.004
 383 L   0.99062 0.00916 0.00023 ( 1)  0.085  0.000
 384 T   0.98360 0.01592 0.00048 ( 1)  0.092  0.000
 385 I   0.79910 0.19332 0.00758 ( 1)  0.278  0.008
 386 P   0.98959 0.01018 0.00023 ( 1)  0.086  0.000
 387 T   0.59974 0.38991 0.01035 ( 1)  0.469  0.010
 388 D   0.99670 0.00327 0.00003 ( 1)  0.078  0.000
 389 I   0.98024 0.01942 0.00033 ( 1)  0.094  0.000
 390 H   0.99637 0.00359 0.00004 ( 1)  0.079  0.000
 391 R   0.98806 0.01169 0.00025 ( 1)  0.087  0.000
 392 T   0.96144 0.03732 0.00124 ( 1)  0.114  0.001
 393 L   0.98756 0.01215 0.00029 ( 1)  0.088  0.000
 394 L   0.98538 0.01426 0.00036 ( 1)  0.090  0.000
 395 S   0.96903 0.03064 0.00033 ( 1)  0.105  0.000
 396 I   0.64605 0.33565 0.01830 ( 1)  0.444  0.018
 397 A   0.57568 0.38316 0.04117 ( 1)  0.562  0.041
 398 G   0.94699 0.05101 0.00200 ( 1)  0.129  0.002
 399 A   0.31632 0.63223 0.05145 ( 2)  0.825  0.051
 400 A   0.96641 0.03181 0.00178 ( 1)  0.110  0.002
 401 A   0.98729 0.01230 0.00041 ( 1)  0.088  0.000
 402 A   0.00310 0.43725 0.55965 ( 3)  2.274  0.560
 403 A   0.90819 0.08964 0.00217 ( 1)  0.165  0.002
 404 D   0.93655 0.06249 0.00096 ( 1)  0.136  0.001
 405 K   0.69834 0.29681 0.00485 ( 1)  0.365  0.005
 406 F   0.95244 0.04685 0.00071 ( 1)  0.121  0.001
 407 R   0.77498 0.21355 0.01147 ( 1)  0.310  0.011
 408 S   0.99281 0.00710 0.00009 ( 1)  0.082  0.000
 409 Y   0.99584 0.00412 0.00004 ( 1)  0.079  0.000
 410 S   0.98697 0.01278 0.00024 ( 1)  0.088  0.000
 411 L   0.98578 0.01384 0.00038 ( 1)  0.089  0.000
 412 I   0.99648 0.00349 0.00004 ( 1)  0.079  0.000
 413 D   0.98333 0.01641 0.00026 ( 1)  0.091  0.000
 414 E   0.99610 0.00386 0.00004 ( 1)  0.079  0.000
 415 E   0.73808 0.25055 0.01137 ( 1)  0.343  0.011
 416 V   0.96346 0.03508 0.00146 ( 1)  0.112  0.001
 417 P   0.99293 0.00692 0.00014 ( 1)  0.082  0.000
 418 E   0.99610 0.00386 0.00004 ( 1)  0.079  0.000
 419 T   0.98612 0.01351 0.00037 ( 1)  0.089  0.000
 420 R   0.95442 0.04318 0.00239 ( 1)  0.123  0.002
 421 G   0.95755 0.04192 0.00053 ( 1)  0.116  0.001
 422 C   0.99648 0.00349 0.00003 ( 1)  0.079  0.000
 423 S   0.92872 0.06816 0.00312 ( 1)  0.148  0.003
 424 D   0.23938 0.63673 0.12390 ( 2)  1.061  0.124
 425 A   0.99297 0.00691 0.00011 ( 1)  0.082  0.000
 426 G   0.99418 0.00574 0.00008 ( 1)  0.081  0.000
 427 I   0.99147 0.00838 0.00015 ( 1)  0.084  0.000
 428 P   0.99232 0.00755 0.00013 ( 1)  0.083  0.000
 429 A   0.67469 0.30035 0.02496 ( 1)  0.433  0.025
 430 H   0.99637 0.00359 0.00004 ( 1)  0.079  0.000
 431 W   0.99442 0.00554 0.00005 ( 1)  0.081  0.000
 432 C   0.99648 0.00349 0.00003 ( 1)  0.079  0.000
 433 S   0.99281 0.00710 0.00009 ( 1)  0.082  0.000
 434 C   0.96479 0.03478 0.00044 ( 1)  0.109  0.000
 435 L   0.98756 0.01215 0.00029 ( 1)  0.088  0.000
 436 S   0.90621 0.09125 0.00254 ( 1)  0.168  0.003
 437 S   0.51965 0.44062 0.03972 ( 1)  0.610  0.040
 438 E   0.96353 0.03604 0.00043 ( 1)  0.110  0.000
 439 K   0.99614 0.00383 0.00004 ( 1)  0.079  0.000
 440 M   0.93040 0.06812 0.00148 ( 1)  0.143  0.001
 441 Q   0.97714 0.02255 0.00032 ( 1)  0.097  0.000
 442 H   0.47874 0.50109 0.02016 ( 2)  0.603  0.020
 443 P   0.99232 0.00755 0.00013 ( 1)  0.083  0.000
 444 E   0.36909 0.61945 0.01147 ( 2)  0.685  0.011
 445 S   0.09940 0.81713 0.08347 ( 2)  1.099  0.083
 446 E   0.73182 0.26395 0.00423 ( 1)  0.333  0.004
 447 Q   0.94525 0.05388 0.00087 ( 1)  0.128  0.001
 448 L   0.98756 0.01215 0.00029 ( 1)  0.088  0.000
 449 P   0.91568 0.08265 0.00167 ( 1)  0.157  0.002
 450 V   0.99257 0.00731 0.00012 ( 1)  0.083  0.000
 451 R   0.96997 0.02965 0.00038 ( 1)  0.104  0.000
 452 A   0.98809 0.01159 0.00032 ( 1)  0.087  0.000
 453 A   0.96276 0.03579 0.00145 ( 1)  0.113  0.001
 454 Q   0.92726 0.07142 0.00133 ( 1)  0.146  0.001
 455 F   0.99431 0.00561 0.00008 ( 1)  0.081  0.000
 456 A   0.96641 0.03181 0.00178 ( 1)  0.110  0.002
 457 V   0.99257 0.00731 0.00012 ( 1)  0.083  0.000
 458 A   0.45128 0.53609 0.01263 ( 2)  0.612  0.013
 459 Q   0.99535 0.00459 0.00006 ( 1)  0.080  0.000
 460 M   0.99739 0.00258 0.00002 ( 1)  0.078  0.000
 461 N   0.99680 0.00317 0.00003 ( 1)  0.078  0.000
 462 L   0.70654 0.28489 0.00857 ( 1)  0.366  0.009
 463 A   0.99385 0.00606 0.00009 ( 1)  0.081  0.000
 464 T   0.98526 0.01425 0.00049 ( 1)  0.090  0.000
 465 A   0.88051 0.11706 0.00244 ( 1)  0.191  0.002
 466 G   0.38447 0.59460 0.02093 ( 2)  0.692  0.021
 467 F   0.99705 0.00293 0.00002 ( 1)  0.078  0.000
 468 R   0.97383 0.02521 0.00095 ( 1)  0.102  0.001
 469 N   0.95321 0.04620 0.00059 ( 1)  0.120  0.001
 470 A   0.46149 0.52325 0.01526 ( 2)  0.608  0.015
 471 C   0.99648 0.00349 0.00003 ( 1)  0.079  0.000
 472 A   0.00152 0.64027 0.35821 ( 2)  1.816  0.358
 473 E   0.99610 0.00386 0.00004 ( 1)  0.079  0.000
 474 L   0.98756 0.01215 0.00029 ( 1)  0.088  0.000
 475 R   0.93035 0.06844 0.00122 ( 1)  0.143  0.001
 476 L   0.98661 0.01300 0.00039 ( 1)  0.089  0.000
 477 D   0.86759 0.12863 0.00378 ( 1)  0.206  0.004
 478 S   0.91494 0.08304 0.00202 ( 1)  0.159  0.002
 479 I   0.95573 0.04363 0.00064 ( 1)  0.118  0.001
 480 G   0.23554 0.70609 0.05837 ( 2)  0.915  0.058
 481 E   0.99426 0.00565 0.00009 ( 1)  0.081  0.000
 482 A   0.99353 0.00634 0.00013 ( 1)  0.082  0.000
 483 D   0.90393 0.09120 0.00487 ( 1)  0.175  0.005
 484 V   0.99332 0.00655 0.00013 ( 1)  0.082  0.000
 485 T   0.64237 0.30795 0.04968 ( 1)  0.519  0.050
 486 R   0.08811 0.66092 0.25097 ( 2)  1.491  0.251
 487 A   0.20404 0.62978 0.16618 ( 2)  1.191  0.166
 488 S   0.99696 0.00301 0.00003 ( 1)  0.078  0.000
 489 N   0.00011 0.37565 0.62424 ( 3)  2.424  0.624
 490 D   0.87258 0.12002 0.00740 ( 1)  0.210  0.007
 491 L   0.98580 0.01369 0.00051 ( 1)  0.090  0.001
 492 A   0.75187 0.22030 0.02783 ( 1)  0.368  0.028
 493 Q   0.08590 0.53329 0.38080 ( 2)  1.789  0.381
 494 R   0.98806 0.01142 0.00053 ( 1)  0.088  0.001
 495 K   0.92034 0.07683 0.00283 ( 1)  0.155  0.003
 496 R   0.99353 0.00638 0.00009 ( 1)  0.082  0.000
 497 F   0.53876 0.40894 0.05230 ( 1)  0.621  0.052
 498 A   0.64734 0.30819 0.04447 ( 1)  0.503  0.044
 499 L   0.35186 0.56105 0.08709 ( 2)  0.873  0.087
 500 T   0.02600 0.69425 0.27975 ( 2)  1.614  0.280
 501 T   0.00031 0.27379 0.72590 ( 3)  2.656  0.726
 502 T   0.00053 0.20564 0.79383 ( 3)  2.811  0.794
 503 D   0.31020 0.60166 0.08814 ( 2)  0.914  0.088
 504 L   0.00013 0.20636 0.79351 ( 3)  2.811  0.794
 505 S   0.00015 0.16850 0.83135 ( 3)  2.897  0.831
 506 V   0.71883 0.24821 0.03296 ( 1)  0.411  0.033
 507 R   0.00042 0.29648 0.70310 ( 3)  2.604  0.703
 508 A   0.98980 0.00995 0.00025 ( 1)  0.085  0.000
 509 S   0.29219 0.57058 0.13723 ( 2)  1.043  0.137
 510 G   0.99161 0.00823 0.00016 ( 1)  0.083  0.000
 511 Y   0.99584 0.00412 0.00004 ( 1)  0.079  0.000
 512 V   0.33104 0.59113 0.07783 ( 2)  0.871  0.078
 513 T   0.99366 0.00623 0.00012 ( 1)  0.081  0.000
 514 S   0.00541 0.45314 0.54145 ( 3)  2.230  0.541
 515 R   0.98002 0.01938 0.00060 ( 1)  0.095  0.001
 516 F   0.92835 0.06989 0.00177 ( 1)  0.146  0.002
 517 R   0.00729 0.61672 0.37599 ( 2)  1.851  0.376
 518 T   0.65061 0.29680 0.05259 ( 1)  0.518  0.053
 519 S   0.00101 0.54920 0.44980 ( 2)  2.025  0.450
 520 P   0.98584 0.01372 0.00044 ( 1)  0.089  0.000
 521 N   0.92631 0.07149 0.00220 ( 1)  0.149  0.002
 522 E   0.00506 0.44802 0.54692 ( 3)  2.243  0.547
 523 G   0.99092 0.00890 0.00018 ( 1)  0.084  0.000
 524 Q   0.70340 0.26294 0.03366 ( 1)  0.426  0.034
 525 Y   0.85968 0.13033 0.00999 ( 1)  0.228  0.010
 526 E   0.98516 0.01464 0.00020 ( 1)  0.090  0.000
 527 A   0.99354 0.00634 0.00012 ( 1)  0.082  0.000
 528 T   0.78327 0.19064 0.02609 ( 1)  0.335  0.026
 529 V   0.82262 0.16541 0.01197 ( 1)  0.267  0.012
 530 Q   0.69649 0.27334 0.03017 ( 1)  0.425  0.030
 531 F   0.99705 0.00293 0.00002 ( 1)  0.078  0.000
 532 T   0.01869 0.74194 0.23936 ( 2)  1.529  0.239
 533 L   0.98550 0.01386 0.00064 ( 1)  0.090  0.001
 534 L   0.98872 0.01100 0.00028 ( 1)  0.086  0.000
 535 N   0.00061 0.37862 0.62077 ( 3)  2.416  0.621
 536 F   0.89391 0.09997 0.00612 ( 1)  0.187  0.006
 537 E   0.00090 0.63589 0.36321 ( 2)  1.828  0.363
 538 Q   0.00373 0.67673 0.31954 ( 2)  1.726  0.320
 539 L   0.00017 0.18631 0.81352 ( 3)  2.856  0.814
 540 G   0.00423 0.45353 0.54224 ( 3)  2.233  0.542
 541 E   0.99418 0.00573 0.00009 ( 1)  0.081  0.000
 542 S   0.00038 0.25137 0.74825 ( 3)  2.707  0.748
 543 S   0.99453 0.00539 0.00008 ( 1)  0.081  0.000
 544 R   0.98826 0.01124 0.00050 ( 1)  0.087  0.001
 545 I   0.84690 0.14333 0.00977 ( 1)  0.239  0.010
 546 N   0.99073 0.00914 0.00014 ( 1)  0.084  0.000
 547 K   0.67459 0.27650 0.04891 ( 1)  0.488  0.049
 548 Y   0.99584 0.00412 0.00004 ( 1)  0.079  0.000
 549 G   0.99145 0.00837 0.00018 ( 1)  0.084  0.000
 550 S   0.81646 0.16478 0.01875 ( 1)  0.288  0.019
 551 Q   0.21455 0.63207 0.15338 ( 2)  1.152  0.153
 552 A   0.98601 0.01360 0.00039 ( 1)  0.089  0.000
 553 N   0.01803 0.54854 0.43343 ( 2)  1.972  0.433
 554 C   0.99409 0.00584 0.00007 ( 1)  0.081  0.000
 555 V   0.02309 0.55614 0.42077 ( 2)  1.939  0.421
 556 V   0.06009 0.55790 0.38200 ( 2)  1.816  0.382
 557 T   0.00058 0.35623 0.64319 ( 3)  2.467  0.643
 558 R   0.07222 0.67701 0.25077 ( 2)  1.505  0.251
 559 A   0.00009 0.19285 0.80707 ( 3)  2.841  0.807
 560 P   0.97056 0.02840 0.00103 ( 1)  0.105  0.001
 561 H   0.15152 0.67432 0.17415 ( 2)  1.257  0.174
 562 L   0.98580 0.01369 0.00051 ( 1)  0.090  0.001
 563 R   0.98211 0.01718 0.00071 ( 1)  0.094  0.001
 564 K   0.99403 0.00589 0.00009 ( 1)  0.081  0.000
 565 F   0.98562 0.01420 0.00018 ( 1)  0.089  0.000
 566 C   0.99648 0.00349 0.00003 ( 1)  0.079  0.000
 567 Y   0.15109 0.58400 0.26491 ( 2)  1.465  0.265
 568 C   0.99360 0.00633 0.00007 ( 1)  0.081  0.000

Positively selected sites

	Prob(w>1)  mean w

     5 T      0.615         2.403
    30 S      0.577         2.316
    53 A      0.589         2.338
   227 F      0.621         2.412
   402 A      0.560         2.274
   489 N      0.624         2.424
   501 T      0.726         2.656
   502 T      0.794         2.811
   504 L      0.794         2.811
   505 S      0.831         2.897
   507 R      0.703         2.604
   514 S      0.541         2.230
   522 E      0.547         2.243
   535 N      0.621         2.416
   539 L      0.814         2.856
   540 G      0.542         2.233
   542 S      0.748         2.707
   557 T      0.643         2.467
   559 A      0.807         2.841


lnL = -5371.892191

Bayes Empirical Bayes (BEB) probabilities for 3 classes (class) & postmean_w
(amino acids refer to 1st sequence: Msl.12801)

   1 S   0.02953 0.72737 0.24310 ( 2)  1.661 +-  1.395
   2 S   0.09498 0.84571 0.05931 ( 2)  1.034 +-  0.648
   3 R   0.04194 0.73747 0.22059 ( 2)  1.554 +-  1.290
   4 C   0.98138 0.01843 0.00020 ( 1)  0.068 +-  0.133
   5 T   0.00014 0.54683 0.45303 ( 2)  2.360 +-  1.739
   6 P   0.63035 0.35914 0.01051 ( 1)  0.420 +-  0.525
   7 P   0.98949 0.01037 0.00014 ( 1)  0.060 +-  0.102
   8 D   0.26243 0.71567 0.02190 ( 2)  0.788 +-  0.530
   9 L   0.97953 0.02003 0.00044 ( 1)  0.070 +-  0.147
  10 Q   0.64331 0.34095 0.01574 ( 1)  0.421 +-  0.575
  11 L   0.41053 0.54022 0.04925 ( 2)  0.724 +-  0.794
  12 Y   0.00030 0.72373 0.27597 ( 2)  1.739 +-  1.355
  13 S   0.18748 0.76112 0.05140 ( 2)  0.933 +-  0.690
  14 R   0.17961 0.79011 0.03028 ( 2)  0.886 +-  0.539
  15 F   0.87481 0.12256 0.00262 ( 1)  0.173 +-  0.341
  16 I   0.84496 0.15166 0.00337 ( 1)  0.203 +-  0.374
  17 R   0.31564 0.60332 0.08104 ( 2)  0.899 +-  0.938
  18 D   0.66747 0.31689 0.01565 ( 1)  0.401 +-  0.586
  19 R   0.06753 0.85014 0.08233 ( 2)  1.129 +-  0.787
  20 R   0.98461 0.01504 0.00035 ( 1)  0.065 +-  0.130
  21 P   0.99077 0.00913 0.00011 ( 1)  0.059 +-  0.094
  22 A   0.00405 0.83348 0.16247 ( 2)  1.407 +-  1.057
  23 V   0.01557 0.93334 0.05109 ( 2)  1.089 +-  0.533
  24 I   0.79591 0.19955 0.00454 ( 1)  0.252 +-  0.420
  25 P   0.98949 0.01037 0.00014 ( 1)  0.060 +-  0.102
  26 A   0.98634 0.01346 0.00020 ( 1)  0.063 +-  0.116
  27 D   0.99308 0.00685 0.00007 ( 1)  0.057 +-  0.081
  28 L   0.17917 0.77881 0.04202 ( 2)  0.915 +-  0.616
  29 C   0.99084 0.00908 0.00008 ( 1)  0.059 +-  0.093
  30 S   0.00001 0.62385 0.37614 ( 2)  2.046 +-  1.546
  31 K   0.29096 0.60186 0.10718 ( 2)  0.993 +-  1.045
  32 R   0.74114 0.25242 0.00644 ( 1)  0.307 +-  0.466
  33 G   0.16988 0.78605 0.04408 ( 2)  0.931 +-  0.632
  34 S   0.01106 0.93853 0.05041 ( 2)  1.089 +-  0.510
  35 P   0.00438 0.91070 0.08492 ( 2)  1.183 +-  0.705
  36 N   0.99243 0.00748 0.00009 ( 1)  0.057 +-  0.086
  37 W   0.99193 0.00802 0.00005 ( 1)  0.058 +-  0.087
  38 L   0.97936 0.02019 0.00045 ( 1)  0.070 +-  0.148
  39 R   0.96363 0.03532 0.00104 ( 1)  0.086 +-  0.200
  40 V   0.98964 0.01023 0.00012 ( 1)  0.060 +-  0.100
  41 S   0.99028 0.00960 0.00012 ( 1)  0.059 +-  0.097
  42 Q   0.89104 0.10762 0.00134 ( 1)  0.155 +-  0.308
  43 S   0.99319 0.00675 0.00006 ( 1)  0.057 +-  0.080
  44 R   0.98188 0.01789 0.00023 ( 1)  0.068 +-  0.133
  45 V   0.99072 0.00915 0.00013 ( 1)  0.059 +-  0.096
  46 Q   0.30115 0.68682 0.01204 ( 2)  0.731 +-  0.486
  47 L   0.97585 0.02367 0.00048 ( 1)  0.074 +-  0.158
  48 L   0.02689 0.92550 0.04762 ( 2)  1.064 +-  0.489
  49 S   0.15322 0.82725 0.01953 ( 2)  0.886 +-  0.441
  50 Q   0.28506 0.69497 0.01997 ( 2)  0.763 +-  0.531
  51 F   0.72035 0.26845 0.01119 ( 1)  0.339 +-  0.528
  52 A   0.53086 0.44705 0.02209 ( 1)  0.543 +-  0.635
  53 A   0.00233 0.57284 0.42483 ( 2)  2.262 +-  1.703
  54 A   0.06571 0.85679 0.07750 ( 2)  1.105 +-  0.711
  55 N   0.85750 0.13973 0.00277 ( 1)  0.190 +-  0.357
  56 C   0.99504 0.00492 0.00004 ( 1)  0.055 +-  0.068
  57 S   0.64749 0.34151 0.01100 ( 1)  0.407 +-  0.539
  58 A   0.97991 0.01973 0.00036 ( 1)  0.070 +-  0.144
  59 E   0.99463 0.00532 0.00005 ( 1)  0.055 +-  0.071
  60 P   0.99077 0.00913 0.00011 ( 1)  0.059 +-  0.094
  61 V   0.99072 0.00915 0.00013 ( 1)  0.059 +-  0.096
  62 L   0.82683 0.17010 0.00307 ( 1)  0.219 +-  0.385
  63 R   0.70718 0.28553 0.00729 ( 1)  0.341 +-  0.485
  64 L   0.08971 0.73400 0.17629 ( 2)  1.395 +-  1.236
  65 D   0.99554 0.00442 0.00004 ( 1)  0.054 +-  0.065
  66 D   0.99064 0.00925 0.00011 ( 1)  0.059 +-  0.095
  67 H   0.91691 0.08215 0.00094 ( 1)  0.130 +-  0.272
  68 T   0.78168 0.21443 0.00389 ( 1)  0.263 +-  0.420
  69 S   0.99570 0.00427 0.00004 ( 1)  0.054 +-  0.064
  70 K   0.92722 0.07204 0.00073 ( 1)  0.120 +-  0.254
  71 F   0.99591 0.00406 0.00003 ( 1)  0.054 +-  0.062
  72 G   0.99190 0.00801 0.00009 ( 1)  0.058 +-  0.088
  73 S   0.99585 0.00412 0.00003 ( 1)  0.054 +-  0.062
  74 A   0.98298 0.01673 0.00029 ( 1)  0.067 +-  0.132
  75 Q   0.73862 0.25756 0.00382 ( 1)  0.304 +-  0.440
  76 P   0.97815 0.02145 0.00039 ( 1)  0.071 +-  0.150
  77 I   0.86206 0.13617 0.00176 ( 1)  0.184 +-  0.342
  78 R   0.93533 0.06274 0.00193 ( 1)  0.115 +-  0.265
  79 N   0.93772 0.06171 0.00057 ( 1)  0.110 +-  0.236
  80 G   0.97730 0.02225 0.00045 ( 1)  0.072 +-  0.153
  81 S   0.49211 0.50218 0.00570 ( 2)  0.540 +-  0.498
  82 E   0.83480 0.16183 0.00337 ( 1)  0.213 +-  0.382
  83 L   0.98225 0.01748 0.00027 ( 1)  0.067 +-  0.133
  84 P   0.99077 0.00913 0.00011 ( 1)  0.059 +-  0.094
  85 S   0.99259 0.00733 0.00008 ( 1)  0.057 +-  0.085
  86 L   0.98225 0.01748 0.00027 ( 1)  0.067 +-  0.133
  87 G   0.97730 0.02225 0.00045 ( 1)  0.072 +-  0.153
  88 F   0.99585 0.00412 0.00003 ( 1)  0.054 +-  0.062
  89 R   0.96175 0.03743 0.00082 ( 1)  0.088 +-  0.200
  90 A   0.97886 0.02072 0.00042 ( 1)  0.071 +-  0.148
  91 S   0.99319 0.00675 0.00006 ( 1)  0.057 +-  0.080
  92 C   0.99491 0.00505 0.00004 ( 1)  0.055 +-  0.069
  93 R   0.73898 0.25716 0.00386 ( 1)  0.304 +-  0.440
  94 S   0.98950 0.01040 0.00010 ( 1)  0.060 +-  0.100
  95 P   0.37491 0.57716 0.04793 ( 2)  0.758 +-  0.790
  96 D   0.99554 0.00442 0.00004 ( 1)  0.054 +-  0.065
  97 G   0.83220 0.16548 0.00232 ( 1)  0.213 +-  0.372
  98 T   0.99129 0.00860 0.00011 ( 1)  0.058 +-  0.092
  99 K   0.48494 0.50508 0.00998 ( 2)  0.554 +-  0.521
 100 H   0.99507 0.00489 0.00004 ( 1)  0.055 +-  0.068
 101 S   0.99585 0.00412 0.00003 ( 1)  0.054 +-  0.062
 102 S   0.99319 0.00675 0.00006 ( 1)  0.057 +-  0.080
 103 V   0.99072 0.00915 0.00013 ( 1)  0.059 +-  0.096
 104 Y   0.99412 0.00584 0.00004 ( 1)  0.056 +-  0.074
 105 Y   0.99412 0.00584 0.00004 ( 1)  0.056 +-  0.074
 106 G   0.97478 0.02477 0.00044 ( 1)  0.075 +-  0.160
 107 T   0.31527 0.67208 0.01265 ( 2)  0.720 +-  0.500
 108 R   0.90271 0.09627 0.00102 ( 1)  0.144 +-  0.291
 109 R   0.91943 0.07742 0.00315 ( 1)  0.133 +-  0.312
 110 L   0.21589 0.76838 0.01573 ( 2)  0.820 +-  0.466
 111 R   0.53914 0.45143 0.00943 ( 1)  0.503 +-  0.521
 112 D   0.09859 0.87954 0.02187 ( 2)  0.940 +-  0.398
 113 S   0.97709 0.02260 0.00031 ( 1)  0.072 +-  0.149
 114 Q   0.07938 0.87993 0.04069 ( 2)  1.002 +-  0.516
 115 L   0.22991 0.75254 0.01755 ( 2)  0.811 +-  0.489
 116 P   0.17864 0.80679 0.01457 ( 2)  0.852 +-  0.429
 117 P   0.03600 0.86578 0.09822 ( 2)  1.190 +-  0.798
 118 L   0.61132 0.38160 0.00707 ( 1)  0.430 +-  0.501
 119 R   0.57375 0.41681 0.00944 ( 1)  0.471 +-  0.525
 120 P   0.70223 0.28900 0.00877 ( 1)  0.350 +-  0.505
 121 G   0.91948 0.07966 0.00086 ( 1)  0.128 +-  0.267
 122 D   0.48964 0.50485 0.00551 ( 2)  0.542 +-  0.496
 123 A   0.15242 0.80886 0.03872 ( 2)  0.931 +-  0.572
 124 K   0.92722 0.07204 0.00073 ( 1)  0.120 +-  0.254
 125 R   0.76103 0.23411 0.00486 ( 1)  0.285 +-  0.442
 126 D   0.91623 0.08288 0.00088 ( 1)  0.131 +-  0.272
 127 S   0.01339 0.87687 0.10974 ( 2)  1.263 +-  0.905
 128 I   0.91211 0.08688 0.00101 ( 1)  0.135 +-  0.279
 129 I   0.99521 0.00474 0.00004 ( 1)  0.055 +-  0.067
 130 I   0.88207 0.11624 0.00169 ( 1)  0.165 +-  0.324
 131 L   0.98251 0.01723 0.00026 ( 1)  0.067 +-  0.131
 132 G   0.98108 0.01858 0.00034 ( 1)  0.069 +-  0.140
 133 L   0.97403 0.02541 0.00056 ( 1)  0.076 +-  0.166
 134 D   0.99554 0.00442 0.00004 ( 1)  0.054 +-  0.065
 135 S   0.98964 0.01027 0.00010 ( 1)  0.060 +-  0.099
 136 L   0.98618 0.01361 0.00021 ( 1)  0.063 +-  0.117
 137 S   0.99319 0.00675 0.00006 ( 1)  0.057 +-  0.080
 138 R   0.89703 0.09983 0.00313 ( 1)  0.154 +-  0.330
 139 L   0.98984 0.01004 0.00012 ( 1)  0.060 +-  0.099
 140 E   0.99463 0.00532 0.00005 ( 1)  0.055 +-  0.071
 141 S   0.98978 0.01011 0.00011 ( 1)  0.060 +-  0.099
 142 L   0.97895 0.02072 0.00034 ( 1)  0.071 +-  0.144
 143 R   0.98248 0.01726 0.00026 ( 1)  0.067 +-  0.131
 144 S   0.97553 0.02410 0.00037 ( 1)  0.074 +-  0.156
 145 L   0.98618 0.01361 0.00021 ( 1)  0.063 +-  0.117
 146 V   0.26915 0.71875 0.01210 ( 2)  0.762 +-  0.474
 147 N   0.04292 0.85988 0.09721 ( 2)  1.185 +-  0.813
 148 A   0.98376 0.01599 0.00025 ( 1)  0.066 +-  0.128
 149 S   0.99585 0.00412 0.00003 ( 1)  0.054 +-  0.062
 150 S   0.00632 0.81932 0.17436 ( 2)  1.459 +-  1.149
 151 L   0.74897 0.24664 0.00439 ( 1)  0.295 +-  0.442
 152 L   0.87363 0.12468 0.00169 ( 1)  0.173 +-  0.331
 153 R   0.54360 0.44171 0.01468 ( 1)  0.511 +-  0.565
 154 T   0.13149 0.83783 0.03068 ( 2)  0.933 +-  0.514
 155 Q   0.78672 0.21016 0.00312 ( 1)  0.257 +-  0.411
 156 L   0.96995 0.02934 0.00071 ( 1)  0.080 +-  0.179
 157 G   0.98108 0.01858 0.00034 ( 1)  0.069 +-  0.140
 158 A   0.99103 0.00885 0.00012 ( 1)  0.059 +-  0.094
 159 L   0.86718 0.13116 0.00166 ( 1)  0.179 +-  0.336
 160 S   0.87060 0.12787 0.00153 ( 1)  0.175 +-  0.331
 161 L   0.98618 0.01361 0.00021 ( 1)  0.063 +-  0.117
 162 L   0.79708 0.19991 0.00301 ( 1)  0.247 +-  0.404
 163 Q   0.99351 0.00643 0.00006 ( 1)  0.056 +-  0.078
 164 Y   0.99412 0.00584 0.00004 ( 1)  0.056 +-  0.074
 165 N   0.99565 0.00431 0.00004 ( 1)  0.054 +-  0.064
 166 I   0.99521 0.00474 0.00004 ( 1)  0.055 +-  0.067
 167 L   0.87363 0.12468 0.00169 ( 1)  0.173 +-  0.331
 168 G   0.92089 0.07730 0.00181 ( 1)  0.128 +-  0.282
 169 D   0.99554 0.00442 0.00004 ( 1)  0.054 +-  0.065
 170 G   0.99176 0.00815 0.00009 ( 1)  0.058 +-  0.089
 171 T   0.98100 0.01867 0.00033 ( 1)  0.069 +-  0.139
 172 P   0.99027 0.00960 0.00013 ( 1)  0.059 +-  0.098
 173 A   0.99131 0.00859 0.00010 ( 1)  0.058 +-  0.092
 174 A   0.96170 0.03755 0.00075 ( 1)  0.088 +-  0.198
 175 L   0.98210 0.01762 0.00028 ( 1)  0.067 +-  0.133
 176 V   0.79794 0.19860 0.00346 ( 1)  0.247 +-  0.407
 177 P   0.99074 0.00915 0.00011 ( 1)  0.059 +-  0.094
 178 I   0.99521 0.00474 0.00004 ( 1)  0.055 +-  0.067
 179 L   0.98618 0.01361 0.00021 ( 1)  0.063 +-  0.117
 180 T   0.99116 0.00872 0.00011 ( 1)  0.059 +-  0.093
 181 G   0.99051 0.00939 0.00010 ( 1)  0.059 +-  0.095
 182 T   0.00833 0.89993 0.09174 ( 2)  1.201 +-  0.754
 183 R   0.98248 0.01726 0.00026 ( 1)  0.067 +-  0.131
 184 E   0.99463 0.00532 0.00005 ( 1)  0.055 +-  0.071
 185 S   0.83146 0.16619 0.00236 ( 1)  0.214 +-  0.373
 186 D   0.99554 0.00442 0.00004 ( 1)  0.054 +-  0.065
 187 M   0.99649 0.00348 0.00003 ( 1)  0.053 +-  0.057
 188 P   0.99077 0.00913 0.00011 ( 1)  0.059 +-  0.094
 189 E   0.98834 0.01152 0.00014 ( 1)  0.061 +-  0.106
 190 A   0.37860 0.58899 0.03241 ( 2)  0.707 +-  0.660
 191 R   0.98701 0.01280 0.00019 ( 1)  0.063 +-  0.113
 192 R   0.11014 0.85405 0.03581 ( 2)  0.963 +-  0.518
 193 G   0.99190 0.00801 0.00009 ( 1)  0.058 +-  0.088
 194 F   0.99591 0.00406 0.00003 ( 1)  0.054 +-  0.062
 195 K   0.09512 0.87086 0.03402 ( 2)  0.972 +-  0.486
 196 G   0.92089 0.07730 0.00181 ( 1)  0.128 +-  0.282
 197 A   0.94485 0.05389 0.00126 ( 1)  0.105 +-  0.239
 198 R   0.96175 0.03743 0.00082 ( 1)  0.088 +-  0.200
 199 H   0.05113 0.89304 0.05583 ( 2)  1.062 +-  0.570
 200 L   0.98225 0.01748 0.00027 ( 1)  0.067 +-  0.133
 201 D   0.99064 0.00925 0.00011 ( 1)  0.059 +-  0.095
 202 E   0.92931 0.06992 0.00078 ( 1)  0.118 +-  0.252
 203 V   0.18203 0.80302 0.01495 ( 2)  0.849 +-  0.433
 204 M   0.67622 0.31530 0.00848 ( 1)  0.372 +-  0.502
 205 Q   0.85570 0.14239 0.00191 ( 1)  0.190 +-  0.350
 206 F   0.21244 0.77161 0.01594 ( 2)  0.822 +-  0.458
 207 I   0.99521 0.00474 0.00004 ( 1)  0.055 +-  0.067
 208 F   0.99591 0.00406 0.00003 ( 1)  0.054 +-  0.062
 209 H   0.24150 0.73357 0.02493 ( 2)  0.816 +-  0.542
 210 K   0.46713 0.52574 0.00714 ( 2)  0.566 +-  0.505
 211 L   0.98181 0.01790 0.00029 ( 1)  0.068 +-  0.135
 212 K   0.70435 0.29066 0.00499 ( 1)  0.338 +-  0.463
 213 E   0.92931 0.06992 0.00078 ( 1)  0.118 +-  0.252
 214 L   0.57445 0.41550 0.01005 ( 1)  0.471 +-  0.528
 215 G   0.99190 0.00801 0.00009 ( 1)  0.058 +-  0.088
 216 Y   0.87559 0.12302 0.00139 ( 1)  0.170 +-  0.324
 217 L   0.83413 0.16346 0.00241 ( 1)  0.211 +-  0.372
 218 T   0.94250 0.05636 0.00114 ( 1)  0.107 +-  0.240
 219 L   0.98225 0.01748 0.00027 ( 1)  0.067 +-  0.133
 220 Y   0.98102 0.01879 0.00019 ( 1)  0.068 +-  0.134
 221 G   0.94760 0.05151 0.00088 ( 1)  0.101 +-  0.225
 222 E   0.99463 0.00532 0.00005 ( 1)  0.055 +-  0.071
 223 E   0.99463 0.00532 0.00005 ( 1)  0.055 +-  0.071
 224 G   0.04014 0.79985 0.16001 ( 2)  1.358 +-  1.052
 225 S   0.00614 0.83325 0.16062 ( 2)  1.399 +-  1.052
 226 S   0.00052 0.83994 0.15954 ( 2)  1.399 +-  1.037
 227 F   0.00143 0.55049 0.44808 ( 2)  2.324 +-  1.704
 228 G   0.99107 0.00881 0.00012 ( 1)  0.059 +-  0.093
 229 T   0.98001 0.01966 0.00033 ( 1)  0.070 +-  0.142
 230 F   0.99591 0.00406 0.00003 ( 1)  0.054 +-  0.062
 231 Q   0.99351 0.00643 0.00006 ( 1)  0.056 +-  0.078
 232 L   0.98225 0.01748 0.00027 ( 1)  0.067 +-  0.133
 233 R   0.97542 0.02365 0.00092 ( 1)  0.075 +-  0.179
 234 F   0.98569 0.01416 0.00015 ( 1)  0.064 +-  0.117
 235 L   0.74178 0.25376 0.00446 ( 1)  0.302 +-  0.446
 236 G   0.99190 0.00801 0.00009 ( 1)  0.058 +-  0.088
 237 F   0.99591 0.00406 0.00003 ( 1)  0.054 +-  0.062
 238 K   0.75687 0.23848 0.00465 ( 1)  0.289 +-  0.441
 239 N   0.32611 0.66440 0.00949 ( 2)  0.703 +-  0.482
 240 E   0.27969 0.69733 0.02298 ( 2)  0.776 +-  0.554
 241 P   0.99077 0.00913 0.00011 ( 1)  0.059 +-  0.094
 242 A   0.88001 0.11820 0.00179 ( 1)  0.167 +-  0.326
 243 D   0.98903 0.01084 0.00013 ( 1)  0.061 +-  0.103
 244 F   0.99591 0.00406 0.00003 ( 1)  0.054 +-  0.062
 245 Y   0.99412 0.00584 0.00004 ( 1)  0.056 +-  0.074
 246 L   0.98225 0.01748 0.00027 ( 1)  0.067 +-  0.133
 247 R   0.95459 0.04492 0.00048 ( 1)  0.094 +-  0.204
 248 P   0.98924 0.01063 0.00013 ( 1)  0.060 +-  0.102
 249 V   0.87281 0.12548 0.00171 ( 1)  0.173 +-  0.332
 250 L   0.98225 0.01748 0.00027 ( 1)  0.067 +-  0.133
 251 Q   0.78860 0.20812 0.00328 ( 1)  0.256 +-  0.411
 252 K   0.76856 0.22638 0.00505 ( 1)  0.279 +-  0.441
 253 Q   0.99351 0.00643 0.00006 ( 1)  0.056 +-  0.078
 254 E   0.99463 0.00532 0.00005 ( 1)  0.055 +-  0.071
 255 A   0.15054 0.82812 0.02134 ( 2)  0.892 +-  0.451
 256 L   0.98618 0.01361 0.00021 ( 1)  0.063 +-  0.117
 257 Q   0.99341 0.00653 0.00006 ( 1)  0.056 +-  0.079
 258 S   0.67333 0.31827 0.00841 ( 1)  0.376 +-  0.508
 259 H   0.81407 0.18259 0.00333 ( 1)  0.232 +-  0.397
 260 H   0.23809 0.74980 0.01211 ( 2)  0.791 +-  0.455
 261 I   0.99521 0.00474 0.00004 ( 1)  0.055 +-  0.067
 262 C   0.99504 0.00492 0.00004 ( 1)  0.055 +-  0.068
 263 I   0.99521 0.00474 0.00004 ( 1)  0.055 +-  0.067
 264 G   0.92089 0.07730 0.00181 ( 1)  0.128 +-  0.282
 265 N   0.94127 0.05817 0.00056 ( 1)  0.107 +-  0.230
 266 E   0.99463 0.00532 0.00005 ( 1)  0.055 +-  0.071
 267 V   0.22620 0.74715 0.02665 ( 2)  0.835 +-  0.552
 268 A   0.99103 0.00885 0.00012 ( 1)  0.059 +-  0.094
 269 P   0.10780 0.86291 0.02929 ( 2)  0.950 +-  0.475
 270 A   0.99149 0.00841 0.00010 ( 1)  0.058 +-  0.090
 271 R   0.95459 0.04492 0.00048 ( 1)  0.094 +-  0.204
 272 M   0.99649 0.00348 0.00003 ( 1)  0.053 +-  0.057
 273 L   0.98984 0.01004 0.00012 ( 1)  0.060 +-  0.099
 274 T   0.08580 0.86568 0.04852 ( 2)  1.014 +-  0.566
 275 A   0.84330 0.15176 0.00494 ( 1)  0.208 +-  0.399
 276 I   0.91211 0.08688 0.00101 ( 1)  0.135 +-  0.279
 277 K   0.99465 0.00530 0.00005 ( 1)  0.055 +-  0.071
 278 D   0.99554 0.00442 0.00004 ( 1)  0.054 +-  0.065
 279 M   0.79932 0.19769 0.00299 ( 1)  0.245 +-  0.401
 280 F   0.99591 0.00406 0.00003 ( 1)  0.054 +-  0.062
 281 S   0.79057 0.20553 0.00389 ( 1)  0.255 +-  0.416
 282 M   0.84986 0.14745 0.00269 ( 1)  0.197 +-  0.365
 283 Y   0.84744 0.14952 0.00303 ( 1)  0.200 +-  0.370
 284 P   0.96841 0.03095 0.00064 ( 1)  0.081 +-  0.181
 285 D   0.99554 0.00442 0.00004 ( 1)  0.054 +-  0.065
 286 R   0.96687 0.03224 0.00089 ( 1)  0.083 +-  0.191
 287 P   0.99027 0.00960 0.00013 ( 1)  0.059 +-  0.098
 288 K   0.99465 0.00530 0.00005 ( 1)  0.055 +-  0.071
 289 F   0.99591 0.00406 0.00003 ( 1)  0.054 +-  0.062
 290 A   0.99149 0.00841 0.00010 ( 1)  0.058 +-  0.090
 291 F   0.99591 0.00406 0.00003 ( 1)  0.054 +-  0.062
 292 S   0.87060 0.12787 0.00153 ( 1)  0.175 +-  0.331
 293 F   0.99212 0.00780 0.00008 ( 1)  0.058 +-  0.087
 294 F   0.99591 0.00406 0.00003 ( 1)  0.054 +-  0.062
 295 S   0.92180 0.07673 0.00147 ( 1)  0.127 +-  0.274
 296 S   0.95165 0.04741 0.00093 ( 1)  0.098 +-  0.221
 297 L   0.97895 0.02072 0.00034 ( 1)  0.071 +-  0.144
 298 S   0.97553 0.02410 0.00037 ( 1)  0.074 +-  0.156
 299 H   0.99507 0.00489 0.00004 ( 1)  0.055 +-  0.068
 300 E   0.99463 0.00532 0.00005 ( 1)  0.055 +-  0.071
 301 S   0.83591 0.16149 0.00260 ( 1)  0.210 +-  0.373
 302 K   0.55970 0.42861 0.01170 ( 1)  0.489 +-  0.544
 303 D   0.99554 0.00442 0.00004 ( 1)  0.054 +-  0.065
 304 L   0.98618 0.01361 0.00021 ( 1)  0.063 +-  0.117
 305 T   0.37164 0.59649 0.03186 ( 2)  0.712 +-  0.652
 306 P   0.99027 0.00960 0.00013 ( 1)  0.059 +-  0.098
 307 M   0.99649 0.00348 0.00003 ( 1)  0.053 +-  0.057
 308 D   0.99554 0.00442 0.00004 ( 1)  0.054 +-  0.065
 309 A   0.94485 0.05389 0.00126 ( 1)  0.105 +-  0.239
 310 E   0.99463 0.00532 0.00005 ( 1)  0.055 +-  0.071
 311 L   0.98681 0.01299 0.00021 ( 1)  0.063 +-  0.115
 312 T   0.37857 0.61229 0.00914 ( 2)  0.654 +-  0.500
 313 D   0.45930 0.53372 0.00698 ( 2)  0.573 +-  0.502
 314 F   0.99591 0.00406 0.00003 ( 1)  0.054 +-  0.062
 315 L   0.98225 0.01748 0.00027 ( 1)  0.067 +-  0.133
 316 K   0.25291 0.73143 0.01567 ( 2)  0.784 +-  0.486
 317 W   0.99193 0.00802 0.00005 ( 1)  0.058 +-  0.087
 318 F   0.99591 0.00406 0.00003 ( 1)  0.054 +-  0.062
 319 V   0.77500 0.22164 0.00337 ( 1)  0.269 +-  0.419
 320 S   0.29290 0.69690 0.01020 ( 2)  0.736 +-  0.473
 321 E   0.76733 0.22907 0.00360 ( 1)  0.276 +-  0.425
 322 N   0.99565 0.00431 0.00004 ( 1)  0.054 +-  0.064
 323 L   0.98984 0.01004 0.00012 ( 1)  0.060 +-  0.099
 324 I   0.90204 0.09695 0.00101 ( 1)  0.144 +-  0.291
 325 S   0.99585 0.00412 0.00003 ( 1)  0.054 +-  0.062
 326 N   0.99565 0.00431 0.00004 ( 1)  0.054 +-  0.064
 327 T   0.99129 0.00860 0.00011 ( 1)  0.058 +-  0.092
 328 T   0.74289 0.25165 0.00546 ( 1)  0.304 +-  0.457
 329 L   0.86718 0.13116 0.00166 ( 1)  0.179 +-  0.336
 330 I   0.98788 0.01197 0.00015 ( 1)  0.062 +-  0.108
 331 L   0.98225 0.01748 0.00027 ( 1)  0.067 +-  0.133
 332 M   0.99649 0.00348 0.00003 ( 1)  0.053 +-  0.057
 333 S   0.98964 0.01027 0.00010 ( 1)  0.060 +-  0.099
 334 D   0.99554 0.00442 0.00004 ( 1)  0.054 +-  0.065
 335 H   0.99507 0.00489 0.00004 ( 1)  0.055 +-  0.068
 336 G   0.98108 0.01858 0.00034 ( 1)  0.069 +-  0.140
 337 Q   0.99351 0.00643 0.00006 ( 1)  0.056 +-  0.078
 338 R   0.96701 0.03206 0.00093 ( 1)  0.083 +-  0.191
 339 L   0.86722 0.13115 0.00163 ( 1)  0.178 +-  0.336
 340 G   0.94182 0.05711 0.00106 ( 1)  0.107 +-  0.238
 341 P   0.98924 0.01063 0.00013 ( 1)  0.060 +-  0.102
 342 L   0.97855 0.02106 0.00039 ( 1)  0.071 +-  0.148
 343 R   0.99177 0.00815 0.00008 ( 1)  0.058 +-  0.088
 344 N   0.99565 0.00431 0.00004 ( 1)  0.054 +-  0.064
 345 S   0.99028 0.00960 0.00012 ( 1)  0.059 +-  0.097
 346 M   0.99649 0.00348 0.00003 ( 1)  0.053 +-  0.057
 347 Q   0.99351 0.00643 0.00006 ( 1)  0.056 +-  0.078
 348 G   0.99190 0.00801 0.00009 ( 1)  0.058 +-  0.088
 349 K   0.99465 0.00530 0.00005 ( 1)  0.055 +-  0.071
 350 L   0.98225 0.01748 0.00027 ( 1)  0.067 +-  0.133
 351 E   0.99463 0.00532 0.00005 ( 1)  0.055 +-  0.071
 352 E   0.99463 0.00532 0.00005 ( 1)  0.055 +-  0.071
 353 S   0.98964 0.01027 0.00010 ( 1)  0.060 +-  0.099
 354 L   0.96375 0.03539 0.00086 ( 1)  0.086 +-  0.197
 355 P   0.98924 0.01063 0.00013 ( 1)  0.060 +-  0.102
 356 L   0.98984 0.01004 0.00012 ( 1)  0.060 +-  0.099
 357 M   0.99649 0.00348 0.00003 ( 1)  0.053 +-  0.057
 358 T   0.68108 0.31066 0.00826 ( 1)  0.368 +-  0.503
 359 V   0.91485 0.08421 0.00094 ( 1)  0.132 +-  0.275
 360 A   0.99020 0.00968 0.00012 ( 1)  0.059 +-  0.097
 361 L   0.98225 0.01748 0.00027 ( 1)  0.067 +-  0.133
 362 S   0.98978 0.01011 0.00011 ( 1)  0.060 +-  0.099
 363 R   0.97794 0.02164 0.00041 ( 1)  0.072 +-  0.150
 364 Q   0.99351 0.00643 0.00006 ( 1)  0.056 +-  0.078
 365 L   0.98607 0.01371 0.00022 ( 1)  0.064 +-  0.118
 366 E   0.38447 0.60790 0.00763 ( 2)  0.645 +-  0.492
 367 A   0.14851 0.82756 0.02393 ( 2)  0.901 +-  0.476
 368 R   0.98754 0.01228 0.00018 ( 1)  0.062 +-  0.111
 369 L   0.08040 0.88266 0.03694 ( 2)  0.993 +-  0.498
 370 P   0.02675 0.87711 0.09614 ( 2)  1.190 +-  0.772
 371 R   0.00146 0.70349 0.29505 ( 2)  1.831 +-  1.464
 372 A   0.98184 0.01781 0.00035 ( 1)  0.068 +-  0.138
 373 R   0.06768 0.88217 0.05016 ( 2)  1.036 +-  0.569
 374 Q   0.89104 0.10762 0.00134 ( 1)  0.155 +-  0.308
 375 T   0.13941 0.80850 0.05209 ( 2)  0.985 +-  0.685
 376 L   0.98225 0.01748 0.00027 ( 1)  0.067 +-  0.133
 377 A   0.22595 0.76164 0.01241 ( 2)  0.803 +-  0.449
 378 T   0.99205 0.00787 0.00009 ( 1)  0.058 +-  0.087
 379 N   0.99256 0.00736 0.00008 ( 1)  0.057 +-  0.085
 380 R   0.06768 0.88217 0.05016 ( 2)  1.036 +-  0.569
 381 N   0.98856 0.01130 0.00013 ( 1)  0.061 +-  0.105
 382 R   0.92291 0.07433 0.00277 ( 1)  0.129 +-  0.300
 383 L   0.98681 0.01299 0.00021 ( 1)  0.063 +-  0.115
 384 T   0.97626 0.02331 0.00042 ( 1)  0.073 +-  0.155
 385 I   0.63799 0.35360 0.00841 ( 1)  0.409 +-  0.511
 386 P   0.98527 0.01451 0.00022 ( 1)  0.064 +-  0.121
 387 T   0.32079 0.66678 0.01243 ( 2)  0.715 +-  0.501
 388 D   0.99554 0.00442 0.00004 ( 1)  0.054 +-  0.065
 389 I   0.97060 0.02905 0.00035 ( 1)  0.078 +-  0.167
 390 H   0.99507 0.00489 0.00004 ( 1)  0.055 +-  0.068
 391 R   0.98317 0.01659 0.00024 ( 1)  0.066 +-  0.128
 392 T   0.94250 0.05636 0.00114 ( 1)  0.107 +-  0.240
 393 L   0.98225 0.01748 0.00027 ( 1)  0.067 +-  0.133
 394 L   0.97895 0.02072 0.00034 ( 1)  0.071 +-  0.144
 395 S   0.93807 0.06135 0.00058 ( 1)  0.110 +-  0.235
 396 I   0.43830 0.54460 0.01710 ( 2)  0.614 +-  0.567
 397 A   0.37860 0.58899 0.03241 ( 2)  0.707 +-  0.660
 398 G   0.92089 0.07730 0.00181 ( 1)  0.128 +-  0.282
 399 A   0.12562 0.83632 0.03806 ( 2)  0.959 +-  0.572
 400 A   0.95099 0.04756 0.00145 ( 1)  0.100 +-  0.236
 401 A   0.98184 0.01781 0.00035 ( 1)  0.068 +-  0.138
 402 A   0.00081 0.61456 0.38463 ( 2)  2.118 +-  1.626
 403 A   0.82153 0.17556 0.00291 ( 1)  0.224 +-  0.387
 404 D   0.87460 0.12389 0.00151 ( 1)  0.171 +-  0.327
 405 K   0.42463 0.56772 0.00765 ( 2)  0.607 +-  0.500
 406 F   0.90477 0.09413 0.00110 ( 1)  0.142 +-  0.289
 407 R   0.60894 0.37953 0.01153 ( 1)  0.442 +-  0.539
 408 S   0.98964 0.01027 0.00010 ( 1)  0.060 +-  0.099
 409 Y   0.99412 0.00584 0.00004 ( 1)  0.056 +-  0.074
 410 S   0.98102 0.01874 0.00024 ( 1)  0.068 +-  0.136
 411 L   0.97957 0.02009 0.00034 ( 1)  0.070 +-  0.143
 412 I   0.99521 0.00474 0.00004 ( 1)  0.055 +-  0.067
 413 D   0.97530 0.02443 0.00027 ( 1)  0.074 +-  0.153
 414 E   0.99463 0.00532 0.00005 ( 1)  0.055 +-  0.071
 415 E   0.55024 0.43794 0.01182 ( 1)  0.498 +-  0.545
 416 V   0.94603 0.05271 0.00126 ( 1)  0.104 +-  0.238
 417 P   0.99013 0.00973 0.00013 ( 1)  0.060 +-  0.099
 418 E   0.99463 0.00532 0.00005 ( 1)  0.055 +-  0.071
 419 T   0.98001 0.01966 0.00033 ( 1)  0.070 +-  0.142
 420 R   0.93533 0.06274 0.00193 ( 1)  0.115 +-  0.265
 421 G   0.91520 0.08392 0.00089 ( 1)  0.132 +-  0.273
 422 C   0.99504 0.00492 0.00004 ( 1)  0.055 +-  0.068
 423 S   0.89362 0.10364 0.00274 ( 1)  0.156 +-  0.325
 424 D   0.09355 0.82971 0.07674 ( 2)  1.085 +-  0.759
 425 A   0.99020 0.00968 0.00012 ( 1)  0.059 +-  0.097
 426 G   0.99190 0.00801 0.00009 ( 1)  0.058 +-  0.088
 427 I   0.98788 0.01197 0.00015 ( 1)  0.062 +-  0.108
 428 P   0.98924 0.01063 0.00013 ( 1)  0.060 +-  0.102
 429 A   0.48400 0.49420 0.02180 ( 2)  0.584 +-  0.615
 430 H   0.99507 0.00489 0.00004 ( 1)  0.055 +-  0.068
 431 W   0.99193 0.00802 0.00005 ( 1)  0.058 +-  0.087
 432 C   0.99504 0.00492 0.00004 ( 1)  0.055 +-  0.068
 433 S   0.98964 0.01027 0.00010 ( 1)  0.060 +-  0.099
 434 C   0.94655 0.05287 0.00058 ( 1)  0.102 +-  0.220
 435 L   0.98225 0.01748 0.00027 ( 1)  0.067 +-  0.133
 436 S   0.81957 0.17714 0.00329 ( 1)  0.227 +-  0.391
 437 S   0.31284 0.65565 0.03151 ( 2)  0.767 +-  0.636
 438 E   0.92683 0.07245 0.00072 ( 1)  0.120 +-  0.255
 439 K   0.99465 0.00530 0.00005 ( 1)  0.055 +-  0.071
 440 M   0.86246 0.13554 0.00200 ( 1)  0.184 +-  0.345
 441 Q   0.96568 0.03395 0.00036 ( 1)  0.083 +-  0.179
 442 H   0.22273 0.75798 0.01929 ( 2)  0.821 +-  0.496
 443 P   0.98924 0.01063 0.00013 ( 1)  0.060 +-  0.102
 444 E   0.14115 0.84574 0.01311 ( 2)  0.884 +-  0.388
 445 S   0.03088 0.91934 0.04979 ( 2)  1.065 +-  0.508
 446 E   0.46724 0.52584 0.00692 ( 2)  0.566 +-  0.503
 447 Q   0.89104 0.10762 0.00134 ( 1)  0.155 +-  0.308
 448 L   0.98225 0.01748 0.00027 ( 1)  0.067 +-  0.133
 449 P   0.83579 0.16183 0.00238 ( 1)  0.210 +-  0.370
 450 V   0.98964 0.01023 0.00012 ( 1)  0.060 +-  0.100
 451 R   0.95459 0.04492 0.00048 ( 1)  0.094 +-  0.204
 452 A   0.98298 0.01673 0.00029 ( 1)  0.067 +-  0.132
 453 A   0.94485 0.05389 0.00126 ( 1)  0.105 +-  0.239
 454 Q   0.85570 0.14239 0.00191 ( 1)  0.190 +-  0.350
 455 F   0.99198 0.00794 0.00008 ( 1)  0.058 +-  0.088
 456 A   0.95099 0.04756 0.00145 ( 1)  0.100 +-  0.236
 457 V   0.98964 0.01023 0.00012 ( 1)  0.060 +-  0.100
 458 A   0.20003 0.78587 0.01411 ( 2)  0.831 +-  0.443
 459 Q   0.99351 0.00643 0.00006 ( 1)  0.056 +-  0.078
 460 M   0.99649 0.00348 0.00003 ( 1)  0.053 +-  0.057
 461 N   0.99565 0.00431 0.00004 ( 1)  0.054 +-  0.064
 462 L   0.49975 0.49037 0.00988 ( 1)  0.541 +-  0.524
 463 A   0.99149 0.00841 0.00010 ( 1)  0.058 +-  0.090
 464 T   0.97880 0.02078 0.00041 ( 1)  0.071 +-  0.148
 465 A   0.76870 0.22785 0.00345 ( 1)  0.275 +-  0.423
 466 G   0.16035 0.82017 0.01949 ( 2)  0.879 +-  0.447
 467 F   0.99591 0.00406 0.00003 ( 1)  0.054 +-  0.062
 468 R   0.96175 0.03743 0.00082 ( 1)  0.088 +-  0.200
 469 N   0.90675 0.09226 0.00099 ( 1)  0.140 +-  0.285
 470 A   0.20878 0.77526 0.01596 ( 2)  0.826 +-  0.461
 471 C   0.99504 0.00492 0.00004 ( 1)  0.055 +-  0.068
 472 A   0.00025 0.80308 0.19668 ( 2)  1.492 +-  1.123
 473 E   0.99463 0.00532 0.00005 ( 1)  0.055 +-  0.071
 474 L   0.98225 0.01748 0.00027 ( 1)  0.067 +-  0.133
 475 R   0.86150 0.13672 0.00178 ( 1)  0.184 +-  0.343
 476 L   0.98092 0.01874 0.00034 ( 1)  0.069 +-  0.139
 477 D   0.74837 0.24695 0.00468 ( 1)  0.297 +-  0.446
 478 S   0.83404 0.16330 0.00266 ( 1)  0.212 +-  0.375
 479 I   0.91211 0.08688 0.00101 ( 1)  0.135 +-  0.279
 480 G   0.08633 0.87403 0.03964 ( 2)  0.993 +-  0.516
 481 E   0.99199 0.00791 0.00009 ( 1)  0.058 +-  0.088
 482 A   0.99103 0.00885 0.00012 ( 1)  0.059 +-  0.094
 483 D   0.81800 0.17685 0.00514 ( 1)  0.233 +-  0.417
 484 V   0.99077 0.00911 0.00012 ( 1)  0.059 +-  0.095
 485 T   0.45611 0.50359 0.04029 ( 2)  0.660 +-  0.758
 486 R   0.03179 0.82564 0.14257 ( 2)  1.320 +-  0.992
 487 A   0.07995 0.81647 0.10359 ( 2)  1.175 +-  0.898
 488 S   0.99585 0.00412 0.00003 ( 1)  0.054 +-  0.062
 489 N   0.00001 0.56426 0.43573 ( 2)  2.257 +-  1.655
 490 D   0.76547 0.22697 0.00756 ( 1)  0.288 +-  0.471
 491 L   0.97979 0.01979 0.00043 ( 1)  0.070 +-  0.146
 492 A   0.59188 0.38369 0.02444 ( 1)  0.493 +-  0.660
 493 Q   0.03430 0.72163 0.24407 ( 2)  1.641 +-  1.366
 494 R   0.98338 0.01620 0.00042 ( 1)  0.067 +-  0.136
 495 K   0.84626 0.15040 0.00333 ( 1)  0.202 +-  0.374
 496 R   0.99094 0.00896 0.00010 ( 1)  0.059 +-  0.093
 497 F   0.34352 0.61565 0.04083 ( 2)  0.767 +-  0.729
 498 A   0.46504 0.49967 0.03529 ( 2)  0.635 +-  0.709
 499 L   0.15087 0.78969 0.05943 ( 2)  0.986 +-  0.702
 500 T   0.00630 0.83453 0.15917 ( 2)  1.400 +-  1.061
 501 T   0.00006 0.43841 0.56153 ( 3)  2.678 +-  1.769
 502 T   0.00014 0.30775 0.69211 ( 3)  3.170 +-  1.830
 503 D   0.12963 0.81097 0.05940 ( 2)  1.004 +-  0.685
 504 L   0.00002 0.32200 0.67798 ( 3)  3.101 +-  1.816
 505 S   0.00003 0.27049 0.72948 ( 3)  3.261 +-  1.785
 506 V   0.54676 0.42459 0.02865 ( 1)  0.546 +-  0.692
 507 R   0.00008 0.41977 0.58015 ( 3)  2.818 +-  1.861
 508 A   0.98561 0.01417 0.00023 ( 1)  0.064 +-  0.120
 509 S   0.12413 0.78702 0.08885 ( 2)  1.089 +-  0.842
 510 G   0.98817 0.01168 0.00015 ( 1)  0.061 +-  0.107
 511 Y   0.99412 0.00584 0.00004 ( 1)  0.056 +-  0.074
 512 V   0.13874 0.80737 0.05389 ( 2)  0.984 +-  0.667
 513 T   0.99116 0.00872 0.00011 ( 1)  0.059 +-  0.093
 514 S   0.00145 0.62836 0.37019 ( 2)  2.075 +-  1.610
 515 R   0.97102 0.02844 0.00054 ( 1)  0.078 +-  0.172
 516 F   0.85897 0.13874 0.00229 ( 1)  0.188 +-  0.353
 517 R   0.00180 0.78245 0.21576 ( 2)  1.560 +-  1.212
 518 T   0.46814 0.48812 0.04374 ( 2)  0.662 +-  0.801
 519 S   0.00017 0.73047 0.26936 ( 2)  1.722 +-  1.350
 520 P   0.97967 0.01994 0.00039 ( 1)  0.070 +-  0.146
 521 N   0.85740 0.13985 0.00275 ( 1)  0.190 +-  0.357
 522 E   0.00131 0.60903 0.38966 ( 2)  2.164 +-  1.681
 523 G   0.98710 0.01272 0.00017 ( 1)  0.063 +-  0.113
 524 Q   0.52773 0.44394 0.02832 ( 1)  0.561 +-  0.678
 525 Y   0.74283 0.24732 0.00985 ( 1)  0.314 +-  0.505
 526 E   0.97814 0.02164 0.00022 ( 1)  0.071 +-  0.144
 527 A   0.99105 0.00884 0.00012 ( 1)  0.059 +-  0.094
 528 T   0.63644 0.33976 0.02379 ( 1)  0.451 +-  0.666
 529 V   0.68826 0.30004 0.01170 ( 1)  0.369 +-  0.532
 530 Q   0.51304 0.46130 0.02567 ( 1)  0.567 +-  0.651
 531 F   0.99591 0.00406 0.00003 ( 1)  0.054 +-  0.062
 532 T   0.00427 0.86496 0.13076 ( 2)  1.313 +-  0.929
 533 L   0.97931 0.02017 0.00052 ( 1)  0.071 +-  0.153
 534 L   0.98401 0.01574 0.00026 ( 1)  0.066 +-  0.127
 535 N   0.00011 0.55340 0.44649 ( 2)  2.317 +-  1.703
 536 F   0.80042 0.19319 0.00639 ( 1)  0.252 +-  0.441
 537 E   0.00014 0.79892 0.20094 ( 2)  1.505 +-  1.138
 538 Q   0.00068 0.82422 0.17509 ( 2)  1.438 +-  1.075
 539 L   0.00004 0.29283 0.70713 ( 3)  3.197 +-  1.804
 540 G   0.00110 0.62672 0.37219 ( 2)  2.087 +-  1.622
 541 E   0.99186 0.00806 0.00009 ( 1)  0.058 +-  0.089
 542 S   0.00007 0.36686 0.63307 ( 3)  2.984 +-  1.853
 543 S   0.99225 0.00767 0.00008 ( 1)  0.057 +-  0.086
 544 R   0.98365 0.01595 0.00040 ( 1)  0.066 +-  0.134
 545 I   0.72332 0.26677 0.00991 ( 1)  0.333 +-  0.512
 546 N   0.98676 0.01310 0.00014 ( 1)  0.063 +-  0.113
 547 K   0.50133 0.45892 0.03975 ( 1)  0.617 +-  0.762
 548 Y   0.99412 0.00584 0.00004 ( 1)  0.056 +-  0.074
 549 G   0.98796 0.01187 0.00017 ( 1)  0.062 +-  0.109
 550 S   0.67840 0.30417 0.01743 ( 1)  0.395 +-  0.599
 551 Q   0.08452 0.82032 0.09516 ( 2)  1.144 +-  0.848
 552 A   0.97994 0.01971 0.00035 ( 1)  0.070 +-  0.142
 553 N   0.00471 0.71014 0.28515 ( 2)  1.817 +-  1.483
 554 C   0.99157 0.00836 0.00007 ( 1)  0.058 +-  0.089
 555 V   0.00614 0.72025 0.27361 ( 2)  1.776 +-  1.452
 556 V   0.02227 0.72481 0.25291 ( 2)  1.703 +-  1.430
 557 T   0.00011 0.50857 0.49132 ( 2)  2.498 +-  1.790
 558 R   0.02460 0.82071 0.15470 ( 2)  1.391 +-  1.117
 559 A   0.00002 0.31649 0.68349 ( 3)  3.093 +-  1.792
 560 P   0.95676 0.04234 0.00091 ( 1)  0.093 +-  0.211
 561 H   0.05595 0.83629 0.10775 ( 2)  1.215 +-  0.919
 562 L   0.97979 0.01979 0.00043 ( 1)  0.070 +-  0.146
 563 R   0.97422 0.02519 0.00058 ( 1)  0.076 +-  0.167
 564 K   0.99160 0.00832 0.00009 ( 1)  0.058 +-  0.090
 565 F   0.97897 0.02082 0.00021 ( 1)  0.070 +-  0.141
 566 C   0.99504 0.00492 0.00004 ( 1)  0.055 +-  0.068
 567 Y   0.05928 0.76446 0.17626 ( 2)  1.430 +-  1.231
 568 C   0.99084 0.00908 0.00008 ( 1)  0.059 +-  0.093

Positively selected sites

	Prob(w>1)  mean w

   501 T      0.562         2.678 +- 1.769
   502 T      0.692         3.170 +- 1.830
   504 L      0.678         3.101 +- 1.816
   505 S      0.729         3.261 +- 1.785
   507 R      0.580         2.818 +- 1.861
   539 L      0.707         3.197 +- 1.804
   542 S      0.633         2.984 +- 1.853
   559 A      0.683         3.093 +- 1.792

