Supplemental results for CODEML (seqf: algn  treef: tree)


dN/dS (w) for site classes (K=3)

p:   0.99509  0.00000  0.00490
w:   0.13811  1.00000 348.35909

Naive Empirical Bayes (NEB) probabilities for 3 classes & postmean_w & P(w>1)
(amino acids refer to 1st sequence: Msl.28633)

   1 M   0.99969 0.00000 0.00031 ( 1)  0.245  0.000
   2 M   0.99969 0.00000 0.00031 ( 1)  0.245  0.000
   3 S   0.99900 0.00000 0.00099 ( 1)  0.484  0.001
   4 L   0.99880 0.00000 0.00120 ( 1)  0.555  0.001
   5 S   0.99958 0.00000 0.00041 ( 1)  0.282  0.000
   6 I   0.99982 0.00000 0.00018 ( 1)  0.200  0.000
   7 N   0.99783 0.00000 0.00217 ( 1)  0.892  0.002
   8 R   0.99753 0.00000 0.00247 ( 1)  0.997  0.002
   9 A   0.99927 0.00000 0.00073 ( 1)  0.392  0.001
  10 H   0.99887 0.00000 0.00112 ( 1)  0.530  0.001
  11 A   0.99925 0.00000 0.00075 ( 1)  0.399  0.001
  12 P   0.99866 0.00000 0.00133 ( 1)  0.603  0.001
  13 E   0.99897 0.00000 0.00102 ( 1)  0.495  0.001
  14 G   0.99885 0.00000 0.00115 ( 1)  0.539  0.001
  15 P   0.99716 0.00000 0.00284 ( 1)  1.127  0.003
  16 P   0.99827 0.00000 0.00173 ( 1)  0.742  0.002
  17 P   0.99866 0.00000 0.00133 ( 1)  0.603  0.001
  18 A   0.99869 0.00000 0.00131 ( 1)  0.595  0.001
  19 Q   0.99942 0.00000 0.00058 ( 1)  0.339  0.001
  20 P   0.99866 0.00000 0.00133 ( 1)  0.603  0.001
  21 E   0.99948 0.00000 0.00052 ( 1)  0.318  0.001
  22 K   0.99894 0.00000 0.00106 ( 1)  0.506  0.001
  23 S   0.99958 0.00000 0.00041 ( 1)  0.282  0.000
  24 Q   0.99942 0.00000 0.00058 ( 1)  0.339  0.001
  25 K   0.99971 0.00000 0.00029 ( 1)  0.240  0.000
  26 R   0.99970 0.00000 0.00029 ( 1)  0.241  0.000
  27 T   0.99921 0.00000 0.00079 ( 1)  0.413  0.001
  28 Y   0.99969 0.00000 0.00030 ( 1)  0.244  0.000
  29 F   0.99918 0.00000 0.00082 ( 1)  0.422  0.001
  30 P   0.99942 0.00000 0.00058 ( 1)  0.341  0.001
  31 E   0.99948 0.00000 0.00052 ( 1)  0.318  0.001
  32 T   0.99962 0.00000 0.00038 ( 1)  0.269  0.000
  33 M   0.99969 0.00000 0.00031 ( 1)  0.245  0.000
  34 L   0.99950 0.00000 0.00050 ( 1)  0.313  0.001
  35 W   0.99957 0.00000 0.00043 ( 1)  0.288  0.000
  36 T   0.99921 0.00000 0.00079 ( 1)  0.413  0.001
  37 M   0.99969 0.00000 0.00031 ( 1)  0.245  0.000
  38 V   0.99936 0.00000 0.00064 ( 1)  0.359  0.001
  39 E   0.99948 0.00000 0.00052 ( 1)  0.318  0.001
  40 T   0.99921 0.00000 0.00079 ( 1)  0.413  0.001
  41 D   0.99910 0.00000 0.00090 ( 1)  0.450  0.001
  42 A   0.99927 0.00000 0.00073 ( 1)  0.392  0.001
  43 S   0.99850 0.00000 0.00150 ( 1)  0.661  0.002
  44 G   0.99951 0.00000 0.00049 ( 1)  0.307  0.000
  45 R   0.99937 0.00000 0.00062 ( 1)  0.356  0.001
  46 A   0.99927 0.00000 0.00073 ( 1)  0.392  0.001
  47 S   0.99974 0.00000 0.00026 ( 1)  0.228  0.000
  48 E   0.99897 0.00000 0.00102 ( 1)  0.495  0.001
  49 S   0.99900 0.00000 0.00099 ( 1)  0.484  0.001
  50 L   0.99939 0.00000 0.00061 ( 1)  0.350  0.001
  51 Q   0.99828 0.00000 0.00172 ( 1)  0.736  0.002
  52 L   0.99939 0.00000 0.00061 ( 1)  0.350  0.001
  53 P   0.99827 0.00000 0.00173 ( 1)  0.742  0.002
  54 D   0.99952 0.00000 0.00048 ( 1)  0.305  0.000
  55 T   0.99962 0.00000 0.00038 ( 1)  0.269  0.000
  56 I   0.99968 0.00000 0.00031 ( 1)  0.247  0.000
  57 T   0.99961 0.00000 0.00039 ( 1)  0.273  0.000
  58 S   0.99974 0.00000 0.00026 ( 1)  0.228  0.000
  59 W   0.99957 0.00000 0.00043 ( 1)  0.288  0.000
  60 D   0.99910 0.00000 0.00090 ( 1)  0.450  0.001
  61 L   0.99953 0.00000 0.00047 ( 1)  0.300  0.000
  62 T   0.99961 0.00000 0.00039 ( 1)  0.273  0.000
  63 A   0.99925 0.00000 0.00075 ( 1)  0.399  0.001
  64 F   0.99970 0.00000 0.00029 ( 1)  0.241  0.000
  65 G   0.99951 0.00000 0.00049 ( 1)  0.307  0.000
  66 I   0.99968 0.00000 0.00031 ( 1)  0.247  0.000
  67 S   0.99965 0.00000 0.00035 ( 1)  0.261  0.000
  68 S   0.99974 0.00000 0.00026 ( 1)  0.228  0.000
  69 R   0.99937 0.00000 0.00062 ( 1)  0.356  0.001
  70 H   0.99955 0.00000 0.00045 ( 1)  0.296  0.000
  71 A   0.99927 0.00000 0.00073 ( 1)  0.392  0.001
  72 I   0.99968 0.00000 0.00031 ( 1)  0.247  0.000
  73 Q   0.99942 0.00000 0.00058 ( 1)  0.339  0.001
  74 T   0.99961 0.00000 0.00039 ( 1)  0.273  0.000
  75 V   0.99936 0.00000 0.00064 ( 1)  0.359  0.001
  76 Q   0.99942 0.00000 0.00058 ( 1)  0.339  0.001
  77 R   0.99954 0.00000 0.00046 ( 1)  0.297  0.000
  78 P   0.99942 0.00000 0.00058 ( 1)  0.341  0.001
  79 F   0.99970 0.00000 0.00029 ( 1)  0.241  0.000
  80 Q   0.99942 0.00000 0.00058 ( 1)  0.339  0.001
  81 V   0.99936 0.00000 0.00064 ( 1)  0.359  0.001
  82 T   0.99961 0.00000 0.00039 ( 1)  0.273  0.000
  83 S   0.99974 0.00000 0.00026 ( 1)  0.228  0.000
  84 F   0.99970 0.00000 0.00029 ( 1)  0.241  0.000
  85 K   0.99971 0.00000 0.00029 ( 1)  0.240  0.000
  86 R   0.99884 0.00000 0.00116 ( 1)  0.541  0.001
  87 F   0.99970 0.00000 0.00029 ( 1)  0.241  0.000
  88 F   0.99970 0.00000 0.00029 ( 1)  0.241  0.000
  89 A   0.99927 0.00000 0.00073 ( 1)  0.392  0.001
  90 Q   0.99942 0.00000 0.00058 ( 1)  0.339  0.001
  91 L   0.99939 0.00000 0.00061 ( 1)  0.350  0.001
  92 T   0.99961 0.00000 0.00039 ( 1)  0.273  0.000
  93 L   0.99939 0.00000 0.00061 ( 1)  0.350  0.001
  94 P   0.99933 0.00000 0.00067 ( 1)  0.371  0.001
  95 H   0.99955 0.00000 0.00045 ( 1)  0.296  0.000
  96 S   0.99958 0.00000 0.00041 ( 1)  0.282  0.000
  97 L   0.99953 0.00000 0.00047 ( 1)  0.300  0.000
  98 I   0.99968 0.00000 0.00031 ( 1)  0.247  0.000
  99 R   0.99954 0.00000 0.00046 ( 1)  0.297  0.000
 100 G   0.99951 0.00000 0.00049 ( 1)  0.307  0.000
 101 E   0.99948 0.00000 0.00052 ( 1)  0.318  0.001
 102 S   0.99958 0.00000 0.00041 ( 1)  0.282  0.000
 103 L   0.99939 0.00000 0.00061 ( 1)  0.350  0.001
 104 L   0.99880 0.00000 0.00120 ( 1)  0.555  0.001
 105 L   0.99950 0.00000 0.00050 ( 1)  0.313  0.001
 106 R   0.99937 0.00000 0.00062 ( 1)  0.356  0.001
 107 V   0.99936 0.00000 0.00064 ( 1)  0.359  0.001
 108 L   0.99939 0.00000 0.00061 ( 1)  0.350  0.001
 109 L   0.99939 0.00000 0.00061 ( 1)  0.350  0.001
 110 F   0.99970 0.00000 0.00029 ( 1)  0.241  0.000
 111 N   0.99974 0.00000 0.00026 ( 1)  0.229  0.000
 112 F   0.99970 0.00000 0.00029 ( 1)  0.241  0.000
 113 D   0.99952 0.00000 0.00048 ( 1)  0.305  0.000
 114 S   0.99965 0.00000 0.00035 ( 1)  0.261  0.000
 115 S   0.99965 0.00000 0.00035 ( 1)  0.261  0.000
 116 N   0.99925 0.00000 0.00075 ( 1)  0.400  0.001
 117 R   0.99937 0.00000 0.00062 ( 1)  0.356  0.001
 118 L   0.99939 0.00000 0.00061 ( 1)  0.350  0.001
 119 T   0.35861 0.00000 0.64139 ( 3) 223.482  0.641
 120 I   0.99968 0.00000 0.00031 ( 1)  0.247  0.000
 121 N   0.99974 0.00000 0.00026 ( 1)  0.229  0.000
 122 A   0.99927 0.00000 0.00073 ( 1)  0.392  0.001
 123 T   0.99962 0.00000 0.00038 ( 1)  0.269  0.000
 124 L   0.99939 0.00000 0.00061 ( 1)  0.350  0.001
 125 L   0.99953 0.00000 0.00047 ( 1)  0.300  0.000
 126 I   0.99968 0.00000 0.00031 ( 1)  0.247  0.000
 127 D   0.99952 0.00000 0.00048 ( 1)  0.305  0.000
 128 S   0.99958 0.00000 0.00041 ( 1)  0.282  0.000
 129 K   0.99693 0.00000 0.00306 ( 1)  1.205  0.003
 130 A   0.99927 0.00000 0.00073 ( 1)  0.392  0.001
 131 F   0.99970 0.00000 0.00029 ( 1)  0.241  0.000
 132 E   0.99897 0.00000 0.00102 ( 1)  0.495  0.001
 133 L   0.99939 0.00000 0.00061 ( 1)  0.350  0.001
 134 T   0.99961 0.00000 0.00039 ( 1)  0.273  0.000
 135 A   0.99925 0.00000 0.00075 ( 1)  0.399  0.001
 136 L   0.99939 0.00000 0.00061 ( 1)  0.350  0.001
 137 T   0.99961 0.00000 0.00039 ( 1)  0.273  0.000
 138 A   0.99927 0.00000 0.00073 ( 1)  0.392  0.001
 139 A   0.99869 0.00000 0.00131 ( 1)  0.595  0.001
 140 G   0.99845 0.00000 0.00154 ( 1)  0.676  0.002
 141 Q   0.99942 0.00000 0.00058 ( 1)  0.339  0.001
 142 P   0.99942 0.00000 0.00058 ( 1)  0.341  0.001
 143 A   0.99869 0.00000 0.00131 ( 1)  0.595  0.001
 144 E   0.99948 0.00000 0.00052 ( 1)  0.318  0.001
 145 H   0.99955 0.00000 0.00045 ( 1)  0.296  0.000
 146 A   0.99925 0.00000 0.00075 ( 1)  0.399  0.001
 147 I   0.99936 0.00000 0.00063 ( 1)  0.359  0.001
 148 V   0.99937 0.00000 0.00062 ( 1)  0.355  0.001
 149 N   0.99925 0.00000 0.00075 ( 1)  0.400  0.001
 150 V   0.99936 0.00000 0.00064 ( 1)  0.359  0.001
 151 E   0.99948 0.00000 0.00052 ( 1)  0.318  0.001
 152 S   0.14357 0.00000 0.85643 ( 3) 298.364  0.856
 153 N   0.99974 0.00000 0.00026 ( 1)  0.229  0.000
 154 G   0.99951 0.00000 0.00049 ( 1)  0.307  0.000
 155 V   0.99937 0.00000 0.00062 ( 1)  0.355  0.001
 156 G   0.99845 0.00000 0.00154 ( 1)  0.676  0.002
 157 L   0.99953 0.00000 0.00047 ( 1)  0.300  0.000
 158 A   0.99925 0.00000 0.00075 ( 1)  0.399  0.001
 159 V   0.99887 0.00000 0.00113 ( 1)  0.532  0.001
 160 F   0.99970 0.00000 0.00029 ( 1)  0.241  0.000
 161 G   0.99951 0.00000 0.00049 ( 1)  0.307  0.000
 162 L   0.99939 0.00000 0.00061 ( 1)  0.350  0.001
 163 R   0.99753 0.00000 0.00247 ( 1)  0.997  0.002
 164 P   0.99933 0.00000 0.00067 ( 1)  0.371  0.001
 165 K   0.99894 0.00000 0.00106 ( 1)  0.506  0.001
 166 L   0.99939 0.00000 0.00061 ( 1)  0.350  0.001
 167 V   0.99937 0.00000 0.00062 ( 1)  0.355  0.001
 168 S   0.99965 0.00000 0.00035 ( 1)  0.261  0.000
 169 E   0.99948 0.00000 0.00052 ( 1)  0.318  0.001
 170 A   0.99925 0.00000 0.00075 ( 1)  0.399  0.001
 171 A   0.99869 0.00000 0.00131 ( 1)  0.595  0.001
 172 A   0.99925 0.00000 0.00075 ( 1)  0.399  0.001
 173 V   0.99937 0.00000 0.00062 ( 1)  0.355  0.001
 174 T   0.99962 0.00000 0.00038 ( 1)  0.269  0.000
 175 V   0.99936 0.00000 0.00064 ( 1)  0.359  0.001
 176 R   0.99937 0.00000 0.00062 ( 1)  0.356  0.001
 177 A   0.99927 0.00000 0.00073 ( 1)  0.392  0.001
 178 R   0.99884 0.00000 0.00116 ( 1)  0.541  0.001
 179 A   0.99927 0.00000 0.00073 ( 1)  0.392  0.001
 180 T   0.99962 0.00000 0.00038 ( 1)  0.269  0.000
 181 W   0.99957 0.00000 0.00043 ( 1)  0.288  0.000
 182 P   0.99827 0.00000 0.00173 ( 1)  0.742  0.002
 183 D   0.99952 0.00000 0.00048 ( 1)  0.305  0.000
 184 G   0.99885 0.00000 0.00115 ( 1)  0.539  0.001
 185 R   0.99954 0.00000 0.00046 ( 1)  0.297  0.000
 186 A   0.99927 0.00000 0.00073 ( 1)  0.392  0.001
 187 E   0.99948 0.00000 0.00052 ( 1)  0.318  0.001
 188 V   0.99887 0.00000 0.00113 ( 1)  0.532  0.001
 189 D   0.99952 0.00000 0.00048 ( 1)  0.305  0.000
 190 E   0.99948 0.00000 0.00052 ( 1)  0.318  0.001
 191 V   0.99936 0.00000 0.00064 ( 1)  0.359  0.001
 192 T   0.99961 0.00000 0.00039 ( 1)  0.273  0.000
 193 R   0.99861 0.00000 0.00139 ( 1)  0.622  0.001
 194 T   0.99961 0.00000 0.00039 ( 1)  0.273  0.000
 195 L   0.99939 0.00000 0.00061 ( 1)  0.350  0.001
 196 P   0.99933 0.00000 0.00067 ( 1)  0.371  0.001
 197 V   0.99936 0.00000 0.00064 ( 1)  0.359  0.001
 198 L   0.99880 0.00000 0.00120 ( 1)  0.555  0.001
 199 P   0.99933 0.00000 0.00067 ( 1)  0.371  0.001
 200 E   0.99948 0.00000 0.00052 ( 1)  0.318  0.001
 201 G   0.99951 0.00000 0.00049 ( 1)  0.307  0.000
 202 R   0.99954 0.00000 0.00046 ( 1)  0.297  0.000
 203 T   0.99961 0.00000 0.00039 ( 1)  0.273  0.000
 204 V   0.99936 0.00000 0.00064 ( 1)  0.359  0.001
 205 R   0.99970 0.00000 0.00029 ( 1)  0.241  0.000
 206 R   0.99937 0.00000 0.00062 ( 1)  0.356  0.001
 207 A   0.99869 0.00000 0.00131 ( 1)  0.595  0.001
 208 V   0.99937 0.00000 0.00062 ( 1)  0.355  0.001
 209 T   0.99921 0.00000 0.00079 ( 1)  0.413  0.001
 210 A   0.99927 0.00000 0.00073 ( 1)  0.392  0.001
 211 L   0.99939 0.00000 0.00061 ( 1)  0.350  0.001
 212 L   0.99939 0.00000 0.00061 ( 1)  0.350  0.001
 213 S   0.99974 0.00000 0.00026 ( 1)  0.228  0.000
 214 L   0.99939 0.00000 0.00061 ( 1)  0.350  0.001
 215 R   0.99937 0.00000 0.00062 ( 1)  0.356  0.001
 216 G   0.99951 0.00000 0.00049 ( 1)  0.307  0.000
 217 D   0.99910 0.00000 0.00090 ( 1)  0.450  0.001
 218 P   0.99827 0.00000 0.00173 ( 1)  0.742  0.002
 219 T   0.99962 0.00000 0.00038 ( 1)  0.269  0.000
 220 G   0.99885 0.00000 0.00115 ( 1)  0.539  0.001
 221 S   0.99974 0.00000 0.00026 ( 1)  0.228  0.000
 222 N   0.99925 0.00000 0.00075 ( 1)  0.400  0.001
 223 S   0.99958 0.00000 0.00041 ( 1)  0.282  0.000
 224 S   0.99965 0.00000 0.00035 ( 1)  0.261  0.000
 225 A   0.99927 0.00000 0.00073 ( 1)  0.392  0.001
 226 E   0.99948 0.00000 0.00052 ( 1)  0.318  0.001
 227 T   0.99961 0.00000 0.00039 ( 1)  0.273  0.000
 228 V   0.99887 0.00000 0.00113 ( 1)  0.532  0.001
 229 Q   0.99828 0.00000 0.00172 ( 1)  0.736  0.002
 230 S   0.99837 0.00000 0.00163 ( 1)  0.705  0.002
 231 A   0.99927 0.00000 0.00073 ( 1)  0.392  0.001
 232 E   0.99948 0.00000 0.00052 ( 1)  0.318  0.001
 233 M   0.99969 0.00000 0.00031 ( 1)  0.245  0.000
 234 V   0.99936 0.00000 0.00064 ( 1)  0.359  0.001
 235 E   0.99897 0.00000 0.00102 ( 1)  0.495  0.001
 236 I   0.99936 0.00000 0.00063 ( 1)  0.359  0.001
 237 Y   0.99969 0.00000 0.00030 ( 1)  0.244  0.000
 238 W   0.99957 0.00000 0.00043 ( 1)  0.288  0.000
 239 P   0.99933 0.00000 0.00067 ( 1)  0.371  0.001
 240 E   0.99948 0.00000 0.00052 ( 1)  0.318  0.001
 241 A   0.99925 0.00000 0.00075 ( 1)  0.399  0.001
 242 V   0.99937 0.00000 0.00062 ( 1)  0.355  0.001
 243 Q   0.99942 0.00000 0.00058 ( 1)  0.339  0.001
 244 A   0.99925 0.00000 0.00075 ( 1)  0.399  0.001
 245 D   0.99952 0.00000 0.00048 ( 1)  0.305  0.000
 246 G   0.99946 0.00000 0.00053 ( 1)  0.324  0.001
 247 S   0.99958 0.00000 0.00041 ( 1)  0.282  0.000
 248 I   0.99968 0.00000 0.00031 ( 1)  0.247  0.000
 249 L   0.99939 0.00000 0.00061 ( 1)  0.350  0.001
 250 V   0.99936 0.00000 0.00064 ( 1)  0.359  0.001
 251 P   0.99942 0.00000 0.00058 ( 1)  0.341  0.001
 252 G   0.99951 0.00000 0.00049 ( 1)  0.307  0.000
 253 S   0.99965 0.00000 0.00035 ( 1)  0.261  0.000
 254 Q   0.99942 0.00000 0.00058 ( 1)  0.339  0.001
 255 L   0.99950 0.00000 0.00050 ( 1)  0.313  0.001
 256 L   0.99939 0.00000 0.00061 ( 1)  0.350  0.001
 257 S   0.99965 0.00000 0.00035 ( 1)  0.261  0.000
 258 V   0.99936 0.00000 0.00064 ( 1)  0.359  0.001
 259 S   0.99958 0.00000 0.00041 ( 1)  0.282  0.000
 260 V   0.99936 0.00000 0.00064 ( 1)  0.359  0.001
 261 V   0.99937 0.00000 0.00062 ( 1)  0.355  0.001
 262 G   0.99951 0.00000 0.00049 ( 1)  0.307  0.000
 263 D   0.99952 0.00000 0.00048 ( 1)  0.305  0.000
 264 V   0.99937 0.00000 0.00062 ( 1)  0.355  0.001
 265 L   0.99950 0.00000 0.00050 ( 1)  0.313  0.001
 266 G   0.99951 0.00000 0.00049 ( 1)  0.307  0.000
 267 P   0.99891 0.00000 0.00109 ( 1)  0.518  0.001
 268 A   0.99927 0.00000 0.00073 ( 1)  0.392  0.001
 269 M   0.99969 0.00000 0.00031 ( 1)  0.245  0.000
 270 D   0.99952 0.00000 0.00048 ( 1)  0.305  0.000
 271 G   0.99951 0.00000 0.00049 ( 1)  0.307  0.000
 272 I   0.99968 0.00000 0.00031 ( 1)  0.247  0.000
 273 G   0.99951 0.00000 0.00049 ( 1)  0.307  0.000
 274 G   0.99946 0.00000 0.00053 ( 1)  0.324  0.001
 275 L   0.99939 0.00000 0.00061 ( 1)  0.350  0.001
 276 V   0.99936 0.00000 0.00064 ( 1)  0.359  0.001
 277 R   0.99937 0.00000 0.00062 ( 1)  0.356  0.001
 278 T   0.99921 0.00000 0.00079 ( 1)  0.413  0.001
 279 P   0.99933 0.00000 0.00067 ( 1)  0.371  0.001
 280 R   0.99954 0.00000 0.00046 ( 1)  0.297  0.000
 281 G   0.99951 0.00000 0.00049 ( 1)  0.307  0.000
 282 C   0.99971 0.00000 0.00029 ( 1)  0.239  0.000
 283 G   0.99951 0.00000 0.00049 ( 1)  0.307  0.000
 284 E   0.99948 0.00000 0.00052 ( 1)  0.318  0.001
 285 Q   0.99942 0.00000 0.00058 ( 1)  0.339  0.001
 286 N   0.99974 0.00000 0.00026 ( 1)  0.229  0.000
 287 M   0.99969 0.00000 0.00031 ( 1)  0.245  0.000
 288 V   0.99936 0.00000 0.00064 ( 1)  0.359  0.001
 289 D   0.99952 0.00000 0.00048 ( 1)  0.305  0.000
 290 F   0.99970 0.00000 0.00029 ( 1)  0.241  0.000
 291 A   0.99869 0.00000 0.00131 ( 1)  0.595  0.001
 292 P   0.99942 0.00000 0.00058 ( 1)  0.341  0.001
 293 A   0.99925 0.00000 0.00075 ( 1)  0.399  0.001
 294 V   0.99937 0.00000 0.00062 ( 1)  0.355  0.001
 295 F   0.99970 0.00000 0.00029 ( 1)  0.241  0.000
 296 I   0.99968 0.00000 0.00031 ( 1)  0.247  0.000
 297 Y   0.99874 0.00000 0.00126 ( 1)  0.577  0.001
 298 R   0.99937 0.00000 0.00062 ( 1)  0.356  0.001
 299 Y   0.99969 0.00000 0.00030 ( 1)  0.244  0.000
 300 L   0.99950 0.00000 0.00050 ( 1)  0.313  0.001
 301 R   0.99861 0.00000 0.00139 ( 1)  0.622  0.001
 302 S   0.99958 0.00000 0.00041 ( 1)  0.282  0.000
 303 A   0.99925 0.00000 0.00075 ( 1)  0.399  0.001
 304 G   0.99951 0.00000 0.00049 ( 1)  0.307  0.000
 305 S   0.99974 0.00000 0.00026 ( 1)  0.228  0.000
 306 D   0.99952 0.00000 0.00048 ( 1)  0.305  0.000
 307 S   0.99974 0.00000 0.00026 ( 1)  0.228  0.000
 308 S   0.99965 0.00000 0.00035 ( 1)  0.261  0.000
 309 A   0.99927 0.00000 0.00073 ( 1)  0.392  0.001
 310 T   0.99961 0.00000 0.00039 ( 1)  0.273  0.000
 311 A   0.99927 0.00000 0.00073 ( 1)  0.392  0.001
 312 R   0.99954 0.00000 0.00046 ( 1)  0.297  0.000
 313 L   0.99939 0.00000 0.00061 ( 1)  0.350  0.001
 314 R   0.99954 0.00000 0.00046 ( 1)  0.297  0.000
 315 Q   0.99942 0.00000 0.00058 ( 1)  0.339  0.001
 316 K   0.99971 0.00000 0.00029 ( 1)  0.240  0.000
 317 A   0.99927 0.00000 0.00073 ( 1)  0.392  0.001
 318 L   0.99939 0.00000 0.00061 ( 1)  0.350  0.001
 319 D   0.99952 0.00000 0.00048 ( 1)  0.305  0.000
 320 A   0.99927 0.00000 0.00073 ( 1)  0.392  0.001
 321 M   0.99969 0.00000 0.00031 ( 1)  0.245  0.000
 322 R   0.99954 0.00000 0.00046 ( 1)  0.297  0.000
 323 T   0.99962 0.00000 0.00038 ( 1)  0.269  0.000
 324 G   0.99951 0.00000 0.00049 ( 1)  0.307  0.000
 325 Y   0.99969 0.00000 0.00030 ( 1)  0.244  0.000
 326 Q   0.99942 0.00000 0.00058 ( 1)  0.339  0.001
 327 R   0.99970 0.00000 0.00029 ( 1)  0.241  0.000
 328 E   0.99948 0.00000 0.00052 ( 1)  0.318  0.001
 329 L   0.99939 0.00000 0.00061 ( 1)  0.350  0.001
 330 T   0.99962 0.00000 0.00038 ( 1)  0.269  0.000
 331 Y   0.99969 0.00000 0.00030 ( 1)  0.244  0.000
 332 R   0.99753 0.00000 0.00247 ( 1)  0.997  0.002
 333 R   0.99937 0.00000 0.00062 ( 1)  0.356  0.001
 334 D   0.99952 0.00000 0.00048 ( 1)  0.305  0.000
 335 D   0.99952 0.00000 0.00048 ( 1)  0.305  0.000
 336 G   0.99951 0.00000 0.00049 ( 1)  0.307  0.000
 337 S   0.99965 0.00000 0.00035 ( 1)  0.261  0.000
 338 Y   0.99969 0.00000 0.00030 ( 1)  0.244  0.000
 339 S   0.99974 0.00000 0.00026 ( 1)  0.228  0.000
 340 A   0.99869 0.00000 0.00131 ( 1)  0.595  0.001
 341 F   0.99970 0.00000 0.00029 ( 1)  0.241  0.000
 342 G   0.99951 0.00000 0.00049 ( 1)  0.307  0.000
 343 K   0.99971 0.00000 0.00029 ( 1)  0.240  0.000
 344 A   0.99927 0.00000 0.00073 ( 1)  0.392  0.001
 345 D   0.99952 0.00000 0.00048 ( 1)  0.305  0.000
 346 A   0.99846 0.00000 0.00154 ( 1)  0.673  0.002
 347 A   0.99927 0.00000 0.00073 ( 1)  0.392  0.001
 348 G   0.99951 0.00000 0.00049 ( 1)  0.307  0.000
 349 S   0.99974 0.00000 0.00026 ( 1)  0.228  0.000
 350 V   0.99937 0.00000 0.00062 ( 1)  0.355  0.001
 351 W   0.99957 0.00000 0.00043 ( 1)  0.288  0.000
 352 L   0.99939 0.00000 0.00061 ( 1)  0.350  0.001
 353 T   0.99921 0.00000 0.00079 ( 1)  0.413  0.001
 354 A   0.99927 0.00000 0.00073 ( 1)  0.392  0.001
 355 F   0.99970 0.00000 0.00029 ( 1)  0.241  0.000
 356 V   0.99936 0.00000 0.00064 ( 1)  0.359  0.001
 357 L   0.99950 0.00000 0.00050 ( 1)  0.313  0.001
 358 S   0.99974 0.00000 0.00026 ( 1)  0.228  0.000
 359 V   0.99936 0.00000 0.00064 ( 1)  0.359  0.001
 360 Y   0.99969 0.00000 0.00030 ( 1)  0.244  0.000
 361 A   0.99927 0.00000 0.00073 ( 1)  0.392  0.001
 362 Q   0.99942 0.00000 0.00058 ( 1)  0.339  0.001
 363 A   0.99925 0.00000 0.00075 ( 1)  0.399  0.001
 364 A   0.99927 0.00000 0.00073 ( 1)  0.392  0.001
 365 E   0.99948 0.00000 0.00052 ( 1)  0.318  0.001
 366 F   0.99970 0.00000 0.00029 ( 1)  0.241  0.000
 367 I   0.99968 0.00000 0.00031 ( 1)  0.247  0.000
 368 A   0.99925 0.00000 0.00075 ( 1)  0.399  0.001
 369 V   0.99936 0.00000 0.00064 ( 1)  0.359  0.001
 370 D   0.99952 0.00000 0.00048 ( 1)  0.305  0.000
 371 P   0.99827 0.00000 0.00173 ( 1)  0.742  0.002
 372 A   0.99869 0.00000 0.00131 ( 1)  0.595  0.001
 373 A   0.99925 0.00000 0.00075 ( 1)  0.399  0.001
 374 V   0.99936 0.00000 0.00064 ( 1)  0.359  0.001
 375 T   0.99961 0.00000 0.00039 ( 1)  0.273  0.000
 376 G   0.99951 0.00000 0.00049 ( 1)  0.307  0.000
 377 N   0.99974 0.00000 0.00026 ( 1)  0.229  0.000
 378 S   0.99958 0.00000 0.00041 ( 1)  0.282  0.000
 379 I   0.99968 0.00000 0.00031 ( 1)  0.247  0.000
 380 M   0.99969 0.00000 0.00031 ( 1)  0.245  0.000
 381 F   0.99970 0.00000 0.00029 ( 1)  0.241  0.000
 382 L   0.99939 0.00000 0.00061 ( 1)  0.350  0.001
 383 L   0.99939 0.00000 0.00061 ( 1)  0.350  0.001
 384 S   0.99974 0.00000 0.00026 ( 1)  0.228  0.000
 385 R   0.99954 0.00000 0.00046 ( 1)  0.297  0.000
 386 Q   0.99942 0.00000 0.00058 ( 1)  0.339  0.001
 387 D   0.99952 0.00000 0.00048 ( 1)  0.305  0.000
 388 P   0.99933 0.00000 0.00067 ( 1)  0.371  0.001
 389 S   0.99900 0.00000 0.00099 ( 1)  0.484  0.001
 390 G   0.99951 0.00000 0.00049 ( 1)  0.307  0.000
 391 R   0.99954 0.00000 0.00046 ( 1)  0.297  0.000
 392 F   0.99970 0.00000 0.00029 ( 1)  0.241  0.000
 393 T   0.99962 0.00000 0.00038 ( 1)  0.269  0.000
 394 E   0.99948 0.00000 0.00052 ( 1)  0.318  0.001
 395 P   0.99942 0.00000 0.00058 ( 1)  0.341  0.001
 396 E   0.99948 0.00000 0.00052 ( 1)  0.318  0.001
 397 G   0.99951 0.00000 0.00049 ( 1)  0.307  0.000
 398 A   0.99869 0.00000 0.00131 ( 1)  0.595  0.001
 399 R   0.99937 0.00000 0.00062 ( 1)  0.356  0.001
 400 V   0.99936 0.00000 0.00064 ( 1)  0.359  0.001
 401 L   0.99939 0.00000 0.00061 ( 1)  0.350  0.001
 402 D   0.99952 0.00000 0.00048 ( 1)  0.305  0.000
 403 T   0.99962 0.00000 0.00038 ( 1)  0.269  0.000
 404 S   0.99974 0.00000 0.00026 ( 1)  0.228  0.000
 405 L   0.99939 0.00000 0.00061 ( 1)  0.350  0.001
 406 Q   0.99828 0.00000 0.00172 ( 1)  0.736  0.002
 407 G   0.99885 0.00000 0.00115 ( 1)  0.539  0.001
 408 E   0.99897 0.00000 0.00102 ( 1)  0.495  0.001
 409 A   0.99927 0.00000 0.00073 ( 1)  0.392  0.001
 410 G   0.99951 0.00000 0.00049 ( 1)  0.307  0.000
 411 K   0.99894 0.00000 0.00106 ( 1)  0.506  0.001
 412 A   0.99927 0.00000 0.00073 ( 1)  0.392  0.001
 413 S   0.99900 0.00000 0.00099 ( 1)  0.484  0.001
 414 L   0.99880 0.00000 0.00120 ( 1)  0.555  0.001
 415 G   0.99845 0.00000 0.00154 ( 1)  0.676  0.002
 416 M   0.99969 0.00000 0.00031 ( 1)  0.245  0.000
 417 S   0.99958 0.00000 0.00041 ( 1)  0.282  0.000
 418 A   0.99927 0.00000 0.00073 ( 1)  0.392  0.001
 419 F   0.99970 0.00000 0.00029 ( 1)  0.241  0.000
 420 I   0.99968 0.00000 0.00031 ( 1)  0.247  0.000
 421 C   0.99971 0.00000 0.00029 ( 1)  0.239  0.000
 422 S   0.99965 0.00000 0.00035 ( 1)  0.261  0.000
 423 A   0.99846 0.00000 0.00154 ( 1)  0.673  0.002
 424 L   0.99939 0.00000 0.00061 ( 1)  0.350  0.001
 425 I   0.81363 0.00001 0.18636 ( 1) 65.034  0.186
 426 D   0.99952 0.00000 0.00048 ( 1)  0.305  0.000
 427 V   0.99887 0.00000 0.00113 ( 1)  0.532  0.001
 428 R   0.99753 0.00000 0.00247 ( 1)  0.997  0.002
 429 D   0.99952 0.00000 0.00048 ( 1)  0.305  0.000
 430 A   0.99869 0.00000 0.00131 ( 1)  0.595  0.001
 431 V   0.99936 0.00000 0.00064 ( 1)  0.359  0.001
 432 E   0.99897 0.00000 0.00102 ( 1)  0.495  0.001
 433 L   0.99953 0.00000 0.00047 ( 1)  0.300  0.000
 434 L   0.99939 0.00000 0.00061 ( 1)  0.350  0.001
 435 P   0.99933 0.00000 0.00067 ( 1)  0.371  0.001
 436 A   0.99927 0.00000 0.00073 ( 1)  0.392  0.001
 437 L   0.99939 0.00000 0.00061 ( 1)  0.350  0.001
 438 R   0.99937 0.00000 0.00062 ( 1)  0.356  0.001
 439 T   0.99961 0.00000 0.00039 ( 1)  0.273  0.000
 440 P   0.99866 0.00000 0.00133 ( 1)  0.603  0.001
 441 E   0.99948 0.00000 0.00052 ( 1)  0.318  0.001
 442 W   0.99957 0.00000 0.00043 ( 1)  0.288  0.000
 443 P   0.99933 0.00000 0.00067 ( 1)  0.371  0.001
 444 L   0.99939 0.00000 0.00061 ( 1)  0.350  0.001
 445 L   0.99939 0.00000 0.00061 ( 1)  0.350  0.001
 446 P   0.99942 0.00000 0.00058 ( 1)  0.341  0.001
 447 V   0.99936 0.00000 0.00064 ( 1)  0.359  0.001
 448 S   0.99965 0.00000 0.00035 ( 1)  0.261  0.000
 449 T   0.99962 0.00000 0.00038 ( 1)  0.269  0.000
 450 A   0.99925 0.00000 0.00075 ( 1)  0.399  0.001
 451 L   0.99939 0.00000 0.00061 ( 1)  0.350  0.001
 452 R   0.99954 0.00000 0.00046 ( 1)  0.297  0.000
 453 R   0.99954 0.00000 0.00046 ( 1)  0.297  0.000
 454 C   0.99971 0.00000 0.00029 ( 1)  0.239  0.000
 455 V   0.99937 0.00000 0.00062 ( 1)  0.355  0.001
 456 D   0.99952 0.00000 0.00048 ( 1)  0.305  0.000
 457 L   0.99950 0.00000 0.00050 ( 1)  0.313  0.001
 458 F   0.99918 0.00000 0.00082 ( 1)  0.422  0.001
 459 K   0.99971 0.00000 0.00029 ( 1)  0.240  0.000
 460 L   0.99939 0.00000 0.00061 ( 1)  0.350  0.001
 461 E   0.99948 0.00000 0.00052 ( 1)  0.318  0.001
 462 F   0.99970 0.00000 0.00029 ( 1)  0.241  0.000
 463 K   0.99894 0.00000 0.00106 ( 1)  0.506  0.001
 464 Q   0.99942 0.00000 0.00058 ( 1)  0.339  0.001
 465 R   0.99937 0.00000 0.00062 ( 1)  0.356  0.001
 466 L   0.99939 0.00000 0.00061 ( 1)  0.350  0.001
 467 A   0.99927 0.00000 0.00073 ( 1)  0.392  0.001
 468 D   0.99910 0.00000 0.00090 ( 1)  0.450  0.001
 469 F   0.99918 0.00000 0.00082 ( 1)  0.422  0.001
 470 D   0.99952 0.00000 0.00048 ( 1)  0.305  0.000
 471 T   0.99961 0.00000 0.00039 ( 1)  0.273  0.000
 472 R   0.99954 0.00000 0.00046 ( 1)  0.297  0.000
 473 D   0.99952 0.00000 0.00048 ( 1)  0.305  0.000
 474 M   0.99969 0.00000 0.00031 ( 1)  0.245  0.000
 475 A   0.99925 0.00000 0.00075 ( 1)  0.399  0.001
 476 L   0.99939 0.00000 0.00061 ( 1)  0.350  0.001
 477 A   0.99927 0.00000 0.00073 ( 1)  0.392  0.001
 478 A   0.99927 0.00000 0.00073 ( 1)  0.392  0.001
 479 Y   0.99969 0.00000 0.00030 ( 1)  0.244  0.000
 480 F   0.99970 0.00000 0.00029 ( 1)  0.241  0.000
 481 L   0.99798 0.00000 0.00202 ( 1)  0.843  0.002
 482 W   0.99957 0.00000 0.00043 ( 1)  0.288  0.000
 483 R   0.99954 0.00000 0.00046 ( 1)  0.297  0.000
 484 A   0.99927 0.00000 0.00073 ( 1)  0.392  0.001
 485 Q   0.17553 0.00000 0.82447 ( 3) 287.235  0.824
 486 L   0.99939 0.00000 0.00061 ( 1)  0.350  0.001
 487 A   0.99869 0.00000 0.00131 ( 1)  0.595  0.001
 488 G   0.99951 0.00000 0.00049 ( 1)  0.307  0.000
 489 E   0.99897 0.00000 0.00102 ( 1)  0.495  0.001
 490 G   0.99845 0.00000 0.00154 ( 1)  0.676  0.002
 491 G   0.99845 0.00000 0.00154 ( 1)  0.676  0.002
 492 D   0.99952 0.00000 0.00048 ( 1)  0.305  0.000
 493 A   0.99925 0.00000 0.00075 ( 1)  0.399  0.001
 494 T   0.99961 0.00000 0.00039 ( 1)  0.273  0.000
 495 K   0.99971 0.00000 0.00029 ( 1)  0.240  0.000
 496 S   0.99974 0.00000 0.00026 ( 1)  0.228  0.000
 497 L   0.99939 0.00000 0.00061 ( 1)  0.350  0.001
 498 A   0.99925 0.00000 0.00075 ( 1)  0.399  0.001
 499 K   0.99971 0.00000 0.00029 ( 1)  0.240  0.000
 500 R   0.99954 0.00000 0.00046 ( 1)  0.297  0.000
 501 V   0.99937 0.00000 0.00062 ( 1)  0.355  0.001
 502 W   0.99957 0.00000 0.00043 ( 1)  0.288  0.000
 503 E   0.99948 0.00000 0.00052 ( 1)  0.318  0.001
 504 A   0.99927 0.00000 0.00073 ( 1)  0.392  0.001
 505 F   0.99970 0.00000 0.00029 ( 1)  0.241  0.000
 506 N   0.99925 0.00000 0.00075 ( 1)  0.400  0.001
 507 A   0.99927 0.00000 0.00073 ( 1)  0.392  0.001
 508 R   0.99954 0.00000 0.00046 ( 1)  0.297  0.000
 509 A   0.99927 0.00000 0.00073 ( 1)  0.392  0.001
 510 E   0.99948 0.00000 0.00052 ( 1)  0.318  0.001
 511 S   0.99921 0.00000 0.00079 ( 1)  0.412  0.001
 512 D   0.99952 0.00000 0.00048 ( 1)  0.305  0.000
 513 H   0.99955 0.00000 0.00045 ( 1)  0.296  0.000
 514 S   0.99958 0.00000 0.00041 ( 1)  0.282  0.000
 515 A   0.99925 0.00000 0.00075 ( 1)  0.399  0.001
 516 R   0.99884 0.00000 0.00116 ( 1)  0.541  0.001
 517 L   0.99939 0.00000 0.00061 ( 1)  0.350  0.001
 518 Y   0.99969 0.00000 0.00030 ( 1)  0.244  0.000
 519 F   0.99970 0.00000 0.00029 ( 1)  0.241  0.000
 520 W   0.99957 0.00000 0.00043 ( 1)  0.288  0.000
 521 K   0.99971 0.00000 0.00029 ( 1)  0.240  0.000
 522 G   0.99885 0.00000 0.00115 ( 1)  0.539  0.001
 523 S   0.99850 0.00000 0.00150 ( 1)  0.661  0.002
 524 V   0.99936 0.00000 0.00064 ( 1)  0.359  0.001
 525 E   0.99948 0.00000 0.00052 ( 1)  0.318  0.001
 526 V   0.99937 0.00000 0.00062 ( 1)  0.355  0.001
 527 T   0.99962 0.00000 0.00038 ( 1)  0.269  0.000
 528 A   0.99927 0.00000 0.00073 ( 1)  0.392  0.001
 529 Y   0.99969 0.00000 0.00030 ( 1)  0.244  0.000
 530 G   0.99951 0.00000 0.00049 ( 1)  0.307  0.000
 531 V   0.99937 0.00000 0.00062 ( 1)  0.355  0.001
 532 L   0.99950 0.00000 0.00050 ( 1)  0.313  0.001
 533 T   0.99962 0.00000 0.00038 ( 1)  0.269  0.000
 534 A   0.99927 0.00000 0.00073 ( 1)  0.392  0.001
 535 L   0.99939 0.00000 0.00061 ( 1)  0.350  0.001
 536 L   0.99939 0.00000 0.00061 ( 1)  0.350  0.001
 537 A   0.99927 0.00000 0.00073 ( 1)  0.392  0.001
 538 E   0.99948 0.00000 0.00052 ( 1)  0.318  0.001
 539 S   0.99958 0.00000 0.00041 ( 1)  0.282  0.000
 540 S   0.99974 0.00000 0.00026 ( 1)  0.228  0.000
 541 S   0.99974 0.00000 0.00026 ( 1)  0.228  0.000
 542 E   0.99897 0.00000 0.00102 ( 1)  0.495  0.001
 543 A   0.99927 0.00000 0.00073 ( 1)  0.392  0.001
 544 A   0.99925 0.00000 0.00075 ( 1)  0.399  0.001
 545 A   0.99925 0.00000 0.00075 ( 1)  0.399  0.001
 546 A   0.99927 0.00000 0.00073 ( 1)  0.392  0.001
 547 K   0.99971 0.00000 0.00029 ( 1)  0.240  0.000
 548 A   0.99925 0.00000 0.00075 ( 1)  0.399  0.001
 549 A   0.99869 0.00000 0.00131 ( 1)  0.595  0.001
 550 L   0.99953 0.00000 0.00047 ( 1)  0.300  0.000
 551 P   0.99933 0.00000 0.00067 ( 1)  0.371  0.001
 552 A   0.99927 0.00000 0.00073 ( 1)  0.392  0.001
 553 L   0.99939 0.00000 0.00061 ( 1)  0.350  0.001
 554 Q   0.99828 0.00000 0.00172 ( 1)  0.736  0.002
 555 W   0.99957 0.00000 0.00043 ( 1)  0.288  0.000
 556 L   0.99939 0.00000 0.00061 ( 1)  0.350  0.001
 557 V   0.99937 0.00000 0.00062 ( 1)  0.355  0.001
 558 S   0.99974 0.00000 0.00026 ( 1)  0.228  0.000
 559 K   0.99971 0.00000 0.00029 ( 1)  0.240  0.000
 560 Q   0.99942 0.00000 0.00058 ( 1)  0.339  0.001
 561 T   0.99961 0.00000 0.00039 ( 1)  0.273  0.000
 562 D   0.99952 0.00000 0.00048 ( 1)  0.305  0.000
 563 Q   0.99942 0.00000 0.00058 ( 1)  0.339  0.001
 564 G   0.99951 0.00000 0.00049 ( 1)  0.307  0.000
 565 G   0.99951 0.00000 0.00049 ( 1)  0.307  0.000
 566 F   0.99970 0.00000 0.00029 ( 1)  0.241  0.000
 567 H   0.99955 0.00000 0.00045 ( 1)  0.296  0.000
 568 D   0.99952 0.00000 0.00048 ( 1)  0.305  0.000
 569 T   0.99961 0.00000 0.00039 ( 1)  0.273  0.000
 570 Q   0.99942 0.00000 0.00058 ( 1)  0.339  0.001
 571 S   0.99974 0.00000 0.00026 ( 1)  0.228  0.000
 572 T   0.99962 0.00000 0.00038 ( 1)  0.269  0.000
 573 V   0.99936 0.00000 0.00064 ( 1)  0.359  0.001
 574 V   0.99937 0.00000 0.00062 ( 1)  0.355  0.001
 575 G   0.99951 0.00000 0.00049 ( 1)  0.307  0.000
 576 I   0.99968 0.00000 0.00031 ( 1)  0.247  0.000
 577 R   0.99954 0.00000 0.00046 ( 1)  0.297  0.000
 578 A   0.99927 0.00000 0.00073 ( 1)  0.392  0.001
 579 I   0.99968 0.00000 0.00031 ( 1)  0.247  0.000
 580 A   0.99927 0.00000 0.00073 ( 1)  0.392  0.001
 581 A   0.99927 0.00000 0.00073 ( 1)  0.392  0.001
 582 F   0.99970 0.00000 0.00029 ( 1)  0.241  0.000
 583 A   0.99927 0.00000 0.00073 ( 1)  0.392  0.001
 584 T   0.99961 0.00000 0.00039 ( 1)  0.273  0.000
 585 A   0.99927 0.00000 0.00073 ( 1)  0.392  0.001
 586 T   0.99921 0.00000 0.00079 ( 1)  0.413  0.001
 587 G   0.99946 0.00000 0.00053 ( 1)  0.324  0.001
 588 A   0.99927 0.00000 0.00073 ( 1)  0.392  0.001
 589 S   0.99965 0.00000 0.00035 ( 1)  0.261  0.000
 590 G   0.99845 0.00000 0.00154 ( 1)  0.676  0.002
 591 P   0.99933 0.00000 0.00067 ( 1)  0.371  0.001
 592 T   0.99921 0.00000 0.00079 ( 1)  0.413  0.001
 593 R   0.99937 0.00000 0.00062 ( 1)  0.356  0.001
 594 A   0.99927 0.00000 0.00073 ( 1)  0.392  0.001
 595 R   0.99753 0.00000 0.00247 ( 1)  0.997  0.002
 596 I   0.99936 0.00000 0.00063 ( 1)  0.359  0.001
 597 E   0.99897 0.00000 0.00102 ( 1)  0.495  0.001
 598 I   0.99968 0.00000 0.00031 ( 1)  0.247  0.000
 599 F   0.99970 0.00000 0.00029 ( 1)  0.241  0.000
 600 A   0.99927 0.00000 0.00073 ( 1)  0.392  0.001
 601 K   0.99894 0.00000 0.00106 ( 1)  0.506  0.001
 602 A   0.99927 0.00000 0.00073 ( 1)  0.392  0.001
 603 A   0.99927 0.00000 0.00073 ( 1)  0.392  0.001
 604 A   0.99927 0.00000 0.00073 ( 1)  0.392  0.001
 605 V   0.99937 0.00000 0.00062 ( 1)  0.355  0.001
 606 A   0.99927 0.00000 0.00073 ( 1)  0.392  0.001
 607 A   0.99927 0.00000 0.00073 ( 1)  0.392  0.001
 608 T   0.99962 0.00000 0.00038 ( 1)  0.269  0.000
 609 N   0.99925 0.00000 0.00075 ( 1)  0.400  0.001
 610 S   0.99965 0.00000 0.00035 ( 1)  0.261  0.000
 611 S   0.99974 0.00000 0.00026 ( 1)  0.228  0.000
 612 T   0.99962 0.00000 0.00038 ( 1)  0.269  0.000
 613 V   0.99936 0.00000 0.00064 ( 1)  0.359  0.001
 614 V   0.80929 0.00001 0.19070 ( 1) 66.543  0.191
 615 N   0.99974 0.00000 0.00026 ( 1)  0.229  0.000
 616 I   0.99968 0.00000 0.00031 ( 1)  0.247  0.000
 617 E   0.99897 0.00000 0.00102 ( 1)  0.495  0.001
 618 P   0.99942 0.00000 0.00058 ( 1)  0.341  0.001
 619 D   0.99952 0.00000 0.00048 ( 1)  0.305  0.000
 620 D   0.99910 0.00000 0.00090 ( 1)  0.450  0.001
 621 R   0.99861 0.00000 0.00139 ( 1)  0.622  0.001
 622 R   0.99954 0.00000 0.00046 ( 1)  0.297  0.000
 623 V   0.99887 0.00000 0.00113 ( 1)  0.532  0.001
 624 V   0.99887 0.00000 0.00113 ( 1)  0.532  0.001
 625 R   0.99954 0.00000 0.00046 ( 1)  0.297  0.000
 626 R   0.99954 0.00000 0.00046 ( 1)  0.297  0.000
 627 R   0.99861 0.00000 0.00139 ( 1)  0.622  0.001
 628 L   0.99939 0.00000 0.00061 ( 1)  0.350  0.001
 629 L   0.99880 0.00000 0.00120 ( 1)  0.555  0.001
 630 G   0.99951 0.00000 0.00049 ( 1)  0.307  0.000
 631 R   0.99954 0.00000 0.00046 ( 1)  0.297  0.000
 632 G   0.99951 0.00000 0.00049 ( 1)  0.307  0.000
 633 D   0.99952 0.00000 0.00048 ( 1)  0.305  0.000
 634 A   0.99927 0.00000 0.00073 ( 1)  0.392  0.001
 635 A   0.99927 0.00000 0.00073 ( 1)  0.392  0.001
 636 A   0.99869 0.00000 0.00131 ( 1)  0.595  0.001
 637 E   0.99897 0.00000 0.00102 ( 1)  0.495  0.001
 638 F   0.99970 0.00000 0.00029 ( 1)  0.241  0.000
 639 S   0.99965 0.00000 0.00035 ( 1)  0.261  0.000
 640 S   0.99900 0.00000 0.00099 ( 1)  0.484  0.001
 641 V   0.99937 0.00000 0.00062 ( 1)  0.355  0.001
 642 T   0.99962 0.00000 0.00038 ( 1)  0.269  0.000
 643 V   0.99937 0.00000 0.00062 ( 1)  0.355  0.001
 644 R   0.99954 0.00000 0.00046 ( 1)  0.297  0.000
 645 A   0.99927 0.00000 0.00073 ( 1)  0.392  0.001
 646 E   0.99948 0.00000 0.00052 ( 1)  0.318  0.001
 647 G   0.99951 0.00000 0.00049 ( 1)  0.307  0.000
 648 T   0.99962 0.00000 0.00038 ( 1)  0.269  0.000
 649 G   0.99951 0.00000 0.00049 ( 1)  0.307  0.000
 650 I   0.99968 0.00000 0.00031 ( 1)  0.247  0.000
 651 A   0.99927 0.00000 0.00073 ( 1)  0.392  0.001
 652 L   0.99953 0.00000 0.00047 ( 1)  0.300  0.000
 653 A   0.99925 0.00000 0.00075 ( 1)  0.399  0.001
 654 T   0.99962 0.00000 0.00038 ( 1)  0.269  0.000
 655 A   0.99925 0.00000 0.00075 ( 1)  0.399  0.001
 656 A   0.99927 0.00000 0.00073 ( 1)  0.392  0.001
 657 W   0.99957 0.00000 0.00043 ( 1)  0.288  0.000
 658 Q   0.99942 0.00000 0.00058 ( 1)  0.339  0.001
 659 F   0.99970 0.00000 0.00029 ( 1)  0.241  0.000
 660 N   0.99974 0.00000 0.00026 ( 1)  0.229  0.000
 661 L   0.99939 0.00000 0.00061 ( 1)  0.350  0.001
 662 R   0.99954 0.00000 0.00046 ( 1)  0.297  0.000
 663 D   0.99910 0.00000 0.00090 ( 1)  0.450  0.001
 664 P   0.99933 0.00000 0.00067 ( 1)  0.371  0.001
 665 E   0.99948 0.00000 0.00052 ( 1)  0.318  0.001
 666 R   0.99954 0.00000 0.00046 ( 1)  0.297  0.000
 667 R   0.99954 0.00000 0.00046 ( 1)  0.297  0.000
 668 S   0.99974 0.00000 0.00026 ( 1)  0.228  0.000
 669 L   0.99950 0.00000 0.00050 ( 1)  0.313  0.001
 670 V   0.99887 0.00000 0.00113 ( 1)  0.532  0.001
 671 A   0.99927 0.00000 0.00073 ( 1)  0.392  0.001
 672 D   0.99952 0.00000 0.00048 ( 1)  0.305  0.000
 673 W   0.99957 0.00000 0.00043 ( 1)  0.288  0.000
 674 T   0.99961 0.00000 0.00039 ( 1)  0.273  0.000
 675 E   0.99948 0.00000 0.00052 ( 1)  0.318  0.001
 676 S   0.99974 0.00000 0.00026 ( 1)  0.228  0.000
 677 S   0.99965 0.00000 0.00035 ( 1)  0.261  0.000
 678 G   0.99951 0.00000 0.00049 ( 1)  0.307  0.000
 679 L   0.99950 0.00000 0.00050 ( 1)  0.313  0.001
 680 G   0.99951 0.00000 0.00049 ( 1)  0.307  0.000
 681 L   0.99950 0.00000 0.00050 ( 1)  0.313  0.001
 682 R   0.99861 0.00000 0.00139 ( 1)  0.622  0.001
 683 L   0.99939 0.00000 0.00061 ( 1)  0.350  0.001
 684 A   0.99927 0.00000 0.00073 ( 1)  0.392  0.001
 685 A   0.99927 0.00000 0.00073 ( 1)  0.392  0.001
 686 P   0.99933 0.00000 0.00067 ( 1)  0.371  0.001
 687 P   0.99933 0.00000 0.00067 ( 1)  0.371  0.001
 688 K   0.99971 0.00000 0.00029 ( 1)  0.240  0.000
 689 V   0.99936 0.00000 0.00064 ( 1)  0.359  0.001
 690 P   0.20777 0.00000 0.79223 ( 3) 276.009  0.792
 691 P   0.99827 0.00000 0.00173 ( 1)  0.742  0.002
 692 G   0.99845 0.00000 0.00154 ( 1)  0.676  0.002
 693 A   0.99925 0.00000 0.00075 ( 1)  0.399  0.001
 694 A   0.99927 0.00000 0.00073 ( 1)  0.392  0.001
 695 F   0.99970 0.00000 0.00029 ( 1)  0.241  0.000
 696 A   0.99846 0.00000 0.00154 ( 1)  0.673  0.002
 697 F   0.99970 0.00000 0.00029 ( 1)  0.241  0.000
 698 S   0.99974 0.00000 0.00026 ( 1)  0.228  0.000
 699 V   0.99936 0.00000 0.00064 ( 1)  0.359  0.001
 700 C   0.99971 0.00000 0.00029 ( 1)  0.239  0.000
 701 A   0.99927 0.00000 0.00073 ( 1)  0.392  0.001
 702 R   0.99954 0.00000 0.00046 ( 1)  0.297  0.000
 703 A   0.99927 0.00000 0.00073 ( 1)  0.392  0.001
 704 S   0.99965 0.00000 0.00035 ( 1)  0.261  0.000
 705 G   0.99951 0.00000 0.00049 ( 1)  0.307  0.000
 706 T   0.99961 0.00000 0.00039 ( 1)  0.273  0.000
 707 Q   0.99942 0.00000 0.00058 ( 1)  0.339  0.001
 708 G   0.99951 0.00000 0.00049 ( 1)  0.307  0.000
 709 M   0.99969 0.00000 0.00031 ( 1)  0.245  0.000
 710 Y   0.99969 0.00000 0.00030 ( 1)  0.244  0.000
 711 I   0.99968 0.00000 0.00031 ( 1)  0.247  0.000
 712 L   0.99939 0.00000 0.00061 ( 1)  0.350  0.001
 713 T   0.99962 0.00000 0.00038 ( 1)  0.269  0.000
 714 I   0.99968 0.00000 0.00031 ( 1)  0.247  0.000
 715 S   0.99974 0.00000 0.00026 ( 1)  0.228  0.000
 716 S   0.99965 0.00000 0.00035 ( 1)  0.261  0.000
 717 P   0.99866 0.00000 0.00133 ( 1)  0.603  0.001
 718 S   0.99974 0.00000 0.00026 ( 1)  0.228  0.000
 719 G   0.99951 0.00000 0.00049 ( 1)  0.307  0.000
 720 Y   0.99969 0.00000 0.00030 ( 1)  0.244  0.000
 721 S   0.99958 0.00000 0.00041 ( 1)  0.282  0.000
 722 P   0.99933 0.00000 0.00067 ( 1)  0.371  0.001
 723 E   0.99948 0.00000 0.00052 ( 1)  0.318  0.001
 724 E   0.99948 0.00000 0.00052 ( 1)  0.318  0.001
 725 F   0.99970 0.00000 0.00029 ( 1)  0.241  0.000
 726 T   0.99962 0.00000 0.00038 ( 1)  0.269  0.000
 727 R   0.99884 0.00000 0.00116 ( 1)  0.541  0.001
 728 A   0.99869 0.00000 0.00131 ( 1)  0.595  0.001
 729 G   0.99885 0.00000 0.00115 ( 1)  0.539  0.001
 730 A   0.99869 0.00000 0.00131 ( 1)  0.595  0.001
 731 V   0.99936 0.00000 0.00064 ( 1)  0.359  0.001
 732 P   0.99942 0.00000 0.00058 ( 1)  0.341  0.001
 733 G   0.99951 0.00000 0.00049 ( 1)  0.307  0.000
 734 L   0.99939 0.00000 0.00061 ( 1)  0.350  0.001
 735 Q   0.99942 0.00000 0.00058 ( 1)  0.339  0.001
 736 L   0.99939 0.00000 0.00061 ( 1)  0.350  0.001
 737 V   0.99887 0.00000 0.00113 ( 1)  0.532  0.001
 738 E   0.99948 0.00000 0.00052 ( 1)  0.318  0.001
 739 A   0.99925 0.00000 0.00075 ( 1)  0.399  0.001
 740 G   0.99845 0.00000 0.00154 ( 1)  0.676  0.002
 741 P   0.99933 0.00000 0.00067 ( 1)  0.371  0.001
 742 L   0.99939 0.00000 0.00061 ( 1)  0.350  0.001
 743 Q   0.99942 0.00000 0.00058 ( 1)  0.339  0.001
 744 I   0.99936 0.00000 0.00063 ( 1)  0.359  0.001
 745 V   0.99937 0.00000 0.00062 ( 1)  0.355  0.001
 746 F   0.99970 0.00000 0.00029 ( 1)  0.241  0.000
 747 Y   0.99969 0.00000 0.00030 ( 1)  0.244  0.000
 748 F   0.99918 0.00000 0.00082 ( 1)  0.422  0.001
 749 D   0.99952 0.00000 0.00048 ( 1)  0.305  0.000
 750 R   0.99937 0.00000 0.00062 ( 1)  0.356  0.001
 751 L   0.99794 0.00000 0.00205 ( 1)  0.853  0.002
 752 M   0.99969 0.00000 0.00031 ( 1)  0.245  0.000
 753 A   0.99846 0.00000 0.00154 ( 1)  0.673  0.002
 754 K   0.99971 0.00000 0.00029 ( 1)  0.240  0.000
 755 K   0.99971 0.00000 0.00029 ( 1)  0.240  0.000
 756 E   0.99897 0.00000 0.00102 ( 1)  0.495  0.001
 757 V   0.99887 0.00000 0.00113 ( 1)  0.532  0.001
 758 C   0.99971 0.00000 0.00029 ( 1)  0.239  0.000
 759 V   0.99937 0.00000 0.00062 ( 1)  0.355  0.001
 760 Q   0.99942 0.00000 0.00058 ( 1)  0.339  0.001
 761 S   0.99958 0.00000 0.00041 ( 1)  0.282  0.000
 762 A   0.99927 0.00000 0.00073 ( 1)  0.392  0.001
 763 W   0.99957 0.00000 0.00043 ( 1)  0.288  0.000
 764 R   0.99970 0.00000 0.00029 ( 1)  0.241  0.000
 765 R   0.99937 0.00000 0.00062 ( 1)  0.356  0.001
 766 D   0.99952 0.00000 0.00048 ( 1)  0.305  0.000
 767 V   0.99937 0.00000 0.00062 ( 1)  0.355  0.001
 768 P   0.99933 0.00000 0.00067 ( 1)  0.371  0.001
 769 V   0.99936 0.00000 0.00064 ( 1)  0.359  0.001
 770 L   0.99939 0.00000 0.00061 ( 1)  0.350  0.001
 771 D   0.99910 0.00000 0.00090 ( 1)  0.450  0.001
 772 V   0.99937 0.00000 0.00062 ( 1)  0.355  0.001
 773 Q   0.99942 0.00000 0.00058 ( 1)  0.339  0.001
 774 P   0.99933 0.00000 0.00067 ( 1)  0.371  0.001
 775 Q   0.99942 0.00000 0.00058 ( 1)  0.339  0.001
 776 K   0.99971 0.00000 0.00029 ( 1)  0.240  0.000
 777 I   0.99936 0.00000 0.00063 ( 1)  0.359  0.001
 778 T   0.99961 0.00000 0.00039 ( 1)  0.273  0.000
 779 L   0.99939 0.00000 0.00061 ( 1)  0.350  0.001
 780 Q   0.99828 0.00000 0.00172 ( 1)  0.736  0.002
 781 K   0.99971 0.00000 0.00029 ( 1)  0.240  0.000
 782 Y   0.99969 0.00000 0.00030 ( 1)  0.244  0.000
 783 Y   0.99874 0.00000 0.00126 ( 1)  0.577  0.001
 784 N   0.99925 0.00000 0.00075 ( 1)  0.400  0.001
 785 P   0.99827 0.00000 0.00173 ( 1)  0.742  0.002
 786 E   0.99948 0.00000 0.00052 ( 1)  0.318  0.001
 787 L   0.99939 0.00000 0.00061 ( 1)  0.350  0.001
 788 V   0.99937 0.00000 0.00062 ( 1)  0.355  0.001
 789 N   0.99974 0.00000 0.00026 ( 1)  0.229  0.000
 790 T   0.99961 0.00000 0.00039 ( 1)  0.273  0.000
 791 V   0.99936 0.00000 0.00064 ( 1)  0.359  0.001
 792 F   0.99970 0.00000 0.00029 ( 1)  0.241  0.000
 793 Y   0.99969 0.00000 0.00030 ( 1)  0.244  0.000
 794 L   0.99953 0.00000 0.00047 ( 1)  0.300  0.000
 795 D   0.99952 0.00000 0.00048 ( 1)  0.305  0.000
 796 P   0.99933 0.00000 0.00067 ( 1)  0.371  0.001
 797 A   0.99869 0.00000 0.00131 ( 1)  0.595  0.001
 798 L   0.99953 0.00000 0.00047 ( 1)  0.300  0.000
 799 Q   0.99942 0.00000 0.00058 ( 1)  0.339  0.001
 800 S   0.99958 0.00000 0.00041 ( 1)  0.282  0.000
 801 V   0.99887 0.00000 0.00113 ( 1)  0.532  0.001
 802 G   0.99951 0.00000 0.00049 ( 1)  0.307  0.000
 803 R   0.99937 0.00000 0.00062 ( 1)  0.356  0.001
 804 C   0.99971 0.00000 0.00029 ( 1)  0.239  0.000
 805 Q   0.99942 0.00000 0.00058 ( 1)  0.339  0.001
 806 A   0.99927 0.00000 0.00073 ( 1)  0.392  0.001
 807 C   0.99887 0.00000 0.00113 ( 1)  0.532  0.001
 808 P   0.99827 0.00000 0.00173 ( 1)  0.742  0.002
 809 D   0.99952 0.00000 0.00048 ( 1)  0.305  0.000
 810 C   0.99887 0.00000 0.00113 ( 1)  0.532  0.001
 811 P   0.99933 0.00000 0.00067 ( 1)  0.371  0.001
 812 G   0.99845 0.00000 0.00154 ( 1)  0.676  0.002
 813 C   0.99887 0.00000 0.00113 ( 1)  0.532  0.001
 814 S   0.99958 0.00000 0.00041 ( 1)  0.282  0.000
 815 P   0.99933 0.00000 0.00067 ( 1)  0.371  0.001
 816 P   0.99933 0.00000 0.00067 ( 1)  0.371  0.001
 817 P   0.99933 0.00000 0.00067 ( 1)  0.371  0.001
 818 S   0.99958 0.00000 0.00041 ( 1)  0.282  0.000
 819 P   0.99827 0.00000 0.00173 ( 1)  0.742  0.002

Positively selected sites

	Prob(w>1)  mean w

   119 T      0.641         223.482
   152 S      0.856         298.364
   485 Q      0.824         287.235
   690 P      0.792         276.009


lnL = -3237.358730

Bayes Empirical Bayes (BEB) probabilities for 3 classes (class) & postmean_w
(amino acids refer to 1st sequence: Msl.28633)

   1 M   0.75589 0.17605 0.06806 ( 1)  0.517 +-  0.896
   2 M   0.75589 0.17605 0.06806 ( 1)  0.517 +-  0.896
   3 S   0.75017 0.17780 0.07203 ( 1)  0.537 +-  0.953
   4 L   0.75018 0.17780 0.07202 ( 1)  0.537 +-  0.953
   5 S   0.75377 0.17672 0.06951 ( 1)  0.524 +-  0.917
   6 I   0.75196 0.17728 0.07076 ( 1)  0.530 +-  0.935
   7 N   0.75252 0.17709 0.07039 ( 1)  0.529 +-  0.930
   8 R   0.74915 0.17809 0.07276 ( 1)  0.541 +-  0.964
   9 A   0.75651 0.17580 0.06769 ( 1)  0.515 +-  0.892
  10 H   0.75001 0.17785 0.07214 ( 1)  0.537 +-  0.955
  11 A   0.75546 0.17615 0.06839 ( 1)  0.519 +-  0.902
  12 P   0.75016 0.17780 0.07204 ( 1)  0.537 +-  0.953
  13 E   0.75010 0.17782 0.07207 ( 1)  0.537 +-  0.954
  14 G   0.75023 0.17778 0.07199 ( 1)  0.537 +-  0.952
  15 P   0.74994 0.17787 0.07219 ( 1)  0.538 +-  0.955
  16 P   0.74968 0.17794 0.07238 ( 1)  0.539 +-  0.958
  17 P   0.75016 0.17780 0.07204 ( 1)  0.537 +-  0.953
  18 A   0.75068 0.17765 0.07167 ( 1)  0.535 +-  0.948
  19 Q   0.75171 0.17734 0.07094 ( 1)  0.531 +-  0.937
  20 P   0.75016 0.17780 0.07204 ( 1)  0.537 +-  0.953
  21 E   0.75429 0.17655 0.06916 ( 1)  0.522 +-  0.912
  22 K   0.74984 0.17790 0.07226 ( 1)  0.538 +-  0.956
  23 S   0.75377 0.17672 0.06951 ( 1)  0.524 +-  0.917
  24 Q   0.75171 0.17734 0.07094 ( 1)  0.531 +-  0.937
  25 K   0.75386 0.17669 0.06945 ( 1)  0.524 +-  0.916
  26 R   0.75370 0.17674 0.06956 ( 1)  0.524 +-  0.917
  27 T   0.75070 0.17765 0.07165 ( 1)  0.535 +-  0.948
  28 Y   0.75312 0.17692 0.06996 ( 1)  0.526 +-  0.923
  29 F   0.75026 0.17778 0.07196 ( 1)  0.536 +-  0.952
  30 P   0.75464 0.17643 0.06893 ( 1)  0.521 +-  0.909
  31 E   0.75429 0.17655 0.06916 ( 1)  0.522 +-  0.912
  32 T   0.75668 0.17578 0.06753 ( 1)  0.514 +-  0.889
  33 M   0.75589 0.17605 0.06806 ( 1)  0.517 +-  0.896
  34 L   0.75475 0.17640 0.06885 ( 1)  0.521 +-  0.908
  35 W   0.75138 0.17745 0.07117 ( 1)  0.532 +-  0.941
  36 T   0.75070 0.17765 0.07165 ( 1)  0.535 +-  0.948
  37 M   0.75589 0.17605 0.06806 ( 1)  0.517 +-  0.896
  38 V   0.75572 0.17608 0.06820 ( 1)  0.518 +-  0.899
  39 E   0.75429 0.17655 0.06916 ( 1)  0.522 +-  0.912
  40 T   0.75070 0.17765 0.07165 ( 1)  0.535 +-  0.948
  41 D   0.75055 0.17769 0.07176 ( 1)  0.535 +-  0.949
  42 A   0.75651 0.17580 0.06769 ( 1)  0.515 +-  0.892
  43 S   0.74964 0.17795 0.07241 ( 1)  0.539 +-  0.958
  44 G   0.75492 0.17634 0.06874 ( 1)  0.520 +-  0.906
  45 R   0.75252 0.17710 0.07038 ( 1)  0.528 +-  0.929
  46 A   0.75651 0.17580 0.06769 ( 1)  0.515 +-  0.892
  47 S   0.75465 0.17645 0.06891 ( 1)  0.521 +-  0.908
  48 E   0.75010 0.17782 0.07207 ( 1)  0.537 +-  0.954
  49 S   0.75017 0.17780 0.07203 ( 1)  0.537 +-  0.953
  50 L   0.75243 0.17712 0.07045 ( 1)  0.529 +-  0.930
  51 Q   0.74944 0.17801 0.07255 ( 1)  0.539 +-  0.961
  52 L   0.75243 0.17712 0.07045 ( 1)  0.529 +-  0.930
  53 P   0.74968 0.17794 0.07238 ( 1)  0.539 +-  0.958
  54 D   0.75517 0.17626 0.06856 ( 1)  0.519 +-  0.904
  55 T   0.75668 0.17578 0.06753 ( 1)  0.514 +-  0.889
  56 I   0.75646 0.17586 0.06767 ( 1)  0.515 +-  0.891
  57 T   0.75559 0.17614 0.06827 ( 1)  0.518 +-  0.899
  58 S   0.75465 0.17645 0.06891 ( 1)  0.521 +-  0.908
  59 W   0.75138 0.17745 0.07117 ( 1)  0.532 +-  0.941
  60 D   0.75055 0.17769 0.07176 ( 1)  0.535 +-  0.949
  61 L   0.75121 0.17750 0.07130 ( 1)  0.533 +-  0.942
  62 T   0.75559 0.17614 0.06827 ( 1)  0.518 +-  0.899
  63 A   0.75546 0.17615 0.06839 ( 1)  0.519 +-  0.902
  64 F   0.75460 0.17646 0.06894 ( 1)  0.521 +-  0.909
  65 G   0.75492 0.17634 0.06874 ( 1)  0.520 +-  0.906
  66 I   0.75646 0.17586 0.06767 ( 1)  0.515 +-  0.891
  67 S   0.75472 0.17642 0.06886 ( 1)  0.521 +-  0.908
  68 S   0.75465 0.17645 0.06891 ( 1)  0.521 +-  0.908
  69 R   0.75252 0.17710 0.07038 ( 1)  0.528 +-  0.929
  70 H   0.75350 0.17680 0.06970 ( 1)  0.525 +-  0.920
  71 A   0.75651 0.17580 0.06769 ( 1)  0.515 +-  0.892
  72 I   0.75646 0.17586 0.06767 ( 1)  0.515 +-  0.891
  73 Q   0.75171 0.17734 0.07094 ( 1)  0.531 +-  0.937
  74 T   0.75559 0.17614 0.06827 ( 1)  0.518 +-  0.899
  75 V   0.75572 0.17608 0.06820 ( 1)  0.518 +-  0.899
  76 Q   0.75171 0.17734 0.07094 ( 1)  0.531 +-  0.937
  77 R   0.75331 0.17686 0.06984 ( 1)  0.526 +-  0.922
  78 P   0.75464 0.17643 0.06893 ( 1)  0.521 +-  0.909
  79 F   0.75460 0.17646 0.06894 ( 1)  0.521 +-  0.909
  80 Q   0.75171 0.17734 0.07094 ( 1)  0.531 +-  0.937
  81 V   0.75572 0.17608 0.06820 ( 1)  0.518 +-  0.899
  82 T   0.75559 0.17614 0.06827 ( 1)  0.518 +-  0.899
  83 S   0.75465 0.17645 0.06891 ( 1)  0.521 +-  0.908
  84 F   0.75460 0.17646 0.06894 ( 1)  0.521 +-  0.909
  85 K   0.75386 0.17669 0.06945 ( 1)  0.524 +-  0.916
  86 R   0.74978 0.17791 0.07231 ( 1)  0.538 +-  0.957
  87 F   0.75460 0.17646 0.06894 ( 1)  0.521 +-  0.909
  88 F   0.75460 0.17646 0.06894 ( 1)  0.521 +-  0.909
  89 A   0.75651 0.17580 0.06769 ( 1)  0.515 +-  0.892
  90 Q   0.75171 0.17734 0.07094 ( 1)  0.531 +-  0.937
  91 L   0.75243 0.17712 0.07045 ( 1)  0.529 +-  0.930
  92 T   0.75559 0.17614 0.06827 ( 1)  0.518 +-  0.899
  93 L   0.75243 0.17712 0.07045 ( 1)  0.529 +-  0.930
  94 P   0.75382 0.17669 0.06949 ( 1)  0.524 +-  0.917
  95 H   0.75350 0.17680 0.06970 ( 1)  0.525 +-  0.920
  96 S   0.75377 0.17672 0.06951 ( 1)  0.524 +-  0.917
  97 L   0.75121 0.17750 0.07130 ( 1)  0.533 +-  0.942
  98 I   0.75646 0.17586 0.06767 ( 1)  0.515 +-  0.891
  99 R   0.75331 0.17686 0.06984 ( 1)  0.526 +-  0.922
 100 G   0.75492 0.17634 0.06874 ( 1)  0.520 +-  0.906
 101 E   0.75429 0.17655 0.06916 ( 1)  0.522 +-  0.912
 102 S   0.75377 0.17672 0.06951 ( 1)  0.524 +-  0.917
 103 L   0.75243 0.17712 0.07045 ( 1)  0.529 +-  0.930
 104 L   0.75018 0.17780 0.07202 ( 1)  0.537 +-  0.953
 105 L   0.75475 0.17640 0.06885 ( 1)  0.521 +-  0.908
 106 R   0.75252 0.17710 0.07038 ( 1)  0.528 +-  0.929
 107 V   0.75572 0.17608 0.06820 ( 1)  0.518 +-  0.899
 108 L   0.75243 0.17712 0.07045 ( 1)  0.529 +-  0.930
 109 L   0.75243 0.17712 0.07045 ( 1)  0.529 +-  0.930
 110 F   0.75460 0.17646 0.06894 ( 1)  0.521 +-  0.909
 111 N   0.75475 0.17642 0.06884 ( 1)  0.521 +-  0.907
 112 F   0.75460 0.17646 0.06894 ( 1)  0.521 +-  0.909
 113 D   0.75517 0.17626 0.06856 ( 1)  0.519 +-  0.904
 114 S   0.75472 0.17642 0.06886 ( 1)  0.521 +-  0.908
 115 S   0.75472 0.17642 0.06886 ( 1)  0.521 +-  0.908
 116 N   0.75030 0.17776 0.07193 ( 1)  0.536 +-  0.952
 117 R   0.75252 0.17710 0.07038 ( 1)  0.528 +-  0.929
 118 L   0.75243 0.17712 0.07045 ( 1)  0.529 +-  0.930
 119 T   0.28094 0.32436 0.39470 ( 3)  2.165 +-  2.582
 120 I   0.75646 0.17586 0.06767 ( 1)  0.515 +-  0.891
 121 N   0.75475 0.17642 0.06884 ( 1)  0.521 +-  0.907
 122 A   0.75651 0.17580 0.06769 ( 1)  0.515 +-  0.892
 123 T   0.75668 0.17578 0.06753 ( 1)  0.514 +-  0.889
 124 L   0.75243 0.17712 0.07045 ( 1)  0.529 +-  0.930
 125 L   0.75121 0.17750 0.07130 ( 1)  0.533 +-  0.942
 126 I   0.75646 0.17586 0.06767 ( 1)  0.515 +-  0.891
 127 D   0.75517 0.17626 0.06856 ( 1)  0.519 +-  0.904
 128 S   0.75377 0.17672 0.06951 ( 1)  0.524 +-  0.917
 129 K   0.75183 0.17730 0.07087 ( 1)  0.531 +-  0.937
 130 A   0.75651 0.17580 0.06769 ( 1)  0.515 +-  0.892
 131 F   0.75460 0.17646 0.06894 ( 1)  0.521 +-  0.909
 132 E   0.75010 0.17782 0.07207 ( 1)  0.537 +-  0.954
 133 L   0.75243 0.17712 0.07045 ( 1)  0.529 +-  0.930
 134 T   0.75559 0.17614 0.06827 ( 1)  0.518 +-  0.899
 135 A   0.75546 0.17615 0.06839 ( 1)  0.519 +-  0.902
 136 L   0.75243 0.17712 0.07045 ( 1)  0.529 +-  0.930
 137 T   0.75559 0.17614 0.06827 ( 1)  0.518 +-  0.899
 138 A   0.75651 0.17580 0.06769 ( 1)  0.515 +-  0.892
 139 A   0.75068 0.17765 0.07167 ( 1)  0.535 +-  0.948
 140 G   0.74971 0.17793 0.07236 ( 1)  0.538 +-  0.958
 141 Q   0.75171 0.17734 0.07094 ( 1)  0.531 +-  0.937
 142 P   0.75464 0.17643 0.06893 ( 1)  0.521 +-  0.909
 143 A   0.75068 0.17765 0.07167 ( 1)  0.535 +-  0.948
 144 E   0.75429 0.17655 0.06916 ( 1)  0.522 +-  0.912
 145 H   0.75350 0.17680 0.06970 ( 1)  0.525 +-  0.920
 146 A   0.75546 0.17615 0.06839 ( 1)  0.519 +-  0.902
 147 I   0.75078 0.17763 0.07160 ( 1)  0.535 +-  0.947
 148 V   0.75681 0.17571 0.06748 ( 1)  0.514 +-  0.889
 149 N   0.75030 0.17776 0.07193 ( 1)  0.536 +-  0.952
 150 V   0.75572 0.17608 0.06820 ( 1)  0.518 +-  0.899
 151 E   0.75429 0.17655 0.06916 ( 1)  0.522 +-  0.912
 152 S   0.27282 0.31916 0.40802 ( 3)  2.241 +-  2.633
 153 N   0.75475 0.17642 0.06884 ( 1)  0.521 +-  0.907
 154 G   0.75492 0.17634 0.06874 ( 1)  0.520 +-  0.906
 155 V   0.75681 0.17571 0.06748 ( 1)  0.514 +-  0.889
 156 G   0.74971 0.17793 0.07236 ( 1)  0.538 +-  0.958
 157 L   0.75121 0.17750 0.07130 ( 1)  0.533 +-  0.942
 158 A   0.75546 0.17615 0.06839 ( 1)  0.519 +-  0.902
 159 V   0.75076 0.17763 0.07161 ( 1)  0.535 +-  0.947
 160 F   0.75460 0.17646 0.06894 ( 1)  0.521 +-  0.909
 161 G   0.75492 0.17634 0.06874 ( 1)  0.520 +-  0.906
 162 L   0.75243 0.17712 0.07045 ( 1)  0.529 +-  0.930
 163 R   0.74915 0.17809 0.07276 ( 1)  0.541 +-  0.964
 164 P   0.75382 0.17669 0.06949 ( 1)  0.524 +-  0.917
 165 K   0.74984 0.17790 0.07226 ( 1)  0.538 +-  0.956
 166 L   0.75243 0.17712 0.07045 ( 1)  0.529 +-  0.930
 167 V   0.75681 0.17571 0.06748 ( 1)  0.514 +-  0.889
 168 S   0.75472 0.17642 0.06886 ( 1)  0.521 +-  0.908
 169 E   0.75429 0.17655 0.06916 ( 1)  0.522 +-  0.912
 170 A   0.75546 0.17615 0.06839 ( 1)  0.519 +-  0.902
 171 A   0.75068 0.17765 0.07167 ( 1)  0.535 +-  0.948
 172 A   0.75546 0.17615 0.06839 ( 1)  0.519 +-  0.902
 173 V   0.75681 0.17571 0.06748 ( 1)  0.514 +-  0.889
 174 T   0.75668 0.17578 0.06753 ( 1)  0.514 +-  0.889
 175 V   0.75572 0.17608 0.06820 ( 1)  0.518 +-  0.899
 176 R   0.75252 0.17710 0.07038 ( 1)  0.528 +-  0.929
 177 A   0.75651 0.17580 0.06769 ( 1)  0.515 +-  0.892
 178 R   0.74978 0.17791 0.07231 ( 1)  0.538 +-  0.957
 179 A   0.75651 0.17580 0.06769 ( 1)  0.515 +-  0.892
 180 T   0.75668 0.17578 0.06753 ( 1)  0.514 +-  0.889
 181 W   0.75138 0.17745 0.07117 ( 1)  0.532 +-  0.941
 182 P   0.74968 0.17794 0.07238 ( 1)  0.539 +-  0.958
 183 D   0.75517 0.17626 0.06856 ( 1)  0.519 +-  0.904
 184 G   0.75023 0.17778 0.07199 ( 1)  0.537 +-  0.952
 185 R   0.75331 0.17686 0.06984 ( 1)  0.526 +-  0.922
 186 A   0.75651 0.17580 0.06769 ( 1)  0.515 +-  0.892
 187 E   0.75429 0.17655 0.06916 ( 1)  0.522 +-  0.912
 188 V   0.75076 0.17763 0.07161 ( 1)  0.535 +-  0.947
 189 D   0.75517 0.17626 0.06856 ( 1)  0.519 +-  0.904
 190 E   0.75429 0.17655 0.06916 ( 1)  0.522 +-  0.912
 191 V   0.75572 0.17608 0.06820 ( 1)  0.518 +-  0.899
 192 T   0.75559 0.17614 0.06827 ( 1)  0.518 +-  0.899
 193 R   0.74979 0.17791 0.07230 ( 1)  0.538 +-  0.957
 194 T   0.75559 0.17614 0.06827 ( 1)  0.518 +-  0.899
 195 L   0.75243 0.17712 0.07045 ( 1)  0.529 +-  0.930
 196 P   0.75382 0.17669 0.06949 ( 1)  0.524 +-  0.917
 197 V   0.75572 0.17608 0.06820 ( 1)  0.518 +-  0.899
 198 L   0.75018 0.17780 0.07202 ( 1)  0.537 +-  0.953
 199 P   0.75382 0.17669 0.06949 ( 1)  0.524 +-  0.917
 200 E   0.75429 0.17655 0.06916 ( 1)  0.522 +-  0.912
 201 G   0.75492 0.17634 0.06874 ( 1)  0.520 +-  0.906
 202 R   0.75331 0.17686 0.06984 ( 1)  0.526 +-  0.922
 203 T   0.75559 0.17614 0.06827 ( 1)  0.518 +-  0.899
 204 V   0.75572 0.17608 0.06820 ( 1)  0.518 +-  0.899
 205 R   0.75370 0.17674 0.06956 ( 1)  0.524 +-  0.917
 206 R   0.75252 0.17710 0.07038 ( 1)  0.528 +-  0.929
 207 A   0.75068 0.17765 0.07167 ( 1)  0.535 +-  0.948
 208 V   0.75681 0.17571 0.06748 ( 1)  0.514 +-  0.889
 209 T   0.75070 0.17765 0.07165 ( 1)  0.535 +-  0.948
 210 A   0.75651 0.17580 0.06769 ( 1)  0.515 +-  0.892
 211 L   0.75243 0.17712 0.07045 ( 1)  0.529 +-  0.930
 212 L   0.75243 0.17712 0.07045 ( 1)  0.529 +-  0.930
 213 S   0.75465 0.17645 0.06891 ( 1)  0.521 +-  0.908
 214 L   0.75243 0.17712 0.07045 ( 1)  0.529 +-  0.930
 215 R   0.75252 0.17710 0.07038 ( 1)  0.528 +-  0.929
 216 G   0.75492 0.17634 0.06874 ( 1)  0.520 +-  0.906
 217 D   0.75055 0.17769 0.07176 ( 1)  0.535 +-  0.949
 218 P   0.74968 0.17794 0.07238 ( 1)  0.539 +-  0.958
 219 T   0.75668 0.17578 0.06753 ( 1)  0.514 +-  0.889
 220 G   0.75023 0.17778 0.07199 ( 1)  0.537 +-  0.952
 221 S   0.75465 0.17645 0.06891 ( 1)  0.521 +-  0.908
 222 N   0.75030 0.17776 0.07193 ( 1)  0.536 +-  0.952
 223 S   0.75377 0.17672 0.06951 ( 1)  0.524 +-  0.917
 224 S   0.75472 0.17642 0.06886 ( 1)  0.521 +-  0.908
 225 A   0.75651 0.17580 0.06769 ( 1)  0.515 +-  0.892
 226 E   0.75429 0.17655 0.06916 ( 1)  0.522 +-  0.912
 227 T   0.75559 0.17614 0.06827 ( 1)  0.518 +-  0.899
 228 V   0.75076 0.17763 0.07161 ( 1)  0.535 +-  0.947
 229 Q   0.74944 0.17801 0.07255 ( 1)  0.539 +-  0.961
 230 S   0.75245 0.17711 0.07044 ( 1)  0.529 +-  0.930
 231 A   0.75651 0.17580 0.06769 ( 1)  0.515 +-  0.892
 232 E   0.75429 0.17655 0.06916 ( 1)  0.522 +-  0.912
 233 M   0.75589 0.17605 0.06806 ( 1)  0.517 +-  0.896
 234 V   0.75572 0.17608 0.06820 ( 1)  0.518 +-  0.899
 235 E   0.75010 0.17782 0.07207 ( 1)  0.537 +-  0.954
 236 I   0.75078 0.17763 0.07160 ( 1)  0.535 +-  0.947
 237 Y   0.75312 0.17692 0.06996 ( 1)  0.526 +-  0.923
 238 W   0.75138 0.17745 0.07117 ( 1)  0.532 +-  0.941
 239 P   0.75382 0.17669 0.06949 ( 1)  0.524 +-  0.917
 240 E   0.75429 0.17655 0.06916 ( 1)  0.522 +-  0.912
 241 A   0.75546 0.17615 0.06839 ( 1)  0.519 +-  0.902
 242 V   0.75681 0.17571 0.06748 ( 1)  0.514 +-  0.889
 243 Q   0.75171 0.17734 0.07094 ( 1)  0.531 +-  0.937
 244 A   0.75546 0.17615 0.06839 ( 1)  0.519 +-  0.902
 245 D   0.75517 0.17626 0.06856 ( 1)  0.519 +-  0.904
 246 G   0.75406 0.17662 0.06932 ( 1)  0.523 +-  0.914
 247 S   0.75377 0.17672 0.06951 ( 1)  0.524 +-  0.917
 248 I   0.75646 0.17586 0.06767 ( 1)  0.515 +-  0.891
 249 L   0.75243 0.17712 0.07045 ( 1)  0.529 +-  0.930
 250 V   0.75572 0.17608 0.06820 ( 1)  0.518 +-  0.899
 251 P   0.75464 0.17643 0.06893 ( 1)  0.521 +-  0.909
 252 G   0.75492 0.17634 0.06874 ( 1)  0.520 +-  0.906
 253 S   0.75472 0.17642 0.06886 ( 1)  0.521 +-  0.908
 254 Q   0.75171 0.17734 0.07094 ( 1)  0.531 +-  0.937
 255 L   0.75475 0.17640 0.06885 ( 1)  0.521 +-  0.908
 256 L   0.75243 0.17712 0.07045 ( 1)  0.529 +-  0.930
 257 S   0.75472 0.17642 0.06886 ( 1)  0.521 +-  0.908
 258 V   0.75572 0.17608 0.06820 ( 1)  0.518 +-  0.899
 259 S   0.75377 0.17672 0.06951 ( 1)  0.524 +-  0.917
 260 V   0.75572 0.17608 0.06820 ( 1)  0.518 +-  0.899
 261 V   0.75681 0.17571 0.06748 ( 1)  0.514 +-  0.889
 262 G   0.75492 0.17634 0.06874 ( 1)  0.520 +-  0.906
 263 D   0.75517 0.17626 0.06856 ( 1)  0.519 +-  0.904
 264 V   0.75681 0.17571 0.06748 ( 1)  0.514 +-  0.889
 265 L   0.75475 0.17640 0.06885 ( 1)  0.521 +-  0.908
 266 G   0.75492 0.17634 0.06874 ( 1)  0.520 +-  0.906
 267 P   0.75177 0.17732 0.07091 ( 1)  0.531 +-  0.937
 268 A   0.75651 0.17580 0.06769 ( 1)  0.515 +-  0.892
 269 M   0.75589 0.17605 0.06806 ( 1)  0.517 +-  0.896
 270 D   0.75517 0.17626 0.06856 ( 1)  0.519 +-  0.904
 271 G   0.75492 0.17634 0.06874 ( 1)  0.520 +-  0.906
 272 I   0.75646 0.17586 0.06767 ( 1)  0.515 +-  0.891
 273 G   0.75492 0.17634 0.06874 ( 1)  0.520 +-  0.906
 274 G   0.75406 0.17662 0.06932 ( 1)  0.523 +-  0.914
 275 L   0.75243 0.17712 0.07045 ( 1)  0.529 +-  0.930
 276 V   0.75572 0.17608 0.06820 ( 1)  0.518 +-  0.899
 277 R   0.75252 0.17710 0.07038 ( 1)  0.528 +-  0.929
 278 T   0.75070 0.17765 0.07165 ( 1)  0.535 +-  0.948
 279 P   0.75382 0.17669 0.06949 ( 1)  0.524 +-  0.917
 280 R   0.75331 0.17686 0.06984 ( 1)  0.526 +-  0.922
 281 G   0.75492 0.17634 0.06874 ( 1)  0.520 +-  0.906
 282 C   0.75316 0.17691 0.06993 ( 1)  0.526 +-  0.923
 283 G   0.75492 0.17634 0.06874 ( 1)  0.520 +-  0.906
 284 E   0.75429 0.17655 0.06916 ( 1)  0.522 +-  0.912
 285 Q   0.75171 0.17734 0.07094 ( 1)  0.531 +-  0.937
 286 N   0.75475 0.17642 0.06884 ( 1)  0.521 +-  0.907
 287 M   0.75589 0.17605 0.06806 ( 1)  0.517 +-  0.896
 288 V   0.75572 0.17608 0.06820 ( 1)  0.518 +-  0.899
 289 D   0.75517 0.17626 0.06856 ( 1)  0.519 +-  0.904
 290 F   0.75460 0.17646 0.06894 ( 1)  0.521 +-  0.909
 291 A   0.75068 0.17765 0.07167 ( 1)  0.535 +-  0.948
 292 P   0.75464 0.17643 0.06893 ( 1)  0.521 +-  0.909
 293 A   0.75546 0.17615 0.06839 ( 1)  0.519 +-  0.902
 294 V   0.75681 0.17571 0.06748 ( 1)  0.514 +-  0.889
 295 F   0.75460 0.17646 0.06894 ( 1)  0.521 +-  0.909
 296 I   0.75646 0.17586 0.06767 ( 1)  0.515 +-  0.891
 297 Y   0.74974 0.17793 0.07234 ( 1)  0.538 +-  0.957
 298 R   0.75252 0.17710 0.07038 ( 1)  0.528 +-  0.929
 299 Y   0.75312 0.17692 0.06996 ( 1)  0.526 +-  0.923
 300 L   0.75475 0.17640 0.06885 ( 1)  0.521 +-  0.908
 301 R   0.74979 0.17791 0.07230 ( 1)  0.538 +-  0.957
 302 S   0.75377 0.17672 0.06951 ( 1)  0.524 +-  0.917
 303 A   0.75546 0.17615 0.06839 ( 1)  0.519 +-  0.902
 304 G   0.75492 0.17634 0.06874 ( 1)  0.520 +-  0.906
 305 S   0.75465 0.17645 0.06891 ( 1)  0.521 +-  0.908
 306 D   0.75517 0.17626 0.06856 ( 1)  0.519 +-  0.904
 307 S   0.75465 0.17645 0.06891 ( 1)  0.521 +-  0.908
 308 S   0.75472 0.17642 0.06886 ( 1)  0.521 +-  0.908
 309 A   0.75651 0.17580 0.06769 ( 1)  0.515 +-  0.892
 310 T   0.75559 0.17614 0.06827 ( 1)  0.518 +-  0.899
 311 A   0.75651 0.17580 0.06769 ( 1)  0.515 +-  0.892
 312 R   0.75331 0.17686 0.06984 ( 1)  0.526 +-  0.922
 313 L   0.75243 0.17712 0.07045 ( 1)  0.529 +-  0.930
 314 R   0.75331 0.17686 0.06984 ( 1)  0.526 +-  0.922
 315 Q   0.75171 0.17734 0.07094 ( 1)  0.531 +-  0.937
 316 K   0.75386 0.17669 0.06945 ( 1)  0.524 +-  0.916
 317 A   0.75651 0.17580 0.06769 ( 1)  0.515 +-  0.892
 318 L   0.75243 0.17712 0.07045 ( 1)  0.529 +-  0.930
 319 D   0.75517 0.17626 0.06856 ( 1)  0.519 +-  0.904
 320 A   0.75651 0.17580 0.06769 ( 1)  0.515 +-  0.892
 321 M   0.75589 0.17605 0.06806 ( 1)  0.517 +-  0.896
 322 R   0.75331 0.17686 0.06984 ( 1)  0.526 +-  0.922
 323 T   0.75668 0.17578 0.06753 ( 1)  0.514 +-  0.889
 324 G   0.75492 0.17634 0.06874 ( 1)  0.520 +-  0.906
 325 Y   0.75312 0.17692 0.06996 ( 1)  0.526 +-  0.923
 326 Q   0.75171 0.17734 0.07094 ( 1)  0.531 +-  0.937
 327 R   0.75370 0.17674 0.06956 ( 1)  0.524 +-  0.917
 328 E   0.75429 0.17655 0.06916 ( 1)  0.522 +-  0.912
 329 L   0.75243 0.17712 0.07045 ( 1)  0.529 +-  0.930
 330 T   0.75668 0.17578 0.06753 ( 1)  0.514 +-  0.889
 331 Y   0.75312 0.17692 0.06996 ( 1)  0.526 +-  0.923
 332 R   0.74915 0.17809 0.07276 ( 1)  0.541 +-  0.964
 333 R   0.75252 0.17710 0.07038 ( 1)  0.528 +-  0.929
 334 D   0.75517 0.17626 0.06856 ( 1)  0.519 +-  0.904
 335 D   0.75517 0.17626 0.06856 ( 1)  0.519 +-  0.904
 336 G   0.75492 0.17634 0.06874 ( 1)  0.520 +-  0.906
 337 S   0.75472 0.17642 0.06886 ( 1)  0.521 +-  0.908
 338 Y   0.75312 0.17692 0.06996 ( 1)  0.526 +-  0.923
 339 S   0.75465 0.17645 0.06891 ( 1)  0.521 +-  0.908
 340 A   0.75068 0.17765 0.07167 ( 1)  0.535 +-  0.948
 341 F   0.75460 0.17646 0.06894 ( 1)  0.521 +-  0.909
 342 G   0.75492 0.17634 0.06874 ( 1)  0.520 +-  0.906
 343 K   0.75386 0.17669 0.06945 ( 1)  0.524 +-  0.916
 344 A   0.75651 0.17580 0.06769 ( 1)  0.515 +-  0.892
 345 D   0.75517 0.17626 0.06856 ( 1)  0.519 +-  0.904
 346 A   0.75005 0.17784 0.07212 ( 1)  0.537 +-  0.954
 347 A   0.75651 0.17580 0.06769 ( 1)  0.515 +-  0.892
 348 G   0.75492 0.17634 0.06874 ( 1)  0.520 +-  0.906
 349 S   0.75465 0.17645 0.06891 ( 1)  0.521 +-  0.908
 350 V   0.75681 0.17571 0.06748 ( 1)  0.514 +-  0.889
 351 W   0.75138 0.17745 0.07117 ( 1)  0.532 +-  0.941
 352 L   0.75243 0.17712 0.07045 ( 1)  0.529 +-  0.930
 353 T   0.75070 0.17765 0.07165 ( 1)  0.535 +-  0.948
 354 A   0.75651 0.17580 0.06769 ( 1)  0.515 +-  0.892
 355 F   0.75460 0.17646 0.06894 ( 1)  0.521 +-  0.909
 356 V   0.75572 0.17608 0.06820 ( 1)  0.518 +-  0.899
 357 L   0.75475 0.17640 0.06885 ( 1)  0.521 +-  0.908
 358 S   0.75465 0.17645 0.06891 ( 1)  0.521 +-  0.908
 359 V   0.75572 0.17608 0.06820 ( 1)  0.518 +-  0.899
 360 Y   0.75312 0.17692 0.06996 ( 1)  0.526 +-  0.923
 361 A   0.75651 0.17580 0.06769 ( 1)  0.515 +-  0.892
 362 Q   0.75171 0.17734 0.07094 ( 1)  0.531 +-  0.937
 363 A   0.75546 0.17615 0.06839 ( 1)  0.519 +-  0.902
 364 A   0.75651 0.17580 0.06769 ( 1)  0.515 +-  0.892
 365 E   0.75429 0.17655 0.06916 ( 1)  0.522 +-  0.912
 366 F   0.75460 0.17646 0.06894 ( 1)  0.521 +-  0.909
 367 I   0.75646 0.17586 0.06767 ( 1)  0.515 +-  0.891
 368 A   0.75546 0.17615 0.06839 ( 1)  0.519 +-  0.902
 369 V   0.75572 0.17608 0.06820 ( 1)  0.518 +-  0.899
 370 D   0.75517 0.17626 0.06856 ( 1)  0.519 +-  0.904
 371 P   0.74968 0.17794 0.07238 ( 1)  0.539 +-  0.958
 372 A   0.75068 0.17765 0.07167 ( 1)  0.535 +-  0.948
 373 A   0.75546 0.17615 0.06839 ( 1)  0.519 +-  0.902
 374 V   0.75572 0.17608 0.06820 ( 1)  0.518 +-  0.899
 375 T   0.75559 0.17614 0.06827 ( 1)  0.518 +-  0.899
 376 G   0.75492 0.17634 0.06874 ( 1)  0.520 +-  0.906
 377 N   0.75475 0.17642 0.06884 ( 1)  0.521 +-  0.907
 378 S   0.75377 0.17672 0.06951 ( 1)  0.524 +-  0.917
 379 I   0.75646 0.17586 0.06767 ( 1)  0.515 +-  0.891
 380 M   0.75589 0.17605 0.06806 ( 1)  0.517 +-  0.896
 381 F   0.75460 0.17646 0.06894 ( 1)  0.521 +-  0.909
 382 L   0.75243 0.17712 0.07045 ( 1)  0.529 +-  0.930
 383 L   0.75243 0.17712 0.07045 ( 1)  0.529 +-  0.930
 384 S   0.75465 0.17645 0.06891 ( 1)  0.521 +-  0.908
 385 R   0.75331 0.17686 0.06984 ( 1)  0.526 +-  0.922
 386 Q   0.75171 0.17734 0.07094 ( 1)  0.531 +-  0.937
 387 D   0.75517 0.17626 0.06856 ( 1)  0.519 +-  0.904
 388 P   0.75382 0.17669 0.06949 ( 1)  0.524 +-  0.917
 389 S   0.75017 0.17780 0.07203 ( 1)  0.537 +-  0.953
 390 G   0.75492 0.17634 0.06874 ( 1)  0.520 +-  0.906
 391 R   0.75331 0.17686 0.06984 ( 1)  0.526 +-  0.922
 392 F   0.75460 0.17646 0.06894 ( 1)  0.521 +-  0.909
 393 T   0.75668 0.17578 0.06753 ( 1)  0.514 +-  0.889
 394 E   0.75429 0.17655 0.06916 ( 1)  0.522 +-  0.912
 395 P   0.75464 0.17643 0.06893 ( 1)  0.521 +-  0.909
 396 E   0.75429 0.17655 0.06916 ( 1)  0.522 +-  0.912
 397 G   0.75492 0.17634 0.06874 ( 1)  0.520 +-  0.906
 398 A   0.75068 0.17765 0.07167 ( 1)  0.535 +-  0.948
 399 R   0.75252 0.17710 0.07038 ( 1)  0.528 +-  0.929
 400 V   0.75572 0.17608 0.06820 ( 1)  0.518 +-  0.899
 401 L   0.75243 0.17712 0.07045 ( 1)  0.529 +-  0.930
 402 D   0.75517 0.17626 0.06856 ( 1)  0.519 +-  0.904
 403 T   0.75668 0.17578 0.06753 ( 1)  0.514 +-  0.889
 404 S   0.75465 0.17645 0.06891 ( 1)  0.521 +-  0.908
 405 L   0.75243 0.17712 0.07045 ( 1)  0.529 +-  0.930
 406 Q   0.74944 0.17801 0.07255 ( 1)  0.539 +-  0.961
 407 G   0.75023 0.17778 0.07199 ( 1)  0.537 +-  0.952
 408 E   0.75010 0.17782 0.07207 ( 1)  0.537 +-  0.954
 409 A   0.75651 0.17580 0.06769 ( 1)  0.515 +-  0.892
 410 G   0.75492 0.17634 0.06874 ( 1)  0.520 +-  0.906
 411 K   0.74984 0.17790 0.07226 ( 1)  0.538 +-  0.956
 412 A   0.75651 0.17580 0.06769 ( 1)  0.515 +-  0.892
 413 S   0.75017 0.17780 0.07203 ( 1)  0.537 +-  0.953
 414 L   0.75018 0.17780 0.07202 ( 1)  0.537 +-  0.953
 415 G   0.74971 0.17793 0.07236 ( 1)  0.538 +-  0.958
 416 M   0.75589 0.17605 0.06806 ( 1)  0.517 +-  0.896
 417 S   0.75377 0.17672 0.06951 ( 1)  0.524 +-  0.917
 418 A   0.75651 0.17580 0.06769 ( 1)  0.515 +-  0.892
 419 F   0.75460 0.17646 0.06894 ( 1)  0.521 +-  0.909
 420 I   0.75646 0.17586 0.06767 ( 1)  0.515 +-  0.891
 421 C   0.75316 0.17691 0.06993 ( 1)  0.526 +-  0.923
 422 S   0.75472 0.17642 0.06886 ( 1)  0.521 +-  0.908
 423 A   0.75005 0.17784 0.07212 ( 1)  0.537 +-  0.954
 424 L   0.75243 0.17712 0.07045 ( 1)  0.529 +-  0.930
 425 I   0.28135 0.32468 0.39398 ( 3)  2.160 +-  2.578
 426 D   0.75517 0.17626 0.06856 ( 1)  0.519 +-  0.904
 427 V   0.75076 0.17763 0.07161 ( 1)  0.535 +-  0.947
 428 R   0.74915 0.17809 0.07276 ( 1)  0.541 +-  0.964
 429 D   0.75517 0.17626 0.06856 ( 1)  0.519 +-  0.904
 430 A   0.75068 0.17765 0.07167 ( 1)  0.535 +-  0.948
 431 V   0.75572 0.17608 0.06820 ( 1)  0.518 +-  0.899
 432 E   0.75010 0.17782 0.07207 ( 1)  0.537 +-  0.954
 433 L   0.75121 0.17750 0.07130 ( 1)  0.533 +-  0.942
 434 L   0.75243 0.17712 0.07045 ( 1)  0.529 +-  0.930
 435 P   0.75382 0.17669 0.06949 ( 1)  0.524 +-  0.917
 436 A   0.75651 0.17580 0.06769 ( 1)  0.515 +-  0.892
 437 L   0.75243 0.17712 0.07045 ( 1)  0.529 +-  0.930
 438 R   0.75252 0.17710 0.07038 ( 1)  0.528 +-  0.929
 439 T   0.75559 0.17614 0.06827 ( 1)  0.518 +-  0.899
 440 P   0.75016 0.17780 0.07204 ( 1)  0.537 +-  0.953
 441 E   0.75429 0.17655 0.06916 ( 1)  0.522 +-  0.912
 442 W   0.75138 0.17745 0.07117 ( 1)  0.532 +-  0.941
 443 P   0.75382 0.17669 0.06949 ( 1)  0.524 +-  0.917
 444 L   0.75243 0.17712 0.07045 ( 1)  0.529 +-  0.930
 445 L   0.75243 0.17712 0.07045 ( 1)  0.529 +-  0.930
 446 P   0.75464 0.17643 0.06893 ( 1)  0.521 +-  0.909
 447 V   0.75572 0.17608 0.06820 ( 1)  0.518 +-  0.899
 448 S   0.75472 0.17642 0.06886 ( 1)  0.521 +-  0.908
 449 T   0.75668 0.17578 0.06753 ( 1)  0.514 +-  0.889
 450 A   0.75546 0.17615 0.06839 ( 1)  0.519 +-  0.902
 451 L   0.75243 0.17712 0.07045 ( 1)  0.529 +-  0.930
 452 R   0.75331 0.17686 0.06984 ( 1)  0.526 +-  0.922
 453 R   0.75331 0.17686 0.06984 ( 1)  0.526 +-  0.922
 454 C   0.75316 0.17691 0.06993 ( 1)  0.526 +-  0.923
 455 V   0.75681 0.17571 0.06748 ( 1)  0.514 +-  0.889
 456 D   0.75517 0.17626 0.06856 ( 1)  0.519 +-  0.904
 457 L   0.75475 0.17640 0.06885 ( 1)  0.521 +-  0.908
 458 F   0.75026 0.17778 0.07196 ( 1)  0.536 +-  0.952
 459 K   0.75386 0.17669 0.06945 ( 1)  0.524 +-  0.916
 460 L   0.75243 0.17712 0.07045 ( 1)  0.529 +-  0.930
 461 E   0.75429 0.17655 0.06916 ( 1)  0.522 +-  0.912
 462 F   0.75460 0.17646 0.06894 ( 1)  0.521 +-  0.909
 463 K   0.74984 0.17790 0.07226 ( 1)  0.538 +-  0.956
 464 Q   0.75171 0.17734 0.07094 ( 1)  0.531 +-  0.937
 465 R   0.75252 0.17710 0.07038 ( 1)  0.528 +-  0.929
 466 L   0.75243 0.17712 0.07045 ( 1)  0.529 +-  0.930
 467 A   0.75651 0.17580 0.06769 ( 1)  0.515 +-  0.892
 468 D   0.75055 0.17769 0.07176 ( 1)  0.535 +-  0.949
 469 F   0.75026 0.17778 0.07196 ( 1)  0.536 +-  0.952
 470 D   0.75517 0.17626 0.06856 ( 1)  0.519 +-  0.904
 471 T   0.75559 0.17614 0.06827 ( 1)  0.518 +-  0.899
 472 R   0.75331 0.17686 0.06984 ( 1)  0.526 +-  0.922
 473 D   0.75517 0.17626 0.06856 ( 1)  0.519 +-  0.904
 474 M   0.75589 0.17605 0.06806 ( 1)  0.517 +-  0.896
 475 A   0.75546 0.17615 0.06839 ( 1)  0.519 +-  0.902
 476 L   0.75243 0.17712 0.07045 ( 1)  0.529 +-  0.930
 477 A   0.75651 0.17580 0.06769 ( 1)  0.515 +-  0.892
 478 A   0.75651 0.17580 0.06769 ( 1)  0.515 +-  0.892
 479 Y   0.75312 0.17692 0.06996 ( 1)  0.526 +-  0.923
 480 F   0.75460 0.17646 0.06894 ( 1)  0.521 +-  0.909
 481 L   0.74925 0.17806 0.07268 ( 1)  0.540 +-  0.962
 482 W   0.75138 0.17745 0.07117 ( 1)  0.532 +-  0.941
 483 R   0.75331 0.17686 0.06984 ( 1)  0.526 +-  0.922
 484 A   0.75651 0.17580 0.06769 ( 1)  0.515 +-  0.892
 485 Q   0.27282 0.31916 0.40801 ( 3)  2.240 +-  2.633
 486 L   0.75243 0.17712 0.07045 ( 1)  0.529 +-  0.930
 487 A   0.75068 0.17765 0.07167 ( 1)  0.535 +-  0.948
 488 G   0.75492 0.17634 0.06874 ( 1)  0.520 +-  0.906
 489 E   0.75010 0.17782 0.07207 ( 1)  0.537 +-  0.954
 490 G   0.74971 0.17793 0.07236 ( 1)  0.538 +-  0.958
 491 G   0.74971 0.17793 0.07236 ( 1)  0.538 +-  0.958
 492 D   0.75517 0.17626 0.06856 ( 1)  0.519 +-  0.904
 493 A   0.75546 0.17615 0.06839 ( 1)  0.519 +-  0.902
 494 T   0.75559 0.17614 0.06827 ( 1)  0.518 +-  0.899
 495 K   0.75386 0.17669 0.06945 ( 1)  0.524 +-  0.916
 496 S   0.75465 0.17645 0.06891 ( 1)  0.521 +-  0.908
 497 L   0.75243 0.17712 0.07045 ( 1)  0.529 +-  0.930
 498 A   0.75546 0.17615 0.06839 ( 1)  0.519 +-  0.902
 499 K   0.75386 0.17669 0.06945 ( 1)  0.524 +-  0.916
 500 R   0.75331 0.17686 0.06984 ( 1)  0.526 +-  0.922
 501 V   0.75681 0.17571 0.06748 ( 1)  0.514 +-  0.889
 502 W   0.75138 0.17745 0.07117 ( 1)  0.532 +-  0.941
 503 E   0.75429 0.17655 0.06916 ( 1)  0.522 +-  0.912
 504 A   0.75651 0.17580 0.06769 ( 1)  0.515 +-  0.892
 505 F   0.75460 0.17646 0.06894 ( 1)  0.521 +-  0.909
 506 N   0.75030 0.17776 0.07193 ( 1)  0.536 +-  0.952
 507 A   0.75651 0.17580 0.06769 ( 1)  0.515 +-  0.892
 508 R   0.75331 0.17686 0.06984 ( 1)  0.526 +-  0.922
 509 A   0.75651 0.17580 0.06769 ( 1)  0.515 +-  0.892
 510 E   0.75429 0.17655 0.06916 ( 1)  0.522 +-  0.912
 511 S   0.75027 0.17777 0.07196 ( 1)  0.536 +-  0.952
 512 D   0.75517 0.17626 0.06856 ( 1)  0.519 +-  0.904
 513 H   0.75350 0.17680 0.06970 ( 1)  0.525 +-  0.920
 514 S   0.75377 0.17672 0.06951 ( 1)  0.524 +-  0.917
 515 A   0.75546 0.17615 0.06839 ( 1)  0.519 +-  0.902
 516 R   0.74978 0.17791 0.07231 ( 1)  0.538 +-  0.957
 517 L   0.75243 0.17712 0.07045 ( 1)  0.529 +-  0.930
 518 Y   0.75312 0.17692 0.06996 ( 1)  0.526 +-  0.923
 519 F   0.75460 0.17646 0.06894 ( 1)  0.521 +-  0.909
 520 W   0.75138 0.17745 0.07117 ( 1)  0.532 +-  0.941
 521 K   0.75386 0.17669 0.06945 ( 1)  0.524 +-  0.916
 522 G   0.75023 0.17778 0.07199 ( 1)  0.537 +-  0.952
 523 S   0.74964 0.17795 0.07241 ( 1)  0.539 +-  0.958
 524 V   0.75572 0.17608 0.06820 ( 1)  0.518 +-  0.899
 525 E   0.75429 0.17655 0.06916 ( 1)  0.522 +-  0.912
 526 V   0.75681 0.17571 0.06748 ( 1)  0.514 +-  0.889
 527 T   0.75668 0.17578 0.06753 ( 1)  0.514 +-  0.889
 528 A   0.75651 0.17580 0.06769 ( 1)  0.515 +-  0.892
 529 Y   0.75312 0.17692 0.06996 ( 1)  0.526 +-  0.923
 530 G   0.75492 0.17634 0.06874 ( 1)  0.520 +-  0.906
 531 V   0.75681 0.17571 0.06748 ( 1)  0.514 +-  0.889
 532 L   0.75475 0.17640 0.06885 ( 1)  0.521 +-  0.908
 533 T   0.75668 0.17578 0.06753 ( 1)  0.514 +-  0.889
 534 A   0.75651 0.17580 0.06769 ( 1)  0.515 +-  0.892
 535 L   0.75243 0.17712 0.07045 ( 1)  0.529 +-  0.930
 536 L   0.75243 0.17712 0.07045 ( 1)  0.529 +-  0.930
 537 A   0.75651 0.17580 0.06769 ( 1)  0.515 +-  0.892
 538 E   0.75429 0.17655 0.06916 ( 1)  0.522 +-  0.912
 539 S   0.75377 0.17672 0.06951 ( 1)  0.524 +-  0.917
 540 S   0.75465 0.17645 0.06891 ( 1)  0.521 +-  0.908
 541 S   0.75465 0.17645 0.06891 ( 1)  0.521 +-  0.908
 542 E   0.75010 0.17782 0.07207 ( 1)  0.537 +-  0.954
 543 A   0.75651 0.17580 0.06769 ( 1)  0.515 +-  0.892
 544 A   0.75546 0.17615 0.06839 ( 1)  0.519 +-  0.902
 545 A   0.75546 0.17615 0.06839 ( 1)  0.519 +-  0.902
 546 A   0.75651 0.17580 0.06769 ( 1)  0.515 +-  0.892
 547 K   0.75386 0.17669 0.06945 ( 1)  0.524 +-  0.916
 548 A   0.75546 0.17615 0.06839 ( 1)  0.519 +-  0.902
 549 A   0.75068 0.17765 0.07167 ( 1)  0.535 +-  0.948
 550 L   0.75121 0.17750 0.07130 ( 1)  0.533 +-  0.942
 551 P   0.75382 0.17669 0.06949 ( 1)  0.524 +-  0.917
 552 A   0.75651 0.17580 0.06769 ( 1)  0.515 +-  0.892
 553 L   0.75243 0.17712 0.07045 ( 1)  0.529 +-  0.930
 554 Q   0.74944 0.17801 0.07255 ( 1)  0.539 +-  0.961
 555 W   0.75138 0.17745 0.07117 ( 1)  0.532 +-  0.941
 556 L   0.75243 0.17712 0.07045 ( 1)  0.529 +-  0.930
 557 V   0.75681 0.17571 0.06748 ( 1)  0.514 +-  0.889
 558 S   0.75465 0.17645 0.06891 ( 1)  0.521 +-  0.908
 559 K   0.75386 0.17669 0.06945 ( 1)  0.524 +-  0.916
 560 Q   0.75171 0.17734 0.07094 ( 1)  0.531 +-  0.937
 561 T   0.75559 0.17614 0.06827 ( 1)  0.518 +-  0.899
 562 D   0.75517 0.17626 0.06856 ( 1)  0.519 +-  0.904
 563 Q   0.75171 0.17734 0.07094 ( 1)  0.531 +-  0.937
 564 G   0.75492 0.17634 0.06874 ( 1)  0.520 +-  0.906
 565 G   0.75492 0.17634 0.06874 ( 1)  0.520 +-  0.906
 566 F   0.75460 0.17646 0.06894 ( 1)  0.521 +-  0.909
 567 H   0.75350 0.17680 0.06970 ( 1)  0.525 +-  0.920
 568 D   0.75517 0.17626 0.06856 ( 1)  0.519 +-  0.904
 569 T   0.75559 0.17614 0.06827 ( 1)  0.518 +-  0.899
 570 Q   0.75171 0.17734 0.07094 ( 1)  0.531 +-  0.937
 571 S   0.75465 0.17645 0.06891 ( 1)  0.521 +-  0.908
 572 T   0.75668 0.17578 0.06753 ( 1)  0.514 +-  0.889
 573 V   0.75572 0.17608 0.06820 ( 1)  0.518 +-  0.899
 574 V   0.75681 0.17571 0.06748 ( 1)  0.514 +-  0.889
 575 G   0.75492 0.17634 0.06874 ( 1)  0.520 +-  0.906
 576 I   0.75646 0.17586 0.06767 ( 1)  0.515 +-  0.891
 577 R   0.75331 0.17686 0.06984 ( 1)  0.526 +-  0.922
 578 A   0.75651 0.17580 0.06769 ( 1)  0.515 +-  0.892
 579 I   0.75646 0.17586 0.06767 ( 1)  0.515 +-  0.891
 580 A   0.75651 0.17580 0.06769 ( 1)  0.515 +-  0.892
 581 A   0.75651 0.17580 0.06769 ( 1)  0.515 +-  0.892
 582 F   0.75460 0.17646 0.06894 ( 1)  0.521 +-  0.909
 583 A   0.75651 0.17580 0.06769 ( 1)  0.515 +-  0.892
 584 T   0.75559 0.17614 0.06827 ( 1)  0.518 +-  0.899
 585 A   0.75651 0.17580 0.06769 ( 1)  0.515 +-  0.892
 586 T   0.75070 0.17765 0.07165 ( 1)  0.535 +-  0.948
 587 G   0.75406 0.17662 0.06932 ( 1)  0.523 +-  0.914
 588 A   0.75651 0.17580 0.06769 ( 1)  0.515 +-  0.892
 589 S   0.75472 0.17642 0.06886 ( 1)  0.521 +-  0.908
 590 G   0.74971 0.17793 0.07236 ( 1)  0.538 +-  0.958
 591 P   0.75382 0.17669 0.06949 ( 1)  0.524 +-  0.917
 592 T   0.75070 0.17765 0.07165 ( 1)  0.535 +-  0.948
 593 R   0.75252 0.17710 0.07038 ( 1)  0.528 +-  0.929
 594 A   0.75651 0.17580 0.06769 ( 1)  0.515 +-  0.892
 595 R   0.74915 0.17809 0.07276 ( 1)  0.541 +-  0.964
 596 I   0.75078 0.17763 0.07160 ( 1)  0.535 +-  0.947
 597 E   0.75010 0.17782 0.07207 ( 1)  0.537 +-  0.954
 598 I   0.75646 0.17586 0.06767 ( 1)  0.515 +-  0.891
 599 F   0.75460 0.17646 0.06894 ( 1)  0.521 +-  0.909
 600 A   0.75651 0.17580 0.06769 ( 1)  0.515 +-  0.892
 601 K   0.74984 0.17790 0.07226 ( 1)  0.538 +-  0.956
 602 A   0.75651 0.17580 0.06769 ( 1)  0.515 +-  0.892
 603 A   0.75651 0.17580 0.06769 ( 1)  0.515 +-  0.892
 604 A   0.75651 0.17580 0.06769 ( 1)  0.515 +-  0.892
 605 V   0.75681 0.17571 0.06748 ( 1)  0.514 +-  0.889
 606 A   0.75651 0.17580 0.06769 ( 1)  0.515 +-  0.892
 607 A   0.75651 0.17580 0.06769 ( 1)  0.515 +-  0.892
 608 T   0.75668 0.17578 0.06753 ( 1)  0.514 +-  0.889
 609 N   0.75030 0.17776 0.07193 ( 1)  0.536 +-  0.952
 610 S   0.75472 0.17642 0.06886 ( 1)  0.521 +-  0.908
 611 S   0.75465 0.17645 0.06891 ( 1)  0.521 +-  0.908
 612 T   0.75668 0.17578 0.06753 ( 1)  0.514 +-  0.889
 613 V   0.75572 0.17608 0.06820 ( 1)  0.518 +-  0.899
 614 V   0.28647 0.32785 0.38568 ( 3)  2.113 +-  2.544
 615 N   0.75475 0.17642 0.06884 ( 1)  0.521 +-  0.907
 616 I   0.75646 0.17586 0.06767 ( 1)  0.515 +-  0.891
 617 E   0.75010 0.17782 0.07207 ( 1)  0.537 +-  0.954
 618 P   0.75464 0.17643 0.06893 ( 1)  0.521 +-  0.909
 619 D   0.75517 0.17626 0.06856 ( 1)  0.519 +-  0.904
 620 D   0.75055 0.17769 0.07176 ( 1)  0.535 +-  0.949
 621 R   0.74979 0.17791 0.07230 ( 1)  0.538 +-  0.957
 622 R   0.75331 0.17686 0.06984 ( 1)  0.526 +-  0.922
 623 V   0.75076 0.17763 0.07161 ( 1)  0.535 +-  0.947
 624 V   0.75076 0.17763 0.07161 ( 1)  0.535 +-  0.947
 625 R   0.75331 0.17686 0.06984 ( 1)  0.526 +-  0.922
 626 R   0.75331 0.17686 0.06984 ( 1)  0.526 +-  0.922
 627 R   0.74979 0.17791 0.07230 ( 1)  0.538 +-  0.957
 628 L   0.75243 0.17712 0.07045 ( 1)  0.529 +-  0.930
 629 L   0.75018 0.17780 0.07202 ( 1)  0.537 +-  0.953
 630 G   0.75492 0.17634 0.06874 ( 1)  0.520 +-  0.906
 631 R   0.75331 0.17686 0.06984 ( 1)  0.526 +-  0.922
 632 G   0.75492 0.17634 0.06874 ( 1)  0.520 +-  0.906
 633 D   0.75517 0.17626 0.06856 ( 1)  0.519 +-  0.904
 634 A   0.75651 0.17580 0.06769 ( 1)  0.515 +-  0.892
 635 A   0.75651 0.17580 0.06769 ( 1)  0.515 +-  0.892
 636 A   0.75068 0.17765 0.07167 ( 1)  0.535 +-  0.948
 637 E   0.75010 0.17782 0.07207 ( 1)  0.537 +-  0.954
 638 F   0.75460 0.17646 0.06894 ( 1)  0.521 +-  0.909
 639 S   0.75472 0.17642 0.06886 ( 1)  0.521 +-  0.908
 640 S   0.75017 0.17780 0.07203 ( 1)  0.537 +-  0.953
 641 V   0.75681 0.17571 0.06748 ( 1)  0.514 +-  0.889
 642 T   0.75668 0.17578 0.06753 ( 1)  0.514 +-  0.889
 643 V   0.75681 0.17571 0.06748 ( 1)  0.514 +-  0.889
 644 R   0.75331 0.17686 0.06984 ( 1)  0.526 +-  0.922
 645 A   0.75651 0.17580 0.06769 ( 1)  0.515 +-  0.892
 646 E   0.75429 0.17655 0.06916 ( 1)  0.522 +-  0.912
 647 G   0.75492 0.17634 0.06874 ( 1)  0.520 +-  0.906
 648 T   0.75668 0.17578 0.06753 ( 1)  0.514 +-  0.889
 649 G   0.75492 0.17634 0.06874 ( 1)  0.520 +-  0.906
 650 I   0.75646 0.17586 0.06767 ( 1)  0.515 +-  0.891
 651 A   0.75651 0.17580 0.06769 ( 1)  0.515 +-  0.892
 652 L   0.75121 0.17750 0.07130 ( 1)  0.533 +-  0.942
 653 A   0.75546 0.17615 0.06839 ( 1)  0.519 +-  0.902
 654 T   0.75668 0.17578 0.06753 ( 1)  0.514 +-  0.889
 655 A   0.75546 0.17615 0.06839 ( 1)  0.519 +-  0.902
 656 A   0.75651 0.17580 0.06769 ( 1)  0.515 +-  0.892
 657 W   0.75138 0.17745 0.07117 ( 1)  0.532 +-  0.941
 658 Q   0.75171 0.17734 0.07094 ( 1)  0.531 +-  0.937
 659 F   0.75460 0.17646 0.06894 ( 1)  0.521 +-  0.909
 660 N   0.75475 0.17642 0.06884 ( 1)  0.521 +-  0.907
 661 L   0.75243 0.17712 0.07045 ( 1)  0.529 +-  0.930
 662 R   0.75331 0.17686 0.06984 ( 1)  0.526 +-  0.922
 663 D   0.75055 0.17769 0.07176 ( 1)  0.535 +-  0.949
 664 P   0.75382 0.17669 0.06949 ( 1)  0.524 +-  0.917
 665 E   0.75429 0.17655 0.06916 ( 1)  0.522 +-  0.912
 666 R   0.75331 0.17686 0.06984 ( 1)  0.526 +-  0.922
 667 R   0.75331 0.17686 0.06984 ( 1)  0.526 +-  0.922
 668 S   0.75465 0.17645 0.06891 ( 1)  0.521 +-  0.908
 669 L   0.75475 0.17640 0.06885 ( 1)  0.521 +-  0.908
 670 V   0.75076 0.17763 0.07161 ( 1)  0.535 +-  0.947
 671 A   0.75651 0.17580 0.06769 ( 1)  0.515 +-  0.892
 672 D   0.75517 0.17626 0.06856 ( 1)  0.519 +-  0.904
 673 W   0.75138 0.17745 0.07117 ( 1)  0.532 +-  0.941
 674 T   0.75559 0.17614 0.06827 ( 1)  0.518 +-  0.899
 675 E   0.75429 0.17655 0.06916 ( 1)  0.522 +-  0.912
 676 S   0.75465 0.17645 0.06891 ( 1)  0.521 +-  0.908
 677 S   0.75472 0.17642 0.06886 ( 1)  0.521 +-  0.908
 678 G   0.75492 0.17634 0.06874 ( 1)  0.520 +-  0.906
 679 L   0.75475 0.17640 0.06885 ( 1)  0.521 +-  0.908
 680 G   0.75492 0.17634 0.06874 ( 1)  0.520 +-  0.906
 681 L   0.75475 0.17640 0.06885 ( 1)  0.521 +-  0.908
 682 R   0.74979 0.17791 0.07230 ( 1)  0.538 +-  0.957
 683 L   0.75243 0.17712 0.07045 ( 1)  0.529 +-  0.930
 684 A   0.75651 0.17580 0.06769 ( 1)  0.515 +-  0.892
 685 A   0.75651 0.17580 0.06769 ( 1)  0.515 +-  0.892
 686 P   0.75382 0.17669 0.06949 ( 1)  0.524 +-  0.917
 687 P   0.75382 0.17669 0.06949 ( 1)  0.524 +-  0.917
 688 K   0.75386 0.17669 0.06945 ( 1)  0.524 +-  0.916
 689 V   0.75572 0.17608 0.06820 ( 1)  0.518 +-  0.899
 690 P   0.27324 0.31944 0.40732 ( 3)  2.237 +-  2.631
 691 P   0.74968 0.17794 0.07238 ( 1)  0.539 +-  0.958
 692 G   0.74971 0.17793 0.07236 ( 1)  0.538 +-  0.958
 693 A   0.75546 0.17615 0.06839 ( 1)  0.519 +-  0.902
 694 A   0.75651 0.17580 0.06769 ( 1)  0.515 +-  0.892
 695 F   0.75460 0.17646 0.06894 ( 1)  0.521 +-  0.909
 696 A   0.75005 0.17784 0.07212 ( 1)  0.537 +-  0.954
 697 F   0.75460 0.17646 0.06894 ( 1)  0.521 +-  0.909
 698 S   0.75465 0.17645 0.06891 ( 1)  0.521 +-  0.908
 699 V   0.75572 0.17608 0.06820 ( 1)  0.518 +-  0.899
 700 C   0.75316 0.17691 0.06993 ( 1)  0.526 +-  0.923
 701 A   0.75651 0.17580 0.06769 ( 1)  0.515 +-  0.892
 702 R   0.75331 0.17686 0.06984 ( 1)  0.526 +-  0.922
 703 A   0.75651 0.17580 0.06769 ( 1)  0.515 +-  0.892
 704 S   0.75472 0.17642 0.06886 ( 1)  0.521 +-  0.908
 705 G   0.75492 0.17634 0.06874 ( 1)  0.520 +-  0.906
 706 T   0.75559 0.17614 0.06827 ( 1)  0.518 +-  0.899
 707 Q   0.75171 0.17734 0.07094 ( 1)  0.531 +-  0.937
 708 G   0.75492 0.17634 0.06874 ( 1)  0.520 +-  0.906
 709 M   0.75589 0.17605 0.06806 ( 1)  0.517 +-  0.896
 710 Y   0.75312 0.17692 0.06996 ( 1)  0.526 +-  0.923
 711 I   0.75646 0.17586 0.06767 ( 1)  0.515 +-  0.891
 712 L   0.75243 0.17712 0.07045 ( 1)  0.529 +-  0.930
 713 T   0.75668 0.17578 0.06753 ( 1)  0.514 +-  0.889
 714 I   0.75646 0.17586 0.06767 ( 1)  0.515 +-  0.891
 715 S   0.75465 0.17645 0.06891 ( 1)  0.521 +-  0.908
 716 S   0.75472 0.17642 0.06886 ( 1)  0.521 +-  0.908
 717 P   0.75016 0.17780 0.07204 ( 1)  0.537 +-  0.953
 718 S   0.75465 0.17645 0.06891 ( 1)  0.521 +-  0.908
 719 G   0.75492 0.17634 0.06874 ( 1)  0.520 +-  0.906
 720 Y   0.75312 0.17692 0.06996 ( 1)  0.526 +-  0.923
 721 S   0.75377 0.17672 0.06951 ( 1)  0.524 +-  0.917
 722 P   0.75382 0.17669 0.06949 ( 1)  0.524 +-  0.917
 723 E   0.75429 0.17655 0.06916 ( 1)  0.522 +-  0.912
 724 E   0.75429 0.17655 0.06916 ( 1)  0.522 +-  0.912
 725 F   0.75460 0.17646 0.06894 ( 1)  0.521 +-  0.909
 726 T   0.75668 0.17578 0.06753 ( 1)  0.514 +-  0.889
 727 R   0.74978 0.17791 0.07231 ( 1)  0.538 +-  0.957
 728 A   0.75068 0.17765 0.07167 ( 1)  0.535 +-  0.948
 729 G   0.75023 0.17778 0.07199 ( 1)  0.537 +-  0.952
 730 A   0.75068 0.17765 0.07167 ( 1)  0.535 +-  0.948
 731 V   0.75572 0.17608 0.06820 ( 1)  0.518 +-  0.899
 732 P   0.75464 0.17643 0.06893 ( 1)  0.521 +-  0.909
 733 G   0.75492 0.17634 0.06874 ( 1)  0.520 +-  0.906
 734 L   0.75243 0.17712 0.07045 ( 1)  0.529 +-  0.930
 735 Q   0.75171 0.17734 0.07094 ( 1)  0.531 +-  0.937
 736 L   0.75243 0.17712 0.07045 ( 1)  0.529 +-  0.930
 737 V   0.75076 0.17763 0.07161 ( 1)  0.535 +-  0.947
 738 E   0.75429 0.17655 0.06916 ( 1)  0.522 +-  0.912
 739 A   0.75546 0.17615 0.06839 ( 1)  0.519 +-  0.902
 740 G   0.74971 0.17793 0.07236 ( 1)  0.538 +-  0.958
 741 P   0.75382 0.17669 0.06949 ( 1)  0.524 +-  0.917
 742 L   0.75243 0.17712 0.07045 ( 1)  0.529 +-  0.930
 743 Q   0.75171 0.17734 0.07094 ( 1)  0.531 +-  0.937
 744 I   0.75078 0.17763 0.07160 ( 1)  0.535 +-  0.947
 745 V   0.75681 0.17571 0.06748 ( 1)  0.514 +-  0.889
 746 F   0.75460 0.17646 0.06894 ( 1)  0.521 +-  0.909
 747 Y   0.75312 0.17692 0.06996 ( 1)  0.526 +-  0.923
 748 F   0.75026 0.17778 0.07196 ( 1)  0.536 +-  0.952
 749 D   0.75517 0.17626 0.06856 ( 1)  0.519 +-  0.904
 750 R   0.75252 0.17710 0.07038 ( 1)  0.528 +-  0.929
 751 L   0.74937 0.17803 0.07260 ( 1)  0.540 +-  0.961
 752 M   0.75589 0.17605 0.06806 ( 1)  0.517 +-  0.896
 753 A   0.75005 0.17784 0.07212 ( 1)  0.537 +-  0.954
 754 K   0.75386 0.17669 0.06945 ( 1)  0.524 +-  0.916
 755 K   0.75386 0.17669 0.06945 ( 1)  0.524 +-  0.916
 756 E   0.75010 0.17782 0.07207 ( 1)  0.537 +-  0.954
 757 V   0.75076 0.17763 0.07161 ( 1)  0.535 +-  0.947
 758 C   0.75316 0.17691 0.06993 ( 1)  0.526 +-  0.923
 759 V   0.75681 0.17571 0.06748 ( 1)  0.514 +-  0.889
 760 Q   0.75171 0.17734 0.07094 ( 1)  0.531 +-  0.937
 761 S   0.75377 0.17672 0.06951 ( 1)  0.524 +-  0.917
 762 A   0.75651 0.17580 0.06769 ( 1)  0.515 +-  0.892
 763 W   0.75138 0.17745 0.07117 ( 1)  0.532 +-  0.941
 764 R   0.75370 0.17674 0.06956 ( 1)  0.524 +-  0.917
 765 R   0.75252 0.17710 0.07038 ( 1)  0.528 +-  0.929
 766 D   0.75517 0.17626 0.06856 ( 1)  0.519 +-  0.904
 767 V   0.75681 0.17571 0.06748 ( 1)  0.514 +-  0.889
 768 P   0.75382 0.17669 0.06949 ( 1)  0.524 +-  0.917
 769 V   0.75572 0.17608 0.06820 ( 1)  0.518 +-  0.899
 770 L   0.75243 0.17712 0.07045 ( 1)  0.529 +-  0.930
 771 D   0.75055 0.17769 0.07176 ( 1)  0.535 +-  0.949
 772 V   0.75681 0.17571 0.06748 ( 1)  0.514 +-  0.889
 773 Q   0.75171 0.17734 0.07094 ( 1)  0.531 +-  0.937
 774 P   0.75382 0.17669 0.06949 ( 1)  0.524 +-  0.917
 775 Q   0.75171 0.17734 0.07094 ( 1)  0.531 +-  0.937
 776 K   0.75386 0.17669 0.06945 ( 1)  0.524 +-  0.916
 777 I   0.75078 0.17763 0.07160 ( 1)  0.535 +-  0.947
 778 T   0.75559 0.17614 0.06827 ( 1)  0.518 +-  0.899
 779 L   0.75243 0.17712 0.07045 ( 1)  0.529 +-  0.930
 780 Q   0.74944 0.17801 0.07255 ( 1)  0.539 +-  0.961
 781 K   0.75386 0.17669 0.06945 ( 1)  0.524 +-  0.916
 782 Y   0.75312 0.17692 0.06996 ( 1)  0.526 +-  0.923
 783 Y   0.74974 0.17793 0.07234 ( 1)  0.538 +-  0.957
 784 N   0.75030 0.17776 0.07193 ( 1)  0.536 +-  0.952
 785 P   0.74968 0.17794 0.07238 ( 1)  0.539 +-  0.958
 786 E   0.75429 0.17655 0.06916 ( 1)  0.522 +-  0.912
 787 L   0.75243 0.17712 0.07045 ( 1)  0.529 +-  0.930
 788 V   0.75681 0.17571 0.06748 ( 1)  0.514 +-  0.889
 789 N   0.75475 0.17642 0.06884 ( 1)  0.521 +-  0.907
 790 T   0.75559 0.17614 0.06827 ( 1)  0.518 +-  0.899
 791 V   0.75572 0.17608 0.06820 ( 1)  0.518 +-  0.899
 792 F   0.75460 0.17646 0.06894 ( 1)  0.521 +-  0.909
 793 Y   0.75312 0.17692 0.06996 ( 1)  0.526 +-  0.923
 794 L   0.75121 0.17750 0.07130 ( 1)  0.533 +-  0.942
 795 D   0.75517 0.17626 0.06856 ( 1)  0.519 +-  0.904
 796 P   0.75382 0.17669 0.06949 ( 1)  0.524 +-  0.917
 797 A   0.75068 0.17765 0.07167 ( 1)  0.535 +-  0.948
 798 L   0.75121 0.17750 0.07130 ( 1)  0.533 +-  0.942
 799 Q   0.75171 0.17734 0.07094 ( 1)  0.531 +-  0.937
 800 S   0.75377 0.17672 0.06951 ( 1)  0.524 +-  0.917
 801 V   0.75076 0.17763 0.07161 ( 1)  0.535 +-  0.947
 802 G   0.75492 0.17634 0.06874 ( 1)  0.520 +-  0.906
 803 R   0.75252 0.17710 0.07038 ( 1)  0.528 +-  0.929
 804 C   0.75316 0.17691 0.06993 ( 1)  0.526 +-  0.923
 805 Q   0.75171 0.17734 0.07094 ( 1)  0.531 +-  0.937
 806 A   0.75651 0.17580 0.06769 ( 1)  0.515 +-  0.892
 807 C   0.74983 0.17790 0.07227 ( 1)  0.538 +-  0.956
 808 P   0.74968 0.17794 0.07238 ( 1)  0.539 +-  0.958
 809 D   0.75517 0.17626 0.06856 ( 1)  0.519 +-  0.904
 810 C   0.74983 0.17790 0.07227 ( 1)  0.538 +-  0.956
 811 P   0.75382 0.17669 0.06949 ( 1)  0.524 +-  0.917
 812 G   0.74971 0.17793 0.07236 ( 1)  0.538 +-  0.958
 813 C   0.74983 0.17790 0.07227 ( 1)  0.538 +-  0.956
 814 S   0.75377 0.17672 0.06951 ( 1)  0.524 +-  0.917
 815 P   0.75382 0.17669 0.06949 ( 1)  0.524 +-  0.917
 816 P   0.75382 0.17669 0.06949 ( 1)  0.524 +-  0.917
 817 P   0.75382 0.17669 0.06949 ( 1)  0.524 +-  0.917
 818 S   0.75377 0.17672 0.06951 ( 1)  0.524 +-  0.917
 819 P   0.74968 0.17794 0.07238 ( 1)  0.539 +-  0.958

Positively selected sites

	Prob(w>1)  mean w


