Supplemental results for CODEML (seqf: algn  treef: tree)


dN/dS (w) for site classes (K=3)

p:   1.00000  0.00000  0.00000
w:   0.00000  1.00000  1.00000

Naive Empirical Bayes (NEB) probabilities for 3 classes & postmean_w
(amino acids refer to 1st sequence: scm.11756)

   1 M   1.00000 0.00000 -0.00000 ( 1)  0.000
   2 F   1.00000 0.00000 -0.00000 ( 1)  0.000
   3 H   1.00000 0.00000 -0.00000 ( 1)  0.000
   4 T   1.00000 0.00000 -0.00000 ( 1)  0.000
   5 I   1.00000 0.00000 -0.00000 ( 1)  0.000
   6 L   1.00000 0.00000 -0.00000 ( 1)  0.000
   7 R   1.00000 0.00000 -0.00000 ( 1)  0.000
   8 Q   1.00000 0.00000 -0.00000 ( 1)  0.000
   9 P   1.00000 0.00000 -0.00000 ( 1)  0.000
  10 D   1.00000 0.00000 -0.00000 ( 1)  0.000
  11 Q   1.00000 0.00000 -0.00000 ( 1)  0.000
  12 I   1.00000 0.00000 -0.00000 ( 1)  0.000
  13 H   1.00000 0.00000 -0.00000 ( 1)  0.000
  14 D   1.00000 0.00000 -0.00000 ( 1)  0.000
  15 F   1.00000 0.00000 -0.00000 ( 1)  0.000
  16 L   1.00000 0.00000 -0.00000 ( 1)  0.000
  17 K   1.00000 0.00000 -0.00000 ( 1)  0.000
  18 Y   1.00000 0.00000 -0.00000 ( 1)  0.000
  19 T   1.00000 0.00000 -0.00000 ( 1)  0.000
  20 P   1.00000 0.00000 -0.00000 ( 1)  0.000
  21 A   1.00000 0.00000 -0.00000 ( 1)  0.000
  22 Q   1.00000 0.00000 -0.00000 ( 1)  0.000
  23 I   1.00000 0.00000 -0.00000 ( 1)  0.000
  24 F   1.00000 0.00000 -0.00000 ( 1)  0.000
  25 D   1.00000 0.00000 -0.00000 ( 1)  0.000
  26 L   1.00000 0.00000 -0.00000 ( 1)  0.000
  27 P   1.00000 0.00000 -0.00000 ( 1)  0.000
  28 Y   1.00000 0.00000 -0.00000 ( 1)  0.000
  29 S   1.00000 0.00000 -0.00000 ( 1)  0.000
  30 T   1.00000 0.00000 -0.00000 ( 1)  0.000
  31 D   1.00000 0.00000 -0.00000 ( 1)  0.000
  32 L   1.00000 0.00000 -0.00000 ( 1)  0.000
  33 R   1.00000 0.00000 -0.00000 ( 1)  0.000
  34 L   1.00000 0.00000 -0.00000 ( 1)  0.000
  35 D   1.00000 0.00000 -0.00000 ( 1)  0.000
  36 W   1.00000 0.00000 -0.00000 ( 1)  0.000
  37 D   1.00000 0.00000 -0.00000 ( 1)  0.000
  38 L   1.00000 0.00000 -0.00000 ( 1)  0.000
  39 V   1.00000 0.00000 -0.00000 ( 1)  0.000
  40 P   1.00000 0.00000 -0.00000 ( 1)  0.000
  41 V   1.00000 0.00000 -0.00000 ( 1)  0.000
  42 A   1.00000 0.00000 -0.00000 ( 1)  0.000
  43 N   1.00000 0.00000 -0.00000 ( 1)  0.000
  44 S   1.00000 0.00000 -0.00000 ( 1)  0.000
  45 L   1.00000 0.00000 -0.00000 ( 1)  0.000
  46 K   1.00000 0.00000 -0.00000 ( 1)  0.000
  47 S   1.00000 0.00000 -0.00000 ( 1)  0.000
  48 S   1.00000 0.00000 -0.00000 ( 1)  0.000
  49 G   1.00000 0.00000 -0.00000 ( 1)  0.000
  50 R   1.00000 0.00000 -0.00000 ( 1)  0.000
  51 V   1.00000 0.00000 -0.00000 ( 1)  0.000
  52 P   1.00000 0.00000 -0.00000 ( 1)  0.000
  53 K   1.00000 0.00000 -0.00000 ( 1)  0.000
  54 F   1.00000 0.00000 -0.00000 ( 1)  0.000
  55 A   1.00000 0.00000 -0.00000 ( 1)  0.000
  56 D   1.00000 0.00000 -0.00000 ( 1)  0.000
  57 S   1.00000 0.00000 -0.00000 ( 1)  0.000
  58 G   1.00000 0.00000 -0.00000 ( 1)  0.000
  59 M   1.00000 0.00000 -0.00000 ( 1)  0.000
  60 V   1.00000 0.00000 -0.00000 ( 1)  0.000
  61 C   1.00000 0.00000 -0.00000 ( 1)  0.000
  62 V   1.00000 0.00000 -0.00000 ( 1)  0.000
  63 V   1.00000 0.00000 -0.00000 ( 1)  0.000
  64 A   1.00000 0.00000 -0.00000 ( 1)  0.000
  65 D   1.00000 0.00000 -0.00000 ( 1)  0.000
  66 E   1.00000 0.00000 -0.00000 ( 1)  0.000
  67 D   1.00000 0.00000 -0.00000 ( 1)  0.000
  68 I   1.00000 0.00000 -0.00000 ( 1)  0.000
  69 P   1.00000 0.00000 -0.00000 ( 1)  0.000
  70 R   1.00000 0.00000 -0.00000 ( 1)  0.000
  71 S   1.00000 0.00000 -0.00000 ( 1)  0.000
  72 F   1.00000 0.00000 -0.00000 ( 1)  0.000
  73 E   1.00000 0.00000 -0.00000 ( 1)  0.000
  74 P   1.00000 0.00000 -0.00000 ( 1)  0.000
  75 S   1.00000 0.00000 -0.00000 ( 1)  0.000
  76 F   1.00000 0.00000 -0.00000 ( 1)  0.000
  77 H   1.00000 0.00000 -0.00000 ( 1)  0.000
  78 L   1.00000 0.00000 -0.00000 ( 1)  0.000
  79 H   1.00000 0.00000 -0.00000 ( 1)  0.000
  80 N   1.00000 0.00000 -0.00000 ( 1)  0.000
  81 T   1.00000 0.00000 -0.00000 ( 1)  0.000
  82 N   1.00000 0.00000 -0.00000 ( 1)  0.000
  83 D   1.00000 0.00000 -0.00000 ( 1)  0.000
  84 C   1.00000 0.00000 -0.00000 ( 1)  0.000
  85 N   1.00000 0.00000 -0.00000 ( 1)  0.000
  86 G   1.00000 0.00000 -0.00000 ( 1)  0.000
  87 T   1.00000 0.00000 -0.00000 ( 1)  0.000
  88 S   1.00000 0.00000 -0.00000 ( 1)  0.000
  89 E   1.00000 0.00000 -0.00000 ( 1)  0.000
  90 L   1.00000 0.00000 -0.00000 ( 1)  0.000
  91 Q   1.00000 0.00000 -0.00000 ( 1)  0.000
  92 R   1.00000 0.00000 -0.00000 ( 1)  0.000
  93 Q   1.00000 0.00000 -0.00000 ( 1)  0.000
  94 C   1.00000 0.00000 -0.00000 ( 1)  0.000
  95 L   1.00000 0.00000 -0.00000 ( 1)  0.000
  96 D   1.00000 0.00000 -0.00000 ( 1)  0.000
  97 S   1.00000 0.00000 -0.00000 ( 1)  0.000
  98 L   1.00000 0.00000 -0.00000 ( 1)  0.000
  99 L   1.00000 0.00000 -0.00000 ( 1)  0.000
 100 L   1.00000 0.00000 -0.00000 ( 1)  0.000
 101 R   1.00000 0.00000 -0.00000 ( 1)  0.000
 102 S   1.00000 0.00000 -0.00000 ( 1)  0.000
 103 E   1.00000 0.00000 -0.00000 ( 1)  0.000
 104 L   1.00000 0.00000 -0.00000 ( 1)  0.000
 105 L   1.00000 0.00000 -0.00000 ( 1)  0.000
 106 I   1.00000 0.00000 -0.00000 ( 1)  0.000
 107 G   1.00000 0.00000 -0.00000 ( 1)  0.000
 108 R   1.00000 0.00000 -0.00000 ( 1)  0.000
 109 N   1.00000 0.00000 -0.00000 ( 1)  0.000
 110 N   1.00000 0.00000 -0.00000 ( 1)  0.000
 111 V   1.00000 0.00000 -0.00000 ( 1)  0.000
 112 F   1.00000 0.00000 -0.00000 ( 1)  0.000
 113 P   1.00000 0.00000 -0.00000 ( 1)  0.000
 114 E   1.00000 0.00000 -0.00000 ( 1)  0.000
 115 F   1.00000 0.00000 -0.00000 ( 1)  0.000
 116 L   1.00000 0.00000 -0.00000 ( 1)  0.000
 117 R   1.00000 0.00000 -0.00000 ( 1)  0.000
 118 I   1.00000 0.00000 -0.00000 ( 1)  0.000
 119 A   1.00000 0.00000 -0.00000 ( 1)  0.000
 120 P   1.00000 0.00000 -0.00000 ( 1)  0.000
 121 P   1.00000 0.00000 -0.00000 ( 1)  0.000
 122 L   1.00000 0.00000 -0.00000 ( 1)  0.000
 123 L   1.00000 0.00000 -0.00000 ( 1)  0.000
 124 P   1.00000 0.00000 -0.00000 ( 1)  0.000
 125 C   1.00000 0.00000 -0.00000 ( 1)  0.000
 126 P   1.00000 0.00000 -0.00000 ( 1)  0.000
 127 Q   1.00000 0.00000 -0.00000 ( 1)  0.000
 128 G   1.00000 0.00000 -0.00000 ( 1)  0.000
 129 I   1.00000 0.00000 -0.00000 ( 1)  0.000
 130 D   1.00000 0.00000 -0.00000 ( 1)  0.000
 131 E   1.00000 0.00000 -0.00000 ( 1)  0.000
 132 I   1.00000 0.00000 -0.00000 ( 1)  0.000
 133 L   1.00000 0.00000 -0.00000 ( 1)  0.000
 134 Y   1.00000 0.00000 -0.00000 ( 1)  0.000
 135 N   1.00000 0.00000 -0.00000 ( 1)  0.000
 136 L   1.00000 0.00000 -0.00000 ( 1)  0.000
 137 D   1.00000 0.00000 -0.00000 ( 1)  0.000
 138 E   1.00000 0.00000 -0.00000 ( 1)  0.000
 139 G   1.00000 0.00000 -0.00000 ( 1)  0.000
 140 N   1.00000 0.00000 -0.00000 ( 1)  0.000
 141 E   1.00000 0.00000 -0.00000 ( 1)  0.000
 142 S   1.00000 0.00000 -0.00000 ( 1)  0.000
 143 I   1.00000 0.00000 -0.00000 ( 1)  0.000
 144 S   1.00000 0.00000 -0.00000 ( 1)  0.000
 145 R   1.00000 0.00000 -0.00000 ( 1)  0.000
 146 T   1.00000 0.00000 -0.00000 ( 1)  0.000
 147 V   1.00000 0.00000 -0.00000 ( 1)  0.000
 148 S   1.00000 0.00000 -0.00000 ( 1)  0.000
 149 N   1.00000 0.00000 -0.00000 ( 1)  0.000
 150 L   1.00000 0.00000 -0.00000 ( 1)  0.000
 151 S   1.00000 0.00000 -0.00000 ( 1)  0.000
 152 P   1.00000 0.00000 -0.00000 ( 1)  0.000
 153 S   1.00000 0.00000 -0.00000 ( 1)  0.000
 154 E   1.00000 0.00000 -0.00000 ( 1)  0.000
 155 K   1.00000 0.00000 -0.00000 ( 1)  0.000
 156 K   1.00000 0.00000 -0.00000 ( 1)  0.000
 157 S   1.00000 0.00000 -0.00000 ( 1)  0.000
 158 I   1.00000 0.00000 -0.00000 ( 1)  0.000
 159 K   1.00000 0.00000 -0.00000 ( 1)  0.000
 160 R   1.00000 0.00000 -0.00000 ( 1)  0.000
 161 S   1.00000 0.00000 -0.00000 ( 1)  0.000
 162 K   1.00000 0.00000 -0.00000 ( 1)  0.000
 163 P   1.00000 0.00000 -0.00000 ( 1)  0.000
 164 T   1.00000 0.00000 -0.00000 ( 1)  0.000
 165 Y   1.00000 0.00000 -0.00000 ( 1)  0.000
 166 G   1.00000 0.00000 -0.00000 ( 1)  0.000
 167 W   1.00000 0.00000 -0.00000 ( 1)  0.000
 168 S   1.00000 0.00000 -0.00000 ( 1)  0.000
 169 E   1.00000 0.00000 -0.00000 ( 1)  0.000
 170 E   1.00000 0.00000 -0.00000 ( 1)  0.000
 171 L   1.00000 0.00000 -0.00000 ( 1)  0.000
 172 I   1.00000 0.00000 -0.00000 ( 1)  0.000
 173 W   1.00000 0.00000 -0.00000 ( 1)  0.000
 174 L   1.00000 0.00000 -0.00000 ( 1)  0.000
 175 N   1.00000 0.00000 -0.00000 ( 1)  0.000
 176 P   1.00000 0.00000 -0.00000 ( 1)  0.000
 177 D   1.00000 0.00000 -0.00000 ( 1)  0.000
 178 I   1.00000 0.00000 -0.00000 ( 1)  0.000
 179 V   1.00000 0.00000 -0.00000 ( 1)  0.000
 180 E   1.00000 0.00000 -0.00000 ( 1)  0.000
 181 H   1.00000 0.00000 -0.00000 ( 1)  0.000
 182 D   1.00000 0.00000 -0.00000 ( 1)  0.000
 183 F   1.00000 0.00000 -0.00000 ( 1)  0.000
 184 H   1.00000 0.00000 -0.00000 ( 1)  0.000
 185 W   1.00000 0.00000 -0.00000 ( 1)  0.000
 186 N   1.00000 0.00000 -0.00000 ( 1)  0.000
 187 N   1.00000 0.00000 -0.00000 ( 1)  0.000
 188 S   1.00000 0.00000 -0.00000 ( 1)  0.000
 189 M   1.00000 0.00000 -0.00000 ( 1)  0.000
 190 E   1.00000 0.00000 -0.00000 ( 1)  0.000
 191 L   1.00000 0.00000 -0.00000 ( 1)  0.000
 192 V   1.00000 0.00000 -0.00000 ( 1)  0.000
 193 D   1.00000 0.00000 -0.00000 ( 1)  0.000
 194 I   1.00000 0.00000 -0.00000 ( 1)  0.000
 195 T   1.00000 0.00000 -0.00000 ( 1)  0.000
 196 V   1.00000 0.00000 -0.00000 ( 1)  0.000
 197 E   1.00000 0.00000 -0.00000 ( 1)  0.000
 198 L   1.00000 0.00000 -0.00000 ( 1)  0.000
 199 R   1.00000 0.00000 -0.00000 ( 1)  0.000
 200 H   1.00000 0.00000 -0.00000 ( 1)  0.000
 201 L   1.00000 0.00000 -0.00000 ( 1)  0.000
 202 V   1.00000 0.00000 -0.00000 ( 1)  0.000
 203 S   1.00000 0.00000 -0.00000 ( 1)  0.000
 204 A   1.00000 0.00000 -0.00000 ( 1)  0.000
 205 A   1.00000 0.00000 -0.00000 ( 1)  0.000
 206 M   1.00000 0.00000 -0.00000 ( 1)  0.000
 207 T   1.00000 0.00000 -0.00000 ( 1)  0.000
 208 S   1.00000 0.00000 -0.00000 ( 1)  0.000
 209 T   1.00000 0.00000 -0.00000 ( 1)  0.000
 210 L   1.00000 0.00000 -0.00000 ( 1)  0.000
 211 T   1.00000 0.00000 -0.00000 ( 1)  0.000
 212 Q   1.00000 0.00000 -0.00000 ( 1)  0.000
 213 S   1.00000 0.00000 -0.00000 ( 1)  0.000
 214 Q   1.00000 0.00000 -0.00000 ( 1)  0.000
 215 Q   1.00000 0.00000 -0.00000 ( 1)  0.000
 216 Q   1.00000 0.00000 -0.00000 ( 1)  0.000
 217 T   1.00000 0.00000 -0.00000 ( 1)  0.000
 218 V   1.00000 0.00000 -0.00000 ( 1)  0.000
 219 V   1.00000 0.00000 -0.00000 ( 1)  0.000
 220 Q   1.00000 0.00000 -0.00000 ( 1)  0.000
 221 A   1.00000 0.00000 -0.00000 ( 1)  0.000
 222 I   1.00000 0.00000 -0.00000 ( 1)  0.000
 223 K   1.00000 0.00000 -0.00000 ( 1)  0.000
 224 D   1.00000 0.00000 -0.00000 ( 1)  0.000
 225 N   1.00000 0.00000 -0.00000 ( 1)  0.000
 226 P   1.00000 0.00000 -0.00000 ( 1)  0.000
 227 D   1.00000 0.00000 -0.00000 ( 1)  0.000
 228 V   1.00000 0.00000 -0.00000 ( 1)  0.000
 229 I   1.00000 0.00000 -0.00000 ( 1)  0.000
 230 Y   1.00000 0.00000 -0.00000 ( 1)  0.000
 231 N   1.00000 0.00000 -0.00000 ( 1)  0.000
 232 V   1.00000 0.00000 -0.00000 ( 1)  0.000
 233 G   1.00000 0.00000 -0.00000 ( 1)  0.000
 234 I   1.00000 0.00000 -0.00000 ( 1)  0.000
 235 T   1.00000 0.00000 -0.00000 ( 1)  0.000
 236 P   1.00000 0.00000 -0.00000 ( 1)  0.000
 237 E   1.00000 0.00000 -0.00000 ( 1)  0.000
 238 I   1.00000 0.00000 -0.00000 ( 1)  0.000
 239 V   1.00000 0.00000 -0.00000 ( 1)  0.000
 240 P   1.00000 0.00000 -0.00000 ( 1)  0.000
 241 N   1.00000 0.00000 -0.00000 ( 1)  0.000
 242 F   1.00000 0.00000 -0.00000 ( 1)  0.000
 243 V   1.00000 0.00000 -0.00000 ( 1)  0.000
 244 N   1.00000 0.00000 -0.00000 ( 1)  0.000
 245 R   1.00000 0.00000 -0.00000 ( 1)  0.000
 246 N   1.00000 0.00000 -0.00000 ( 1)  0.000
 247 P   1.00000 0.00000 -0.00000 ( 1)  0.000
 248 V   1.00000 0.00000 -0.00000 ( 1)  0.000
 249 I   1.00000 0.00000 -0.00000 ( 1)  0.000
 250 A   1.00000 0.00000 -0.00000 ( 1)  0.000
 251 I   1.00000 0.00000 -0.00000 ( 1)  0.000
 252 E   1.00000 0.00000 -0.00000 ( 1)  0.000
 253 V   1.00000 0.00000 -0.00000 ( 1)  0.000
 254 L   1.00000 0.00000 -0.00000 ( 1)  0.000
 255 Q   1.00000 0.00000 -0.00000 ( 1)  0.000
 256 L   1.00000 0.00000 -0.00000 ( 1)  0.000
 257 L   1.00000 0.00000 -0.00000 ( 1)  0.000
 258 I   1.00000 0.00000 -0.00000 ( 1)  0.000
 259 T   1.00000 0.00000 -0.00000 ( 1)  0.000
 260 S   1.00000 0.00000 -0.00000 ( 1)  0.000
 261 P   1.00000 0.00000 -0.00000 ( 1)  0.000
 262 K   1.00000 0.00000 -0.00000 ( 1)  0.000
 263 R   1.00000 0.00000 -0.00000 ( 1)  0.000
 264 D   1.00000 0.00000 -0.00000 ( 1)  0.000
 265 E   1.00000 0.00000 -0.00000 ( 1)  0.000
 266 Y   1.00000 0.00000 -0.00000 ( 1)  0.000
 267 L   1.00000 0.00000 -0.00000 ( 1)  0.000
 268 N   1.00000 0.00000 -0.00000 ( 1)  0.000
 269 A   1.00000 0.00000 -0.00000 ( 1)  0.000
 270 L   1.00000 0.00000 -0.00000 ( 1)  0.000
 271 L   1.00000 0.00000 -0.00000 ( 1)  0.000
 272 K   1.00000 0.00000 -0.00000 ( 1)  0.000
 273 M   1.00000 0.00000 -0.00000 ( 1)  0.000
 274 E   1.00000 0.00000 -0.00000 ( 1)  0.000
 275 V   1.00000 0.00000 -0.00000 ( 1)  0.000
 276 T   1.00000 0.00000 -0.00000 ( 1)  0.000
 277 V   1.00000 0.00000 -0.00000 ( 1)  0.000
 278 Q   1.00000 0.00000 -0.00000 ( 1)  0.000
 279 S   1.00000 0.00000 -0.00000 ( 1)  0.000
 280 I   1.00000 0.00000 -0.00000 ( 1)  0.000
 281 E   1.00000 0.00000 -0.00000 ( 1)  0.000
 282 V   1.00000 0.00000 -0.00000 ( 1)  0.000
 283 V   1.00000 0.00000 -0.00000 ( 1)  0.000
 284 N   1.00000 0.00000 -0.00000 ( 1)  0.000
 285 R   1.00000 0.00000 -0.00000 ( 1)  0.000
 286 L   1.00000 0.00000 -0.00000 ( 1)  0.000
 287 S   1.00000 0.00000 -0.00000 ( 1)  0.000
 288 T   1.00000 0.00000 -0.00000 ( 1)  0.000
 289 K   1.00000 0.00000 -0.00000 ( 1)  0.000
 290 I   1.00000 0.00000 -0.00000 ( 1)  0.000
 291 A   1.00000 0.00000 -0.00000 ( 1)  0.000
 292 L   1.00000 0.00000 -0.00000 ( 1)  0.000
 293 P   1.00000 0.00000 -0.00000 ( 1)  0.000
 294 T   1.00000 0.00000 -0.00000 ( 1)  0.000
 295 E   1.00000 0.00000 -0.00000 ( 1)  0.000
 296 F   1.00000 0.00000 -0.00000 ( 1)  0.000
 297 I   1.00000 0.00000 -0.00000 ( 1)  0.000
 298 Q   1.00000 0.00000 -0.00000 ( 1)  0.000
 299 D   1.00000 0.00000 -0.00000 ( 1)  0.000
 300 Y   1.00000 0.00000 -0.00000 ( 1)  0.000
 301 I   1.00000 0.00000 -0.00000 ( 1)  0.000
 302 S   1.00000 0.00000 -0.00000 ( 1)  0.000
 303 N   1.00000 0.00000 -0.00000 ( 1)  0.000
 304 C   1.00000 0.00000 -0.00000 ( 1)  0.000
 305 L   1.00000 0.00000 -0.00000 ( 1)  0.000
 306 A   1.00000 0.00000 -0.00000 ( 1)  0.000
 307 F   1.00000 0.00000 -0.00000 ( 1)  0.000
 308 C   1.00000 0.00000 -0.00000 ( 1)  0.000
 309 Y   1.00000 0.00000 -0.00000 ( 1)  0.000
 310 S   1.00000 0.00000 -0.00000 ( 1)  0.000
 311 V   1.00000 0.00000 -0.00000 ( 1)  0.000
 312 N   1.00000 0.00000 -0.00000 ( 1)  0.000
 313 D   1.00000 0.00000 -0.00000 ( 1)  0.000
 314 K   1.00000 0.00000 -0.00000 ( 1)  0.000
 315 F   1.00000 0.00000 -0.00000 ( 1)  0.000
 316 Y   1.00000 0.00000 -0.00000 ( 1)  0.000
 317 Q   1.00000 0.00000 -0.00000 ( 1)  0.000
 318 M   1.00000 0.00000 -0.00000 ( 1)  0.000
 319 R   1.00000 0.00000 -0.00000 ( 1)  0.000
 320 H   1.00000 0.00000 -0.00000 ( 1)  0.000
 321 V   1.00000 0.00000 -0.00000 ( 1)  0.000
 322 R   1.00000 0.00000 -0.00000 ( 1)  0.000
 323 L   1.00000 0.00000 -0.00000 ( 1)  0.000
 324 V   1.00000 0.00000 -0.00000 ( 1)  0.000
 325 C   1.00000 0.00000 -0.00000 ( 1)  0.000
 326 V   1.00000 0.00000 -0.00000 ( 1)  0.000
 327 L   1.00000 0.00000 -0.00000 ( 1)  0.000
 328 L   1.00000 0.00000 -0.00000 ( 1)  0.000
 329 Q   1.00000 0.00000 -0.00000 ( 1)  0.000
 330 S   1.00000 0.00000 -0.00000 ( 1)  0.000
 331 L   1.00000 0.00000 -0.00000 ( 1)  0.000
 332 I   1.00000 0.00000 -0.00000 ( 1)  0.000
 333 R   1.00000 0.00000 -0.00000 ( 1)  0.000
 334 N   1.00000 0.00000 -0.00000 ( 1)  0.000
 335 N   1.00000 0.00000 -0.00000 ( 1)  0.000
 336 I   1.00000 0.00000 -0.00000 ( 1)  0.000
 337 L   1.00000 0.00000 -0.00000 ( 1)  0.000
 338 D   1.00000 0.00000 -0.00000 ( 1)  0.000
 339 I   1.00000 0.00000 -0.00000 ( 1)  0.000
 340 H   1.00000 0.00000 -0.00000 ( 1)  0.000
 341 N   1.00000 0.00000 -0.00000 ( 1)  0.000
 342 Q   1.00000 0.00000 -0.00000 ( 1)  0.000
 343 D   1.00000 0.00000 -0.00000 ( 1)  0.000
 344 I   1.00000 0.00000 -0.00000 ( 1)  0.000
 345 L   1.00000 0.00000 -0.00000 ( 1)  0.000
 346 I   1.00000 0.00000 -0.00000 ( 1)  0.000
 347 E   1.00000 0.00000 -0.00000 ( 1)  0.000
 348 V   1.00000 0.00000 -0.00000 ( 1)  0.000
 349 R   1.00000 0.00000 -0.00000 ( 1)  0.000
 350 T   1.00000 0.00000 -0.00000 ( 1)  0.000
 351 F   1.00000 0.00000 -0.00000 ( 1)  0.000
 352 C   1.00000 0.00000 -0.00000 ( 1)  0.000
 353 L   1.00000 0.00000 -0.00000 ( 1)  0.000
 354 E   1.00000 0.00000 -0.00000 ( 1)  0.000
 355 F   1.00000 0.00000 -0.00000 ( 1)  0.000
 356 T   1.00000 0.00000 -0.00000 ( 1)  0.000
 357 K   1.00000 0.00000 -0.00000 ( 1)  0.000
 358 A   1.00000 0.00000 -0.00000 ( 1)  0.000
 359 R   1.00000 0.00000 -0.00000 ( 1)  0.000
 360 E   1.00000 0.00000 -0.00000 ( 1)  0.000
 361 A   1.00000 0.00000 -0.00000 ( 1)  0.000
 362 T   1.00000 0.00000 -0.00000 ( 1)  0.000
 363 T   1.00000 0.00000 -0.00000 ( 1)  0.000
 364 L   1.00000 0.00000 -0.00000 ( 1)  0.000
 365 H   1.00000 0.00000 -0.00000 ( 1)  0.000
 366 R   1.00000 0.00000 -0.00000 ( 1)  0.000
 367 L   1.00000 0.00000 -0.00000 ( 1)  0.000
 368 I   1.00000 0.00000 -0.00000 ( 1)  0.000
 369 L   1.00000 0.00000 -0.00000 ( 1)  0.000
 370 N   1.00000 0.00000 -0.00000 ( 1)  0.000
 371 M   1.00000 0.00000 -0.00000 ( 1)  0.000
 372 E   1.00000 0.00000 -0.00000 ( 1)  0.000
 373 N   1.00000 0.00000 -0.00000 ( 1)  0.000
 374 T   1.00000 0.00000 -0.00000 ( 1)  0.000
 375 N   1.00000 0.00000 -0.00000 ( 1)  0.000
 376 T   1.00000 0.00000 -0.00000 ( 1)  0.000
 377 A   1.00000 0.00000 -0.00000 ( 1)  0.000
 378 S   1.00000 0.00000 -0.00000 ( 1)  0.000
 379 S   1.00000 0.00000 -0.00000 ( 1)  0.000
 380 A   1.00000 0.00000 -0.00000 ( 1)  0.000
 381 T   1.00000 0.00000 -0.00000 ( 1)  0.000
 382 T   1.00000 0.00000 -0.00000 ( 1)  0.000
 383 F   1.00000 0.00000 -0.00000 ( 1)  0.000
 384 S   1.00000 0.00000 -0.00000 ( 1)  0.000
 385 N   1.00000 0.00000 -0.00000 ( 1)  0.000
 386 N   1.00000 0.00000 -0.00000 ( 1)  0.000
 387 I   1.00000 0.00000 -0.00000 ( 1)  0.000
 388 G   1.00000 0.00000 -0.00000 ( 1)  0.000
 389 T   1.00000 0.00000 -0.00000 ( 1)  0.000
 390 S   1.00000 0.00000 -0.00000 ( 1)  0.000
 391 T   1.00000 0.00000 -0.00000 ( 1)  0.000
 392 T   1.00000 0.00000 -0.00000 ( 1)  0.000
 393 T   1.00000 0.00000 -0.00000 ( 1)  0.000
 394 T   1.00000 0.00000 -0.00000 ( 1)  0.000
 395 S   1.00000 0.00000 -0.00000 ( 1)  0.000
 396 S   1.00000 0.00000 -0.00000 ( 1)  0.000
 397 P   1.00000 0.00000 -0.00000 ( 1)  0.000
 398 T   1.00000 0.00000 -0.00000 ( 1)  0.000
 399 C   1.00000 0.00000 -0.00000 ( 1)  0.000
 400 S   1.00000 0.00000 -0.00000 ( 1)  0.000
 401 S   1.00000 0.00000 -0.00000 ( 1)  0.000
 402 T   1.00000 0.00000 -0.00000 ( 1)  0.000
 403 S   1.00000 0.00000 -0.00000 ( 1)  0.000
 404 T   1.00000 0.00000 -0.00000 ( 1)  0.000
 405 P   1.00000 0.00000 -0.00000 ( 1)  0.000
 406 Q   1.00000 0.00000 -0.00000 ( 1)  0.000
 407 P   1.00000 0.00000 -0.00000 ( 1)  0.000
 408 E   1.00000 0.00000 -0.00000 ( 1)  0.000
 409 I   1.00000 0.00000 -0.00000 ( 1)  0.000
 410 S   1.00000 0.00000 -0.00000 ( 1)  0.000
 411 N   1.00000 0.00000 -0.00000 ( 1)  0.000
 412 E   1.00000 0.00000 -0.00000 ( 1)  0.000
 413 N   1.00000 0.00000 -0.00000 ( 1)  0.000
 414 K   1.00000 0.00000 -0.00000 ( 1)  0.000
 415 E   1.00000 0.00000 -0.00000 ( 1)  0.000
 416 T   1.00000 0.00000 -0.00000 ( 1)  0.000
 417 S   1.00000 0.00000 -0.00000 ( 1)  0.000

Positively selected sites

	Prob(w>1)  mean w



lnL = -1642.824513

Bayes Empirical Bayes (BEB) probabilities for 3 classes (class) & postmean_w
(amino acids refer to 1st sequence: scm.11756)

   1 M   0.53746 0.32913 0.13341 ( 1)  0.911 +-  1.147
   2 F   0.53743 0.32912 0.13344 ( 1)  0.912 +-  1.148
   3 H   0.53702 0.32912 0.13386 ( 1)  0.914 +-  1.153
   4 T   0.53735 0.32912 0.13353 ( 1)  0.912 +-  1.149
   5 I   0.53803 0.32913 0.13284 ( 1)  0.909 +-  1.141
   6 L   0.53746 0.32913 0.13342 ( 1)  0.911 +-  1.148
   7 R   0.53616 0.32910 0.13474 ( 1)  0.918 +-  1.162
   8 Q   0.53566 0.32908 0.13526 ( 1)  0.920 +-  1.168
   9 P   0.53599 0.32909 0.13492 ( 1)  0.919 +-  1.164
  10 D   0.53757 0.32913 0.13330 ( 1)  0.911 +-  1.146
  11 Q   0.53566 0.32908 0.13526 ( 1)  0.920 +-  1.168
  12 I   0.53803 0.32913 0.13284 ( 1)  0.909 +-  1.141
  13 H   0.53702 0.32912 0.13386 ( 1)  0.914 +-  1.153
  14 D   0.53757 0.32913 0.13330 ( 1)  0.911 +-  1.146
  15 F   0.53743 0.32912 0.13344 ( 1)  0.912 +-  1.148
  16 L   0.53564 0.32908 0.13528 ( 1)  0.920 +-  1.168
  17 K   0.53680 0.32911 0.13409 ( 1)  0.915 +-  1.155
  18 Y   0.53693 0.32911 0.13395 ( 1)  0.914 +-  1.154
  19 T   0.53810 0.32913 0.13276 ( 1)  0.908 +-  1.140
  20 P   0.53686 0.32911 0.13402 ( 1)  0.914 +-  1.154
  21 A   0.53730 0.32912 0.13357 ( 1)  0.912 +-  1.149
  22 Q   0.53549 0.32907 0.13543 ( 1)  0.921 +-  1.170
  23 I   0.53784 0.32913 0.13303 ( 1)  0.910 +-  1.143
  24 F   0.53743 0.32912 0.13344 ( 1)  0.912 +-  1.148
  25 D   0.53757 0.32913 0.13330 ( 1)  0.911 +-  1.146
  26 L   0.53608 0.32909 0.13483 ( 1)  0.918 +-  1.163
  27 P   0.53604 0.32909 0.13487 ( 1)  0.918 +-  1.164
  28 Y   0.53693 0.32911 0.13395 ( 1)  0.914 +-  1.154
  29 S   0.53605 0.32909 0.13486 ( 1)  0.918 +-  1.163
  30 T   0.53810 0.32913 0.13276 ( 1)  0.908 +-  1.140
  31 D   0.53603 0.32909 0.13487 ( 1)  0.918 +-  1.164
  32 L   0.53746 0.32913 0.13342 ( 1)  0.911 +-  1.148
  33 R   0.53697 0.32912 0.13391 ( 1)  0.914 +-  1.153
  34 L   0.53746 0.32913 0.13342 ( 1)  0.911 +-  1.148
  35 D   0.53603 0.32909 0.13487 ( 1)  0.918 +-  1.164
  36 W   0.53549 0.32907 0.13543 ( 1)  0.921 +-  1.170
  37 D   0.53757 0.32913 0.13330 ( 1)  0.911 +-  1.146
  38 L   0.53564 0.32908 0.13528 ( 1)  0.920 +-  1.168
  39 V   0.53810 0.32913 0.13276 ( 1)  0.908 +-  1.140
  40 P   0.53686 0.32911 0.13402 ( 1)  0.914 +-  1.154
  41 V   0.53735 0.32912 0.13353 ( 1)  0.912 +-  1.149
  42 A   0.53617 0.32910 0.13473 ( 1)  0.918 +-  1.162
  43 N   0.53735 0.32912 0.13353 ( 1)  0.912 +-  1.149
  44 S   0.53688 0.32911 0.13401 ( 1)  0.914 +-  1.154
  45 L   0.53564 0.32908 0.13528 ( 1)  0.920 +-  1.168
  46 K   0.53680 0.32911 0.13409 ( 1)  0.915 +-  1.155
  47 S   0.53688 0.32911 0.13401 ( 1)  0.914 +-  1.154
  48 S   0.53600 0.32909 0.13491 ( 1)  0.919 +-  1.164
  49 G   0.53736 0.32913 0.13351 ( 1)  0.912 +-  1.149
  50 R   0.53694 0.32912 0.13394 ( 1)  0.914 +-  1.153
  51 V   0.53810 0.32913 0.13276 ( 1)  0.908 +-  1.140
  52 P   0.53604 0.32909 0.13487 ( 1)  0.918 +-  1.164
  53 K   0.53680 0.32911 0.13409 ( 1)  0.915 +-  1.155
  54 F   0.53743 0.32912 0.13344 ( 1)  0.912 +-  1.148
  55 A   0.53804 0.32914 0.13282 ( 1)  0.909 +-  1.141
  56 D   0.53603 0.32909 0.13487 ( 1)  0.918 +-  1.164
  57 S   0.53746 0.32913 0.13341 ( 1)  0.911 +-  1.148
  58 G   0.53681 0.32911 0.13408 ( 1)  0.915 +-  1.155
  59 M   0.53746 0.32913 0.13341 ( 1)  0.911 +-  1.147
  60 V   0.53810 0.32913 0.13276 ( 1)  0.908 +-  1.140
  61 C   0.53703 0.32912 0.13385 ( 1)  0.913 +-  1.152
  62 V   0.53810 0.32913 0.13276 ( 1)  0.908 +-  1.140
  63 V   0.53810 0.32913 0.13276 ( 1)  0.908 +-  1.140
  64 A   0.53804 0.32914 0.13282 ( 1)  0.909 +-  1.141
  65 D   0.53757 0.32913 0.13330 ( 1)  0.911 +-  1.146
  66 E   0.53696 0.32912 0.13392 ( 1)  0.914 +-  1.153
  67 D   0.53757 0.32913 0.13330 ( 1)  0.911 +-  1.146
  68 I   0.53803 0.32913 0.13284 ( 1)  0.909 +-  1.141
  69 P   0.53686 0.32911 0.13402 ( 1)  0.914 +-  1.154
  70 R   0.53694 0.32912 0.13394 ( 1)  0.914 +-  1.153
  71 S   0.53746 0.32913 0.13341 ( 1)  0.911 +-  1.148
  72 F   0.53599 0.32909 0.13492 ( 1)  0.919 +-  1.164
  73 E   0.53609 0.32909 0.13482 ( 1)  0.918 +-  1.163
  74 P   0.53686 0.32911 0.13402 ( 1)  0.914 +-  1.154
  75 S   0.53688 0.32911 0.13401 ( 1)  0.914 +-  1.154
  76 F   0.53743 0.32912 0.13344 ( 1)  0.912 +-  1.148
  77 H   0.53586 0.32909 0.13505 ( 1)  0.919 +-  1.166
  78 L   0.53608 0.32909 0.13483 ( 1)  0.918 +-  1.163
  79 H   0.53702 0.32912 0.13386 ( 1)  0.914 +-  1.153
  80 N   0.53596 0.32909 0.13495 ( 1)  0.919 +-  1.164
  81 T   0.53735 0.32912 0.13353 ( 1)  0.912 +-  1.149
  82 N   0.53735 0.32912 0.13353 ( 1)  0.912 +-  1.149
  83 D   0.53757 0.32913 0.13330 ( 1)  0.911 +-  1.146
  84 C   0.53586 0.32909 0.13505 ( 1)  0.919 +-  1.166
  85 N   0.53735 0.32912 0.13353 ( 1)  0.912 +-  1.149
  86 G   0.53736 0.32913 0.13351 ( 1)  0.912 +-  1.149
  87 T   0.53735 0.32912 0.13353 ( 1)  0.912 +-  1.149
  88 S   0.53600 0.32909 0.13491 ( 1)  0.919 +-  1.164
  89 E   0.53696 0.32912 0.13392 ( 1)  0.914 +-  1.153
  90 L   0.53608 0.32909 0.13483 ( 1)  0.918 +-  1.163
  91 Q   0.53566 0.32908 0.13526 ( 1)  0.920 +-  1.168
  92 R   0.53694 0.32912 0.13394 ( 1)  0.914 +-  1.153
  93 Q   0.53566 0.32908 0.13526 ( 1)  0.920 +-  1.168
  94 C   0.53703 0.32912 0.13385 ( 1)  0.913 +-  1.152
  95 L   0.53608 0.32909 0.13483 ( 1)  0.918 +-  1.163
  96 D   0.53757 0.32913 0.13330 ( 1)  0.911 +-  1.146
  97 S   0.53746 0.32913 0.13341 ( 1)  0.911 +-  1.148
  98 L   0.53746 0.32913 0.13342 ( 1)  0.911 +-  1.148
  99 L   0.53568 0.32908 0.13524 ( 1)  0.920 +-  1.168
 100 L   0.53608 0.32909 0.13483 ( 1)  0.918 +-  1.163
 101 R   0.53694 0.32912 0.13394 ( 1)  0.914 +-  1.153
 102 S   0.53759 0.32913 0.13328 ( 1)  0.911 +-  1.146
 103 E   0.53696 0.32912 0.13392 ( 1)  0.914 +-  1.153
 104 L   0.53564 0.32908 0.13528 ( 1)  0.920 +-  1.168
 105 L   0.53608 0.32909 0.13483 ( 1)  0.918 +-  1.163
 106 I   0.53784 0.32913 0.13303 ( 1)  0.910 +-  1.143
 107 G   0.53736 0.32913 0.13351 ( 1)  0.912 +-  1.149
 108 R   0.53583 0.32909 0.13508 ( 1)  0.919 +-  1.166
 109 N   0.53735 0.32912 0.13353 ( 1)  0.912 +-  1.149
 110 N   0.53735 0.32912 0.13353 ( 1)  0.912 +-  1.149
 111 V   0.53619 0.32910 0.13471 ( 1)  0.918 +-  1.162
 112 F   0.53599 0.32909 0.13492 ( 1)  0.919 +-  1.164
 113 P   0.53686 0.32911 0.13402 ( 1)  0.914 +-  1.154
 114 E   0.53609 0.32909 0.13482 ( 1)  0.918 +-  1.163
 115 F   0.53743 0.32912 0.13344 ( 1)  0.912 +-  1.148
 116 L   0.53746 0.32913 0.13342 ( 1)  0.911 +-  1.148
 117 R   0.53694 0.32912 0.13394 ( 1)  0.914 +-  1.153
 118 I   0.53803 0.32913 0.13284 ( 1)  0.909 +-  1.141
 119 A   0.53804 0.32914 0.13282 ( 1)  0.909 +-  1.141
 120 P   0.53686 0.32911 0.13402 ( 1)  0.914 +-  1.154
 121 P   0.53744 0.32913 0.13344 ( 1)  0.911 +-  1.148
 122 L   0.53568 0.32908 0.13524 ( 1)  0.920 +-  1.168
 123 L   0.53608 0.32909 0.13483 ( 1)  0.918 +-  1.163
 124 P   0.53604 0.32909 0.13487 ( 1)  0.918 +-  1.164
 125 C   0.53586 0.32909 0.13505 ( 1)  0.919 +-  1.166
 126 P   0.53599 0.32909 0.13492 ( 1)  0.919 +-  1.164
 127 Q   0.53566 0.32908 0.13526 ( 1)  0.920 +-  1.168
 128 G   0.53681 0.32911 0.13408 ( 1)  0.915 +-  1.155
 129 I   0.53803 0.32913 0.13284 ( 1)  0.909 +-  1.141
 130 D   0.53757 0.32913 0.13330 ( 1)  0.911 +-  1.146
 131 E   0.53609 0.32909 0.13482 ( 1)  0.918 +-  1.163
 132 I   0.53803 0.32913 0.13284 ( 1)  0.909 +-  1.141
 133 L   0.53608 0.32909 0.13483 ( 1)  0.918 +-  1.163
 134 Y   0.53583 0.32909 0.13508 ( 1)  0.919 +-  1.166
 135 N   0.53735 0.32912 0.13353 ( 1)  0.912 +-  1.149
 136 L   0.53608 0.32909 0.13483 ( 1)  0.918 +-  1.163
 137 D   0.53757 0.32913 0.13330 ( 1)  0.911 +-  1.146
 138 E   0.53609 0.32909 0.13482 ( 1)  0.918 +-  1.163
 139 G   0.53681 0.32911 0.13408 ( 1)  0.915 +-  1.155
 140 N   0.53735 0.32912 0.13353 ( 1)  0.912 +-  1.149
 141 E   0.53696 0.32912 0.13392 ( 1)  0.914 +-  1.153
 142 S   0.53746 0.32913 0.13341 ( 1)  0.911 +-  1.148
 143 I   0.53617 0.32910 0.13473 ( 1)  0.918 +-  1.162
 144 S   0.53759 0.32913 0.13328 ( 1)  0.911 +-  1.146
 145 R   0.53694 0.32912 0.13394 ( 1)  0.914 +-  1.153
 146 T   0.53735 0.32912 0.13353 ( 1)  0.912 +-  1.149
 147 V   0.53810 0.32913 0.13276 ( 1)  0.908 +-  1.140
 148 S   0.53600 0.32909 0.13491 ( 1)  0.919 +-  1.164
 149 N   0.53596 0.32909 0.13495 ( 1)  0.919 +-  1.164
 150 L   0.53608 0.32909 0.13483 ( 1)  0.918 +-  1.163
 151 S   0.53759 0.32913 0.13328 ( 1)  0.911 +-  1.146
 152 P   0.53744 0.32913 0.13344 ( 1)  0.911 +-  1.148
 153 S   0.53688 0.32911 0.13401 ( 1)  0.914 +-  1.154
 154 E   0.53609 0.32909 0.13482 ( 1)  0.918 +-  1.163
 155 K   0.53680 0.32911 0.13409 ( 1)  0.915 +-  1.155
 156 K   0.53680 0.32911 0.13409 ( 1)  0.915 +-  1.155
 157 S   0.53746 0.32913 0.13341 ( 1)  0.911 +-  1.148
 158 I   0.53617 0.32910 0.13473 ( 1)  0.918 +-  1.162
 159 K   0.53602 0.32909 0.13489 ( 1)  0.919 +-  1.164
 160 R   0.53609 0.32909 0.13482 ( 1)  0.918 +-  1.163
 161 S   0.53746 0.32913 0.13341 ( 1)  0.911 +-  1.148
 162 K   0.53680 0.32911 0.13409 ( 1)  0.915 +-  1.155
 163 P   0.53599 0.32909 0.13492 ( 1)  0.919 +-  1.164
 164 T   0.53810 0.32913 0.13276 ( 1)  0.908 +-  1.140
 165 Y   0.53583 0.32909 0.13508 ( 1)  0.919 +-  1.166
 166 G   0.53596 0.32909 0.13495 ( 1)  0.919 +-  1.164
 167 W   0.53549 0.32907 0.13543 ( 1)  0.921 +-  1.170
 168 S   0.53688 0.32911 0.13401 ( 1)  0.914 +-  1.154
 169 E   0.53696 0.32912 0.13392 ( 1)  0.914 +-  1.153
 170 E   0.53696 0.32912 0.13392 ( 1)  0.914 +-  1.153
 171 L   0.53746 0.32913 0.13342 ( 1)  0.911 +-  1.148
 172 I   0.53803 0.32913 0.13284 ( 1)  0.909 +-  1.141
 173 W   0.53549 0.32907 0.13543 ( 1)  0.921 +-  1.170
 174 L   0.53746 0.32913 0.13342 ( 1)  0.911 +-  1.148
 175 N   0.53735 0.32912 0.13353 ( 1)  0.912 +-  1.149
 176 P   0.53686 0.32911 0.13402 ( 1)  0.914 +-  1.154
 177 D   0.53603 0.32909 0.13487 ( 1)  0.918 +-  1.164
 178 I   0.53803 0.32913 0.13284 ( 1)  0.909 +-  1.141
 179 V   0.53626 0.32910 0.13464 ( 1)  0.917 +-  1.161
 180 E   0.53609 0.32909 0.13482 ( 1)  0.918 +-  1.163
 181 H   0.53586 0.32909 0.13505 ( 1)  0.919 +-  1.166
 182 D   0.53757 0.32913 0.13330 ( 1)  0.911 +-  1.146
 183 F   0.53743 0.32912 0.13344 ( 1)  0.912 +-  1.148
 184 H   0.53702 0.32912 0.13386 ( 1)  0.914 +-  1.153
 185 W   0.53549 0.32907 0.13543 ( 1)  0.921 +-  1.170
 186 N   0.53735 0.32912 0.13353 ( 1)  0.912 +-  1.149
 187 N   0.53596 0.32909 0.13495 ( 1)  0.919 +-  1.164
 188 S   0.53759 0.32913 0.13328 ( 1)  0.911 +-  1.146
 189 M   0.53746 0.32913 0.13341 ( 1)  0.911 +-  1.147
 190 E   0.53696 0.32912 0.13392 ( 1)  0.914 +-  1.153
 191 L   0.53746 0.32913 0.13342 ( 1)  0.911 +-  1.148
 192 V   0.53810 0.32913 0.13276 ( 1)  0.908 +-  1.140
 193 D   0.53757 0.32913 0.13330 ( 1)  0.911 +-  1.146
 194 I   0.53784 0.32913 0.13303 ( 1)  0.910 +-  1.143
 195 T   0.53735 0.32912 0.13353 ( 1)  0.912 +-  1.149
 196 V   0.53810 0.32913 0.13276 ( 1)  0.908 +-  1.140
 197 E   0.53609 0.32909 0.13482 ( 1)  0.918 +-  1.163
 198 L   0.53746 0.32913 0.13342 ( 1)  0.911 +-  1.148
 199 R   0.53694 0.32912 0.13394 ( 1)  0.914 +-  1.153
 200 H   0.53702 0.32912 0.13386 ( 1)  0.914 +-  1.153
 201 L   0.53568 0.32908 0.13524 ( 1)  0.920 +-  1.168
 202 V   0.53810 0.32913 0.13276 ( 1)  0.908 +-  1.140
 203 S   0.53746 0.32913 0.13341 ( 1)  0.911 +-  1.148
 204 A   0.53730 0.32912 0.13357 ( 1)  0.912 +-  1.149
 205 A   0.53617 0.32910 0.13473 ( 1)  0.918 +-  1.162
 206 M   0.53746 0.32913 0.13341 ( 1)  0.911 +-  1.147
 207 T   0.53735 0.32912 0.13353 ( 1)  0.912 +-  1.149
 208 S   0.53600 0.32909 0.13491 ( 1)  0.919 +-  1.164
 209 T   0.53810 0.32913 0.13276 ( 1)  0.908 +-  1.140
 210 L   0.53608 0.32909 0.13483 ( 1)  0.918 +-  1.163
 211 T   0.53619 0.32910 0.13471 ( 1)  0.918 +-  1.162
 212 Q   0.53549 0.32907 0.13543 ( 1)  0.921 +-  1.170
 213 S   0.53746 0.32913 0.13341 ( 1)  0.911 +-  1.148
 214 Q   0.53549 0.32907 0.13543 ( 1)  0.921 +-  1.170
 215 Q   0.53566 0.32908 0.13526 ( 1)  0.920 +-  1.168
 216 Q   0.53566 0.32908 0.13526 ( 1)  0.920 +-  1.168
 217 T   0.53810 0.32913 0.13276 ( 1)  0.908 +-  1.140
 218 V   0.53810 0.32913 0.13276 ( 1)  0.908 +-  1.140
 219 V   0.53810 0.32913 0.13276 ( 1)  0.908 +-  1.140
 220 Q   0.53549 0.32907 0.13543 ( 1)  0.921 +-  1.170
 221 A   0.53730 0.32912 0.13357 ( 1)  0.912 +-  1.149
 222 I   0.53803 0.32913 0.13284 ( 1)  0.909 +-  1.141
 223 K   0.53680 0.32911 0.13409 ( 1)  0.915 +-  1.155
 224 D   0.53757 0.32913 0.13330 ( 1)  0.911 +-  1.146
 225 N   0.53735 0.32912 0.13353 ( 1)  0.912 +-  1.149
 226 P   0.53686 0.32911 0.13402 ( 1)  0.914 +-  1.154
 227 D   0.53757 0.32913 0.13330 ( 1)  0.911 +-  1.146
 228 V   0.53810 0.32913 0.13276 ( 1)  0.908 +-  1.140
 229 I   0.53617 0.32910 0.13473 ( 1)  0.918 +-  1.162
 230 Y   0.53693 0.32911 0.13395 ( 1)  0.914 +-  1.154
 231 N   0.53735 0.32912 0.13353 ( 1)  0.912 +-  1.149
 232 V   0.53810 0.32913 0.13276 ( 1)  0.908 +-  1.140
 233 G   0.53736 0.32913 0.13351 ( 1)  0.912 +-  1.149
 234 I   0.53617 0.32910 0.13473 ( 1)  0.918 +-  1.162
 235 T   0.53810 0.32913 0.13276 ( 1)  0.908 +-  1.140
 236 P   0.53686 0.32911 0.13402 ( 1)  0.914 +-  1.154
 237 E   0.53609 0.32909 0.13482 ( 1)  0.918 +-  1.163
 238 I   0.53803 0.32913 0.13284 ( 1)  0.909 +-  1.141
 239 V   0.53735 0.32912 0.13353 ( 1)  0.912 +-  1.149
 240 P   0.53604 0.32909 0.13487 ( 1)  0.918 +-  1.164
 241 N   0.53735 0.32912 0.13353 ( 1)  0.912 +-  1.149
 242 F   0.53599 0.32909 0.13492 ( 1)  0.919 +-  1.164
 243 V   0.53810 0.32913 0.13276 ( 1)  0.908 +-  1.140
 244 N   0.53596 0.32909 0.13495 ( 1)  0.919 +-  1.164
 245 R   0.53694 0.32912 0.13394 ( 1)  0.914 +-  1.153
 246 N   0.53596 0.32909 0.13495 ( 1)  0.919 +-  1.164
 247 P   0.53686 0.32911 0.13402 ( 1)  0.914 +-  1.154
 248 V   0.53810 0.32913 0.13276 ( 1)  0.908 +-  1.140
 249 I   0.53803 0.32913 0.13284 ( 1)  0.909 +-  1.141
 250 A   0.53804 0.32914 0.13282 ( 1)  0.909 +-  1.141
 251 I   0.53803 0.32913 0.13284 ( 1)  0.909 +-  1.141
 252 E   0.53696 0.32912 0.13392 ( 1)  0.914 +-  1.153
 253 V   0.53810 0.32913 0.13276 ( 1)  0.908 +-  1.140
 254 L   0.53608 0.32909 0.13483 ( 1)  0.918 +-  1.163
 255 Q   0.53566 0.32908 0.13526 ( 1)  0.920 +-  1.168
 256 L   0.53568 0.32908 0.13524 ( 1)  0.920 +-  1.168
 257 L   0.53568 0.32908 0.13524 ( 1)  0.920 +-  1.168
 258 I   0.53803 0.32913 0.13284 ( 1)  0.909 +-  1.141
 259 T   0.53735 0.32912 0.13353 ( 1)  0.912 +-  1.149
 260 S   0.53688 0.32911 0.13401 ( 1)  0.914 +-  1.154
 261 P   0.53604 0.32909 0.13487 ( 1)  0.918 +-  1.164
 262 K   0.53680 0.32911 0.13409 ( 1)  0.915 +-  1.155
 263 R   0.53616 0.32910 0.13474 ( 1)  0.918 +-  1.162
 264 D   0.53757 0.32913 0.13330 ( 1)  0.911 +-  1.146
 265 E   0.53696 0.32912 0.13392 ( 1)  0.914 +-  1.153
 266 Y   0.53583 0.32909 0.13508 ( 1)  0.919 +-  1.166
 267 L   0.53608 0.32909 0.13483 ( 1)  0.918 +-  1.163
 268 N   0.53735 0.32912 0.13353 ( 1)  0.912 +-  1.149
 269 A   0.53804 0.32914 0.13282 ( 1)  0.909 +-  1.141
 270 L   0.53599 0.32909 0.13492 ( 1)  0.919 +-  1.164
 271 L   0.53599 0.32909 0.13492 ( 1)  0.919 +-  1.164
 272 K   0.53680 0.32911 0.13409 ( 1)  0.915 +-  1.155
 273 M   0.53746 0.32913 0.13341 ( 1)  0.911 +-  1.147
 274 E   0.53696 0.32912 0.13392 ( 1)  0.914 +-  1.153
 275 V   0.53810 0.32913 0.13276 ( 1)  0.908 +-  1.140
 276 T   0.53810 0.32913 0.13276 ( 1)  0.908 +-  1.140
 277 V   0.53735 0.32912 0.13353 ( 1)  0.912 +-  1.149
 278 Q   0.53549 0.32907 0.13543 ( 1)  0.921 +-  1.170
 279 S   0.53688 0.32911 0.13401 ( 1)  0.914 +-  1.154
 280 I   0.53803 0.32913 0.13284 ( 1)  0.909 +-  1.141
 281 E   0.53696 0.32912 0.13392 ( 1)  0.914 +-  1.153
 282 V   0.53735 0.32912 0.13353 ( 1)  0.912 +-  1.149
 283 V   0.53735 0.32912 0.13353 ( 1)  0.912 +-  1.149
 284 N   0.53735 0.32912 0.13353 ( 1)  0.912 +-  1.149
 285 R   0.53616 0.32910 0.13474 ( 1)  0.918 +-  1.162
 286 L   0.53608 0.32909 0.13483 ( 1)  0.918 +-  1.163
 287 S   0.53746 0.32913 0.13341 ( 1)  0.911 +-  1.148
 288 T   0.53735 0.32912 0.13353 ( 1)  0.912 +-  1.149
 289 K   0.53680 0.32911 0.13409 ( 1)  0.915 +-  1.155
 290 I   0.53803 0.32913 0.13284 ( 1)  0.909 +-  1.141
 291 A   0.53730 0.32912 0.13357 ( 1)  0.912 +-  1.149
 292 L   0.53608 0.32909 0.13483 ( 1)  0.918 +-  1.163
 293 P   0.53744 0.32913 0.13344 ( 1)  0.911 +-  1.148
 294 T   0.53735 0.32912 0.13353 ( 1)  0.912 +-  1.149
 295 E   0.53696 0.32912 0.13392 ( 1)  0.914 +-  1.153
 296 F   0.53743 0.32912 0.13344 ( 1)  0.912 +-  1.148
 297 I   0.53784 0.32913 0.13303 ( 1)  0.910 +-  1.143
 298 Q   0.53566 0.32908 0.13526 ( 1)  0.920 +-  1.168
 299 D   0.53757 0.32913 0.13330 ( 1)  0.911 +-  1.146
 300 Y   0.53693 0.32911 0.13395 ( 1)  0.914 +-  1.154
 301 I   0.53784 0.32913 0.13303 ( 1)  0.910 +-  1.143
 302 S   0.53688 0.32911 0.13401 ( 1)  0.914 +-  1.154
 303 N   0.53735 0.32912 0.13353 ( 1)  0.912 +-  1.149
 304 C   0.53586 0.32909 0.13505 ( 1)  0.919 +-  1.166
 305 L   0.53608 0.32909 0.13483 ( 1)  0.918 +-  1.163
 306 A   0.53624 0.32910 0.13466 ( 1)  0.917 +-  1.161
 307 F   0.53743 0.32912 0.13344 ( 1)  0.912 +-  1.148
 308 C   0.53703 0.32912 0.13385 ( 1)  0.913 +-  1.152
 309 Y   0.53693 0.32911 0.13395 ( 1)  0.914 +-  1.154
 310 S   0.53688 0.32911 0.13401 ( 1)  0.914 +-  1.154
 311 V   0.53735 0.32912 0.13353 ( 1)  0.912 +-  1.149
 312 N   0.53735 0.32912 0.13353 ( 1)  0.912 +-  1.149
 313 D   0.53603 0.32909 0.13487 ( 1)  0.918 +-  1.164
 314 K   0.53680 0.32911 0.13409 ( 1)  0.915 +-  1.155
 315 F   0.53743 0.32912 0.13344 ( 1)  0.912 +-  1.148
 316 Y   0.53693 0.32911 0.13395 ( 1)  0.914 +-  1.154
 317 Q   0.53549 0.32907 0.13543 ( 1)  0.921 +-  1.170
 318 M   0.53746 0.32913 0.13341 ( 1)  0.911 +-  1.147
 319 R   0.53697 0.32912 0.13391 ( 1)  0.914 +-  1.153
 320 H   0.53702 0.32912 0.13386 ( 1)  0.914 +-  1.153
 321 V   0.53810 0.32913 0.13276 ( 1)  0.908 +-  1.140
 322 R   0.53694 0.32912 0.13394 ( 1)  0.914 +-  1.153
 323 L   0.53568 0.32908 0.13524 ( 1)  0.920 +-  1.168
 324 V   0.53735 0.32912 0.13353 ( 1)  0.912 +-  1.149
 325 C   0.53703 0.32912 0.13385 ( 1)  0.913 +-  1.152
 326 V   0.53735 0.32912 0.13353 ( 1)  0.912 +-  1.149
 327 L   0.53608 0.32909 0.13483 ( 1)  0.918 +-  1.163
 328 L   0.53746 0.32913 0.13342 ( 1)  0.911 +-  1.148
 329 Q   0.53566 0.32908 0.13526 ( 1)  0.920 +-  1.168
 330 S   0.53688 0.32911 0.13401 ( 1)  0.914 +-  1.154
 331 L   0.53564 0.32908 0.13528 ( 1)  0.920 +-  1.168
 332 I   0.53617 0.32910 0.13473 ( 1)  0.918 +-  1.162
 333 R   0.53609 0.32909 0.13482 ( 1)  0.918 +-  1.163
 334 N   0.53735 0.32912 0.13353 ( 1)  0.912 +-  1.149
 335 N   0.53596 0.32909 0.13495 ( 1)  0.919 +-  1.164
 336 I   0.53784 0.32913 0.13303 ( 1)  0.910 +-  1.143
 337 L   0.53568 0.32908 0.13524 ( 1)  0.920 +-  1.168
 338 D   0.53757 0.32913 0.13330 ( 1)  0.911 +-  1.146
 339 I   0.53803 0.32913 0.13284 ( 1)  0.909 +-  1.141
 340 H   0.53702 0.32912 0.13386 ( 1)  0.914 +-  1.153
 341 N   0.53735 0.32912 0.13353 ( 1)  0.912 +-  1.149
 342 Q   0.53549 0.32907 0.13543 ( 1)  0.921 +-  1.170
 343 D   0.53757 0.32913 0.13330 ( 1)  0.911 +-  1.146
 344 I   0.53803 0.32913 0.13284 ( 1)  0.909 +-  1.141
 345 L   0.53608 0.32909 0.13483 ( 1)  0.918 +-  1.163
 346 I   0.53617 0.32910 0.13473 ( 1)  0.918 +-  1.162
 347 E   0.53696 0.32912 0.13392 ( 1)  0.914 +-  1.153
 348 V   0.53626 0.32910 0.13464 ( 1)  0.917 +-  1.161
 349 R   0.53609 0.32909 0.13482 ( 1)  0.918 +-  1.163
 350 T   0.53810 0.32913 0.13276 ( 1)  0.908 +-  1.140
 351 F   0.53599 0.32909 0.13492 ( 1)  0.919 +-  1.164
 352 C   0.53703 0.32912 0.13385 ( 1)  0.913 +-  1.152
 353 L   0.53608 0.32909 0.13483 ( 1)  0.918 +-  1.163
 354 E   0.53696 0.32912 0.13392 ( 1)  0.914 +-  1.153
 355 F   0.53599 0.32909 0.13492 ( 1)  0.919 +-  1.164
 356 T   0.53810 0.32913 0.13276 ( 1)  0.908 +-  1.140
 357 K   0.53680 0.32911 0.13409 ( 1)  0.915 +-  1.155
 358 A   0.53804 0.32914 0.13282 ( 1)  0.909 +-  1.141
 359 R   0.53588 0.32909 0.13504 ( 1)  0.919 +-  1.165
 360 E   0.53696 0.32912 0.13392 ( 1)  0.914 +-  1.153
 361 A   0.53624 0.32910 0.13466 ( 1)  0.917 +-  1.161
 362 T   0.53619 0.32910 0.13471 ( 1)  0.918 +-  1.162
 363 T   0.53810 0.32913 0.13276 ( 1)  0.908 +-  1.140
 364 L   0.53746 0.32913 0.13342 ( 1)  0.911 +-  1.148
 365 H   0.53702 0.32912 0.13386 ( 1)  0.914 +-  1.153
 366 R   0.53697 0.32912 0.13391 ( 1)  0.914 +-  1.153
 367 L   0.53746 0.32913 0.13342 ( 1)  0.911 +-  1.148
 368 I   0.53803 0.32913 0.13284 ( 1)  0.909 +-  1.141
 369 L   0.53568 0.32908 0.13524 ( 1)  0.920 +-  1.168
 370 N   0.53735 0.32912 0.13353 ( 1)  0.912 +-  1.149
 371 M   0.53746 0.32913 0.13341 ( 1)  0.911 +-  1.147
 372 E   0.53609 0.32909 0.13482 ( 1)  0.918 +-  1.163
 373 N   0.53596 0.32909 0.13495 ( 1)  0.919 +-  1.164
 374 T   0.53810 0.32913 0.13276 ( 1)  0.908 +-  1.140
 375 N   0.53735 0.32912 0.13353 ( 1)  0.912 +-  1.149
 376 T   0.53735 0.32912 0.13353 ( 1)  0.912 +-  1.149
 377 A   0.53617 0.32910 0.13473 ( 1)  0.918 +-  1.162
 378 S   0.53688 0.32911 0.13401 ( 1)  0.914 +-  1.154
 379 S   0.53605 0.32909 0.13486 ( 1)  0.918 +-  1.163
 380 A   0.53804 0.32914 0.13282 ( 1)  0.909 +-  1.141
 381 T   0.53735 0.32912 0.13353 ( 1)  0.912 +-  1.149
 382 T   0.53626 0.32910 0.13464 ( 1)  0.917 +-  1.161
 383 F   0.53599 0.32909 0.13492 ( 1)  0.919 +-  1.164
 384 S   0.53759 0.32913 0.13328 ( 1)  0.911 +-  1.146
 385 N   0.53596 0.32909 0.13495 ( 1)  0.919 +-  1.164
 386 N   0.53596 0.32909 0.13495 ( 1)  0.919 +-  1.164
 387 I   0.53711 0.32912 0.13378 ( 1)  0.913 +-  1.152
 388 G   0.53596 0.32909 0.13495 ( 1)  0.919 +-  1.164
 389 T   0.53810 0.32913 0.13276 ( 1)  0.908 +-  1.140
 390 S   0.53600 0.32909 0.13491 ( 1)  0.919 +-  1.164
 391 T   0.53735 0.32912 0.13353 ( 1)  0.912 +-  1.149
 392 T   0.53810 0.32913 0.13276 ( 1)  0.908 +-  1.140
 393 T   0.53626 0.32910 0.13464 ( 1)  0.917 +-  1.161
 394 T   0.53810 0.32913 0.13276 ( 1)  0.908 +-  1.140
 395 S   0.53759 0.32913 0.13328 ( 1)  0.911 +-  1.146
 396 S   0.53759 0.32913 0.13328 ( 1)  0.911 +-  1.146
 397 P   0.53744 0.32913 0.13344 ( 1)  0.911 +-  1.148
 398 T   0.53810 0.32913 0.13276 ( 1)  0.908 +-  1.140
 399 C   0.53703 0.32912 0.13385 ( 1)  0.913 +-  1.152
 400 S   0.53688 0.32911 0.13401 ( 1)  0.914 +-  1.154
 401 S   0.53688 0.32911 0.13401 ( 1)  0.914 +-  1.154
 402 T   0.53619 0.32910 0.13471 ( 1)  0.918 +-  1.162
 403 S   0.53759 0.32913 0.13328 ( 1)  0.911 +-  1.146
 404 T   0.53735 0.32912 0.13353 ( 1)  0.912 +-  1.149
 405 P   0.53686 0.32911 0.13402 ( 1)  0.914 +-  1.154
 406 Q   0.53566 0.32908 0.13526 ( 1)  0.920 +-  1.168
 407 P   0.53686 0.32911 0.13402 ( 1)  0.914 +-  1.154
 408 E   0.53696 0.32912 0.13392 ( 1)  0.914 +-  1.153
 409 I   0.53803 0.32913 0.13284 ( 1)  0.909 +-  1.141
 410 S   0.53746 0.32913 0.13341 ( 1)  0.911 +-  1.148
 411 N   0.53735 0.32912 0.13353 ( 1)  0.912 +-  1.149
 412 E   0.53696 0.32912 0.13392 ( 1)  0.914 +-  1.153
 413 N   0.53735 0.32912 0.13353 ( 1)  0.912 +-  1.149
 414 K   0.53680 0.32911 0.13409 ( 1)  0.915 +-  1.155
 415 E   0.53696 0.32912 0.13392 ( 1)  0.914 +-  1.153
 416 T   0.53810 0.32913 0.13276 ( 1)  0.908 +-  1.140
 417 S   0.53600 0.32909 0.13491 ( 1)  0.919 +-  1.164

Positively selected sites

	Prob(w>1)  mean w


