Supplemental results for CODEML (seqf: algn  treef: tree)


dN/dS (w) for site classes (K=9)

p:   0.12500  0.12500  0.12500  0.12500  0.12500  0.12500  0.12500  0.12500  0.00001
w:   0.02822  0.08227  0.13936  0.20200  0.27312  0.35767  0.46672  0.64133  1.00000

Naive Empirical Bayes (NEB) probabilities for 9 classes & postmean_w
(amino acids refer to 1st sequence: sch.155)

   1 M   0.15833 0.14933 0.14049 0.13151 0.12217 0.11213 0.10069 0.08534 0.00001 ( 1)  0.238
   2 Y   0.01558 0.04416 0.07264 0.10198 0.13298 0.16685 0.20611 0.25967 0.00003 ( 8)  0.394
   3 A   0.13224 0.13057 0.12883 0.12696 0.12487 0.12244 0.11939 0.11469 0.00001 ( 1)  0.265
   4 I   0.15420 0.14632 0.13857 0.13072 0.12254 0.11374 0.10370 0.09021 0.00001 ( 1)  0.243
   5 K   0.14351 0.13890 0.13423 0.12933 0.12405 0.11813 0.11104 0.10081 0.00001 ( 1)  0.253
   6 R   0.14058 0.13679 0.13293 0.12884 0.12437 0.11931 0.11313 0.10404 0.00001 ( 1)  0.256
   7 L   0.13755 0.13453 0.13144 0.12815 0.12455 0.12044 0.11541 0.10792 0.00001 ( 1)  0.259
   8 A   0.14662 0.14119 0.13570 0.12998 0.12382 0.11694 0.10874 0.09700 0.00001 ( 1)  0.250
   9 T   0.14623 0.14086 0.13545 0.12982 0.12379 0.11707 0.10908 0.09770 0.00001 ( 1)  0.250
  10 I   0.13598 0.13336 0.13067 0.12780 0.12464 0.12103 0.11658 0.10993 0.00001 ( 1)  0.261
  11 G   0.13650 0.13378 0.13097 0.12797 0.12467 0.12086 0.11616 0.10908 0.00001 ( 1)  0.260
  12 D   0.13357 0.13158 0.12952 0.12729 0.12482 0.12196 0.11837 0.11288 0.00001 ( 1)  0.264
  13 T   0.14400 0.13925 0.13445 0.12942 0.12399 0.11792 0.11067 0.10029 0.00001 ( 1)  0.252
  14 G   0.13650 0.13378 0.13097 0.12797 0.12467 0.12086 0.11616 0.10908 0.00001 ( 1)  0.260
  15 D   0.14631 0.14096 0.13556 0.12992 0.12385 0.11706 0.10897 0.09737 0.00001 ( 1)  0.250
  16 P   0.12988 0.12877 0.12762 0.12636 0.12495 0.12329 0.12120 0.11792 0.00001 ( 1)  0.268
  17 I   0.01588 0.04483 0.07347 0.10275 0.13348 0.16683 0.20525 0.25749 0.00003 ( 8)  0.392
  18 A   0.13938 0.13588 0.13231 0.12853 0.12442 0.11975 0.11406 0.10567 0.00001 ( 1)  0.257
  19 T   0.14623 0.14086 0.13545 0.12982 0.12379 0.11707 0.10908 0.09770 0.00001 ( 1)  0.250
  20 P   0.13449 0.13228 0.12999 0.12752 0.12479 0.12162 0.11767 0.11164 0.00001 ( 1)  0.263
  21 L   0.13563 0.13306 0.13043 0.12763 0.12459 0.12112 0.11689 0.11064 0.00001 ( 1)  0.262
  22 V   0.15059 0.14391 0.13727 0.13043 0.12320 0.11528 0.10605 0.09327 0.00001 ( 1)  0.246
  23 C   0.14194 0.13779 0.13356 0.12910 0.12425 0.11877 0.11214 0.10243 0.00001 ( 1)  0.254
  24 L   0.13755 0.13453 0.13144 0.12815 0.12455 0.12044 0.11541 0.10792 0.00001 ( 1)  0.259
  25 N   0.14878 0.14268 0.13656 0.13023 0.12349 0.11604 0.10727 0.09495 0.00001 ( 1)  0.247
  26 S   0.13465 0.13240 0.13006 0.12755 0.12477 0.12156 0.11755 0.11145 0.00001 ( 1)  0.262
  27 V   0.14229 0.13796 0.13359 0.12902 0.12409 0.11858 0.11198 0.10248 0.00001 ( 1)  0.254
  28 E   0.14130 0.13732 0.13326 0.12897 0.12431 0.11902 0.11261 0.10320 0.00001 ( 1)  0.255
  29 F   0.14831 0.14231 0.13631 0.13010 0.12349 0.11621 0.10764 0.09563 0.00001 ( 1)  0.248
  30 K   0.14024 0.13652 0.13273 0.12873 0.12437 0.11942 0.11341 0.10457 0.00001 ( 1)  0.256
  31 Q   0.01470 0.04205 0.06980 0.09896 0.13050 0.16591 0.20843 0.26963 0.00003 ( 8)  0.399
  32 S   0.14844 0.14247 0.13648 0.13025 0.12359 0.11620 0.10746 0.09509 0.00001 ( 1)  0.248
  33 C   0.01518 0.04317 0.07129 0.10051 0.13173 0.16631 0.20715 0.26462 0.00003 ( 8)  0.396
  34 K   0.14176 0.13761 0.13339 0.12897 0.12418 0.11880 0.11233 0.10295 0.00001 ( 1)  0.255
  35 D   0.14631 0.14096 0.13556 0.12992 0.12385 0.11706 0.10897 0.09737 0.00001 ( 1)  0.250
  36 F   0.01432 0.04110 0.06852 0.09759 0.12934 0.16544 0.20943 0.27423 0.00003 ( 8)  0.401
  37 M   0.15833 0.14933 0.14049 0.13151 0.12217 0.11213 0.10069 0.08534 0.00001 ( 1)  0.238
  38 I   0.15116 0.14417 0.13729 0.13026 0.12292 0.11496 0.10582 0.09341 0.00001 ( 1)  0.246
  39 R   0.14308 0.13861 0.13407 0.12930 0.12414 0.11832 0.11132 0.10116 0.00001 ( 1)  0.253
  40 L   0.13118 0.12976 0.12829 0.12669 0.12491 0.12282 0.12020 0.11614 0.00001 ( 1)  0.266
  41 M   0.15833 0.14933 0.14049 0.13151 0.12217 0.11213 0.10069 0.08534 0.00001 ( 1)  0.238
  42 L   0.13199 0.13038 0.12871 0.12690 0.12489 0.12253 0.11958 0.11501 0.00001 ( 1)  0.266
  43 N   0.13543 0.13297 0.13044 0.12773 0.12473 0.12127 0.11697 0.11046 0.00001 ( 1)  0.262
  44 G   0.13858 0.13532 0.13197 0.12842 0.12452 0.12007 0.11462 0.10650 0.00001 ( 1)  0.258
  45 H   0.14025 0.13658 0.13282 0.12882 0.12444 0.11945 0.11335 0.10429 0.00001 ( 1)  0.256
  46 L   0.13416 0.13197 0.12972 0.12732 0.12469 0.12169 0.11799 0.11246 0.00001 ( 1)  0.263
  47 S   0.13878 0.13544 0.13203 0.12841 0.12446 0.11997 0.11449 0.10640 0.00001 ( 1)  0.258
  48 G   0.13858 0.13532 0.13197 0.12842 0.12452 0.12007 0.11462 0.10650 0.00001 ( 1)  0.258
  49 R   0.14308 0.13861 0.13407 0.12930 0.12414 0.11832 0.11132 0.10116 0.00001 ( 1)  0.253
  50 V   0.14631 0.14090 0.13545 0.12979 0.12374 0.11702 0.10905 0.09774 0.00001 ( 1)  0.250
  51 L   0.13755 0.13453 0.13144 0.12815 0.12455 0.12044 0.11541 0.10792 0.00001 ( 1)  0.259
  52 S   0.13669 0.13390 0.13104 0.12798 0.12463 0.12078 0.11604 0.10894 0.00001 ( 1)  0.260
  53 F   0.13593 0.13335 0.13069 0.12784 0.12469 0.12107 0.11659 0.10983 0.00001 ( 1)  0.261
  54 S   0.14162 0.13753 0.13336 0.12897 0.12421 0.11885 0.11239 0.10306 0.00001 ( 1)  0.255
  55 S   0.14844 0.14247 0.13648 0.13025 0.12359 0.11620 0.10746 0.09509 0.00001 ( 1)  0.248
  56 K   0.14176 0.13761 0.13339 0.12897 0.12418 0.11880 0.11233 0.10295 0.00001 ( 1)  0.255
  57 P   0.13717 0.13429 0.13132 0.12815 0.12465 0.12062 0.11564 0.10814 0.00001 ( 1)  0.260
  58 L   0.13208 0.13045 0.12875 0.12691 0.12487 0.12249 0.11951 0.11494 0.00001 ( 1)  0.265
  59 M   0.01716 0.04791 0.07754 0.10699 0.13686 0.16794 0.20180 0.24378 0.00002 ( 8)  0.385
  60 N   0.01645 0.04623 0.07535 0.10474 0.13512 0.16745 0.20373 0.25092 0.00003 ( 8)  0.389
  61 S   0.14479 0.13984 0.13484 0.12960 0.12396 0.11765 0.11009 0.09923 0.00001 ( 1)  0.252
  62 K   0.14024 0.13652 0.13273 0.12873 0.12437 0.11942 0.11341 0.10457 0.00001 ( 1)  0.256
  63 H   0.14025 0.13658 0.13282 0.12882 0.12444 0.11945 0.11335 0.10429 0.00001 ( 1)  0.256
  64 L   0.13874 0.13539 0.13198 0.12837 0.12443 0.11997 0.11455 0.10657 0.00001 ( 1)  0.258
  65 S   0.13878 0.13544 0.13203 0.12841 0.12446 0.11997 0.11449 0.10640 0.00001 ( 1)  0.258
  66 M   0.15833 0.14933 0.14049 0.13151 0.12217 0.11213 0.10069 0.08534 0.00001 ( 1)  0.238
  67 G   0.13858 0.13532 0.13197 0.12842 0.12452 0.12007 0.11462 0.10650 0.00001 ( 1)  0.258
  68 T   0.01721 0.04802 0.07767 0.10710 0.13692 0.16792 0.20165 0.24347 0.00002 ( 8)  0.385
  69 L   0.13843 0.13516 0.13182 0.12829 0.12444 0.12008 0.11478 0.10698 0.00001 ( 1)  0.258
  70 V   0.14176 0.13762 0.13342 0.12900 0.12421 0.11882 0.11231 0.10283 0.00001 ( 1)  0.255
  71 Y   0.14078 0.13692 0.13298 0.12883 0.12431 0.11921 0.11302 0.10395 0.00001 ( 1)  0.256
  72 K   0.14351 0.13890 0.13423 0.12933 0.12405 0.11813 0.11104 0.10081 0.00001 ( 1)  0.253
  73 E   0.14130 0.13732 0.13326 0.12897 0.12431 0.11902 0.11261 0.10320 0.00001 ( 1)  0.255
  74 T   0.14166 0.13756 0.13340 0.12901 0.12425 0.11887 0.11237 0.10287 0.00001 ( 1)  0.255
  75 T   0.14623 0.14086 0.13545 0.12982 0.12379 0.11707 0.10908 0.09770 0.00001 ( 1)  0.250
  76 S   0.13878 0.13544 0.13203 0.12841 0.12446 0.11997 0.11449 0.10640 0.00001 ( 1)  0.258
  77 K   0.14024 0.13652 0.13273 0.12873 0.12437 0.11942 0.11341 0.10457 0.00001 ( 1)  0.256
  78 L   0.14597 0.14074 0.13545 0.12990 0.12392 0.11721 0.10918 0.09761 0.00001 ( 1)  0.250
  79 T   0.13369 0.13166 0.12956 0.12730 0.12480 0.12190 0.11829 0.11278 0.00001 ( 1)  0.264
  80 M   0.15833 0.14933 0.14049 0.13151 0.12217 0.11213 0.10069 0.08534 0.00001 ( 1)  0.238
  81 I   0.14390 0.13907 0.13422 0.12920 0.12384 0.11791 0.11089 0.10097 0.00001 ( 1)  0.253
  82 S   0.13878 0.13544 0.13203 0.12841 0.12446 0.11997 0.11449 0.10640 0.00001 ( 1)  0.258
  83 F   0.13593 0.13335 0.13069 0.12784 0.12469 0.12107 0.11659 0.10983 0.00001 ( 1)  0.261
  84 F   0.13593 0.13335 0.13069 0.12784 0.12469 0.12107 0.11659 0.10983 0.00001 ( 1)  0.261
  85 S   0.13669 0.13390 0.13104 0.12798 0.12463 0.12078 0.11604 0.10894 0.00001 ( 1)  0.260
  86 M   0.01849 0.05099 0.08153 0.11100 0.13987 0.16864 0.19818 0.23129 0.00002 ( 8)  0.378
  87 I   0.15116 0.14417 0.13729 0.13026 0.12292 0.11496 0.10582 0.09341 0.00001 ( 1)  0.246
  88 N   0.01688 0.04726 0.07673 0.10620 0.13631 0.16789 0.20259 0.24612 0.00002 ( 8)  0.386
  89 P   0.01436 0.04120 0.06864 0.09771 0.12943 0.16545 0.20932 0.27386 0.00003 ( 8)  0.401
  90 D   0.14631 0.14096 0.13556 0.12992 0.12385 0.11706 0.10897 0.09737 0.00001 ( 1)  0.250
  91 N   0.14878 0.14268 0.13656 0.13023 0.12349 0.11604 0.10727 0.09495 0.00001 ( 1)  0.247
  92 F   0.14831 0.14231 0.13631 0.13010 0.12349 0.11621 0.10764 0.09563 0.00001 ( 1)  0.248
  93 D   0.14631 0.14096 0.13556 0.12992 0.12385 0.11706 0.10897 0.09737 0.00001 ( 1)  0.250
  94 L   0.13874 0.13539 0.13198 0.12837 0.12443 0.11997 0.11455 0.10657 0.00001 ( 1)  0.258
  95 K   0.14024 0.13652 0.13273 0.12873 0.12437 0.11942 0.11341 0.10457 0.00001 ( 1)  0.256
  96 S   0.13878 0.13544 0.13203 0.12841 0.12446 0.11997 0.11449 0.10640 0.00001 ( 1)  0.258
  97 Y   0.14078 0.13692 0.13298 0.12883 0.12431 0.11921 0.11302 0.10395 0.00001 ( 1)  0.256
  98 V   0.14413 0.13934 0.13449 0.12942 0.12396 0.11786 0.11059 0.10022 0.00001 ( 1)  0.252
  99 S   0.14479 0.13984 0.13484 0.12960 0.12396 0.11765 0.11009 0.09923 0.00001 ( 1)  0.252
 100 L   0.13874 0.13539 0.13198 0.12837 0.12443 0.11997 0.11455 0.10657 0.00001 ( 1)  0.258
 101 I   0.14390 0.13907 0.13422 0.12920 0.12384 0.11791 0.11089 0.10097 0.00001 ( 1)  0.253
 102 I   0.15420 0.14632 0.13857 0.13072 0.12254 0.11374 0.10370 0.09021 0.00001 ( 1)  0.243
 103 L   0.13874 0.13539 0.13198 0.12837 0.12443 0.11997 0.11455 0.10657 0.00001 ( 1)  0.258
 104 C   0.14194 0.13779 0.13356 0.12910 0.12425 0.11877 0.11214 0.10243 0.00001 ( 1)  0.254
 105 K   0.14024 0.13652 0.13273 0.12873 0.12437 0.11942 0.11341 0.10457 0.00001 ( 1)  0.256
 106 L   0.13800 0.13482 0.13159 0.12817 0.12445 0.12024 0.11512 0.10761 0.00001 ( 1)  0.259
 107 S   0.01637 0.04605 0.07514 0.10456 0.13502 0.16749 0.20397 0.25138 0.00003 ( 8)  0.389
 108 C   0.14194 0.13779 0.13356 0.12910 0.12425 0.11877 0.11214 0.10243 0.00001 ( 1)  0.254
 109 S   0.14844 0.14247 0.13648 0.13025 0.12359 0.11620 0.10746 0.09509 0.00001 ( 1)  0.248
 110 G   0.14276 0.13840 0.13396 0.12928 0.12420 0.11846 0.11153 0.10140 0.00001 ( 1)  0.254
 111 F   0.14831 0.14231 0.13631 0.13010 0.12349 0.11621 0.10764 0.09563 0.00001 ( 1)  0.248
 112 N   0.14878 0.14268 0.13656 0.13023 0.12349 0.11604 0.10727 0.09495 0.00001 ( 1)  0.247
 113 I   0.15420 0.14632 0.13857 0.13072 0.12254 0.11374 0.10370 0.09021 0.00001 ( 1)  0.243
 114 M   0.01089 0.03291 0.05766 0.08629 0.12034 0.16245 0.21863 0.31080 0.00004 ( 8)  0.421
 115 L   0.01422 0.04080 0.06800 0.09690 0.12859 0.16483 0.20955 0.27708 0.00003 ( 8)  0.402
 116 K   0.01592 0.04497 0.07371 0.10309 0.13386 0.16714 0.20520 0.25609 0.00003 ( 8)  0.392
 117 Y   0.14078 0.13692 0.13298 0.12883 0.12431 0.11921 0.11302 0.10395 0.00001 ( 1)  0.256
 118 F   0.14212 0.13784 0.13351 0.12898 0.12410 0.11864 0.11210 0.10269 0.00001 ( 1)  0.255
 119 D   0.14631 0.14096 0.13556 0.12992 0.12385 0.11706 0.10897 0.09737 0.00001 ( 1)  0.250
 120 N   0.00119 0.00975 0.02696 0.05437 0.09491 0.15412 0.24474 0.41390 0.00006 ( 8)  0.476
 121 A   0.14293 0.13852 0.13403 0.12931 0.12418 0.11840 0.11141 0.10122 0.00001 ( 1)  0.253
 122 Y   0.14078 0.13692 0.13298 0.12883 0.12431 0.11921 0.11302 0.10395 0.00001 ( 1)  0.256
 123 V   0.15059 0.14391 0.13727 0.13043 0.12320 0.11528 0.10605 0.09327 0.00001 ( 1)  0.246
 124 G   0.13957 0.13605 0.13245 0.12862 0.12444 0.11968 0.11387 0.10530 0.00001 ( 1)  0.257
 125 V   0.14176 0.13762 0.13342 0.12900 0.12421 0.11882 0.11231 0.10283 0.00001 ( 1)  0.255
 126 F   0.01599 0.04513 0.07390 0.10325 0.13395 0.16710 0.20498 0.25568 0.00003 ( 8)  0.391
 127 V   0.14413 0.13934 0.13449 0.12942 0.12396 0.11786 0.11059 0.10022 0.00001 ( 1)  0.252
 128 K   0.14176 0.13761 0.13339 0.12897 0.12418 0.11880 0.11233 0.10295 0.00001 ( 1)  0.255
 129 S   0.14479 0.13984 0.13484 0.12960 0.12396 0.11765 0.11009 0.09923 0.00001 ( 1)  0.252
 130 T   0.15053 0.14390 0.13729 0.13048 0.12326 0.11533 0.10606 0.09315 0.00001 ( 1)  0.246
 131 I   0.13598 0.13336 0.13067 0.12780 0.12464 0.12103 0.11658 0.10993 0.00001 ( 1)  0.261
 132 G   0.14276 0.13840 0.13396 0.12928 0.12420 0.11846 0.11153 0.10140 0.00001 ( 1)  0.254
 133 P   0.01586 0.04482 0.07351 0.10287 0.13368 0.16706 0.20536 0.25682 0.00003 ( 8)  0.392
 134 R   0.01555 0.04410 0.07255 0.10186 0.13287 0.16678 0.20617 0.26009 0.00003 ( 8)  0.394
 135 G   0.13751 0.13452 0.13145 0.12818 0.12459 0.12048 0.11542 0.10786 0.00001 ( 1)  0.259
 136 I   0.15420 0.14632 0.13857 0.13072 0.12254 0.11374 0.10370 0.09021 0.00001 ( 1)  0.243
 137 S   0.14479 0.13984 0.13484 0.12960 0.12396 0.11765 0.11009 0.09923 0.00001 ( 1)  0.252
 138 G   0.14276 0.13840 0.13396 0.12928 0.12420 0.11846 0.11153 0.10140 0.00001 ( 1)  0.254
 139 L   0.13874 0.13539 0.13198 0.12837 0.12443 0.11997 0.11455 0.10657 0.00001 ( 1)  0.258

Positively selected sites

	Prob(w>1)  mean w



lnL =  -704.530565

Bayes Empirical Bayes (BEB) probabilities for 11 classes (class) & postmean_w
(amino acids refer to 1st sequence: sch.155)

   1 M   0.55741 0.12798 0.08348 0.05999 0.04481 0.03404 0.02595 0.01965 0.01467 0.01326 0.01875 ( 1)  0.224 +-  0.389
   2 Y   0.11086 0.07146 0.07993 0.08322 0.08287 0.07979 0.07456 0.06758 0.05942 0.06356 0.22675 (11)  0.967 +-  1.327
   3 A   0.48607 0.11867 0.08354 0.06472 0.05203 0.04244 0.03466 0.02807 0.02235 0.02162 0.04583 ( 1)  0.319 +-  0.588
   4 I   0.54539 0.12624 0.08330 0.06062 0.04590 0.03536 0.02736 0.02105 0.01596 0.01468 0.02413 ( 1)  0.243 +-  0.456
   5 K   0.52067 0.12368 0.08420 0.06310 0.04910 0.03879 0.03071 0.02411 0.01864 0.01748 0.02951 ( 1)  0.264 +-  0.461
   6 R   0.51330 0.12281 0.08433 0.06373 0.04998 0.03978 0.03171 0.02507 0.01949 0.01840 0.03139 ( 1)  0.270 +-  0.455
   7 L   0.50321 0.12125 0.08400 0.06406 0.05071 0.04073 0.03278 0.02616 0.02054 0.01958 0.03699 ( 1)  0.290 +-  0.519
   8 A   0.53040 0.12513 0.08442 0.06268 0.04831 0.03779 0.02962 0.02303 0.01762 0.01634 0.02465 ( 1)  0.247 +-  0.404
   9 T   0.52832 0.12471 0.08423 0.06263 0.04835 0.03791 0.02979 0.02322 0.01782 0.01658 0.02645 ( 1)  0.253 +-  0.436
  10 I   0.49788 0.12042 0.08382 0.06422 0.05107 0.04122 0.03332 0.02671 0.02107 0.02018 0.04009 ( 1)  0.301 +-  0.559
  11 G   0.50088 0.12102 0.08411 0.06434 0.05106 0.04112 0.03316 0.02652 0.02086 0.01992 0.03702 ( 1)  0.288 +-  0.495
  12 D   0.49108 0.11950 0.08379 0.06466 0.05177 0.04205 0.03420 0.02758 0.02188 0.02107 0.04242 ( 1)  0.307 +-  0.546
  13 T   0.52040 0.12348 0.08393 0.06281 0.04880 0.03851 0.03046 0.02391 0.01848 0.01734 0.03189 ( 1)  0.276 +-  0.543
  14 G   0.50088 0.12102 0.08411 0.06434 0.05106 0.04112 0.03316 0.02652 0.02086 0.01992 0.03702 ( 1)  0.288 +-  0.495
  15 D   0.52948 0.12500 0.08441 0.06273 0.04839 0.03789 0.02973 0.02314 0.01772 0.01645 0.02506 ( 1)  0.248 +-  0.406
  16 P   0.47713 0.11717 0.08308 0.06483 0.05249 0.04312 0.03547 0.02892 0.02320 0.02261 0.05198 ( 1)  0.342 +-  0.656
  17 I   0.10865 0.06978 0.07766 0.08052 0.07990 0.07674 0.07158 0.06483 0.05699 0.06100 0.25235 (11)  1.116 +-  1.624
  18 A   0.50892 0.12208 0.08413 0.06381 0.05024 0.04015 0.03214 0.02552 0.01994 0.01891 0.03415 ( 1)  0.280 +-  0.494
  19 T   0.52832 0.12471 0.08423 0.06263 0.04835 0.03791 0.02979 0.02322 0.01782 0.01658 0.02645 ( 1)  0.253 +-  0.436
  20 P   0.49448 0.12006 0.08395 0.06460 0.05157 0.04177 0.03388 0.02724 0.02155 0.02069 0.04021 ( 1)  0.299 +-  0.519
  21 L   0.49449 0.11965 0.08336 0.06396 0.05094 0.04120 0.03338 0.02683 0.02123 0.02040 0.04457 ( 1)  0.322 +-  0.659
  22 V   0.53848 0.12579 0.08388 0.06162 0.04704 0.03648 0.02839 0.02193 0.01669 0.01539 0.02431 ( 1)  0.245 +-  0.439
  23 C   0.51714 0.12333 0.08435 0.06349 0.04960 0.03932 0.03123 0.02460 0.01906 0.01793 0.02996 ( 1)  0.265 +-  0.448
  24 L   0.50321 0.12125 0.08400 0.06406 0.05071 0.04073 0.03278 0.02616 0.02054 0.01958 0.03699 ( 1)  0.290 +-  0.519
  25 N   0.53477 0.12549 0.08412 0.06210 0.04761 0.03707 0.02894 0.02242 0.01710 0.01582 0.02457 ( 1)  0.246 +-  0.425
  26 S   0.49484 0.12010 0.08393 0.06455 0.05151 0.04171 0.03382 0.02718 0.02149 0.02063 0.04024 ( 1)  0.299 +-  0.525
  27 V   0.51620 0.12293 0.08398 0.06318 0.04936 0.03917 0.03115 0.02458 0.01910 0.01800 0.03235 ( 1)  0.274 +-  0.503
  28 E   0.51533 0.12308 0.08434 0.06360 0.04978 0.03954 0.03146 0.02482 0.01927 0.01816 0.03063 ( 1)  0.267 +-  0.450
  29 F   0.53275 0.12512 0.08399 0.06209 0.04769 0.03721 0.02911 0.02261 0.01729 0.01604 0.02610 ( 1)  0.252 +-  0.451
  30 K   0.51170 0.12251 0.08421 0.06371 0.05003 0.03987 0.03184 0.02521 0.01964 0.01857 0.03271 ( 1)  0.275 +-  0.476
  31 Q   0.09651 0.06389 0.07268 0.07691 0.07780 0.07607 0.07214 0.06634 0.05911 0.06376 0.27478 (11)  1.159 +-  1.594
  32 S   0.53471 0.12561 0.08429 0.06227 0.04775 0.03719 0.02902 0.02247 0.01712 0.01582 0.02375 ( 1)  0.244 +-  0.406
  33 C   0.10088 0.06596 0.07438 0.07805 0.07834 0.07603 0.07162 0.06545 0.05799 0.06236 0.26894 (11)  1.166 +-  1.656
  34 K   0.51485 0.12279 0.08402 0.06329 0.04951 0.03931 0.03129 0.02471 0.01920 0.01811 0.03292 ( 1)  0.278 +-  0.522
  35 D   0.52948 0.12500 0.08441 0.06273 0.04839 0.03789 0.02973 0.02314 0.01772 0.01645 0.02506 ( 1)  0.248 +-  0.406
  36 F   0.08955 0.06001 0.06882 0.07337 0.07476 0.07362 0.07030 0.06508 0.05835 0.06319 0.30295 (11)  1.284 +-  1.755
  37 M   0.55741 0.12798 0.08348 0.05999 0.04481 0.03404 0.02595 0.01965 0.01467 0.01326 0.01875 ( 1)  0.224 +-  0.389
  38 I   0.53746 0.12526 0.08338 0.06121 0.04674 0.03631 0.02832 0.02196 0.01678 0.01556 0.02703 ( 1)  0.255 +-  0.487
  39 R   0.52013 0.12370 0.08432 0.06326 0.04927 0.03894 0.03084 0.02423 0.01873 0.01756 0.02901 ( 1)  0.262 +-  0.445
  40 L   0.48210 0.11801 0.08334 0.06477 0.05224 0.04275 0.03503 0.02845 0.02274 0.02207 0.04851 ( 1)  0.329 +-  0.617
  41 M   0.55741 0.12798 0.08348 0.05999 0.04481 0.03404 0.02595 0.01965 0.01467 0.01326 0.01875 ( 1)  0.224 +-  0.389
  42 L   0.48533 0.11856 0.08353 0.06476 0.05210 0.04252 0.03476 0.02816 0.02244 0.02172 0.04612 ( 1)  0.320 +-  0.586
  43 N   0.49728 0.12046 0.08399 0.06445 0.05132 0.04146 0.03354 0.02690 0.02123 0.02033 0.03905 ( 1)  0.296 +-  0.518
  44 G   0.50732 0.12196 0.08425 0.06404 0.05052 0.04044 0.03243 0.02578 0.02016 0.01914 0.03397 ( 1)  0.278 +-  0.471
  45 H   0.51313 0.12289 0.08447 0.06389 0.05013 0.03991 0.03182 0.02515 0.01956 0.01845 0.03058 ( 1)  0.266 +-  0.430
  46 L   0.49018 0.11905 0.08331 0.06420 0.05135 0.04169 0.03391 0.02735 0.02172 0.02094 0.04631 ( 1)  0.328 +-  0.663
  47 S   0.50703 0.12181 0.08409 0.06389 0.05039 0.04034 0.03235 0.02573 0.02013 0.01913 0.03512 ( 1)  0.283 +-  0.500
  48 G   0.50732 0.12196 0.08425 0.06404 0.05052 0.04044 0.03243 0.02578 0.02016 0.01914 0.03397 ( 1)  0.278 +-  0.471
  49 R   0.52013 0.12370 0.08432 0.06326 0.04927 0.03894 0.03084 0.02423 0.01873 0.01756 0.02901 ( 1)  0.262 +-  0.445
  50 V   0.52802 0.12459 0.08413 0.06255 0.04830 0.03787 0.02977 0.02322 0.01784 0.01661 0.02709 ( 1)  0.256 +-  0.450
  51 L   0.50321 0.12125 0.08400 0.06406 0.05071 0.04073 0.03278 0.02616 0.02054 0.01958 0.03699 ( 1)  0.290 +-  0.519
  52 S   0.50084 0.12094 0.08401 0.06423 0.05096 0.04103 0.03309 0.02645 0.02081 0.01988 0.03777 ( 1)  0.292 +-  0.517
  53 F   0.49871 0.12065 0.08400 0.06436 0.05117 0.04128 0.03335 0.02671 0.02105 0.02014 0.03857 ( 1)  0.295 +-  0.523
  54 S   0.51221 0.12220 0.08364 0.06302 0.04930 0.03916 0.03118 0.02463 0.01916 0.01810 0.03740 ( 1)  0.302 +-  0.655
  55 S   0.53471 0.12561 0.08429 0.06227 0.04775 0.03719 0.02902 0.02247 0.01712 0.01582 0.02375 ( 1)  0.244 +-  0.406
  56 K   0.51485 0.12279 0.08402 0.06329 0.04951 0.03931 0.03129 0.02471 0.01920 0.01811 0.03292 ( 1)  0.278 +-  0.522
  57 P   0.50349 0.12146 0.08425 0.06431 0.05093 0.04092 0.03292 0.02626 0.02060 0.01962 0.03523 ( 1)  0.282 +-  0.471
  58 L   0.48489 0.11842 0.08340 0.06465 0.05200 0.04244 0.03468 0.02810 0.02240 0.02169 0.04734 ( 1)  0.327 +-  0.628
  59 M   0.13078 0.08103 0.08812 0.08933 0.08673 0.08151 0.07444 0.06604 0.05695 0.06021 0.18487 (11)  0.835 +-  1.177
  60 N   0.11968 0.07555 0.08320 0.08536 0.08383 0.07967 0.07354 0.06592 0.05738 0.06103 0.21484 (11)  0.958 +-  1.392
  61 S   0.52479 0.12431 0.08431 0.06294 0.04878 0.03838 0.03026 0.02367 0.01822 0.01701 0.02732 ( 1)  0.256 +-  0.433
  62 K   0.51170 0.12251 0.08421 0.06371 0.05003 0.03987 0.03184 0.02521 0.01964 0.01857 0.03271 ( 1)  0.275 +-  0.476
  63 H   0.51313 0.12289 0.08447 0.06389 0.05013 0.03991 0.03182 0.02515 0.01956 0.01845 0.03058 ( 1)  0.266 +-  0.430
  64 L   0.50627 0.12162 0.08396 0.06381 0.05035 0.04033 0.03236 0.02576 0.02018 0.01919 0.03617 ( 1)  0.287 +-  0.523
  65 S   0.50703 0.12181 0.08409 0.06389 0.05039 0.04034 0.03235 0.02573 0.02013 0.01913 0.03512 ( 1)  0.283 +-  0.500
  66 M   0.55741 0.12798 0.08348 0.05999 0.04481 0.03404 0.02595 0.01965 0.01467 0.01326 0.01875 ( 1)  0.224 +-  0.389
  67 G   0.50732 0.12196 0.08425 0.06404 0.05052 0.04044 0.03243 0.02578 0.02016 0.01914 0.03397 ( 1)  0.278 +-  0.471
  68 T   0.13039 0.08076 0.08776 0.08891 0.08627 0.08105 0.07400 0.06565 0.05662 0.05987 0.18873 (11)  0.855 +-  1.225
  69 L   0.50445 0.12125 0.08378 0.06374 0.05034 0.04036 0.03242 0.02583 0.02026 0.01929 0.03828 ( 1)  0.299 +-  0.596
  70 V   0.51606 0.12309 0.08423 0.06345 0.04961 0.03938 0.03132 0.02471 0.01918 0.01807 0.03089 ( 1)  0.268 +-  0.461
  71 Y   0.51314 0.12269 0.08420 0.06360 0.04987 0.03969 0.03165 0.02503 0.01948 0.01840 0.03225 ( 1)  0.273 +-  0.475
  72 K   0.52067 0.12368 0.08420 0.06310 0.04910 0.03879 0.03071 0.02411 0.01864 0.01748 0.02951 ( 1)  0.264 +-  0.461
  73 E   0.51533 0.12308 0.08434 0.06360 0.04978 0.03954 0.03146 0.02482 0.01927 0.01816 0.03063 ( 1)  0.267 +-  0.450
  74 T   0.51613 0.12315 0.08430 0.06351 0.04967 0.03943 0.03135 0.02473 0.01919 0.01807 0.03047 ( 1)  0.267 +-  0.451
  75 T   0.52832 0.12471 0.08423 0.06263 0.04835 0.03791 0.02979 0.02322 0.01782 0.01658 0.02645 ( 1)  0.253 +-  0.436
  76 S   0.50703 0.12181 0.08409 0.06389 0.05039 0.04034 0.03235 0.02573 0.02013 0.01913 0.03512 ( 1)  0.283 +-  0.500
  77 K   0.51170 0.12251 0.08421 0.06371 0.05003 0.03987 0.03184 0.02521 0.01964 0.01857 0.03271 ( 1)  0.275 +-  0.476
  78 L   0.52908 0.12502 0.08451 0.06286 0.04852 0.03801 0.02983 0.02321 0.01777 0.01650 0.02469 ( 1)  0.247 +-  0.396
  79 T   0.49095 0.11942 0.08370 0.06457 0.05168 0.04198 0.03414 0.02753 0.02184 0.02104 0.04313 ( 1)  0.310 +-  0.569
  80 M   0.55741 0.12798 0.08348 0.05999 0.04481 0.03404 0.02595 0.01965 0.01467 0.01326 0.01875 ( 1)  0.224 +-  0.389
  81 I   0.51948 0.12319 0.08376 0.06274 0.04884 0.03863 0.03065 0.02413 0.01872 0.01762 0.03225 ( 1)  0.274 +-  0.518
  82 S   0.50703 0.12181 0.08409 0.06389 0.05039 0.04034 0.03235 0.02573 0.02013 0.01913 0.03512 ( 1)  0.283 +-  0.500
  83 F   0.49871 0.12065 0.08400 0.06436 0.05117 0.04128 0.03335 0.02671 0.02105 0.02014 0.03857 ( 1)  0.295 +-  0.523
  84 F   0.49871 0.12065 0.08400 0.06436 0.05117 0.04128 0.03335 0.02671 0.02105 0.02014 0.03857 ( 1)  0.295 +-  0.523
  85 S   0.50084 0.12094 0.08401 0.06423 0.05096 0.04103 0.03309 0.02645 0.02081 0.01988 0.03777 ( 1)  0.292 +-  0.517
  86 M   0.14756 0.08874 0.09444 0.09375 0.08919 0.08219 0.07365 0.06418 0.05443 0.05696 0.15492 (11)  0.744 +-  1.064
  87 I   0.53746 0.12526 0.08338 0.06121 0.04674 0.03631 0.02832 0.02196 0.01678 0.01556 0.02703 ( 1)  0.255 +-  0.487
  88 N   0.12868 0.08016 0.08760 0.08919 0.08692 0.08196 0.07507 0.06676 0.05768 0.06103 0.18496 (11)  0.830 +-  1.152
  89 P   0.08578 0.05745 0.06586 0.07019 0.07150 0.07039 0.06721 0.06221 0.05578 0.06044 0.33320 (11)  1.496 +-  2.083
  90 D   0.52948 0.12500 0.08441 0.06273 0.04839 0.03789 0.02973 0.02314 0.01772 0.01645 0.02506 ( 1)  0.248 +-  0.406
  91 N   0.53477 0.12549 0.08412 0.06210 0.04761 0.03707 0.02894 0.02242 0.01710 0.01582 0.02457 ( 1)  0.246 +-  0.425
  92 F   0.53275 0.12512 0.08399 0.06209 0.04769 0.03721 0.02911 0.02261 0.01729 0.01604 0.02610 ( 1)  0.252 +-  0.451
  93 D   0.52948 0.12500 0.08441 0.06273 0.04839 0.03789 0.02973 0.02314 0.01772 0.01645 0.02506 ( 1)  0.248 +-  0.406
  94 L   0.50627 0.12162 0.08396 0.06381 0.05035 0.04033 0.03236 0.02576 0.02018 0.01919 0.03617 ( 1)  0.287 +-  0.523
  95 K   0.51170 0.12251 0.08421 0.06371 0.05003 0.03987 0.03184 0.02521 0.01964 0.01857 0.03271 ( 1)  0.275 +-  0.476
  96 S   0.50703 0.12181 0.08409 0.06389 0.05039 0.04034 0.03235 0.02573 0.02013 0.01913 0.03512 ( 1)  0.283 +-  0.500
  97 Y   0.51314 0.12269 0.08420 0.06360 0.04987 0.03969 0.03165 0.02503 0.01948 0.01840 0.03225 ( 1)  0.273 +-  0.475
  98 V   0.52045 0.12344 0.08387 0.06274 0.04874 0.03846 0.03042 0.02388 0.01846 0.01733 0.03219 ( 1)  0.277 +-  0.549
  99 S   0.52479 0.12431 0.08431 0.06294 0.04878 0.03838 0.03026 0.02367 0.01822 0.01701 0.02732 ( 1)  0.256 +-  0.433
 100 L   0.50627 0.12162 0.08396 0.06381 0.05035 0.04033 0.03236 0.02576 0.02018 0.01919 0.03617 ( 1)  0.287 +-  0.523
 101 I   0.51948 0.12319 0.08376 0.06274 0.04884 0.03863 0.03065 0.02413 0.01872 0.01762 0.03225 ( 1)  0.274 +-  0.518
 102 I   0.54539 0.12624 0.08330 0.06062 0.04590 0.03536 0.02736 0.02105 0.01596 0.01468 0.02413 ( 1)  0.243 +-  0.456
 103 L   0.50627 0.12162 0.08396 0.06381 0.05035 0.04033 0.03236 0.02576 0.02018 0.01919 0.03617 ( 1)  0.287 +-  0.523
 104 C   0.51714 0.12333 0.08435 0.06349 0.04960 0.03932 0.03123 0.02460 0.01906 0.01793 0.02996 ( 1)  0.265 +-  0.448
 105 K   0.51170 0.12251 0.08421 0.06371 0.05003 0.03987 0.03184 0.02521 0.01964 0.01857 0.03271 ( 1)  0.275 +-  0.476
 106 L   0.50299 0.12102 0.08373 0.06379 0.05045 0.04051 0.03260 0.02602 0.02044 0.01950 0.03893 ( 1)  0.299 +-  0.578
 107 S   0.12159 0.07675 0.08462 0.08690 0.08540 0.08119 0.07495 0.06717 0.05845 0.06212 0.20087 (11)  0.880 +-  1.215
 108 C   0.51714 0.12333 0.08435 0.06349 0.04960 0.03932 0.03123 0.02460 0.01906 0.01793 0.02996 ( 1)  0.265 +-  0.448
 109 S   0.53471 0.12561 0.08429 0.06227 0.04775 0.03719 0.02902 0.02247 0.01712 0.01582 0.02375 ( 1)  0.244 +-  0.406
 110 G   0.51995 0.12377 0.08445 0.06341 0.04941 0.03907 0.03095 0.02431 0.01879 0.01762 0.02827 ( 1)  0.259 +-  0.422
 111 F   0.53275 0.12512 0.08399 0.06209 0.04769 0.03721 0.02911 0.02261 0.01729 0.01604 0.02610 ( 1)  0.252 +-  0.451
 112 N   0.53477 0.12549 0.08412 0.06210 0.04761 0.03707 0.02894 0.02242 0.01710 0.01582 0.02457 ( 1)  0.246 +-  0.425
 113 I   0.54539 0.12624 0.08330 0.06062 0.04590 0.03536 0.02736 0.02105 0.01596 0.01468 0.02413 ( 1)  0.243 +-  0.456
 114 M   0.05500 0.04108 0.05092 0.05802 0.06262 0.06483 0.06470 0.06223 0.05764 0.06358 0.41936 (11)  1.788 +-  2.216
 115 L   0.07567 0.05106 0.05873 0.06285 0.06435 0.06373 0.06127 0.05715 0.05167 0.05639 0.39713 (11)  1.803 +-  2.350
 116 K   0.11523 0.07362 0.08184 0.08470 0.08387 0.08031 0.07466 0.06734 0.05895 0.06288 0.21661 (11)  0.936 +-  1.297
 117 Y   0.51314 0.12269 0.08420 0.06360 0.04987 0.03969 0.03165 0.02503 0.01948 0.01840 0.03225 ( 1)  0.273 +-  0.475
 118 F   0.51533 0.12277 0.08392 0.06316 0.04937 0.03920 0.03119 0.02463 0.01915 0.01807 0.03321 ( 1)  0.278 +-  0.523
 119 D   0.52948 0.12500 0.08441 0.06273 0.04839 0.03789 0.02973 0.02314 0.01772 0.01645 0.02506 ( 1)  0.248 +-  0.406
 120 N   0.00731 0.01483 0.02743 0.03953 0.04997 0.05798 0.06302 0.06472 0.06295 0.07090 0.54135 (11)  2.193 +-  2.326
 121 A   0.52031 0.12381 0.08443 0.06337 0.04935 0.03901 0.03089 0.02425 0.01874 0.01756 0.02827 ( 1)  0.259 +-  0.428
 122 Y   0.51314 0.12269 0.08420 0.06360 0.04987 0.03969 0.03165 0.02503 0.01948 0.01840 0.03225 ( 1)  0.273 +-  0.475
 123 V   0.53848 0.12579 0.08388 0.06162 0.04704 0.03648 0.02839 0.02193 0.01669 0.01539 0.02431 ( 1)  0.245 +-  0.439
 124 G   0.50814 0.12184 0.08391 0.06360 0.05002 0.03993 0.03194 0.02533 0.01977 0.01873 0.03678 ( 1)  0.298 +-  0.616
 125 V   0.51606 0.12309 0.08423 0.06345 0.04961 0.03938 0.03132 0.02471 0.01918 0.01807 0.03089 ( 1)  0.268 +-  0.461
 126 F   0.11362 0.07258 0.08060 0.08335 0.08248 0.07896 0.07339 0.06622 0.05799 0.06189 0.22891 (11)  1.005 +-  1.444
 127 V   0.52045 0.12344 0.08387 0.06274 0.04874 0.03846 0.03042 0.02388 0.01846 0.01733 0.03219 ( 1)  0.277 +-  0.549
 128 K   0.51485 0.12279 0.08402 0.06329 0.04951 0.03931 0.03129 0.02471 0.01920 0.01811 0.03292 ( 1)  0.278 +-  0.522
 129 S   0.52479 0.12431 0.08431 0.06294 0.04878 0.03838 0.03026 0.02367 0.01822 0.01701 0.02732 ( 1)  0.256 +-  0.433
 130 T   0.53896 0.12595 0.08401 0.06171 0.04709 0.03650 0.02838 0.02190 0.01664 0.01533 0.02352 ( 1)  0.243 +-  0.424
 131 I   0.49788 0.12042 0.08382 0.06422 0.05107 0.04122 0.03332 0.02671 0.02107 0.02018 0.04009 ( 1)  0.301 +-  0.559
 132 G   0.51995 0.12377 0.08445 0.06341 0.04941 0.03907 0.03095 0.02431 0.01879 0.01762 0.02827 ( 1)  0.259 +-  0.422
 133 P   0.11433 0.07317 0.08143 0.08437 0.08363 0.08018 0.07462 0.06739 0.05906 0.06304 0.21877 (11)  0.940 +-  1.294
 134 R   0.10953 0.07071 0.07914 0.08244 0.08215 0.07916 0.07403 0.06717 0.05911 0.06328 0.23327 (11)  0.997 +-  1.382
 135 G   0.50366 0.12138 0.08411 0.06414 0.05076 0.04077 0.03279 0.02615 0.02052 0.01954 0.03617 ( 1)  0.287 +-  0.509
 136 I   0.54539 0.12624 0.08330 0.06062 0.04590 0.03536 0.02736 0.02105 0.01596 0.01468 0.02413 ( 1)  0.243 +-  0.456
 137 S   0.52479 0.12431 0.08431 0.06294 0.04878 0.03838 0.03026 0.02367 0.01822 0.01701 0.02732 ( 1)  0.256 +-  0.433
 138 G   0.51995 0.12377 0.08445 0.06341 0.04941 0.03907 0.03095 0.02431 0.01879 0.01762 0.02827 ( 1)  0.259 +-  0.422
 139 L   0.50627 0.12162 0.08396 0.06381 0.05035 0.04033 0.03236 0.02576 0.02018 0.01919 0.03617 ( 1)  0.287 +-  0.523

Positively selected sites

	Prob(w>1)  mean w

   120 N      0.541         2.193 +- 2.326

