Supplemental results for CODEML (seqf: algn  treef: tree)


dN/dS (w) for site classes (K=8)

p:   0.12500  0.12500  0.12500  0.12500  0.12500  0.12500  0.12500  0.12500
w:   0.00000  0.00000  0.00000  0.00000  0.00000  0.00000  0.00116  0.58367

Naive Empirical Bayes (NEB) probabilities for 8 classes & postmean_w
(amino acids refer to 1st sequence: Msl.25849)

   1 L   0.12520 0.12520 0.12520 0.12520 0.12520 0.12520 0.12520 0.12358 ( 1)  0.072
   2 A   0.12628 0.12628 0.12628 0.12628 0.12628 0.12628 0.12626 0.11608 ( 1)  0.068
   3 Y   0.12586 0.12586 0.12586 0.12586 0.12586 0.12586 0.12585 0.11898 ( 1)  0.070
   4 T   0.12621 0.12621 0.12621 0.12621 0.12621 0.12621 0.12619 0.11657 ( 1)  0.068
   5 M   0.12617 0.12617 0.12617 0.12617 0.12617 0.12617 0.12615 0.11680 ( 1)  0.068
   6 F   0.12604 0.12604 0.12604 0.12604 0.12604 0.12604 0.12602 0.11774 ( 1)  0.069
   7 R   0.12583 0.12583 0.12583 0.12583 0.12583 0.12583 0.12582 0.11919 ( 1)  0.070
   8 A   0.12539 0.12539 0.12539 0.12539 0.12539 0.12539 0.12538 0.12227 ( 1)  0.072
   9 I   0.12630 0.12630 0.12630 0.12630 0.12630 0.12630 0.12628 0.11591 ( 1)  0.068
  10 A   0.12553 0.12553 0.12553 0.12553 0.12553 0.12553 0.12552 0.12129 ( 1)  0.071
  11 S   0.12599 0.12599 0.12599 0.12599 0.12599 0.12599 0.12598 0.11807 ( 1)  0.069
  12 S   0.12527 0.12527 0.12527 0.12527 0.12527 0.12527 0.12526 0.12315 ( 1)  0.072
  13 A   0.12628 0.12628 0.12628 0.12628 0.12628 0.12628 0.12626 0.11608 ( 1)  0.068
  14 K   0.12588 0.12588 0.12588 0.12588 0.12588 0.12588 0.12586 0.11887 ( 1)  0.070
  15 L   0.12551 0.12551 0.12551 0.12551 0.12551 0.12551 0.12550 0.12145 ( 1)  0.071
  16 L   0.12600 0.12600 0.12600 0.12600 0.12600 0.12600 0.12598 0.11804 ( 1)  0.069
  17 R   0.12532 0.12532 0.12532 0.12532 0.12532 0.12532 0.12532 0.12276 ( 1)  0.072
  18 L   0.12521 0.12521 0.12521 0.12521 0.12521 0.12521 0.12520 0.12356 ( 1)  0.072
  19 G   0.12610 0.12610 0.12610 0.12610 0.12610 0.12610 0.12608 0.11734 ( 1)  0.069
  20 V   0.12552 0.12552 0.12552 0.12552 0.12552 0.12552 0.12552 0.12133 ( 1)  0.071
  21 S   0.12527 0.12527 0.12527 0.12527 0.12527 0.12527 0.12526 0.12315 ( 1)  0.072
  22 V   0.12552 0.12552 0.12552 0.12552 0.12552 0.12552 0.12552 0.12133 ( 1)  0.071
  23 A   0.12628 0.12628 0.12628 0.12628 0.12628 0.12628 0.12626 0.11608 ( 1)  0.068
  24 R   0.12575 0.12575 0.12575 0.12575 0.12575 0.12575 0.12573 0.11979 ( 1)  0.070
  25 P   0.12530 0.12530 0.12530 0.12530 0.12530 0.12530 0.12530 0.12289 ( 1)  0.072
  26 S   0.12568 0.12568 0.12568 0.12568 0.12568 0.12568 0.12567 0.12023 ( 1)  0.070
  27 L   0.12551 0.12551 0.12551 0.12551 0.12551 0.12551 0.12550 0.12145 ( 1)  0.071
  28 P   0.12575 0.12575 0.12575 0.12575 0.12575 0.12575 0.12574 0.11974 ( 1)  0.070
  29 A   0.12628 0.12628 0.12628 0.12628 0.12628 0.12628 0.12626 0.11608 ( 1)  0.068
  30 V   0.12626 0.12626 0.12626 0.12626 0.12626 0.12626 0.12624 0.11618 ( 1)  0.068
  31 S   0.12599 0.12599 0.12599 0.12599 0.12599 0.12599 0.12598 0.11807 ( 1)  0.069
  32 V   0.12552 0.12552 0.12552 0.12552 0.12552 0.12552 0.12552 0.12133 ( 1)  0.071
  33 V   0.12626 0.12626 0.12626 0.12626 0.12626 0.12626 0.12624 0.11618 ( 1)  0.068
  34 S   0.12599 0.12599 0.12599 0.12599 0.12599 0.12599 0.12598 0.11807 ( 1)  0.069
  35 R   0.12575 0.12575 0.12575 0.12575 0.12575 0.12575 0.12573 0.11979 ( 1)  0.070
  36 Q   0.12550 0.12550 0.12550 0.12550 0.12550 0.12550 0.12549 0.12153 ( 1)  0.071
  37 L   0.12551 0.12551 0.12551 0.12551 0.12551 0.12551 0.12550 0.12145 ( 1)  0.071
  38 S   0.12599 0.12599 0.12599 0.12599 0.12599 0.12599 0.12598 0.11807 ( 1)  0.069
  39 D   0.12615 0.12615 0.12615 0.12615 0.12615 0.12615 0.12613 0.11698 ( 1)  0.068
  40 A   0.12597 0.12597 0.12597 0.12597 0.12597 0.12597 0.12596 0.11822 ( 1)  0.069
  41 P   0.12530 0.12530 0.12530 0.12530 0.12530 0.12530 0.12530 0.12289 ( 1)  0.072
  42 K   0.12541 0.12541 0.12541 0.12541 0.12541 0.12541 0.12540 0.12217 ( 1)  0.071
  43 L   0.12551 0.12551 0.12551 0.12551 0.12551 0.12551 0.12550 0.12145 ( 1)  0.071
  44 S   0.12595 0.12595 0.12595 0.12595 0.12595 0.12595 0.12593 0.11839 ( 1)  0.069
  45 P   0.12575 0.12575 0.12575 0.12575 0.12575 0.12575 0.12574 0.11974 ( 1)  0.070
  46 A   0.12553 0.12553 0.12553 0.12553 0.12553 0.12553 0.12552 0.12129 ( 1)  0.071
  47 E   0.12589 0.12589 0.12589 0.12589 0.12589 0.12589 0.12588 0.11875 ( 1)  0.069
  48 F   0.12546 0.12546 0.12546 0.12546 0.12546 0.12546 0.12545 0.12179 ( 1)  0.071
  49 D   0.12615 0.12615 0.12615 0.12615 0.12615 0.12615 0.12613 0.11698 ( 1)  0.068
  50 A   0.12628 0.12628 0.12628 0.12628 0.12628 0.12628 0.12626 0.11608 ( 1)  0.068
  51 K   0.12541 0.12541 0.12541 0.12541 0.12541 0.12541 0.12540 0.12217 ( 1)  0.071
  52 Y   0.12586 0.12586 0.12586 0.12586 0.12586 0.12586 0.12585 0.11898 ( 1)  0.070
  53 L   0.12543 0.12543 0.12543 0.12543 0.12543 0.12543 0.12543 0.12198 ( 1)  0.071
  54 A   0.12603 0.12603 0.12603 0.12603 0.12603 0.12603 0.12601 0.11779 ( 1)  0.069
  55 L   0.00000 0.00000 0.00000 0.00000 0.00000 0.00000 0.00205 0.99795 ( 8)  0.582
  56 F   0.12546 0.12546 0.12546 0.12546 0.12546 0.12546 0.12545 0.12179 ( 1)  0.071
  57 N   0.12615 0.12615 0.12615 0.12615 0.12615 0.12615 0.12613 0.11696 ( 1)  0.068
  58 N   0.12552 0.12552 0.12552 0.12552 0.12552 0.12552 0.12551 0.12140 ( 1)  0.071
  59 P   0.12599 0.12599 0.12599 0.12599 0.12599 0.12599 0.12598 0.11806 ( 1)  0.069
  60 Q   0.12525 0.12525 0.12525 0.12525 0.12525 0.12525 0.12525 0.12323 ( 1)  0.072
  61 S   0.12527 0.12527 0.12527 0.12527 0.12527 0.12527 0.12526 0.12315 ( 1)  0.072
  62 D   0.12615 0.12615 0.12615 0.12615 0.12615 0.12615 0.12613 0.11698 ( 1)  0.068
  63 G   0.12610 0.12610 0.12610 0.12610 0.12610 0.12610 0.12608 0.11734 ( 1)  0.069
  64 W   0.12536 0.12536 0.12536 0.12536 0.12536 0.12536 0.12535 0.12249 ( 1)  0.072
  65 V   0.12587 0.12587 0.12587 0.12587 0.12587 0.12587 0.12585 0.11895 ( 1)  0.070
  66 I   0.12557 0.12557 0.12557 0.12557 0.12557 0.12557 0.12556 0.12102 ( 1)  0.071
  67 R   0.12583 0.12583 0.12583 0.12583 0.12583 0.12583 0.12582 0.11919 ( 1)  0.070
  68 K   0.12541 0.12541 0.12541 0.12541 0.12541 0.12541 0.12540 0.12217 ( 1)  0.071
  69 A   0.12553 0.12553 0.12553 0.12553 0.12553 0.12553 0.12552 0.12129 ( 1)  0.071
  70 M   0.12617 0.12617 0.12617 0.12617 0.12617 0.12617 0.12615 0.11680 ( 1)  0.068
  71 Q   0.12550 0.12550 0.12550 0.12550 0.12550 0.12550 0.12549 0.12153 ( 1)  0.071
  72 D   0.12553 0.12553 0.12553 0.12553 0.12553 0.12553 0.12553 0.12127 ( 1)  0.071
  73 L   0.12551 0.12551 0.12551 0.12551 0.12551 0.12551 0.12550 0.12145 ( 1)  0.071
  74 Y   0.12586 0.12586 0.12586 0.12586 0.12586 0.12586 0.12585 0.11898 ( 1)  0.070
  75 S   0.12539 0.12539 0.12539 0.12539 0.12539 0.12539 0.12538 0.12228 ( 1)  0.072
  76 E   0.12589 0.12589 0.12589 0.12589 0.12589 0.12589 0.12588 0.11875 ( 1)  0.069
  77 D   0.12553 0.12553 0.12553 0.12553 0.12553 0.12553 0.12553 0.12127 ( 1)  0.071
  78 L   0.12551 0.12551 0.12551 0.12551 0.12551 0.12551 0.12550 0.12145 ( 1)  0.071
  79 V   0.12626 0.12626 0.12626 0.12626 0.12626 0.12626 0.12624 0.11618 ( 1)  0.068
  80 P   0.12599 0.12599 0.12599 0.12599 0.12599 0.12599 0.12598 0.11806 ( 1)  0.069
  81 E   0.12589 0.12589 0.12589 0.12589 0.12589 0.12589 0.12588 0.11875 ( 1)  0.069
  82 P   0.12541 0.12541 0.12541 0.12541 0.12541 0.12541 0.12540 0.12214 ( 1)  0.071
  83 E   0.12589 0.12589 0.12589 0.12589 0.12589 0.12589 0.12588 0.11875 ( 1)  0.069
  84 L   0.12541 0.12541 0.12541 0.12541 0.12541 0.12541 0.12540 0.12213 ( 1)  0.071
  85 V   0.12626 0.12626 0.12626 0.12626 0.12626 0.12626 0.12624 0.11618 ( 1)  0.068
  86 T   0.12562 0.12562 0.12562 0.12562 0.12562 0.12562 0.12561 0.12068 ( 1)  0.071
  87 A   0.12628 0.12628 0.12628 0.12628 0.12628 0.12628 0.12626 0.11608 ( 1)  0.068
  88 A   0.12539 0.12539 0.12539 0.12539 0.12539 0.12539 0.12538 0.12227 ( 1)  0.072
  89 L   0.12600 0.12600 0.12600 0.12600 0.12600 0.12600 0.12598 0.11804 ( 1)  0.069
  90 K   0.12541 0.12541 0.12541 0.12541 0.12541 0.12541 0.12540 0.12217 ( 1)  0.071
  91 A   0.12628 0.12628 0.12628 0.12628 0.12628 0.12628 0.12626 0.11608 ( 1)  0.068
  92 C   0.12576 0.12576 0.12576 0.12576 0.12576 0.12576 0.12574 0.11971 ( 1)  0.070
  93 R   0.12560 0.12560 0.12560 0.12560 0.12560 0.12560 0.12559 0.12078 ( 1)  0.071
  94 R   0.12534 0.12534 0.12534 0.12534 0.12534 0.12534 0.12534 0.12261 ( 1)  0.072
  95 V   0.12626 0.12626 0.12626 0.12626 0.12626 0.12626 0.12624 0.11618 ( 1)  0.068
  96 N   0.12615 0.12615 0.12615 0.12615 0.12615 0.12615 0.12613 0.11696 ( 1)  0.068
  97 D   0.12615 0.12615 0.12615 0.12615 0.12615 0.12615 0.12613 0.11698 ( 1)  0.068
  98 Y   0.12586 0.12586 0.12586 0.12586 0.12586 0.12586 0.12585 0.11898 ( 1)  0.070
  99 A   0.12628 0.12628 0.12628 0.12628 0.12628 0.12628 0.12626 0.11608 ( 1)  0.068
 100 L   0.12543 0.12543 0.12543 0.12543 0.12543 0.12543 0.12543 0.12198 ( 1)  0.071
 101 A   0.12553 0.12553 0.12553 0.12553 0.12553 0.12553 0.12552 0.12129 ( 1)  0.071
 102 V   0.12552 0.12552 0.12552 0.12552 0.12552 0.12552 0.12552 0.12133 ( 1)  0.071
 103 R   0.12583 0.12583 0.12583 0.12583 0.12583 0.12583 0.12582 0.11919 ( 1)  0.070
 104 F   0.12604 0.12604 0.12604 0.12604 0.12604 0.12604 0.12602 0.11774 ( 1)  0.069
 105 L   0.12541 0.12541 0.12541 0.12541 0.12541 0.12541 0.12540 0.12213 ( 1)  0.071
 106 E   0.12589 0.12589 0.12589 0.12589 0.12589 0.12589 0.12588 0.11875 ( 1)  0.069
 107 A   0.12553 0.12553 0.12553 0.12553 0.12553 0.12553 0.12552 0.12129 ( 1)  0.071
 108 T   0.12550 0.12550 0.12550 0.12550 0.12550 0.12550 0.12549 0.12151 ( 1)  0.071
 109 R   0.12583 0.12583 0.12583 0.12583 0.12583 0.12583 0.12582 0.11919 ( 1)  0.070
 110 F   0.12604 0.12604 0.12604 0.12604 0.12604 0.12604 0.12602 0.11774 ( 1)  0.069
 111 K   0.12588 0.12588 0.12588 0.12588 0.12588 0.12588 0.12586 0.11887 ( 1)  0.070
 112 C   0.12576 0.12576 0.12576 0.12576 0.12576 0.12576 0.12574 0.11971 ( 1)  0.070
 113 G   0.12610 0.12610 0.12610 0.12610 0.12610 0.12610 0.12608 0.11734 ( 1)  0.069
 114 T   0.12621 0.12621 0.12621 0.12621 0.12621 0.12621 0.12619 0.11657 ( 1)  0.068
 115 Q   0.12525 0.12525 0.12525 0.12525 0.12525 0.12525 0.12525 0.12323 ( 1)  0.072
 116 E   0.12589 0.12589 0.12589 0.12589 0.12589 0.12589 0.12588 0.11875 ( 1)  0.069
 117 K   0.12588 0.12588 0.12588 0.12588 0.12588 0.12588 0.12586 0.11887 ( 1)  0.070
 118 V   0.12596 0.12596 0.12596 0.12596 0.12596 0.12596 0.12594 0.11829 ( 1)  0.069
 119 I   0.12630 0.12630 0.12630 0.12630 0.12630 0.12630 0.12628 0.11591 ( 1)  0.068
 120 W   0.12536 0.12536 0.12536 0.12536 0.12536 0.12536 0.12535 0.12249 ( 1)  0.072
 121 P   0.12599 0.12599 0.12599 0.12599 0.12599 0.12599 0.12598 0.11806 ( 1)  0.069
 122 W   0.12536 0.12536 0.12536 0.12536 0.12536 0.12536 0.12535 0.12249 ( 1)  0.072
 123 M   0.12617 0.12617 0.12617 0.12617 0.12617 0.12617 0.12615 0.11680 ( 1)  0.068
 124 M   0.12617 0.12617 0.12617 0.12617 0.12617 0.12617 0.12615 0.11680 ( 1)  0.068
 125 Q   0.12550 0.12550 0.12550 0.12550 0.12550 0.12550 0.12549 0.12153 ( 1)  0.071
 126 Q   0.12550 0.12550 0.12550 0.12550 0.12550 0.12550 0.12549 0.12153 ( 1)  0.071
 127 I   0.12630 0.12630 0.12630 0.12630 0.12630 0.12630 0.12628 0.11591 ( 1)  0.068
 128 K   0.12541 0.12541 0.12541 0.12541 0.12541 0.12541 0.12540 0.12217 ( 1)  0.071
 129 P   0.12530 0.12530 0.12530 0.12530 0.12530 0.12530 0.12530 0.12289 ( 1)  0.072
 130 T   0.12621 0.12621 0.12621 0.12621 0.12621 0.12621 0.12619 0.11657 ( 1)  0.068
 131 L   0.12541 0.12541 0.12541 0.12541 0.12541 0.12541 0.12540 0.12213 ( 1)  0.071
 132 A   0.12553 0.12553 0.12553 0.12553 0.12553 0.12553 0.12552 0.12129 ( 1)  0.071
 133 E   0.12589 0.12589 0.12589 0.12589 0.12589 0.12589 0.12588 0.11875 ( 1)  0.069
 134 L   0.12551 0.12551 0.12551 0.12551 0.12551 0.12551 0.12550 0.12145 ( 1)  0.071
 135 G   0.12610 0.12610 0.12610 0.12610 0.12610 0.12610 0.12608 0.11734 ( 1)  0.069
 136 I   0.12630 0.12630 0.12630 0.12630 0.12630 0.12630 0.12628 0.11591 ( 1)  0.068
 137 S   0.12599 0.12599 0.12599 0.12599 0.12599 0.12599 0.12598 0.11807 ( 1)  0.069
 138 S   0.12595 0.12595 0.12595 0.12595 0.12595 0.12595 0.12593 0.11839 ( 1)  0.069
 139 I   0.12630 0.12630 0.12630 0.12630 0.12630 0.12630 0.12628 0.11591 ( 1)  0.068
 140 D   0.12615 0.12615 0.12615 0.12615 0.12615 0.12615 0.12613 0.11698 ( 1)  0.068
 141 E   0.12589 0.12589 0.12589 0.12589 0.12589 0.12589 0.12588 0.11875 ( 1)  0.069
 142 M   0.12617 0.12617 0.12617 0.12617 0.12617 0.12617 0.12615 0.11680 ( 1)  0.068
 143 G   0.12610 0.12610 0.12610 0.12610 0.12610 0.12610 0.12608 0.11734 ( 1)  0.069
 144 Y   0.12586 0.12586 0.12586 0.12586 0.12586 0.12586 0.12585 0.11898 ( 1)  0.070
 145 D   0.12553 0.12553 0.12553 0.12553 0.12553 0.12553 0.12553 0.12127 ( 1)  0.071
 146 K   0.12588 0.12588 0.12588 0.12588 0.12588 0.12588 0.12586 0.11887 ( 1)  0.070
 147 P   0.12561 0.12561 0.12561 0.12561 0.12561 0.12561 0.12560 0.12076 ( 1)  0.071
 148 E   0.12589 0.12589 0.12589 0.12589 0.12589 0.12589 0.12588 0.11875 ( 1)  0.069
 149 L   0.12551 0.12551 0.12551 0.12551 0.12551 0.12551 0.12550 0.12145 ( 1)  0.071
 150 Y   0.12569 0.12569 0.12569 0.12569 0.12569 0.12569 0.12568 0.12016 ( 1)  0.070
 151 V   0.12596 0.12596 0.12596 0.12596 0.12596 0.12596 0.12594 0.11829 ( 1)  0.069
 152 H   0.12591 0.12591 0.12591 0.12591 0.12591 0.12591 0.12589 0.11866 ( 1)  0.069
 153 P   0.12599 0.12599 0.12599 0.12599 0.12599 0.12599 0.12598 0.11806 ( 1)  0.069
 154 E   0.12589 0.12589 0.12589 0.12589 0.12589 0.12589 0.12588 0.11875 ( 1)  0.069
 155 Q   0.12550 0.12550 0.12550 0.12550 0.12550 0.12550 0.12549 0.12153 ( 1)  0.071
 156 G   0.12610 0.12610 0.12610 0.12610 0.12610 0.12610 0.12608 0.11734 ( 1)  0.069
 157 M   0.12617 0.12617 0.12617 0.12617 0.12617 0.12617 0.12615 0.11680 ( 1)  0.068
 158 F   0.12604 0.12604 0.12604 0.12604 0.12604 0.12604 0.12602 0.11774 ( 1)  0.069
 159 E   0.12544 0.12544 0.12544 0.12544 0.12544 0.12544 0.12543 0.12194 ( 1)  0.071


lnL =  -666.895514

