Supplemental results for CODEML (seqf: algn  treef: tree)


dN/dS (w) for site classes (K=9)

p:   0.00000  0.00000  0.00000  0.00000  0.00000  0.00000  0.00000  0.00000  0.99999
w:   0.00000  0.00000  0.00000  0.00000  0.00000  0.00000  0.00000  0.00000  1.11991

Naive Empirical Bayes (NEB) probabilities for 9 classes & postmean_w & P(w>1)
(amino acids refer to 1st sequence: Msl.26119)

   1 V   0.00000 0.00000 0.00000 0.00000 0.00000 0.00000 0.00000 0.00000 0.99999 ( 9)  1.120  1.000
   2 L   0.00000 0.00000 0.00000 0.00000 0.00000 0.00000 0.00000 0.00000 0.99999 ( 9)  1.120  1.000
   3 S   0.00000 0.00000 0.00000 0.00000 0.00000 0.00000 0.00000 0.00000 0.99999 ( 9)  1.120  1.000
   4 A   0.00000 0.00000 0.00000 0.00000 0.00000 0.00000 0.00000 0.00000 0.99999 ( 9)  1.120  1.000
   5 N   0.00000 0.00000 0.00000 0.00000 0.00000 0.00000 0.00000 0.00000 0.99999 ( 9)  1.120  1.000
   6 Q   0.00000 0.00000 0.00000 0.00000 0.00000 0.00000 0.00000 0.00000 0.99999 ( 9)  1.120  1.000
   7 G   0.00000 0.00000 0.00000 0.00000 0.00000 0.00000 0.00000 0.00000 0.99999 ( 9)  1.120  1.000
   8 I   0.00000 0.00000 0.00000 0.00000 0.00000 0.00000 0.00000 0.00000 0.99999 ( 9)  1.120  1.000
   9 D   0.00000 0.00000 0.00000 0.00000 0.00000 0.00000 0.00000 0.00000 0.99999 ( 9)  1.120  1.000
  10 D   0.00000 0.00000 0.00000 0.00000 0.00000 0.00000 0.00000 0.00000 0.99999 ( 9)  1.120  1.000
  11 V   0.00000 0.00000 0.00000 0.00000 0.00000 0.00000 0.00000 0.00000 0.99999 ( 9)  1.120  1.000
  12 K   0.00000 0.00000 0.00000 0.00000 0.00000 0.00000 0.00000 0.00000 1.00000 ( 9)  1.120  1.000
  13 V   0.00000 0.00000 0.00000 0.00000 0.00000 0.00000 0.00000 0.00000 0.99999 ( 9)  1.120  1.000
  14 G   0.00000 0.00000 0.00000 0.00000 0.00000 0.00000 0.00000 0.00000 0.99999 ( 9)  1.120  1.000
  15 S   0.00000 0.00000 0.00000 0.00000 0.00000 0.00000 0.00000 0.00000 0.99999 ( 9)  1.120  1.000
  16 L   0.00000 0.00000 0.00000 0.00000 0.00000 0.00000 0.00000 0.00000 0.99999 ( 9)  1.120  1.000
  17 P   0.00000 0.00000 0.00000 0.00000 0.00000 0.00000 0.00000 0.00000 0.99999 ( 9)  1.120  1.000
  18 R   0.00000 0.00000 0.00000 0.00000 0.00000 0.00000 0.00000 0.00000 0.99999 ( 9)  1.120  1.000
  19 L   0.00000 0.00000 0.00000 0.00000 0.00000 0.00000 0.00000 0.00000 0.99999 ( 9)  1.120  1.000
  20 L   0.00000 0.00000 0.00000 0.00000 0.00000 0.00000 0.00000 0.00000 0.99999 ( 9)  1.120  1.000
  21 E   0.00000 0.00000 0.00000 0.00000 0.00000 0.00000 0.00000 0.00000 0.99999 ( 9)  1.120  1.000
  22 A   0.00000 0.00000 0.00000 0.00000 0.00000 0.00000 0.00000 0.00000 0.99999 ( 9)  1.120  1.000
  23 V   0.00000 0.00000 0.00000 0.00000 0.00000 0.00000 0.00000 0.00000 0.99999 ( 9)  1.120  1.000
  24 N   0.00000 0.00000 0.00000 0.00000 0.00000 0.00000 0.00000 0.00000 0.99999 ( 9)  1.120  1.000
  25 F   0.00000 0.00000 0.00000 0.00000 0.00000 0.00000 0.00000 0.00000 0.99999 ( 9)  1.120  1.000
  26 A   0.00000 0.00000 0.00000 0.00000 0.00000 0.00000 0.00000 0.00000 0.99999 ( 9)  1.120  1.000
  27 A   0.00000 0.00000 0.00000 0.00000 0.00000 0.00000 0.00000 0.00000 0.99999 ( 9)  1.120  1.000
  28 E   0.00000 0.00000 0.00000 0.00000 0.00000 0.00000 0.00000 0.00000 0.99999 ( 9)  1.120  1.000
  29 K   0.00000 0.00000 0.00000 0.00000 0.00000 0.00000 0.00000 0.00000 0.99999 ( 9)  1.120  1.000
  30 H   0.00000 0.00000 0.00000 0.00000 0.00000 0.00000 0.00000 0.00000 0.99999 ( 9)  1.120  1.000
  31 K   0.00000 0.00000 0.00000 0.00000 0.00000 0.00000 0.00000 0.00000 0.99999 ( 9)  1.120  1.000
  32 C   0.00000 0.00000 0.00000 0.00000 0.00000 0.00000 0.00000 0.00000 0.99999 ( 9)  1.120  1.000
  33 Q   0.00000 0.00000 0.00000 0.00000 0.00000 0.00000 0.00000 0.00000 0.99999 ( 9)  1.120  1.000
  34 R   0.00000 0.00000 0.00000 0.00000 0.00000 0.00000 0.00000 0.00000 0.99999 ( 9)  1.120  1.000
  35 R   0.00000 0.00000 0.00000 0.00000 0.00000 0.00000 0.00000 0.00000 0.99999 ( 9)  1.120  1.000
  36 K   0.00000 0.00000 0.00000 0.00000 0.00000 0.00000 0.00000 0.00000 0.99999 ( 9)  1.120  1.000
  37 D   0.00000 0.00000 0.00000 0.00000 0.00000 0.00000 0.00000 0.00000 0.99999 ( 9)  1.120  1.000
  38 P   0.00000 0.00000 0.00000 0.00000 0.00000 0.00000 0.00000 0.00000 0.99999 ( 9)  1.120  1.000
  39 E   0.00000 0.00000 0.00000 0.00000 0.00000 0.00000 0.00000 0.00000 0.99999 ( 9)  1.120  1.000
  40 A   0.00000 0.00000 0.00000 0.00000 0.00000 0.00000 0.00000 0.00000 0.99999 ( 9)  1.120  1.000
  41 T   0.00000 0.00000 0.00000 0.00000 0.00000 0.00000 0.00000 0.00000 0.99999 ( 9)  1.120  1.000
  42 P   0.00000 0.00000 0.00000 0.00000 0.00000 0.00000 0.00000 0.00000 0.99999 ( 9)  1.120  1.000
  43 Y   0.00000 0.00000 0.00000 0.00000 0.00000 0.00000 0.00000 0.00000 0.99999 ( 9)  1.120  1.000
  44 I   0.00000 0.00000 0.00000 0.00000 0.00000 0.00000 0.00000 0.00000 0.99999 ( 9)  1.120  1.000
  45 N   0.00000 0.00000 0.00000 0.00000 0.00000 0.00000 0.00000 0.00000 0.99999 ( 9)  1.120  1.000
  46 H   0.00000 0.00000 0.00000 0.00000 0.00000 0.00000 0.00000 0.00000 0.99999 ( 9)  1.120  1.000
  47 P   0.00000 0.00000 0.00000 0.00000 0.00000 0.00000 0.00000 0.00000 0.99999 ( 9)  1.120  1.000
  48 I   0.00000 0.00000 0.00000 0.00000 0.00000 0.00000 0.00000 0.00000 0.99999 ( 9)  1.120  1.000
  49 G   0.00000 0.00000 0.00000 0.00000 0.00000 0.00000 0.00000 0.00000 0.99999 ( 9)  1.120  1.000
  50 V   0.00000 0.00000 0.00000 0.00000 0.00000 0.00000 0.00000 0.00000 0.99999 ( 9)  1.120  1.000
  51 A   0.00000 0.00000 0.00000 0.00000 0.00000 0.00000 0.00000 0.00000 0.99999 ( 9)  1.120  1.000
  52 R   0.00000 0.00000 0.00000 0.00000 0.00000 0.00000 0.00000 0.00000 0.99999 ( 9)  1.120  1.000
  53 I   0.00000 0.00000 0.00000 0.00000 0.00000 0.00000 0.00000 0.00000 0.99999 ( 9)  1.120  1.000
  54 L   0.00000 0.00000 0.00000 0.00000 0.00000 0.00000 0.00000 0.00000 0.99999 ( 9)  1.120  1.000
  55 S   0.00000 0.00000 0.00000 0.00000 0.00000 0.00000 0.00000 0.00000 0.99999 ( 9)  1.120  1.000
  56 S   0.00000 0.00000 0.00000 0.00000 0.00000 0.00000 0.00000 0.00000 0.99999 ( 9)  1.120  1.000
  57 E   0.00000 0.00000 0.00000 0.00000 0.00000 0.00000 0.00000 0.00000 0.99999 ( 9)  1.120  1.000
  58 A   0.00000 0.00000 0.00000 0.00000 0.00000 0.00000 0.00000 0.00000 0.99999 ( 9)  1.120  1.000
  59 G   0.00000 0.00000 0.00000 0.00000 0.00000 0.00000 0.00000 0.00000 0.99999 ( 9)  1.120  1.000
  60 V   0.00000 0.00000 0.00000 0.00000 0.00000 0.00000 0.00000 0.00000 0.99999 ( 9)  1.120  1.000
  61 S   0.00000 0.00000 0.00000 0.00000 0.00000 0.00000 0.00000 0.00000 0.99999 ( 9)  1.120  1.000
  62 D   0.00000 0.00000 0.00000 0.00000 0.00000 0.00000 0.00000 0.00000 0.99999 ( 9)  1.120  1.000
  63 T   0.00000 0.00000 0.00000 0.00000 0.00000 0.00000 0.00000 0.00000 0.99999 ( 9)  1.120  1.000
  64 I   0.00000 0.00000 0.00000 0.00000 0.00000 0.00000 0.00000 0.00000 0.99999 ( 9)  1.120  1.000
  65 A   0.00000 0.00000 0.00000 0.00000 0.00000 0.00000 0.00000 0.00000 0.99999 ( 9)  1.120  1.000
  66 L   0.00000 0.00000 0.00000 0.00000 0.00000 0.00000 0.00000 0.00000 0.99999 ( 9)  1.120  1.000
  67 E   0.00000 0.00000 0.00000 0.00000 0.00000 0.00000 0.00000 0.00000 0.99999 ( 9)  1.120  1.000
  68 A   0.00000 0.00000 0.00000 0.00000 0.00000 0.00000 0.00000 0.00000 0.99999 ( 9)  1.120  1.000
  69 A   0.00000 0.00000 0.00000 0.00000 0.00000 0.00000 0.00000 0.00000 0.99999 ( 9)  1.120  1.000
  70 I   0.00000 0.00000 0.00000 0.00000 0.00000 0.00000 0.00000 0.00000 0.99999 ( 9)  1.120  1.000
  71 L   0.00000 0.00000 0.00000 0.00000 0.00000 0.00000 0.00000 0.00000 0.99999 ( 9)  1.120  1.000
  72 H   0.00000 0.00000 0.00000 0.00000 0.00000 0.00000 0.00000 0.00000 0.99999 ( 9)  1.120  1.000
  73 D   0.00000 0.00000 0.00000 0.00000 0.00000 0.00000 0.00000 0.00000 0.99999 ( 9)  1.120  1.000
  74 T   0.00000 0.00000 0.00000 0.00000 0.00000 0.00000 0.00000 0.00000 0.99999 ( 9)  1.120  1.000
  75 V   0.00000 0.00000 0.00000 0.00000 0.00000 0.00000 0.00000 0.00000 0.99999 ( 9)  1.120  1.000
  76 E   0.00000 0.00000 0.00000 0.00000 0.00000 0.00000 0.00000 0.00000 0.99999 ( 9)  1.120  1.000
  77 D   0.00000 0.00000 0.00000 0.00000 0.00000 0.00000 0.00000 0.00000 0.99999 ( 9)  1.120  1.000
  78 T   0.00000 0.00000 0.00000 0.00000 0.00000 0.00000 0.00000 0.00000 0.99999 ( 9)  1.120  1.000
  79 D   0.00000 0.00000 0.00000 0.00000 0.00000 0.00000 0.00000 0.00000 0.99999 ( 9)  1.120  1.000
  80 T   0.00000 0.00000 0.00000 0.00000 0.00000 0.00000 0.00000 0.00000 0.99999 ( 9)  1.120  1.000
  81 S   0.00000 0.00000 0.00000 0.00000 0.00000 0.00000 0.00000 0.00000 0.99999 ( 9)  1.120  1.000
  82 F   0.00000 0.00000 0.00000 0.00000 0.00000 0.00000 0.00000 0.00000 0.99999 ( 9)  1.120  1.000
  83 E   0.00000 0.00000 0.00000 0.00000 0.00000 0.00000 0.00000 0.00000 0.99999 ( 9)  1.120  1.000
  84 E   0.00000 0.00000 0.00000 0.00000 0.00000 0.00000 0.00000 0.00000 0.99999 ( 9)  1.120  1.000
  85 L   0.00000 0.00000 0.00000 0.00000 0.00000 0.00000 0.00000 0.00000 0.99999 ( 9)  1.120  1.000
  86 E   0.00000 0.00000 0.00000 0.00000 0.00000 0.00000 0.00000 0.00000 0.99999 ( 9)  1.120  1.000
  87 A   0.00000 0.00000 0.00000 0.00000 0.00000 0.00000 0.00000 0.00000 1.00000 ( 9)  1.120  1.000
  88 V   0.00000 0.00000 0.00000 0.00000 0.00000 0.00000 0.00000 0.00000 0.99999 ( 9)  1.120  1.000
  89 F   0.00000 0.00000 0.00000 0.00000 0.00000 0.00000 0.00000 0.00000 0.99999 ( 9)  1.120  1.000
  90 G   0.00000 0.00000 0.00000 0.00000 0.00000 0.00000 0.00000 0.00000 0.99999 ( 9)  1.120  1.000
  91 R   0.00000 0.00000 0.00000 0.00000 0.00000 0.00000 0.00000 0.00000 0.99999 ( 9)  1.120  1.000
  92 P   0.00000 0.00000 0.00000 0.00000 0.00000 0.00000 0.00000 0.00000 0.99999 ( 9)  1.120  1.000
  93 V   0.00000 0.00000 0.00000 0.00000 0.00000 0.00000 0.00000 0.00000 0.99999 ( 9)  1.120  1.000
  94 A   0.00000 0.00000 0.00000 0.00000 0.00000 0.00000 0.00000 0.00000 0.99999 ( 9)  1.120  1.000
  95 Q   0.00000 0.00000 0.00000 0.00000 0.00000 0.00000 0.00000 0.00000 0.99999 ( 9)  1.120  1.000
  96 V   0.00000 0.00000 0.00000 0.00000 0.00000 0.00000 0.00000 0.00000 0.99999 ( 9)  1.120  1.000
  97 V   0.00000 0.00000 0.00000 0.00000 0.00000 0.00000 0.00000 0.00000 0.99999 ( 9)  1.120  1.000
  98 Q   0.00000 0.00000 0.00000 0.00000 0.00000 0.00000 0.00000 0.00000 0.99999 ( 9)  1.120  1.000
  99 E   0.00000 0.00000 0.00000 0.00000 0.00000 0.00000 0.00000 0.00000 0.99999 ( 9)  1.120  1.000
 100 C   0.00000 0.00000 0.00000 0.00000 0.00000 0.00000 0.00000 0.00000 0.99999 ( 9)  1.120  1.000
 101 S   0.00000 0.00000 0.00000 0.00000 0.00000 0.00000 0.00000 0.00000 0.99999 ( 9)  1.120  1.000
 102 D   0.00000 0.00000 0.00000 0.00000 0.00000 0.00000 0.00000 0.00000 0.99999 ( 9)  1.120  1.000
 103 D   0.00000 0.00000 0.00000 0.00000 0.00000 0.00000 0.00000 0.00000 0.99999 ( 9)  1.120  1.000
 104 K   0.00000 0.00000 0.00000 0.00000 0.00000 0.00000 0.00000 0.00000 0.99999 ( 9)  1.120  1.000
 105 L   0.00000 0.00000 0.00000 0.00000 0.00000 0.00000 0.00000 0.00000 0.99999 ( 9)  1.120  1.000
 106 L   0.00000 0.00000 0.00000 0.00000 0.00000 0.00000 0.00000 0.00000 0.99999 ( 9)  1.120  1.000
 107 P   0.00000 0.00000 0.00000 0.00000 0.00000 0.00000 0.00000 0.00000 0.99999 ( 9)  1.120  1.000
 108 A   0.00000 0.00000 0.00000 0.00000 0.00000 0.00000 0.00000 0.00000 0.99999 ( 9)  1.120  1.000
 109 A   0.00000 0.00000 0.00000 0.00000 0.00000 0.00000 0.00000 0.00000 0.99999 ( 9)  1.120  1.000
 110 E   0.00000 0.00000 0.00000 0.00000 0.00000 0.00000 0.00000 0.00000 0.99999 ( 9)  1.120  1.000
 111 R   0.00000 0.00000 0.00000 0.00000 0.00000 0.00000 0.00000 0.00000 0.99999 ( 9)  1.120  1.000
 112 K   0.00000 0.00000 0.00000 0.00000 0.00000 0.00000 0.00000 0.00000 0.99999 ( 9)  1.120  1.000
 113 R   0.00000 0.00000 0.00000 0.00000 0.00000 0.00000 0.00000 0.00000 0.99999 ( 9)  1.120  1.000
 114 L   0.00000 0.00000 0.00000 0.00000 0.00000 0.00000 0.00000 0.00000 1.00000 ( 9)  1.120  1.000
 115 Q   0.00000 0.00000 0.00000 0.00000 0.00000 0.00000 0.00000 0.00000 0.99999 ( 9)  1.120  1.000
 116 I   0.00000 0.00000 0.00000 0.00000 0.00000 0.00000 0.00000 0.00000 0.99999 ( 9)  1.120  1.000
 117 L   0.00000 0.00000 0.00000 0.00000 0.00000 0.00000 0.00000 0.00000 0.99999 ( 9)  1.120  1.000
 118 H   0.00000 0.00000 0.00000 0.00000 0.00000 0.00000 0.00000 0.00000 0.99999 ( 9)  1.120  1.000
 119 A   0.00000 0.00000 0.00000 0.00000 0.00000 0.00000 0.00000 0.00000 1.00000 ( 9)  1.120  1.000
 120 P   0.00000 0.00000 0.00000 0.00000 0.00000 0.00000 0.00000 0.00000 0.99999 ( 9)  1.120  1.000
 121 H   0.00000 0.00000 0.00000 0.00000 0.00000 0.00000 0.00000 0.00000 0.99999 ( 9)  1.120  1.000
 122 A   0.00000 0.00000 0.00000 0.00000 0.00000 0.00000 0.00000 0.00000 0.99999 ( 9)  1.120  1.000
 123 S   0.00000 0.00000 0.00000 0.00000 0.00000 0.00000 0.00000 0.00000 0.99999 ( 9)  1.120  1.000
 124 V   0.00000 0.00000 0.00000 0.00000 0.00000 0.00000 0.00000 0.00000 0.99999 ( 9)  1.120  1.000
 125 R   0.00000 0.00000 0.00000 0.00000 0.00000 0.00000 0.00000 0.00000 0.99999 ( 9)  1.120  1.000
 126 A   0.00000 0.00000 0.00000 0.00000 0.00000 0.00000 0.00000 0.00000 0.99999 ( 9)  1.120  1.000
 127 K   0.00000 0.00000 0.00000 0.00000 0.00000 0.00000 0.00000 0.00000 0.99999 ( 9)  1.120  1.000
 128 L   0.00000 0.00000 0.00000 0.00000 0.00000 0.00000 0.00000 0.00000 0.99999 ( 9)  1.120  1.000
 129 V   0.00000 0.00000 0.00000 0.00000 0.00000 0.00000 0.00000 0.00000 0.99999 ( 9)  1.120  1.000
 130 K   0.00000 0.00000 0.00000 0.00000 0.00000 0.00000 0.00000 0.00000 0.99999 ( 9)  1.120  1.000
 131 S   0.00000 0.00000 0.00000 0.00000 0.00000 0.00000 0.00000 0.00000 0.99999 ( 9)  1.120  1.000
 132 A   0.00000 0.00000 0.00000 0.00000 0.00000 0.00000 0.00000 0.00000 0.99999 ( 9)  1.120  1.000
 133 D   0.00000 0.00000 0.00000 0.00000 0.00000 0.00000 0.00000 0.00000 0.99999 ( 9)  1.120  1.000
 134 K   0.00000 0.00000 0.00000 0.00000 0.00000 0.00000 0.00000 0.00000 0.99999 ( 9)  1.120  1.000
 135 I   0.00000 0.00000 0.00000 0.00000 0.00000 0.00000 0.00000 0.00000 0.99999 ( 9)  1.120  1.000
 136 Y   0.00000 0.00000 0.00000 0.00000 0.00000 0.00000 0.00000 0.00000 0.99999 ( 9)  1.120  1.000
 137 N   0.00000 0.00000 0.00000 0.00000 0.00000 0.00000 0.00000 0.00000 0.99999 ( 9)  1.120  1.000
 138 L   0.00000 0.00000 0.00000 0.00000 0.00000 0.00000 0.00000 0.00000 0.99999 ( 9)  1.120  1.000
 139 R   0.00000 0.00000 0.00000 0.00000 0.00000 0.00000 0.00000 0.00000 0.99999 ( 9)  1.120  1.000
 140 D   0.00000 0.00000 0.00000 0.00000 0.00000 0.00000 0.00000 0.00000 0.99999 ( 9)  1.120  1.000
 141 L   0.00000 0.00000 0.00000 0.00000 0.00000 0.00000 0.00000 0.00000 0.99999 ( 9)  1.120  1.000
 142 E   0.00000 0.00000 0.00000 0.00000 0.00000 0.00000 0.00000 0.00000 0.99999 ( 9)  1.120  1.000
 143 R   0.00000 0.00000 0.00000 0.00000 0.00000 0.00000 0.00000 0.00000 0.99999 ( 9)  1.120  1.000
 144 V   0.00000 0.00000 0.00000 0.00000 0.00000 0.00000 0.00000 0.00000 0.99999 ( 9)  1.120  1.000
 145 H   0.00000 0.00000 0.00000 0.00000 0.00000 0.00000 0.00000 0.00000 0.99999 ( 9)  1.120  1.000
 146 P   0.00000 0.00000 0.00000 0.00000 0.00000 0.00000 0.00000 0.00000 0.99999 ( 9)  1.120  1.000
 147 V   0.00000 0.00000 0.00000 0.00000 0.00000 0.00000 0.00000 0.00000 0.99999 ( 9)  1.120  1.000
 148 G   0.00000 0.00000 0.00000 0.00000 0.00000 0.00000 0.00000 0.00000 0.99999 ( 9)  1.120  1.000
 149 W   0.00000 0.00000 0.00000 0.00000 0.00000 0.00000 0.00000 0.00000 0.99999 ( 9)  1.120  1.000
 150 T   0.00000 0.00000 0.00000 0.00000 0.00000 0.00000 0.00000 0.00000 0.99999 ( 9)  1.120  1.000
 151 R   0.00000 0.00000 0.00000 0.00000 0.00000 0.00000 0.00000 0.00000 0.99999 ( 9)  1.120  1.000
 152 D   0.00000 0.00000 0.00000 0.00000 0.00000 0.00000 0.00000 0.00000 0.99999 ( 9)  1.120  1.000
 153 R   0.00000 0.00000 0.00000 0.00000 0.00000 0.00000 0.00000 0.00000 0.99999 ( 9)  1.120  1.000
 154 V   0.00000 0.00000 0.00000 0.00000 0.00000 0.00000 0.00000 0.00000 0.99999 ( 9)  1.120  1.000
 155 D   0.00000 0.00000 0.00000 0.00000 0.00000 0.00000 0.00000 0.00000 0.99999 ( 9)  1.120  1.000
 156 A   0.00000 0.00000 0.00000 0.00000 0.00000 0.00000 0.00000 0.00000 0.99999 ( 9)  1.120  1.000
 157 Y   0.00000 0.00000 0.00000 0.00000 0.00000 0.00000 0.00000 0.00000 0.99999 ( 9)  1.120  1.000
 158 F   0.00000 0.00000 0.00000 0.00000 0.00000 0.00000 0.00000 0.00000 0.99999 ( 9)  1.120  1.000
 159 L   0.00000 0.00000 0.00000 0.00000 0.00000 0.00000 0.00000 0.00000 0.99999 ( 9)  1.120  1.000
 160 W   0.00000 0.00000 0.00000 0.00000 0.00000 0.00000 0.00000 0.00000 0.99999 ( 9)  1.120  1.000
 161 S   0.00000 0.00000 0.00000 0.00000 0.00000 0.00000 0.00000 0.00000 0.99999 ( 9)  1.120  1.000
 162 A   0.00000 0.00000 0.00000 0.00000 0.00000 0.00000 0.00000 0.00000 0.99999 ( 9)  1.120  1.000
 163 Q   0.00000 0.00000 0.00000 0.00000 0.00000 0.00000 0.00000 0.00000 0.99999 ( 9)  1.120  1.000
 164 V   0.00000 0.00000 0.00000 0.00000 0.00000 0.00000 0.00000 0.00000 0.99999 ( 9)  1.120  1.000
 165 C   0.00000 0.00000 0.00000 0.00000 0.00000 0.00000 0.00000 0.00000 0.99999 ( 9)  1.120  1.000
 166 R   0.00000 0.00000 0.00000 0.00000 0.00000 0.00000 0.00000 0.00000 1.00000 ( 9)  1.120  1.000
 167 G   0.00000 0.00000 0.00000 0.00000 0.00000 0.00000 0.00000 0.00000 0.99999 ( 9)  1.120  1.000
 168 L   0.00000 0.00000 0.00000 0.00000 0.00000 0.00000 0.00000 0.00000 0.99999 ( 9)  1.120  1.000
 169 R   0.00000 0.00000 0.00000 0.00000 0.00000 0.00000 0.00000 0.00000 0.99999 ( 9)  1.120  1.000
 170 G   0.00000 0.00000 0.00000 0.00000 0.00000 0.00000 0.00000 0.00000 0.99999 ( 9)  1.120  1.000
 171 V   0.00000 0.00000 0.00000 0.00000 0.00000 0.00000 0.00000 0.00000 0.99999 ( 9)  1.120  1.000
 172 N   0.00000 0.00000 0.00000 0.00000 0.00000 0.00000 0.00000 0.00000 0.99999 ( 9)  1.120  1.000
 173 A   0.00000 0.00000 0.00000 0.00000 0.00000 0.00000 0.00000 0.00000 0.99999 ( 9)  1.120  1.000
 174 N   0.00000 0.00000 0.00000 0.00000 0.00000 0.00000 0.00000 0.00000 0.99999 ( 9)  1.120  1.000
 175 L   0.00000 0.00000 0.00000 0.00000 0.00000 0.00000 0.00000 0.00000 0.99999 ( 9)  1.120  1.000
 176 D   0.00000 0.00000 0.00000 0.00000 0.00000 0.00000 0.00000 0.00000 0.99999 ( 9)  1.120  1.000
 177 R   0.00000 0.00000 0.00000 0.00000 0.00000 0.00000 0.00000 0.00000 0.99999 ( 9)  1.120  1.000
 178 L   0.00000 0.00000 0.00000 0.00000 0.00000 0.00000 0.00000 0.00000 0.99999 ( 9)  1.120  1.000
 179 M   0.00000 0.00000 0.00000 0.00000 0.00000 0.00000 0.00000 0.00000 0.99999 ( 9)  1.120  1.000
 180 A   0.00000 0.00000 0.00000 0.00000 0.00000 0.00000 0.00000 0.00000 0.99999 ( 9)  1.120  1.000
 181 E   0.00000 0.00000 0.00000 0.00000 0.00000 0.00000 0.00000 0.00000 0.99999 ( 9)  1.120  1.000
 182 I   0.00000 0.00000 0.00000 0.00000 0.00000 0.00000 0.00000 0.00000 0.99999 ( 9)  1.120  1.000
 183 F   0.00000 0.00000 0.00000 0.00000 0.00000 0.00000 0.00000 0.00000 0.99999 ( 9)  1.120  1.000
 184 D   0.00000 0.00000 0.00000 0.00000 0.00000 0.00000 0.00000 0.00000 0.99999 ( 9)  1.120  1.000
 185 R   0.00000 0.00000 0.00000 0.00000 0.00000 0.00000 0.00000 0.00000 0.99999 ( 9)  1.120  1.000
 186 H   0.00000 0.00000 0.00000 0.00000 0.00000 0.00000 0.00000 0.00000 1.00000 ( 9)  1.120  1.000
 187 G   0.00000 0.00000 0.00000 0.00000 0.00000 0.00000 0.00000 0.00000 0.99999 ( 9)  1.120  1.000
 188 L   0.00000 0.00000 0.00000 0.00000 0.00000 0.00000 0.00000 0.00000 0.99999 ( 9)  1.120  1.000
 189 T   0.00000 0.00000 0.00000 0.00000 0.00000 0.00000 0.00000 0.00000 0.99999 ( 9)  1.120  1.000
 190 K   0.00000 0.00000 0.00000 0.00000 0.00000 0.00000 0.00000 0.00000 0.99999 ( 9)  1.120  1.000
 191 V   0.00000 0.00000 0.00000 0.00000 0.00000 0.00000 0.00000 0.00000 0.99999 ( 9)  1.120  1.000
 192 Y   0.00000 0.00000 0.00000 0.00000 0.00000 0.00000 0.00000 0.00000 0.99999 ( 9)  1.120  1.000
 193 L   0.00000 0.00000 0.00000 0.00000 0.00000 0.00000 0.00000 0.00000 0.99999 ( 9)  1.120  1.000
 194 A   0.00000 0.00000 0.00000 0.00000 0.00000 0.00000 0.00000 0.00000 0.99999 ( 9)  1.120  1.000
 195 V   0.00000 0.00000 0.00000 0.00000 0.00000 0.00000 0.00000 0.00000 1.00000 ( 9)  1.120  1.000
 196 E   0.00000 0.00000 0.00000 0.00000 0.00000 0.00000 0.00000 0.00000 0.99999 ( 9)  1.120  1.000
 197 D   0.00000 0.00000 0.00000 0.00000 0.00000 0.00000 0.00000 0.00000 1.00000 ( 9)  1.120  1.000
 198 S   0.00000 0.00000 0.00000 0.00000 0.00000 0.00000 0.00000 0.00000 0.99999 ( 9)  1.120  1.000
 199 A   0.00000 0.00000 0.00000 0.00000 0.00000 0.00000 0.00000 0.00000 0.99999 ( 9)  1.120  1.000

Positively selected sites

	Prob(w>1)  mean w

     1 V      1.000**       1.120
     2 L      1.000**       1.120
     3 S      1.000**       1.120
     4 A      1.000**       1.120
     5 N      1.000**       1.120
     6 Q      1.000**       1.120
     7 G      1.000**       1.120
     8 I      1.000**       1.120
     9 D      1.000**       1.120
    10 D      1.000**       1.120
    11 V      1.000**       1.120
    12 K      1.000**       1.120
    13 V      1.000**       1.120
    14 G      1.000**       1.120
    15 S      1.000**       1.120
    16 L      1.000**       1.120
    17 P      1.000**       1.120
    18 R      1.000**       1.120
    19 L      1.000**       1.120
    20 L      1.000**       1.120
    21 E      1.000**       1.120
    22 A      1.000**       1.120
    23 V      1.000**       1.120
    24 N      1.000**       1.120
    25 F      1.000**       1.120
    26 A      1.000**       1.120
    27 A      1.000**       1.120
    28 E      1.000**       1.120
    29 K      1.000**       1.120
    30 H      1.000**       1.120
    31 K      1.000**       1.120
    32 C      1.000**       1.120
    33 Q      1.000**       1.120
    34 R      1.000**       1.120
    35 R      1.000**       1.120
    36 K      1.000**       1.120
    37 D      1.000**       1.120
    38 P      1.000**       1.120
    39 E      1.000**       1.120
    40 A      1.000**       1.120
    41 T      1.000**       1.120
    42 P      1.000**       1.120
    43 Y      1.000**       1.120
    44 I      1.000**       1.120
    45 N      1.000**       1.120
    46 H      1.000**       1.120
    47 P      1.000**       1.120
    48 I      1.000**       1.120
    49 G      1.000**       1.120
    50 V      1.000**       1.120
    51 A      1.000**       1.120
    52 R      1.000**       1.120
    53 I      1.000**       1.120
    54 L      1.000**       1.120
    55 S      1.000**       1.120
    56 S      1.000**       1.120
    57 E      1.000**       1.120
    58 A      1.000**       1.120
    59 G      1.000**       1.120
    60 V      1.000**       1.120
    61 S      1.000**       1.120
    62 D      1.000**       1.120
    63 T      1.000**       1.120
    64 I      1.000**       1.120
    65 A      1.000**       1.120
    66 L      1.000**       1.120
    67 E      1.000**       1.120
    68 A      1.000**       1.120
    69 A      1.000**       1.120
    70 I      1.000**       1.120
    71 L      1.000**       1.120
    72 H      1.000**       1.120
    73 D      1.000**       1.120
    74 T      1.000**       1.120
    75 V      1.000**       1.120
    76 E      1.000**       1.120
    77 D      1.000**       1.120
    78 T      1.000**       1.120
    79 D      1.000**       1.120
    80 T      1.000**       1.120
    81 S      1.000**       1.120
    82 F      1.000**       1.120
    83 E      1.000**       1.120
    84 E      1.000**       1.120
    85 L      1.000**       1.120
    86 E      1.000**       1.120
    87 A      1.000**       1.120
    88 V      1.000**       1.120
    89 F      1.000**       1.120
    90 G      1.000**       1.120
    91 R      1.000**       1.120
    92 P      1.000**       1.120
    93 V      1.000**       1.120
    94 A      1.000**       1.120
    95 Q      1.000**       1.120
    96 V      1.000**       1.120
    97 V      1.000**       1.120
    98 Q      1.000**       1.120
    99 E      1.000**       1.120
   100 C      1.000**       1.120
   101 S      1.000**       1.120
   102 D      1.000**       1.120
   103 D      1.000**       1.120
   104 K      1.000**       1.120
   105 L      1.000**       1.120
   106 L      1.000**       1.120
   107 P      1.000**       1.120
   108 A      1.000**       1.120
   109 A      1.000**       1.120
   110 E      1.000**       1.120
   111 R      1.000**       1.120
   112 K      1.000**       1.120
   113 R      1.000**       1.120
   114 L      1.000**       1.120
   115 Q      1.000**       1.120
   116 I      1.000**       1.120
   117 L      1.000**       1.120
   118 H      1.000**       1.120
   119 A      1.000**       1.120
   120 P      1.000**       1.120
   121 H      1.000**       1.120
   122 A      1.000**       1.120
   123 S      1.000**       1.120
   124 V      1.000**       1.120
   125 R      1.000**       1.120
   126 A      1.000**       1.120
   127 K      1.000**       1.120
   128 L      1.000**       1.120
   129 V      1.000**       1.120
   130 K      1.000**       1.120
   131 S      1.000**       1.120
   132 A      1.000**       1.120
   133 D      1.000**       1.120
   134 K      1.000**       1.120
   135 I      1.000**       1.120
   136 Y      1.000**       1.120
   137 N      1.000**       1.120
   138 L      1.000**       1.120
   139 R      1.000**       1.120
   140 D      1.000**       1.120
   141 L      1.000**       1.120
   142 E      1.000**       1.120
   143 R      1.000**       1.120
   144 V      1.000**       1.120
   145 H      1.000**       1.120
   146 P      1.000**       1.120
   147 V      1.000**       1.120
   148 G      1.000**       1.120
   149 W      1.000**       1.120
   150 T      1.000**       1.120
   151 R      1.000**       1.120
   152 D      1.000**       1.120
   153 R      1.000**       1.120
   154 V      1.000**       1.120
   155 D      1.000**       1.120
   156 A      1.000**       1.120
   157 Y      1.000**       1.120
   158 F      1.000**       1.120
   159 L      1.000**       1.120
   160 W      1.000**       1.120
   161 S      1.000**       1.120
   162 A      1.000**       1.120
   163 Q      1.000**       1.120
   164 V      1.000**       1.120
   165 C      1.000**       1.120
   166 R      1.000**       1.120
   167 G      1.000**       1.120
   168 L      1.000**       1.120
   169 R      1.000**       1.120
   170 G      1.000**       1.120
   171 V      1.000**       1.120
   172 N      1.000**       1.120
   173 A      1.000**       1.120
   174 N      1.000**       1.120
   175 L      1.000**       1.120
   176 D      1.000**       1.120
   177 R      1.000**       1.120
   178 L      1.000**       1.120
   179 M      1.000**       1.120
   180 A      1.000**       1.120
   181 E      1.000**       1.120
   182 I      1.000**       1.120
   183 F      1.000**       1.120
   184 D      1.000**       1.120
   185 R      1.000**       1.120
   186 H      1.000**       1.120
   187 G      1.000**       1.120
   188 L      1.000**       1.120
   189 T      1.000**       1.120
   190 K      1.000**       1.120
   191 V      1.000**       1.120
   192 Y      1.000**       1.120
   193 L      1.000**       1.120
   194 A      1.000**       1.120
   195 V      1.000**       1.120
   196 E      1.000**       1.120
   197 D      1.000**       1.120
   198 S      1.000**       1.120
   199 A      1.000**       1.120


lnL =  -867.839586

Bayes Empirical Bayes (BEB) probabilities for 11 classes (class) & postmean_w
(amino acids refer to 1st sequence: Msl.26119)

   1 V   0.11176 0.05058 0.04890 0.04902 0.04956 0.05025 0.05120 0.05295 0.05771 0.15507 0.32300 (11)  1.198 +-  1.400
   2 L   0.10974 0.04975 0.04818 0.04838 0.04900 0.04976 0.05078 0.05260 0.05742 0.15444 0.32995 (11)  1.229 +-  1.447
   3 S   0.11201 0.05068 0.04899 0.04910 0.04963 0.05032 0.05125 0.05300 0.05775 0.15516 0.32212 (11)  1.194 +-  1.394
   4 A   0.11181 0.05060 0.04892 0.04904 0.04957 0.05027 0.05121 0.05296 0.05771 0.15509 0.32283 (11)  1.197 +-  1.399
   5 N   0.11310 0.05113 0.04938 0.04944 0.04993 0.05058 0.05147 0.05317 0.05789 0.15547 0.31843 (11)  1.178 +-  1.369
   6 Q   0.11157 0.05050 0.04883 0.04896 0.04951 0.05021 0.05117 0.05292 0.05769 0.15503 0.32361 (11)  1.201 +-  1.404
   7 G   0.11329 0.05121 0.04944 0.04951 0.04999 0.05062 0.05151 0.05320 0.05791 0.15552 0.31779 (11)  1.175 +-  1.365
   8 I   0.11304 0.05110 0.04936 0.04943 0.04992 0.05056 0.05146 0.05316 0.05788 0.15546 0.31862 (11)  1.179 +-  1.370
   9 D   0.11396 0.05148 0.04968 0.04971 0.05017 0.05077 0.05164 0.05331 0.05800 0.15570 0.31559 (11)  1.166 +-  1.351
  10 D   0.11396 0.05148 0.04968 0.04971 0.05017 0.05077 0.05164 0.05331 0.05800 0.15570 0.31559 (11)  1.166 +-  1.351
  11 V   0.11176 0.05058 0.04890 0.04902 0.04956 0.05025 0.05120 0.05295 0.05771 0.15507 0.32300 (11)  1.198 +-  1.400
  12 K   0.00576 0.00772 0.01236 0.01724 0.02227 0.02742 0.03277 0.03874 0.04718 0.13375 0.65479 (11)  2.643 +-  2.436
  13 V   0.11173 0.05057 0.04889 0.04901 0.04955 0.05025 0.05119 0.05294 0.05770 0.15506 0.32310 (11)  1.199 +-  1.401
  14 G   0.11329 0.05121 0.04944 0.04951 0.04999 0.05062 0.05151 0.05320 0.05791 0.15552 0.31779 (11)  1.175 +-  1.365
  15 S   0.11201 0.05068 0.04899 0.04910 0.04963 0.05032 0.05125 0.05300 0.05775 0.15516 0.32212 (11)  1.194 +-  1.394
  16 L   0.11038 0.05001 0.04841 0.04859 0.04918 0.04992 0.05092 0.05272 0.05751 0.15465 0.32771 (11)  1.219 +-  1.432
  17 P   0.11186 0.05062 0.04893 0.04905 0.04959 0.05028 0.05122 0.05297 0.05772 0.15511 0.32265 (11)  1.196 +-  1.397
  18 R   0.11122 0.05036 0.04871 0.04885 0.04941 0.05013 0.05109 0.05286 0.05764 0.15492 0.32482 (11)  1.206 +-  1.412
  19 L   0.11040 0.05002 0.04842 0.04859 0.04918 0.04993 0.05092 0.05272 0.05752 0.15466 0.32764 (11)  1.219 +-  1.431
  20 L   0.11040 0.05002 0.04842 0.04859 0.04918 0.04993 0.05092 0.05272 0.05752 0.15466 0.32764 (11)  1.219 +-  1.431
  21 E   0.11342 0.05126 0.04949 0.04955 0.05002 0.05065 0.05153 0.05322 0.05793 0.15556 0.31737 (11)  1.173 +-  1.362
  22 A   0.11263 0.05093 0.04921 0.04930 0.04980 0.05046 0.05138 0.05309 0.05782 0.15533 0.32005 (11)  1.185 +-  1.380
  23 V   0.11319 0.05117 0.04941 0.04947 0.04996 0.05059 0.05148 0.05318 0.05789 0.15548 0.31818 (11)  1.177 +-  1.369
  24 N   0.11369 0.05137 0.04959 0.04963 0.05010 0.05072 0.05159 0.05327 0.05797 0.15564 0.31645 (11)  1.169 +-  1.356
  25 F   0.11154 0.05049 0.04882 0.04895 0.04950 0.05020 0.05116 0.05292 0.05768 0.15502 0.32372 (11)  1.201 +-  1.404
  26 A   0.11326 0.05119 0.04943 0.04949 0.04998 0.05061 0.05150 0.05320 0.05791 0.15551 0.31792 (11)  1.176 +-  1.366
  27 A   0.11326 0.05119 0.04943 0.04949 0.04998 0.05061 0.05150 0.05320 0.05791 0.15551 0.31792 (11)  1.176 +-  1.366
  28 E   0.11339 0.05125 0.04948 0.04954 0.05001 0.05064 0.05153 0.05322 0.05793 0.15555 0.31746 (11)  1.174 +-  1.363
  29 K   0.11234 0.05082 0.04911 0.04921 0.04972 0.05040 0.05132 0.05305 0.05779 0.15526 0.32100 (11)  1.189 +-  1.386
  30 H   0.11294 0.05106 0.04932 0.04940 0.04989 0.05054 0.05144 0.05315 0.05787 0.15543 0.31896 (11)  1.180 +-  1.373
  31 K   0.11234 0.05082 0.04911 0.04921 0.04972 0.05040 0.05132 0.05305 0.05779 0.15526 0.32100 (11)  1.189 +-  1.386
  32 C   0.11062 0.05011 0.04849 0.04866 0.04924 0.04998 0.05097 0.05276 0.05755 0.15473 0.32689 (11)  1.215 +-  1.426
  33 Q   0.11157 0.05050 0.04883 0.04896 0.04951 0.05021 0.05117 0.05292 0.05769 0.15503 0.32361 (11)  1.201 +-  1.404
  34 R   0.11016 0.04992 0.04833 0.04852 0.04911 0.04987 0.05087 0.05268 0.05748 0.15458 0.32848 (11)  1.222 +-  1.437
  35 R   0.11175 0.05057 0.04890 0.04902 0.04956 0.05025 0.05120 0.05295 0.05771 0.15508 0.32300 (11)  1.198 +-  1.400
  36 K   0.11237 0.05083 0.04911 0.04921 0.04973 0.05040 0.05133 0.05305 0.05779 0.15526 0.32091 (11)  1.189 +-  1.386
  37 D   0.11396 0.05148 0.04968 0.04971 0.05017 0.05077 0.05164 0.05331 0.05800 0.15570 0.31559 (11)  1.166 +-  1.351
  38 P   0.11076 0.05017 0.04855 0.04871 0.04928 0.05001 0.05100 0.05278 0.05757 0.15477 0.32639 (11)  1.213 +-  1.423
  39 E   0.11342 0.05126 0.04949 0.04955 0.05002 0.05065 0.05153 0.05322 0.05793 0.15556 0.31737 (11)  1.173 +-  1.362
  40 A   0.11178 0.05059 0.04891 0.04903 0.04957 0.05026 0.05120 0.05295 0.05771 0.15508 0.32293 (11)  1.198 +-  1.400
  41 T   0.11110 0.05031 0.04866 0.04881 0.04938 0.05010 0.05107 0.05284 0.05762 0.15488 0.32525 (11)  1.208 +-  1.415
  42 P   0.11186 0.05062 0.04893 0.04905 0.04959 0.05028 0.05122 0.05297 0.05772 0.15511 0.32265 (11)  1.196 +-  1.397
  43 Y   0.11189 0.05063 0.04895 0.04906 0.04960 0.05029 0.05123 0.05298 0.05773 0.15512 0.32252 (11)  1.196 +-  1.396
  44 I   0.11304 0.05110 0.04936 0.04943 0.04992 0.05056 0.05146 0.05316 0.05788 0.15546 0.31862 (11)  1.179 +-  1.370
  45 N   0.11369 0.05137 0.04959 0.04963 0.05010 0.05072 0.05159 0.05327 0.05797 0.15564 0.31645 (11)  1.169 +-  1.356
  46 H   0.11245 0.05086 0.04915 0.04924 0.04975 0.05042 0.05134 0.05307 0.05781 0.15529 0.32062 (11)  1.187 +-  1.384
  47 P   0.11076 0.05017 0.04855 0.04871 0.04928 0.05001 0.05100 0.05278 0.05757 0.15477 0.32639 (11)  1.213 +-  1.423
  48 I   0.11247 0.05087 0.04915 0.04925 0.04976 0.05043 0.05135 0.05307 0.05781 0.15529 0.32055 (11)  1.187 +-  1.383
  49 G   0.11171 0.05056 0.04888 0.04901 0.04955 0.05024 0.05119 0.05294 0.05770 0.15506 0.32316 (11)  1.199 +-  1.401
  50 V   0.11173 0.05057 0.04889 0.04901 0.04955 0.05025 0.05119 0.05294 0.05770 0.15506 0.32310 (11)  1.199 +-  1.401
  51 A   0.11263 0.05093 0.04921 0.04930 0.04980 0.05046 0.05138 0.05309 0.05782 0.15533 0.32005 (11)  1.185 +-  1.380
  52 R   0.11016 0.04992 0.04833 0.04852 0.04911 0.04987 0.05087 0.05268 0.05748 0.15458 0.32848 (11)  1.222 +-  1.437
  53 I   0.11247 0.05087 0.04915 0.04925 0.04976 0.05043 0.05135 0.05307 0.05781 0.15529 0.32055 (11)  1.187 +-  1.383
  54 L   0.11198 0.05067 0.04898 0.04909 0.04962 0.05031 0.05125 0.05299 0.05774 0.15514 0.32224 (11)  1.195 +-  1.395
  55 S   0.11251 0.05088 0.04916 0.04926 0.04977 0.05044 0.05136 0.05308 0.05782 0.15531 0.32042 (11)  1.186 +-  1.382
  56 S   0.11119 0.05034 0.04870 0.04884 0.04940 0.05012 0.05109 0.05286 0.05763 0.15491 0.32493 (11)  1.206 +-  1.412
  57 E   0.11342 0.05126 0.04949 0.04955 0.05002 0.05065 0.05153 0.05322 0.05793 0.15556 0.31737 (11)  1.173 +-  1.362
  58 A   0.11263 0.05093 0.04921 0.04930 0.04980 0.05046 0.05138 0.05309 0.05782 0.15533 0.32005 (11)  1.185 +-  1.380
  59 G   0.11265 0.05094 0.04922 0.04930 0.04981 0.05047 0.05138 0.05310 0.05783 0.15534 0.31995 (11)  1.185 +-  1.379
  60 V   0.11173 0.05057 0.04889 0.04901 0.04955 0.05025 0.05119 0.05294 0.05770 0.15506 0.32310 (11)  1.199 +-  1.401
  61 S   0.11004 0.04987 0.04829 0.04848 0.04908 0.04984 0.05085 0.05266 0.05746 0.15454 0.32890 (11)  1.224 +-  1.440
  62 D   0.11456 0.05173 0.04989 0.04990 0.05033 0.05091 0.05175 0.05340 0.05807 0.15585 0.31360 (11)  1.157 +-  1.338
  63 T   0.11118 0.05034 0.04869 0.04884 0.04940 0.05011 0.05108 0.05285 0.05763 0.15490 0.32497 (11)  1.207 +-  1.413
  64 I   0.11304 0.05110 0.04936 0.04943 0.04992 0.05056 0.05146 0.05316 0.05788 0.15546 0.31862 (11)  1.179 +-  1.370
  65 A   0.11263 0.05093 0.04921 0.04930 0.04980 0.05046 0.05138 0.05309 0.05782 0.15533 0.32005 (11)  1.185 +-  1.380
  66 L   0.11149 0.05047 0.04880 0.04894 0.04949 0.05019 0.05115 0.05291 0.05767 0.15499 0.32391 (11)  1.202 +-  1.406
  67 E   0.11339 0.05125 0.04948 0.04954 0.05001 0.05064 0.05153 0.05322 0.05793 0.15555 0.31746 (11)  1.174 +-  1.363
  68 A   0.11181 0.05060 0.04892 0.04904 0.04957 0.05027 0.05121 0.05296 0.05771 0.15509 0.32283 (11)  1.197 +-  1.399
  69 A   0.11181 0.05060 0.04892 0.04904 0.04957 0.05027 0.05121 0.05296 0.05771 0.15509 0.32283 (11)  1.197 +-  1.399
  70 I   0.11247 0.05087 0.04915 0.04925 0.04976 0.05043 0.05135 0.05307 0.05781 0.15529 0.32055 (11)  1.187 +-  1.383
  71 L   0.11149 0.05047 0.04880 0.04894 0.04949 0.05019 0.05115 0.05291 0.05767 0.15499 0.32391 (11)  1.202 +-  1.406
  72 H   0.11294 0.05106 0.04932 0.04940 0.04989 0.05054 0.05144 0.05315 0.05787 0.15543 0.31896 (11)  1.180 +-  1.373
  73 D   0.11456 0.05173 0.04989 0.04990 0.05033 0.05091 0.05175 0.05340 0.05807 0.15585 0.31360 (11)  1.157 +-  1.338
  74 T   0.11181 0.05060 0.04892 0.04904 0.04958 0.05027 0.05121 0.05296 0.05772 0.15510 0.32281 (11)  1.197 +-  1.398
  75 V   0.11257 0.05091 0.04919 0.04928 0.04978 0.05045 0.05136 0.05308 0.05781 0.15530 0.32027 (11)  1.186 +-  1.382
  76 E   0.11342 0.05126 0.04949 0.04955 0.05002 0.05065 0.05153 0.05322 0.05793 0.15556 0.31737 (11)  1.173 +-  1.362
  77 D   0.11456 0.05173 0.04989 0.04990 0.05033 0.05091 0.05175 0.05340 0.05807 0.15585 0.31360 (11)  1.157 +-  1.338
  78 T   0.11234 0.05082 0.04911 0.04921 0.04972 0.05040 0.05132 0.05305 0.05779 0.15526 0.32099 (11)  1.189 +-  1.386
  79 D   0.11396 0.05148 0.04968 0.04971 0.05017 0.05077 0.05164 0.05331 0.05800 0.15570 0.31559 (11)  1.166 +-  1.351
  80 T   0.11112 0.05032 0.04867 0.04882 0.04938 0.05010 0.05107 0.05284 0.05762 0.15489 0.32517 (11)  1.208 +-  1.414
  81 S   0.11201 0.05068 0.04899 0.04910 0.04963 0.05032 0.05125 0.05300 0.05775 0.15516 0.32212 (11)  1.194 +-  1.394
  82 F   0.11154 0.05049 0.04882 0.04895 0.04950 0.05020 0.05116 0.05292 0.05768 0.15502 0.32372 (11)  1.201 +-  1.404
  83 E   0.11342 0.05126 0.04949 0.04955 0.05002 0.05065 0.05153 0.05322 0.05793 0.15556 0.31737 (11)  1.173 +-  1.362
  84 E   0.11339 0.05125 0.04948 0.04954 0.05001 0.05064 0.05153 0.05322 0.05793 0.15555 0.31746 (11)  1.174 +-  1.363
  85 L   0.11198 0.05067 0.04898 0.04909 0.04962 0.05031 0.05125 0.05299 0.05774 0.15514 0.32224 (11)  1.195 +-  1.395
  86 E   0.11342 0.05126 0.04949 0.04955 0.05002 0.05065 0.05153 0.05322 0.05793 0.15556 0.31737 (11)  1.173 +-  1.362
  87 A   0.00554 0.00748 0.01199 0.01677 0.02170 0.02677 0.03205 0.03794 0.04631 0.13176 0.66169 (11)  2.682 +-  2.459
  88 V   0.11257 0.05091 0.04919 0.04928 0.04978 0.05045 0.05136 0.05308 0.05781 0.15530 0.32027 (11)  1.186 +-  1.382
  89 F   0.11154 0.05049 0.04882 0.04895 0.04950 0.05020 0.05116 0.05292 0.05768 0.15502 0.32372 (11)  1.201 +-  1.404
  90 G   0.11265 0.05094 0.04922 0.04930 0.04981 0.05047 0.05138 0.05310 0.05783 0.15534 0.31995 (11)  1.185 +-  1.379
  91 R   0.11044 0.05004 0.04843 0.04860 0.04919 0.04993 0.05093 0.05273 0.05752 0.15467 0.32752 (11)  1.218 +-  1.430
  92 P   0.11076 0.05017 0.04855 0.04871 0.04928 0.05001 0.05100 0.05278 0.05757 0.15477 0.32639 (11)  1.213 +-  1.423
  93 V   0.11257 0.05091 0.04919 0.04928 0.04978 0.05045 0.05136 0.05308 0.05781 0.15530 0.32027 (11)  1.186 +-  1.382
  94 A   0.11263 0.05093 0.04921 0.04930 0.04980 0.05046 0.05138 0.05309 0.05782 0.15533 0.32005 (11)  1.185 +-  1.380
  95 Q   0.11157 0.05050 0.04883 0.04896 0.04951 0.05021 0.05117 0.05292 0.05769 0.15503 0.32361 (11)  1.201 +-  1.404
  96 V   0.11257 0.05091 0.04919 0.04928 0.04978 0.05045 0.05136 0.05308 0.05781 0.15530 0.32027 (11)  1.186 +-  1.382
  97 V   0.11173 0.05057 0.04889 0.04901 0.04955 0.05025 0.05119 0.05294 0.05770 0.15506 0.32310 (11)  1.199 +-  1.401
  98 Q   0.11159 0.05051 0.04884 0.04897 0.04952 0.05022 0.05117 0.05293 0.05769 0.15503 0.32354 (11)  1.200 +-  1.403
  99 E   0.11339 0.05125 0.04948 0.04954 0.05001 0.05064 0.05153 0.05322 0.05793 0.15555 0.31746 (11)  1.174 +-  1.363
 100 C   0.11098 0.05026 0.04862 0.04878 0.04935 0.05007 0.05104 0.05282 0.05760 0.15485 0.32564 (11)  1.210 +-  1.417
 101 S   0.11251 0.05088 0.04916 0.04926 0.04977 0.05044 0.05136 0.05308 0.05782 0.15531 0.32042 (11)  1.186 +-  1.382
 102 D   0.11456 0.05173 0.04989 0.04990 0.05033 0.05091 0.05175 0.05340 0.05807 0.15585 0.31360 (11)  1.157 +-  1.338
 103 D   0.11396 0.05148 0.04968 0.04971 0.05017 0.05077 0.05164 0.05331 0.05800 0.15570 0.31559 (11)  1.166 +-  1.351
 104 K   0.11237 0.05083 0.04911 0.04921 0.04973 0.05040 0.05133 0.05305 0.05779 0.15526 0.32091 (11)  1.189 +-  1.386
 105 L   0.11149 0.05047 0.04880 0.04894 0.04949 0.05019 0.05115 0.05291 0.05767 0.15499 0.32391 (11)  1.202 +-  1.406
 106 L   0.11038 0.05001 0.04841 0.04859 0.04918 0.04992 0.05092 0.05272 0.05751 0.15465 0.32771 (11)  1.219 +-  1.432
 107 P   0.11076 0.05017 0.04855 0.04871 0.04928 0.05001 0.05100 0.05278 0.05757 0.15477 0.32639 (11)  1.213 +-  1.423
 108 A   0.11263 0.05093 0.04921 0.04930 0.04980 0.05046 0.05138 0.05309 0.05782 0.15533 0.32005 (11)  1.185 +-  1.380
 109 A   0.11181 0.05060 0.04892 0.04904 0.04957 0.05027 0.05121 0.05296 0.05771 0.15509 0.32283 (11)  1.197 +-  1.399
 110 E   0.11342 0.05126 0.04949 0.04955 0.05002 0.05065 0.05153 0.05322 0.05793 0.15556 0.31737 (11)  1.173 +-  1.362
 111 R   0.11044 0.05004 0.04843 0.04860 0.04919 0.04993 0.05093 0.05273 0.05752 0.15467 0.32752 (11)  1.218 +-  1.430
 112 K   0.11237 0.05083 0.04911 0.04921 0.04973 0.05040 0.05133 0.05305 0.05779 0.15526 0.32091 (11)  1.189 +-  1.386
 113 R   0.11112 0.05031 0.04867 0.04882 0.04938 0.05010 0.05107 0.05284 0.05762 0.15489 0.32517 (11)  1.207 +-  1.414
 114 L   0.00551 0.00744 0.01194 0.01669 0.02162 0.02667 0.03194 0.03783 0.04618 0.13147 0.66272 (11)  2.688 +-  2.462
 115 Q   0.11157 0.05050 0.04883 0.04896 0.04951 0.05021 0.05117 0.05292 0.05769 0.15503 0.32361 (11)  1.201 +-  1.404
 116 I   0.11304 0.05110 0.04936 0.04943 0.04992 0.05056 0.05146 0.05316 0.05788 0.15546 0.31862 (11)  1.179 +-  1.370
 117 L   0.11038 0.05001 0.04841 0.04859 0.04918 0.04992 0.05092 0.05272 0.05751 0.15465 0.32771 (11)  1.219 +-  1.432
 118 H   0.11294 0.05106 0.04932 0.04940 0.04989 0.05054 0.05144 0.05315 0.05787 0.15543 0.31896 (11)  1.180 +-  1.373
 119 A   0.00554 0.00748 0.01199 0.01677 0.02170 0.02677 0.03205 0.03794 0.04631 0.13176 0.66169 (11)  2.682 +-  2.459
 120 P   0.11074 0.05016 0.04854 0.04870 0.04928 0.05001 0.05099 0.05278 0.05757 0.15477 0.32647 (11)  1.213 +-  1.423
 121 H   0.11294 0.05106 0.04932 0.04940 0.04989 0.05054 0.05144 0.05315 0.05787 0.15543 0.31896 (11)  1.180 +-  1.373
 122 A   0.11178 0.05059 0.04891 0.04903 0.04957 0.05026 0.05120 0.05295 0.05771 0.15508 0.32293 (11)  1.198 +-  1.400
 123 S   0.11119 0.05034 0.04870 0.04884 0.04940 0.05012 0.05109 0.05286 0.05763 0.15491 0.32493 (11)  1.206 +-  1.412
 124 V   0.11176 0.05058 0.04890 0.04902 0.04956 0.05025 0.05120 0.05295 0.05771 0.15507 0.32300 (11)  1.198 +-  1.400
 125 R   0.11175 0.05057 0.04890 0.04902 0.04956 0.05025 0.05120 0.05295 0.05771 0.15508 0.32300 (11)  1.198 +-  1.400
 126 A   0.11263 0.05093 0.04921 0.04930 0.04980 0.05046 0.05138 0.05309 0.05782 0.15533 0.32005 (11)  1.185 +-  1.380
 127 K   0.11234 0.05082 0.04911 0.04921 0.04972 0.05040 0.05132 0.05305 0.05779 0.15526 0.32100 (11)  1.189 +-  1.386
 128 L   0.11149 0.05047 0.04880 0.04894 0.04949 0.05019 0.05115 0.05291 0.05767 0.15499 0.32391 (11)  1.202 +-  1.406
 129 V   0.11173 0.05057 0.04889 0.04901 0.04955 0.05025 0.05119 0.05294 0.05770 0.15506 0.32310 (11)  1.199 +-  1.401
 130 K   0.11237 0.05083 0.04911 0.04921 0.04973 0.05040 0.05133 0.05305 0.05779 0.15526 0.32091 (11)  1.189 +-  1.386
 131 S   0.11004 0.04987 0.04829 0.04848 0.04908 0.04984 0.05085 0.05266 0.05746 0.15454 0.32890 (11)  1.224 +-  1.440
 132 A   0.11326 0.05119 0.04943 0.04949 0.04998 0.05061 0.05150 0.05320 0.05791 0.15551 0.31792 (11)  1.176 +-  1.366
 133 D   0.11456 0.05173 0.04989 0.04990 0.05033 0.05091 0.05175 0.05340 0.05807 0.15585 0.31360 (11)  1.157 +-  1.338
 134 K   0.11234 0.05082 0.04911 0.04921 0.04972 0.05040 0.05132 0.05305 0.05779 0.15526 0.32100 (11)  1.189 +-  1.386
 135 I   0.11247 0.05087 0.04915 0.04925 0.04976 0.05043 0.05135 0.05307 0.05781 0.15529 0.32055 (11)  1.187 +-  1.383
 136 Y   0.11189 0.05063 0.04895 0.04906 0.04960 0.05029 0.05123 0.05298 0.05773 0.15512 0.32252 (11)  1.196 +-  1.396
 137 N   0.11310 0.05113 0.04938 0.04944 0.04993 0.05058 0.05147 0.05317 0.05789 0.15547 0.31843 (11)  1.178 +-  1.369
 138 L   0.11038 0.05001 0.04841 0.04859 0.04918 0.04992 0.05092 0.05272 0.05751 0.15465 0.32771 (11)  1.219 +-  1.432
 139 R   0.11175 0.05057 0.04890 0.04902 0.04956 0.05025 0.05120 0.05295 0.05771 0.15508 0.32300 (11)  1.198 +-  1.400
 140 D   0.11396 0.05148 0.04968 0.04971 0.05017 0.05077 0.05164 0.05331 0.05800 0.15570 0.31559 (11)  1.166 +-  1.351
 141 L   0.10985 0.04980 0.04822 0.04842 0.04903 0.04979 0.05081 0.05262 0.05743 0.15448 0.32956 (11)  1.227 +-  1.444
 142 E   0.11342 0.05126 0.04949 0.04955 0.05002 0.05065 0.05153 0.05322 0.05793 0.15556 0.31737 (11)  1.173 +-  1.362
 143 R   0.11175 0.05057 0.04890 0.04902 0.04956 0.05025 0.05120 0.05295 0.05771 0.15508 0.32300 (11)  1.198 +-  1.400
 144 V   0.11176 0.05058 0.04890 0.04902 0.04956 0.05025 0.05120 0.05295 0.05771 0.15507 0.32300 (11)  1.198 +-  1.400
 145 H   0.11294 0.05106 0.04932 0.04940 0.04989 0.05054 0.05144 0.05315 0.05787 0.15543 0.31896 (11)  1.180 +-  1.373
 146 P   0.11108 0.05030 0.04866 0.04881 0.04937 0.05009 0.05106 0.05284 0.05761 0.15487 0.32531 (11)  1.208 +-  1.416
 147 V   0.11257 0.05091 0.04919 0.04928 0.04978 0.05045 0.05136 0.05308 0.05781 0.15530 0.32027 (11)  1.186 +-  1.382
 148 G   0.11265 0.05094 0.04922 0.04930 0.04981 0.05047 0.05138 0.05310 0.05783 0.15534 0.31995 (11)  1.185 +-  1.379
 149 W   0.10981 0.04978 0.04821 0.04841 0.04902 0.04978 0.05080 0.05262 0.05743 0.15447 0.32968 (11)  1.228 +-  1.445
 150 T   0.11181 0.05060 0.04892 0.04904 0.04958 0.05027 0.05121 0.05296 0.05772 0.15510 0.32281 (11)  1.197 +-  1.398
 151 R   0.11175 0.05057 0.04890 0.04902 0.04956 0.05025 0.05120 0.05295 0.05771 0.15508 0.32300 (11)  1.198 +-  1.400
 152 D   0.11456 0.05173 0.04989 0.04990 0.05033 0.05091 0.05175 0.05340 0.05807 0.15585 0.31360 (11)  1.157 +-  1.338
 153 R   0.11044 0.05004 0.04843 0.04860 0.04919 0.04993 0.05093 0.05273 0.05752 0.15467 0.32752 (11)  1.218 +-  1.430
 154 V   0.11173 0.05057 0.04889 0.04901 0.04955 0.05025 0.05119 0.05294 0.05770 0.15506 0.32310 (11)  1.199 +-  1.401
 155 D   0.11456 0.05173 0.04989 0.04990 0.05033 0.05091 0.05175 0.05340 0.05807 0.15585 0.31360 (11)  1.157 +-  1.338
 156 A   0.11326 0.05119 0.04943 0.04949 0.04998 0.05061 0.05150 0.05320 0.05791 0.15551 0.31792 (11)  1.176 +-  1.366
 157 Y   0.11141 0.05043 0.04877 0.04891 0.04946 0.05017 0.05113 0.05289 0.05766 0.15498 0.32417 (11)  1.203 +-  1.407
 158 F   0.11154 0.05049 0.04882 0.04895 0.04950 0.05020 0.05116 0.05292 0.05768 0.15502 0.32372 (11)  1.201 +-  1.404
 159 L   0.11198 0.05067 0.04898 0.04909 0.04962 0.05031 0.05125 0.05299 0.05774 0.15514 0.32224 (11)  1.195 +-  1.395
 160 W   0.10981 0.04978 0.04821 0.04841 0.04902 0.04978 0.05080 0.05262 0.05743 0.15447 0.32968 (11)  1.228 +-  1.445
 161 S   0.11078 0.05018 0.04855 0.04871 0.04929 0.05002 0.05100 0.05279 0.05757 0.15478 0.32631 (11)  1.213 +-  1.422
 162 A   0.11178 0.05059 0.04891 0.04903 0.04957 0.05026 0.05120 0.05295 0.05771 0.15508 0.32293 (11)  1.198 +-  1.400
 163 Q   0.11159 0.05051 0.04884 0.04897 0.04952 0.05022 0.05117 0.05293 0.05769 0.15503 0.32354 (11)  1.200 +-  1.403
 164 V   0.11319 0.05117 0.04941 0.04947 0.04996 0.05059 0.05148 0.05318 0.05789 0.15548 0.31818 (11)  1.177 +-  1.369
 165 C   0.11098 0.05026 0.04862 0.04878 0.04935 0.05007 0.05104 0.05282 0.05760 0.15485 0.32564 (11)  1.210 +-  1.417
 166 R   0.00552 0.00745 0.01196 0.01672 0.02164 0.02670 0.03197 0.03786 0.04622 0.13156 0.66240 (11)  2.686 +-  2.461
 167 G   0.11265 0.05094 0.04922 0.04930 0.04981 0.05047 0.05138 0.05310 0.05783 0.15534 0.31995 (11)  1.185 +-  1.379
 168 L   0.11038 0.05001 0.04841 0.04859 0.04918 0.04992 0.05092 0.05272 0.05751 0.15465 0.32771 (11)  1.219 +-  1.432
 169 R   0.11175 0.05057 0.04890 0.04902 0.04956 0.05025 0.05120 0.05295 0.05771 0.15508 0.32300 (11)  1.198 +-  1.400
 170 G   0.11171 0.05056 0.04888 0.04901 0.04955 0.05024 0.05119 0.05294 0.05770 0.15506 0.32316 (11)  1.199 +-  1.401
 171 V   0.11319 0.05117 0.04941 0.04947 0.04996 0.05059 0.05148 0.05318 0.05789 0.15548 0.31818 (11)  1.177 +-  1.369
 172 N   0.11369 0.05137 0.04959 0.04963 0.05010 0.05072 0.05159 0.05327 0.05797 0.15564 0.31645 (11)  1.169 +-  1.356
 173 A   0.11326 0.05119 0.04943 0.04949 0.04998 0.05061 0.05150 0.05320 0.05791 0.15551 0.31792 (11)  1.176 +-  1.366
 174 N   0.11310 0.05113 0.04938 0.04944 0.04993 0.05058 0.05147 0.05317 0.05789 0.15547 0.31843 (11)  1.178 +-  1.369
 175 L   0.11038 0.05001 0.04841 0.04859 0.04918 0.04992 0.05092 0.05272 0.05751 0.15465 0.32771 (11)  1.219 +-  1.432
 176 D   0.11456 0.05173 0.04989 0.04990 0.05033 0.05091 0.05175 0.05340 0.05807 0.15585 0.31360 (11)  1.157 +-  1.338
 177 R   0.11016 0.04992 0.04833 0.04852 0.04911 0.04987 0.05087 0.05268 0.05748 0.15458 0.32848 (11)  1.222 +-  1.437
 178 L   0.10985 0.04980 0.04822 0.04842 0.04903 0.04979 0.05081 0.05262 0.05743 0.15448 0.32956 (11)  1.227 +-  1.444
 179 M   0.11310 0.05113 0.04937 0.04944 0.04993 0.05058 0.05147 0.05318 0.05789 0.15548 0.31842 (11)  1.178 +-  1.369
 180 A   0.11263 0.05093 0.04921 0.04930 0.04980 0.05046 0.05138 0.05309 0.05782 0.15533 0.32005 (11)  1.185 +-  1.380
 181 E   0.11342 0.05126 0.04949 0.04955 0.05002 0.05065 0.05153 0.05322 0.05793 0.15556 0.31737 (11)  1.173 +-  1.362
 182 I   0.11222 0.05077 0.04906 0.04917 0.04969 0.05037 0.05130 0.05303 0.05777 0.15522 0.32139 (11)  1.191 +-  1.389
 183 F   0.11154 0.05049 0.04882 0.04895 0.04950 0.05020 0.05116 0.05292 0.05768 0.15502 0.32372 (11)  1.201 +-  1.404
 184 D   0.11456 0.05173 0.04989 0.04990 0.05033 0.05091 0.05175 0.05340 0.05807 0.15585 0.31360 (11)  1.157 +-  1.338
 185 R   0.11112 0.05031 0.04867 0.04882 0.04938 0.05010 0.05107 0.05284 0.05762 0.15489 0.32517 (11)  1.207 +-  1.414
 186 H   0.00569 0.00764 0.01224 0.01708 0.02209 0.02721 0.03254 0.03848 0.04690 0.13312 0.65701 (11)  2.656 +-  2.443
 187 G   0.11329 0.05121 0.04944 0.04951 0.04999 0.05062 0.05151 0.05320 0.05791 0.15552 0.31779 (11)  1.175 +-  1.365
 188 L   0.11198 0.05067 0.04898 0.04909 0.04962 0.05031 0.05125 0.05299 0.05774 0.15514 0.32224 (11)  1.195 +-  1.395
 189 T   0.11181 0.05060 0.04892 0.04904 0.04958 0.05027 0.05121 0.05296 0.05772 0.15510 0.32281 (11)  1.197 +-  1.398
 190 K   0.11234 0.05082 0.04911 0.04921 0.04972 0.05040 0.05132 0.05305 0.05779 0.15526 0.32100 (11)  1.189 +-  1.386
 191 V   0.11319 0.05117 0.04941 0.04947 0.04996 0.05059 0.05148 0.05318 0.05789 0.15548 0.31818 (11)  1.177 +-  1.369
 192 Y   0.11189 0.05063 0.04895 0.04906 0.04960 0.05029 0.05123 0.05298 0.05773 0.15512 0.32252 (11)  1.196 +-  1.396
 193 L   0.10985 0.04980 0.04822 0.04842 0.04903 0.04979 0.05081 0.05262 0.05743 0.15448 0.32956 (11)  1.227 +-  1.444
 194 A   0.11263 0.05093 0.04921 0.04930 0.04980 0.05046 0.05138 0.05309 0.05782 0.15533 0.32005 (11)  1.185 +-  1.380
 195 V   0.00569 0.00765 0.01224 0.01709 0.02210 0.02722 0.03255 0.03849 0.04691 0.13314 0.65691 (11)  2.655 +-  2.443
 196 E   0.11205 0.05071 0.04898 0.04906 0.04955 0.05020 0.05110 0.05280 0.05751 0.15461 0.32342 (11)  1.207 +-  1.426
 197 D   0.00597 0.00795 0.01270 0.01768 0.02281 0.02804 0.03346 0.03948 0.04799 0.13557 0.64835 (11)  2.608 +-  2.414
 198 S   0.11251 0.05088 0.04916 0.04926 0.04977 0.05044 0.05136 0.05308 0.05782 0.15531 0.32042 (11)  1.186 +-  1.382
 199 A   0.11263 0.05093 0.04921 0.04930 0.04980 0.05046 0.05138 0.05309 0.05782 0.15533 0.32005 (11)  1.185 +-  1.380

Positively selected sites

	Prob(w>1)  mean w

    12 K      0.655         2.643 +- 2.436
    87 A      0.662         2.682 +- 2.459
   114 L      0.663         2.688 +- 2.462
   119 A      0.662         2.682 +- 2.459
   166 R      0.662         2.686 +- 2.461
   186 H      0.657         2.656 +- 2.443
   195 V      0.657         2.655 +- 2.443
   197 D      0.648         2.608 +- 2.414

