Supplemental results for CODEML (seqf: algn  treef: tree)


dN/dS (w) for site classes (K=3)

p:   0.97544  0.00000  0.02456
w:   0.95090  1.00000 29.88344

Naive Empirical Bayes (NEB) probabilities for 3 classes & postmean_w & P(w>1)
(amino acids refer to 1st sequence: scs.18092)

   1 P   0.99610 0.00000 0.00390 ( 1)  1.064  0.004
   2 L   0.99778 0.00000 0.00222 ( 1)  1.015  0.002
   3 T   0.87508 0.00000 0.12492 ( 1)  4.565  0.125
   4 L   0.99561 0.00000 0.00439 ( 1)  1.078  0.004
   5 A   0.99660 0.00000 0.00340 ( 1)  1.049  0.003
   6 A   0.99755 0.00000 0.00245 ( 1)  1.022  0.002
   7 W   0.99915 0.00000 0.00085 ( 1)  0.976  0.001
   8 N   0.99863 0.00000 0.00137 ( 1)  0.990  0.001
   9 V   0.99747 0.00000 0.00253 ( 1)  1.024  0.003
  10 L   0.91591 0.00000 0.08409 ( 1)  3.384  0.084
  11 S   0.99354 0.00000 0.00646 ( 1)  1.138  0.006
  12 L   0.99738 0.00000 0.00262 ( 1)  1.027  0.003
  13 L   0.99556 0.00000 0.00444 ( 1)  1.079  0.004
  14 D   0.99804 0.00000 0.00196 ( 1)  1.008  0.002
  15 N   0.99863 0.00000 0.00137 ( 1)  0.990  0.001
  16 P   0.99730 0.00000 0.00270 ( 1)  1.029  0.003
  17 R   0.99912 0.00000 0.00088 ( 1)  0.976  0.001
  18 S   0.99908 0.00000 0.00092 ( 1)  0.977  0.001
  19 N   0.99836 0.00000 0.00164 ( 1)  0.998  0.002
  20 R   0.97907 0.00000 0.02093 ( 1)  1.556  0.021
  21 P   0.99610 0.00000 0.00390 ( 1)  1.064  0.004
  22 E   0.99859 0.00000 0.00141 ( 1)  0.992  0.001
  23 R   0.99873 0.00000 0.00127 ( 1)  0.988  0.001
  24 R   0.99912 0.00000 0.00088 ( 1)  0.976  0.001
  25 T   0.99815 0.00000 0.00185 ( 1)  1.005  0.002
  26 A   0.99769 0.00000 0.00231 ( 1)  1.018  0.002
  27 P   0.94029 0.00000 0.05971 ( 1)  2.678  0.060
  28 V   0.99760 0.00000 0.00240 ( 1)  1.020  0.002
  29 A   0.99735 0.00000 0.00265 ( 1)  1.028  0.003
  30 R   0.99586 0.00000 0.00414 ( 1)  1.071  0.004
  31 E   0.99338 0.00000 0.00662 ( 1)  1.142  0.007
  32 L   0.99780 0.00000 0.00220 ( 1)  1.015  0.002
  33 A   0.98088 0.00000 0.01912 ( 1)  1.504  0.019
  34 R   0.95514 0.00000 0.04486 ( 1)  2.249  0.045
  35 Y   0.99920 0.00000 0.00080 ( 1)  0.974  0.001
  36 K   0.99847 0.00000 0.00153 ( 1)  0.995  0.002
  37 V   0.99779 0.00000 0.00221 ( 1)  1.015  0.002
  38 D   0.99804 0.00000 0.00196 ( 1)  1.008  0.002
  39 I   0.99829 0.00000 0.00171 ( 1)  1.000  0.002
  40 S   0.91217 0.00000 0.08783 ( 1)  3.492  0.088
  41 G   0.92446 0.00000 0.07553 ( 1)  3.136  0.076
  42 H   0.95155 0.00000 0.04845 ( 1)  2.353  0.048
  43 S   0.99908 0.00000 0.00092 ( 1)  0.977  0.001
  44 K   0.98607 0.00000 0.01393 ( 1)  1.354  0.014
  45 T   0.99799 0.00000 0.00201 ( 1)  1.009  0.002
  46 L   0.13941 0.00000 0.86059 ( 3) 25.850  0.861
  47 F   0.99919 0.00000 0.00081 ( 1)  0.974  0.001
  48 Y   0.92761 0.00000 0.07239 ( 1)  3.045  0.072
  49 E   0.99644 0.00000 0.00356 ( 1)  1.054  0.004
  50 Q   0.99833 0.00000 0.00167 ( 1)  0.999  0.002
  51 G   0.99865 0.00000 0.00135 ( 1)  0.990  0.001
  52 Q   0.95548 0.00000 0.04452 ( 1)  2.239  0.045
  53 L   0.99780 0.00000 0.00220 ( 1)  1.015  0.002
  54 E   0.99816 0.00000 0.00184 ( 1)  1.004  0.002
  55 E   0.99816 0.00000 0.00184 ( 1)  1.004  0.002
  56 D   0.97578 0.00000 0.02422 ( 1)  1.652  0.024
  57 I   0.99820 0.00000 0.00180 ( 1)  1.003  0.002
  58 N   0.99863 0.00000 0.00137 ( 1)  0.990  0.001
  59 D   0.99836 0.00000 0.00164 ( 1)  0.998  0.002
  60 R   0.99882 0.00000 0.00118 ( 1)  0.985  0.001
  61 L   0.99780 0.00000 0.00220 ( 1)  1.015  0.002
  62 I   0.98818 0.00000 0.01182 ( 1)  1.293  0.012
  63 S   0.99908 0.00000 0.00092 ( 1)  0.977  0.001
  64 L   0.99778 0.00000 0.00222 ( 1)  1.015  0.002
  65 R   0.99882 0.00000 0.00118 ( 1)  0.985  0.001
  66 L   0.99780 0.00000 0.00220 ( 1)  1.015  0.002
  67 P   0.99730 0.00000 0.00270 ( 1)  1.029  0.003
  68 L   0.99738 0.00000 0.00262 ( 1)  1.027  0.003
  69 L   0.97895 0.00000 0.02105 ( 1)  1.560  0.021
  70 G   0.95943 0.00000 0.04057 ( 1)  2.125  0.041
  71 D   0.99804 0.00000 0.00196 ( 1)  1.008  0.002
  72 Q   0.96456 0.00000 0.03544 ( 1)  1.976  0.035
  73 F   0.99669 0.00000 0.00331 ( 1)  1.047  0.003
  74 A   0.97847 0.00000 0.02153 ( 1)  1.574  0.022
  75 T   0.99799 0.00000 0.00201 ( 1)  1.009  0.002
  76 I   0.99820 0.00000 0.00180 ( 1)  1.003  0.002
  77 I   0.99820 0.00000 0.00180 ( 1)  1.003  0.002
  78 S   0.99908 0.00000 0.00092 ( 1)  0.977  0.001
  79 A   0.99755 0.00000 0.00245 ( 1)  1.022  0.002
  80 Y   0.99920 0.00000 0.00080 ( 1)  0.974  0.001
  81 A   0.99735 0.00000 0.00265 ( 1)  1.028  0.003
  82 P   0.99775 0.00000 0.00225 ( 1)  1.016  0.002
  83 P   0.99591 0.00000 0.00409 ( 1)  1.069  0.004
  84 M   0.99846 0.00000 0.00154 ( 1)  0.996  0.002
  85 I   0.80556 0.00000 0.19444 ( 1)  6.576  0.194
  86 S   0.99908 0.00000 0.00092 ( 1)  0.977  0.001
  87 S   0.99861 0.00000 0.00139 ( 1)  0.991  0.001
  88 A   0.51563 0.00000 0.48437 ( 1) 14.965  0.484
  89 A   0.99769 0.00000 0.00231 ( 1)  1.018  0.002
  90 T   0.98092 0.00000 0.01908 ( 1)  1.503  0.019
  91 K   0.99847 0.00000 0.00153 ( 1)  0.995  0.002
  92 D   0.97328 0.00000 0.02672 ( 1)  1.724  0.027
  93 E   0.99859 0.00000 0.00141 ( 1)  0.992  0.001
  94 F   0.99919 0.00000 0.00081 ( 1)  0.974  0.001
  95 Y   0.99920 0.00000 0.00080 ( 1)  0.974  0.001
  96 E   0.99816 0.00000 0.00184 ( 1)  1.004  0.002
  97 D   0.98436 0.00000 0.01564 ( 1)  1.403  0.016
  98 L   0.99780 0.00000 0.00220 ( 1)  1.015  0.002
  99 N   0.95960 0.00000 0.04040 ( 1)  2.120  0.040
 100 A   0.99674 0.00000 0.00326 ( 1)  1.045  0.003
 101 L   0.98731 0.00000 0.01268 ( 1)  1.318  0.013
 102 L   0.99780 0.00000 0.00220 ( 1)  1.015  0.002
 103 A   0.99769 0.00000 0.00231 ( 1)  1.018  0.002
 104 T   0.99784 0.00000 0.00216 ( 1)  1.013  0.002
 105 V   0.99779 0.00000 0.00221 ( 1)  1.015  0.002
 106 L   0.97895 0.00000 0.02105 ( 1)  1.560  0.021
 107 K   0.99880 0.00000 0.00120 ( 1)  0.986  0.001
 108 E   0.99816 0.00000 0.00184 ( 1)  1.004  0.002
 109 D   0.99804 0.00000 0.00196 ( 1)  1.008  0.002
 110 K   0.99847 0.00000 0.00153 ( 1)  0.995  0.002

Positively selected sites

	Prob(w>1)  mean w

    46 L      0.861         25.850


lnL =  -596.619531

Bayes Empirical Bayes (BEB) probabilities for 3 classes (class) & postmean_w
(amino acids refer to 1st sequence: scs.18092)

   1 P   0.41462 0.46207 0.12332 ( 2)  1.073 +-  1.069
   2 L   0.42560 0.46235 0.11205 ( 2)  1.025 +-  0.963
   3 T   0.20263 0.40259 0.39477 ( 2)  2.437 +-  2.597
   4 L   0.39708 0.45954 0.14339 ( 2)  1.165 +-  1.258
   5 A   0.40414 0.46117 0.13469 ( 2)  1.123 +-  1.172
   6 A   0.43204 0.46131 0.10665 ( 2)  1.005 +-  0.925
   7 W   0.40934 0.46305 0.12762 ( 2)  1.087 +-  1.083
   8 N   0.42372 0.46350 0.11277 ( 2)  1.025 +-  0.949
   9 V   0.41667 0.46252 0.12080 ( 2)  1.061 +-  1.040
  10 L   0.20786 0.41083 0.38131 ( 2)  2.351 +-  2.526
  11 S   0.40945 0.46189 0.12866 ( 2)  1.096 +-  1.118
  12 L   0.41146 0.46228 0.12626 ( 2)  1.084 +-  1.089
  13 L   0.39242 0.45832 0.14926 ( 2)  1.193 +-  1.313
  14 D   0.43796 0.46091 0.10114 ( 2)  0.982 +-  0.870
  15 N   0.42372 0.46350 0.11277 ( 2)  1.025 +-  0.949
  16 P   0.41146 0.46228 0.12626 ( 2)  1.085 +-  1.090
  17 R   0.43174 0.46367 0.10459 ( 2)  0.990 +-  0.862
  18 S   0.43232 0.46377 0.10391 ( 2)  0.987 +-  0.854
  19 N   0.43752 0.46162 0.10086 ( 2)  0.979 +-  0.856
  20 R   0.23316 0.44571 0.32113 ( 2)  1.993 +-  2.193
  21 P   0.41462 0.46207 0.12332 ( 2)  1.073 +-  1.069
  22 E   0.41466 0.46333 0.12202 ( 2)  1.063 +-  1.035
  23 R   0.42281 0.46343 0.11377 ( 2)  1.029 +-  0.960
  24 R   0.43174 0.46367 0.10459 ( 2)  0.990 +-  0.862
  25 T   0.43417 0.46182 0.10401 ( 2)  0.992 +-  0.887
  26 A   0.43415 0.46092 0.10493 ( 2)  0.998 +-  0.912
  27 P   0.22905 0.43911 0.33184 ( 2)  2.065 +-  2.277
  28 V   0.43210 0.46133 0.10657 ( 2)  1.004 +-  0.923
  29 A   0.41661 0.46249 0.12090 ( 2)  1.062 +-  1.042
  30 R   0.40913 0.46174 0.12913 ( 2)  1.098 +-  1.122
  31 E   0.42131 0.45915 0.11954 ( 2)  1.065 +-  1.080
  32 L   0.42165 0.46251 0.11584 ( 2)  1.040 +-  0.995
  33 A   0.25840 0.47296 0.26864 ( 2)  1.718 +-  1.900
  34 R   0.23695 0.44865 0.31439 ( 2)  1.969 +-  2.183
  35 Y   0.42451 0.46424 0.11124 ( 2)  1.016 +-  0.920
  36 K   0.43827 0.46138 0.10036 ( 2)  0.978 +-  0.852
  37 V   0.43435 0.46106 0.10459 ( 2)  0.996 +-  0.904
  38 D   0.43796 0.46091 0.10114 ( 2)  0.982 +-  0.870
  39 I   0.42224 0.46339 0.11437 ( 2)  1.032 +-  0.967
  40 S   0.21126 0.41523 0.37351 ( 2)  2.308 +-  2.493
  41 G   0.21341 0.41861 0.36798 ( 2)  2.273 +-  2.462
  42 H   0.23202 0.44247 0.32552 ( 2)  2.032 +-  2.246
  43 S   0.43232 0.46377 0.10391 ( 2)  0.987 +-  0.854
  44 K   0.26625 0.48176 0.25200 ( 2)  1.628 +-  1.780
  45 T   0.43191 0.46206 0.10603 ( 2)  1.000 +-  0.906
  46 L   0.06917 0.19931 0.73152 ( 3)  4.309 +-  3.193
  47 F   0.42696 0.46437 0.10867 ( 2)  1.005 +-  0.893
  48 Y   0.21579 0.42168 0.36253 ( 2)  2.242 +-  2.436
  49 E   0.42738 0.46074 0.11188 ( 2)  1.028 +-  0.985
  50 Q   0.42775 0.46288 0.10937 ( 2)  1.012 +-  0.928
  51 G   0.41460 0.46332 0.12208 ( 2)  1.063 +-  1.035
  52 Q   0.22704 0.43689 0.33608 ( 2)  2.086 +-  2.293
  53 L   0.42165 0.46251 0.11584 ( 2)  1.040 +-  0.995
  54 E   0.43881 0.46063 0.10056 ( 2)  0.980 +-  0.866
  55 E   0.43881 0.46063 0.10056 ( 2)  0.980 +-  0.866
  56 D   0.23711 0.45026 0.31263 ( 2)  1.948 +-  2.150
  57 I   0.43702 0.46166 0.10132 ( 2)  0.982 +-  0.862
  58 N   0.42372 0.46350 0.11277 ( 2)  1.025 +-  0.949
  59 D   0.42473 0.46318 0.11210 ( 2)  1.023 +-  0.950
  60 R   0.42426 0.46374 0.11200 ( 2)  1.021 +-  0.937
  61 L   0.42165 0.46251 0.11584 ( 2)  1.040 +-  0.995
  62 I   0.26167 0.47822 0.26011 ( 2)  1.663 +-  1.815
  63 S   0.43232 0.46377 0.10391 ( 2)  0.987 +-  0.854
  64 L   0.42560 0.46235 0.11205 ( 2)  1.025 +-  0.963
  65 R   0.42426 0.46374 0.11200 ( 2)  1.021 +-  0.937
  66 L   0.42165 0.46251 0.11584 ( 2)  1.040 +-  0.995
  67 P   0.41146 0.46228 0.12626 ( 2)  1.085 +-  1.090
  68 L   0.41146 0.46228 0.12626 ( 2)  1.084 +-  1.089
  69 L   0.24584 0.46045 0.29371 ( 2)  1.846 +-  2.040
  70 G   0.22019 0.42818 0.35163 ( 2)  2.173 +-  2.371
  71 D   0.43796 0.46091 0.10114 ( 2)  0.982 +-  0.870
  72 Q   0.24453 0.45830 0.29716 ( 2)  1.871 +-  2.076
  73 F   0.41710 0.46214 0.12076 ( 2)  1.062 +-  1.048
  74 A   0.25484 0.46927 0.27589 ( 2)  1.757 +-  1.946
  75 T   0.43191 0.46206 0.10603 ( 2)  1.000 +-  0.906
  76 I   0.43702 0.46166 0.10132 ( 2)  0.982 +-  0.862
  77 I   0.43702 0.46166 0.10132 ( 2)  0.982 +-  0.862
  78 S   0.43232 0.46377 0.10391 ( 2)  0.987 +-  0.854
  79 A   0.43204 0.46131 0.10665 ( 2)  1.005 +-  0.925
  80 Y   0.42451 0.46424 0.11124 ( 2)  1.016 +-  0.920
  81 A   0.41661 0.46249 0.12090 ( 2)  1.062 +-  1.042
  82 P   0.42561 0.46235 0.11204 ( 2)  1.025 +-  0.963
  83 P   0.40022 0.46035 0.13942 ( 2)  1.145 +-  1.218
  84 M   0.44642 0.45979 0.09380 ( 2)  0.954 +-  0.802
  85 I   0.15499 0.35725 0.48776 ( 3)  2.894 +-  2.818
  86 S   0.43232 0.46377 0.10391 ( 2)  0.987 +-  0.854
  87 S   0.40911 0.46282 0.12806 ( 2)  1.089 +-  1.091
  88 A   0.09138 0.25427 0.65435 ( 3)  3.841 +-  3.130
  89 A   0.43415 0.46092 0.10493 ( 2)  0.998 +-  0.912
  90 T   0.25801 0.47257 0.26942 ( 2)  1.722 +-  1.904
  91 K   0.43827 0.46138 0.10036 ( 2)  0.978 +-  0.852
  92 D   0.24793 0.46178 0.29029 ( 2)  1.833 +-  2.033
  93 E   0.41466 0.46333 0.12202 ( 2)  1.063 +-  1.035
  94 F   0.42696 0.46437 0.10867 ( 2)  1.005 +-  0.893
  95 Y   0.42451 0.46424 0.11124 ( 2)  1.016 +-  0.920
  96 E   0.43881 0.46063 0.10056 ( 2)  0.980 +-  0.866
  97 D   0.26434 0.47989 0.25576 ( 2)  1.648 +-  1.806
  98 L   0.42165 0.46251 0.11584 ( 2)  1.040 +-  0.995
  99 N   0.24085 0.45337 0.30578 ( 2)  1.921 +-  2.133
 100 A   0.42467 0.46220 0.11313 ( 2)  1.030 +-  0.976
 101 L   0.42190 0.46104 0.11706 ( 2)  1.053 +-  1.048
 102 L   0.42165 0.46251 0.11584 ( 2)  1.040 +-  0.995
 103 A   0.43415 0.46092 0.10493 ( 2)  0.998 +-  0.912
 104 T   0.41627 0.46285 0.12088 ( 2)  1.060 +-  1.035
 105 V   0.43435 0.46106 0.10459 ( 2)  0.996 +-  0.904
 106 L   0.24584 0.46045 0.29371 ( 2)  1.846 +-  2.040
 107 K   0.41305 0.46326 0.12368 ( 2)  1.070 +-  1.049
 108 E   0.43881 0.46063 0.10056 ( 2)  0.980 +-  0.866
 109 D   0.43796 0.46091 0.10114 ( 2)  0.982 +-  0.870
 110 K   0.43827 0.46138 0.10036 ( 2)  0.978 +-  0.852

Positively selected sites

	Prob(w>1)  mean w

    46 L      0.732         4.309 +- 3.193
    88 A      0.654         3.841 +- 3.130

