Supplemental results for CODEML (seqf: algn  treef: tree)


dN/dS (w) for site classes (K=2)

p:   0.99999  0.00001
w:   0.26166  1.00000

Naive Empirical Bayes (NEB) probabilities for 2 classes & postmean_w
(amino acids refer to 1st sequence: Msl.25145)

   1 A   0.99999 0.00001 ( 1)  0.262
   2 N   0.99999 0.00001 ( 1)  0.262
   3 L   0.99999 0.00001 ( 1)  0.262
   4 Y   0.99999 0.00001 ( 1)  0.262
   5 L   0.99999 0.00001 ( 1)  0.262
   6 Y   0.99999 0.00001 ( 1)  0.262
   7 S   0.99999 0.00001 ( 1)  0.262
   8 R   0.99999 0.00001 ( 1)  0.262
   9 V   0.99999 0.00001 ( 1)  0.262
  10 L   0.99999 0.00001 ( 1)  0.262
  11 P   0.99994 0.00006 ( 1)  0.262
  12 Q   0.99999 0.00001 ( 1)  0.262
  13 W   0.99999 0.00001 ( 1)  0.262
  14 Q   0.99999 0.00001 ( 1)  0.262
  15 A   0.99999 0.00001 ( 1)  0.262
  16 T   0.99999 0.00001 ( 1)  0.262
  17 R   0.99999 0.00001 ( 1)  0.262
  18 R   0.99996 0.00004 ( 1)  0.262
  19 A   0.99999 0.00001 ( 1)  0.262
  20 S   0.99999 0.00001 ( 1)  0.262
  21 A   0.99999 0.00001 ( 1)  0.262
  22 F   0.99999 0.00001 ( 1)  0.262
  23 C   0.99999 0.00001 ( 1)  0.262
  24 F   0.99999 0.00001 ( 1)  0.262
  25 R   0.99999 0.00001 ( 1)  0.262
  26 R   0.99999 0.00001 ( 1)  0.262
  27 S   0.99999 0.00001 ( 1)  0.262
  28 L   0.99999 0.00001 ( 1)  0.262
  29 S   0.99999 0.00001 ( 1)  0.262
  30 S   0.99999 0.00001 ( 1)  0.262
  31 T   0.99999 0.00001 ( 1)  0.262
  32 A   0.99999 0.00001 ( 1)  0.262
  33 G   0.99999 0.00001 ( 1)  0.262
  34 L   0.99999 0.00001 ( 1)  0.262
  35 D   0.99996 0.00004 ( 1)  0.262
  36 S   0.99999 0.00001 ( 1)  0.262
  37 D   0.99999 0.00001 ( 1)  0.262
  38 D   0.99999 0.00001 ( 1)  0.262
  39 V   0.99999 0.00001 ( 1)  0.262
  40 D   0.99999 0.00001 ( 1)  0.262
  41 V   0.99999 0.00001 ( 1)  0.262
  42 A   0.99999 0.00001 ( 1)  0.262
  43 I   0.99999 0.00001 ( 1)  0.262
  44 V   0.99999 0.00001 ( 1)  0.262
  45 G   0.99999 0.00001 ( 1)  0.262
  46 G   0.99999 0.00001 ( 1)  0.262
  47 G   0.99999 0.00001 ( 1)  0.262
  48 P   0.99999 0.00001 ( 1)  0.262
  49 V   0.99999 0.00001 ( 1)  0.262
  50 G   0.99999 0.00001 ( 1)  0.262
  51 L   0.99999 0.00001 ( 1)  0.262
  52 A   0.99999 0.00001 ( 1)  0.262
  53 I   0.99999 0.00001 ( 1)  0.262
  54 A   0.99999 0.00001 ( 1)  0.262
  55 C   0.99999 0.00001 ( 1)  0.262
  56 S   0.99999 0.00001 ( 1)  0.262
  57 L   0.99999 0.00001 ( 1)  0.262
  58 A   0.99999 0.00001 ( 1)  0.262
  59 S   0.99999 0.00001 ( 1)  0.262
  60 G   0.99999 0.00001 ( 1)  0.262
  61 S   0.99997 0.00003 ( 1)  0.262
  62 D   0.99999 0.00001 ( 1)  0.262
  63 G   0.99999 0.00001 ( 1)  0.262
  64 N   0.99999 0.00001 ( 1)  0.262
  65 V   0.99999 0.00001 ( 1)  0.262
  66 G   0.99997 0.00003 ( 1)  0.262
  67 A   0.99996 0.00004 ( 1)  0.262
  68 S   0.99999 0.00001 ( 1)  0.262
  69 S   0.99999 0.00001 ( 1)  0.262
  70 S   0.99999 0.00001 ( 1)  0.262
  71 S   0.99999 0.00001 ( 1)  0.262
  72 R   0.99999 0.00001 ( 1)  0.262
  73 K   0.99999 0.00001 ( 1)  0.262
  74 L   0.99999 0.00001 ( 1)  0.262
  75 R   0.99999 0.00001 ( 1)  0.262
  76 V   0.99999 0.00001 ( 1)  0.262
  77 R   0.99999 0.00001 ( 1)  0.262
  78 L   0.99999 0.00001 ( 1)  0.262
  79 L   0.99999 0.00001 ( 1)  0.262
  80 E   0.99999 0.00001 ( 1)  0.262
  81 A   0.99999 0.00001 ( 1)  0.262
  82 G   0.99999 0.00001 ( 1)  0.262
  83 K   0.99999 0.00001 ( 1)  0.262
  84 L   0.99999 0.00001 ( 1)  0.262
  85 P   0.99999 0.00001 ( 1)  0.262
  86 S   0.99999 0.00001 ( 1)  0.262
  87 S   0.99999 0.00001 ( 1)  0.262
  88 Q   0.99999 0.00001 ( 1)  0.262
  89 P   0.99999 0.00001 ( 1)  0.262
  90 A   0.99999 0.00001 ( 1)  0.262
  91 A   0.99999 0.00001 ( 1)  0.262
  92 A   0.99999 0.00001 ( 1)  0.262
  93 A   0.99997 0.00003 ( 1)  0.262
  94 A   0.99999 0.00001 ( 1)  0.262
  95 A   0.99997 0.00003 ( 1)  0.262
  96 D   0.99999 0.00001 ( 1)  0.262
  97 G   0.99999 0.00001 ( 1)  0.262
  98 S   0.99999 0.00001 ( 1)  0.262
  99 F   0.99999 0.00001 ( 1)  0.262
 100 S   0.99999 0.00001 ( 1)  0.262
 101 N   0.99999 0.00001 ( 1)  0.262
 102 R   0.99999 0.00001 ( 1)  0.262
 103 A   0.99999 0.00001 ( 1)  0.262
 104 V   0.99999 0.00001 ( 1)  0.262
 105 A   0.99999 0.00001 ( 1)  0.262
 106 L   0.99999 0.00001 ( 1)  0.262
 107 S   0.99999 0.00001 ( 1)  0.262
 108 P   0.99999 0.00001 ( 1)  0.262
 109 S   0.99999 0.00001 ( 1)  0.262
 110 T   0.99999 0.00001 ( 1)  0.262
 111 V   0.99999 0.00001 ( 1)  0.262
 112 A   0.99999 0.00001 ( 1)  0.262
 113 H   0.99997 0.00003 ( 1)  0.262
 114 L   0.99999 0.00001 ( 1)  0.262
 115 R   0.99999 0.00001 ( 1)  0.262
 116 R   0.99999 0.00001 ( 1)  0.262
 117 L   0.99997 0.00003 ( 1)  0.262
 118 G   0.99999 0.00001 ( 1)  0.262
 119 A   0.99999 0.00001 ( 1)  0.262
 120 W   0.99999 0.00001 ( 1)  0.262
 121 N   0.99999 0.00001 ( 1)  0.262
 122 D   0.99999 0.00001 ( 1)  0.262
 123 A   0.99999 0.00001 ( 1)  0.262
 124 D   0.99999 0.00001 ( 1)  0.262
 125 P   0.99999 0.00001 ( 1)  0.262
 126 R   0.99999 0.00001 ( 1)  0.262
 127 I   0.99999 0.00001 ( 1)  0.262
 128 A   0.99999 0.00001 ( 1)  0.262
 129 P   0.99999 0.00001 ( 1)  0.262
 130 V   0.99999 0.00001 ( 1)  0.262
 131 R   0.99999 0.00001 ( 1)  0.262
 132 G   0.99997 0.00003 ( 1)  0.262
 133 M   0.99999 0.00001 ( 1)  0.262
 134 R   0.99999 0.00001 ( 1)  0.262
 135 V   0.99999 0.00001 ( 1)  0.262
 136 V   0.99999 0.00001 ( 1)  0.262
 137 E   0.99999 0.00001 ( 1)  0.262
 138 S   0.99999 0.00001 ( 1)  0.262
 139 D   0.99999 0.00001 ( 1)  0.262
 140 S   0.99999 0.00001 ( 1)  0.262
 141 D   0.99999 0.00001 ( 1)  0.262
 142 A   0.99999 0.00001 ( 1)  0.262
 143 A   0.99999 0.00001 ( 1)  0.262
 144 L   0.99999 0.00001 ( 1)  0.262
 145 T   0.99999 0.00001 ( 1)  0.262
 146 F   0.99999 0.00001 ( 1)  0.262
 147 D   0.99999 0.00001 ( 1)  0.262
 148 A   0.99999 0.00001 ( 1)  0.262
 149 A   0.99999 0.00001 ( 1)  0.262
 150 Q   0.99999 0.00001 ( 1)  0.262
 151 I   0.99999 0.00001 ( 1)  0.262
 152 S   0.99997 0.00003 ( 1)  0.262
 153 G   0.99999 0.00001 ( 1)  0.262
 154 D   0.99997 0.00003 ( 1)  0.262
 155 V   0.99999 0.00001 ( 1)  0.262
 156 S   0.99999 0.00001 ( 1)  0.262
 157 G   0.99997 0.00003 ( 1)  0.262
 158 E   0.99999 0.00001 ( 1)  0.262
 159 G   0.99999 0.00001 ( 1)  0.262
 160 A   0.99999 0.00001 ( 1)  0.262
 161 L   0.99999 0.00001 ( 1)  0.262
 162 A   0.99999 0.00001 ( 1)  0.262
 163 Y   0.99999 0.00001 ( 1)  0.262
 164 V   0.99999 0.00001 ( 1)  0.262
 165 T   0.99999 0.00001 ( 1)  0.262
 166 E   0.99999 0.00001 ( 1)  0.262
 167 L   0.99999 0.00001 ( 1)  0.262
 168 A   0.99999 0.00001 ( 1)  0.262
 169 P   0.99999 0.00001 ( 1)  0.262
 170 V   0.99999 0.00001 ( 1)  0.262
 171 V   0.99999 0.00001 ( 1)  0.262
 172 S   0.99999 0.00001 ( 1)  0.262
 173 R   0.99999 0.00001 ( 1)  0.262
 174 L   0.99999 0.00001 ( 1)  0.262
 175 V   0.99999 0.00001 ( 1)  0.262
 176 A   0.99996 0.00004 ( 1)  0.262
 177 Q   0.99999 0.00001 ( 1)  0.262
 178 A   0.99999 0.00001 ( 1)  0.262
 179 A   0.99999 0.00001 ( 1)  0.262
 180 K   0.99999 0.00001 ( 1)  0.262
 181 A   0.99999 0.00001 ( 1)  0.262
 182 G   0.99999 0.00001 ( 1)  0.262
 183 A   0.99999 0.00001 ( 1)  0.262
 184 Q   0.99999 0.00001 ( 1)  0.262
 185 L   0.99999 0.00001 ( 1)  0.262
 186 R   0.99997 0.00003 ( 1)  0.262
 187 D   0.99997 0.00003 ( 1)  0.262
 188 G   0.99999 0.00001 ( 1)  0.262
 189 C   0.99999 0.00001 ( 1)  0.262
 190 R   0.99999 0.00001 ( 1)  0.262
 191 L   0.99999 0.00001 ( 1)  0.262
 192 E   0.99999 0.00001 ( 1)  0.262
 193 S   0.99999 0.00001 ( 1)  0.262
 194 I   0.99999 0.00001 ( 1)  0.262
 195 D   0.99999 0.00001 ( 1)  0.262
 196 G   0.99999 0.00001 ( 1)  0.262
 197 N   0.99997 0.00003 ( 1)  0.262
 198 N   0.99999 0.00001 ( 1)  0.262
 199 S   0.99999 0.00001 ( 1)  0.262
 200 F   0.99999 0.00001 ( 1)  0.262
 201 D   0.99999 0.00001 ( 1)  0.262
 202 R   0.99999 0.00001 ( 1)  0.262
 203 Q   0.99999 0.00001 ( 1)  0.262
 204 P   0.99999 0.00001 ( 1)  0.262
 205 F   0.99999 0.00001 ( 1)  0.262
 206 L   0.99999 0.00001 ( 1)  0.262
 207 H   0.99999 0.00001 ( 1)  0.262
 208 L   0.99999 0.00001 ( 1)  0.262
 209 R   0.99999 0.00001 ( 1)  0.262
 210 L   0.99999 0.00001 ( 1)  0.262
 211 T   0.99999 0.00001 ( 1)  0.262
 212 N   0.99999 0.00001 ( 1)  0.262
 213 K   0.99999 0.00001 ( 1)  0.262
 214 S   0.99999 0.00001 ( 1)  0.262
 215 S   0.99999 0.00001 ( 1)  0.262
 216 L   0.99999 0.00001 ( 1)  0.262
 217 R   0.99999 0.00001 ( 1)  0.262
 218 T   0.99999 0.00001 ( 1)  0.262
 219 R   0.99999 0.00001 ( 1)  0.262
 220 L   0.99999 0.00001 ( 1)  0.262
 221 L   0.99999 0.00001 ( 1)  0.262
 222 I   0.99999 0.00001 ( 1)  0.262
 223 G   0.99999 0.00001 ( 1)  0.262
 224 C   0.99999 0.00001 ( 1)  0.262
 225 D   0.99999 0.00001 ( 1)  0.262
 226 G   0.99999 0.00001 ( 1)  0.262
 227 F   0.99999 0.00001 ( 1)  0.262
 228 S   0.99997 0.00003 ( 1)  0.262
 229 S   0.99999 0.00001 ( 1)  0.262
 230 P   0.99999 0.00001 ( 1)  0.262
 231 V   0.99999 0.00001 ( 1)  0.262
 232 R   0.99999 0.00001 ( 1)  0.262
 233 K   0.99999 0.00001 ( 1)  0.262
 234 L   0.99999 0.00001 ( 1)  0.262
 235 A   0.99999 0.00001 ( 1)  0.262
 236 G   0.99999 0.00001 ( 1)  0.262
 237 I   0.99999 0.00001 ( 1)  0.262
 238 E   0.99999 0.00001 ( 1)  0.262
 239 A   0.99999 0.00001 ( 1)  0.262
 240 V   0.99999 0.00001 ( 1)  0.262
 241 D   0.99999 0.00001 ( 1)  0.262
 242 V   0.99999 0.00001 ( 1)  0.262
 243 P   0.99999 0.00001 ( 1)  0.262
 244 Y   0.99999 0.00001 ( 1)  0.262
 245 P   0.99999 0.00001 ( 1)  0.262
 246 R   0.99999 0.00001 ( 1)  0.262
 247 H   0.99999 0.00001 ( 1)  0.262
 248 K   0.99999 0.00001 ( 1)  0.262
 249 A   0.99999 0.00001 ( 1)  0.262
 250 M   0.99999 0.00001 ( 1)  0.262
 251 V   0.99999 0.00001 ( 1)  0.262
 252 A   0.99999 0.00001 ( 1)  0.262
 253 T   0.99999 0.00001 ( 1)  0.262
 254 L   0.99999 0.00001 ( 1)  0.262
 255 E   0.99999 0.00001 ( 1)  0.262
 256 I   0.99999 0.00001 ( 1)  0.262
 257 D   0.99999 0.00001 ( 1)  0.262
 258 G   0.99999 0.00001 ( 1)  0.262
 259 P   0.99999 0.00001 ( 1)  0.262
 260 D   0.99999 0.00001 ( 1)  0.262
 261 G   0.99999 0.00001 ( 1)  0.262
 262 L   0.99999 0.00001 ( 1)  0.262
 263 N   0.99999 0.00001 ( 1)  0.262
 264 G   0.99999 0.00001 ( 1)  0.262
 265 E   0.99999 0.00001 ( 1)  0.262
 266 A   0.99999 0.00001 ( 1)  0.262
 267 F   0.99999 0.00001 ( 1)  0.262
 268 Q   0.99999 0.00001 ( 1)  0.262
 269 R   0.99999 0.00001 ( 1)  0.262
 270 F   0.99999 0.00001 ( 1)  0.262
 271 L   0.99999 0.00001 ( 1)  0.262
 272 P   0.99999 0.00001 ( 1)  0.262
 273 D   0.99999 0.00001 ( 1)  0.262
 274 G   0.99999 0.00001 ( 1)  0.262
 275 P   0.99999 0.00001 ( 1)  0.262
 276 I   0.99999 0.00001 ( 1)  0.262
 277 A   0.99999 0.00001 ( 1)  0.262
 278 L   0.99999 0.00001 ( 1)  0.262
 279 L   0.99999 0.00001 ( 1)  0.262
 280 P   0.99999 0.00001 ( 1)  0.262
 281 L   0.99999 0.00001 ( 1)  0.262
 282 P   0.99999 0.00001 ( 1)  0.262
 283 G   0.99999 0.00001 ( 1)  0.262
 284 R   0.99999 0.00001 ( 1)  0.262
 285 F   0.99999 0.00001 ( 1)  0.262
 286 A   0.99999 0.00001 ( 1)  0.262
 287 S   0.99999 0.00001 ( 1)  0.262
 288 L   0.99999 0.00001 ( 1)  0.262
 289 V   0.99999 0.00001 ( 1)  0.262
 290 W   0.99999 0.00001 ( 1)  0.262
 291 C   0.99999 0.00001 ( 1)  0.262
 292 S   0.99999 0.00001 ( 1)  0.262
 293 K   0.99999 0.00001 ( 1)  0.262
 294 S   0.99999 0.00001 ( 1)  0.262
 295 D   0.99999 0.00001 ( 1)  0.262
 296 R   0.99999 0.00001 ( 1)  0.262
 297 I   0.99999 0.00001 ( 1)  0.262
 298 S   0.99999 0.00001 ( 1)  0.262
 299 H   0.99999 0.00001 ( 1)  0.262
 300 L   0.99999 0.00001 ( 1)  0.262
 301 I   0.99999 0.00001 ( 1)  0.262
 302 K   0.99999 0.00001 ( 1)  0.262
 303 A   0.99997 0.00003 ( 1)  0.262
 304 S   0.99999 0.00001 ( 1)  0.262
 305 D   0.99999 0.00001 ( 1)  0.262
 306 R   0.99999 0.00001 ( 1)  0.262
 307 E   0.99999 0.00001 ( 1)  0.262
 308 F   0.99999 0.00001 ( 1)  0.262
 309 L   0.99999 0.00001 ( 1)  0.262
 310 A   0.99999 0.00001 ( 1)  0.262
 311 D   0.99999 0.00001 ( 1)  0.262
 312 L   0.99999 0.00001 ( 1)  0.262
 313 N   0.99999 0.00001 ( 1)  0.262
 314 R   0.99999 0.00001 ( 1)  0.262
 315 C   0.99999 0.00001 ( 1)  0.262
 316 L   0.99999 0.00001 ( 1)  0.262
 317 A   0.99999 0.00001 ( 1)  0.262
 318 T   0.99999 0.00001 ( 1)  0.262
 319 G   0.99999 0.00001 ( 1)  0.262
 320 P   0.99999 0.00001 ( 1)  0.262
 321 A   0.99999 0.00001 ( 1)  0.262
 322 P   0.99999 0.00001 ( 1)  0.262
 323 A   0.99999 0.00001 ( 1)  0.262
 324 A   0.99999 0.00001 ( 1)  0.262
 325 P   0.99999 0.00001 ( 1)  0.262
 326 L   0.99999 0.00001 ( 1)  0.262
 327 V   0.99999 0.00001 ( 1)  0.262
 328 T   0.99999 0.00001 ( 1)  0.262
 329 A   0.99999 0.00001 ( 1)  0.262
 330 V   0.99999 0.00001 ( 1)  0.262
 331 Q   0.99999 0.00001 ( 1)  0.262
 332 A   0.99999 0.00001 ( 1)  0.262
 333 D   0.99999 0.00001 ( 1)  0.262
 334 S   0.99999 0.00001 ( 1)  0.262
 335 R   0.99999 0.00001 ( 1)  0.262
 336 A   0.99999 0.00001 ( 1)  0.262
 337 S   0.99999 0.00001 ( 1)  0.262
 338 F   0.99999 0.00001 ( 1)  0.262
 339 P   0.99999 0.00001 ( 1)  0.262
 340 L   0.99999 0.00001 ( 1)  0.262
 341 G   0.99999 0.00001 ( 1)  0.262
 342 F   0.99999 0.00001 ( 1)  0.262
 343 M   0.99999 0.00001 ( 1)  0.262
 344 H   0.99999 0.00001 ( 1)  0.262
 345 A   0.99999 0.00001 ( 1)  0.262
 346 N   0.99999 0.00001 ( 1)  0.262
 347 R   0.99999 0.00001 ( 1)  0.262
 348 Y   0.99999 0.00001 ( 1)  0.262
 349 A   0.99999 0.00001 ( 1)  0.262
 350 S   0.99999 0.00001 ( 1)  0.262
 351 G   0.99999 0.00001 ( 1)  0.262
 352 R   0.99999 0.00001 ( 1)  0.262
 353 I   0.99999 0.00001 ( 1)  0.262
 354 V   0.99999 0.00001 ( 1)  0.262
 355 L   0.99999 0.00001 ( 1)  0.262
 356 A   0.99999 0.00001 ( 1)  0.262
 357 G   0.99999 0.00001 ( 1)  0.262
 358 D   0.99999 0.00001 ( 1)  0.262
 359 A   0.99999 0.00001 ( 1)  0.262
 360 A   0.99999 0.00001 ( 1)  0.262
 361 H   0.99999 0.00001 ( 1)  0.262
 362 R   0.99999 0.00001 ( 1)  0.262
 363 L   0.99999 0.00001 ( 1)  0.262
 364 S   0.99999 0.00001 ( 1)  0.262
 365 P   0.99999 0.00001 ( 1)  0.262
 366 L   0.99999 0.00001 ( 1)  0.262
 367 A   0.99999 0.00001 ( 1)  0.262
 368 G   0.99999 0.00001 ( 1)  0.262
 369 Q   0.99999 0.00001 ( 1)  0.262
 370 G   0.99999 0.00001 ( 1)  0.262
 371 M   0.99999 0.00001 ( 1)  0.262
 372 N   0.99999 0.00001 ( 1)  0.262
 373 L   0.99999 0.00001 ( 1)  0.262
 374 G   0.99999 0.00001 ( 1)  0.262
 375 M   0.99999 0.00001 ( 1)  0.262
 376 E   0.99999 0.00001 ( 1)  0.262
 377 D   0.99999 0.00001 ( 1)  0.262
 378 A   0.99999 0.00001 ( 1)  0.262
 379 A   0.99999 0.00001 ( 1)  0.262
 380 C   0.99999 0.00001 ( 1)  0.262
 381 L   0.99999 0.00001 ( 1)  0.262
 382 S   0.99999 0.00001 ( 1)  0.262
 383 R   0.99999 0.00001 ( 1)  0.262
 384 L   0.99999 0.00001 ( 1)  0.262
 385 L   0.99999 0.00001 ( 1)  0.262
 386 L   0.99999 0.00001 ( 1)  0.262
 387 E   0.99999 0.00001 ( 1)  0.262
 388 A   0.99999 0.00001 ( 1)  0.262
 389 A   0.99999 0.00001 ( 1)  0.262
 390 S   0.99999 0.00001 ( 1)  0.262
 391 N   0.99999 0.00001 ( 1)  0.262
 392 G   0.99999 0.00001 ( 1)  0.262
 393 A   0.99999 0.00001 ( 1)  0.262
 394 D   0.99999 0.00001 ( 1)  0.262
 395 P   0.99999 0.00001 ( 1)  0.262
 396 A   0.99999 0.00001 ( 1)  0.262
 397 D   0.99999 0.00001 ( 1)  0.262
 398 P   0.99999 0.00001 ( 1)  0.262
 399 A   0.99999 0.00001 ( 1)  0.262
 400 Y   0.99999 0.00001 ( 1)  0.262
 401 L   0.99999 0.00001 ( 1)  0.262
 402 L   0.99999 0.00001 ( 1)  0.262
 403 D   0.99999 0.00001 ( 1)  0.262
 404 Y   0.99999 0.00001 ( 1)  0.262
 405 E   0.99999 0.00001 ( 1)  0.262
 406 T   0.99999 0.00001 ( 1)  0.262
 407 Q   0.99999 0.00001 ( 1)  0.262
 408 R   0.99999 0.00001 ( 1)  0.262
 409 Q   0.99999 0.00001 ( 1)  0.262
 410 R   0.99999 0.00001 ( 1)  0.262
 411 Q   0.99999 0.00001 ( 1)  0.262
 412 V   0.99999 0.00001 ( 1)  0.262
 413 V   0.99999 0.00001 ( 1)  0.262
 414 P   0.99999 0.00001 ( 1)  0.262
 415 V   0.99999 0.00001 ( 1)  0.262
 416 A   0.99999 0.00001 ( 1)  0.262
 417 I   0.99999 0.00001 ( 1)  0.262
 418 V   0.99999 0.00001 ( 1)  0.262
 419 N   0.99999 0.00001 ( 1)  0.262
 420 E   0.99999 0.00001 ( 1)  0.262
 421 S   0.99997 0.00003 ( 1)  0.262
 422 L   0.99999 0.00001 ( 1)  0.262
 423 G   0.99999 0.00001 ( 1)  0.262
 424 W   0.99999 0.00001 ( 1)  0.262
 425 L   0.99999 0.00001 ( 1)  0.262
 426 Y   0.99999 0.00001 ( 1)  0.262
 427 S   0.99999 0.00001 ( 1)  0.262
 428 L   0.99999 0.00001 ( 1)  0.262
 429 P   0.99999 0.00001 ( 1)  0.262
 430 P   0.99999 0.00001 ( 1)  0.262
 431 D   0.99999 0.00001 ( 1)  0.262
 432 S   0.99999 0.00001 ( 1)  0.262
 433 W   0.99999 0.00001 ( 1)  0.262
 434 L   0.99999 0.00001 ( 1)  0.262
 435 T   0.99999 0.00001 ( 1)  0.262
 436 A   0.99999 0.00001 ( 1)  0.262
 437 P   0.99999 0.00001 ( 1)  0.262
 438 L   0.99999 0.00001 ( 1)  0.262
 439 R   0.99999 0.00001 ( 1)  0.262
 440 W   0.99999 0.00001 ( 1)  0.262
 441 A   0.99999 0.00001 ( 1)  0.262
 442 R   0.99999 0.00001 ( 1)  0.262
 443 T   0.99999 0.00001 ( 1)  0.262
 444 T   0.99999 0.00001 ( 1)  0.262
 445 G   0.99999 0.00001 ( 1)  0.262
 446 F   0.99999 0.00001 ( 1)  0.262
 447 R   0.99999 0.00001 ( 1)  0.262
 448 L   0.99999 0.00001 ( 1)  0.262
 449 T   0.99999 0.00001 ( 1)  0.262
 450 N   0.99999 0.00001 ( 1)  0.262
 451 T   0.99999 0.00001 ( 1)  0.262
 452 F   0.99999 0.00001 ( 1)  0.262
 453 S   0.99999 0.00001 ( 1)  0.262
 454 P   0.99999 0.00001 ( 1)  0.262
 455 A   0.99999 0.00001 ( 1)  0.262
 456 K   0.99999 0.00001 ( 1)  0.262
 457 E   0.99999 0.00001 ( 1)  0.262
 458 F   0.99999 0.00001 ( 1)  0.262
 459 L   0.99999 0.00001 ( 1)  0.262
 460 R   0.99999 0.00001 ( 1)  0.262
 461 R   0.99999 0.00001 ( 1)  0.262
 462 S   0.99999 0.00001 ( 1)  0.262
 463 A   0.99999 0.00001 ( 1)  0.262
 464 T   0.99999 0.00001 ( 1)  0.262
 465 T   0.99999 0.00001 ( 1)  0.262
 466 G   0.99999 0.00001 ( 1)  0.262
 467 R   0.99999 0.00001 ( 1)  0.262
 468 I   0.99999 0.00001 ( 1)  0.262
 469 D   0.99999 0.00001 ( 1)  0.262
 470 L   0.99999 0.00001 ( 1)  0.262
 471 L   0.99999 0.00001 ( 1)  0.262


lnL = -2248.417948

