Supplemental results for CODEML (seqf: algn  treef: tree)


dN/dS (w) for site classes (K=2)

p:   0.99999  0.00001
w:   0.57253  1.00000

Naive Empirical Bayes (NEB) probabilities for 2 classes & postmean_w
(amino acids refer to 1st sequence: hym.11942)

   1 V   0.99999 0.00001 ( 1)  0.573
   2 K   0.99999 0.00001 ( 1)  0.573
   3 R   0.99999 0.00001 ( 1)  0.573
   4 Y   0.99999 0.00001 ( 1)  0.573
   5 L   0.99999 0.00001 ( 1)  0.573
   6 E   0.99999 0.00001 ( 1)  0.573
   7 T   0.99999 0.00001 ( 1)  0.573
   8 S   0.99999 0.00001 ( 1)  0.573
   9 K   0.99999 0.00001 ( 1)  0.573
  10 W   0.99999 0.00001 ( 1)  0.573
  11 E   0.99998 0.00002 ( 1)  0.573
  12 I   0.99999 0.00001 ( 1)  0.573
  13 L   0.99999 0.00001 ( 1)  0.573
  14 P   0.99999 0.00001 ( 1)  0.573
  15 H   0.99999 0.00001 ( 1)  0.573
  16 P   0.99999 0.00001 ( 1)  0.573
  17 P   0.99999 0.00001 ( 1)  0.573
  18 Y   0.99999 0.00001 ( 1)  0.573
  19 S   0.99999 0.00001 ( 1)  0.573
  20 P   0.99999 0.00001 ( 1)  0.573
  21 D   0.99999 0.00001 ( 1)  0.573
  22 V   0.99999 0.00001 ( 1)  0.573
  23 A   0.99999 0.00001 ( 1)  0.573
  24 P   0.99999 0.00001 ( 1)  0.573
  25 S   0.99999 0.00001 ( 1)  0.573
  26 F   0.99999 0.00001 ( 1)  0.573
  27 H   0.99999 0.00001 ( 1)  0.573
  28 L   0.99998 0.00002 ( 1)  0.573
  29 T   0.99999 0.00001 ( 1)  0.573
  30 H   0.99999 0.00001 ( 1)  0.573
  31 L   0.99999 0.00001 ( 1)  0.573
  32 A   0.99999 0.00001 ( 1)  0.573
  33 Q   0.99999 0.00001 ( 1)  0.573
  34 W   0.99998 0.00002 ( 1)  0.573
  35 H   0.99999 0.00001 ( 1)  0.573
  36 T   0.99999 0.00001 ( 1)  0.573
  37 A   0.99999 0.00001 ( 1)  0.573
  38 W   0.99999 0.00001 ( 1)  0.573
  39 L   0.99999 0.00001 ( 1)  0.573
  40 T   0.99999 0.00001 ( 1)  0.573
  41 S   0.99999 0.00001 ( 1)  0.573
  42 T   0.99999 0.00001 ( 1)  0.573


lnL =  -311.499414

