Supplemental results for CODEML (seqf: algn  treef: tree)


dN/dS (w) for site classes (K=2)

p:   0.90998  0.09002
w:   0.04820  1.00000

Naive Empirical Bayes (NEB) probabilities for 2 classes & postmean_w
(amino acids refer to 1st sequence: Msl.11955)

   1 P   0.99970 0.00030 ( 1)  0.048
   2 V   0.93829 0.06171 ( 1)  0.107
   3 A   0.99969 0.00031 ( 1)  0.048
   4 N   0.90823 0.09177 ( 1)  0.136
   5 W   0.58502 0.41498 ( 1)  0.443
   6 L   0.99643 0.00357 ( 1)  0.052
   7 Q   0.84643 0.15357 ( 1)  0.194
   8 I   0.79570 0.20430 ( 1)  0.243
   9 Q   0.41143 0.58857 ( 2)  0.608
  10 P   0.28659 0.71341 ( 2)  0.727
  11 A   0.00318 0.99682 ( 2)  0.997
  12 S   0.87337 0.12663 ( 1)  0.169
  13 K   0.94875 0.05125 ( 1)  0.097
  14 L   0.39588 0.60412 ( 2)  0.623
  15 K   0.99974 0.00026 ( 1)  0.048
  16 W   0.99992 0.00008 ( 1)  0.048
  17 P   0.99976 0.00024 ( 1)  0.048
  18 E   0.99972 0.00028 ( 1)  0.048
  19 S   0.99917 0.00083 ( 1)  0.049
  20 I   0.98218 0.01782 ( 1)  0.065
  21 W   0.99992 0.00008 ( 1)  0.048
  22 K   0.99964 0.00036 ( 1)  0.049
  23 F   0.99001 0.00999 ( 1)  0.058
  24 I   0.95395 0.04605 ( 1)  0.092
  25 A   0.86332 0.13668 ( 1)  0.178
  26 Y   0.99965 0.00035 ( 1)  0.049
  27 S   0.48294 0.51706 ( 2)  0.540
  28 G   0.99977 0.00023 ( 1)  0.048
  29 L   0.99630 0.00370 ( 1)  0.052
  30 W   0.99992 0.00008 ( 1)  0.048
  31 L   0.35548 0.64452 ( 2)  0.662
  32 Y   0.89494 0.10506 ( 1)  0.148
  33 S   0.99970 0.00030 ( 1)  0.048
  34 L   0.64376 0.35624 ( 1)  0.387
  35 Y   0.99960 0.00040 ( 1)  0.049
  36 V   0.99816 0.00184 ( 1)  0.050
  37 V   0.99846 0.00154 ( 1)  0.050
  38 L   0.75995 0.24005 ( 1)  0.277
  39 L   0.64376 0.35624 ( 1)  0.387
  40 S   0.99364 0.00636 ( 1)  0.054
  41 G   0.99946 0.00054 ( 1)  0.049
  42 R   0.97848 0.02152 ( 1)  0.069
  43 Y   0.99489 0.00511 ( 1)  0.053
  44 D   0.99303 0.00697 ( 1)  0.055
  45 F   0.98869 0.01131 ( 1)  0.059
  46 F   0.99052 0.00948 ( 1)  0.057
  47 H   0.99517 0.00483 ( 1)  0.053
  48 N   0.99315 0.00685 ( 1)  0.055
  49 P   0.99972 0.00028 ( 1)  0.048
  50 V   0.95563 0.04437 ( 1)  0.090
  51 D   0.99964 0.00036 ( 1)  0.049
  52 I   0.99930 0.00070 ( 1)  0.049
  53 L   0.98800 0.01200 ( 1)  0.060
  54 R   0.87387 0.12613 ( 1)  0.168
  55 G   0.97480 0.02520 ( 1)  0.072
  56 I   0.60748 0.39252 ( 1)  0.422
  57 I   0.97929 0.02071 ( 1)  0.068
  58 F   0.99946 0.00054 ( 1)  0.049
  59 D   0.98106 0.01894 ( 1)  0.066
  60 E   0.99438 0.00562 ( 1)  0.054
  61 N   0.43481 0.56519 ( 2)  0.586
  62 Y   0.89494 0.10506 ( 1)  0.148
  63 L   0.99637 0.00363 ( 1)  0.052
  64 E   0.61908 0.38092 ( 1)  0.411
  65 K   0.92511 0.07489 ( 1)  0.119
  66 P   0.98658 0.01342 ( 1)  0.061
  67 L   0.73286 0.26714 ( 1)  0.302
  68 P   0.99866 0.00134 ( 1)  0.049
  69 S   0.01763 0.98237 ( 2)  0.983
  70 D   0.99963 0.00037 ( 1)  0.049
  71 I   0.97868 0.02132 ( 1)  0.068
  72 Y   0.99962 0.00038 ( 1)  0.049
  73 W   0.99992 0.00008 ( 1)  0.048
  74 M   0.99974 0.00026 ( 1)  0.048
  75 Y   0.99965 0.00035 ( 1)  0.049
  76 A   0.92314 0.07686 ( 1)  0.121
  77 L   0.99637 0.00363 ( 1)  0.052
  78 Q   0.99972 0.00028 ( 1)  0.048
  79 L   0.99586 0.00414 ( 1)  0.052
  80 G   0.99958 0.00042 ( 1)  0.049
  81 F   0.99947 0.00053 ( 1)  0.049
  82 Y   0.99944 0.00056 ( 1)  0.049
  83 L   0.96523 0.03477 ( 1)  0.081
  84 H   0.99958 0.00042 ( 1)  0.049
  85 S   0.99980 0.00020 ( 1)  0.048
  86 V   0.98978 0.01022 ( 1)  0.058
  87 Y   0.77956 0.22044 ( 1)  0.258
  88 A   0.97548 0.02452 ( 1)  0.072
  89 T   0.99701 0.00299 ( 1)  0.051
  90 L   0.92831 0.07169 ( 1)  0.116
  91 F   0.99105 0.00895 ( 1)  0.057
  92 M   0.99974 0.00026 ( 1)  0.048
  93 D   0.99964 0.00036 ( 1)  0.049
  94 A   0.85689 0.14311 ( 1)  0.184
  95 W   0.99992 0.00008 ( 1)  0.048
  96 R   0.99973 0.00027 ( 1)  0.048
  97 K   0.99974 0.00026 ( 1)  0.048
  98 D   0.99965 0.00035 ( 1)  0.049
  99 S   0.99980 0.00020 ( 1)  0.048
 100 I   0.22174 0.77826 ( 2)  0.789
 101 M   0.99974 0.00026 ( 1)  0.048
 102 M   0.99974 0.00026 ( 1)  0.048
 103 L   0.99626 0.00374 ( 1)  0.052
 104 F   0.98946 0.01054 ( 1)  0.058
 105 H   0.99953 0.00047 ( 1)  0.049
 106 H   0.99961 0.00039 ( 1)  0.049
 107 G   0.99949 0.00051 ( 1)  0.049
 108 L   0.99643 0.00357 ( 1)  0.052
 109 T   0.99968 0.00032 ( 1)  0.048
 110 I   0.99930 0.00070 ( 1)  0.049
 111 F   0.99946 0.00054 ( 1)  0.049
 112 L   0.99588 0.00412 ( 1)  0.052
 113 L   0.99616 0.00384 ( 1)  0.052
 114 E   0.99972 0.00028 ( 1)  0.048
 115 F   0.99949 0.00051 ( 1)  0.049
 116 S   0.99970 0.00030 ( 1)  0.048
 117 L   0.98744 0.01256 ( 1)  0.060
 118 L   0.99604 0.00396 ( 1)  0.052
 119 M   0.99142 0.00858 ( 1)  0.056
 120 K   0.99612 0.00388 ( 1)  0.052
 121 Y   0.99965 0.00035 ( 1)  0.049
 122 Y   0.99568 0.00432 ( 1)  0.052
 123 K   0.99964 0.00036 ( 1)  0.049
 124 T   0.99172 0.00828 ( 1)  0.056
 125 G   0.99968 0.00032 ( 1)  0.049
 126 A   0.99963 0.00037 ( 1)  0.049
 127 L   0.99656 0.00344 ( 1)  0.051
 128 V   0.99829 0.00171 ( 1)  0.050
 129 L   0.99637 0.00363 ( 1)  0.052
 130 F   0.98045 0.01955 ( 1)  0.067
 131 L   0.92726 0.07274 ( 1)  0.117
 132 H   0.99958 0.00042 ( 1)  0.049
 133 D   0.99962 0.00038 ( 1)  0.049
 134 L   0.99624 0.00376 ( 1)  0.052
 135 S   0.99992 0.00008 ( 1)  0.048
 136 D   0.99964 0.00036 ( 1)  0.049
 137 I   0.97626 0.02374 ( 1)  0.071
 138 I   0.96236 0.03764 ( 1)  0.084
 139 L   0.99637 0.00363 ( 1)  0.052
 140 E   0.99972 0.00028 ( 1)  0.048
 141 F   0.99173 0.00827 ( 1)  0.056
 142 T   0.99954 0.00046 ( 1)  0.049
 143 K   0.99970 0.00030 ( 1)  0.048
 144 I   0.83803 0.16197 ( 1)  0.202
 145 N   0.85791 0.14209 ( 1)  0.183
 146 V   0.97997 0.02003 ( 1)  0.067
 147 Y   0.99965 0.00035 ( 1)  0.049
 148 L   0.96690 0.03310 ( 1)  0.080
 149 K   0.99970 0.00030 ( 1)  0.048
 150 D   0.99964 0.00036 ( 1)  0.049
 151 R   0.99921 0.00079 ( 1)  0.049
 152 G   0.98438 0.01562 ( 1)  0.063
 153 K   0.62733 0.37267 ( 1)  0.403
 154 K   0.92511 0.07489 ( 1)  0.119
 155 L   0.02329 0.97671 ( 2)  0.978
 156 F   0.93357 0.06643 ( 1)  0.111
 157 L   0.68298 0.31702 ( 1)  0.350
 158 L   0.99647 0.00353 ( 1)  0.052
 159 N   0.98906 0.01094 ( 1)  0.059
 160 E   0.99963 0.00037 ( 1)  0.049
 161 W   0.99992 0.00008 ( 1)  0.048
 162 L   0.98283 0.01717 ( 1)  0.065
 163 A   0.99978 0.00022 ( 1)  0.048
 164 N   0.99965 0.00035 ( 1)  0.049
 165 I   0.99926 0.00074 ( 1)  0.049
 166 G   0.99883 0.00117 ( 1)  0.049
 167 F   0.99947 0.00053 ( 1)  0.049
 168 V   0.95955 0.04045 ( 1)  0.087
 169 M   0.20422 0.79578 ( 2)  0.806
 170 F   0.99950 0.00050 ( 1)  0.049
 171 A   0.71819 0.28181 ( 1)  0.316
 172 F   0.88102 0.11898 ( 1)  0.161
 173 S   0.99992 0.00008 ( 1)  0.048
 174 W   0.99992 0.00008 ( 1)  0.048
 175 A   0.99986 0.00014 ( 1)  0.048
 176 W   0.99992 0.00008 ( 1)  0.048
 177 F   0.99950 0.00050 ( 1)  0.049
 178 R   0.99759 0.00241 ( 1)  0.050
 179 L   0.99656 0.00344 ( 1)  0.051
 180 Y   0.98919 0.01081 ( 1)  0.058
 181 W   0.99992 0.00008 ( 1)  0.048
 182 F   0.98904 0.01096 ( 1)  0.059
 183 P   0.99984 0.00016 ( 1)  0.048
 184 L   0.99645 0.00355 ( 1)  0.052
 185 K   0.99974 0.00026 ( 1)  0.048
 186 V   0.99824 0.00176 ( 1)  0.050
 187 L   0.99637 0.00363 ( 1)  0.052
 188 Y   0.99965 0.00035 ( 1)  0.049
 189 P   0.99245 0.00755 ( 1)  0.055
 190 S   0.69500 0.30500 ( 1)  0.338
 191 H   0.44213 0.55787 ( 2)  0.579
 192 W   0.99992 0.00008 ( 1)  0.048
 193 S   0.99510 0.00490 ( 1)  0.053
 194 V   0.98301 0.01699 ( 1)  0.064
 195 Y   0.99965 0.00035 ( 1)  0.049
 196 L   0.75910 0.24090 ( 1)  0.277
 197 Y   0.99360 0.00640 ( 1)  0.054
 198 H   0.99957 0.00043 ( 1)  0.049
 199 Q   0.92460 0.07540 ( 1)  0.120
 200 G   0.84893 0.15107 ( 1)  0.192
 201 R   0.71511 0.28489 ( 1)  0.319
 202 D   0.99961 0.00039 ( 1)  0.049
 203 P   0.98448 0.01552 ( 1)  0.063
 204 K   0.99970 0.00030 ( 1)  0.048
 205 M   0.99321 0.00679 ( 1)  0.055
 206 F   0.97527 0.02473 ( 1)  0.072
 207 V   0.93411 0.06589 ( 1)  0.111
 208 F   0.99950 0.00050 ( 1)  0.049
 209 F   0.99949 0.00051 ( 1)  0.049
 210 N   0.99962 0.00038 ( 1)  0.049
 211 S   0.50010 0.49990 ( 1)  0.524
 212 M   0.99974 0.00026 ( 1)  0.048
 213 L   0.99637 0.00363 ( 1)  0.052
 214 F   0.98587 0.01413 ( 1)  0.062
 215 A   0.99154 0.00846 ( 1)  0.056
 216 L   0.99647 0.00353 ( 1)  0.052
 217 Q   0.99972 0.00028 ( 1)  0.048
 218 I   0.19175 0.80825 ( 2)  0.817
 219 L   0.99684 0.00316 ( 1)  0.051
 220 H   0.99958 0.00042 ( 1)  0.049
 221 I   0.99933 0.00067 ( 1)  0.049
 222 Y   0.99965 0.00035 ( 1)  0.049
 223 W   0.99992 0.00008 ( 1)  0.048
 224 F   0.99943 0.00057 ( 1)  0.049
 225 Y   0.99955 0.00045 ( 1)  0.049
 226 F   0.99950 0.00050 ( 1)  0.049
 227 I   0.98027 0.01973 ( 1)  0.067
 228 V   0.79071 0.20929 ( 1)  0.247
 229 L   0.94205 0.05795 ( 1)  0.103
 230 L   0.99637 0.00363 ( 1)  0.052
 231 L   0.99637 0.00363 ( 1)  0.052
 232 V   0.97933 0.02067 ( 1)  0.068
 233 R   0.93175 0.06825 ( 1)  0.113
 234 V   0.99827 0.00173 ( 1)  0.050
 235 A   0.99986 0.00014 ( 1)  0.048
 236 T   0.98563 0.01437 ( 1)  0.062
 237 G   0.99961 0.00039 ( 1)  0.049
 238 T   0.87207 0.12793 ( 1)  0.170
 239 Q   0.99972 0.00028 ( 1)  0.048
 240 R   0.52547 0.47453 ( 1)  0.500
 241 E   0.99968 0.00032 ( 1)  0.049
 242 V   0.69070 0.30930 ( 1)  0.343
 243 E   0.99386 0.00614 ( 1)  0.054
 244 D   0.99963 0.00037 ( 1)  0.049
 245 T   0.99959 0.00041 ( 1)  0.049
 246 R   0.99958 0.00042 ( 1)  0.049
 247 E   0.99955 0.00045 ( 1)  0.049
 248 Y   0.98812 0.01188 ( 1)  0.060
 249 E   0.99460 0.00540 ( 1)  0.053
 250 E   0.99972 0.00028 ( 1)  0.048
 251 A   0.08967 0.91033 ( 2)  0.915
 252 E   0.18737 0.81263 ( 2)  0.822
 253 R   0.54922 0.45078 ( 1)  0.477
 254 H   0.56313 0.43687 ( 1)  0.464
 255 R   0.85203 0.14797 ( 1)  0.189
 256 R   0.61315 0.38685 ( 1)  0.416
 257 L   0.10449 0.89551 ( 2)  0.901
 258 N   0.89573 0.10427 ( 1)  0.147
 259 G   0.99977 0.00023 ( 1)  0.048


lnL = -2450.517358

