Supplemental results for CODEML (seqf: algn  treef: tree)


dN/dS (w) for site classes (K=3)

p:   0.91734  0.00000  0.08266
w:   0.00000  1.00000  4.03970

Naive Empirical Bayes (NEB) probabilities for 3 classes & postmean_w & P(w>1)
(amino acids refer to 1st sequence: spe.26349)

   1 M   0.97216 0.00000 0.02784 ( 1)  0.112  0.028
   2 P   0.95913 0.00000 0.04087 ( 1)  0.165  0.041
   3 S   0.95476 0.00000 0.04524 ( 1)  0.183  0.045
   4 A   0.96112 0.00000 0.03888 ( 1)  0.157  0.039
   5 A   0.96112 0.00000 0.03888 ( 1)  0.157  0.039
   6 R   0.95767 0.00000 0.04233 ( 1)  0.171  0.042
   7 P   0.95913 0.00000 0.04087 ( 1)  0.165  0.041
   8 F   0.96162 0.00000 0.03838 ( 1)  0.155  0.038
   9 K   0.96537 0.00000 0.03463 ( 1)  0.140  0.035
  10 V   0.95078 0.00000 0.04922 ( 1)  0.199  0.049
  11 H   0.95970 0.00000 0.04030 ( 1)  0.163  0.040
  12 N   0.96575 0.00000 0.03425 ( 1)  0.138  0.034
  13 F   0.96034 0.00000 0.03966 ( 1)  0.160  0.040
  14 A   0.95978 0.00000 0.04022 ( 1)  0.162  0.040
  15 R   0.95652 0.00000 0.04348 ( 1)  0.176  0.043
  16 I   0.96212 0.00000 0.03788 ( 1)  0.153  0.038
  17 G   0.95908 0.00000 0.04092 ( 1)  0.165  0.041
  18 P   0.94855 0.00000 0.05145 ( 1)  0.208  0.051
  19 S   0.95493 0.00000 0.04507 ( 1)  0.182  0.045
  20 T   0.96003 0.00000 0.03997 ( 1)  0.161  0.040
  21 S   0.94325 0.00000 0.05675 ( 1)  0.229  0.057
  22 K   0.95710 0.00000 0.04290 ( 1)  0.173  0.043
  23 S   0.96310 0.00000 0.03690 ( 1)  0.149  0.037
  24 L   0.95652 0.00000 0.04348 ( 1)  0.176  0.043
  25 E   0.96522 0.00000 0.03478 ( 1)  0.140  0.035
  26 P   0.95792 0.00000 0.04208 ( 1)  0.170  0.042
  27 I   0.96212 0.00000 0.03788 ( 1)  0.153  0.038
  28 L   0.95117 0.00000 0.04883 ( 1)  0.197  0.049
  29 E   0.95679 0.00000 0.04321 ( 1)  0.175  0.043
  30 E   0.96522 0.00000 0.03478 ( 1)  0.140  0.035
  31 I   0.96337 0.00000 0.03663 ( 1)  0.148  0.037
  32 D   0.96563 0.00000 0.03437 ( 1)  0.139  0.034
  33 A   0.95836 0.00000 0.04164 ( 1)  0.168  0.042
  34 S   0.96179 0.00000 0.03821 ( 1)  0.154  0.038
  35 Q   0.95778 0.00000 0.04222 ( 1)  0.171  0.042
  36 I   0.96212 0.00000 0.03788 ( 1)  0.153  0.038
  37 W   0.94837 0.00000 0.05163 ( 1)  0.209  0.052
  38 D   0.96563 0.00000 0.03437 ( 1)  0.139  0.034
  39 K   0.96537 0.00000 0.03463 ( 1)  0.140  0.035
  40 F   0.96034 0.00000 0.03966 ( 1)  0.160  0.040
  41 P   0.94855 0.00000 0.05145 ( 1)  0.208  0.051
  42 Q   0.95778 0.00000 0.04222 ( 1)  0.171  0.042
  43 D   0.96449 0.00000 0.03551 ( 1)  0.143  0.036
  44 R   0.95767 0.00000 0.04233 ( 1)  0.171  0.042
  45 L   0.95787 0.00000 0.04213 ( 1)  0.170  0.042
  46 K   0.96537 0.00000 0.03463 ( 1)  0.140  0.035
  47 K   0.95710 0.00000 0.04290 ( 1)  0.173  0.043
  48 R   0.94923 0.00000 0.05077 ( 1)  0.205  0.051
  49 L   0.95652 0.00000 0.04348 ( 1)  0.176  0.043
  50 E   0.95679 0.00000 0.04321 ( 1)  0.175  0.043
  51 E   0.96522 0.00000 0.03478 ( 1)  0.140  0.035
  52 D   0.96449 0.00000 0.03551 ( 1)  0.143  0.036
  53 P   0.95913 0.00000 0.04087 ( 1)  0.165  0.041
  54 S   0.94325 0.00000 0.05675 ( 1)  0.229  0.057
  55 N   0.96463 0.00000 0.03537 ( 1)  0.143  0.035
  56 A   0.95021 0.00000 0.04979 ( 1)  0.201  0.050
  57 F   0.96034 0.00000 0.03966 ( 1)  0.160  0.040
  58 F   0.96162 0.00000 0.03838 ( 1)  0.155  0.038
  59 L   0.95341 0.00000 0.04659 ( 1)  0.188  0.047
  60 V   0.96016 0.00000 0.03984 ( 1)  0.161  0.040
  61 K   0.95710 0.00000 0.04290 ( 1)  0.173  0.043
  62 L   0.95652 0.00000 0.04348 ( 1)  0.176  0.043
  63 W   0.94837 0.00000 0.05163 ( 1)  0.209  0.052
  64 V   0.95078 0.00000 0.04922 ( 1)  0.199  0.049
  65 S   0.96001 0.00000 0.03999 ( 1)  0.162  0.040
  66 N   0.00001 0.00000 0.99999 ( 3)  4.040  1.000
  67 E   0.00000 0.00000 1.00000 ( 3)  4.040  1.000
  68 N   0.00001 0.00000 0.99999 ( 3)  4.040  1.000
  69 C   0.95615 0.00000 0.04385 ( 1)  0.177  0.044
  70 C   0.95418 0.00000 0.04582 ( 1)  0.185  0.046

Positively selected sites

	Prob(w>1)  mean w

    66 N      1.000**       4.040
    67 E      1.000**       4.040
    68 N      1.000**       4.040


lnL =  -326.686968

Bayes Empirical Bayes (BEB) probabilities for 3 classes (class) & postmean_w
(amino acids refer to 1st sequence: spe.26349)

   1 M   0.82457 0.14257 0.03286 ( 1)  0.367 +-  0.674
   2 P   0.80697 0.15153 0.04149 ( 1)  0.412 +-  0.809
   3 S   0.80172 0.15413 0.04415 ( 1)  0.425 +-  0.844
   4 A   0.80938 0.15054 0.04009 ( 1)  0.404 +-  0.782
   5 A   0.80938 0.15054 0.04009 ( 1)  0.404 +-  0.782
   6 R   0.80505 0.15277 0.04218 ( 1)  0.414 +-  0.809
   7 P   0.80697 0.15153 0.04149 ( 1)  0.412 +-  0.809
   8 F   0.80969 0.15068 0.03963 ( 1)  0.401 +-  0.768
   9 K   0.81512 0.14751 0.03737 ( 1)  0.390 +-  0.744
  10 V   0.79735 0.15581 0.04684 ( 1)  0.440 +-  0.890
  11 H   0.80879 0.14947 0.04175 ( 1)  0.416 +-  0.842
  12 N   0.81549 0.14740 0.03711 ( 1)  0.389 +-  0.738
  13 F   0.80813 0.15142 0.04045 ( 1)  0.405 +-  0.781
  14 A   0.80770 0.15134 0.04096 ( 1)  0.408 +-  0.796
  15 R   0.80380 0.15314 0.04306 ( 1)  0.419 +-  0.829
  16 I   0.81069 0.14981 0.03949 ( 1)  0.401 +-  0.776
  17 G   0.80668 0.15209 0.04123 ( 1)  0.409 +-  0.792
  18 P   0.79483 0.15680 0.04837 ( 1)  0.448 +-  0.916
  19 S   0.80184 0.15422 0.04395 ( 1)  0.424 +-  0.837
  20 T   0.80805 0.15115 0.04079 ( 1)  0.408 +-  0.794
  21 S   0.78923 0.15891 0.05186 ( 1)  0.468 +-  0.971
  22 K   0.80444 0.15293 0.04263 ( 1)  0.417 +-  0.820
  23 S   0.81150 0.14991 0.03860 ( 1)  0.395 +-  0.748
  24 L   0.80396 0.15284 0.04320 ( 1)  0.421 +-  0.836
  25 E   0.81486 0.14768 0.03746 ( 1)  0.391 +-  0.745
  26 P   0.80550 0.15231 0.04220 ( 1)  0.415 +-  0.817
  27 I   0.81069 0.14981 0.03949 ( 1)  0.401 +-  0.776
  28 L   0.79789 0.15542 0.04669 ( 1)  0.439 +-  0.892
  29 E   0.80406 0.15311 0.04283 ( 1)  0.418 +-  0.823
  30 E   0.81486 0.14768 0.03746 ( 1)  0.391 +-  0.745
  31 I   0.81232 0.14898 0.03870 ( 1)  0.397 +-  0.764
  32 D   0.81526 0.14756 0.03718 ( 1)  0.389 +-  0.739
  33 A   0.80598 0.15215 0.04187 ( 1)  0.413 +-  0.810
  34 S   0.80986 0.15070 0.03944 ( 1)  0.400 +-  0.762
  35 Q   0.80530 0.15246 0.04225 ( 1)  0.415 +-  0.816
  36 I   0.81069 0.14981 0.03949 ( 1)  0.401 +-  0.776
  37 W   0.79460 0.15719 0.04820 ( 1)  0.447 +-  0.905
  38 D   0.81526 0.14756 0.03718 ( 1)  0.389 +-  0.739
  39 K   0.81512 0.14751 0.03737 ( 1)  0.390 +-  0.744
  40 F   0.80813 0.15142 0.04045 ( 1)  0.405 +-  0.781
  41 P   0.79483 0.15680 0.04837 ( 1)  0.448 +-  0.916
  42 Q   0.80530 0.15246 0.04225 ( 1)  0.415 +-  0.816
  43 D   0.81369 0.14840 0.03791 ( 1)  0.393 +-  0.749
  44 R   0.80505 0.15277 0.04218 ( 1)  0.414 +-  0.809
  45 L   0.80560 0.15208 0.04232 ( 1)  0.416 +-  0.823
  46 K   0.81512 0.14751 0.03737 ( 1)  0.390 +-  0.744
  47 K   0.80444 0.15293 0.04263 ( 1)  0.417 +-  0.820
  48 R   0.79564 0.15633 0.04803 ( 1)  0.447 +-  0.914
  49 L   0.80396 0.15284 0.04320 ( 1)  0.421 +-  0.836
  50 E   0.80406 0.15311 0.04283 ( 1)  0.418 +-  0.823
  51 E   0.81486 0.14768 0.03746 ( 1)  0.391 +-  0.745
  52 D   0.81369 0.14840 0.03791 ( 1)  0.393 +-  0.749
  53 P   0.80697 0.15153 0.04149 ( 1)  0.412 +-  0.809
  54 S   0.78923 0.15891 0.05186 ( 1)  0.468 +-  0.971
  55 N   0.81393 0.14824 0.03783 ( 1)  0.392 +-  0.748
  56 A   0.79664 0.15616 0.04719 ( 1)  0.442 +-  0.895
  57 F   0.80813 0.15142 0.04045 ( 1)  0.405 +-  0.781
  58 F   0.80969 0.15068 0.03963 ( 1)  0.401 +-  0.768
  59 L   0.80019 0.15402 0.04579 ( 1)  0.437 +-  0.895
  60 V   0.80836 0.15083 0.04081 ( 1)  0.408 +-  0.798
  61 K   0.80444 0.15293 0.04263 ( 1)  0.417 +-  0.820
  62 L   0.80396 0.15284 0.04320 ( 1)  0.421 +-  0.836
  63 W   0.79460 0.15719 0.04820 ( 1)  0.447 +-  0.905
  64 V   0.79735 0.15581 0.04684 ( 1)  0.440 +-  0.890
  65 S   0.80844 0.15040 0.04116 ( 1)  0.411 +-  0.815
  66 N   0.33257 0.36236 0.30506 ( 2)  1.913 +-  2.510
  67 E   0.05883 0.23837 0.70280 ( 3)  4.180 +-  3.225
  68 N   0.30225 0.34308 0.35468 ( 3)  2.237 +-  2.776
  69 C   0.80313 0.15382 0.04305 ( 1)  0.418 +-  0.818
  70 C   0.80117 0.15415 0.04468 ( 1)  0.428 +-  0.858

Positively selected sites

	Prob(w>1)  mean w

    67 E      0.703         4.180 +- 3.225

