Supplemental results for CODEML (seqf: algn  treef: tree)


dN/dS (w) for site classes (K=3)

p:   1.00000  0.00000  0.00000
w:   0.06941  1.00000  1.00000

Naive Empirical Bayes (NEB) probabilities for 3 classes & postmean_w
(amino acids refer to 1st sequence: Msl.22079)

   1 M   1.00000 0.00000 0.00000 ( 1)  0.069
   2 S   1.00000 0.00000 0.00000 ( 1)  0.069
   3 A   1.00000 0.00000 0.00000 ( 1)  0.069
   4 E   1.00000 0.00000 0.00000 ( 1)  0.069
   5 N   1.00000 0.00000 0.00000 ( 1)  0.069
   6 R   1.00000 0.00000 0.00000 ( 1)  0.069
   7 L   1.00000 0.00000 0.00000 ( 1)  0.069
   8 S   1.00000 0.00000 0.00000 ( 1)  0.069
   9 Q   1.00000 0.00000 0.00000 ( 1)  0.069
  10 V   1.00000 0.00000 0.00000 ( 1)  0.069
  11 L   1.00000 0.00000 0.00000 ( 1)  0.069
  12 Q   1.00000 0.00000 0.00000 ( 1)  0.069
  13 L   1.00000 0.00000 0.00000 ( 1)  0.069
  14 C   1.00000 0.00000 0.00000 ( 1)  0.069
  15 E   1.00000 0.00000 0.00000 ( 1)  0.069
  16 H   1.00000 0.00000 0.00000 ( 1)  0.069
  17 D   1.00000 0.00000 0.00000 ( 1)  0.069
  18 R   1.00000 0.00000 0.00000 ( 1)  0.069
  19 N   1.00000 0.00000 0.00000 ( 1)  0.069
  20 I   1.00000 0.00000 0.00000 ( 1)  0.069
  21 L   1.00000 0.00000 0.00000 ( 1)  0.069
  22 E   1.00000 0.00000 0.00000 ( 1)  0.069
  23 E   1.00000 0.00000 0.00000 ( 1)  0.069
  24 L   1.00000 0.00000 0.00000 ( 1)  0.069
  25 R   1.00000 0.00000 0.00000 ( 1)  0.069
  26 S   1.00000 0.00000 0.00000 ( 1)  0.069
  27 L   1.00000 0.00000 0.00000 ( 1)  0.069
  28 Y   1.00000 0.00000 0.00000 ( 1)  0.069
  29 N   1.00000 0.00000 0.00000 ( 1)  0.069
  30 S   1.00000 0.00000 0.00000 ( 1)  0.069
  31 L   1.00000 0.00000 0.00000 ( 1)  0.069
  32 W   1.00000 0.00000 0.00000 ( 1)  0.069
  33 N   1.00000 0.00000 0.00000 ( 1)  0.069
  34 G   1.00000 0.00000 0.00000 ( 1)  0.069
  35 F   1.00000 0.00000 0.00000 ( 1)  0.069
  36 L   1.00000 0.00000 0.00000 ( 1)  0.069
  37 T   1.00000 0.00000 0.00000 ( 1)  0.069
  38 L   1.00000 0.00000 0.00000 ( 1)  0.069
  39 K   1.00000 0.00000 0.00000 ( 1)  0.069
  40 F   1.00000 0.00000 0.00000 ( 1)  0.069
  41 R   1.00000 0.00000 0.00000 ( 1)  0.069
  42 R   1.00000 0.00000 0.00000 ( 1)  0.069
  43 I   1.00000 0.00000 0.00000 ( 1)  0.069
  44 V   1.00000 0.00000 0.00000 ( 1)  0.069
  45 D   1.00000 0.00000 0.00000 ( 1)  0.069
  46 P   1.00000 0.00000 0.00000 ( 1)  0.069
  47 V   1.00000 0.00000 0.00000 ( 1)  0.069
  48 V   1.00000 0.00000 0.00000 ( 1)  0.069
  49 L   1.00000 0.00000 0.00000 ( 1)  0.069
  50 R   1.00000 0.00000 0.00000 ( 1)  0.069
  51 H   1.00000 0.00000 0.00000 ( 1)  0.069
  52 L   1.00000 0.00000 0.00000 ( 1)  0.069
  53 R   1.00000 0.00000 0.00000 ( 1)  0.069
  54 Y   1.00000 0.00000 0.00000 ( 1)  0.069
  55 L   1.00000 0.00000 0.00000 ( 1)  0.069
  56 T   1.00000 0.00000 0.00000 ( 1)  0.069
  57 E   1.00000 0.00000 0.00000 ( 1)  0.069
  58 V   1.00000 0.00000 0.00000 ( 1)  0.069
  59 D   1.00000 0.00000 0.00000 ( 1)  0.069
  60 C   1.00000 0.00000 0.00000 ( 1)  0.069
  61 A   1.00000 0.00000 0.00000 ( 1)  0.069
  62 N   1.00000 0.00000 0.00000 ( 1)  0.069
  63 A   1.00000 0.00000 0.00000 ( 1)  0.069
  64 Q   1.00000 0.00000 0.00000 ( 1)  0.069
  65 N   1.00000 0.00000 0.00000 ( 1)  0.069
  66 D   1.00000 0.00000 0.00000 ( 1)  0.069
  67 C   1.00000 0.00000 0.00000 ( 1)  0.069
  68 I   1.00000 0.00000 0.00000 ( 1)  0.069
  69 Q   1.00000 0.00000 0.00000 ( 1)  0.069
  70 R   1.00000 0.00000 0.00000 ( 1)  0.069
  71 A   1.00000 0.00000 0.00000 ( 1)  0.069
  72 Y   1.00000 0.00000 0.00000 ( 1)  0.069
  73 E   1.00000 0.00000 0.00000 ( 1)  0.069
  74 F   1.00000 0.00000 0.00000 ( 1)  0.069
  75 L   1.00000 0.00000 0.00000 ( 1)  0.069
  76 N   1.00000 0.00000 0.00000 ( 1)  0.069
  77 E   1.00000 0.00000 0.00000 ( 1)  0.069
  78 V   1.00000 0.00000 0.00000 ( 1)  0.069
  79 C   1.00000 0.00000 0.00000 ( 1)  0.069
  80 Q   1.00000 0.00000 0.00000 ( 1)  0.069
  81 A   1.00000 0.00000 0.00000 ( 1)  0.069
  82 V   1.00000 0.00000 0.00000 ( 1)  0.069
  83 S   1.00000 0.00000 0.00000 ( 1)  0.069
  84 D   1.00000 0.00000 0.00000 ( 1)  0.069
  85 S   1.00000 0.00000 0.00000 ( 1)  0.069
  86 Y   1.00000 0.00000 0.00000 ( 1)  0.069
  87 D   1.00000 0.00000 0.00000 ( 1)  0.069
  88 S   1.00000 0.00000 0.00000 ( 1)  0.069
  89 D   1.00000 0.00000 0.00000 ( 1)  0.069
  90 I   1.00000 0.00000 0.00000 ( 1)  0.069
  91 R   1.00000 0.00000 0.00000 ( 1)  0.069
  92 S   1.00000 0.00000 0.00000 ( 1)  0.069
  93 A   1.00000 0.00000 0.00000 ( 1)  0.069
  94 G   1.00000 0.00000 0.00000 ( 1)  0.069
  95 A   1.00000 0.00000 0.00000 ( 1)  0.069
  96 S   1.00000 0.00000 0.00000 ( 1)  0.069
  97 E   1.00000 0.00000 0.00000 ( 1)  0.069
  98 M   1.00000 0.00000 0.00000 ( 1)  0.069
  99 A   1.00000 0.00000 0.00000 ( 1)  0.069
 100 M   1.00000 0.00000 0.00000 ( 1)  0.069
 101 T   1.00000 0.00000 0.00000 ( 1)  0.069
 102 L   1.00000 0.00000 0.00000 ( 1)  0.069
 103 E   1.00000 0.00000 0.00000 ( 1)  0.069
 104 D   1.00000 0.00000 0.00000 ( 1)  0.069
 105 E   1.00000 0.00000 0.00000 ( 1)  0.069
 106 K   1.00000 0.00000 0.00000 ( 1)  0.069
 107 M   1.00000 0.00000 0.00000 ( 1)  0.069
 108 A   1.00000 0.00000 0.00000 ( 1)  0.069
 109 E   1.00000 0.00000 0.00000 ( 1)  0.069
 110 L   1.00000 0.00000 0.00000 ( 1)  0.069
 111 S   1.00000 0.00000 0.00000 ( 1)  0.069
 112 V   1.00000 0.00000 0.00000 ( 1)  0.069
 113 L   1.00000 0.00000 0.00000 ( 1)  0.069
 114 K   1.00000 0.00000 0.00000 ( 1)  0.069
 115 A   1.00000 0.00000 0.00000 ( 1)  0.069
 116 K   1.00000 0.00000 0.00000 ( 1)  0.069
 117 F   1.00000 0.00000 0.00000 ( 1)  0.069
 118 E   1.00000 0.00000 0.00000 ( 1)  0.069
 119 K   1.00000 0.00000 0.00000 ( 1)  0.069
 120 E   1.00000 0.00000 0.00000 ( 1)  0.069
 121 P   1.00000 0.00000 0.00000 ( 1)  0.069
 122 H   1.00000 0.00000 0.00000 ( 1)  0.069
 123 E   1.00000 0.00000 0.00000 ( 1)  0.069
 124 L   1.00000 0.00000 0.00000 ( 1)  0.069
 125 V   1.00000 0.00000 0.00000 ( 1)  0.069
 126 R   1.00000 0.00000 0.00000 ( 1)  0.069
 127 L   1.00000 0.00000 0.00000 ( 1)  0.069
 128 M   1.00000 0.00000 0.00000 ( 1)  0.069
 129 Q   1.00000 0.00000 0.00000 ( 1)  0.069
 130 A   1.00000 0.00000 0.00000 ( 1)  0.069
 131 C   1.00000 0.00000 0.00000 ( 1)  0.069
 132 L   1.00000 0.00000 0.00000 ( 1)  0.069
 133 M   1.00000 0.00000 0.00000 ( 1)  0.069
 134 E   1.00000 0.00000 0.00000 ( 1)  0.069
 135 E   1.00000 0.00000 0.00000 ( 1)  0.069
 136 S   1.00000 0.00000 0.00000 ( 1)  0.069
 137 R   1.00000 0.00000 0.00000 ( 1)  0.069
 138 L   1.00000 0.00000 0.00000 ( 1)  0.069
 139 L   1.00000 0.00000 0.00000 ( 1)  0.069
 140 A   1.00000 0.00000 0.00000 ( 1)  0.069
 141 R   1.00000 0.00000 0.00000 ( 1)  0.069
 142 T   1.00000 0.00000 0.00000 ( 1)  0.069
 143 A   1.00000 0.00000 0.00000 ( 1)  0.069
 144 A   1.00000 0.00000 0.00000 ( 1)  0.069
 145 A   1.00000 0.00000 0.00000 ( 1)  0.069
 146 E   1.00000 0.00000 0.00000 ( 1)  0.069
 147 S   1.00000 0.00000 0.00000 ( 1)  0.069
 148 Q   1.00000 0.00000 0.00000 ( 1)  0.069
 149 G   1.00000 0.00000 0.00000 ( 1)  0.069
 150 P   1.00000 0.00000 0.00000 ( 1)  0.069
 151 A   1.00000 0.00000 0.00000 ( 1)  0.069
 152 S   1.00000 0.00000 0.00000 ( 1)  0.069
 153 G   1.00000 0.00000 0.00000 ( 1)  0.069
 154 A   1.00000 0.00000 0.00000 ( 1)  0.069
 155 A   1.00000 0.00000 0.00000 ( 1)  0.069
 156 P   1.00000 0.00000 0.00000 ( 1)  0.069
 157 K   1.00000 0.00000 0.00000 ( 1)  0.069
 158 R   1.00000 0.00000 0.00000 ( 1)  0.069
 159 P   1.00000 0.00000 0.00000 ( 1)  0.069
 160 S   1.00000 0.00000 0.00000 ( 1)  0.069
 161 S   1.00000 0.00000 0.00000 ( 1)  0.069
 162 S   1.00000 0.00000 0.00000 ( 1)  0.069
 163 D   1.00000 0.00000 0.00000 ( 1)  0.069
 164 S   1.00000 0.00000 0.00000 ( 1)  0.069
 165 A   1.00000 0.00000 0.00000 ( 1)  0.069
 166 L   1.00000 0.00000 0.00000 ( 1)  0.069
 167 L   1.00000 0.00000 0.00000 ( 1)  0.069
 168 D   1.00000 0.00000 0.00000 ( 1)  0.069
 169 A   1.00000 0.00000 0.00000 ( 1)  0.069
 170 A   1.00000 0.00000 0.00000 ( 1)  0.069
 171 L   1.00000 0.00000 0.00000 ( 1)  0.069
 172 D   1.00000 0.00000 0.00000 ( 1)  0.069
 173 T   1.00000 0.00000 0.00000 ( 1)  0.069
 174 N   1.00000 0.00000 0.00000 ( 1)  0.069
 175 R   1.00000 0.00000 0.00000 ( 1)  0.069
 176 K   1.00000 0.00000 0.00000 ( 1)  0.069
 177 L   1.00000 0.00000 0.00000 ( 1)  0.069
 178 R   1.00000 0.00000 0.00000 ( 1)  0.069
 179 R   1.00000 0.00000 0.00000 ( 1)  0.069
 180 I   1.00000 0.00000 0.00000 ( 1)  0.069
 181 A   1.00000 0.00000 0.00000 ( 1)  0.069
 182 V   1.00000 0.00000 0.00000 ( 1)  0.069
 183 D   1.00000 0.00000 0.00000 ( 1)  0.069
 184 Q   1.00000 0.00000 0.00000 ( 1)  0.069
 185 Q   1.00000 0.00000 0.00000 ( 1)  0.069
 186 Q   1.00000 0.00000 0.00000 ( 1)  0.069
 187 Q   1.00000 0.00000 0.00000 ( 1)  0.069
 188 P   1.00000 0.00000 0.00000 ( 1)  0.069
 189 V   1.00000 0.00000 0.00000 ( 1)  0.069
 190 P   1.00000 0.00000 0.00000 ( 1)  0.069
 191 D   1.00000 0.00000 0.00000 ( 1)  0.069
 192 P   1.00000 0.00000 0.00000 ( 1)  0.069
 193 A   1.00000 0.00000 0.00000 ( 1)  0.069
 194 S   1.00000 0.00000 0.00000 ( 1)  0.069
 195 L   1.00000 0.00000 0.00000 ( 1)  0.069
 196 E   1.00000 0.00000 0.00000 ( 1)  0.069
 197 A   1.00000 0.00000 0.00000 ( 1)  0.069
 198 E   1.00000 0.00000 0.00000 ( 1)  0.069
 199 L   1.00000 0.00000 0.00000 ( 1)  0.069
 200 R   1.00000 0.00000 0.00000 ( 1)  0.069
 201 S   1.00000 0.00000 0.00000 ( 1)  0.069
 202 Q   1.00000 0.00000 0.00000 ( 1)  0.069
 203 H   1.00000 0.00000 0.00000 ( 1)  0.069
 204 E   1.00000 0.00000 0.00000 ( 1)  0.069
 205 A   1.00000 0.00000 0.00000 ( 1)  0.069
 206 L   1.00000 0.00000 0.00000 ( 1)  0.069
 207 V   1.00000 0.00000 0.00000 ( 1)  0.069
 208 G   1.00000 0.00000 0.00000 ( 1)  0.069
 209 Q   1.00000 0.00000 0.00000 ( 1)  0.069
 210 L   1.00000 0.00000 0.00000 ( 1)  0.069
 211 N   1.00000 0.00000 0.00000 ( 1)  0.069
 212 S   1.00000 0.00000 0.00000 ( 1)  0.069
 213 R   1.00000 0.00000 0.00000 ( 1)  0.069
 214 E   1.00000 0.00000 0.00000 ( 1)  0.069
 215 S   1.00000 0.00000 0.00000 ( 1)  0.069
 216 L   1.00000 0.00000 0.00000 ( 1)  0.069
 217 I   1.00000 0.00000 0.00000 ( 1)  0.069
 218 N   1.00000 0.00000 0.00000 ( 1)  0.069
 219 S   1.00000 0.00000 0.00000 ( 1)  0.069
 220 P   1.00000 0.00000 0.00000 ( 1)  0.069
 221 S   1.00000 0.00000 0.00000 ( 1)  0.069
 222 S   1.00000 0.00000 0.00000 ( 1)  0.069
 223 G   1.00000 0.00000 0.00000 ( 1)  0.069
 224 R   1.00000 0.00000 0.00000 ( 1)  0.069
 225 D   1.00000 0.00000 0.00000 ( 1)  0.069
 226 S   1.00000 0.00000 0.00000 ( 1)  0.069
 227 D   1.00000 0.00000 0.00000 ( 1)  0.069
 228 R   1.00000 0.00000 0.00000 ( 1)  0.069
 229 L   1.00000 0.00000 0.00000 ( 1)  0.069
 230 G   1.00000 0.00000 0.00000 ( 1)  0.069
 231 R   1.00000 0.00000 0.00000 ( 1)  0.069
 232 E   1.00000 0.00000 0.00000 ( 1)  0.069
 233 L   1.00000 0.00000 0.00000 ( 1)  0.069
 234 S   1.00000 0.00000 0.00000 ( 1)  0.069
 235 C   1.00000 0.00000 0.00000 ( 1)  0.069
 236 V   1.00000 0.00000 0.00000 ( 1)  0.069
 237 L   1.00000 0.00000 0.00000 ( 1)  0.069
 238 D   1.00000 0.00000 0.00000 ( 1)  0.069
 239 S   1.00000 0.00000 0.00000 ( 1)  0.069
 240 L   1.00000 0.00000 0.00000 ( 1)  0.069
 241 L   1.00000 0.00000 0.00000 ( 1)  0.069
 242 R   1.00000 0.00000 0.00000 ( 1)  0.069
 243 L   1.00000 0.00000 0.00000 ( 1)  0.069
 244 Y   1.00000 0.00000 0.00000 ( 1)  0.069
 245 E   1.00000 0.00000 0.00000 ( 1)  0.069
 246 A   1.00000 0.00000 0.00000 ( 1)  0.069
 247 N   1.00000 0.00000 0.00000 ( 1)  0.069
 248 P   1.00000 0.00000 0.00000 ( 1)  0.069
 249 L   1.00000 0.00000 0.00000 ( 1)  0.069
 250 P   1.00000 0.00000 0.00000 ( 1)  0.069
 251 R   1.00000 0.00000 0.00000 ( 1)  0.069
 252 L   1.00000 0.00000 0.00000 ( 1)  0.069
 253 A   1.00000 0.00000 0.00000 ( 1)  0.069
 254 A   1.00000 0.00000 0.00000 ( 1)  0.069
 255 M   1.00000 0.00000 0.00000 ( 1)  0.069
 256 A   1.00000 0.00000 0.00000 ( 1)  0.069
 257 G   1.00000 0.00000 0.00000 ( 1)  0.069
 258 D   1.00000 0.00000 0.00000 ( 1)  0.069
 259 L   1.00000 0.00000 0.00000 ( 1)  0.069
 260 L   1.00000 0.00000 0.00000 ( 1)  0.069
 261 T   1.00000 0.00000 0.00000 ( 1)  0.069
 262 R   1.00000 0.00000 0.00000 ( 1)  0.069
 263 S   1.00000 0.00000 0.00000 ( 1)  0.069
 264 L   1.00000 0.00000 0.00000 ( 1)  0.069
 265 L   1.00000 0.00000 0.00000 ( 1)  0.069
 266 I   1.00000 0.00000 0.00000 ( 1)  0.069
 267 L   1.00000 0.00000 0.00000 ( 1)  0.069
 268 T   1.00000 0.00000 0.00000 ( 1)  0.069
 269 Q   1.00000 0.00000 0.00000 ( 1)  0.069
 270 D   1.00000 0.00000 0.00000 ( 1)  0.069
 271 D   1.00000 0.00000 0.00000 ( 1)  0.069
 272 Q   1.00000 0.00000 0.00000 ( 1)  0.069
 273 V   1.00000 0.00000 0.00000 ( 1)  0.069
 274 I   1.00000 0.00000 0.00000 ( 1)  0.069
 275 K   1.00000 0.00000 0.00000 ( 1)  0.069
 276 Q   1.00000 0.00000 0.00000 ( 1)  0.069
 277 R   1.00000 0.00000 0.00000 ( 1)  0.069
 278 K   1.00000 0.00000 0.00000 ( 1)  0.069
 279 S   1.00000 0.00000 0.00000 ( 1)  0.069
 280 N   1.00000 0.00000 0.00000 ( 1)  0.069
 281 Y   1.00000 0.00000 0.00000 ( 1)  0.069
 282 C   1.00000 0.00000 0.00000 ( 1)  0.069
 283 L   1.00000 0.00000 0.00000 ( 1)  0.069
 284 S   1.00000 0.00000 0.00000 ( 1)  0.069
 285 L   1.00000 0.00000 0.00000 ( 1)  0.069
 286 R   1.00000 0.00000 0.00000 ( 1)  0.069
 287 Y   1.00000 0.00000 0.00000 ( 1)  0.069
 288 L   1.00000 0.00000 0.00000 ( 1)  0.069
 289 A   1.00000 0.00000 0.00000 ( 1)  0.069
 290 G   1.00000 0.00000 0.00000 ( 1)  0.069
 291 D   1.00000 0.00000 0.00000 ( 1)  0.069
 292 F   1.00000 0.00000 0.00000 ( 1)  0.069
 293 L   1.00000 0.00000 0.00000 ( 1)  0.069
 294 Q   1.00000 0.00000 0.00000 ( 1)  0.069
 295 P   1.00000 0.00000 0.00000 ( 1)  0.069
 296 D   1.00000 0.00000 0.00000 ( 1)  0.069
 297 R   1.00000 0.00000 0.00000 ( 1)  0.069
 298 L   1.00000 0.00000 0.00000 ( 1)  0.069
 299 Y   1.00000 0.00000 0.00000 ( 1)  0.069
 300 E   1.00000 0.00000 0.00000 ( 1)  0.069
 301 F   1.00000 0.00000 0.00000 ( 1)  0.069
 302 K   1.00000 0.00000 0.00000 ( 1)  0.069
 303 V   1.00000 0.00000 0.00000 ( 1)  0.069
 304 G   1.00000 0.00000 0.00000 ( 1)  0.069
 305 V   1.00000 0.00000 0.00000 ( 1)  0.069
 306 L   1.00000 0.00000 0.00000 ( 1)  0.069
 307 S   1.00000 0.00000 0.00000 ( 1)  0.069
 308 D   1.00000 0.00000 0.00000 ( 1)  0.069
 309 D   1.00000 0.00000 0.00000 ( 1)  0.069
 310 C   1.00000 0.00000 0.00000 ( 1)  0.069
 311 Q   1.00000 0.00000 0.00000 ( 1)  0.069
 312 S   1.00000 0.00000 0.00000 ( 1)  0.069
 313 V   1.00000 0.00000 0.00000 ( 1)  0.069
 314 E   1.00000 0.00000 0.00000 ( 1)  0.069
 315 T   1.00000 0.00000 0.00000 ( 1)  0.069
 316 I   1.00000 0.00000 0.00000 ( 1)  0.069
 317 E   1.00000 0.00000 0.00000 ( 1)  0.069
 318 P   1.00000 0.00000 0.00000 ( 1)  0.069
 319 Q   1.00000 0.00000 0.00000 ( 1)  0.069
 320 S   1.00000 0.00000 0.00000 ( 1)  0.069
 321 S   1.00000 0.00000 0.00000 ( 1)  0.069
 322 A   1.00000 0.00000 0.00000 ( 1)  0.069
 323 G   1.00000 0.00000 0.00000 ( 1)  0.069
 324 R   1.00000 0.00000 0.00000 ( 1)  0.069
 325 A   1.00000 0.00000 0.00000 ( 1)  0.069
 326 V   1.00000 0.00000 0.00000 ( 1)  0.069
 327 R   1.00000 0.00000 0.00000 ( 1)  0.069
 328 H   1.00000 0.00000 0.00000 ( 1)  0.069
 329 C   1.00000 0.00000 0.00000 ( 1)  0.069
 330 N   1.00000 0.00000 0.00000 ( 1)  0.069
 331 S   1.00000 0.00000 0.00000 ( 1)  0.069
 332 L   1.00000 0.00000 0.00000 ( 1)  0.069
 333 G   1.00000 0.00000 0.00000 ( 1)  0.069
 334 S   1.00000 0.00000 0.00000 ( 1)  0.069
 335 R   1.00000 0.00000 0.00000 ( 1)  0.069
 336 I   1.00000 0.00000 0.00000 ( 1)  0.069
 337 D   1.00000 0.00000 0.00000 ( 1)  0.069
 338 L   1.00000 0.00000 0.00000 ( 1)  0.069
 339 R   1.00000 0.00000 0.00000 ( 1)  0.069
 340 F   1.00000 0.00000 0.00000 ( 1)  0.069
 341 S   1.00000 0.00000 0.00000 ( 1)  0.069
 342 F   1.00000 0.00000 0.00000 ( 1)  0.069
 343 P   1.00000 0.00000 0.00000 ( 1)  0.069
 344 Q   1.00000 0.00000 0.00000 ( 1)  0.069
 345 L   1.00000 0.00000 0.00000 ( 1)  0.069
 346 P   1.00000 0.00000 0.00000 ( 1)  0.069
 347 A   1.00000 0.00000 0.00000 ( 1)  0.069
 348 G   1.00000 0.00000 0.00000 ( 1)  0.069
 349 R   1.00000 0.00000 0.00000 ( 1)  0.069
 350 S   1.00000 0.00000 0.00000 ( 1)  0.069
 351 C   1.00000 0.00000 0.00000 ( 1)  0.069
 352 R   1.00000 0.00000 0.00000 ( 1)  0.069
 353 R   1.00000 0.00000 0.00000 ( 1)  0.069
 354 G   1.00000 0.00000 0.00000 ( 1)  0.069
 355 R   1.00000 0.00000 0.00000 ( 1)  0.069
 356 A   1.00000 0.00000 0.00000 ( 1)  0.069
 357 A   1.00000 0.00000 0.00000 ( 1)  0.069
 358 D   1.00000 0.00000 0.00000 ( 1)  0.069
 359 V   1.00000 0.00000 0.00000 ( 1)  0.069
 360 C   1.00000 0.00000 0.00000 ( 1)  0.069
 361 A   1.00000 0.00000 0.00000 ( 1)  0.069
 362 Q   1.00000 0.00000 0.00000 ( 1)  0.069
 363 K   1.00000 0.00000 0.00000 ( 1)  0.069
 364 R   1.00000 0.00000 0.00000 ( 1)  0.069
 365 A   1.00000 0.00000 0.00000 ( 1)  0.069
 366 L   1.00000 0.00000 0.00000 ( 1)  0.069
 367 E   1.00000 0.00000 0.00000 ( 1)  0.069
 368 V   1.00000 0.00000 0.00000 ( 1)  0.069
 369 Y   1.00000 0.00000 0.00000 ( 1)  0.069
 370 V   1.00000 0.00000 0.00000 ( 1)  0.069
 371 N   1.00000 0.00000 0.00000 ( 1)  0.069
 372 L   1.00000 0.00000 0.00000 ( 1)  0.069
 373 A   1.00000 0.00000 0.00000 ( 1)  0.069
 374 A   1.00000 0.00000 0.00000 ( 1)  0.069
 375 P   1.00000 0.00000 0.00000 ( 1)  0.069
 376 R   1.00000 0.00000 0.00000 ( 1)  0.069
 377 L   1.00000 0.00000 0.00000 ( 1)  0.069
 378 G   1.00000 0.00000 0.00000 ( 1)  0.069
 379 H   1.00000 0.00000 0.00000 ( 1)  0.069
 380 P   1.00000 0.00000 0.00000 ( 1)  0.069
 381 S   1.00000 0.00000 0.00000 ( 1)  0.069
 382 L   1.00000 0.00000 0.00000 ( 1)  0.069
 383 R   1.00000 0.00000 0.00000 ( 1)  0.069
 384 A   1.00000 0.00000 0.00000 ( 1)  0.069
 385 S   1.00000 0.00000 0.00000 ( 1)  0.069
 386 A   1.00000 0.00000 0.00000 ( 1)  0.069
 387 R   1.00000 0.00000 0.00000 ( 1)  0.069
 388 S   1.00000 0.00000 0.00000 ( 1)  0.069
 389 L   1.00000 0.00000 0.00000 ( 1)  0.069
 390 P   1.00000 0.00000 0.00000 ( 1)  0.069
 391 V   1.00000 0.00000 0.00000 ( 1)  0.069
 392 V   1.00000 0.00000 0.00000 ( 1)  0.069
 393 F   1.00000 0.00000 0.00000 ( 1)  0.069
 394 V   1.00000 0.00000 0.00000 ( 1)  0.069
 395 T   1.00000 0.00000 0.00000 ( 1)  0.069
 396 H   1.00000 0.00000 0.00000 ( 1)  0.069
 397 D   1.00000 0.00000 0.00000 ( 1)  0.069
 398 Q   1.00000 0.00000 0.00000 ( 1)  0.069
 399 Q   1.00000 0.00000 0.00000 ( 1)  0.069
 400 K   1.00000 0.00000 0.00000 ( 1)  0.069
 401 A   1.00000 0.00000 0.00000 ( 1)  0.069
 402 A   1.00000 0.00000 0.00000 ( 1)  0.069
 403 A   1.00000 0.00000 0.00000 ( 1)  0.069
 404 Y   1.00000 0.00000 0.00000 ( 1)  0.069
 405 A   1.00000 0.00000 0.00000 ( 1)  0.069
 406 T   1.00000 0.00000 0.00000 ( 1)  0.069
 407 V   1.00000 0.00000 0.00000 ( 1)  0.069
 408 C   1.00000 0.00000 0.00000 ( 1)  0.069
 409 Y   1.00000 0.00000 0.00000 ( 1)  0.069
 410 D   1.00000 0.00000 0.00000 ( 1)  0.069
 411 D   1.00000 0.00000 0.00000 ( 1)  0.069
 412 L   1.00000 0.00000 0.00000 ( 1)  0.069
 413 F   1.00000 0.00000 0.00000 ( 1)  0.069
 414 R   1.00000 0.00000 0.00000 ( 1)  0.069
 415 E   1.00000 0.00000 0.00000 ( 1)  0.069
 416 T   1.00000 0.00000 0.00000 ( 1)  0.069
 417 D   1.00000 0.00000 0.00000 ( 1)  0.069
 418 V   1.00000 0.00000 0.00000 ( 1)  0.069
 419 F   1.00000 0.00000 0.00000 ( 1)  0.069
 420 N   1.00000 0.00000 0.00000 ( 1)  0.069
 421 D   1.00000 0.00000 0.00000 ( 1)  0.069
 422 W   1.00000 0.00000 0.00000 ( 1)  0.069
 423 R   1.00000 0.00000 0.00000 ( 1)  0.069
 424 R   1.00000 0.00000 0.00000 ( 1)  0.069
 425 L   1.00000 0.00000 0.00000 ( 1)  0.069
 426 E   1.00000 0.00000 0.00000 ( 1)  0.069
 427 R   1.00000 0.00000 0.00000 ( 1)  0.069
 428 R   1.00000 0.00000 0.00000 ( 1)  0.069
 429 R   1.00000 0.00000 0.00000 ( 1)  0.069
 430 G   1.00000 0.00000 0.00000 ( 1)  0.069
 431 S   1.00000 0.00000 0.00000 ( 1)  0.069
 432 F   1.00000 0.00000 0.00000 ( 1)  0.069
 433 D   1.00000 0.00000 0.00000 ( 1)  0.069
 434 V   1.00000 0.00000 0.00000 ( 1)  0.069
 435 A   1.00000 0.00000 0.00000 ( 1)  0.069
 436 P   1.00000 0.00000 0.00000 ( 1)  0.069
 437 S   1.00000 0.00000 0.00000 ( 1)  0.069
 438 V   1.00000 0.00000 0.00000 ( 1)  0.069
 439 P   1.00000 0.00000 0.00000 ( 1)  0.069
 440 A   1.00000 0.00000 0.00000 ( 1)  0.069
 441 E   1.00000 0.00000 0.00000 ( 1)  0.069
 442 R   1.00000 0.00000 0.00000 ( 1)  0.069
 443 A   1.00000 0.00000 0.00000 ( 1)  0.069
 444 L   1.00000 0.00000 0.00000 ( 1)  0.069
 445 L   1.00000 0.00000 0.00000 ( 1)  0.069
 446 M   1.00000 0.00000 0.00000 ( 1)  0.069
 447 L   1.00000 0.00000 0.00000 ( 1)  0.069
 448 D   1.00000 0.00000 0.00000 ( 1)  0.069
 449 S   1.00000 0.00000 0.00000 ( 1)  0.069
 450 L   1.00000 0.00000 0.00000 ( 1)  0.069
 451 A   1.00000 0.00000 0.00000 ( 1)  0.069
 452 R   1.00000 0.00000 0.00000 ( 1)  0.069
 453 R   1.00000 0.00000 0.00000 ( 1)  0.069
 454 Q   1.00000 0.00000 0.00000 ( 1)  0.069
 455 L   1.00000 0.00000 0.00000 ( 1)  0.069
 456 M   1.00000 0.00000 0.00000 ( 1)  0.069
 457 Q   1.00000 0.00000 0.00000 ( 1)  0.069
 458 P   1.00000 0.00000 0.00000 ( 1)  0.069
 459 L   1.00000 0.00000 0.00000 ( 1)  0.069
 460 L   1.00000 0.00000 0.00000 ( 1)  0.069
 461 S   1.00000 0.00000 0.00000 ( 1)  0.069
 462 V   1.00000 0.00000 0.00000 ( 1)  0.069
 463 H   1.00000 0.00000 0.00000 ( 1)  0.069
 464 M   1.00000 0.00000 0.00000 ( 1)  0.069
 465 D   1.00000 0.00000 0.00000 ( 1)  0.069
 466 Y   1.00000 0.00000 0.00000 ( 1)  0.069
 467 F   1.00000 0.00000 0.00000 ( 1)  0.069
 468 R   1.00000 0.00000 0.00000 ( 1)  0.069
 469 R   1.00000 0.00000 0.00000 ( 1)  0.069
 470 K   1.00000 0.00000 0.00000 ( 1)  0.069
 471 L   1.00000 0.00000 0.00000 ( 1)  0.069
 472 V   1.00000 0.00000 0.00000 ( 1)  0.069
 473 A   1.00000 0.00000 0.00000 ( 1)  0.069
 474 L   1.00000 0.00000 0.00000 ( 1)  0.069
 475 S   1.00000 0.00000 0.00000 ( 1)  0.069
 476 D   1.00000 0.00000 0.00000 ( 1)  0.069
 477 S   1.00000 0.00000 0.00000 ( 1)  0.069
 478 A   1.00000 0.00000 0.00000 ( 1)  0.069
 479 T   1.00000 0.00000 0.00000 ( 1)  0.069
 480 A   1.00000 0.00000 0.00000 ( 1)  0.069
 481 E   1.00000 0.00000 0.00000 ( 1)  0.069
 482 V   1.00000 0.00000 0.00000 ( 1)  0.069
 483 T   1.00000 0.00000 0.00000 ( 1)  0.069
 484 F   1.00000 0.00000 0.00000 ( 1)  0.069
 485 D   1.00000 0.00000 0.00000 ( 1)  0.069
 486 Q   1.00000 0.00000 0.00000 ( 1)  0.069
 487 I   1.00000 0.00000 0.00000 ( 1)  0.069
 488 A   1.00000 0.00000 0.00000 ( 1)  0.069
 489 K   1.00000 0.00000 0.00000 ( 1)  0.069
 490 S   1.00000 0.00000 0.00000 ( 1)  0.069
 491 K   1.00000 0.00000 0.00000 ( 1)  0.069
 492 L   1.00000 0.00000 0.00000 ( 1)  0.069
 493 A   1.00000 0.00000 0.00000 ( 1)  0.069
 494 E   1.00000 0.00000 0.00000 ( 1)  0.069
 495 F   1.00000 0.00000 0.00000 ( 1)  0.069
 496 N   1.00000 0.00000 0.00000 ( 1)  0.069
 497 S   1.00000 0.00000 0.00000 ( 1)  0.069
 498 R   1.00000 0.00000 0.00000 ( 1)  0.069
 499 S   1.00000 0.00000 0.00000 ( 1)  0.069
 500 L   1.00000 0.00000 0.00000 ( 1)  0.069
 501 W   1.00000 0.00000 0.00000 ( 1)  0.069
 502 D   1.00000 0.00000 0.00000 ( 1)  0.069
 503 F   1.00000 0.00000 0.00000 ( 1)  0.069
 504 F   1.00000 0.00000 0.00000 ( 1)  0.069
 505 Y   1.00000 0.00000 0.00000 ( 1)  0.069
 506 Q   1.00000 0.00000 0.00000 ( 1)  0.069
 507 C   1.00000 0.00000 0.00000 ( 1)  0.069
 508 V   1.00000 0.00000 0.00000 ( 1)  0.069
 509 R   1.00000 0.00000 0.00000 ( 1)  0.069
 510 L   1.00000 0.00000 0.00000 ( 1)  0.069
 511 I   1.00000 0.00000 0.00000 ( 1)  0.069
 512 K   1.00000 0.00000 0.00000 ( 1)  0.069
 513 Q   1.00000 0.00000 0.00000 ( 1)  0.069
 514 H   1.00000 0.00000 0.00000 ( 1)  0.069
 515 C   1.00000 0.00000 0.00000 ( 1)  0.069
 516 L   1.00000 0.00000 0.00000 ( 1)  0.069
 517 S   1.00000 0.00000 0.00000 ( 1)  0.069
 518 L   1.00000 0.00000 0.00000 ( 1)  0.069
 519 W   1.00000 0.00000 0.00000 ( 1)  0.069
 520 R   1.00000 0.00000 0.00000 ( 1)  0.069
 521 H   1.00000 0.00000 0.00000 ( 1)  0.069
 522 R   1.00000 0.00000 0.00000 ( 1)  0.069
 523 L   1.00000 0.00000 0.00000 ( 1)  0.069
 524 L   1.00000 0.00000 0.00000 ( 1)  0.069
 525 L   1.00000 0.00000 0.00000 ( 1)  0.069
 526 G   1.00000 0.00000 0.00000 ( 1)  0.069
 527 F   1.00000 0.00000 0.00000 ( 1)  0.069
 528 V   1.00000 0.00000 0.00000 ( 1)  0.069
 529 E   1.00000 0.00000 0.00000 ( 1)  0.069
 530 K   1.00000 0.00000 0.00000 ( 1)  0.069
 531 A   1.00000 0.00000 0.00000 ( 1)  0.069
 532 E   1.00000 0.00000 0.00000 ( 1)  0.069
 533 A   1.00000 0.00000 0.00000 ( 1)  0.069
 534 E   1.00000 0.00000 0.00000 ( 1)  0.069
 535 R   1.00000 0.00000 0.00000 ( 1)  0.069
 536 L   1.00000 0.00000 0.00000 ( 1)  0.069
 537 V   1.00000 0.00000 0.00000 ( 1)  0.069
 538 L   1.00000 0.00000 0.00000 ( 1)  0.069
 539 A   1.00000 0.00000 0.00000 ( 1)  0.069
 540 S   1.00000 0.00000 0.00000 ( 1)  0.069
 541 N   1.00000 0.00000 0.00000 ( 1)  0.069
 542 R   1.00000 0.00000 0.00000 ( 1)  0.069
 543 P   1.00000 0.00000 0.00000 ( 1)  0.069
 544 G   1.00000 0.00000 0.00000 ( 1)  0.069
 545 A   1.00000 0.00000 0.00000 ( 1)  0.069
 546 F   1.00000 0.00000 0.00000 ( 1)  0.069
 547 L   1.00000 0.00000 0.00000 ( 1)  0.069
 548 V   1.00000 0.00000 0.00000 ( 1)  0.069
 549 R   1.00000 0.00000 0.00000 ( 1)  0.069
 550 L   1.00000 0.00000 0.00000 ( 1)  0.069
 551 S   1.00000 0.00000 0.00000 ( 1)  0.069
 552 E   1.00000 0.00000 0.00000 ( 1)  0.069
 553 S   1.00000 0.00000 0.00000 ( 1)  0.069
 554 T   1.00000 0.00000 0.00000 ( 1)  0.069
 555 G   1.00000 0.00000 0.00000 ( 1)  0.069
 556 R   1.00000 0.00000 0.00000 ( 1)  0.069
 557 L   1.00000 0.00000 0.00000 ( 1)  0.069
 558 S   1.00000 0.00000 0.00000 ( 1)  0.069
 559 V   1.00000 0.00000 0.00000 ( 1)  0.069
 560 T   1.00000 0.00000 0.00000 ( 1)  0.069
 561 R   1.00000 0.00000 0.00000 ( 1)  0.069
 562 C   1.00000 0.00000 0.00000 ( 1)  0.069
 563 P   1.00000 0.00000 0.00000 ( 1)  0.069
 564 R   1.00000 0.00000 0.00000 ( 1)  0.069
 565 L   1.00000 0.00000 0.00000 ( 1)  0.069
 566 G   1.00000 0.00000 0.00000 ( 1)  0.069
 567 Q   1.00000 0.00000 0.00000 ( 1)  0.069
 568 A   1.00000 0.00000 0.00000 ( 1)  0.069
 569 E   1.00000 0.00000 0.00000 ( 1)  0.069
 570 S   1.00000 0.00000 0.00000 ( 1)  0.069
 571 L   1.00000 0.00000 0.00000 ( 1)  0.069
 572 D   1.00000 0.00000 0.00000 ( 1)  0.069
 573 P   1.00000 0.00000 0.00000 ( 1)  0.069
 574 F   1.00000 0.00000 0.00000 ( 1)  0.069
 575 T   1.00000 0.00000 0.00000 ( 1)  0.069
 576 D   1.00000 0.00000 0.00000 ( 1)  0.069
 577 A   1.00000 0.00000 0.00000 ( 1)  0.069
 578 E   1.00000 0.00000 0.00000 ( 1)  0.069
 579 L   1.00000 0.00000 0.00000 ( 1)  0.069
 580 Q   1.00000 0.00000 0.00000 ( 1)  0.069
 581 A   1.00000 0.00000 0.00000 ( 1)  0.069
 582 A   1.00000 0.00000 0.00000 ( 1)  0.069
 583 P   1.00000 0.00000 0.00000 ( 1)  0.069
 584 L   1.00000 0.00000 0.00000 ( 1)  0.069
 585 A   1.00000 0.00000 0.00000 ( 1)  0.069
 586 D   1.00000 0.00000 0.00000 ( 1)  0.069
 587 R   1.00000 0.00000 0.00000 ( 1)  0.069
 588 L   1.00000 0.00000 0.00000 ( 1)  0.069
 589 F   1.00000 0.00000 0.00000 ( 1)  0.069
 590 S   1.00000 0.00000 0.00000 ( 1)  0.069
 591 E   1.00000 0.00000 0.00000 ( 1)  0.069
 592 P   1.00000 0.00000 0.00000 ( 1)  0.069
 593 G   1.00000 0.00000 0.00000 ( 1)  0.069
 594 L   1.00000 0.00000 0.00000 ( 1)  0.069
 595 V   1.00000 0.00000 0.00000 ( 1)  0.069
 596 W   1.00000 0.00000 0.00000 ( 1)  0.069
 597 L   1.00000 0.00000 0.00000 ( 1)  0.069
 598 L   1.00000 0.00000 0.00000 ( 1)  0.069
 599 D   1.00000 0.00000 0.00000 ( 1)  0.069
 600 A   1.00000 0.00000 0.00000 ( 1)  0.069
 601 E   1.00000 0.00000 0.00000 ( 1)  0.069
 602 G   1.00000 0.00000 0.00000 ( 1)  0.069
 603 R   1.00000 0.00000 0.00000 ( 1)  0.069
 604 C   1.00000 0.00000 0.00000 ( 1)  0.069
 605 L   1.00000 0.00000 0.00000 ( 1)  0.069
 606 A   1.00000 0.00000 0.00000 ( 1)  0.069
 607 K   1.00000 0.00000 0.00000 ( 1)  0.069
 608 A   1.00000 0.00000 0.00000 ( 1)  0.069
 609 D   1.00000 0.00000 0.00000 ( 1)  0.069
 610 A   1.00000 0.00000 0.00000 ( 1)  0.069
 611 L   1.00000 0.00000 0.00000 ( 1)  0.069
 612 A   1.00000 0.00000 0.00000 ( 1)  0.069
 613 D   1.00000 0.00000 0.00000 ( 1)  0.069
 614 H   1.00000 0.00000 0.00000 ( 1)  0.069
 615 V   1.00000 0.00000 0.00000 ( 1)  0.069
 616 N   1.00000 0.00000 0.00000 ( 1)  0.069
 617 R   1.00000 0.00000 0.00000 ( 1)  0.069
 618 S   1.00000 0.00000 0.00000 ( 1)  0.069
 619 G   1.00000 0.00000 0.00000 ( 1)  0.069
 620 A   1.00000 0.00000 0.00000 ( 1)  0.069
 621 A   1.00000 0.00000 0.00000 ( 1)  0.069
 622 D   1.00000 0.00000 0.00000 ( 1)  0.069
 623 R   1.00000 0.00000 0.00000 ( 1)  0.069
 624 P   1.00000 0.00000 0.00000 ( 1)  0.069
 625 P   1.00000 0.00000 0.00000 ( 1)  0.069
 626 A   1.00000 0.00000 0.00000 ( 1)  0.069
 627 A   1.00000 0.00000 0.00000 ( 1)  0.069
 628 D   1.00000 0.00000 0.00000 ( 1)  0.069
 629 G   1.00000 0.00000 0.00000 ( 1)  0.069
 630 Y   1.00000 0.00000 0.00000 ( 1)  0.069
 631 V   1.00000 0.00000 0.00000 ( 1)  0.069
 632 P   1.00000 0.00000 0.00000 ( 1)  0.069
 633 R   1.00000 0.00000 0.00000 ( 1)  0.069
 634 R   1.00000 0.00000 0.00000 ( 1)  0.069
 635 R   1.00000 0.00000 0.00000 ( 1)  0.069
 636 G   1.00000 0.00000 0.00000 ( 1)  0.069
 637 Q   1.00000 0.00000 0.00000 ( 1)  0.069
 638 T   1.00000 0.00000 0.00000 ( 1)  0.069
 639 G   1.00000 0.00000 0.00000 ( 1)  0.069
 640 D   1.00000 0.00000 0.00000 ( 1)  0.069
 641 C   1.00000 0.00000 0.00000 ( 1)  0.069
 642 G   1.00000 0.00000 0.00000 ( 1)  0.069
 643 C   1.00000 0.00000 0.00000 ( 1)  0.069
 644 G   1.00000 0.00000 0.00000 ( 1)  0.069
 645 C   1.00000 0.00000 0.00000 ( 1)  0.069
 646 G   1.00000 0.00000 0.00000 ( 1)  0.069
 647 L   1.00000 0.00000 0.00000 ( 1)  0.069
 648 L   1.00000 0.00000 0.00000 ( 1)  0.069
 649 D   1.00000 0.00000 0.00000 ( 1)  0.069
 650 A   1.00000 0.00000 0.00000 ( 1)  0.069
 651 S   1.00000 0.00000 0.00000 ( 1)  0.069
 652 S   1.00000 0.00000 0.00000 ( 1)  0.069
 653 L   1.00000 0.00000 0.00000 ( 1)  0.069
 654 G   1.00000 0.00000 0.00000 ( 1)  0.069
 655 E   1.00000 0.00000 0.00000 ( 1)  0.069
 656 S   1.00000 0.00000 0.00000 ( 1)  0.069
 657 L   1.00000 0.00000 0.00000 ( 1)  0.069
 658 P   1.00000 0.00000 0.00000 ( 1)  0.069

Positively selected sites

	Prob(w>1)  mean w



lnL = -2610.273954

Bayes Empirical Bayes (BEB) probabilities for 3 classes (class) & postmean_w
(amino acids refer to 1st sequence: Msl.22079)

   1 M   0.92716 0.04130 0.03154 ( 1)  0.166 +-  0.471
   2 S   0.92110 0.04329 0.03560 ( 1)  0.179 +-  0.518
   3 A   0.92687 0.04139 0.03174 ( 1)  0.166 +-  0.474
   4 E   0.92747 0.04118 0.03135 ( 1)  0.165 +-  0.470
   5 N   0.92183 0.04306 0.03511 ( 1)  0.178 +-  0.513
   6 R   0.91997 0.04364 0.03639 ( 1)  0.182 +-  0.528
   7 L   0.92246 0.04286 0.03468 ( 1)  0.176 +-  0.508
   8 S   0.92160 0.04314 0.03527 ( 1)  0.178 +-  0.514
   9 Q   0.92112 0.04329 0.03560 ( 1)  0.179 +-  0.518
  10 V   0.92673 0.04143 0.03184 ( 1)  0.167 +-  0.475
  11 L   0.92489 0.04206 0.03305 ( 1)  0.171 +-  0.489
  12 Q   0.92591 0.04172 0.03237 ( 1)  0.168 +-  0.481
  13 L   0.92489 0.04206 0.03305 ( 1)  0.171 +-  0.489
  14 C   0.92680 0.04143 0.03178 ( 1)  0.166 +-  0.474
  15 E   0.92747 0.04118 0.03135 ( 1)  0.165 +-  0.470
  16 H   0.92228 0.04292 0.03480 ( 1)  0.177 +-  0.509
  17 D   0.92867 0.04076 0.03057 ( 1)  0.162 +-  0.461
  18 R   0.92770 0.04110 0.03120 ( 1)  0.164 +-  0.468
  19 N   0.92183 0.04306 0.03511 ( 1)  0.178 +-  0.513
  20 I   0.92176 0.04309 0.03516 ( 1)  0.178 +-  0.513
  21 L   0.91995 0.04365 0.03640 ( 1)  0.182 +-  0.528
  22 E   0.92141 0.04319 0.03539 ( 1)  0.179 +-  0.516
  23 E   0.92347 0.04249 0.03404 ( 1)  0.174 +-  0.502
  24 L   0.92489 0.04206 0.03305 ( 1)  0.171 +-  0.489
  25 R   0.92770 0.04110 0.03120 ( 1)  0.164 +-  0.468
  26 S   0.92528 0.04194 0.03278 ( 1)  0.170 +-  0.486
  27 L   0.92489 0.04206 0.03305 ( 1)  0.171 +-  0.489
  28 Y   0.92712 0.04131 0.03156 ( 1)  0.166 +-  0.472
  29 N   0.92792 0.04104 0.03105 ( 1)  0.164 +-  0.466
  30 S   0.92110 0.04329 0.03560 ( 1)  0.179 +-  0.518
  31 L   0.91995 0.04365 0.03640 ( 1)  0.182 +-  0.528
  32 W   0.92434 0.04225 0.03341 ( 1)  0.172 +-  0.493
  33 N   0.92792 0.04104 0.03105 ( 1)  0.164 +-  0.466
  34 G   0.92805 0.04098 0.03098 ( 1)  0.164 +-  0.465
  35 F   0.92743 0.04121 0.03136 ( 1)  0.165 +-  0.469
  36 L   0.92489 0.04206 0.03305 ( 1)  0.171 +-  0.489
  37 T   0.92598 0.04170 0.03232 ( 1)  0.168 +-  0.480
  38 L   0.92489 0.04206 0.03305 ( 1)  0.171 +-  0.489
  39 K   0.92074 0.04341 0.03585 ( 1)  0.180 +-  0.521
  40 F   0.92743 0.04121 0.03136 ( 1)  0.165 +-  0.469
  41 R   0.92144 0.04318 0.03537 ( 1)  0.179 +-  0.516
  42 R   0.92770 0.04110 0.03120 ( 1)  0.164 +-  0.468
  43 I   0.92783 0.04107 0.03110 ( 1)  0.164 +-  0.466
  44 V   0.92673 0.04143 0.03184 ( 1)  0.167 +-  0.475
  45 D   0.92242 0.04288 0.03471 ( 1)  0.176 +-  0.508
  46 P   0.92769 0.04110 0.03120 ( 1)  0.164 +-  0.468
  47 V   0.92150 0.04316 0.03533 ( 1)  0.178 +-  0.515
  48 V   0.92027 0.04355 0.03618 ( 1)  0.181 +-  0.525
  49 L   0.92489 0.04206 0.03305 ( 1)  0.171 +-  0.489
  50 R   0.92770 0.04110 0.03120 ( 1)  0.164 +-  0.468
  51 H   0.92829 0.04089 0.03082 ( 1)  0.163 +-  0.464
  52 L   0.92140 0.04320 0.03541 ( 1)  0.179 +-  0.516
  53 R   0.92770 0.04110 0.03120 ( 1)  0.164 +-  0.468
  54 Y   0.92712 0.04131 0.03156 ( 1)  0.166 +-  0.472
  55 L   0.92489 0.04206 0.03305 ( 1)  0.171 +-  0.489
  56 T   0.92704 0.04134 0.03162 ( 1)  0.166 +-  0.472
  57 E   0.92747 0.04118 0.03135 ( 1)  0.165 +-  0.470
  58 V   0.92673 0.04143 0.03184 ( 1)  0.167 +-  0.475
  59 D   0.92867 0.04076 0.03057 ( 1)  0.162 +-  0.461
  60 C   0.92680 0.04143 0.03178 ( 1)  0.166 +-  0.474
  61 A   0.92804 0.04098 0.03098 ( 1)  0.164 +-  0.465
  62 N   0.92183 0.04306 0.03511 ( 1)  0.178 +-  0.513
  63 A   0.92687 0.04139 0.03174 ( 1)  0.166 +-  0.474
  64 Q   0.92112 0.04329 0.03560 ( 1)  0.179 +-  0.518
  65 N   0.92792 0.04104 0.03105 ( 1)  0.164 +-  0.466
  66 D   0.92867 0.04076 0.03057 ( 1)  0.162 +-  0.461
  67 C   0.92680 0.04143 0.03178 ( 1)  0.166 +-  0.474
  68 I   0.92783 0.04107 0.03110 ( 1)  0.164 +-  0.466
  69 Q   0.92591 0.04172 0.03237 ( 1)  0.168 +-  0.481
  70 R   0.92144 0.04318 0.03537 ( 1)  0.179 +-  0.516
  71 A   0.92804 0.04098 0.03098 ( 1)  0.164 +-  0.465
  72 Y   0.92510 0.04200 0.03291 ( 1)  0.170 +-  0.487
  73 E   0.92747 0.04118 0.03135 ( 1)  0.165 +-  0.470
  74 F   0.92163 0.04313 0.03524 ( 1)  0.178 +-  0.514
  75 L   0.92753 0.04116 0.03132 ( 1)  0.165 +-  0.469
  76 N   0.92792 0.04104 0.03105 ( 1)  0.164 +-  0.466
  77 E   0.92747 0.04118 0.03135 ( 1)  0.165 +-  0.470
  78 V   0.92685 0.04138 0.03177 ( 1)  0.166 +-  0.475
  79 C   0.92680 0.04143 0.03178 ( 1)  0.166 +-  0.474
  80 Q   0.92591 0.04172 0.03237 ( 1)  0.168 +-  0.481
  81 A   0.92155 0.04315 0.03530 ( 1)  0.178 +-  0.515
  82 V   0.92788 0.04103 0.03109 ( 1)  0.164 +-  0.467
  83 S   0.92732 0.04124 0.03143 ( 1)  0.165 +-  0.470
  84 D   0.92867 0.04076 0.03057 ( 1)  0.162 +-  0.461
  85 S   0.92732 0.04124 0.03143 ( 1)  0.165 +-  0.470
  86 Y   0.92126 0.04324 0.03550 ( 1)  0.179 +-  0.517
  87 D   0.92867 0.04076 0.03057 ( 1)  0.162 +-  0.461
  88 S   0.92528 0.04194 0.03278 ( 1)  0.170 +-  0.486
  89 D   0.92242 0.04288 0.03471 ( 1)  0.176 +-  0.508
  90 I   0.92176 0.04309 0.03516 ( 1)  0.178 +-  0.513
  91 R   0.92144 0.04318 0.03537 ( 1)  0.179 +-  0.516
  92 S   0.92732 0.04124 0.03143 ( 1)  0.165 +-  0.470
  93 A   0.92804 0.04098 0.03098 ( 1)  0.164 +-  0.465
  94 G   0.92687 0.04139 0.03174 ( 1)  0.166 +-  0.474
  95 A   0.92804 0.04098 0.03098 ( 1)  0.164 +-  0.465
  96 S   0.92732 0.04124 0.03143 ( 1)  0.165 +-  0.470
  97 E   0.92747 0.04118 0.03135 ( 1)  0.165 +-  0.470
  98 M   0.92716 0.04130 0.03154 ( 1)  0.166 +-  0.471
  99 A   0.92155 0.04315 0.03530 ( 1)  0.178 +-  0.515
 100 M   0.92716 0.04130 0.03154 ( 1)  0.166 +-  0.471
 101 T   0.92598 0.04170 0.03232 ( 1)  0.168 +-  0.480
 102 L   0.92140 0.04320 0.03541 ( 1)  0.179 +-  0.516
 103 E   0.92747 0.04118 0.03135 ( 1)  0.165 +-  0.470
 104 D   0.92242 0.04288 0.03471 ( 1)  0.176 +-  0.508
 105 E   0.92747 0.04118 0.03135 ( 1)  0.165 +-  0.470
 106 K   0.92074 0.04341 0.03585 ( 1)  0.180 +-  0.521
 107 M   0.92716 0.04130 0.03154 ( 1)  0.166 +-  0.471
 108 A   0.92804 0.04098 0.03098 ( 1)  0.164 +-  0.465
 109 E   0.92747 0.04118 0.03135 ( 1)  0.165 +-  0.470
 110 L   0.92489 0.04206 0.03305 ( 1)  0.171 +-  0.489
 111 S   0.92660 0.04149 0.03191 ( 1)  0.167 +-  0.476
 112 V   0.92673 0.04143 0.03184 ( 1)  0.167 +-  0.475
 113 L   0.92489 0.04206 0.03305 ( 1)  0.171 +-  0.489
 114 K   0.92662 0.04148 0.03190 ( 1)  0.167 +-  0.475
 115 A   0.92155 0.04315 0.03530 ( 1)  0.178 +-  0.515
 116 K   0.92074 0.04341 0.03585 ( 1)  0.180 +-  0.521
 117 F   0.92743 0.04121 0.03136 ( 1)  0.165 +-  0.469
 118 E   0.92747 0.04118 0.03135 ( 1)  0.165 +-  0.470
 119 K   0.92450 0.04217 0.03332 ( 1)  0.172 +-  0.493
 120 E   0.92747 0.04118 0.03135 ( 1)  0.165 +-  0.470
 121 P   0.92656 0.04149 0.03194 ( 1)  0.167 +-  0.476
 122 H   0.92829 0.04089 0.03082 ( 1)  0.163 +-  0.464
 123 E   0.92747 0.04118 0.03135 ( 1)  0.165 +-  0.470
 124 L   0.92489 0.04206 0.03305 ( 1)  0.171 +-  0.489
 125 V   0.92788 0.04103 0.03109 ( 1)  0.164 +-  0.467
 126 R   0.92627 0.04159 0.03214 ( 1)  0.168 +-  0.479
 127 L   0.92489 0.04206 0.03305 ( 1)  0.171 +-  0.489
 128 M   0.92716 0.04130 0.03154 ( 1)  0.166 +-  0.471
 129 Q   0.92591 0.04172 0.03237 ( 1)  0.168 +-  0.481
 130 A   0.92804 0.04098 0.03098 ( 1)  0.164 +-  0.465
 131 C   0.92680 0.04143 0.03178 ( 1)  0.166 +-  0.474
 132 L   0.92489 0.04206 0.03305 ( 1)  0.171 +-  0.489
 133 M   0.92716 0.04130 0.03154 ( 1)  0.166 +-  0.471
 134 E   0.92747 0.04118 0.03135 ( 1)  0.165 +-  0.470
 135 E   0.92747 0.04118 0.03135 ( 1)  0.165 +-  0.470
 136 S   0.92732 0.04124 0.03143 ( 1)  0.165 +-  0.470
 137 R   0.92770 0.04110 0.03120 ( 1)  0.164 +-  0.468
 138 L   0.92489 0.04206 0.03305 ( 1)  0.171 +-  0.489
 139 L   0.92489 0.04206 0.03305 ( 1)  0.171 +-  0.489
 140 A   0.92804 0.04098 0.03098 ( 1)  0.164 +-  0.465
 141 R   0.92578 0.04177 0.03245 ( 1)  0.169 +-  0.482
 142 T   0.92124 0.04325 0.03551 ( 1)  0.179 +-  0.517
 143 A   0.92804 0.04098 0.03098 ( 1)  0.164 +-  0.465
 144 A   0.92155 0.04315 0.03530 ( 1)  0.178 +-  0.515
 145 A   0.92155 0.04315 0.03530 ( 1)  0.178 +-  0.515
 146 E   0.92747 0.04118 0.03135 ( 1)  0.165 +-  0.470
 147 S   0.91997 0.04364 0.03639 ( 1)  0.182 +-  0.528
 148 Q   0.92591 0.04172 0.03237 ( 1)  0.168 +-  0.481
 149 G   0.92687 0.04139 0.03174 ( 1)  0.166 +-  0.474
 150 P   0.92656 0.04149 0.03194 ( 1)  0.167 +-  0.476
 151 A   0.92804 0.04098 0.03098 ( 1)  0.164 +-  0.465
 152 S   0.92732 0.04124 0.03143 ( 1)  0.165 +-  0.470
 153 G   0.92155 0.04315 0.03530 ( 1)  0.178 +-  0.515
 154 A   0.92155 0.04315 0.03530 ( 1)  0.178 +-  0.515
 155 A   0.92804 0.04098 0.03098 ( 1)  0.164 +-  0.465
 156 P   0.92656 0.04149 0.03194 ( 1)  0.167 +-  0.476
 157 K   0.92662 0.04148 0.03190 ( 1)  0.167 +-  0.475
 158 R   0.92627 0.04159 0.03214 ( 1)  0.168 +-  0.479
 159 P   0.92024 0.04356 0.03620 ( 1)  0.182 +-  0.525
 160 S   0.92660 0.04149 0.03191 ( 1)  0.167 +-  0.476
 161 S   0.92660 0.04149 0.03191 ( 1)  0.167 +-  0.476
 162 S   0.91997 0.04364 0.03639 ( 1)  0.182 +-  0.528
 163 D   0.92867 0.04076 0.03057 ( 1)  0.162 +-  0.461
 164 S   0.92660 0.04149 0.03191 ( 1)  0.167 +-  0.476
 165 A   0.92029 0.04354 0.03617 ( 1)  0.181 +-  0.525
 166 L   0.92489 0.04206 0.03305 ( 1)  0.171 +-  0.489
 167 L   0.92489 0.04206 0.03305 ( 1)  0.171 +-  0.489
 168 D   0.92867 0.04076 0.03057 ( 1)  0.162 +-  0.461
 169 A   0.92687 0.04139 0.03174 ( 1)  0.166 +-  0.474
 170 A   0.92155 0.04315 0.03530 ( 1)  0.178 +-  0.515
 171 L   0.92753 0.04116 0.03132 ( 1)  0.165 +-  0.469
 172 D   0.92867 0.04076 0.03057 ( 1)  0.162 +-  0.461
 173 T   0.92704 0.04134 0.03162 ( 1)  0.166 +-  0.472
 174 N   0.92792 0.04104 0.03105 ( 1)  0.164 +-  0.466
 175 R   0.92627 0.04159 0.03214 ( 1)  0.168 +-  0.479
 176 K   0.92662 0.04148 0.03190 ( 1)  0.167 +-  0.475
 177 L   0.92140 0.04320 0.03541 ( 1)  0.179 +-  0.516
 178 R   0.92770 0.04110 0.03120 ( 1)  0.164 +-  0.468
 179 R   0.92770 0.04110 0.03120 ( 1)  0.164 +-  0.468
 180 I   0.30824 0.24080 0.45096 ( 3)  1.492 +-  1.580
 181 A   0.92804 0.04098 0.03098 ( 1)  0.164 +-  0.465
 182 V   0.92673 0.04143 0.03184 ( 1)  0.167 +-  0.475
 183 D   0.92867 0.04076 0.03057 ( 1)  0.162 +-  0.461
 184 Q   0.92591 0.04172 0.03237 ( 1)  0.168 +-  0.481
 185 Q   0.92591 0.04172 0.03237 ( 1)  0.168 +-  0.481
 186 Q   0.92591 0.04172 0.03237 ( 1)  0.168 +-  0.481
 187 Q   0.92591 0.04172 0.03237 ( 1)  0.168 +-  0.481
 188 P   0.92656 0.04149 0.03194 ( 1)  0.167 +-  0.476
 189 V   0.33341 0.24527 0.42131 ( 3)  1.398 +-  1.527
 190 P   0.92656 0.04149 0.03194 ( 1)  0.167 +-  0.476
 191 D   0.92867 0.04076 0.03057 ( 1)  0.162 +-  0.461
 192 P   0.92656 0.04149 0.03194 ( 1)  0.167 +-  0.476
 193 A   0.92804 0.04098 0.03098 ( 1)  0.164 +-  0.465
 194 S   0.92732 0.04124 0.03143 ( 1)  0.165 +-  0.470
 195 L   0.92489 0.04206 0.03305 ( 1)  0.171 +-  0.489
 196 E   0.92747 0.04118 0.03135 ( 1)  0.165 +-  0.470
 197 A   0.92687 0.04139 0.03174 ( 1)  0.166 +-  0.474
 198 E   0.92747 0.04118 0.03135 ( 1)  0.165 +-  0.470
 199 L   0.92489 0.04206 0.03305 ( 1)  0.171 +-  0.489
 200 R   0.92770 0.04110 0.03120 ( 1)  0.164 +-  0.468
 201 S   0.92732 0.04124 0.03143 ( 1)  0.165 +-  0.470
 202 Q   0.92591 0.04172 0.03237 ( 1)  0.168 +-  0.481
 203 H   0.92829 0.04089 0.03082 ( 1)  0.163 +-  0.464
 204 E   0.92747 0.04118 0.03135 ( 1)  0.165 +-  0.470
 205 A   0.92155 0.04315 0.03530 ( 1)  0.178 +-  0.515
 206 L   0.92489 0.04206 0.03305 ( 1)  0.171 +-  0.489
 207 V   0.92150 0.04316 0.03533 ( 1)  0.178 +-  0.515
 208 G   0.92155 0.04315 0.03530 ( 1)  0.178 +-  0.515
 209 Q   0.92591 0.04172 0.03237 ( 1)  0.168 +-  0.481
 210 L   0.92447 0.04218 0.03335 ( 1)  0.172 +-  0.493
 211 N   0.92792 0.04104 0.03105 ( 1)  0.164 +-  0.466
 212 S   0.92732 0.04124 0.03143 ( 1)  0.165 +-  0.470
 213 R   0.92627 0.04159 0.03214 ( 1)  0.168 +-  0.479
 214 E   0.92747 0.04118 0.03135 ( 1)  0.165 +-  0.470
 215 S   0.92528 0.04194 0.03278 ( 1)  0.170 +-  0.486
 216 L   0.92489 0.04206 0.03305 ( 1)  0.171 +-  0.489
 217 I   0.92783 0.04107 0.03110 ( 1)  0.164 +-  0.466
 218 N   0.92792 0.04104 0.03105 ( 1)  0.164 +-  0.466
 219 S   0.92732 0.04124 0.03143 ( 1)  0.165 +-  0.470
 220 P   0.92769 0.04110 0.03120 ( 1)  0.164 +-  0.468
 221 S   0.92732 0.04124 0.03143 ( 1)  0.165 +-  0.470
 222 S   0.92732 0.04124 0.03143 ( 1)  0.165 +-  0.470
 223 G   0.92805 0.04098 0.03098 ( 1)  0.164 +-  0.465
 224 R   0.92646 0.04152 0.03201 ( 1)  0.167 +-  0.478
 225 D   0.92867 0.04076 0.03057 ( 1)  0.162 +-  0.461
 226 S   0.92660 0.04149 0.03191 ( 1)  0.167 +-  0.476
 227 D   0.92867 0.04076 0.03057 ( 1)  0.162 +-  0.461
 228 R   0.92578 0.04177 0.03245 ( 1)  0.169 +-  0.482
 229 L   0.92489 0.04206 0.03305 ( 1)  0.171 +-  0.489
 230 G   0.92805 0.04098 0.03098 ( 1)  0.164 +-  0.465
 231 R   0.92770 0.04110 0.03120 ( 1)  0.164 +-  0.468
 232 E   0.92747 0.04118 0.03135 ( 1)  0.165 +-  0.470
 233 L   0.92489 0.04206 0.03305 ( 1)  0.171 +-  0.489
 234 S   0.92660 0.04149 0.03191 ( 1)  0.167 +-  0.476
 235 C   0.92680 0.04143 0.03178 ( 1)  0.166 +-  0.474
 236 V   0.92673 0.04143 0.03184 ( 1)  0.167 +-  0.475
 237 L   0.92489 0.04206 0.03305 ( 1)  0.171 +-  0.489
 238 D   0.92867 0.04076 0.03057 ( 1)  0.162 +-  0.461
 239 S   0.92528 0.04194 0.03278 ( 1)  0.170 +-  0.486
 240 L   0.92489 0.04206 0.03305 ( 1)  0.171 +-  0.489
 241 L   0.92753 0.04116 0.03132 ( 1)  0.165 +-  0.469
 242 R   0.92627 0.04159 0.03214 ( 1)  0.168 +-  0.479
 243 L   0.92489 0.04206 0.03305 ( 1)  0.171 +-  0.489
 244 Y   0.92712 0.04131 0.03156 ( 1)  0.166 +-  0.472
 245 E   0.92747 0.04118 0.03135 ( 1)  0.165 +-  0.470
 246 A   0.92804 0.04098 0.03098 ( 1)  0.164 +-  0.465
 247 N   0.92792 0.04104 0.03105 ( 1)  0.164 +-  0.466
 248 P   0.92656 0.04149 0.03194 ( 1)  0.167 +-  0.476
 249 L   0.92489 0.04206 0.03305 ( 1)  0.171 +-  0.489
 250 P   0.92656 0.04149 0.03194 ( 1)  0.167 +-  0.476
 251 R   0.92770 0.04110 0.03120 ( 1)  0.164 +-  0.468
 252 L   0.92753 0.04116 0.03132 ( 1)  0.165 +-  0.469
 253 A   0.92029 0.04354 0.03617 ( 1)  0.181 +-  0.525
 254 A   0.92804 0.04098 0.03098 ( 1)  0.164 +-  0.465
 255 M   0.92716 0.04130 0.03154 ( 1)  0.166 +-  0.471
 256 A   0.92715 0.04128 0.03156 ( 1)  0.166 +-  0.472
 257 G   0.92805 0.04098 0.03098 ( 1)  0.164 +-  0.465
 258 D   0.92867 0.04076 0.03057 ( 1)  0.162 +-  0.461
 259 L   0.92489 0.04206 0.03305 ( 1)  0.171 +-  0.489
 260 L   0.92319 0.04262 0.03419 ( 1)  0.175 +-  0.502
 261 T   0.92013 0.04359 0.03627 ( 1)  0.182 +-  0.526
 262 R   0.92578 0.04177 0.03245 ( 1)  0.169 +-  0.482
 263 S   0.92160 0.04314 0.03527 ( 1)  0.178 +-  0.514
 264 L   0.92489 0.04206 0.03305 ( 1)  0.171 +-  0.489
 265 L   0.92489 0.04206 0.03305 ( 1)  0.171 +-  0.489
 266 I   0.92783 0.04107 0.03110 ( 1)  0.164 +-  0.466
 267 L   0.92489 0.04206 0.03305 ( 1)  0.171 +-  0.489
 268 T   0.92124 0.04325 0.03551 ( 1)  0.179 +-  0.517
 269 Q   0.92591 0.04172 0.03237 ( 1)  0.168 +-  0.481
 270 D   0.92867 0.04076 0.03057 ( 1)  0.162 +-  0.461
 271 D   0.92867 0.04076 0.03057 ( 1)  0.162 +-  0.461
 272 Q   0.92591 0.04172 0.03237 ( 1)  0.168 +-  0.481
 273 V   0.92788 0.04103 0.03109 ( 1)  0.164 +-  0.467
 274 I   0.92783 0.04107 0.03110 ( 1)  0.164 +-  0.466
 275 K   0.92662 0.04148 0.03190 ( 1)  0.167 +-  0.475
 276 Q   0.92591 0.04172 0.03237 ( 1)  0.168 +-  0.481
 277 R   0.92578 0.04177 0.03245 ( 1)  0.169 +-  0.482
 278 K   0.92662 0.04148 0.03190 ( 1)  0.167 +-  0.475
 279 S   0.92660 0.04149 0.03191 ( 1)  0.167 +-  0.476
 280 N   0.92183 0.04306 0.03511 ( 1)  0.178 +-  0.513
 281 Y   0.92126 0.04324 0.03550 ( 1)  0.179 +-  0.517
 282 C   0.92137 0.04321 0.03542 ( 1)  0.179 +-  0.516
 283 L   0.92489 0.04206 0.03305 ( 1)  0.171 +-  0.489
 284 S   0.92160 0.04314 0.03527 ( 1)  0.178 +-  0.514
 285 L   0.92489 0.04206 0.03305 ( 1)  0.171 +-  0.489
 286 R   0.92770 0.04110 0.03120 ( 1)  0.164 +-  0.468
 287 Y   0.92126 0.04324 0.03550 ( 1)  0.179 +-  0.517
 288 L   0.92246 0.04286 0.03468 ( 1)  0.176 +-  0.508
 289 A   0.92155 0.04315 0.03530 ( 1)  0.178 +-  0.515
 290 G   0.92805 0.04098 0.03098 ( 1)  0.164 +-  0.465
 291 D   0.92867 0.04076 0.03057 ( 1)  0.162 +-  0.461
 292 F   0.92163 0.04313 0.03524 ( 1)  0.178 +-  0.514
 293 L   0.92753 0.04116 0.03132 ( 1)  0.165 +-  0.469
 294 Q   0.92591 0.04172 0.03237 ( 1)  0.168 +-  0.481
 295 P   0.92769 0.04110 0.03120 ( 1)  0.164 +-  0.468
 296 D   0.92867 0.04076 0.03057 ( 1)  0.162 +-  0.461
 297 R   0.92144 0.04318 0.03537 ( 1)  0.179 +-  0.516
 298 L   0.92489 0.04206 0.03305 ( 1)  0.171 +-  0.489
 299 Y   0.92712 0.04131 0.03156 ( 1)  0.166 +-  0.472
 300 E   0.92747 0.04118 0.03135 ( 1)  0.165 +-  0.470
 301 F   0.92163 0.04313 0.03524 ( 1)  0.178 +-  0.514
 302 K   0.92662 0.04148 0.03190 ( 1)  0.167 +-  0.475
 303 V   0.92150 0.04316 0.03533 ( 1)  0.178 +-  0.515
 304 G   0.92805 0.04098 0.03098 ( 1)  0.164 +-  0.465
 305 V   0.92788 0.04103 0.03109 ( 1)  0.164 +-  0.467
 306 L   0.92489 0.04206 0.03305 ( 1)  0.171 +-  0.489
 307 S   0.92660 0.04149 0.03191 ( 1)  0.167 +-  0.476
 308 D   0.92867 0.04076 0.03057 ( 1)  0.162 +-  0.461
 309 D   0.92867 0.04076 0.03057 ( 1)  0.162 +-  0.461
 310 C   0.92680 0.04143 0.03178 ( 1)  0.166 +-  0.474
 311 Q   0.92591 0.04172 0.03237 ( 1)  0.168 +-  0.481
 312 S   0.92660 0.04149 0.03191 ( 1)  0.167 +-  0.476
 313 V   0.92673 0.04143 0.03184 ( 1)  0.167 +-  0.475
 314 E   0.92747 0.04118 0.03135 ( 1)  0.165 +-  0.470
 315 T   0.92704 0.04134 0.03162 ( 1)  0.166 +-  0.472
 316 I   0.92176 0.04309 0.03516 ( 1)  0.178 +-  0.513
 317 E   0.92747 0.04118 0.03135 ( 1)  0.165 +-  0.470
 318 P   0.92656 0.04149 0.03194 ( 1)  0.167 +-  0.476
 319 Q   0.92591 0.04172 0.03237 ( 1)  0.168 +-  0.481
 320 S   0.92660 0.04149 0.03191 ( 1)  0.167 +-  0.476
 321 S   0.92732 0.04124 0.03143 ( 1)  0.165 +-  0.470
 322 A   0.92029 0.04354 0.03617 ( 1)  0.181 +-  0.525
 323 G   0.92687 0.04139 0.03174 ( 1)  0.166 +-  0.474
 324 R   0.92770 0.04110 0.03120 ( 1)  0.164 +-  0.468
 325 A   0.92804 0.04098 0.03098 ( 1)  0.164 +-  0.465
 326 V   0.92673 0.04143 0.03184 ( 1)  0.167 +-  0.475
 327 R   0.92770 0.04110 0.03120 ( 1)  0.164 +-  0.468
 328 H   0.92829 0.04089 0.03082 ( 1)  0.163 +-  0.464
 329 C   0.92680 0.04143 0.03178 ( 1)  0.166 +-  0.474
 330 N   0.92792 0.04104 0.03105 ( 1)  0.164 +-  0.466
 331 S   0.92732 0.04124 0.03143 ( 1)  0.165 +-  0.470
 332 L   0.92753 0.04116 0.03132 ( 1)  0.165 +-  0.469
 333 G   0.92805 0.04098 0.03098 ( 1)  0.164 +-  0.465
 334 S   0.92660 0.04149 0.03191 ( 1)  0.167 +-  0.476
 335 R   0.92770 0.04110 0.03120 ( 1)  0.164 +-  0.468
 336 I   0.92783 0.04107 0.03110 ( 1)  0.164 +-  0.466
 337 D   0.92867 0.04076 0.03057 ( 1)  0.162 +-  0.461
 338 L   0.92489 0.04206 0.03305 ( 1)  0.171 +-  0.489
 339 R   0.92770 0.04110 0.03120 ( 1)  0.164 +-  0.468
 340 F   0.92537 0.04189 0.03274 ( 1)  0.170 +-  0.486
 341 S   0.92732 0.04124 0.03143 ( 1)  0.165 +-  0.470
 342 F   0.92163 0.04313 0.03524 ( 1)  0.178 +-  0.514
 343 P   0.92258 0.04281 0.03461 ( 1)  0.176 +-  0.507
 344 Q   0.92591 0.04172 0.03237 ( 1)  0.168 +-  0.481
 345 L   0.92753 0.04116 0.03132 ( 1)  0.165 +-  0.469
 346 P   0.92656 0.04149 0.03194 ( 1)  0.167 +-  0.476
 347 A   0.92804 0.04098 0.03098 ( 1)  0.164 +-  0.465
 348 G   0.92805 0.04098 0.03098 ( 1)  0.164 +-  0.465
 349 R   0.91997 0.04364 0.03639 ( 1)  0.182 +-  0.528
 350 S   0.92660 0.04149 0.03191 ( 1)  0.167 +-  0.476
 351 C   0.92680 0.04143 0.03178 ( 1)  0.166 +-  0.474
 352 R   0.92627 0.04159 0.03214 ( 1)  0.168 +-  0.479
 353 R   0.92770 0.04110 0.03120 ( 1)  0.164 +-  0.468
 354 G   0.92155 0.04315 0.03530 ( 1)  0.178 +-  0.515
 355 R   0.92770 0.04110 0.03120 ( 1)  0.164 +-  0.468
 356 A   0.92804 0.04098 0.03098 ( 1)  0.164 +-  0.465
 357 A   0.92804 0.04098 0.03098 ( 1)  0.164 +-  0.465
 358 D   0.92867 0.04076 0.03057 ( 1)  0.162 +-  0.461
 359 V   0.92788 0.04103 0.03109 ( 1)  0.164 +-  0.467
 360 C   0.92680 0.04143 0.03178 ( 1)  0.166 +-  0.474
 361 A   0.92155 0.04315 0.03530 ( 1)  0.178 +-  0.515
 362 Q   0.92591 0.04172 0.03237 ( 1)  0.168 +-  0.481
 363 K   0.92662 0.04148 0.03190 ( 1)  0.167 +-  0.475
 364 R   0.92770 0.04110 0.03120 ( 1)  0.164 +-  0.468
 365 A   0.92804 0.04098 0.03098 ( 1)  0.164 +-  0.465
 366 L   0.92489 0.04206 0.03305 ( 1)  0.171 +-  0.489
 367 E   0.92747 0.04118 0.03135 ( 1)  0.165 +-  0.470
 368 V   0.92673 0.04143 0.03184 ( 1)  0.167 +-  0.475
 369 Y   0.92712 0.04131 0.03156 ( 1)  0.166 +-  0.472
 370 V   0.92788 0.04103 0.03109 ( 1)  0.164 +-  0.467
 371 N   0.92792 0.04104 0.03105 ( 1)  0.164 +-  0.466
 372 L   0.92489 0.04206 0.03305 ( 1)  0.171 +-  0.489
 373 A   0.92687 0.04139 0.03174 ( 1)  0.166 +-  0.474
 374 A   0.92687 0.04139 0.03174 ( 1)  0.166 +-  0.474
 375 P   0.92656 0.04149 0.03194 ( 1)  0.167 +-  0.476
 376 R   0.92770 0.04110 0.03120 ( 1)  0.164 +-  0.468
 377 L   0.92753 0.04116 0.03132 ( 1)  0.165 +-  0.469
 378 G   0.92805 0.04098 0.03098 ( 1)  0.164 +-  0.465
 379 H   0.92228 0.04292 0.03480 ( 1)  0.177 +-  0.509
 380 P   0.92656 0.04149 0.03194 ( 1)  0.167 +-  0.476
 381 S   0.92732 0.04124 0.03143 ( 1)  0.165 +-  0.470
 382 L   0.92140 0.04320 0.03541 ( 1)  0.179 +-  0.516
 383 R   0.91997 0.04364 0.03639 ( 1)  0.182 +-  0.528
 384 A   0.92804 0.04098 0.03098 ( 1)  0.164 +-  0.465
 385 S   0.92660 0.04149 0.03191 ( 1)  0.167 +-  0.476
 386 A   0.92804 0.04098 0.03098 ( 1)  0.164 +-  0.465
 387 R   0.32173 0.24330 0.43497 ( 3)  1.441 +-  1.553
 388 S   0.92660 0.04149 0.03191 ( 1)  0.167 +-  0.476
 389 L   0.92489 0.04206 0.03305 ( 1)  0.171 +-  0.489
 390 P   0.92144 0.04318 0.03537 ( 1)  0.179 +-  0.516
 391 V   0.92150 0.04316 0.03533 ( 1)  0.178 +-  0.515
 392 V   0.92673 0.04143 0.03184 ( 1)  0.167 +-  0.475
 393 F   0.92743 0.04121 0.03136 ( 1)  0.165 +-  0.469
 394 V   0.92788 0.04103 0.03109 ( 1)  0.164 +-  0.467
 395 T   0.92704 0.04134 0.03162 ( 1)  0.166 +-  0.472
 396 H   0.92829 0.04089 0.03082 ( 1)  0.163 +-  0.464
 397 D   0.92867 0.04076 0.03057 ( 1)  0.162 +-  0.461
 398 Q   0.92591 0.04172 0.03237 ( 1)  0.168 +-  0.481
 399 Q   0.92591 0.04172 0.03237 ( 1)  0.168 +-  0.481
 400 K   0.92662 0.04148 0.03190 ( 1)  0.167 +-  0.475
 401 A   0.92687 0.04139 0.03174 ( 1)  0.166 +-  0.474
 402 A   0.92804 0.04098 0.03098 ( 1)  0.164 +-  0.465
 403 A   0.92804 0.04098 0.03098 ( 1)  0.164 +-  0.465
 404 Y   0.92712 0.04131 0.03156 ( 1)  0.166 +-  0.472
 405 A   0.92804 0.04098 0.03098 ( 1)  0.164 +-  0.465
 406 T   0.92704 0.04134 0.03162 ( 1)  0.166 +-  0.472
 407 V   0.92788 0.04103 0.03109 ( 1)  0.164 +-  0.467
 408 C   0.92680 0.04143 0.03178 ( 1)  0.166 +-  0.474
 409 Y   0.92712 0.04131 0.03156 ( 1)  0.166 +-  0.472
 410 D   0.92867 0.04076 0.03057 ( 1)  0.162 +-  0.461
 411 D   0.92242 0.04288 0.03471 ( 1)  0.176 +-  0.508
 412 L   0.92140 0.04320 0.03541 ( 1)  0.179 +-  0.516
 413 F   0.92743 0.04121 0.03136 ( 1)  0.165 +-  0.469
 414 R   0.91997 0.04364 0.03639 ( 1)  0.182 +-  0.528
 415 E   0.92141 0.04319 0.03539 ( 1)  0.179 +-  0.516
 416 T   0.92704 0.04134 0.03162 ( 1)  0.166 +-  0.472
 417 D   0.92867 0.04076 0.03057 ( 1)  0.162 +-  0.461
 418 V   0.92788 0.04103 0.03109 ( 1)  0.164 +-  0.467
 419 F   0.92743 0.04121 0.03136 ( 1)  0.165 +-  0.469
 420 N   0.92792 0.04104 0.03105 ( 1)  0.164 +-  0.466
 421 D   0.92242 0.04288 0.03471 ( 1)  0.176 +-  0.508
 422 W   0.92434 0.04225 0.03341 ( 1)  0.172 +-  0.493
 423 R   0.92770 0.04110 0.03120 ( 1)  0.164 +-  0.468
 424 R   0.91997 0.04364 0.03639 ( 1)  0.182 +-  0.528
 425 L   0.92246 0.04286 0.03468 ( 1)  0.176 +-  0.508
 426 E   0.92141 0.04319 0.03539 ( 1)  0.179 +-  0.516
 427 R   0.92144 0.04318 0.03537 ( 1)  0.179 +-  0.516
 428 R   0.92627 0.04159 0.03214 ( 1)  0.168 +-  0.479
 429 R   0.92627 0.04159 0.03214 ( 1)  0.168 +-  0.479
 430 G   0.92805 0.04098 0.03098 ( 1)  0.164 +-  0.465
 431 S   0.92160 0.04314 0.03527 ( 1)  0.178 +-  0.514
 432 F   0.92743 0.04121 0.03136 ( 1)  0.165 +-  0.469
 433 D   0.92867 0.04076 0.03057 ( 1)  0.162 +-  0.461
 434 V   0.92673 0.04143 0.03184 ( 1)  0.167 +-  0.475
 435 A   0.92687 0.04139 0.03174 ( 1)  0.166 +-  0.474
 436 P   0.92656 0.04149 0.03194 ( 1)  0.167 +-  0.476
 437 S   0.92528 0.04194 0.03278 ( 1)  0.170 +-  0.486
 438 V   0.92673 0.04143 0.03184 ( 1)  0.167 +-  0.475
 439 P   0.92024 0.04356 0.03620 ( 1)  0.182 +-  0.525
 440 A   0.92804 0.04098 0.03098 ( 1)  0.164 +-  0.465
 441 E   0.92141 0.04319 0.03539 ( 1)  0.179 +-  0.516
 442 R   0.92627 0.04159 0.03214 ( 1)  0.168 +-  0.479
 443 A   0.92687 0.04139 0.03174 ( 1)  0.166 +-  0.474
 444 L   0.92489 0.04206 0.03305 ( 1)  0.171 +-  0.489
 445 L   0.92489 0.04206 0.03305 ( 1)  0.171 +-  0.489
 446 M   0.92716 0.04130 0.03154 ( 1)  0.166 +-  0.471
 447 L   0.92489 0.04206 0.03305 ( 1)  0.171 +-  0.489
 448 D   0.92867 0.04076 0.03057 ( 1)  0.162 +-  0.461
 449 S   0.92732 0.04124 0.03143 ( 1)  0.165 +-  0.470
 450 L   0.92489 0.04206 0.03305 ( 1)  0.171 +-  0.489
 451 A   0.92804 0.04098 0.03098 ( 1)  0.164 +-  0.465
 452 R   0.92578 0.04177 0.03245 ( 1)  0.169 +-  0.482
 453 R   0.92627 0.04159 0.03214 ( 1)  0.168 +-  0.479
 454 Q   0.92591 0.04172 0.03237 ( 1)  0.168 +-  0.481
 455 L   0.92489 0.04206 0.03305 ( 1)  0.171 +-  0.489
 456 M   0.92716 0.04130 0.03154 ( 1)  0.166 +-  0.471
 457 Q   0.92591 0.04172 0.03237 ( 1)  0.168 +-  0.481
 458 P   0.92656 0.04149 0.03194 ( 1)  0.167 +-  0.476
 459 L   0.92489 0.04206 0.03305 ( 1)  0.171 +-  0.489
 460 L   0.92753 0.04116 0.03132 ( 1)  0.165 +-  0.469
 461 S   0.92660 0.04149 0.03191 ( 1)  0.167 +-  0.476
 462 V   0.92788 0.04103 0.03109 ( 1)  0.164 +-  0.467
 463 H   0.92829 0.04089 0.03082 ( 1)  0.163 +-  0.464
 464 M   0.92716 0.04130 0.03154 ( 1)  0.166 +-  0.471
 465 D   0.92867 0.04076 0.03057 ( 1)  0.162 +-  0.461
 466 Y   0.92712 0.04131 0.03156 ( 1)  0.166 +-  0.472
 467 F   0.92743 0.04121 0.03136 ( 1)  0.165 +-  0.469
 468 R   0.92627 0.04159 0.03214 ( 1)  0.168 +-  0.479
 469 R   0.92627 0.04159 0.03214 ( 1)  0.168 +-  0.479
 470 K   0.92662 0.04148 0.03190 ( 1)  0.167 +-  0.475
 471 L   0.92489 0.04206 0.03305 ( 1)  0.171 +-  0.489
 472 V   0.92150 0.04316 0.03533 ( 1)  0.178 +-  0.515
 473 A   0.92687 0.04139 0.03174 ( 1)  0.166 +-  0.474
 474 L   0.92140 0.04320 0.03541 ( 1)  0.179 +-  0.516
 475 S   0.92660 0.04149 0.03191 ( 1)  0.167 +-  0.476
 476 D   0.92242 0.04288 0.03471 ( 1)  0.176 +-  0.508
 477 S   0.92528 0.04194 0.03278 ( 1)  0.170 +-  0.486
 478 A   0.92804 0.04098 0.03098 ( 1)  0.164 +-  0.465
 479 T   0.92013 0.04359 0.03627 ( 1)  0.182 +-  0.526
 480 A   0.92804 0.04098 0.03098 ( 1)  0.164 +-  0.465
 481 E   0.92747 0.04118 0.03135 ( 1)  0.165 +-  0.470
 482 V   0.92673 0.04143 0.03184 ( 1)  0.167 +-  0.475
 483 T   0.92704 0.04134 0.03162 ( 1)  0.166 +-  0.472
 484 F   0.92743 0.04121 0.03136 ( 1)  0.165 +-  0.469
 485 D   0.92867 0.04076 0.03057 ( 1)  0.162 +-  0.461
 486 Q   0.92591 0.04172 0.03237 ( 1)  0.168 +-  0.481
 487 I   0.92783 0.04107 0.03110 ( 1)  0.164 +-  0.466
 488 A   0.92804 0.04098 0.03098 ( 1)  0.164 +-  0.465
 489 K   0.92074 0.04341 0.03585 ( 1)  0.180 +-  0.521
 490 S   0.92660 0.04149 0.03191 ( 1)  0.167 +-  0.476
 491 K   0.92662 0.04148 0.03190 ( 1)  0.167 +-  0.475
 492 L   0.92489 0.04206 0.03305 ( 1)  0.171 +-  0.489
 493 A   0.92804 0.04098 0.03098 ( 1)  0.164 +-  0.465
 494 E   0.92747 0.04118 0.03135 ( 1)  0.165 +-  0.470
 495 F   0.92743 0.04121 0.03136 ( 1)  0.165 +-  0.469
 496 N   0.92792 0.04104 0.03105 ( 1)  0.164 +-  0.466
 497 S   0.92732 0.04124 0.03143 ( 1)  0.165 +-  0.470
 498 R   0.92770 0.04110 0.03120 ( 1)  0.164 +-  0.468
 499 S   0.92732 0.04124 0.03143 ( 1)  0.165 +-  0.470
 500 L   0.92489 0.04206 0.03305 ( 1)  0.171 +-  0.489
 501 W   0.92434 0.04225 0.03341 ( 1)  0.172 +-  0.493
 502 D   0.92242 0.04288 0.03471 ( 1)  0.176 +-  0.508
 503 F   0.92743 0.04121 0.03136 ( 1)  0.165 +-  0.469
 504 F   0.92743 0.04121 0.03136 ( 1)  0.165 +-  0.469
 505 Y   0.92712 0.04131 0.03156 ( 1)  0.166 +-  0.472
 506 Q   0.92112 0.04329 0.03560 ( 1)  0.179 +-  0.518
 507 C   0.92680 0.04143 0.03178 ( 1)  0.166 +-  0.474
 508 V   0.92788 0.04103 0.03109 ( 1)  0.164 +-  0.467
 509 R   0.92627 0.04159 0.03214 ( 1)  0.168 +-  0.479
 510 L   0.92489 0.04206 0.03305 ( 1)  0.171 +-  0.489
 511 I   0.92783 0.04107 0.03110 ( 1)  0.164 +-  0.466
 512 K   0.92662 0.04148 0.03190 ( 1)  0.167 +-  0.475
 513 Q   0.92591 0.04172 0.03237 ( 1)  0.168 +-  0.481
 514 H   0.92829 0.04089 0.03082 ( 1)  0.163 +-  0.464
 515 C   0.92680 0.04143 0.03178 ( 1)  0.166 +-  0.474
 516 L   0.92753 0.04116 0.03132 ( 1)  0.165 +-  0.469
 517 S   0.92732 0.04124 0.03143 ( 1)  0.165 +-  0.470
 518 L   0.92489 0.04206 0.03305 ( 1)  0.171 +-  0.489
 519 W   0.92434 0.04225 0.03341 ( 1)  0.172 +-  0.493
 520 R   0.92770 0.04110 0.03120 ( 1)  0.164 +-  0.468
 521 H   0.92829 0.04089 0.03082 ( 1)  0.163 +-  0.464
 522 R   0.92627 0.04159 0.03214 ( 1)  0.168 +-  0.479
 523 L   0.92140 0.04320 0.03541 ( 1)  0.179 +-  0.516
 524 L   0.92489 0.04206 0.03305 ( 1)  0.171 +-  0.489
 525 L   0.92753 0.04116 0.03132 ( 1)  0.165 +-  0.469
 526 G   0.92805 0.04098 0.03098 ( 1)  0.164 +-  0.465
 527 F   0.92743 0.04121 0.03136 ( 1)  0.165 +-  0.469
 528 V   0.92150 0.04316 0.03533 ( 1)  0.178 +-  0.515
 529 E   0.92747 0.04118 0.03135 ( 1)  0.165 +-  0.470
 530 K   0.92074 0.04341 0.03585 ( 1)  0.180 +-  0.521
 531 A   0.92804 0.04098 0.03098 ( 1)  0.164 +-  0.465
 532 E   0.92141 0.04319 0.03539 ( 1)  0.179 +-  0.516
 533 A   0.92804 0.04098 0.03098 ( 1)  0.164 +-  0.465
 534 E   0.92747 0.04118 0.03135 ( 1)  0.165 +-  0.470
 535 R   0.92144 0.04318 0.03537 ( 1)  0.179 +-  0.516
 536 L   0.92489 0.04206 0.03305 ( 1)  0.171 +-  0.489
 537 V   0.92673 0.04143 0.03184 ( 1)  0.167 +-  0.475
 538 L   0.92246 0.04286 0.03468 ( 1)  0.176 +-  0.508
 539 A   0.92804 0.04098 0.03098 ( 1)  0.164 +-  0.465
 540 S   0.92732 0.04124 0.03143 ( 1)  0.165 +-  0.470
 541 N   0.92792 0.04104 0.03105 ( 1)  0.164 +-  0.466
 542 R   0.92627 0.04159 0.03214 ( 1)  0.168 +-  0.479
 543 P   0.92769 0.04110 0.03120 ( 1)  0.164 +-  0.468
 544 G   0.92805 0.04098 0.03098 ( 1)  0.164 +-  0.465
 545 A   0.92687 0.04139 0.03174 ( 1)  0.166 +-  0.474
 546 F   0.92743 0.04121 0.03136 ( 1)  0.165 +-  0.469
 547 L   0.92140 0.04320 0.03541 ( 1)  0.179 +-  0.516
 548 V   0.92027 0.04355 0.03618 ( 1)  0.181 +-  0.525
 549 R   0.92770 0.04110 0.03120 ( 1)  0.164 +-  0.468
 550 L   0.92319 0.04262 0.03419 ( 1)  0.175 +-  0.502
 551 S   0.92660 0.04149 0.03191 ( 1)  0.167 +-  0.476
 552 E   0.92747 0.04118 0.03135 ( 1)  0.165 +-  0.470
 553 S   0.92660 0.04149 0.03191 ( 1)  0.167 +-  0.476
 554 T   0.92704 0.04134 0.03162 ( 1)  0.166 +-  0.472
 555 G   0.92805 0.04098 0.03098 ( 1)  0.164 +-  0.465
 556 R   0.92770 0.04110 0.03120 ( 1)  0.164 +-  0.468
 557 L   0.92489 0.04206 0.03305 ( 1)  0.171 +-  0.489
 558 S   0.92660 0.04149 0.03191 ( 1)  0.167 +-  0.476
 559 V   0.92673 0.04143 0.03184 ( 1)  0.167 +-  0.475
 560 T   0.92598 0.04170 0.03232 ( 1)  0.168 +-  0.480
 561 R   0.92627 0.04159 0.03214 ( 1)  0.168 +-  0.479
 562 C   0.92680 0.04143 0.03178 ( 1)  0.166 +-  0.474
 563 P   0.92769 0.04110 0.03120 ( 1)  0.164 +-  0.468
 564 R   0.92578 0.04177 0.03245 ( 1)  0.169 +-  0.482
 565 L   0.92140 0.04320 0.03541 ( 1)  0.179 +-  0.516
 566 G   0.92805 0.04098 0.03098 ( 1)  0.164 +-  0.465
 567 Q   0.92591 0.04172 0.03237 ( 1)  0.168 +-  0.481
 568 A   0.92155 0.04315 0.03530 ( 1)  0.178 +-  0.515
 569 E   0.92747 0.04118 0.03135 ( 1)  0.165 +-  0.470
 570 S   0.92528 0.04194 0.03278 ( 1)  0.170 +-  0.486
 571 L   0.92753 0.04116 0.03132 ( 1)  0.165 +-  0.469
 572 D   0.92242 0.04288 0.03471 ( 1)  0.176 +-  0.508
 573 P   0.92656 0.04149 0.03194 ( 1)  0.167 +-  0.476
 574 F   0.92743 0.04121 0.03136 ( 1)  0.165 +-  0.469
 575 T   0.92704 0.04134 0.03162 ( 1)  0.166 +-  0.472
 576 D   0.92867 0.04076 0.03057 ( 1)  0.162 +-  0.461
 577 A   0.92687 0.04139 0.03174 ( 1)  0.166 +-  0.474
 578 E   0.92747 0.04118 0.03135 ( 1)  0.165 +-  0.470
 579 L   0.92489 0.04206 0.03305 ( 1)  0.171 +-  0.489
 580 Q   0.92591 0.04172 0.03237 ( 1)  0.168 +-  0.481
 581 A   0.92804 0.04098 0.03098 ( 1)  0.164 +-  0.465
 582 A   0.92687 0.04139 0.03174 ( 1)  0.166 +-  0.474
 583 P   0.92656 0.04149 0.03194 ( 1)  0.167 +-  0.476
 584 L   0.92489 0.04206 0.03305 ( 1)  0.171 +-  0.489
 585 A   0.92804 0.04098 0.03098 ( 1)  0.164 +-  0.465
 586 D   0.92867 0.04076 0.03057 ( 1)  0.162 +-  0.461
 587 R   0.92627 0.04159 0.03214 ( 1)  0.168 +-  0.479
 588 L   0.92489 0.04206 0.03305 ( 1)  0.171 +-  0.489
 589 F   0.92743 0.04121 0.03136 ( 1)  0.165 +-  0.469
 590 S   0.92732 0.04124 0.03143 ( 1)  0.165 +-  0.470
 591 E   0.92141 0.04319 0.03539 ( 1)  0.179 +-  0.516
 592 P   0.92769 0.04110 0.03120 ( 1)  0.164 +-  0.468
 593 G   0.92805 0.04098 0.03098 ( 1)  0.164 +-  0.465
 594 L   0.92753 0.04116 0.03132 ( 1)  0.165 +-  0.469
 595 V   0.92788 0.04103 0.03109 ( 1)  0.164 +-  0.467
 596 W   0.92434 0.04225 0.03341 ( 1)  0.172 +-  0.493
 597 L   0.92489 0.04206 0.03305 ( 1)  0.171 +-  0.489
 598 L   0.92753 0.04116 0.03132 ( 1)  0.165 +-  0.469
 599 D   0.92867 0.04076 0.03057 ( 1)  0.162 +-  0.461
 600 A   0.92804 0.04098 0.03098 ( 1)  0.164 +-  0.465
 601 E   0.92747 0.04118 0.03135 ( 1)  0.165 +-  0.470
 602 G   0.92805 0.04098 0.03098 ( 1)  0.164 +-  0.465
 603 R   0.92770 0.04110 0.03120 ( 1)  0.164 +-  0.468
 604 C   0.92680 0.04143 0.03178 ( 1)  0.166 +-  0.474
 605 L   0.92489 0.04206 0.03305 ( 1)  0.171 +-  0.489
 606 A   0.92804 0.04098 0.03098 ( 1)  0.164 +-  0.465
 607 K   0.92662 0.04148 0.03190 ( 1)  0.167 +-  0.475
 608 A   0.92687 0.04139 0.03174 ( 1)  0.166 +-  0.474
 609 D   0.92867 0.04076 0.03057 ( 1)  0.162 +-  0.461
 610 A   0.92687 0.04139 0.03174 ( 1)  0.166 +-  0.474
 611 L   0.92489 0.04206 0.03305 ( 1)  0.171 +-  0.489
 612 A   0.92804 0.04098 0.03098 ( 1)  0.164 +-  0.465
 613 D   0.92242 0.04288 0.03471 ( 1)  0.176 +-  0.508
 614 H   0.92829 0.04089 0.03082 ( 1)  0.163 +-  0.464
 615 V   0.92673 0.04143 0.03184 ( 1)  0.167 +-  0.475
 616 N   0.92792 0.04104 0.03105 ( 1)  0.164 +-  0.466
 617 R   0.92627 0.04159 0.03214 ( 1)  0.168 +-  0.479
 618 S   0.92110 0.04329 0.03560 ( 1)  0.179 +-  0.518
 619 G   0.92687 0.04139 0.03174 ( 1)  0.166 +-  0.474
 620 A   0.92804 0.04098 0.03098 ( 1)  0.164 +-  0.465
 621 A   0.92804 0.04098 0.03098 ( 1)  0.164 +-  0.465
 622 D   0.92867 0.04076 0.03057 ( 1)  0.162 +-  0.461
 623 R   0.92578 0.04177 0.03245 ( 1)  0.169 +-  0.482
 624 P   0.92656 0.04149 0.03194 ( 1)  0.167 +-  0.476
 625 P   0.92769 0.04110 0.03120 ( 1)  0.164 +-  0.468
 626 A   0.92155 0.04315 0.03530 ( 1)  0.178 +-  0.515
 627 A   0.92804 0.04098 0.03098 ( 1)  0.164 +-  0.465
 628 D   0.92867 0.04076 0.03057 ( 1)  0.162 +-  0.461
 629 G   0.92805 0.04098 0.03098 ( 1)  0.164 +-  0.465
 630 Y   0.92712 0.04131 0.03156 ( 1)  0.166 +-  0.472
 631 V   0.92673 0.04143 0.03184 ( 1)  0.167 +-  0.475
 632 P   0.92656 0.04149 0.03194 ( 1)  0.167 +-  0.476
 633 R   0.92047 0.04349 0.03604 ( 1)  0.181 +-  0.524
 634 R   0.92627 0.04159 0.03214 ( 1)  0.168 +-  0.479
 635 R   0.92770 0.04110 0.03120 ( 1)  0.164 +-  0.468
 636 G   0.92687 0.04139 0.03174 ( 1)  0.166 +-  0.474
 637 Q   0.92591 0.04172 0.03237 ( 1)  0.168 +-  0.481
 638 T   0.92124 0.04325 0.03551 ( 1)  0.179 +-  0.517
 639 G   0.92805 0.04098 0.03098 ( 1)  0.164 +-  0.465
 640 D   0.92867 0.04076 0.03057 ( 1)  0.162 +-  0.461
 641 C   0.92680 0.04143 0.03178 ( 1)  0.166 +-  0.474
 642 G   0.92805 0.04098 0.03098 ( 1)  0.164 +-  0.465
 643 C   0.92680 0.04143 0.03178 ( 1)  0.166 +-  0.474
 644 G   0.92805 0.04098 0.03098 ( 1)  0.164 +-  0.465
 645 C   0.92680 0.04143 0.03178 ( 1)  0.166 +-  0.474
 646 G   0.92025 0.04356 0.03619 ( 1)  0.181 +-  0.525
 647 L   0.92753 0.04116 0.03132 ( 1)  0.165 +-  0.469
 648 L   0.92489 0.04206 0.03305 ( 1)  0.171 +-  0.489
 649 D   0.92242 0.04288 0.03471 ( 1)  0.176 +-  0.508
 650 A   0.92804 0.04098 0.03098 ( 1)  0.164 +-  0.465
 651 S   0.92732 0.04124 0.03143 ( 1)  0.165 +-  0.470
 652 S   0.92160 0.04314 0.03527 ( 1)  0.178 +-  0.514
 653 L   0.92489 0.04206 0.03305 ( 1)  0.171 +-  0.489
 654 G   0.92687 0.04139 0.03174 ( 1)  0.166 +-  0.474
 655 E   0.92747 0.04118 0.03135 ( 1)  0.165 +-  0.470
 656 S   0.92732 0.04124 0.03143 ( 1)  0.165 +-  0.470
 657 L   0.92489 0.04206 0.03305 ( 1)  0.171 +-  0.489
 658 P   0.92769 0.04110 0.03120 ( 1)  0.164 +-  0.468

Positively selected sites

	Prob(w>1)  mean w


