Supplemental results for CODEML (seqf: algn  treef: tree)


dN/dS (w) for site classes (K=3)

p:   1.00000  0.00000  0.00000
w:   0.00000  1.00000  1.00000

Naive Empirical Bayes (NEB) probabilities for 3 classes & postmean_w
(amino acids refer to 1st sequence: Ecg.1261)

   1 M   1.00000 0.00000 0.00000 ( 1)  0.000
   2 E   1.00000 0.00000 0.00000 ( 1)  0.000
   3 G   1.00000 0.00000 0.00000 ( 1)  0.000
   4 V   1.00000 0.00000 0.00000 ( 1)  0.000
   5 C   1.00000 0.00000 0.00000 ( 1)  0.000
   6 I   1.00000 0.00000 0.00000 ( 1)  0.000
   7 L   1.00000 0.00000 0.00000 ( 1)  0.000
   8 S   1.00000 0.00000 0.00000 ( 1)  0.000
   9 L   1.00000 0.00000 0.00000 ( 1)  0.000
  10 L   1.00000 0.00000 0.00000 ( 1)  0.000
  11 P   1.00000 0.00000 0.00000 ( 1)  0.000
  12 L   1.00000 0.00000 0.00000 ( 1)  0.000
  13 L   1.00000 0.00000 0.00000 ( 1)  0.000
  14 S   1.00000 0.00000 0.00000 ( 1)  0.000
  15 M   1.00000 0.00000 0.00000 ( 1)  0.000
  16 A   1.00000 0.00000 0.00000 ( 1)  0.000
  17 R   1.00000 0.00000 0.00000 ( 1)  0.000
  18 M   1.00000 0.00000 0.00000 ( 1)  0.000
  19 G   1.00000 0.00000 0.00000 ( 1)  0.000
  20 Y   1.00000 0.00000 0.00000 ( 1)  0.000
  21 S   1.00000 0.00000 0.00000 ( 1)  0.000
  22 H   1.00000 0.00000 0.00000 ( 1)  0.000
  23 H   1.00000 0.00000 0.00000 ( 1)  0.000
  24 I   1.00000 0.00000 0.00000 ( 1)  0.000
  25 N   1.00000 0.00000 0.00000 ( 1)  0.000
  26 G   1.00000 0.00000 0.00000 ( 1)  0.000
  27 M   1.00000 0.00000 0.00000 ( 1)  0.000
  28 K   1.00000 0.00000 0.00000 ( 1)  0.000
  29 T   1.00000 0.00000 0.00000 ( 1)  0.000
  30 T   1.00000 0.00000 0.00000 ( 1)  0.000
  31 A   1.00000 0.00000 0.00000 ( 1)  0.000
  32 S   1.00000 0.00000 0.00000 ( 1)  0.000
  33 A   1.00000 0.00000 0.00000 ( 1)  0.000
  34 V   1.00000 0.00000 0.00000 ( 1)  0.000
  35 H   1.00000 0.00000 0.00000 ( 1)  0.000
  36 F   1.00000 0.00000 0.00000 ( 1)  0.000
  37 L   1.00000 0.00000 0.00000 ( 1)  0.000
  38 F   1.00000 0.00000 0.00000 ( 1)  0.000
  39 L   1.00000 0.00000 0.00000 ( 1)  0.000
  40 M   1.00000 0.00000 0.00000 ( 1)  0.000
  41 S   1.00000 0.00000 0.00000 ( 1)  0.000
  42 S   1.00000 0.00000 0.00000 ( 1)  0.000
  43 V   1.00000 0.00000 0.00000 ( 1)  0.000
  44 V   1.00000 0.00000 0.00000 ( 1)  0.000
  45 I   1.00000 0.00000 0.00000 ( 1)  0.000
  46 V   1.00000 0.00000 0.00000 ( 1)  0.000
  47 L   1.00000 0.00000 0.00000 ( 1)  0.000
  48 V   1.00000 0.00000 0.00000 ( 1)  0.000
  49 M   1.00000 0.00000 0.00000 ( 1)  0.000
  50 L   1.00000 0.00000 0.00000 ( 1)  0.000
  51 R   1.00000 0.00000 0.00000 ( 1)  0.000
  52 R   1.00000 0.00000 0.00000 ( 1)  0.000
  53 R   1.00000 0.00000 0.00000 ( 1)  0.000
  54 L   1.00000 0.00000 0.00000 ( 1)  0.000
  55 I   1.00000 0.00000 0.00000 ( 1)  0.000
  56 A   1.00000 0.00000 0.00000 ( 1)  0.000
  57 R   1.00000 0.00000 0.00000 ( 1)  0.000
  58 G   1.00000 0.00000 0.00000 ( 1)  0.000
  59 Y   1.00000 0.00000 0.00000 ( 1)  0.000
  60 S   1.00000 0.00000 0.00000 ( 1)  0.000
  61 N   1.00000 0.00000 0.00000 ( 1)  0.000
  62 E   1.00000 0.00000 0.00000 ( 1)  0.000
  63 L   1.00000 0.00000 0.00000 ( 1)  0.000
  64 L   1.00000 0.00000 0.00000 ( 1)  0.000
  65 V   1.00000 0.00000 0.00000 ( 1)  0.000
  66 G   1.00000 0.00000 0.00000 ( 1)  0.000
  67 M   1.00000 0.00000 0.00000 ( 1)  0.000
  68 D   1.00000 0.00000 0.00000 ( 1)  0.000
  69 I   1.00000 0.00000 0.00000 ( 1)  0.000
  70 G   1.00000 0.00000 0.00000 ( 1)  0.000
  71 N   1.00000 0.00000 0.00000 ( 1)  0.000
  72 Y   1.00000 0.00000 0.00000 ( 1)  0.000
  73 H   1.00000 0.00000 0.00000 ( 1)  0.000
  74 L   1.00000 0.00000 0.00000 ( 1)  0.000
  75 S   1.00000 0.00000 0.00000 ( 1)  0.000
  76 L   1.00000 0.00000 0.00000 ( 1)  0.000
  77 S   1.00000 0.00000 0.00000 ( 1)  0.000
  78 L   1.00000 0.00000 0.00000 ( 1)  0.000
  79 P   1.00000 0.00000 0.00000 ( 1)  0.000
  80 F   1.00000 0.00000 0.00000 ( 1)  0.000
  81 G   1.00000 0.00000 0.00000 ( 1)  0.000
  82 L   1.00000 0.00000 0.00000 ( 1)  0.000
  83 S   1.00000 0.00000 0.00000 ( 1)  0.000
  84 S   1.00000 0.00000 0.00000 ( 1)  0.000
  85 H   1.00000 0.00000 0.00000 ( 1)  0.000
  86 Y   1.00000 0.00000 0.00000 ( 1)  0.000
  87 A   1.00000 0.00000 0.00000 ( 1)  0.000
  88 P   1.00000 0.00000 0.00000 ( 1)  0.000
  89 L   1.00000 0.00000 0.00000 ( 1)  0.000
  90 P   1.00000 0.00000 0.00000 ( 1)  0.000
  91 T   1.00000 0.00000 0.00000 ( 1)  0.000
  92 I   1.00000 0.00000 0.00000 ( 1)  0.000
  93 L   1.00000 0.00000 0.00000 ( 1)  0.000
  94 P   1.00000 0.00000 0.00000 ( 1)  0.000
  95 L   1.00000 0.00000 0.00000 ( 1)  0.000
  96 L   1.00000 0.00000 0.00000 ( 1)  0.000
  97 L   1.00000 0.00000 0.00000 ( 1)  0.000
  98 L   1.00000 0.00000 0.00000 ( 1)  0.000
  99 S   1.00000 0.00000 0.00000 ( 1)  0.000
 100 P   1.00000 0.00000 0.00000 ( 1)  0.000
 101 T   1.00000 0.00000 0.00000 ( 1)  0.000
 102 D   1.00000 0.00000 0.00000 ( 1)  0.000
 103 P   1.00000 0.00000 0.00000 ( 1)  0.000
 104 I   1.00000 0.00000 0.00000 ( 1)  0.000
 105 P   1.00000 0.00000 0.00000 ( 1)  0.000
 106 T   1.00000 0.00000 0.00000 ( 1)  0.000
 107 T   1.00000 0.00000 0.00000 ( 1)  0.000
 108 H   1.00000 0.00000 0.00000 ( 1)  0.000
 109 P   1.00000 0.00000 0.00000 ( 1)  0.000
 110 L   1.00000 0.00000 0.00000 ( 1)  0.000
 111 P   1.00000 0.00000 0.00000 ( 1)  0.000
 112 P   1.00000 0.00000 0.00000 ( 1)  0.000
 113 T   1.00000 0.00000 0.00000 ( 1)  0.000
 114 R   1.00000 0.00000 0.00000 ( 1)  0.000
 115 V   1.00000 0.00000 0.00000 ( 1)  0.000
 116 L   1.00000 0.00000 0.00000 ( 1)  0.000
 117 P   1.00000 0.00000 0.00000 ( 1)  0.000
 118 H   1.00000 0.00000 0.00000 ( 1)  0.000
 119 P   1.00000 0.00000 0.00000 ( 1)  0.000
 120 P   1.00000 0.00000 0.00000 ( 1)  0.000
 121 L   1.00000 0.00000 0.00000 ( 1)  0.000
 122 N   1.00000 0.00000 0.00000 ( 1)  0.000
 123 P   1.00000 0.00000 0.00000 ( 1)  0.000
 124 F   1.00000 0.00000 0.00000 ( 1)  0.000
 125 I   1.00000 0.00000 0.00000 ( 1)  0.000
 126 H   1.00000 0.00000 0.00000 ( 1)  0.000
 127 T   1.00000 0.00000 0.00000 ( 1)  0.000
 128 P   1.00000 0.00000 0.00000 ( 1)  0.000
 129 P   1.00000 0.00000 0.00000 ( 1)  0.000
 130 H   1.00000 0.00000 0.00000 ( 1)  0.000
 131 H   1.00000 0.00000 0.00000 ( 1)  0.000
 132 T   1.00000 0.00000 0.00000 ( 1)  0.000
 133 G   1.00000 0.00000 0.00000 ( 1)  0.000
 134 L   1.00000 0.00000 0.00000 ( 1)  0.000
 135 I   1.00000 0.00000 0.00000 ( 1)  0.000
 136 R   1.00000 0.00000 0.00000 ( 1)  0.000
 137 R   1.00000 0.00000 0.00000 ( 1)  0.000
 138 C   1.00000 0.00000 0.00000 ( 1)  0.000
 139 T   1.00000 0.00000 0.00000 ( 1)  0.000
 140 M   1.00000 0.00000 0.00000 ( 1)  0.000
 141 Q   1.00000 0.00000 0.00000 ( 1)  0.000
 142 K   1.00000 0.00000 0.00000 ( 1)  0.000
 143 F   1.00000 0.00000 0.00000 ( 1)  0.000
 144 G   1.00000 0.00000 0.00000 ( 1)  0.000
 145 G   1.00000 0.00000 0.00000 ( 1)  0.000
 146 W   1.00000 0.00000 0.00000 ( 1)  0.000
 147 M   1.00000 0.00000 0.00000 ( 1)  0.000
 148 I   1.00000 0.00000 0.00000 ( 1)  0.000
 149 G   1.00000 0.00000 0.00000 ( 1)  0.000
 150 V   1.00000 0.00000 0.00000 ( 1)  0.000
 151 C   1.00000 0.00000 0.00000 ( 1)  0.000
 152 V   1.00000 0.00000 0.00000 ( 1)  0.000
 153 V   1.00000 0.00000 0.00000 ( 1)  0.000
 154 A   1.00000 0.00000 0.00000 ( 1)  0.000
 155 V   1.00000 0.00000 0.00000 ( 1)  0.000
 156 E   1.00000 0.00000 0.00000 ( 1)  0.000
 157 V   1.00000 0.00000 0.00000 ( 1)  0.000
 158 F   1.00000 0.00000 0.00000 ( 1)  0.000
 159 P   1.00000 0.00000 0.00000 ( 1)  0.000
 160 L   1.00000 0.00000 0.00000 ( 1)  0.000
 161 P   1.00000 0.00000 0.00000 ( 1)  0.000
 162 A   1.00000 0.00000 0.00000 ( 1)  0.000
 163 R   1.00000 0.00000 0.00000 ( 1)  0.000
 164 S   1.00000 0.00000 0.00000 ( 1)  0.000
 165 F   1.00000 0.00000 0.00000 ( 1)  0.000
 166 N   1.00000 0.00000 0.00000 ( 1)  0.000
 167 C   1.00000 0.00000 0.00000 ( 1)  0.000
 168 T   1.00000 0.00000 0.00000 ( 1)  0.000
 169 L   1.00000 0.00000 0.00000 ( 1)  0.000
 170 P   1.00000 0.00000 0.00000 ( 1)  0.000
 171 L   1.00000 0.00000 0.00000 ( 1)  0.000
 172 I   1.00000 0.00000 0.00000 ( 1)  0.000
 173 S   1.00000 0.00000 0.00000 ( 1)  0.000
 174 C   1.00000 0.00000 0.00000 ( 1)  0.000
 175 T   1.00000 0.00000 0.00000 ( 1)  0.000
 176 T   1.00000 0.00000 0.00000 ( 1)  0.000
 177 M   1.00000 0.00000 0.00000 ( 1)  0.000
 178 G   1.00000 0.00000 0.00000 ( 1)  0.000
 179 A   1.00000 0.00000 0.00000 ( 1)  0.000
 180 E   1.00000 0.00000 0.00000 ( 1)  0.000
 181 A   1.00000 0.00000 0.00000 ( 1)  0.000
 182 H   1.00000 0.00000 0.00000 ( 1)  0.000
 183 L   1.00000 0.00000 0.00000 ( 1)  0.000
 184 P   1.00000 0.00000 0.00000 ( 1)  0.000
 185 Y   1.00000 0.00000 0.00000 ( 1)  0.000
 186 F   1.00000 0.00000 0.00000 ( 1)  0.000
 187 P   1.00000 0.00000 0.00000 ( 1)  0.000
 188 P   1.00000 0.00000 0.00000 ( 1)  0.000
 189 Q   1.00000 0.00000 0.00000 ( 1)  0.000
 190 L   1.00000 0.00000 0.00000 ( 1)  0.000
 191 H   1.00000 0.00000 0.00000 ( 1)  0.000
 192 K   1.00000 0.00000 0.00000 ( 1)  0.000
 193 H   1.00000 0.00000 0.00000 ( 1)  0.000
 194 C   1.00000 0.00000 0.00000 ( 1)  0.000
 195 L   1.00000 0.00000 0.00000 ( 1)  0.000
 196 G   1.00000 0.00000 0.00000 ( 1)  0.000
 197 M   1.00000 0.00000 0.00000 ( 1)  0.000
 198 M   1.00000 0.00000 0.00000 ( 1)  0.000
 199 Q   1.00000 0.00000 0.00000 ( 1)  0.000
 200 K   1.00000 0.00000 0.00000 ( 1)  0.000
 201 A   1.00000 0.00000 0.00000 ( 1)  0.000
 202 Q   1.00000 0.00000 0.00000 ( 1)  0.000
 203 R   1.00000 0.00000 0.00000 ( 1)  0.000
 204 W   1.00000 0.00000 0.00000 ( 1)  0.000
 205 R   1.00000 0.00000 0.00000 ( 1)  0.000
 206 G   1.00000 0.00000 0.00000 ( 1)  0.000
 207 R   1.00000 0.00000 0.00000 ( 1)  0.000
 208 Q   1.00000 0.00000 0.00000 ( 1)  0.000
 209 W   1.00000 0.00000 0.00000 ( 1)  0.000
 210 E   1.00000 0.00000 0.00000 ( 1)  0.000
 211 S   1.00000 0.00000 0.00000 ( 1)  0.000
 212 R   1.00000 0.00000 0.00000 ( 1)  0.000
 213 W   1.00000 0.00000 0.00000 ( 1)  0.000
 214 M   1.00000 0.00000 0.00000 ( 1)  0.000
 215 Y   1.00000 0.00000 0.00000 ( 1)  0.000
 216 R   1.00000 0.00000 0.00000 ( 1)  0.000
 217 C   1.00000 0.00000 0.00000 ( 1)  0.000
 218 S   1.00000 0.00000 0.00000 ( 1)  0.000
 219 P   1.00000 0.00000 0.00000 ( 1)  0.000
 220 R   1.00000 0.00000 0.00000 ( 1)  0.000
 221 I   1.00000 0.00000 0.00000 ( 1)  0.000
 222 A   1.00000 0.00000 0.00000 ( 1)  0.000
 223 P   1.00000 0.00000 0.00000 ( 1)  0.000
 224 P   1.00000 0.00000 0.00000 ( 1)  0.000
 225 V   1.00000 0.00000 0.00000 ( 1)  0.000
 226 S   1.00000 0.00000 0.00000 ( 1)  0.000
 227 H   1.00000 0.00000 0.00000 ( 1)  0.000
 228 E   1.00000 0.00000 0.00000 ( 1)  0.000
 229 A   1.00000 0.00000 0.00000 ( 1)  0.000
 230 A   1.00000 0.00000 0.00000 ( 1)  0.000
 231 F   1.00000 0.00000 0.00000 ( 1)  0.000
 232 G   1.00000 0.00000 0.00000 ( 1)  0.000
 233 R   1.00000 0.00000 0.00000 ( 1)  0.000

Positively selected sites

	Prob(w>1)  mean w



lnL =  -948.086526

Bayes Empirical Bayes (BEB) probabilities for 3 classes (class) & postmean_w
(amino acids refer to 1st sequence: Ecg.1261)

   1 M   0.33428 0.33404 0.33167 ( 1)  2.483 +-  2.977
   2 E   0.33427 0.33404 0.33169 ( 1)  2.484 +-  2.977
   3 G   0.33427 0.33404 0.33169 ( 1)  2.483 +-  2.977
   4 V   0.33428 0.33404 0.33169 ( 1)  2.483 +-  2.977
   5 C   0.33428 0.33404 0.33169 ( 1)  2.483 +-  2.977
   6 I   0.33428 0.33404 0.33168 ( 1)  2.483 +-  2.977
   7 L   0.33428 0.33404 0.33168 ( 1)  2.483 +-  2.977
   8 S   0.33427 0.33403 0.33170 ( 1)  2.484 +-  2.977
   9 L   0.33428 0.33404 0.33168 ( 1)  2.483 +-  2.977
  10 L   0.33427 0.33404 0.33169 ( 1)  2.483 +-  2.977
  11 P   0.33427 0.33403 0.33169 ( 1)  2.484 +-  2.977
  12 L   0.33428 0.33404 0.33168 ( 1)  2.483 +-  2.977
  13 L   0.33428 0.33404 0.33169 ( 1)  2.483 +-  2.977
  14 S   0.33427 0.33403 0.33170 ( 1)  2.484 +-  2.977
  15 M   0.33428 0.33404 0.33167 ( 1)  2.483 +-  2.977
  16 A   0.33427 0.33404 0.33169 ( 1)  2.484 +-  2.977
  17 R   0.33427 0.33404 0.33169 ( 1)  2.484 +-  2.977
  18 M   0.33428 0.33404 0.33167 ( 1)  2.483 +-  2.977
  19 G   0.33427 0.33404 0.33169 ( 1)  2.484 +-  2.977
  20 Y   0.33427 0.33404 0.33169 ( 1)  2.484 +-  2.977
  21 S   0.33427 0.33404 0.33169 ( 1)  2.484 +-  2.977
  22 H   0.33428 0.33404 0.33168 ( 1)  2.483 +-  2.977
  23 H   0.33428 0.33404 0.33168 ( 1)  2.483 +-  2.977
  24 I   0.33428 0.33404 0.33168 ( 1)  2.483 +-  2.977
  25 N   0.33428 0.33404 0.33168 ( 1)  2.483 +-  2.977
  26 G   0.33427 0.33404 0.33169 ( 1)  2.484 +-  2.977
  27 M   0.33428 0.33404 0.33167 ( 1)  2.483 +-  2.977
  28 K   0.33427 0.33404 0.33169 ( 1)  2.484 +-  2.977
  29 T   0.33427 0.33404 0.33169 ( 1)  2.483 +-  2.977
  30 T   0.33427 0.33404 0.33169 ( 1)  2.483 +-  2.977
  31 A   0.33427 0.33404 0.33169 ( 1)  2.484 +-  2.977
  32 S   0.33427 0.33404 0.33169 ( 1)  2.484 +-  2.977
  33 A   0.33427 0.33404 0.33169 ( 1)  2.484 +-  2.977
  34 V   0.33428 0.33404 0.33169 ( 1)  2.483 +-  2.977
  35 H   0.33428 0.33404 0.33168 ( 1)  2.483 +-  2.977
  36 F   0.33428 0.33404 0.33168 ( 1)  2.483 +-  2.977
  37 L   0.33428 0.33404 0.33168 ( 1)  2.483 +-  2.977
  38 F   0.33428 0.33404 0.33168 ( 1)  2.483 +-  2.977
  39 L   0.33427 0.33404 0.33169 ( 1)  2.483 +-  2.977
  40 M   0.33428 0.33404 0.33167 ( 1)  2.483 +-  2.977
  41 S   0.33427 0.33404 0.33169 ( 1)  2.484 +-  2.977
  42 S   0.33427 0.33403 0.33170 ( 1)  2.484 +-  2.977
  43 V   0.33427 0.33404 0.33169 ( 1)  2.483 +-  2.977
  44 V   0.33427 0.33404 0.33169 ( 1)  2.483 +-  2.977
  45 I   0.33428 0.33404 0.33168 ( 1)  2.483 +-  2.977
  46 V   0.33427 0.33404 0.33169 ( 1)  2.483 +-  2.977
  47 L   0.33428 0.33404 0.33169 ( 1)  2.483 +-  2.977
  48 V   0.33427 0.33404 0.33169 ( 1)  2.483 +-  2.977
  49 M   0.33428 0.33404 0.33167 ( 1)  2.483 +-  2.977
  50 L   0.33427 0.33404 0.33169 ( 1)  2.484 +-  2.977
  51 R   0.33428 0.33404 0.33169 ( 1)  2.483 +-  2.977
  52 R   0.33427 0.33403 0.33169 ( 1)  2.484 +-  2.977
  53 R   0.33428 0.33404 0.33168 ( 1)  2.483 +-  2.977
  54 L   0.33428 0.33404 0.33168 ( 1)  2.483 +-  2.977
  55 I   0.33428 0.33404 0.33168 ( 1)  2.483 +-  2.977
  56 A   0.33427 0.33404 0.33169 ( 1)  2.484 +-  2.977
  57 R   0.33427 0.33403 0.33169 ( 1)  2.484 +-  2.977
  58 G   0.33427 0.33404 0.33169 ( 1)  2.483 +-  2.977
  59 Y   0.33427 0.33404 0.33169 ( 1)  2.484 +-  2.977
  60 S   0.33427 0.33403 0.33170 ( 1)  2.484 +-  2.977
  61 N   0.33428 0.33404 0.33168 ( 1)  2.483 +-  2.977
  62 E   0.33427 0.33404 0.33169 ( 1)  2.484 +-  2.977
  63 L   0.33428 0.33404 0.33168 ( 1)  2.483 +-  2.977
  64 L   0.33428 0.33404 0.33169 ( 1)  2.483 +-  2.977
  65 V   0.33427 0.33404 0.33169 ( 1)  2.483 +-  2.977
  66 G   0.33427 0.33404 0.33169 ( 1)  2.484 +-  2.977
  67 M   0.33428 0.33404 0.33167 ( 1)  2.483 +-  2.977
  68 D   0.33428 0.33404 0.33168 ( 1)  2.483 +-  2.977
  69 I   0.33428 0.33404 0.33168 ( 1)  2.483 +-  2.977
  70 G   0.33427 0.33404 0.33169 ( 1)  2.483 +-  2.977
  71 N   0.33428 0.33404 0.33168 ( 1)  2.483 +-  2.977
  72 Y   0.33427 0.33404 0.33169 ( 1)  2.484 +-  2.977
  73 H   0.33428 0.33404 0.33168 ( 1)  2.483 +-  2.977
  74 L   0.33428 0.33404 0.33168 ( 1)  2.483 +-  2.977
  75 S   0.33427 0.33404 0.33169 ( 1)  2.484 +-  2.977
  76 L   0.33428 0.33404 0.33168 ( 1)  2.483 +-  2.977
  77 S   0.33427 0.33404 0.33169 ( 1)  2.484 +-  2.977
  78 L   0.33428 0.33404 0.33169 ( 1)  2.483 +-  2.977
  79 P   0.33427 0.33404 0.33169 ( 1)  2.483 +-  2.977
  80 F   0.33428 0.33404 0.33168 ( 1)  2.483 +-  2.977
  81 G   0.33427 0.33404 0.33169 ( 1)  2.483 +-  2.977
  82 L   0.33428 0.33404 0.33168 ( 1)  2.483 +-  2.977
  83 S   0.33427 0.33404 0.33169 ( 1)  2.484 +-  2.977
  84 S   0.33427 0.33404 0.33169 ( 1)  2.484 +-  2.977
  85 H   0.33428 0.33404 0.33168 ( 1)  2.483 +-  2.977
  86 Y   0.33427 0.33404 0.33169 ( 1)  2.484 +-  2.977
  87 A   0.33427 0.33404 0.33169 ( 1)  2.483 +-  2.977
  88 P   0.33427 0.33404 0.33169 ( 1)  2.483 +-  2.977
  89 L   0.33427 0.33404 0.33169 ( 1)  2.483 +-  2.977
  90 P   0.33427 0.33404 0.33169 ( 1)  2.483 +-  2.977
  91 T   0.33427 0.33403 0.33169 ( 1)  2.484 +-  2.977
  92 I   0.33428 0.33404 0.33168 ( 1)  2.483 +-  2.977
  93 L   0.33428 0.33404 0.33169 ( 1)  2.483 +-  2.977
  94 P   0.33427 0.33403 0.33169 ( 1)  2.484 +-  2.977
  95 L   0.33428 0.33404 0.33168 ( 1)  2.483 +-  2.977
  96 L   0.33428 0.33404 0.33168 ( 1)  2.483 +-  2.977
  97 L   0.33428 0.33404 0.33169 ( 1)  2.483 +-  2.977
  98 L   0.33428 0.33404 0.33168 ( 1)  2.483 +-  2.977
  99 S   0.33427 0.33403 0.33170 ( 1)  2.484 +-  2.977
 100 P   0.33428 0.33404 0.33169 ( 1)  2.483 +-  2.977
 101 T   0.33427 0.33404 0.33169 ( 1)  2.483 +-  2.977
 102 D   0.33428 0.33404 0.33168 ( 1)  2.483 +-  2.977
 103 P   0.33427 0.33403 0.33169 ( 1)  2.484 +-  2.977
 104 I   0.33428 0.33404 0.33168 ( 1)  2.483 +-  2.977
 105 P   0.33428 0.33404 0.33169 ( 1)  2.483 +-  2.977
 106 T   0.33428 0.33404 0.33169 ( 1)  2.483 +-  2.977
 107 T   0.33427 0.33404 0.33169 ( 1)  2.483 +-  2.977
 108 H   0.33428 0.33404 0.33168 ( 1)  2.483 +-  2.977
 109 P   0.33427 0.33404 0.33169 ( 1)  2.483 +-  2.977
 110 L   0.33428 0.33404 0.33168 ( 1)  2.483 +-  2.977
 111 P   0.33427 0.33404 0.33169 ( 1)  2.483 +-  2.977
 112 P   0.33428 0.33404 0.33169 ( 1)  2.483 +-  2.977
 113 T   0.33427 0.33404 0.33169 ( 1)  2.483 +-  2.977
 114 R   0.33427 0.33403 0.33169 ( 1)  2.484 +-  2.977
 115 V   0.33428 0.33404 0.33169 ( 1)  2.483 +-  2.977
 116 L   0.33428 0.33404 0.33168 ( 1)  2.483 +-  2.977
 117 P   0.33428 0.33404 0.33169 ( 1)  2.483 +-  2.977
 118 H   0.33428 0.33404 0.33168 ( 1)  2.483 +-  2.977
 119 P   0.33427 0.33403 0.33169 ( 1)  2.484 +-  2.977
 120 P   0.33427 0.33403 0.33169 ( 1)  2.484 +-  2.977
 121 L   0.33428 0.33404 0.33168 ( 1)  2.483 +-  2.977
 122 N   0.33428 0.33404 0.33168 ( 1)  2.483 +-  2.977
 123 P   0.33427 0.33403 0.33169 ( 1)  2.484 +-  2.977
 124 F   0.33428 0.33404 0.33168 ( 1)  2.483 +-  2.977
 125 I   0.33428 0.33404 0.33168 ( 1)  2.483 +-  2.977
 126 H   0.33428 0.33404 0.33168 ( 1)  2.483 +-  2.977
 127 T   0.33427 0.33403 0.33169 ( 1)  2.484 +-  2.977
 128 P   0.33427 0.33403 0.33169 ( 1)  2.484 +-  2.977
 129 P   0.33427 0.33403 0.33169 ( 1)  2.484 +-  2.977
 130 H   0.33428 0.33404 0.33168 ( 1)  2.483 +-  2.977
 131 H   0.33428 0.33404 0.33168 ( 1)  2.483 +-  2.977
 132 T   0.33427 0.33404 0.33169 ( 1)  2.483 +-  2.977
 133 G   0.33427 0.33404 0.33169 ( 1)  2.483 +-  2.977
 134 L   0.33428 0.33404 0.33168 ( 1)  2.483 +-  2.977
 135 I   0.33428 0.33404 0.33168 ( 1)  2.483 +-  2.977
 136 R   0.33427 0.33404 0.33169 ( 1)  2.484 +-  2.977
 137 R   0.33428 0.33404 0.33168 ( 1)  2.483 +-  2.977
 138 C   0.33428 0.33404 0.33169 ( 1)  2.483 +-  2.977
 139 T   0.33427 0.33404 0.33169 ( 1)  2.484 +-  2.977
 140 M   0.33428 0.33404 0.33167 ( 1)  2.483 +-  2.977
 141 Q   0.33428 0.33404 0.33168 ( 1)  2.483 +-  2.977
 142 K   0.33428 0.33404 0.33169 ( 1)  2.483 +-  2.977
 143 F   0.33428 0.33404 0.33168 ( 1)  2.483 +-  2.977
 144 G   0.33427 0.33404 0.33169 ( 1)  2.483 +-  2.977
 145 G   0.33427 0.33404 0.33169 ( 1)  2.483 +-  2.977
 146 W   0.33428 0.33404 0.33169 ( 1)  2.483 +-  2.977
 147 M   0.33428 0.33404 0.33167 ( 1)  2.483 +-  2.977
 148 I   0.33428 0.33404 0.33168 ( 1)  2.483 +-  2.977
 149 G   0.33427 0.33404 0.33169 ( 1)  2.483 +-  2.977
 150 V   0.33428 0.33404 0.33169 ( 1)  2.483 +-  2.977
 151 C   0.33428 0.33404 0.33169 ( 1)  2.483 +-  2.977
 152 V   0.33428 0.33404 0.33169 ( 1)  2.483 +-  2.977
 153 V   0.33427 0.33404 0.33169 ( 1)  2.484 +-  2.977
 154 A   0.33427 0.33404 0.33169 ( 1)  2.483 +-  2.977
 155 V   0.33427 0.33404 0.33169 ( 1)  2.483 +-  2.977
 156 E   0.33427 0.33404 0.33169 ( 1)  2.484 +-  2.977
 157 V   0.33427 0.33404 0.33169 ( 1)  2.483 +-  2.977
 158 F   0.33428 0.33404 0.33168 ( 1)  2.483 +-  2.977
 159 P   0.33427 0.33404 0.33169 ( 1)  2.483 +-  2.977
 160 L   0.33428 0.33404 0.33168 ( 1)  2.483 +-  2.977
 161 P   0.33427 0.33404 0.33169 ( 1)  2.483 +-  2.977
 162 A   0.33427 0.33403 0.33169 ( 1)  2.484 +-  2.977
 163 R   0.33427 0.33403 0.33169 ( 1)  2.484 +-  2.977
 164 S   0.33427 0.33403 0.33170 ( 1)  2.484 +-  2.977
 165 F   0.33428 0.33404 0.33168 ( 1)  2.483 +-  2.977
 166 N   0.33428 0.33404 0.33168 ( 1)  2.483 +-  2.977
 167 C   0.33428 0.33404 0.33169 ( 1)  2.483 +-  2.977
 168 T   0.33428 0.33404 0.33169 ( 1)  2.483 +-  2.977
 169 L   0.33428 0.33404 0.33168 ( 1)  2.483 +-  2.977
 170 P   0.33427 0.33403 0.33169 ( 1)  2.484 +-  2.977
 171 L   0.33428 0.33404 0.33169 ( 1)  2.483 +-  2.977
 172 I   0.33428 0.33404 0.33168 ( 1)  2.483 +-  2.977
 173 S   0.33428 0.33404 0.33168 ( 1)  2.483 +-  2.977
 174 C   0.33428 0.33404 0.33169 ( 1)  2.483 +-  2.977
 175 T   0.33427 0.33404 0.33169 ( 1)  2.484 +-  2.977
 176 T   0.33427 0.33404 0.33169 ( 1)  2.484 +-  2.977
 177 M   0.33428 0.33404 0.33167 ( 1)  2.483 +-  2.977
 178 G   0.33427 0.33403 0.33170 ( 1)  2.484 +-  2.977
 179 A   0.33427 0.33404 0.33169 ( 1)  2.484 +-  2.977
 180 E   0.33427 0.33404 0.33169 ( 1)  2.484 +-  2.977
 181 A   0.33427 0.33404 0.33169 ( 1)  2.484 +-  2.977
 182 H   0.33428 0.33404 0.33168 ( 1)  2.483 +-  2.977
 183 L   0.33428 0.33404 0.33169 ( 1)  2.483 +-  2.977
 184 P   0.33428 0.33404 0.33169 ( 1)  2.483 +-  2.977
 185 Y   0.33427 0.33404 0.33169 ( 1)  2.484 +-  2.977
 186 F   0.33428 0.33404 0.33168 ( 1)  2.483 +-  2.977
 187 P   0.33427 0.33404 0.33169 ( 1)  2.483 +-  2.977
 188 P   0.33427 0.33403 0.33169 ( 1)  2.484 +-  2.977
 189 Q   0.33428 0.33404 0.33168 ( 1)  2.483 +-  2.977
 190 L   0.33428 0.33404 0.33168 ( 1)  2.483 +-  2.977
 191 H   0.33428 0.33404 0.33168 ( 1)  2.483 +-  2.977
 192 K   0.33427 0.33404 0.33169 ( 1)  2.484 +-  2.977
 193 H   0.33428 0.33404 0.33168 ( 1)  2.483 +-  2.977
 194 C   0.33428 0.33404 0.33169 ( 1)  2.483 +-  2.977
 195 L   0.33428 0.33404 0.33169 ( 1)  2.483 +-  2.977
 196 G   0.33427 0.33403 0.33170 ( 1)  2.484 +-  2.977
 197 M   0.33428 0.33404 0.33167 ( 1)  2.483 +-  2.977
 198 M   0.33428 0.33404 0.33167 ( 1)  2.483 +-  2.977
 199 Q   0.33428 0.33404 0.33168 ( 1)  2.483 +-  2.977
 200 K   0.33428 0.33404 0.33169 ( 1)  2.483 +-  2.977
 201 A   0.33427 0.33403 0.33169 ( 1)  2.484 +-  2.977
 202 Q   0.33428 0.33404 0.33168 ( 1)  2.483 +-  2.977
 203 R   0.33428 0.33404 0.33169 ( 1)  2.483 +-  2.977
 204 W   0.33428 0.33404 0.33169 ( 1)  2.483 +-  2.977
 205 R   0.33427 0.33404 0.33169 ( 1)  2.484 +-  2.977
 206 G   0.33427 0.33404 0.33169 ( 1)  2.483 +-  2.977
 207 R   0.33427 0.33404 0.33169 ( 1)  2.484 +-  2.977
 208 Q   0.33428 0.33404 0.33168 ( 1)  2.483 +-  2.977
 209 W   0.33428 0.33404 0.33169 ( 1)  2.483 +-  2.977
 210 E   0.33428 0.33404 0.33169 ( 1)  2.483 +-  2.977
 211 S   0.33428 0.33404 0.33168 ( 1)  2.483 +-  2.977
 212 R   0.33428 0.33404 0.33168 ( 1)  2.483 +-  2.977
 213 W   0.33428 0.33404 0.33169 ( 1)  2.483 +-  2.977
 214 M   0.33428 0.33404 0.33167 ( 1)  2.483 +-  2.977
 215 Y   0.33427 0.33404 0.33169 ( 1)  2.484 +-  2.977
 216 R   0.33427 0.33403 0.33169 ( 1)  2.484 +-  2.977
 217 C   0.33428 0.33404 0.33169 ( 1)  2.483 +-  2.977
 218 S   0.33427 0.33403 0.33170 ( 1)  2.484 +-  2.977
 219 P   0.33427 0.33403 0.33169 ( 1)  2.484 +-  2.977
 220 R   0.33427 0.33404 0.33169 ( 1)  2.484 +-  2.977
 221 I   0.33428 0.33404 0.33168 ( 1)  2.483 +-  2.977
 222 A   0.33427 0.33403 0.33169 ( 1)  2.484 +-  2.977
 223 P   0.33427 0.33403 0.33169 ( 1)  2.484 +-  2.977
 224 P   0.33428 0.33404 0.33169 ( 1)  2.483 +-  2.977
 225 V   0.33428 0.33404 0.33169 ( 1)  2.483 +-  2.977
 226 S   0.33428 0.33404 0.33168 ( 1)  2.483 +-  2.977
 227 H   0.33428 0.33404 0.33168 ( 1)  2.483 +-  2.977
 228 E   0.33428 0.33404 0.33169 ( 1)  2.483 +-  2.977
 229 A   0.33427 0.33404 0.33169 ( 1)  2.483 +-  2.977
 230 A   0.33427 0.33403 0.33169 ( 1)  2.484 +-  2.977
 231 F   0.33428 0.33404 0.33168 ( 1)  2.483 +-  2.977
 232 G   0.33427 0.33404 0.33169 ( 1)  2.483 +-  2.977
 233 R   0.33428 0.33404 0.33169 ( 1)  2.483 +-  2.977

Positively selected sites

	Prob(w>1)  mean w


