Supplemental results for CODEML (seqf: algn  treef: tree)


dN/dS (w) for site classes (K=9)

p:   0.09185  0.09185  0.09185  0.09185  0.09185  0.09185  0.09185  0.09185  0.26519
w:   0.07911  0.99904  1.00000  1.00000  1.00000  1.00000  1.00000  1.00000  8.78417

Naive Empirical Bayes (NEB) probabilities for 9 classes & postmean_w & P(w>1)
(amino acids refer to 1st sequence: hym.10923)

   1 P   0.17844 0.10792 0.10787 0.10787 0.10787 0.10787 0.10787 0.10787 0.06644 ( 1)  1.353  0.066
   2 T   0.19555 0.10631 0.10625 0.10625 0.10625 0.10625 0.10625 0.10625 0.06064 ( 1)  1.292  0.061
   3 F   0.01632 0.11141 0.11146 0.11146 0.11146 0.11146 0.11146 0.11146 0.20353 ( 9)  2.569  0.204
   4 D   0.19391 0.10946 0.10940 0.10940 0.10940 0.10940 0.10940 0.10940 0.04024 ( 1)  1.135  0.040
   5 P   0.19103 0.10600 0.10595 0.10595 0.10595 0.10595 0.10595 0.10595 0.06729 ( 1)  1.348  0.067
   6 T   0.19764 0.10653 0.10647 0.10647 0.10647 0.10647 0.10647 0.10647 0.05701 ( 1)  1.262  0.057
   7 N   0.18632 0.10801 0.10795 0.10795 0.10795 0.10795 0.10795 0.10795 0.05795 ( 1)  1.279  0.058
   8 P   0.16611 0.10549 0.10544 0.10544 0.10544 0.10544 0.10544 0.10544 0.09574 ( 1)  1.592  0.096
   9 N   0.00812 0.07680 0.07685 0.07685 0.07685 0.07685 0.07685 0.07685 0.45399 ( 9)  4.526  0.454
  10 I   0.00884 0.07750 0.07755 0.07755 0.07755 0.07755 0.07755 0.07755 0.44836 ( 9)  4.482  0.448
  11 W   0.00744 0.07696 0.07702 0.07702 0.07702 0.07702 0.07702 0.07702 0.45350 ( 9)  4.523  0.454
  12 F   0.20523 0.10783 0.10777 0.10777 0.10777 0.10777 0.10777 0.10777 0.04033 ( 1)  1.125  0.040
  13 L   0.00843 0.07871 0.07877 0.07877 0.07877 0.07877 0.07877 0.07877 0.44026 ( 9)  4.419  0.440
  14 Q   0.01007 0.08680 0.08685 0.08685 0.08685 0.08685 0.08685 0.08685 0.38200 ( 9)  3.964  0.382
  15 L   0.14587 0.10784 0.10781 0.10781 0.10781 0.10781 0.10781 0.10781 0.09942 ( 1)  1.639  0.099
  16 K   0.01007 0.08680 0.08685 0.08685 0.08685 0.08685 0.08685 0.08685 0.38200 ( 9)  3.964  0.382
  17 S   0.01311 0.10762 0.10768 0.10768 0.10768 0.10768 0.10768 0.10768 0.23319 ( 9)  2.803  0.233
  18 T   0.01328 0.09017 0.09020 0.09020 0.09020 0.09020 0.09020 0.09020 0.35532 ( 9)  3.754  0.355
  19 L   0.00035 0.03614 0.03620 0.03620 0.03620 0.03620 0.03620 0.03620 0.74633 ( 9)  6.809  0.746
  20 R   0.19150 0.11047 0.11041 0.11041 0.11041 0.11041 0.11041 0.11041 0.03554 ( 1)  1.100  0.036
  21 L   0.15702 0.10732 0.10729 0.10729 0.10729 0.10729 0.10729 0.10729 0.09193 ( 1)  1.571  0.092
  22 R   0.15438 0.11028 0.11025 0.11025 0.11025 0.11025 0.11025 0.11025 0.07385 ( 1)  1.433  0.074
  23 G   0.01179 0.10257 0.10263 0.10263 0.10263 0.10263 0.10263 0.10263 0.26984 ( 9)  3.089  0.270
  24 V   0.17308 0.11015 0.11010 0.11010 0.11010 0.11010 0.11010 0.11010 0.05615 ( 1)  1.278  0.056
  25 A   0.01613 0.11099 0.11103 0.11103 0.11103 0.11103 0.11103 0.11103 0.20671 ( 9)  2.594  0.207
  26 K   0.16768 0.10828 0.10824 0.10824 0.10824 0.10824 0.10824 0.10824 0.07462 ( 1)  1.426  0.075
  27 Q   0.15163 0.11004 0.11001 0.11001 0.11001 0.11001 0.11001 0.11001 0.07830 ( 1)  1.470  0.078
  28 G   0.01457 0.11172 0.11178 0.11178 0.11178 0.11178 0.11178 0.11178 0.20304 ( 9)  2.567  0.203
  29 T   0.00439 0.08822 0.08830 0.08830 0.08830 0.08830 0.08830 0.08830 0.37757 ( 9)  3.935  0.378
  30 L   0.13254 0.10752 0.10750 0.10750 0.10750 0.10750 0.10750 0.10750 0.11495 ( 1)  1.773  0.115
  31 F   0.18722 0.10810 0.10804 0.10804 0.10804 0.10804 0.10804 0.10804 0.05643 ( 1)  1.267  0.056
  32 Q   0.14318 0.11164 0.11162 0.11162 0.11162 0.11162 0.11162 0.11162 0.07549 ( 1)  1.456  0.075
  33 E   0.00016 0.01932 0.01935 0.01935 0.01935 0.01935 0.01935 0.01935 0.86441 ( 9)  7.729  0.864
  34 A   0.01252 0.10206 0.10212 0.10212 0.10212 0.10212 0.10212 0.10212 0.27270 ( 9)  3.111  0.273
  35 T   0.01666 0.11077 0.11081 0.11081 0.11081 0.11081 0.11081 0.11081 0.20769 ( 9)  2.601  0.208
  36 I   0.00051 0.05131 0.05138 0.05138 0.05138 0.05138 0.05138 0.05138 0.63987 ( 9)  5.980  0.640
  37 T   0.00858 0.07231 0.07235 0.07235 0.07235 0.07235 0.07235 0.07235 0.48498 ( 9)  4.767  0.485
  38 P   0.01444 0.10813 0.10818 0.10818 0.10818 0.10818 0.10818 0.10818 0.22833 ( 9)  2.764  0.228
  39 L   0.01444 0.10813 0.10818 0.10818 0.10818 0.10818 0.10818 0.10818 0.22833 ( 9)  2.764  0.228
  40 V   0.01616 0.11113 0.11117 0.11117 0.11117 0.11117 0.11117 0.11117 0.20570 ( 9)  2.586  0.206
  41 N   0.17645 0.10838 0.10833 0.10833 0.10833 0.10833 0.10833 0.10833 0.06519 ( 1)  1.345  0.065
  42 V   0.01667 0.11097 0.11101 0.11101 0.11101 0.11101 0.11101 0.11101 0.20632 ( 9)  2.591  0.206
  43 A   0.19758 0.10930 0.10924 0.10924 0.10924 0.10924 0.10924 0.10924 0.03768 ( 1)  1.111  0.038
  44 S   0.18521 0.11084 0.11079 0.11079 0.11079 0.11079 0.11079 0.11079 0.03923 ( 1)  1.135  0.039
  45 Q   0.00532 0.05919 0.05923 0.05923 0.05923 0.05923 0.05923 0.05923 0.58009 ( 9)  5.511  0.580
  46 I   0.01303 0.10312 0.10317 0.10317 0.10317 0.10317 0.10317 0.10317 0.26483 ( 9)  3.049  0.265
  47 T   0.00021 0.02507 0.02511 0.02511 0.02511 0.02511 0.02511 0.02511 0.82406 ( 9)  7.414  0.824
  48 N   0.00041 0.04059 0.04065 0.04065 0.04065 0.04065 0.04065 0.04065 0.71511 ( 9)  6.566  0.715
  49 I   0.18866 0.10477 0.10472 0.10472 0.10472 0.10472 0.10472 0.10472 0.07826 ( 1)  1.435  0.078
  50 I   0.18866 0.10477 0.10472 0.10472 0.10472 0.10472 0.10472 0.10472 0.07826 ( 1)  1.435  0.078
  51 S   0.00882 0.07631 0.07636 0.07636 0.07636 0.07636 0.07636 0.07636 0.45672 ( 9)  4.547  0.457
  52 K   0.15536 0.11152 0.11148 0.11148 0.11148 0.11148 0.11148 0.11148 0.06423 ( 1)  1.357  0.064
  53 T   0.00018 0.02105 0.02109 0.02109 0.02109 0.02109 0.02109 0.02109 0.85225 ( 9)  7.634  0.852
  54 P   0.01444 0.10813 0.10818 0.10818 0.10818 0.10818 0.10818 0.10818 0.22833 ( 9)  2.764  0.228
  55 E   0.15550 0.11300 0.11296 0.11296 0.11296 0.11296 0.11296 0.11296 0.05374 ( 1)  1.275  0.054
  56 N   0.01402 0.10675 0.10680 0.10680 0.10680 0.10680 0.10680 0.10680 0.23842 ( 9)  2.843  0.238
  57 N   0.18632 0.10801 0.10795 0.10795 0.10795 0.10795 0.10795 0.10795 0.05795 ( 1)  1.279  0.058
  58 C   0.15352 0.11448 0.11445 0.11445 0.11445 0.11445 0.11445 0.11445 0.04532 ( 1)  1.211  0.045
  59 I   0.18866 0.10477 0.10472 0.10472 0.10472 0.10472 0.10472 0.10472 0.07826 ( 1)  1.435  0.078
  60 S   0.17225 0.11296 0.11291 0.11291 0.11291 0.11291 0.11291 0.11291 0.03733 ( 1)  1.132  0.037
  61 C   0.01379 0.10977 0.10982 0.10982 0.10982 0.10982 0.10982 0.10982 0.21750 ( 9)  2.680  0.218
  62 L   0.15702 0.10732 0.10729 0.10729 0.10729 0.10729 0.10729 0.10729 0.09193 ( 1)  1.571  0.092
  63 T   0.19764 0.10653 0.10647 0.10647 0.10647 0.10647 0.10647 0.10647 0.05701 ( 1)  1.262  0.057
  64 T   0.16752 0.10394 0.10389 0.10389 0.10389 0.10389 0.10389 0.10389 0.10519 ( 1)  1.664  0.105
  65 S   0.19085 0.11094 0.11088 0.11088 0.11088 0.11088 0.11088 0.11088 0.03291 ( 1)  1.080  0.033
  66 R   0.01340 0.11073 0.11079 0.11079 0.11079 0.11079 0.11079 0.11079 0.21115 ( 9)  2.631  0.211
  67 E   0.16916 0.10953 0.10949 0.10949 0.10949 0.10949 0.10949 0.10949 0.06440 ( 1)  1.345  0.064
  68 K   0.18476 0.10805 0.10800 0.10800 0.10800 0.10800 0.10800 0.10800 0.05921 ( 1)  1.291  0.059
  69 R   0.18584 0.11091 0.11086 0.11086 0.11086 0.11086 0.11086 0.11086 0.03811 ( 1)  1.125  0.038
  70 L   0.00648 0.07077 0.07083 0.07083 0.07083 0.07083 0.07083 0.07083 0.49779 ( 9)  4.869  0.498
  71 H   0.00812 0.07680 0.07685 0.07685 0.07685 0.07685 0.07685 0.07685 0.45399 ( 9)  4.526  0.454
  72 Q   0.16379 0.11045 0.11041 0.11041 0.11041 0.11041 0.11041 0.11041 0.06330 ( 1)  1.342  0.063
  73 F   0.01284 0.10338 0.10343 0.10343 0.10343 0.10343 0.10343 0.10343 0.26321 ( 9)  3.037  0.263
  74 F   0.17927 0.11126 0.11120 0.11120 0.11120 0.11120 0.11120 0.11120 0.04225 ( 1)  1.164  0.042
  75 S   0.18521 0.11084 0.11079 0.11079 0.11079 0.11079 0.11079 0.11079 0.03923 ( 1)  1.135  0.039
  76 Q   0.16379 0.11045 0.11041 0.11041 0.11041 0.11041 0.11041 0.11041 0.06330 ( 1)  1.342  0.063
  77 V   0.19875 0.10697 0.10691 0.10691 0.10691 0.10691 0.10691 0.10691 0.05285 ( 1)  1.228  0.053
  78 E   0.16916 0.10953 0.10949 0.10949 0.10949 0.10949 0.10949 0.10949 0.06440 ( 1)  1.345  0.064
  79 L   0.15702 0.10732 0.10729 0.10729 0.10729 0.10729 0.10729 0.10729 0.09193 ( 1)  1.571  0.092
  80 G   0.14307 0.11336 0.11333 0.11333 0.11333 0.11333 0.11333 0.11333 0.06356 ( 1)  1.363  0.064
  81 L   0.14649 0.10598 0.10595 0.10595 0.10595 0.10595 0.10595 0.10595 0.11182 ( 1)  1.735  0.112
  82 L   0.06933 0.06739 0.06741 0.06741 0.06741 0.06741 0.06741 0.06741 0.45883 ( 9)  4.508  0.459
  83 R   0.00037 0.03844 0.03850 0.03850 0.03850 0.03850 0.03850 0.03850 0.73018 ( 9)  6.683  0.730
  84 H   0.00029 0.03117 0.03122 0.03122 0.03122 0.03122 0.03122 0.03122 0.78124 ( 9)  7.081  0.781
  85 K   0.00015 0.01910 0.01913 0.01913 0.01913 0.01913 0.01913 0.01913 0.86597 ( 9)  7.741  0.866
  86 H   0.00012 0.01544 0.01547 0.01547 0.01547 0.01547 0.01547 0.01547 0.89164 ( 9)  7.941  0.892
  87 L   0.00018 0.02028 0.02032 0.02032 0.02032 0.02032 0.02032 0.02032 0.85764 ( 9)  7.676  0.858
  88 L   0.00018 0.02024 0.02027 0.02027 0.02027 0.02027 0.02027 0.02027 0.85798 ( 9)  7.678  0.858
  89 A   0.01254 0.10224 0.10230 0.10230 0.10230 0.10230 0.10230 0.10230 0.27144 ( 9)  3.101  0.271
  90 S   0.00006 0.00920 0.00921 0.00921 0.00921 0.00921 0.00921 0.00921 0.93547 ( 9)  8.282  0.935

Positively selected sites

	Prob(w>1)  mean w

    19 L      0.746         6.809
    33 E      0.864         7.729
    36 I      0.640         5.980
    45 Q      0.580         5.511
    47 T      0.824         7.414
    48 N      0.715         6.566
    53 T      0.852         7.634
    83 R      0.730         6.683
    84 H      0.781         7.081
    85 K      0.866         7.741
    86 H      0.892         7.941
    87 L      0.858         7.676
    88 L      0.858         7.678
    90 S      0.935         8.282


lnL =  -590.866324

Bayes Empirical Bayes (BEB) probabilities for 11 classes (class) & postmean_w
(amino acids refer to 1st sequence: hym.10923)

   1 P   0.10919 0.06404 0.06309 0.06296 0.06282 0.06270 0.06297 0.06455 0.07058 0.20808 0.16902 (10)  1.298 +-  1.885
   2 T   0.11710 0.06811 0.06631 0.06541 0.06453 0.06373 0.06337 0.06437 0.06984 0.20585 0.15137 (10)  1.210 +-  1.802
   3 F   0.00794 0.01321 0.02114 0.02888 0.03625 0.04325 0.05013 0.05771 0.06918 0.20766 0.46466 (11)  2.909 +-  2.765
   4 D   0.11842 0.06901 0.06754 0.06695 0.06633 0.06574 0.06555 0.06671 0.07243 0.21273 0.12859 (10)  1.079 +-  1.588
   5 P   0.11416 0.06658 0.06497 0.06423 0.06350 0.06285 0.06263 0.06374 0.06930 0.20449 0.16356 (10)  1.274 +-  1.877
   6 T   0.11835 0.06877 0.06688 0.06591 0.06497 0.06411 0.06370 0.06466 0.07010 0.20653 0.14601 (10)  1.181 +-  1.763
   7 N   0.11285 0.06599 0.06469 0.06425 0.06382 0.06344 0.06347 0.06483 0.07069 0.20842 0.15755 (10)  1.232 +-  1.802
   8 P   0.10329 0.06073 0.06012 0.06030 0.06046 0.06064 0.06117 0.06296 0.06910 0.20380 0.19742 (10)  1.475 +-  2.115
   9 N   0.00327 0.00594 0.01000 0.01431 0.01877 0.02339 0.02830 0.03404 0.04274 0.13839 0.68085 (11)  4.236 +-  3.019
  10 I   0.00368 0.00657 0.01093 0.01548 0.02011 0.02482 0.02976 0.03548 0.04417 0.14148 0.66753 (11)  4.168 +-  3.034
  11 W   0.00281 0.00525 0.00897 0.01301 0.01728 0.02178 0.02665 0.03242 0.04117 0.13532 0.69533 (11)  4.297 +-  2.988
  12 F   0.12377 0.07174 0.06970 0.06859 0.06746 0.06639 0.06574 0.06646 0.07173 0.21050 0.11793 (10)  1.033 +-  1.552
  13 L   0.00344 0.00623 0.01047 0.01496 0.01960 0.02437 0.02943 0.03531 0.04421 0.14242 0.66956 (11)  4.168 +-  3.021
  14 Q   0.00423 0.00754 0.01252 0.01769 0.02293 0.02823 0.03375 0.04011 0.04972 0.15756 0.62572 (11)  3.895 +-  3.008
  15 L   0.09087 0.05442 0.05482 0.05593 0.05701 0.05810 0.05952 0.06217 0.06916 0.20518 0.23282 (11)  1.635 +-  2.199
  16 K   0.00423 0.00754 0.01252 0.01769 0.02293 0.02823 0.03375 0.04011 0.04972 0.15756 0.62572 (11)  3.895 +-  3.008
  17 S   0.00582 0.01023 0.01687 0.02366 0.03043 0.03716 0.04405 0.05184 0.06351 0.19564 0.52080 (11)  3.208 +-  2.827
  18 T   0.00611 0.01022 0.01637 0.02236 0.02810 0.03359 0.03907 0.04521 0.05463 0.16812 0.57622 (11)  3.634 +-  3.022
  19 L   0.00008 0.00043 0.00121 0.00241 0.00403 0.00608 0.00864 0.01192 0.01693 0.06329 0.88499 (11)  5.487 +-  2.718
  20 R   0.11800 0.06884 0.06755 0.06713 0.06666 0.06621 0.06614 0.06740 0.07325 0.21492 0.12391 (10)  1.051 +-  1.534
  21 L   0.09667 0.05742 0.05729 0.05792 0.05853 0.05917 0.06018 0.06244 0.06907 0.20471 0.21658 (11)  1.549 +-  2.132
  22 R   0.09682 0.05772 0.05795 0.05892 0.05984 0.06075 0.06199 0.06447 0.07141 0.21098 0.19916 (10)  1.444 +-  2.001
  23 G   0.00496 0.00890 0.01482 0.02097 0.02720 0.03349 0.04003 0.04750 0.05873 0.18372 0.55970 (11)  3.437 +-  2.880
  24 V   0.10784 0.06347 0.06292 0.06317 0.06337 0.06357 0.06412 0.06595 0.07231 0.21275 0.16055 (10)  1.246 +-  1.798
  25 A   0.00775 0.01295 0.02076 0.02840 0.03568 0.04263 0.04947 0.05704 0.06849 0.20611 0.47072 (11)  2.940 +-  2.772
  26 K   0.10389 0.06127 0.06080 0.06110 0.06139 0.06168 0.06233 0.06426 0.07062 0.20834 0.18432 (10)  1.380 +-  1.971
  27 Q   0.09501 0.05675 0.05708 0.05812 0.05914 0.06013 0.06147 0.06404 0.07104 0.21013 0.20710 (10)  1.487 +-  2.043
  28 G   0.00669 0.01155 0.01882 0.02614 0.03332 0.04034 0.04741 0.05533 0.06721 0.20461 0.48859 (11)  3.014 +-  2.762
  29 T   0.00163 0.00370 0.00725 0.01164 0.01674 0.02244 0.02882 0.03637 0.04745 0.15641 0.66755 (11)  4.103 +-  2.957
  30 L   0.08270 0.05012 0.05107 0.05266 0.05424 0.05582 0.05772 0.06082 0.06820 0.20312 0.26353 (11)  1.798 +-  2.319
  31 F   0.11460 0.06690 0.06561 0.06518 0.06473 0.06430 0.06426 0.06554 0.07131 0.20968 0.14789 (10)  1.191 +-  1.764
  32 Q   0.09014 0.05432 0.05511 0.05659 0.05803 0.05945 0.06120 0.06417 0.07161 0.21215 0.21723 (11)  1.526 +-  2.049
  33 E   0.00004 0.00022 0.00063 0.00127 0.00216 0.00331 0.00478 0.00671 0.00968 0.03690 0.93430 (11)  5.807 +-  2.570
  34 A   0.00547 0.00962 0.01586 0.02223 0.02858 0.03490 0.04138 0.04873 0.05978 0.18534 0.54809 (11)  3.391 +-  2.895
  35 T   0.00810 0.01340 0.02137 0.02910 0.03641 0.04331 0.05007 0.05751 0.06881 0.20639 0.46552 (11)  2.918 +-  2.774
  36 I   0.00011 0.00060 0.00168 0.00334 0.00558 0.00841 0.01190 0.01637 0.02315 0.08564 0.84321 (11)  5.199 +-  2.799
  37 T   0.00379 0.00663 0.01095 0.01542 0.01991 0.02444 0.02914 0.03454 0.04274 0.13594 0.67651 (11)  4.257 +-  3.066
  38 P   0.00670 0.01146 0.01862 0.02578 0.03276 0.03955 0.04636 0.05398 0.06544 0.19923 0.50012 (11)  3.107 +-  2.822
  39 L   0.00670 0.01146 0.01862 0.02578 0.03276 0.03955 0.04636 0.05398 0.06544 0.19923 0.50012 (11)  3.107 +-  2.822
  40 V   0.00777 0.01298 0.02080 0.02845 0.03576 0.04271 0.04957 0.05714 0.06861 0.20641 0.46980 (11)  2.934 +-  2.770
  41 N   0.10856 0.06374 0.06290 0.06288 0.06284 0.06282 0.06318 0.06483 0.07095 0.20908 0.16820 (10)  1.293 +-  1.876
  42 V   0.00811 0.01342 0.02141 0.02915 0.03648 0.04340 0.05018 0.05764 0.06896 0.20681 0.46444 (11)  2.911 +-  2.771
  43 A   0.12077 0.07022 0.06859 0.06785 0.06709 0.06636 0.06603 0.06705 0.07264 0.21311 0.12028 (10)  1.039 +-  1.538
  44 S   0.11493 0.06724 0.06624 0.06608 0.06588 0.06567 0.06582 0.06729 0.07335 0.21527 0.13222 (10)  1.094 +-  1.591
  45 Q   0.00204 0.00381 0.00657 0.00960 0.01285 0.01634 0.02017 0.02476 0.03177 0.10657 0.76552 (11)  4.764 +-  2.968
  46 I   0.00582 0.01013 0.01661 0.02318 0.02968 0.03610 0.04264 0.05001 0.06111 0.18840 0.53633 (11)  3.326 +-  2.887
  47 T   0.00005 0.00028 0.00078 0.00158 0.00268 0.00410 0.00590 0.00826 0.01191 0.04539 0.91907 (11)  5.705 +-  2.619
  48 N   0.00009 0.00051 0.00140 0.00278 0.00462 0.00695 0.00982 0.01348 0.01905 0.07060 0.87069 (11)  5.395 +-  2.754
  49 I   0.11216 0.06538 0.06370 0.06291 0.06218 0.06155 0.06139 0.06257 0.06816 0.20164 0.17836 (10)  1.355 +-  1.977
  50 I   0.11216 0.06538 0.06370 0.06291 0.06218 0.06155 0.06139 0.06257 0.06816 0.20164 0.17836 (10)  1.355 +-  1.977
  51 S   0.00371 0.00658 0.01093 0.01545 0.02004 0.02470 0.02957 0.03520 0.04376 0.14000 0.67004 (11)  4.190 +-  3.040
  52 K   0.09764 0.05823 0.05851 0.05952 0.06049 0.06144 0.06271 0.06524 0.07226 0.21337 0.19057 (10)  1.390 +-  1.926
  53 T   0.00005 0.00026 0.00072 0.00145 0.00244 0.00372 0.00533 0.00742 0.01064 0.04019 0.92776 (11)  5.768 +-  2.594
  54 P   0.00670 0.01146 0.01862 0.02578 0.03276 0.03955 0.04636 0.05398 0.06544 0.19923 0.50012 (11)  3.107 +-  2.822
  55 E   0.09835 0.05871 0.05908 0.06019 0.06125 0.06228 0.06363 0.06624 0.07340 0.21648 0.18039 (10)  1.327 +-  1.836
  56 N   0.00648 0.01113 0.01813 0.02516 0.03204 0.03876 0.04553 0.05311 0.06450 0.19682 0.50834 (11)  3.162 +-  2.845
  57 N   0.11285 0.06599 0.06469 0.06425 0.06382 0.06344 0.06347 0.06483 0.07069 0.20842 0.15755 (10)  1.232 +-  1.802
  58 C   0.09751 0.05838 0.05893 0.06021 0.06144 0.06263 0.06415 0.06693 0.07430 0.21910 0.17642 (10)  1.294 +-  1.771
  59 I   0.11216 0.06538 0.06370 0.06291 0.06218 0.06155 0.06139 0.06257 0.06816 0.20164 0.17836 (10)  1.355 +-  1.977
  60 S   0.10876 0.06414 0.06381 0.06429 0.06471 0.06509 0.06581 0.06782 0.07445 0.21860 0.14253 (10)  1.135 +-  1.610
  61 C   0.00619 0.01081 0.01774 0.02477 0.03173 0.03860 0.04558 0.05344 0.06524 0.19994 0.50597 (11)  3.116 +-  2.794
  62 L   0.09667 0.05742 0.05729 0.05792 0.05853 0.05917 0.06018 0.06244 0.06907 0.20471 0.21658 (11)  1.549 +-  2.132
  63 T   0.11835 0.06877 0.06688 0.06591 0.06497 0.06411 0.06370 0.06466 0.07010 0.20653 0.14601 (10)  1.181 +-  1.763
  64 T   0.10197 0.06001 0.05928 0.05932 0.05935 0.05939 0.05981 0.06148 0.06743 0.19942 0.21253 (11)  1.554 +-  2.187
  65 S   0.11852 0.06912 0.06788 0.06752 0.06710 0.06669 0.06665 0.06793 0.07383 0.21637 0.11839 (10)  1.024 +-  1.491
  66 R   0.00597 0.01053 0.01737 0.02437 0.03137 0.03833 0.04544 0.05348 0.06550 0.20118 0.50646 (11)  3.108 +-  2.780
  67 E   0.10543 0.06216 0.06171 0.06206 0.06237 0.06268 0.06334 0.06527 0.07170 0.21119 0.17209 (10)  1.310 +-  1.881
  68 K   0.11185 0.06547 0.06424 0.06386 0.06349 0.06316 0.06325 0.06467 0.07058 0.20822 0.16122 (10)  1.250 +-  1.820
  69 R   0.11525 0.06742 0.06639 0.06621 0.06599 0.06575 0.06590 0.06736 0.07341 0.21544 0.13089 (10)  1.086 +-  1.578
  70 L   0.00243 0.00458 0.00788 0.01151 0.01539 0.01952 0.02404 0.02943 0.03761 0.12486 0.72274 (11)  4.477 +-  2.986
  71 H   0.00327 0.00594 0.01000 0.01431 0.01877 0.02339 0.02830 0.03404 0.04274 0.13839 0.68085 (11)  4.236 +-  3.019
  72 Q   0.10189 0.06039 0.06024 0.06086 0.06143 0.06200 0.06291 0.06509 0.07177 0.21178 0.18164 (10)  1.349 +-  1.899
  73 F   0.00570 0.00998 0.01640 0.02295 0.02945 0.03590 0.04247 0.04991 0.06109 0.18859 0.53755 (11)  3.330 +-  2.883
  74 F   0.11220 0.06583 0.06510 0.06520 0.06524 0.06527 0.06564 0.06732 0.07357 0.21592 0.13873 (10)  1.128 +-  1.635
  75 S   0.11493 0.06724 0.06624 0.06608 0.06588 0.06567 0.06582 0.06729 0.07335 0.21527 0.13222 (10)  1.094 +-  1.591
  76 Q   0.10189 0.06039 0.06024 0.06086 0.06143 0.06200 0.06291 0.06509 0.07177 0.21178 0.18164 (10)  1.349 +-  1.899
  77 V   0.11946 0.06940 0.06753 0.06657 0.06562 0.06474 0.06429 0.06520 0.07062 0.20777 0.13880 (10)  1.143 +-  1.713
  78 E   0.10543 0.06216 0.06171 0.06206 0.06237 0.06268 0.06334 0.06527 0.07170 0.21119 0.17209 (10)  1.310 +-  1.881
  79 L   0.09667 0.05742 0.05729 0.05792 0.05853 0.05917 0.06018 0.06244 0.06907 0.20471 0.21658 (11)  1.549 +-  2.132
  80 G   0.09024 0.05451 0.05540 0.05700 0.05856 0.06009 0.06195 0.06504 0.07265 0.21518 0.20938 (10)  1.470 +-  1.967
  81 L   0.09185 0.05478 0.05504 0.05600 0.05694 0.05789 0.05917 0.06165 0.06843 0.20273 0.23553 (11)  1.670 +-  2.263
  82 L   0.04031 0.02467 0.02522 0.02628 0.02752 0.02900 0.03088 0.03369 0.03935 0.12414 0.59893 (11)  3.804 +-  3.151
  83 R   0.00008 0.00046 0.00129 0.00255 0.00427 0.00645 0.00915 0.01261 0.01790 0.06677 0.87847 (11)  5.443 +-  2.734
  84 H   0.00007 0.00038 0.00105 0.00210 0.00352 0.00533 0.00758 0.01049 0.01493 0.05597 0.89859 (11)  5.579 +-  2.684
  85 K   0.00004 0.00022 0.00062 0.00126 0.00214 0.00328 0.00474 0.00665 0.00959 0.03657 0.93490 (11)  5.811 +-  2.568
  86 H   0.00003 0.00018 0.00050 0.00102 0.00175 0.00270 0.00391 0.00551 0.00799 0.03057 0.94584 (11)  5.879 +-  2.528
  87 L   0.00005 0.00028 0.00078 0.00156 0.00261 0.00394 0.00560 0.00774 0.01099 0.04083 0.92562 (11)  5.765 +-  2.607
  88 L   0.00005 0.00027 0.00076 0.00151 0.00253 0.00383 0.00546 0.00757 0.01079 0.04029 0.92695 (11)  5.771 +-  2.601
  89 A   0.00548 0.00964 0.01589 0.02227 0.02864 0.03498 0.04147 0.04883 0.05990 0.18567 0.54722 (11)  3.385 +-  2.893
  90 S   0.00002 0.00011 0.00032 0.00065 0.00111 0.00174 0.00254 0.00361 0.00528 0.02024 0.96437 (11)  5.994 +-  2.453

Positively selected sites

	Prob(w>1)  mean w

     9 N      0.681         4.236 +- 3.019
    10 I      0.668         4.168 +- 3.034
    11 W      0.695         4.297 +- 2.988
    13 L      0.670         4.168 +- 3.021
    14 Q      0.626         3.895 +- 3.008
    16 K      0.626         3.895 +- 3.008
    17 S      0.521         3.208 +- 2.827
    18 T      0.576         3.634 +- 3.022
    19 L      0.885         5.487 +- 2.718
    23 G      0.560         3.437 +- 2.880
    29 T      0.668         4.103 +- 2.957
    33 E      0.934         5.807 +- 2.570
    34 A      0.548         3.391 +- 2.895
    36 I      0.843         5.199 +- 2.799
    37 T      0.677         4.257 +- 3.066
    38 P      0.500         3.107 +- 2.822
    39 L      0.500         3.107 +- 2.822
    45 Q      0.766         4.764 +- 2.968
    46 I      0.536         3.326 +- 2.887
    47 T      0.919         5.705 +- 2.619
    48 N      0.871         5.395 +- 2.754
    51 S      0.670         4.190 +- 3.040
    53 T      0.928         5.768 +- 2.594
    54 P      0.500         3.107 +- 2.822
    56 N      0.508         3.162 +- 2.845
    61 C      0.506         3.116 +- 2.794
    66 R      0.506         3.108 +- 2.780
    70 L      0.723         4.477 +- 2.986
    71 H      0.681         4.236 +- 3.019
    73 F      0.538         3.330 +- 2.883
    82 L      0.599         3.804 +- 3.151
    83 R      0.878         5.443 +- 2.734
    84 H      0.899         5.579 +- 2.684
    85 K      0.935         5.811 +- 2.568
    86 H      0.946         5.879 +- 2.528
    87 L      0.926         5.765 +- 2.607
    88 L      0.927         5.771 +- 2.601
    89 A      0.547         3.385 +- 2.893
    90 S      0.964*        5.994 +- 2.453

