Supplemental results for CODEML (seqf: algn  treef: tree)


dN/dS (w) for site classes (K=3)

p:   0.93565  0.00010  0.06425
w:   0.39752  1.00000  7.95895

Naive Empirical Bayes (NEB) probabilities for 3 classes & postmean_w & P(w>1)
(amino acids refer to 1st sequence: spe.14982)

   1 M   0.96052 0.00010 0.03938 ( 1)  0.695  0.039
   2 P   0.95754 0.00010 0.04236 ( 1)  0.718  0.042
   3 A   0.94859 0.00010 0.05131 ( 1)  0.786  0.051
   4 V   0.97083 0.00010 0.02907 ( 1)  0.617  0.029
   5 D   0.97476 0.00010 0.02515 ( 1)  0.588  0.025
   6 D   0.66381 0.00016 0.33603 ( 1)  2.938  0.336
   7 A   0.60642 0.00015 0.39342 ( 1)  3.372  0.393
   8 D   0.97476 0.00010 0.02515 ( 1)  0.588  0.025
   9 A   0.97083 0.00010 0.02907 ( 1)  0.617  0.029
  10 A   0.60642 0.00015 0.39342 ( 1)  3.372  0.393
  11 V   0.97083 0.00010 0.02907 ( 1)  0.617  0.029
  12 M   0.55715 0.00014 0.44271 ( 1)  3.745  0.443
  13 V   0.97083 0.00010 0.02907 ( 1)  0.617  0.029
  14 D   0.97005 0.00010 0.02985 ( 1)  0.623  0.030
  15 G   0.97289 0.00010 0.02701 ( 1)  0.602  0.027
  16 T   0.95545 0.00010 0.04445 ( 1)  0.734  0.044
  17 E   0.97476 0.00010 0.02514 ( 1)  0.588  0.025
  18 G   0.96610 0.00010 0.03380 ( 1)  0.653  0.034
  19 A   0.97083 0.00010 0.02907 ( 1)  0.617  0.029
  20 D   0.97476 0.00010 0.02515 ( 1)  0.588  0.025
  21 G   0.97289 0.00010 0.02701 ( 1)  0.602  0.027
  22 G   0.97289 0.00010 0.02701 ( 1)  0.602  0.027
  23 A   0.97083 0.00010 0.02907 ( 1)  0.617  0.029
  24 W   0.95438 0.00010 0.04552 ( 1)  0.742  0.046
  25 G   0.97289 0.00010 0.02701 ( 1)  0.602  0.027
  26 Y   0.59696 0.00015 0.40289 ( 1)  3.444  0.403
  27 P   0.95398 0.00010 0.04592 ( 1)  0.745  0.046
  28 D   0.97005 0.00010 0.02985 ( 1)  0.623  0.030
  29 E   0.97476 0.00010 0.02514 ( 1)  0.588  0.025
  30 D   0.97005 0.00010 0.02985 ( 1)  0.623  0.030
  31 G   0.97289 0.00010 0.02701 ( 1)  0.602  0.027
  32 D   0.97476 0.00010 0.02515 ( 1)  0.588  0.025
  33 D   0.97476 0.00010 0.02515 ( 1)  0.588  0.025
  34 D   0.97476 0.00010 0.02515 ( 1)  0.588  0.025
  35 H   0.96339 0.00010 0.03651 ( 1)  0.674  0.037
  36 N   0.97457 0.00010 0.02533 ( 1)  0.589  0.025
  37 D   0.97476 0.00010 0.02515 ( 1)  0.588  0.025
  38 D   0.97476 0.00010 0.02515 ( 1)  0.588  0.025
  39 D   0.97005 0.00010 0.02985 ( 1)  0.623  0.030
  40 G   0.96171 0.00010 0.03819 ( 1)  0.686  0.038
  41 D   0.65836 0.00016 0.34148 ( 1)  2.980  0.341
  42 G   0.97289 0.00010 0.02701 ( 1)  0.602  0.027
  43 G   0.97289 0.00010 0.02701 ( 1)  0.602  0.027
  44 G   0.96481 0.00010 0.03509 ( 1)  0.663  0.035
  45 G   0.97289 0.00010 0.02701 ( 1)  0.602  0.027
  46 P   0.95398 0.00010 0.04592 ( 1)  0.745  0.046
  47 Q   0.95514 0.00010 0.04476 ( 1)  0.736  0.045
  48 P   0.96129 0.00010 0.03861 ( 1)  0.689  0.039
  49 R   0.96480 0.00010 0.03510 ( 1)  0.663  0.035
  50 N   0.96665 0.00010 0.03325 ( 1)  0.649  0.033
  51 H   0.97047 0.00010 0.02943 ( 1)  0.620  0.029
  52 L   0.94815 0.00010 0.05175 ( 1)  0.789  0.052
  53 S   0.55402 0.00014 0.44583 ( 1)  3.769  0.446
  54 G   0.96481 0.00010 0.03509 ( 1)  0.663  0.035
  55 R   0.96202 0.00010 0.03788 ( 1)  0.684  0.038
  56 L   0.96130 0.00010 0.03860 ( 1)  0.689  0.039
  57 G   0.94987 0.00010 0.05003 ( 1)  0.776  0.050
  58 L   0.95679 0.00010 0.04311 ( 1)  0.724  0.043
  59 N   0.06285 0.00004 0.93711 ( 3)  7.483  0.937
  60 V   0.96246 0.00010 0.03744 ( 1)  0.681  0.037
  61 G   0.94987 0.00010 0.05003 ( 1)  0.776  0.050
  62 L   0.95361 0.00010 0.04629 ( 1)  0.748  0.046
  63 Q   0.95514 0.00010 0.04476 ( 1)  0.736  0.045
  64 W   0.95438 0.00010 0.04552 ( 1)  0.742  0.046
  65 R   0.96480 0.00010 0.03510 ( 1)  0.663  0.035
  66 S   0.95723 0.00010 0.04267 ( 1)  0.720  0.043
  67 S   0.94985 0.00010 0.05005 ( 1)  0.776  0.050
  68 A   0.94859 0.00010 0.05131 ( 1)  0.786  0.051
  69 Q   0.96516 0.00010 0.03474 ( 1)  0.660  0.035
  70 D   0.97005 0.00010 0.02985 ( 1)  0.623  0.030
  71 L   0.95361 0.00010 0.04629 ( 1)  0.748  0.046
  72 L   0.94316 0.00010 0.05674 ( 1)  0.827  0.057
  73 K   0.96887 0.00010 0.03103 ( 1)  0.632  0.031
  74 H   0.97047 0.00010 0.02943 ( 1)  0.620  0.029
  75 P   0.95398 0.00010 0.04592 ( 1)  0.745  0.046
  76 F   0.95185 0.00010 0.04805 ( 1)  0.761  0.048
  77 V   0.96370 0.00010 0.03620 ( 1)  0.671  0.036
  78 K   0.96887 0.00010 0.03103 ( 1)  0.632  0.031
  79 K   0.95604 0.00010 0.04386 ( 1)  0.729  0.044
  80 P   0.94381 0.00010 0.05609 ( 1)  0.822  0.056
  81 R   0.95624 0.00010 0.04366 ( 1)  0.728  0.044
  82 K   0.96887 0.00010 0.03103 ( 1)  0.632  0.031
  83 T   0.94453 0.00010 0.05537 ( 1)  0.816  0.055
  84 A   0.96246 0.00010 0.03744 ( 1)  0.681  0.037
  85 F   0.95185 0.00010 0.04805 ( 1)  0.761  0.048
  86 L   0.95361 0.00010 0.04629 ( 1)  0.748  0.046
  87 Q   0.95514 0.00010 0.04476 ( 1)  0.736  0.045
  88 E   0.96747 0.00010 0.03243 ( 1)  0.643  0.032
  89 L   0.95361 0.00010 0.04629 ( 1)  0.748  0.046
  90 I   0.96432 0.00010 0.03558 ( 1)  0.667  0.036
  91 E   0.97476 0.00010 0.02514 ( 1)  0.588  0.025
  92 T   0.95545 0.00010 0.04445 ( 1)  0.734  0.044
  93 Y   0.95935 0.00010 0.04055 ( 1)  0.704  0.041
  94 R   0.96202 0.00010 0.03788 ( 1)  0.684  0.038
  95 S   0.96920 0.00010 0.03070 ( 1)  0.630  0.031
  96 W   0.95438 0.00010 0.04552 ( 1)  0.742  0.046
  97 V   0.96370 0.00010 0.03620 ( 1)  0.671  0.036
  98 L   0.95361 0.00010 0.04629 ( 1)  0.748  0.046
  99 S   0.95723 0.00010 0.04267 ( 1)  0.720  0.043
 100 G   0.96481 0.00010 0.03509 ( 1)  0.663  0.035
 101 N   0.97457 0.00010 0.02533 ( 1)  0.589  0.025
 102 H   0.96339 0.00010 0.03651 ( 1)  0.674  0.037
 103 N   0.96665 0.00010 0.03325 ( 1)  0.649  0.033
 104 D   0.95808 0.00010 0.04183 ( 1)  0.714  0.042
 105 D   0.97476 0.00010 0.02515 ( 1)  0.588  0.025
 106 D   0.97476 0.00010 0.02515 ( 1)  0.588  0.025
 107 A   0.96246 0.00010 0.03744 ( 1)  0.681  0.037
 108 D   0.97005 0.00010 0.02985 ( 1)  0.623  0.030
 109 E   0.97476 0.00010 0.02514 ( 1)  0.588  0.025
 110 D   0.97005 0.00010 0.02985 ( 1)  0.623  0.030
 111 G   0.97289 0.00010 0.02701 ( 1)  0.602  0.027
 112 E   0.97476 0.00010 0.02514 ( 1)  0.588  0.025
 113 S   0.96127 0.00010 0.03863 ( 1)  0.690  0.039
 114 E   0.97476 0.00010 0.02514 ( 1)  0.588  0.025
 115 D   0.97005 0.00010 0.02985 ( 1)  0.623  0.030
 116 S   0.96920 0.00010 0.03070 ( 1)  0.630  0.031
 117 L   0.95361 0.00010 0.04629 ( 1)  0.748  0.046
 118 G   0.96481 0.00010 0.03509 ( 1)  0.663  0.035
 119 N   0.96665 0.00010 0.03325 ( 1)  0.649  0.033
 120 A   0.96370 0.00010 0.03621 ( 1)  0.671  0.036

Positively selected sites

	Prob(w>1)  mean w

    59 N      0.937         7.483


lnL =  -523.506431

Bayes Empirical Bayes (BEB) probabilities for 3 classes (class) & postmean_w
(amino acids refer to 1st sequence: spe.14982)

   1 M   0.51432 0.37072 0.11496 ( 1)  0.944 +-  1.143
   2 P   0.51222 0.37057 0.11721 ( 1)  0.956 +-  1.175
   3 A   0.50488 0.37056 0.12456 ( 1)  0.995 +-  1.259
   4 V   0.52549 0.36963 0.10488 ( 1)  0.895 +-  1.030
   5 D   0.53319 0.36761 0.09920 ( 1)  0.871 +-  0.983
   6 D   0.26060 0.41717 0.32222 ( 2)  1.994 +-  2.326
   7 A   0.24813 0.40511 0.34677 ( 2)  2.139 +-  2.460
   8 D   0.53319 0.36761 0.09920 ( 1)  0.871 +-  0.983
   9 A   0.52549 0.36963 0.10488 ( 1)  0.895 +-  1.030
  10 A   0.24813 0.40511 0.34677 ( 2)  2.139 +-  2.460
  11 V   0.52549 0.36963 0.10488 ( 1)  0.895 +-  1.030
  12 M   0.23802 0.39434 0.36763 ( 2)  2.267 +-  2.569
  13 V   0.52549 0.36963 0.10488 ( 1)  0.895 +-  1.030
  14 D   0.52537 0.36937 0.10526 ( 1)  0.898 +-  1.040
  15 G   0.52885 0.36889 0.10226 ( 1)  0.884 +-  1.006
  16 T   0.51011 0.37072 0.11917 ( 1)  0.966 +-  1.194
  17 E   0.53113 0.36860 0.10027 ( 1)  0.874 +-  0.983
  18 G   0.52041 0.37009 0.10950 ( 1)  0.918 +-  1.084
  19 A   0.52549 0.36963 0.10488 ( 1)  0.895 +-  1.030
  20 D   0.53319 0.36761 0.09920 ( 1)  0.871 +-  0.983
  21 G   0.52885 0.36889 0.10226 ( 1)  0.884 +-  1.006
  22 G   0.52885 0.36889 0.10226 ( 1)  0.884 +-  1.006
  23 A   0.52549 0.36963 0.10488 ( 1)  0.895 +-  1.030
  24 W   0.50920 0.37074 0.12006 ( 1)  0.971 +-  1.205
  25 G   0.52885 0.36889 0.10226 ( 1)  0.884 +-  1.006
  26 Y   0.24666 0.40298 0.35036 ( 2)  2.165 +-  2.486
  27 P   0.50896 0.37070 0.12034 ( 1)  0.972 +-  1.209
  28 D   0.52537 0.36937 0.10526 ( 1)  0.898 +-  1.040
  29 E   0.53113 0.36860 0.10027 ( 1)  0.874 +-  0.983
  30 D   0.52537 0.36937 0.10526 ( 1)  0.898 +-  1.040
  31 G   0.52885 0.36889 0.10226 ( 1)  0.884 +-  1.006
  32 D   0.53319 0.36761 0.09920 ( 1)  0.871 +-  0.983
  33 D   0.53319 0.36761 0.09920 ( 1)  0.871 +-  0.983
  34 D   0.53319 0.36761 0.09920 ( 1)  0.871 +-  0.983
  35 H   0.51719 0.37051 0.11230 ( 1)  0.931 +-  1.113
  36 N   0.52937 0.36933 0.10129 ( 1)  0.877 +-  0.984
  37 D   0.53319 0.36761 0.09920 ( 1)  0.871 +-  0.983
  38 D   0.53319 0.36761 0.09920 ( 1)  0.871 +-  0.983
  39 D   0.52537 0.36937 0.10526 ( 1)  0.898 +-  1.040
  40 G   0.52193 0.36802 0.11005 ( 1)  0.930 +-  1.142
  41 D   0.25954 0.41602 0.32443 ( 2)  2.008 +-  2.341
  42 G   0.52885 0.36889 0.10226 ( 1)  0.884 +-  1.006
  43 G   0.52885 0.36889 0.10226 ( 1)  0.884 +-  1.006
  44 G   0.51909 0.37020 0.11071 ( 1)  0.924 +-  1.099
  45 G   0.52885 0.36889 0.10226 ( 1)  0.884 +-  1.006
  46 P   0.50896 0.37070 0.12034 ( 1)  0.972 +-  1.209
  47 Q   0.50982 0.37074 0.11944 ( 1)  0.967 +-  1.197
  48 P   0.51513 0.37065 0.11422 ( 1)  0.940 +-  1.135
  49 R   0.51852 0.37045 0.11103 ( 1)  0.924 +-  1.098
  50 N   0.52026 0.37037 0.10937 ( 1)  0.916 +-  1.078
  51 H   0.52473 0.36984 0.10544 ( 1)  0.897 +-  1.034
  52 L   0.50450 0.37057 0.12493 ( 1)  0.997 +-  1.263
  53 S   0.23760 0.39361 0.36879 ( 2)  2.276 +-  2.578
  54 G   0.51909 0.37020 0.11071 ( 1)  0.924 +-  1.099
  55 R   0.51572 0.37065 0.11362 ( 1)  0.937 +-  1.128
  56 L   0.51513 0.37065 0.11422 ( 1)  0.940 +-  1.135
  57 G   0.50588 0.37058 0.12354 ( 1)  0.989 +-  1.248
  58 L   0.51165 0.37055 0.11780 ( 1)  0.960 +-  1.182
  59 N   0.08432 0.24076 0.67491 ( 3)  3.934 +-  3.180
  60 V   0.51649 0.37048 0.11303 ( 1)  0.935 +-  1.124
  61 G   0.50588 0.37058 0.12354 ( 1)  0.989 +-  1.248
  62 L   0.50867 0.37069 0.12064 ( 1)  0.974 +-  1.212
  63 Q   0.50982 0.37074 0.11944 ( 1)  0.967 +-  1.197
  64 W   0.50920 0.37074 0.12006 ( 1)  0.971 +-  1.205
  65 R   0.51852 0.37045 0.11103 ( 1)  0.924 +-  1.098
  66 S   0.51150 0.37076 0.11774 ( 1)  0.958 +-  1.177
  67 S   0.50575 0.37063 0.12362 ( 1)  0.990 +-  1.247
  68 A   0.50488 0.37056 0.12456 ( 1)  0.995 +-  1.259
  69 Q   0.51880 0.37046 0.11074 ( 1)  0.923 +-  1.094
  70 D   0.52537 0.36937 0.10526 ( 1)  0.898 +-  1.040
  71 L   0.50867 0.37069 0.12064 ( 1)  0.974 +-  1.212
  72 L   0.50099 0.37035 0.12867 ( 1)  1.017 +-  1.308
  73 K   0.52248 0.37022 0.10729 ( 1)  0.906 +-  1.053
  74 H   0.52473 0.36984 0.10544 ( 1)  0.897 +-  1.034
  75 P   0.50896 0.37070 0.12034 ( 1)  0.972 +-  1.209
  76 F   0.50724 0.37069 0.12207 ( 1)  0.981 +-  1.229
  77 V   0.51768 0.37041 0.11191 ( 1)  0.929 +-  1.110
  78 K   0.52248 0.37022 0.10729 ( 1)  0.906 +-  1.053
  79 K   0.51054 0.37075 0.11871 ( 1)  0.963 +-  1.188
  80 P   0.50143 0.37038 0.12819 ( 1)  1.014 +-  1.302
  81 R   0.51086 0.37068 0.11846 ( 1)  0.962 +-  1.187
  82 K   0.52248 0.37022 0.10729 ( 1)  0.906 +-  1.053
  83 T   0.50193 0.37041 0.12766 ( 1)  1.011 +-  1.296
  84 A   0.51649 0.37048 0.11303 ( 1)  0.935 +-  1.124
  85 F   0.50724 0.37069 0.12207 ( 1)  0.981 +-  1.229
  86 L   0.50867 0.37069 0.12064 ( 1)  0.974 +-  1.212
  87 Q   0.50982 0.37074 0.11944 ( 1)  0.967 +-  1.197
  88 E   0.52101 0.37035 0.10864 ( 1)  0.912 +-  1.069
  89 L   0.50867 0.37069 0.12064 ( 1)  0.974 +-  1.212
  90 I   0.51782 0.37058 0.11160 ( 1)  0.927 +-  1.103
  91 E   0.53113 0.36860 0.10027 ( 1)  0.874 +-  0.983
  92 T   0.51011 0.37072 0.11917 ( 1)  0.966 +-  1.194
  93 Y   0.51332 0.37073 0.11595 ( 1)  0.949 +-  1.155
  94 R   0.51572 0.37065 0.11362 ( 1)  0.937 +-  1.128
  95 S   0.52278 0.37022 0.10701 ( 1)  0.904 +-  1.049
  96 W   0.50920 0.37074 0.12006 ( 1)  0.971 +-  1.205
  97 V   0.51768 0.37041 0.11191 ( 1)  0.929 +-  1.110
  98 L   0.50867 0.37069 0.12064 ( 1)  0.974 +-  1.212
  99 S   0.51150 0.37076 0.11774 ( 1)  0.958 +-  1.177
 100 G   0.51909 0.37020 0.11071 ( 1)  0.924 +-  1.099
 101 N   0.52937 0.36933 0.10129 ( 1)  0.877 +-  0.984
 102 H   0.51719 0.37051 0.11230 ( 1)  0.931 +-  1.113
 103 N   0.52026 0.37037 0.10937 ( 1)  0.916 +-  1.078
 104 D   0.52190 0.36604 0.11206 ( 1)  0.942 +-  1.176
 105 D   0.53319 0.36761 0.09920 ( 1)  0.871 +-  0.983
 106 D   0.53319 0.36761 0.09920 ( 1)  0.871 +-  0.983
 107 A   0.51649 0.37048 0.11303 ( 1)  0.935 +-  1.124
 108 D   0.52537 0.36937 0.10526 ( 1)  0.898 +-  1.040
 109 E   0.53113 0.36860 0.10027 ( 1)  0.874 +-  0.983
 110 D   0.52537 0.36937 0.10526 ( 1)  0.898 +-  1.040
 111 G   0.52885 0.36889 0.10226 ( 1)  0.884 +-  1.006
 112 E   0.53113 0.36860 0.10027 ( 1)  0.874 +-  0.983
 113 S   0.51505 0.37068 0.11428 ( 1)  0.941 +-  1.136
 114 E   0.53113 0.36860 0.10027 ( 1)  0.874 +-  0.983
 115 D   0.52537 0.36937 0.10526 ( 1)  0.898 +-  1.040
 116 S   0.52278 0.37022 0.10701 ( 1)  0.904 +-  1.049
 117 L   0.50867 0.37069 0.12064 ( 1)  0.974 +-  1.212
 118 G   0.51909 0.37020 0.11071 ( 1)  0.924 +-  1.099
 119 N   0.52026 0.37037 0.10937 ( 1)  0.916 +-  1.078
 120 A   0.51768 0.37041 0.11191 ( 1)  0.929 +-  1.110

Positively selected sites

	Prob(w>1)  mean w

    59 N      0.675         3.934 +- 3.180

