Supplemental results for CODEML (seqf: algn  treef: tree)


dN/dS (w) for site classes (K=8)

p:   0.12500  0.12500  0.12500  0.12500  0.12500  0.12500  0.12500  0.12500
w:   0.04862  0.06183  0.07101  0.07926  0.08762  0.09697  0.10896  0.13013

Naive Empirical Bayes (NEB) probabilities for 8 classes & postmean_w
(amino acids refer to 1st sequence: spe.20877)

   1 D   0.12608 0.12569 0.12542 0.12518 0.12494 0.12466 0.12432 0.12371 ( 1)  0.085
   2 I   0.12615 0.12574 0.12545 0.12519 0.12493 0.12464 0.12427 0.12363 ( 1)  0.085
   3 G   0.12555 0.12535 0.12522 0.12509 0.12497 0.12483 0.12465 0.12434 ( 1)  0.085
   4 Q   0.12538 0.12525 0.12515 0.12507 0.12498 0.12488 0.12476 0.12454 ( 1)  0.085
   5 T   0.12524 0.12516 0.12510 0.12504 0.12499 0.12492 0.12485 0.12471 ( 1)  0.086
   6 D   0.12608 0.12569 0.12542 0.12518 0.12494 0.12466 0.12432 0.12371 ( 1)  0.085
   7 L   0.12595 0.12561 0.12537 0.12516 0.12494 0.12470 0.12440 0.12386 ( 1)  0.085
   8 A   0.07180 0.09101 0.10428 0.11618 0.12817 0.14154 0.15858 0.18845 ( 8)  0.092
   9 P   0.12603 0.12566 0.12540 0.12517 0.12494 0.12468 0.12435 0.12377 ( 1)  0.085
  10 I   0.12561 0.12539 0.12524 0.12510 0.12496 0.12481 0.12461 0.12426 ( 1)  0.085
  11 Y   0.12553 0.12534 0.12521 0.12509 0.12497 0.12483 0.12466 0.12436 ( 1)  0.085
  12 H   0.12591 0.12559 0.12536 0.12515 0.12495 0.12472 0.12442 0.12391 ( 1)  0.085
  13 Q   0.12538 0.12525 0.12515 0.12507 0.12498 0.12488 0.12476 0.12454 ( 1)  0.085
  14 K   0.12568 0.12543 0.12526 0.12511 0.12496 0.12479 0.12457 0.12419 ( 1)  0.085
  15 Q   0.12538 0.12525 0.12515 0.12507 0.12498 0.12488 0.12476 0.12454 ( 1)  0.085
  16 S   0.12589 0.12557 0.12535 0.12515 0.12495 0.12473 0.12444 0.12394 ( 1)  0.085
  17 L   0.12574 0.12547 0.12529 0.12512 0.12496 0.12477 0.12453 0.12411 ( 1)  0.085
  18 L   0.12595 0.12561 0.12537 0.12516 0.12494 0.12470 0.12440 0.12386 ( 1)  0.085
  19 L   0.12595 0.12561 0.12537 0.12516 0.12494 0.12470 0.12440 0.12386 ( 1)  0.085
  20 C   0.12544 0.12528 0.12517 0.12508 0.12497 0.12486 0.12472 0.12447 ( 1)  0.085
  21 A   0.12560 0.12538 0.12523 0.12510 0.12497 0.12481 0.12462 0.12428 ( 1)  0.085
  22 V   0.12567 0.12543 0.12526 0.12511 0.12496 0.12479 0.12458 0.12419 ( 1)  0.085
  23 H   0.12591 0.12559 0.12536 0.12515 0.12495 0.12472 0.12442 0.12391 ( 1)  0.085
  24 A   0.12609 0.12570 0.12543 0.12518 0.12494 0.12466 0.12431 0.12370 ( 1)  0.085
  25 I   0.12561 0.12539 0.12524 0.12510 0.12496 0.12481 0.12461 0.12426 ( 1)  0.085
  26 N   0.12608 0.12569 0.12542 0.12518 0.12494 0.12467 0.12432 0.12371 ( 1)  0.085
  27 N   0.12561 0.12539 0.12524 0.12510 0.12496 0.12481 0.12461 0.12427 ( 1)  0.085
  28 V   0.12569 0.12544 0.12527 0.12512 0.12496 0.12479 0.12457 0.12418 ( 1)  0.085
  29 L   0.12552 0.12534 0.12521 0.12509 0.12497 0.12484 0.12467 0.12437 ( 1)  0.085
  30 Q   0.12519 0.12513 0.12508 0.12503 0.12499 0.12494 0.12488 0.12477 ( 1)  0.086
  31 F   0.12606 0.12568 0.12541 0.12518 0.12494 0.12467 0.12433 0.12373 ( 1)  0.085
  32 E   0.12568 0.12543 0.12527 0.12511 0.12496 0.12479 0.12457 0.12419 ( 1)  0.085
  33 A   0.12565 0.12542 0.12525 0.12511 0.12496 0.12480 0.12459 0.12422 ( 1)  0.085
  34 V   0.12562 0.12540 0.12524 0.12510 0.12496 0.12481 0.12461 0.12426 ( 1)  0.085
  35 N   0.12608 0.12569 0.12542 0.12518 0.12494 0.12467 0.12432 0.12371 ( 1)  0.085
  36 K   0.12568 0.12543 0.12526 0.12511 0.12496 0.12479 0.12457 0.12419 ( 1)  0.085
  37 Q   0.12538 0.12525 0.12515 0.12507 0.12498 0.12488 0.12476 0.12454 ( 1)  0.085
  38 S   0.12549 0.12531 0.12519 0.12508 0.12497 0.12485 0.12469 0.12442 ( 1)  0.085
  39 M   0.12588 0.12556 0.12535 0.12515 0.12495 0.12473 0.12444 0.12394 ( 1)  0.085
  40 D   0.12561 0.12539 0.12524 0.12510 0.12496 0.12481 0.12461 0.12426 ( 1)  0.085
  41 A   0.12565 0.12542 0.12525 0.12511 0.12496 0.12480 0.12459 0.12422 ( 1)  0.085
  42 I   0.12565 0.12541 0.12525 0.12511 0.12496 0.12480 0.12459 0.12422 ( 1)  0.085
  43 C   0.12562 0.12540 0.12524 0.12511 0.12496 0.12481 0.12461 0.12425 ( 1)  0.085
  44 S   0.12589 0.12557 0.12535 0.12515 0.12495 0.12473 0.12444 0.12394 ( 1)  0.085
  45 R   0.12525 0.12516 0.12510 0.12504 0.12499 0.12492 0.12484 0.12469 ( 1)  0.086
  46 L   0.12534 0.12522 0.12514 0.12506 0.12498 0.12489 0.12478 0.12459 ( 1)  0.086
  47 T   0.12565 0.12542 0.12526 0.12511 0.12496 0.12480 0.12459 0.12421 ( 1)  0.085
  48 P   0.12523 0.12515 0.12509 0.12504 0.12499 0.12493 0.12485 0.12472 ( 1)  0.086
  49 A   0.12524 0.12516 0.12510 0.12504 0.12499 0.12492 0.12485 0.12471 ( 1)  0.086
  50 R   0.12562 0.12540 0.12524 0.12511 0.12496 0.12481 0.12461 0.12425 ( 1)  0.085
  51 F   0.12606 0.12568 0.12541 0.12518 0.12494 0.12467 0.12433 0.12373 ( 1)  0.085
  52 T   0.07121 0.09049 0.10387 0.11589 0.12805 0.14166 0.15907 0.18977 ( 8)  0.093
  53 N   0.12608 0.12569 0.12542 0.12518 0.12494 0.12467 0.12432 0.12371 ( 1)  0.085
  54 P   0.12561 0.12539 0.12524 0.12510 0.12496 0.12481 0.12461 0.12426 ( 1)  0.085
  55 H   0.12591 0.12559 0.12536 0.12515 0.12495 0.12472 0.12442 0.12391 ( 1)  0.085
  56 R   0.12596 0.12562 0.12538 0.12516 0.12494 0.12470 0.12439 0.12384 ( 1)  0.085
  57 N   0.12561 0.12539 0.12524 0.12510 0.12496 0.12481 0.12461 0.12427 ( 1)  0.085
  58 I   0.12565 0.12541 0.12525 0.12511 0.12496 0.12480 0.12459 0.12422 ( 1)  0.085
  59 F   0.12606 0.12568 0.12541 0.12518 0.12494 0.12467 0.12433 0.12373 ( 1)  0.085
  60 G   0.12560 0.12538 0.12523 0.12510 0.12497 0.12482 0.12462 0.12428 ( 1)  0.085
  61 L   0.12524 0.12515 0.12509 0.12504 0.12499 0.12493 0.12485 0.12471 ( 1)  0.086
  62 G   0.12600 0.12564 0.12539 0.12517 0.12494 0.12469 0.12437 0.12380 ( 1)  0.085
  63 N   0.12608 0.12569 0.12542 0.12518 0.12494 0.12467 0.12432 0.12371 ( 1)  0.085
  64 F   0.12559 0.12538 0.12523 0.12510 0.12497 0.12482 0.12462 0.12429 ( 1)  0.085
  65 D   0.12608 0.12569 0.12542 0.12518 0.12494 0.12466 0.12432 0.12371 ( 1)  0.085
  66 V   0.12612 0.12572 0.12544 0.12519 0.12493 0.12465 0.12429 0.12366 ( 1)  0.085
  67 N   0.12608 0.12569 0.12542 0.12518 0.12494 0.12467 0.12432 0.12371 ( 1)  0.085
  68 V   0.12567 0.12543 0.12526 0.12511 0.12496 0.12479 0.12458 0.12419 ( 1)  0.085
  69 L   0.12595 0.12561 0.12537 0.12516 0.12494 0.12470 0.12440 0.12386 ( 1)  0.085
  70 I   0.12565 0.12541 0.12525 0.12511 0.12496 0.12480 0.12459 0.12422 ( 1)  0.085
  71 L   0.12534 0.12522 0.12514 0.12506 0.12498 0.12489 0.12478 0.12459 ( 1)  0.086
  72 A   0.12609 0.12570 0.12543 0.12518 0.12494 0.12466 0.12431 0.12370 ( 1)  0.085
  73 L   0.12525 0.12516 0.12510 0.12504 0.12499 0.12492 0.12484 0.12470 ( 1)  0.086
  74 Q   0.12538 0.12525 0.12515 0.12507 0.12498 0.12488 0.12476 0.12454 ( 1)  0.085
  75 D   0.12608 0.12569 0.12542 0.12518 0.12494 0.12466 0.12432 0.12371 ( 1)  0.085
  76 H   0.12552 0.12533 0.12520 0.12509 0.12497 0.12484 0.12467 0.12437 ( 1)  0.085
  77 D   0.12608 0.12569 0.12542 0.12518 0.12494 0.12466 0.12432 0.12371 ( 1)  0.085
  78 Y   0.12553 0.12534 0.12521 0.12509 0.12497 0.12483 0.12466 0.12436 ( 1)  0.085
  79 D   0.12585 0.12554 0.12533 0.12514 0.12495 0.12474 0.12446 0.12398 ( 1)  0.085
  80 V   0.12562 0.12540 0.12524 0.12510 0.12496 0.12481 0.12461 0.12426 ( 1)  0.085
  81 V   0.12567 0.12543 0.12526 0.12511 0.12496 0.12479 0.12458 0.12419 ( 1)  0.085
  82 W   0.12528 0.12518 0.12511 0.12505 0.12498 0.12491 0.12482 0.12467 ( 1)  0.086
  83 F   0.12559 0.12538 0.12523 0.12510 0.12497 0.12482 0.12462 0.12429 ( 1)  0.085
  84 N   0.12561 0.12539 0.12524 0.12510 0.12496 0.12481 0.12461 0.12427 ( 1)  0.085
  85 R   0.12556 0.12536 0.12522 0.12509 0.12497 0.12483 0.12465 0.12433 ( 1)  0.085
  86 Q   0.12529 0.12519 0.12511 0.12505 0.12498 0.12491 0.12482 0.12465 ( 1)  0.086
  87 K   0.12568 0.12543 0.12526 0.12511 0.12496 0.12479 0.12457 0.12419 ( 1)  0.085
  88 S   0.12603 0.12566 0.12540 0.12517 0.12494 0.12468 0.12435 0.12377 ( 1)  0.085
  89 M   0.12588 0.12556 0.12535 0.12515 0.12495 0.12473 0.12444 0.12394 ( 1)  0.085
  90 T   0.12560 0.12539 0.12524 0.12510 0.12497 0.12481 0.12462 0.12428 ( 1)  0.085
  91 E   0.12568 0.12543 0.12527 0.12511 0.12496 0.12479 0.12457 0.12419 ( 1)  0.085
  92 H   0.12591 0.12559 0.12536 0.12515 0.12495 0.12472 0.12442 0.12391 ( 1)  0.085
  93 N   0.12608 0.12569 0.12542 0.12518 0.12494 0.12467 0.12432 0.12371 ( 1)  0.085
  94 L   0.12595 0.12561 0.12537 0.12516 0.12494 0.12470 0.12440 0.12386 ( 1)  0.085
  95 N   0.12608 0.12569 0.12542 0.12518 0.12494 0.12467 0.12432 0.12371 ( 1)  0.085
  96 W   0.12528 0.12518 0.12511 0.12505 0.12498 0.12491 0.12482 0.12467 ( 1)  0.086
  97 D   0.12608 0.12569 0.12542 0.12518 0.12494 0.12466 0.12432 0.12371 ( 1)  0.085
  98 R   0.12596 0.12562 0.12538 0.12516 0.12494 0.12470 0.12439 0.12384 ( 1)  0.085
  99 I   0.12615 0.12574 0.12545 0.12519 0.12493 0.12464 0.12427 0.12363 ( 1)  0.085
 100 T   0.12565 0.12542 0.12526 0.12511 0.12496 0.12480 0.12459 0.12421 ( 1)  0.085
 101 G   0.12555 0.12535 0.12522 0.12509 0.12497 0.12483 0.12465 0.12434 ( 1)  0.085
 102 F   0.12606 0.12568 0.12541 0.12518 0.12494 0.12467 0.12433 0.12373 ( 1)  0.085
 103 I   0.12565 0.12541 0.12525 0.12511 0.12496 0.12480 0.12459 0.12422 ( 1)  0.085
 104 L   0.12595 0.12561 0.12537 0.12516 0.12494 0.12470 0.12440 0.12386 ( 1)  0.085
 105 N   0.12608 0.12569 0.12542 0.12518 0.12494 0.12467 0.12432 0.12371 ( 1)  0.085
 106 T   0.12610 0.12570 0.12543 0.12518 0.12494 0.12466 0.12431 0.12369 ( 1)  0.085
 107 R   0.12553 0.12534 0.12521 0.12509 0.12497 0.12484 0.12467 0.12436 ( 1)  0.085
 108 R   0.12517 0.12511 0.12507 0.12503 0.12499 0.12495 0.12489 0.12480 ( 1)  0.086
 109 K   0.12549 0.12531 0.12519 0.12508 0.12497 0.12485 0.12469 0.12441 ( 1)  0.085
 110 F   0.12583 0.12553 0.12532 0.12514 0.12495 0.12474 0.12448 0.12401 ( 1)  0.085
 111 L   0.12534 0.12522 0.12514 0.12506 0.12498 0.12489 0.12478 0.12459 ( 1)  0.086
 112 A   0.12524 0.12516 0.12510 0.12504 0.12499 0.12492 0.12485 0.12471 ( 1)  0.086
 113 P   0.12603 0.12566 0.12540 0.12517 0.12494 0.12468 0.12435 0.12377 ( 1)  0.085
 114 I   0.12565 0.12541 0.12525 0.12511 0.12496 0.12480 0.12459 0.12422 ( 1)  0.085
 115 P   0.12557 0.12536 0.12522 0.12510 0.12497 0.12482 0.12464 0.12432 ( 1)  0.085
 116 V   0.12612 0.12572 0.12544 0.12519 0.12493 0.12465 0.12429 0.12366 ( 1)  0.085
 117 T   0.12610 0.12570 0.12543 0.12518 0.12494 0.12466 0.12431 0.12369 ( 1)  0.085
 118 S   0.12557 0.12537 0.12522 0.12510 0.12497 0.12482 0.12464 0.12431 ( 1)  0.085
 119 R   0.12553 0.12534 0.12521 0.12509 0.12497 0.12484 0.12467 0.12436 ( 1)  0.085
 120 H   0.12591 0.12559 0.12536 0.12515 0.12495 0.12472 0.12442 0.12391 ( 1)  0.085
 121 W   0.12528 0.12518 0.12511 0.12505 0.12498 0.12491 0.12482 0.12467 ( 1)  0.086
 122 I   0.12565 0.12541 0.12525 0.12511 0.12496 0.12480 0.12459 0.12422 ( 1)  0.085
 123 A   0.12609 0.12570 0.12543 0.12518 0.12494 0.12466 0.12431 0.12370 ( 1)  0.085
 124 F   0.12606 0.12568 0.12541 0.12518 0.12494 0.12467 0.12433 0.12373 ( 1)  0.085
 125 R   0.12575 0.12548 0.12529 0.12513 0.12496 0.12477 0.12453 0.12410 ( 1)  0.085
 126 G   0.12555 0.12535 0.12522 0.12509 0.12497 0.12483 0.12465 0.12434 ( 1)  0.085
 127 F   0.12606 0.12568 0.12541 0.12518 0.12494 0.12467 0.12433 0.12373 ( 1)  0.085
 128 P   0.12603 0.12566 0.12540 0.12517 0.12494 0.12468 0.12435 0.12377 ( 1)  0.085
 129 S   0.12603 0.12566 0.12540 0.12517 0.12494 0.12468 0.12435 0.12377 ( 1)  0.085
 130 A   0.12524 0.12516 0.12510 0.12504 0.12499 0.12492 0.12485 0.12471 ( 1)  0.086
 131 E   0.12568 0.12543 0.12527 0.12511 0.12496 0.12479 0.12457 0.12419 ( 1)  0.085
 132 G   0.12600 0.12564 0.12539 0.12517 0.12494 0.12469 0.12437 0.12380 ( 1)  0.085
 133 G   0.12522 0.12514 0.12509 0.12504 0.12499 0.12493 0.12486 0.12474 ( 1)  0.086
 134 D   0.12608 0.12569 0.12542 0.12518 0.12494 0.12466 0.12432 0.12371 ( 1)  0.085
 135 I   0.12565 0.12541 0.12525 0.12511 0.12496 0.12480 0.12459 0.12422 ( 1)  0.085
 136 L   0.12534 0.12522 0.12514 0.12506 0.12498 0.12489 0.12478 0.12459 ( 1)  0.086
 137 Y   0.12597 0.12562 0.12538 0.12516 0.12494 0.12470 0.12438 0.12383 ( 1)  0.085
 138 Y   0.12597 0.12562 0.12538 0.12516 0.12494 0.12470 0.12438 0.12383 ( 1)  0.085
 139 D   0.12561 0.12539 0.12524 0.12510 0.12496 0.12481 0.12461 0.12426 ( 1)  0.085
 140 L   0.12534 0.12522 0.12514 0.12506 0.12498 0.12489 0.12478 0.12459 ( 1)  0.086
 141 D   0.12608 0.12569 0.12542 0.12518 0.12494 0.12466 0.12432 0.12371 ( 1)  0.085
 142 S   0.12589 0.12557 0.12535 0.12515 0.12495 0.12473 0.12444 0.12394 ( 1)  0.085
 143 K   0.12568 0.12543 0.12526 0.12511 0.12496 0.12479 0.12457 0.12419 ( 1)  0.085
 144 L   0.12525 0.12516 0.12510 0.12504 0.12499 0.12492 0.12484 0.12470 ( 1)  0.086
 145 P   0.12603 0.12566 0.12540 0.12517 0.12494 0.12468 0.12435 0.12377 ( 1)  0.085
 146 S   0.12551 0.12533 0.12520 0.12509 0.12497 0.12484 0.12468 0.12439 ( 1)  0.085
 147 P   0.12603 0.12566 0.12540 0.12517 0.12494 0.12468 0.12435 0.12377 ( 1)  0.085
 148 L   0.12595 0.12561 0.12537 0.12516 0.12494 0.12470 0.12440 0.12386 ( 1)  0.085
 149 L   0.12552 0.12534 0.12521 0.12509 0.12497 0.12484 0.12467 0.12437 ( 1)  0.085


lnL =  -640.948568

