Supplemental results for CODEML (seqf: algn  treef: tree)


dN/dS (w) for site classes (K=2)

p:   0.42012  0.57988
w:   0.00000  1.00000

Naive Empirical Bayes (NEB) probabilities for 2 classes & postmean_w
(amino acids refer to 1st sequence: scw.15966)

   1 M   0.61416 0.38584 ( 1)  0.386
   2 H   0.64306 0.35694 ( 1)  0.357
   3 M   0.00000 1.00000 ( 2)  1.000
   4 H   0.64306 0.35694 ( 1)  0.357
   5 K   0.57400 0.42600 ( 1)  0.426
   6 H   0.64306 0.35694 ( 1)  0.357
   7 I   0.61009 0.38991 ( 1)  0.390
   8 R   0.00000 1.00000 ( 2)  1.000
   9 L   0.58054 0.41946 ( 1)  0.419
  10 P   0.61413 0.38587 ( 1)  0.386
  11 P   0.60164 0.39836 ( 1)  0.398
  12 S   0.61443 0.38557 ( 1)  0.386
  13 T   0.00000 1.00000 ( 2)  1.000
  14 K   0.63794 0.36206 ( 1)  0.362
  15 R   0.00000 1.00000 ( 2)  1.000
  16 L   0.54488 0.45512 ( 1)  0.455
  17 S   0.61113 0.38887 ( 1)  0.389
  18 E   0.63574 0.36426 ( 1)  0.364
  19 R   0.51355 0.48645 ( 1)  0.486
  20 F   0.61303 0.38697 ( 1)  0.387
  21 H   0.64647 0.35353 ( 1)  0.354
  22 C   0.57774 0.42226 ( 1)  0.422
  23 Q   0.63413 0.36587 ( 1)  0.366
  24 L   0.59848 0.40152 ( 1)  0.402
  25 K   0.63794 0.36206 ( 1)  0.362
  26 S   0.61113 0.38887 ( 1)  0.389
  27 A   0.59164 0.40836 ( 1)  0.408
  28 L   0.58054 0.41946 ( 1)  0.419
  29 R   0.55925 0.44075 ( 1)  0.441
  30 A   0.60745 0.39255 ( 1)  0.393
  31 H   0.64647 0.35353 ( 1)  0.354
  32 E   0.00000 1.00000 ( 2)  1.000
  33 N   0.63697 0.36303 ( 1)  0.363
  34 G   0.58325 0.41675 ( 1)  0.417
  35 N   0.63697 0.36303 ( 1)  0.363
  36 W   0.51105 0.48895 ( 1)  0.489
  37 D   0.00000 1.00000 ( 2)  1.000
  38 E   0.63574 0.36426 ( 1)  0.364
  39 T   0.59925 0.40075 ( 1)  0.401
  40 L   0.54488 0.45512 ( 1)  0.455
  41 P   0.52095 0.47905 ( 1)  0.479
  42 L   0.60213 0.39787 ( 1)  0.398
  43 V   0.59313 0.40687 ( 1)  0.407
  44 L   0.00000 1.00000 ( 2)  1.000
  45 L   0.54488 0.45512 ( 1)  0.455
  46 G   0.50979 0.49021 ( 1)  0.490
  47 V   0.00000 1.00000 ( 2)  1.000
  48 R   0.59514 0.40486 ( 1)  0.405
  49 T   0.51762 0.48238 ( 1)  0.482
  50 S   0.61443 0.38557 ( 1)  0.386
  51 L   0.53611 0.46389 ( 1)  0.464
  52 K   0.55945 0.44055 ( 1)  0.441
  53 A   0.60745 0.39255 ( 1)  0.393
  54 D   0.63166 0.36834 ( 1)  0.368
  55 I   0.60604 0.39396 ( 1)  0.394
  56 Q   0.63413 0.36587 ( 1)  0.366
  57 C   0.57463 0.42537 ( 1)  0.425
  58 S   0.58572 0.41428 ( 1)  0.414
  59 A   0.59519 0.40481 ( 1)  0.405
  60 A   0.00000 1.00000 ( 2)  1.000
  61 E   0.63574 0.36426 ( 1)  0.364
  62 L   0.59848 0.40152 ( 1)  0.402
  63 V   0.59383 0.40617 ( 1)  0.406
  64 Y   0.00000 1.00000 ( 2)  1.000
  65 G   0.58325 0.41675 ( 1)  0.417
  66 T   0.51762 0.48238 ( 1)  0.482
  67 T   0.60864 0.39136 ( 1)  0.391
  68 L   0.51004 0.48996 ( 1)  0.490
  69 R   0.58981 0.41019 ( 1)  0.410
  70 L   0.50289 0.49711 ( 1)  0.497
  71 L   0.00000 1.00000 ( 2)  1.000
  72 G   0.00000 1.00000 ( 2)  1.000
  73 E   0.63574 0.36426 ( 1)  0.364
  74 F   0.61637 0.38363 ( 1)  0.384
  75 F   0.61637 0.38363 ( 1)  0.384
  76 T   0.58386 0.41614 ( 1)  0.416
  77 P   0.61413 0.38587 ( 1)  0.386
  78 R   0.00000 1.00000 ( 2)  1.000
  79 S   0.61443 0.38557 ( 1)  0.386
  80 R   0.58359 0.41641 ( 1)  0.416
  81 P   0.59800 0.40200 ( 1)  0.402
  82 N   0.63356 0.36644 ( 1)  0.366
  83 F   0.61637 0.38363 ( 1)  0.384
  84 G   0.57989 0.42011 ( 1)  0.420
  85 K   0.63794 0.36206 ( 1)  0.362
  86 S   0.56454 0.43546 ( 1)  0.435
  87 D   0.00000 1.00000 ( 2)  1.000
  88 Y   0.58882 0.41118 ( 1)  0.411
  89 V   0.59613 0.40387 ( 1)  0.404
  90 H   0.00000 1.00000 ( 2)  1.000
  91 R   0.55925 0.44075 ( 1)  0.441
  92 L   0.50289 0.49711 ( 1)  0.497
  93 S   0.58231 0.41769 ( 1)  0.418
  94 A   0.00000 1.00000 ( 2)  1.000
  95 F   0.61303 0.38697 ( 1)  0.387
  96 M   0.00000 1.00000 ( 2)  1.000
  97 Q   0.00000 1.00000 ( 2)  1.000
  98 T   0.51762 0.48238 ( 1)  0.482
  99 L   0.50289 0.49711 ( 1)  0.497
 100 S   0.57917 0.42083 ( 1)  0.421
 101 P   0.53406 0.46594 ( 1)  0.466
 102 V   0.00000 1.00000 ( 2)  1.000
 103 S   0.56163 0.43837 ( 1)  0.438
 104 T   0.59275 0.40725 ( 1)  0.407
 105 R   0.00000 1.00000 ( 2)  1.000
 106 I   0.63208 0.36792 ( 1)  0.368
 107 Q   0.63413 0.36587 ( 1)  0.366
 108 H   0.00000 1.00000 ( 2)  1.000
 109 R   0.54452 0.45548 ( 1)  0.455
 110 Q   0.56157 0.43843 ( 1)  0.438
 111 V   0.59613 0.40387 ( 1)  0.404
 112 A   0.59164 0.40836 ( 1)  0.408
 113 L   0.59907 0.40093 ( 1)  0.401
 114 P   0.59800 0.40200 ( 1)  0.402
 115 R   0.55925 0.44075 ( 1)  0.441
 116 E   0.55745 0.44255 ( 1)  0.443
 117 L   0.54671 0.45329 ( 1)  0.453
 118 S   0.58231 0.41769 ( 1)  0.418
 119 T   0.59632 0.40368 ( 1)  0.404
 120 Y   0.00000 1.00000 ( 2)  1.000
 121 T   0.00000 1.00000 ( 2)  1.000
 122 R   0.58981 0.41019 ( 1)  0.410
 123 V   0.59257 0.40743 ( 1)  0.407
 124 F   0.61637 0.38363 ( 1)  0.384
 125 I   0.63208 0.36792 ( 1)  0.368
 126 R   0.55925 0.44075 ( 1)  0.441
 127 V   0.60844 0.39156 ( 1)  0.392
 128 D   0.63166 0.36834 ( 1)  0.368
 129 S   0.00000 1.00000 ( 2)  1.000
 130 V   0.60844 0.39156 ( 1)  0.392
 131 R   0.59334 0.40666 ( 1)  0.407
 132 K   0.00000 1.00000 ( 2)  1.000
 133 P   0.00000 1.00000 ( 2)  1.000
 134 L   0.00000 1.00000 ( 2)  1.000
 135 Q   0.63413 0.36587 ( 1)  0.366
 136 Q   0.63413 0.36587 ( 1)  0.366
 137 P   0.59800 0.40200 ( 1)  0.402
 138 Y   0.58819 0.41181 ( 1)  0.412
 139 E   0.63574 0.36426 ( 1)  0.364
 140 G   0.00000 1.00000 ( 2)  1.000
 141 S   0.00000 1.00000 ( 2)  1.000
 142 F   0.61303 0.38697 ( 1)  0.387
 143 H   0.00000 1.00000 ( 2)  1.000
 144 V   0.51750 0.48250 ( 1)  0.482
 145 I   0.61009 0.38991 ( 1)  0.390
 146 A   0.59164 0.40836 ( 1)  0.408
 147 R   0.58981 0.41019 ( 1)  0.410
 148 H   0.64647 0.35353 ( 1)  0.354
 149 E   0.63574 0.36426 ( 1)  0.364
 150 K   0.55945 0.44055 ( 1)  0.441
 151 T   0.58592 0.41408 ( 1)  0.414
 152 F   0.61637 0.38363 ( 1)  0.384
 153 K   0.55945 0.44055 ( 1)  0.441
 154 A   0.00000 1.00000 ( 2)  1.000
 155 D   0.63166 0.36834 ( 1)  0.368
 156 R   0.55925 0.44075 ( 1)  0.441
 157 Y   0.58536 0.41464 ( 1)  0.415
 158 G   0.58044 0.41956 ( 1)  0.420
 159 R   0.59334 0.40666 ( 1)  0.407
 160 V   0.59613 0.40387 ( 1)  0.404
 161 E   0.55745 0.44255 ( 1)  0.443
 162 I   0.61009 0.38991 ( 1)  0.390
 163 V   0.59613 0.40387 ( 1)  0.404
 164 S   0.61443 0.38557 ( 1)  0.386
 165 I   0.00000 1.00000 ( 2)  1.000
 166 D   0.63166 0.36834 ( 1)  0.368
 167 R   0.58981 0.41019 ( 1)  0.410
 168 L   0.60213 0.39787 ( 1)  0.398
 169 K   0.63794 0.36206 ( 1)  0.362
 170 P   0.00000 1.00000 ( 2)  1.000
 171 A   0.60745 0.39255 ( 1)  0.393
 172 H   0.00000 1.00000 ( 2)  1.000
 173 V   0.59613 0.40387 ( 1)  0.404
 174 D   0.00000 1.00000 ( 2)  1.000
 175 D   0.63507 0.36493 ( 1)  0.365
 176 S   0.61113 0.38887 ( 1)  0.389
 177 A   0.00000 1.00000 ( 2)  1.000
 178 L   0.00000 1.00000 ( 2)  1.000
 179 S   0.58231 0.41769 ( 1)  0.418
 180 D   0.00000 1.00000 ( 2)  1.000
 181 N   0.00000 1.00000 ( 2)  1.000
 182 L   0.50749 0.49251 ( 1)  0.493
 183 R   0.57526 0.42474 ( 1)  0.425
 184 F   0.61637 0.38363 ( 1)  0.384
 185 N   0.63356 0.36644 ( 1)  0.366
 186 A   0.59164 0.40836 ( 1)  0.408
 187 R   0.59514 0.40486 ( 1)  0.405
 188 P   0.59800 0.40200 ( 1)  0.402
 189 I   0.61009 0.38991 ( 1)  0.390
 190 K   0.63794 0.36206 ( 1)  0.362
 191 T   0.00000 1.00000 ( 2)  1.000
 192 S   0.61443 0.38557 ( 1)  0.386
 193 G   0.50979 0.49021 ( 1)  0.490
 194 I   0.00000 1.00000 ( 2)  1.000
 195 L   0.59848 0.40152 ( 1)  0.402
 196 K   0.63794 0.36206 ( 1)  0.362
 197 I   0.00000 1.00000 ( 2)  1.000
 198 F   0.00000 1.00000 ( 2)  1.000
 199 R   0.00000 1.00000 ( 2)  1.000
 200 S   0.00000 1.00000 ( 2)  1.000
 201 H   0.00000 1.00000 ( 2)  1.000
 202 T   0.53923 0.46077 ( 1)  0.461
 203 I   0.00000 1.00000 ( 2)  1.000
 204 Y   0.00000 1.00000 ( 2)  1.000
 205 G   0.00000 1.00000 ( 2)  1.000
 206 G   0.00000 1.00000 ( 2)  1.000
 207 D   0.00000 1.00000 ( 2)  1.000
 208 D   0.00000 1.00000 ( 2)  1.000
 209 S   0.00000 1.00000 ( 2)  1.000
 210 L   0.00000 1.00000 ( 2)  1.000
 211 T   0.00000 1.00000 ( 2)  1.000
 212 S   0.00000 1.00000 ( 2)  1.000
 213 R   0.00000 1.00000 ( 2)  1.000
 214 S   0.00000 1.00000 ( 2)  1.000
 215 A   0.00000 1.00000 ( 2)  1.000
 216 D   0.00000 1.00000 ( 2)  1.000
 217 H   0.64647 0.35353 ( 1)  0.354
 218 V   0.00000 1.00000 ( 2)  1.000
 219 A   0.00000 1.00000 ( 2)  1.000
 220 S   0.58231 0.41769 ( 1)  0.418
 221 D   0.00000 1.00000 ( 2)  1.000
 222 L   0.00000 1.00000 ( 2)  1.000
 223 E   0.00000 1.00000 ( 2)  1.000


lnL = -1498.456803

