Supplemental results for CODEML (seqf: algn  treef: tree)


dN/dS (w) for site classes (K=3)

p:   0.81302  0.00000  0.18698
w:   0.02980  1.00000  1.08155

Naive Empirical Bayes (NEB) probabilities for 3 classes & postmean_w & P(w>1)
(amino acids refer to 1st sequence: Msl.10087)

   1 M   0.99158 0.00000 0.00842 ( 1)  0.039  0.008
   2 L   0.96276 0.00000 0.03724 ( 1)  0.069  0.037
   3 V   0.95435 0.00000 0.04565 ( 1)  0.078  0.046
   4 L   0.92353 0.00000 0.07647 ( 1)  0.110  0.076
   5 V   0.96268 0.00000 0.03732 ( 1)  0.069  0.037
   6 I   0.98323 0.00000 0.01677 ( 1)  0.047  0.017
   7 G   0.97375 0.00000 0.02625 ( 1)  0.057  0.026
   8 D   0.97925 0.00000 0.02075 ( 1)  0.052  0.021
   9 F   0.98627 0.00000 0.01373 ( 1)  0.044  0.014
  10 H   0.98067 0.00000 0.01933 ( 1)  0.050  0.019
  11 V   0.95948 0.00000 0.04052 ( 1)  0.072  0.041
  12 P   0.97945 0.00000 0.02055 ( 1)  0.051  0.021
  13 Y   0.98119 0.00000 0.01881 ( 1)  0.050  0.019
  14 R   0.94146 0.00000 0.05854 ( 1)  0.091  0.059
  15 A   0.97336 0.00000 0.02664 ( 1)  0.058  0.027
  16 S   0.00789 0.00000 0.99211 ( 3)  1.073  0.992
  17 S   0.02790 0.00000 0.97210 ( 3)  1.052  0.972
  18 I   0.25814 0.00000 0.74186 ( 3)  0.810  0.742
  19 P   0.97379 0.00000 0.02621 ( 1)  0.057  0.026
  20 A   0.97633 0.00000 0.02367 ( 1)  0.055  0.024
  21 K   0.97642 0.00000 0.02358 ( 1)  0.055  0.024
  22 F   0.98354 0.00000 0.01646 ( 1)  0.047  0.016
  23 R   0.15469 0.00000 0.84531 ( 3)  0.919  0.845
  24 R   0.06001 0.00000 0.93999 ( 3)  1.018  0.940
  25 L   0.95225 0.00000 0.04775 ( 1)  0.080  0.048
  26 L   0.94902 0.00000 0.05098 ( 1)  0.083  0.051
  27 V   0.95948 0.00000 0.04052 ( 1)  0.072  0.041
  28 P   0.97945 0.00000 0.02055 ( 1)  0.051  0.021
  29 G   0.97962 0.00000 0.02038 ( 1)  0.051  0.020
  30 K   0.97642 0.00000 0.02358 ( 1)  0.055  0.024
  31 I   0.98242 0.00000 0.01758 ( 1)  0.048  0.018
  32 Q   0.98107 0.00000 0.01893 ( 1)  0.050  0.019
  33 H   0.98482 0.00000 0.01518 ( 1)  0.046  0.015
  34 V   0.52035 0.00000 0.47965 ( 1)  0.534  0.480
  35 L   0.96030 0.00000 0.03970 ( 1)  0.072  0.040
  36 C   0.98737 0.00000 0.01263 ( 1)  0.043  0.013
  37 T   0.98690 0.00000 0.01310 ( 1)  0.044  0.013
  38 G   0.97962 0.00000 0.02038 ( 1)  0.051  0.020
  39 N   0.98407 0.00000 0.01593 ( 1)  0.047  0.016
  40 L   0.95669 0.00000 0.04331 ( 1)  0.075  0.043
  41 I   0.02354 0.00000 0.97646 ( 3)  1.057  0.976
  42 G   0.68117 0.00000 0.31883 ( 1)  0.365  0.319
  43 R   0.96631 0.00000 0.03369 ( 1)  0.065  0.034
  44 D   0.97949 0.00000 0.02051 ( 1)  0.051  0.021
  45 S   0.00828 0.00000 0.99172 ( 3)  1.073  0.992
  46 L   0.03315 0.00000 0.96685 ( 3)  1.047  0.967
  47 D   0.98167 0.00000 0.01833 ( 1)  0.049  0.018
  48 Y   0.97686 0.00000 0.02314 ( 1)  0.054  0.023
  49 L   0.96155 0.00000 0.03845 ( 1)  0.070  0.038
  50 K   0.97642 0.00000 0.02358 ( 1)  0.055  0.024
  51 S   0.01242 0.00000 0.98758 ( 3)  1.068  0.988
  52 L   0.96359 0.00000 0.03641 ( 1)  0.068  0.036
  53 T   0.66264 0.00000 0.33736 ( 1)  0.385  0.337
  54 S   0.53151 0.00000 0.46849 ( 1)  0.523  0.468
  55 D   0.97925 0.00000 0.02075 ( 1)  0.052  0.021
  56 V   0.96600 0.00000 0.03400 ( 1)  0.066  0.034
  57 H   0.98482 0.00000 0.01518 ( 1)  0.046  0.015
  58 V   0.58938 0.00000 0.41062 ( 1)  0.462  0.411
  59 V   0.96608 0.00000 0.03392 ( 1)  0.065  0.034
  60 R   0.96944 0.00000 0.03056 ( 1)  0.062  0.031
  61 G   0.97962 0.00000 0.02038 ( 1)  0.051  0.020
  62 E   0.98061 0.00000 0.01939 ( 1)  0.050  0.019
  63 F   0.98627 0.00000 0.01373 ( 1)  0.044  0.014
  64 D   0.98167 0.00000 0.01833 ( 1)  0.049  0.018
  65 D   0.98167 0.00000 0.01833 ( 1)  0.049  0.018
  66 A   0.97738 0.00000 0.02262 ( 1)  0.054  0.023
  67 S   0.01350 0.00000 0.98650 ( 3)  1.067  0.987
  68 W   0.97524 0.00000 0.02476 ( 1)  0.056  0.025
  69 P   0.97945 0.00000 0.02055 ( 1)  0.051  0.021
  70 E   0.69193 0.00000 0.30807 ( 1)  0.354  0.308
  71 T   0.97880 0.00000 0.02120 ( 1)  0.052  0.021
  72 K   0.97731 0.00000 0.02269 ( 1)  0.054  0.023
  73 V   0.96463 0.00000 0.03537 ( 1)  0.067  0.035
  74 V   0.96560 0.00000 0.03440 ( 1)  0.066  0.034
  75 T   0.97022 0.00000 0.02978 ( 1)  0.061  0.030
  76 V   0.96314 0.00000 0.03686 ( 1)  0.069  0.037
  77 G   0.97962 0.00000 0.02038 ( 1)  0.051  0.020
  78 Q   0.98107 0.00000 0.01893 ( 1)  0.050  0.019
  79 L   0.58669 0.00000 0.41331 ( 1)  0.464  0.413
  80 R   0.15469 0.00000 0.84531 ( 3)  0.919  0.845
  81 I   0.98561 0.00000 0.01439 ( 1)  0.045  0.014
  82 G   0.97775 0.00000 0.02225 ( 1)  0.053  0.022
  83 L   0.38112 0.00000 0.61888 ( 3)  0.681  0.619
  84 T   0.98690 0.00000 0.01310 ( 1)  0.044  0.013
  85 H   0.98482 0.00000 0.01518 ( 1)  0.046  0.015
  86 G   0.97717 0.00000 0.02283 ( 1)  0.054  0.023
  87 H   0.98482 0.00000 0.01518 ( 1)  0.046  0.015
  88 Q   0.98107 0.00000 0.01893 ( 1)  0.050  0.019
  89 L   0.95510 0.00000 0.04490 ( 1)  0.077  0.045
  90 L   0.37163 0.00000 0.62837 ( 3)  0.691  0.628
  91 P   0.97717 0.00000 0.02283 ( 1)  0.054  0.023
  92 W   0.97524 0.00000 0.02476 ( 1)  0.056  0.025
  93 G   0.97962 0.00000 0.02038 ( 1)  0.051  0.020
  94 D   0.98082 0.00000 0.01918 ( 1)  0.050  0.019
  95 P   0.43031 0.00000 0.56969 ( 3)  0.629  0.570
  96 A   0.97875 0.00000 0.02125 ( 1)  0.052  0.021
  97 S   0.45290 0.00000 0.54710 ( 3)  0.605  0.547
  98 L   0.96155 0.00000 0.03845 ( 1)  0.070  0.038
  99 S   0.01912 0.00000 0.98088 ( 3)  1.061  0.981
 100 E   0.29359 0.00000 0.70641 ( 3)  0.773  0.706
 101 L   0.96030 0.00000 0.03970 ( 1)  0.072  0.040
 102 R   0.27692 0.00000 0.72308 ( 3)  0.790  0.723
 103 R   0.97834 0.00000 0.02166 ( 1)  0.053  0.022
 104 R   0.27692 0.00000 0.72308 ( 3)  0.790  0.723
 105 L   0.96359 0.00000 0.03641 ( 1)  0.068  0.036
 106 G   0.97962 0.00000 0.02038 ( 1)  0.051  0.020
 107 V   0.60525 0.00000 0.39475 ( 1)  0.445  0.395
 108 D   0.98032 0.00000 0.01968 ( 1)  0.051  0.020
 109 L   0.32205 0.00000 0.67795 ( 3)  0.743  0.678
 110 L   0.31993 0.00000 0.68007 ( 3)  0.745  0.680
 111 I   0.98278 0.00000 0.01722 ( 1)  0.048  0.017
 112 S   0.98961 0.00000 0.01039 ( 1)  0.041  0.010
 113 G   0.97493 0.00000 0.02507 ( 1)  0.056  0.025
 114 H   0.98189 0.00000 0.01811 ( 1)  0.049  0.018
 115 T   0.97723 0.00000 0.02277 ( 1)  0.054  0.023
 116 R   0.61078 0.00000 0.38922 ( 1)  0.439  0.389
 117 R   0.95694 0.00000 0.04306 ( 1)  0.075  0.043
 118 F   0.98354 0.00000 0.01646 ( 1)  0.047  0.016
 119 E   0.98087 0.00000 0.01913 ( 1)  0.050  0.019
 120 A   0.97336 0.00000 0.02664 ( 1)  0.058  0.027
 121 F   0.98395 0.00000 0.01605 ( 1)  0.047  0.016
 122 E   0.98087 0.00000 0.01913 ( 1)  0.050  0.019
 123 R   0.22624 0.00000 0.77376 ( 3)  0.844  0.774
 124 D   0.98032 0.00000 0.01968 ( 1)  0.051  0.020
 125 G   0.97962 0.00000 0.02038 ( 1)  0.051  0.020
 126 G   0.41998 0.00000 0.58002 ( 3)  0.640  0.580
 127 F   0.98395 0.00000 0.01605 ( 1)  0.047  0.016
 128 F   0.98354 0.00000 0.01646 ( 1)  0.047  0.016
 129 L   0.96894 0.00000 0.03106 ( 1)  0.062  0.031
 130 N   0.98407 0.00000 0.01593 ( 1)  0.047  0.016
 131 P   0.98309 0.00000 0.01691 ( 1)  0.048  0.017
 132 G   0.97962 0.00000 0.02038 ( 1)  0.051  0.020
 133 S   0.00803 0.00000 0.99197 ( 3)  1.073  0.992
 134 A   0.97675 0.00000 0.02325 ( 1)  0.054  0.023
 135 T   0.96896 0.00000 0.03104 ( 1)  0.062  0.031
 136 G   0.97493 0.00000 0.02507 ( 1)  0.056  0.025
 137 A   0.97675 0.00000 0.02325 ( 1)  0.054  0.023
 138 F   0.98627 0.00000 0.01373 ( 1)  0.044  0.014
 139 S   0.00578 0.00000 0.99422 ( 3)  1.075  0.994
 140 P   0.96990 0.00000 0.03010 ( 1)  0.061  0.030
 141 V   0.95948 0.00000 0.04052 ( 1)  0.072  0.041
 142 P   0.97383 0.00000 0.02617 ( 1)  0.057  0.026
 143 S   0.97597 0.00000 0.02403 ( 1)  0.055  0.024
 144 F   0.98354 0.00000 0.01646 ( 1)  0.047  0.016
 145 A   0.97875 0.00000 0.02125 ( 1)  0.052  0.021
 146 L   0.95510 0.00000 0.04490 ( 1)  0.077  0.045
 147 L   0.94490 0.00000 0.05510 ( 1)  0.088  0.055
 148 D   0.98167 0.00000 0.01833 ( 1)  0.049  0.018
 149 V   0.52035 0.00000 0.47965 ( 1)  0.534  0.480
 150 Q   0.98107 0.00000 0.01893 ( 1)  0.050  0.019
 151 A   0.97166 0.00000 0.02834 ( 1)  0.060  0.028
 152 S   0.52964 0.00000 0.47036 ( 1)  0.525  0.470
 153 S   0.57290 0.00000 0.42710 ( 1)  0.479  0.427
 154 V   0.96458 0.00000 0.03542 ( 1)  0.067  0.035
 155 V   0.96696 0.00000 0.03304 ( 1)  0.065  0.033
 156 C   0.98156 0.00000 0.01844 ( 1)  0.049  0.018
 157 Y   0.98509 0.00000 0.01491 ( 1)  0.045  0.015
 158 I   0.66189 0.00000 0.33811 ( 1)  0.385  0.338
 159 Y   0.98119 0.00000 0.01881 ( 1)  0.050  0.019
 160 R   0.22624 0.00000 0.77376 ( 3)  0.844  0.774
 161 F   0.58333 0.00000 0.41667 ( 1)  0.468  0.417
 162 I   0.27959 0.00000 0.72041 ( 3)  0.787  0.720
 163 D   0.98087 0.00000 0.01913 ( 1)  0.050  0.019
 164 D   0.98032 0.00000 0.01968 ( 1)  0.051  0.020
 165 V   0.96024 0.00000 0.03976 ( 1)  0.072  0.040
 166 A   0.37396 0.00000 0.62604 ( 3)  0.688  0.626
 167 V   0.96203 0.00000 0.03797 ( 1)  0.070  0.038
 168 E   0.98087 0.00000 0.01913 ( 1)  0.050  0.019
 169 R   0.94131 0.00000 0.05869 ( 1)  0.092  0.059
 170 V   0.66246 0.00000 0.33754 ( 1)  0.385  0.338
 171 E   0.98087 0.00000 0.01913 ( 1)  0.050  0.019
 172 F   0.50770 0.00000 0.49230 ( 1)  0.548  0.492
 173 K   0.97761 0.00000 0.02239 ( 1)  0.053  0.022

Positively selected sites

	Prob(w>1)  mean w

    16 S      0.992**       1.073
    17 S      0.972*        1.052
    18 I      0.742         0.810
    23 R      0.845         0.919
    24 R      0.940         1.018
    41 I      0.976*        1.057
    45 S      0.992**       1.073
    46 L      0.967*        1.047
    51 S      0.988*        1.068
    67 S      0.987*        1.067
    80 R      0.845         0.919
    83 L      0.619         0.681
    90 L      0.628         0.691
    95 P      0.570         0.629
    97 S      0.547         0.605
    99 S      0.981*        1.061
   100 E      0.706         0.773
   102 R      0.723         0.790
   104 R      0.723         0.790
   109 L      0.678         0.743
   110 L      0.680         0.745
   123 R      0.774         0.844
   126 G      0.580         0.640
   133 S      0.992**       1.073
   139 S      0.994**       1.075
   160 R      0.774         0.844
   162 I      0.720         0.787
   166 A      0.626         0.688


lnL = -1158.970136

Bayes Empirical Bayes (BEB) probabilities for 3 classes (class) & postmean_w
(amino acids refer to 1st sequence: Msl.10087)

   1 M   0.99321 0.00525 0.00154 ( 1)  0.058 +-  0.119
   2 L   0.96954 0.02118 0.00928 ( 1)  0.092 +-  0.305
   3 V   0.96295 0.02560 0.01145 ( 1)  0.101 +-  0.324
   4 L   0.93599 0.04197 0.02204 ( 1)  0.145 +-  0.473
   5 V   0.96899 0.02114 0.00987 ( 1)  0.094 +-  0.311
   6 I   0.98615 0.00995 0.00390 ( 1)  0.068 +-  0.189
   7 G   0.97867 0.01522 0.00612 ( 1)  0.079 +-  0.241
   8 D   0.98297 0.01221 0.00482 ( 1)  0.072 +-  0.209
   9 F   0.98862 0.00822 0.00316 ( 1)  0.065 +-  0.167
  10 H   0.98482 0.01156 0.00362 ( 1)  0.069 +-  0.182
  11 V   0.96687 0.02293 0.01020 ( 1)  0.095 +-  0.303
  12 P   0.98356 0.01220 0.00425 ( 1)  0.071 +-  0.201
  13 Y   0.98522 0.01135 0.00343 ( 1)  0.068 +-  0.182
  14 R   0.95499 0.03278 0.01223 ( 1)  0.108 +-  0.331
  15 A   0.97873 0.01547 0.00581 ( 1)  0.078 +-  0.228
  16 S   0.02656 0.52873 0.44471 ( 2)  1.716 +-  1.392
  17 S   0.09145 0.54922 0.35933 ( 2)  1.464 +-  1.245
  18 I   0.44015 0.36442 0.19542 ( 1)  0.863 +-  1.100
  19 P   0.97897 0.01536 0.00568 ( 1)  0.078 +-  0.242
  20 A   0.98026 0.01373 0.00601 ( 1)  0.077 +-  0.238
  21 K   0.98284 0.01441 0.00275 ( 1)  0.069 +-  0.160
  22 F   0.98643 0.00978 0.00379 ( 1)  0.068 +-  0.188
  23 R   0.26956 0.41146 0.31898 ( 2)  1.270 +-  1.376
  24 R   0.11465 0.48672 0.39864 ( 2)  1.545 +-  1.384
  25 L   0.96233 0.02693 0.01074 ( 1)  0.100 +-  0.320
  26 L   0.95933 0.02857 0.01209 ( 1)  0.105 +-  0.339
  27 V   0.96687 0.02293 0.01020 ( 1)  0.095 +-  0.303
  28 P   0.98356 0.01220 0.00425 ( 1)  0.071 +-  0.201
  29 G   0.98317 0.01195 0.00488 ( 1)  0.072 +-  0.209
  30 K   0.98284 0.01441 0.00275 ( 1)  0.069 +-  0.160
  31 I   0.98584 0.01049 0.00367 ( 1)  0.068 +-  0.185
  32 Q   0.98562 0.01154 0.00284 ( 1)  0.067 +-  0.164
  33 H   0.98763 0.00911 0.00326 ( 1)  0.066 +-  0.171
  34 V   0.69099 0.20264 0.10638 ( 1)  0.497 +-  0.909
  35 L   0.96788 0.02255 0.00957 ( 1)  0.094 +-  0.311
  36 C   0.99011 0.00784 0.00205 ( 1)  0.062 +-  0.140
  37 T   0.98947 0.00801 0.00252 ( 1)  0.063 +-  0.155
  38 G   0.98317 0.01195 0.00488 ( 1)  0.072 +-  0.209
  39 N   0.98764 0.00975 0.00261 ( 1)  0.065 +-  0.157
  40 L   0.96567 0.02452 0.00981 ( 1)  0.096 +-  0.301
  41 I   0.07841 0.55563 0.36596 ( 2)  1.479 +-  1.228
  42 G   0.81644 0.12836 0.05521 ( 1)  0.297 +-  0.662
  43 R   0.97496 0.01976 0.00528 ( 1)  0.079 +-  0.214
  44 D   0.98311 0.01208 0.00481 ( 1)  0.072 +-  0.213
  45 S   0.02903 0.54641 0.42456 ( 2)  1.655 +-  1.321
  46 L   0.10141 0.51844 0.38015 ( 2)  1.516 +-  1.330
  47 D   0.98462 0.01088 0.00449 ( 1)  0.070 +-  0.198
  48 Y   0.98258 0.01395 0.00348 ( 1)  0.070 +-  0.179
  49 L   0.97072 0.02226 0.00702 ( 1)  0.086 +-  0.255
  50 K   0.98284 0.01441 0.00275 ( 1)  0.069 +-  0.160
  51 S   0.04093 0.53736 0.42172 ( 2)  1.634 +-  1.322
  52 L   0.97007 0.02074 0.00919 ( 1)  0.092 +-  0.305
  53 T   0.80255 0.13617 0.06128 ( 1)  0.318 +-  0.690
  54 S   0.70599 0.19859 0.09542 ( 1)  0.458 +-  0.836
  55 D   0.98297 0.01221 0.00482 ( 1)  0.072 +-  0.209
  56 V   0.97135 0.01936 0.00929 ( 1)  0.090 +-  0.298
  57 H   0.98763 0.00911 0.00326 ( 1)  0.066 +-  0.171
  58 V   0.74858 0.16968 0.08175 ( 1)  0.401 +-  0.795
  59 V   0.97183 0.01942 0.00875 ( 1)  0.089 +-  0.282
  60 R   0.97619 0.01784 0.00596 ( 1)  0.080 +-  0.240
  61 G   0.98317 0.01195 0.00488 ( 1)  0.072 +-  0.209
  62 E   0.98434 0.01153 0.00412 ( 1)  0.071 +-  0.204
  63 F   0.98862 0.00822 0.00316 ( 1)  0.065 +-  0.167
  64 D   0.98462 0.01088 0.00449 ( 1)  0.070 +-  0.198
  65 D   0.98462 0.01088 0.00449 ( 1)  0.070 +-  0.198
  66 A   0.98133 0.01318 0.00549 ( 1)  0.075 +-  0.224
  67 S   0.04138 0.50366 0.45496 ( 2)  1.748 +-  1.466
  68 W   0.98222 0.01515 0.00263 ( 1)  0.069 +-  0.155
  69 P   0.98356 0.01220 0.00425 ( 1)  0.071 +-  0.201
  70 E   0.82241 0.12339 0.05421 ( 1)  0.292 +-  0.669
  71 T   0.98400 0.01289 0.00311 ( 1)  0.069 +-  0.172
  72 K   0.98276 0.01369 0.00354 ( 1)  0.071 +-  0.186
  73 V   0.97046 0.02008 0.00946 ( 1)  0.092 +-  0.302
  74 V   0.97091 0.01956 0.00954 ( 1)  0.091 +-  0.304
  75 T   0.97695 0.01756 0.00549 ( 1)  0.079 +-  0.239
  76 V   0.96949 0.02091 0.00961 ( 1)  0.093 +-  0.304
  77 G   0.98317 0.01195 0.00488 ( 1)  0.072 +-  0.209
  78 Q   0.98562 0.01154 0.00284 ( 1)  0.067 +-  0.164
  79 L   0.75576 0.17474 0.06950 ( 1)  0.372 +-  0.734
  80 R   0.26956 0.41146 0.31898 ( 2)  1.270 +-  1.376
  81 I   0.98798 0.00858 0.00344 ( 1)  0.066 +-  0.175
  82 G   0.98181 0.01302 0.00517 ( 1)  0.074 +-  0.219
  83 L   0.55778 0.27587 0.16635 ( 1)  0.722 +-  1.096
  84 T   0.98947 0.00801 0.00252 ( 1)  0.063 +-  0.155
  85 H   0.98763 0.00911 0.00326 ( 1)  0.066 +-  0.171
  86 G   0.98122 0.01332 0.00545 ( 1)  0.075 +-  0.228
  87 H   0.98763 0.00911 0.00326 ( 1)  0.066 +-  0.171
  88 Q   0.98562 0.01154 0.00284 ( 1)  0.067 +-  0.164
  89 L   0.96468 0.02540 0.00992 ( 1)  0.096 +-  0.300
  90 L   0.55573 0.28353 0.16075 ( 1)  0.706 +-  1.049
  91 P   0.98134 0.01340 0.00526 ( 1)  0.075 +-  0.232
  92 W   0.98222 0.01515 0.00263 ( 1)  0.069 +-  0.155
  93 G   0.98317 0.01195 0.00488 ( 1)  0.072 +-  0.209
  94 D   0.98405 0.01134 0.00460 ( 1)  0.071 +-  0.203
  95 P   0.61439 0.25157 0.13405 ( 1)  0.600 +-  0.953
  96 A   0.98227 0.01240 0.00533 ( 1)  0.074 +-  0.217
  97 S   0.63580 0.24017 0.12403 ( 1)  0.584 +-  0.997
  98 L   0.97072 0.02226 0.00702 ( 1)  0.086 +-  0.255
  99 S   0.06503 0.56250 0.37247 ( 2)  1.494 +-  1.203
 100 E   0.47332 0.33250 0.19418 ( 1)  0.839 +-  1.127
 101 L   0.96788 0.02255 0.00957 ( 1)  0.094 +-  0.311
 102 R   0.46581 0.35137 0.18282 ( 1)  0.822 +-  1.086
 103 R   0.98292 0.01290 0.00419 ( 1)  0.072 +-  0.201
 104 R   0.46581 0.35137 0.18282 ( 1)  0.822 +-  1.086
 105 L   0.97007 0.02074 0.00919 ( 1)  0.092 +-  0.305
 106 G   0.98317 0.01195 0.00488 ( 1)  0.072 +-  0.209
 107 V   0.75819 0.16156 0.08025 ( 1)  0.392 +-  0.799
 108 D   0.98354 0.01161 0.00485 ( 1)  0.072 +-  0.211
 109 L   0.50124 0.31305 0.18571 ( 1)  0.805 +-  1.129
 110 L   0.49581 0.31421 0.18998 ( 1)  0.816 +-  1.139
 111 I   0.98569 0.01019 0.00412 ( 1)  0.069 +-  0.197
 112 S   0.99172 0.00650 0.00178 ( 1)  0.060 +-  0.131
 113 G   0.97995 0.01466 0.00539 ( 1)  0.076 +-  0.224
 114 H   0.98532 0.01078 0.00390 ( 1)  0.069 +-  0.192
 115 T   0.98302 0.01382 0.00316 ( 1)  0.069 +-  0.171
 116 R   0.76888 0.16118 0.06995 ( 1)  0.363 +-  0.738
 117 R   0.96797 0.02484 0.00719 ( 1)  0.089 +-  0.253
 118 F   0.98643 0.00978 0.00379 ( 1)  0.068 +-  0.188
 119 E   0.98471 0.01140 0.00389 ( 1)  0.069 +-  0.190
 120 A   0.97873 0.01547 0.00581 ( 1)  0.078 +-  0.228
 121 F   0.98684 0.00956 0.00360 ( 1)  0.067 +-  0.181
 122 E   0.98506 0.01148 0.00346 ( 1)  0.068 +-  0.179
 123 R   0.38897 0.38366 0.22737 ( 1)  0.957 +-  1.137
 124 D   0.98354 0.01161 0.00485 ( 1)  0.072 +-  0.211
 125 G   0.98317 0.01195 0.00488 ( 1)  0.072 +-  0.209
 126 G   0.62701 0.26892 0.10407 ( 1)  0.526 +-  0.801
 127 F   0.98684 0.00956 0.00360 ( 1)  0.067 +-  0.181
 128 F   0.98643 0.00978 0.00379 ( 1)  0.068 +-  0.188
 129 L   0.97635 0.01822 0.00543 ( 1)  0.079 +-  0.223
 130 N   0.98764 0.00975 0.00261 ( 1)  0.065 +-  0.157
 131 P   0.98631 0.01009 0.00360 ( 1)  0.068 +-  0.182
 132 G   0.98317 0.01195 0.00488 ( 1)  0.072 +-  0.209
 133 S   0.02458 0.49111 0.48431 ( 2)  1.821 +-  1.482
 134 A   0.98068 0.01351 0.00581 ( 1)  0.076 +-  0.234
 135 T   0.97662 0.01833 0.00505 ( 1)  0.078 +-  0.220
 136 G   0.97995 0.01466 0.00539 ( 1)  0.076 +-  0.224
 137 A   0.98068 0.01351 0.00581 ( 1)  0.076 +-  0.234
 138 F   0.98862 0.00822 0.00316 ( 1)  0.065 +-  0.167
 139 S   0.01677 0.45765 0.52558 ( 3)  1.957 +-  1.606
 140 P   0.97650 0.01760 0.00590 ( 1)  0.080 +-  0.243
 141 V   0.96687 0.02293 0.01020 ( 1)  0.095 +-  0.303
 142 P   0.97911 0.01535 0.00554 ( 1)  0.078 +-  0.238
 143 S   0.98087 0.01420 0.00493 ( 1)  0.075 +-  0.224
 144 F   0.98643 0.00978 0.00379 ( 1)  0.068 +-  0.188
 145 A   0.98227 0.01240 0.00533 ( 1)  0.074 +-  0.217
 146 L   0.96468 0.02540 0.00992 ( 1)  0.096 +-  0.300
 147 L   0.95746 0.03092 0.01162 ( 1)  0.105 +-  0.320
 148 D   0.98462 0.01088 0.00449 ( 1)  0.070 +-  0.198
 149 V   0.69099 0.20264 0.10638 ( 1)  0.497 +-  0.909
 150 Q   0.98562 0.01154 0.00284 ( 1)  0.067 +-  0.164
 151 A   0.97693 0.01638 0.00669 ( 1)  0.081 +-  0.256
 152 S   0.69946 0.19800 0.10254 ( 1)  0.475 +-  0.858
 153 S   0.73856 0.17780 0.08364 ( 1)  0.411 +-  0.794
 154 V   0.97041 0.02011 0.00949 ( 1)  0.092 +-  0.302
 155 V   0.97238 0.01886 0.00876 ( 1)  0.088 +-  0.285
 156 C   0.98564 0.01119 0.00317 ( 1)  0.068 +-  0.178
 157 Y   0.98817 0.00908 0.00275 ( 1)  0.065 +-  0.160
 158 I   0.79939 0.13589 0.06472 ( 1)  0.327 +-  0.710
 159 Y   0.98522 0.01135 0.00343 ( 1)  0.068 +-  0.182
 160 R   0.38897 0.38366 0.22737 ( 1)  0.957 +-  1.137
 161 F   0.73889 0.17111 0.09000 ( 1)  0.433 +-  0.871
 162 I   0.37417 0.28294 0.34289 ( 1)  1.409 +-  1.841
 163 D   0.98409 0.01131 0.00460 ( 1)  0.071 +-  0.204
 164 D   0.98354 0.01161 0.00485 ( 1)  0.072 +-  0.211
 165 V   0.96762 0.02254 0.00984 ( 1)  0.094 +-  0.297
 166 A   0.54188 0.27518 0.18294 ( 1)  0.787 +-  1.204
 167 V   0.96841 0.02153 0.01006 ( 1)  0.094 +-  0.305
 168 E   0.98506 0.01148 0.00346 ( 1)  0.068 +-  0.179
 169 R   0.95771 0.03337 0.00893 ( 1)  0.099 +-  0.261
 170 V   0.80014 0.13571 0.06415 ( 1)  0.324 +-  0.702
 171 E   0.98506 0.01148 0.00346 ( 1)  0.068 +-  0.179
 172 F   0.68576 0.21119 0.10305 ( 1)  0.490 +-  0.872
 173 K   0.98302 0.01353 0.00345 ( 1)  0.070 +-  0.182

Positively selected sites

	Prob(w>1)  mean w

   139 S      0.526         1.957 +- 1.606

