Supplemental results for CODEML (seqf: algn  treef: tree)


dN/dS (w) for site classes (K=3)

p:   0.73605  0.00000  0.26395
w:   0.00000  1.00000  3.92674

Naive Empirical Bayes (NEB) probabilities for 3 classes & postmean_w & P(w>1)
(amino acids refer to 1st sequence: stm.29020)

   1 A   0.76496 0.00000 0.23504 ( 1)  0.923  0.235
   2 H   0.00000 0.00000 1.00000 ( 3)  3.927  1.000
   3 R   0.82910 0.00000 0.17090 ( 1)  0.671  0.171
   4 G   0.83261 0.00000 0.16739 ( 1)  0.657  0.167
   5 N   0.83144 0.00000 0.16856 ( 1)  0.662  0.169
   6 N   0.89769 0.00000 0.10231 ( 1)  0.402  0.102
   7 K   0.00000 0.00000 1.00000 ( 3)  3.927  1.000
   8 Q   0.85292 0.00000 0.14708 ( 1)  0.578  0.147
   9 Q   0.85292 0.00000 0.14708 ( 1)  0.578  0.147
  10 H   0.00000 0.00000 1.00000 ( 3)  3.927  1.000
  11 L   0.84844 0.00000 0.15156 ( 1)  0.595  0.152
  12 K   0.87970 0.00000 0.12030 ( 1)  0.472  0.120
  13 I   0.87237 0.00000 0.12763 ( 1)  0.501  0.128
  14 L   0.82740 0.00000 0.17260 ( 1)  0.678  0.173
  15 K   0.87970 0.00000 0.12030 ( 1)  0.472  0.120
  16 E   0.00000 0.00000 1.00000 ( 3)  3.927  1.000
  17 I   0.87237 0.00000 0.12763 ( 1)  0.501  0.128
  18 K   0.87970 0.00000 0.12030 ( 1)  0.472  0.120
  19 K   0.83218 0.00000 0.16782 ( 1)  0.659  0.168
  20 W   0.77671 0.00000 0.22329 ( 1)  0.877  0.223
  21 Q   0.85292 0.00000 0.14708 ( 1)  0.578  0.147
  22 K   0.87970 0.00000 0.12030 ( 1)  0.472  0.120
  23 C   0.76886 0.00000 0.23114 ( 1)  0.908  0.231
  24 T   0.81936 0.00000 0.18064 ( 1)  0.709  0.181
  25 T   0.86726 0.00000 0.13274 ( 1)  0.521  0.133
  26 N   0.89769 0.00000 0.10231 ( 1)  0.402  0.102
  27 L   0.84844 0.00000 0.15156 ( 1)  0.595  0.152
  28 I   0.86962 0.00000 0.13038 ( 1)  0.512  0.130
  29 R   0.86754 0.00000 0.13246 ( 1)  0.520  0.132
  30 K   0.87970 0.00000 0.12030 ( 1)  0.472  0.120
  31 T   0.86254 0.00000 0.13746 ( 1)  0.540  0.137
  32 P   0.83432 0.00000 0.16568 ( 1)  0.651  0.166
  33 F   0.79601 0.00000 0.20399 ( 1)  0.801  0.204
  34 I   0.87237 0.00000 0.12763 ( 1)  0.501  0.128
  35 R   0.86754 0.00000 0.13246 ( 1)  0.520  0.132
  36 V   0.85796 0.00000 0.14204 ( 1)  0.558  0.142
  37 V   0.85340 0.00000 0.14660 ( 1)  0.576  0.147
  38 R   0.86754 0.00000 0.13246 ( 1)  0.520  0.132
  39 E   0.87098 0.00000 0.12902 ( 1)  0.507  0.129
  40 I   0.86962 0.00000 0.13038 ( 1)  0.512  0.130
  41 A   0.77449 0.00000 0.22551 ( 1)  0.886  0.226
  42 S   0.81006 0.00000 0.18994 ( 1)  0.746  0.190
  43 Y   0.86735 0.00000 0.13265 ( 1)  0.521  0.133
  44 F   0.87374 0.00000 0.12626 ( 1)  0.496  0.126
  45 A   0.84429 0.00000 0.15571 ( 1)  0.611  0.156
  46 T   0.86254 0.00000 0.13746 ( 1)  0.540  0.137
  47 D   0.89255 0.00000 0.10745 ( 1)  0.422  0.107
  48 L   0.79092 0.00000 0.20908 ( 1)  0.821  0.209
  49 R   0.80367 0.00000 0.19633 ( 1)  0.771  0.196
  50 W   0.77671 0.00000 0.22329 ( 1)  0.877  0.223
  51 Q   0.85292 0.00000 0.14708 ( 1)  0.578  0.147
  52 S   0.81008 0.00000 0.18992 ( 1)  0.746  0.190
  53 E   0.87098 0.00000 0.12902 ( 1)  0.507  0.129
  54 A   0.84871 0.00000 0.15129 ( 1)  0.594  0.151
  55 L   0.79092 0.00000 0.20908 ( 1)  0.821  0.209
  56 D   0.00000 0.00000 1.00000 ( 3)  3.927  1.000
  57 A   0.84871 0.00000 0.15129 ( 1)  0.594  0.151
  58 I   0.87237 0.00000 0.12763 ( 1)  0.501  0.128
  59 Q   0.85292 0.00000 0.14708 ( 1)  0.578  0.147
  60 E   0.87098 0.00000 0.12902 ( 1)  0.507  0.129
  61 A   0.84871 0.00000 0.15129 ( 1)  0.594  0.151
  62 T   0.86726 0.00000 0.13274 ( 1)  0.521  0.133
  63 E   0.87098 0.00000 0.12902 ( 1)  0.507  0.129
  64 Y   0.86735 0.00000 0.13265 ( 1)  0.521  0.133
  65 Y   0.86735 0.00000 0.13265 ( 1)  0.521  0.133
  66 V   0.00000 0.00000 1.00000 ( 3)  3.927  1.000
  67 V   0.85796 0.00000 0.14204 ( 1)  0.558  0.142
  68 D   0.00000 0.00000 1.00000 ( 3)  3.927  1.000
  69 Y   0.00000 0.00000 1.00000 ( 3)  3.927  1.000
  70 F   0.00000 0.00000 1.00000 ( 3)  3.927  1.000
  71 E   0.87098 0.00000 0.12902 ( 1)  0.507  0.129
  72 K   0.87970 0.00000 0.12030 ( 1)  0.472  0.120
  73 C   0.00000 0.00000 1.00000 ( 3)  3.927  1.000
  74 Y   0.86735 0.00000 0.13265 ( 1)  0.521  0.133
  75 K   0.83218 0.00000 0.16782 ( 1)  0.659  0.168
  76 L   0.82740 0.00000 0.17260 ( 1)  0.678  0.173
  77 S   0.85004 0.00000 0.14996 ( 1)  0.589  0.150
  78 Q   0.85292 0.00000 0.14708 ( 1)  0.578  0.147
  79 H   0.79702 0.00000 0.20298 ( 1)  0.797  0.203
  80 A   0.76496 0.00000 0.23504 ( 1)  0.923  0.235
  81 G   0.00000 0.00000 1.00000 ( 3)  3.927  1.000
  82 R   0.86754 0.00000 0.13246 ( 1)  0.520  0.132
  83 K   0.87970 0.00000 0.12030 ( 1)  0.472  0.120
  84 T   0.86726 0.00000 0.13274 ( 1)  0.521  0.133
  85 L   0.82740 0.00000 0.17260 ( 1)  0.678  0.173
  86 M   0.85385 0.00000 0.14615 ( 1)  0.574  0.146
  87 S   0.85004 0.00000 0.14996 ( 1)  0.589  0.150
  88 N   0.89769 0.00000 0.10231 ( 1)  0.402  0.102
  89 D   0.89255 0.00000 0.10745 ( 1)  0.422  0.107
  90 L   0.79092 0.00000 0.20908 ( 1)  0.821  0.209
  91 K   0.87970 0.00000 0.12030 ( 1)  0.472  0.120
  92 L   0.84844 0.00000 0.15156 ( 1)  0.595  0.152
  93 F   0.00000 0.00000 1.00000 ( 3)  3.927  1.000
  94 K   0.87970 0.00000 0.12030 ( 1)  0.472  0.120
  95 Y   0.86735 0.00000 0.13265 ( 1)  0.521  0.133
  96 L   0.82740 0.00000 0.17260 ( 1)  0.678  0.173
  97 F   0.00000 0.00000 1.00000 ( 3)  3.927  1.000
  98 G   0.83261 0.00000 0.16739 ( 1)  0.657  0.167

Positively selected sites

	Prob(w>1)  mean w

     2 H      1.000**       3.927
     7 K      1.000**       3.927
    10 H      1.000**       3.927
    16 E      1.000**       3.927
    56 D      1.000**       3.927
    66 V      1.000**       3.927
    68 D      1.000**       3.927
    69 Y      1.000**       3.927
    70 F      1.000**       3.927
    73 C      1.000**       3.927
    81 G      1.000**       3.927
    93 F      1.000**       3.927
    97 F      1.000**       3.927


lnL =  -457.946649

Bayes Empirical Bayes (BEB) probabilities for 3 classes (class) & postmean_w
(amino acids refer to 1st sequence: stm.29020)

   1 A   0.53923 0.33688 0.12388 ( 1)  1.024 +-  1.476
   2 H   0.21657 0.35708 0.42635 ( 3)  2.747 +-  2.891
   3 R   0.56989 0.33569 0.09442 ( 1)  0.861 +-  1.140
   4 G   0.57154 0.33528 0.09319 ( 1)  0.855 +-  1.129
   5 N   0.57096 0.33538 0.09366 ( 1)  0.857 +-  1.135
   6 N   0.60639 0.32301 0.07060 ( 1)  0.752 +-  0.932
   7 K   0.23899 0.38710 0.37391 ( 2)  2.387 +-  2.633
   8 Q   0.58132 0.33326 0.08541 ( 1)  0.816 +-  1.045
   9 Q   0.58132 0.33326 0.08541 ( 1)  0.816 +-  1.045
  10 H   0.26414 0.40836 0.32750 ( 2)  2.118 +-  2.440
  11 L   0.57913 0.33395 0.08692 ( 1)  0.823 +-  1.058
  12 K   0.59579 0.32715 0.07707 ( 1)  0.781 +-  0.992
  13 I   0.59139 0.32959 0.07902 ( 1)  0.788 +-  0.995
  14 L   0.56900 0.33511 0.09589 ( 1)  0.870 +-  1.169
  15 K   0.59579 0.32715 0.07707 ( 1)  0.781 +-  0.992
  16 E   0.24563 0.39297 0.36140 ( 2)  2.314 +-  2.584
  17 I   0.59139 0.32959 0.07902 ( 1)  0.788 +-  0.995
  18 K   0.59579 0.32715 0.07707 ( 1)  0.781 +-  0.992
  19 K   0.57132 0.33518 0.09350 ( 1)  0.857 +-  1.135
  20 W   0.54495 0.33705 0.11799 ( 1)  0.990 +-  1.411
  21 Q   0.58132 0.33326 0.08541 ( 1)  0.816 +-  1.045
  22 K   0.59579 0.32715 0.07707 ( 1)  0.781 +-  0.992
  23 C   0.54114 0.33696 0.12190 ( 1)  1.012 +-  1.454
  24 T   0.56445 0.33453 0.10102 ( 1)  0.902 +-  1.252
  25 T   0.58854 0.33116 0.08029 ( 1)  0.792 +-  0.995
  26 N   0.60639 0.32301 0.07060 ( 1)  0.752 +-  0.932
  27 L   0.57913 0.33395 0.08692 ( 1)  0.823 +-  1.058
  28 I   0.58990 0.32993 0.08017 ( 1)  0.794 +-  1.010
  29 R   0.58861 0.33155 0.07983 ( 1)  0.789 +-  0.982
  30 K   0.59579 0.32715 0.07707 ( 1)  0.781 +-  0.992
  31 T   0.58611 0.33175 0.08215 ( 1)  0.801 +-  1.017
  32 P   0.57236 0.33527 0.09238 ( 1)  0.850 +-  1.118
  33 F   0.55418 0.33694 0.10888 ( 1)  0.939 +-  1.308
  34 I   0.59139 0.32959 0.07902 ( 1)  0.788 +-  0.995
  35 R   0.58861 0.33155 0.07983 ( 1)  0.789 +-  0.982
  36 V   0.58384 0.33251 0.08366 ( 1)  0.808 +-  1.029
  37 V   0.58154 0.33299 0.08547 ( 1)  0.817 +-  1.050
  38 R   0.58861 0.33155 0.07983 ( 1)  0.789 +-  0.982
  39 E   0.59059 0.33023 0.07917 ( 1)  0.788 +-  0.989
  40 I   0.58990 0.32993 0.08017 ( 1)  0.794 +-  1.010
  41 A   0.54386 0.33700 0.11914 ( 1)  0.997 +-  1.424
  42 S   0.56066 0.33592 0.10341 ( 1)  0.911 +-  1.256
  43 Y   0.58879 0.33034 0.08087 ( 1)  0.797 +-  1.014
  44 F   0.59182 0.33032 0.07786 ( 1)  0.781 +-  0.968
  45 A   0.57710 0.33424 0.08866 ( 1)  0.832 +-  1.080
  46 T   0.58611 0.33175 0.08215 ( 1)  0.801 +-  1.017
  47 D   0.60228 0.32643 0.07129 ( 1)  0.751 +-  0.907
  48 L   0.55176 0.33698 0.11127 ( 1)  0.952 +-  1.336
  49 R   0.55784 0.33679 0.10538 ( 1)  0.919 +-  1.268
  50 W   0.54495 0.33705 0.11799 ( 1)  0.990 +-  1.411
  51 Q   0.58132 0.33326 0.08541 ( 1)  0.816 +-  1.045
  52 S   0.56076 0.33617 0.10307 ( 1)  0.908 +-  1.248
  53 E   0.59059 0.33023 0.07917 ( 1)  0.788 +-  0.989
  54 A   0.57927 0.33386 0.08687 ( 1)  0.823 +-  1.059
  55 L   0.55176 0.33698 0.11127 ( 1)  0.952 +-  1.336
  56 D   0.08816 0.26146 0.65038 ( 3)  3.939 +-  3.139
  57 A   0.57927 0.33386 0.08687 ( 1)  0.823 +-  1.059
  58 I   0.59139 0.32959 0.07902 ( 1)  0.788 +-  0.995
  59 Q   0.58132 0.33326 0.08541 ( 1)  0.816 +-  1.045
  60 E   0.59059 0.33023 0.07917 ( 1)  0.788 +-  0.989
  61 A   0.57927 0.33386 0.08687 ( 1)  0.823 +-  1.059
  62 T   0.58854 0.33116 0.08029 ( 1)  0.792 +-  0.995
  63 E   0.59059 0.33023 0.07917 ( 1)  0.788 +-  0.989
  64 Y   0.58879 0.33034 0.08087 ( 1)  0.797 +-  1.014
  65 Y   0.58879 0.33034 0.08087 ( 1)  0.797 +-  1.014
  66 V   0.09486 0.25503 0.65011 ( 3)  3.958 +-  3.158
  67 V   0.58384 0.33251 0.08366 ( 1)  0.808 +-  1.029
  68 D   0.25560 0.40264 0.34175 ( 2)  2.196 +-  2.495
  69 Y   0.07939 0.23982 0.68079 ( 3)  4.125 +-  3.163
  70 F   0.23985 0.38725 0.37290 ( 2)  2.385 +-  2.636
  71 E   0.59059 0.33023 0.07917 ( 1)  0.788 +-  0.989
  72 K   0.59579 0.32715 0.07707 ( 1)  0.781 +-  0.992
  73 C   0.25512 0.40143 0.34346 ( 2)  2.209 +-  2.508
  74 Y   0.58879 0.33034 0.08087 ( 1)  0.797 +-  1.014
  75 K   0.57132 0.33518 0.09350 ( 1)  0.857 +-  1.135
  76 L   0.56900 0.33511 0.09589 ( 1)  0.870 +-  1.169
  77 S   0.57990 0.33362 0.08648 ( 1)  0.821 +-  1.056
  78 Q   0.58132 0.33326 0.08541 ( 1)  0.816 +-  1.045
  79 H   0.55468 0.33695 0.10838 ( 1)  0.936 +-  1.302
  80 A   0.53923 0.33688 0.12388 ( 1)  1.024 +-  1.476
  81 G   0.23129 0.37966 0.38904 ( 3)  2.478 +-  2.695
  82 R   0.58861 0.33155 0.07983 ( 1)  0.789 +-  0.982
  83 K   0.59579 0.32715 0.07707 ( 1)  0.781 +-  0.992
  84 T   0.58854 0.33116 0.08029 ( 1)  0.792 +-  0.995
  85 L   0.56900 0.33511 0.09589 ( 1)  0.870 +-  1.169
  86 M   0.58175 0.33369 0.08456 ( 1)  0.811 +-  1.026
  87 S   0.57990 0.33362 0.08648 ( 1)  0.821 +-  1.056
  88 N   0.60639 0.32301 0.07060 ( 1)  0.752 +-  0.932
  89 D   0.60228 0.32643 0.07129 ( 1)  0.751 +-  0.907
  90 L   0.55176 0.33698 0.11127 ( 1)  0.952 +-  1.336
  91 K   0.59579 0.32715 0.07707 ( 1)  0.781 +-  0.992
  92 L   0.57913 0.33395 0.08692 ( 1)  0.823 +-  1.058
  93 F   0.24986 0.39761 0.35253 ( 2)  2.258 +-  2.540
  94 K   0.59579 0.32715 0.07707 ( 1)  0.781 +-  0.992
  95 Y   0.58879 0.33034 0.08087 ( 1)  0.797 +-  1.014
  96 L   0.56900 0.33511 0.09589 ( 1)  0.870 +-  1.169
  97 F   0.24390 0.39187 0.36423 ( 2)  2.329 +-  2.594
  98 G   0.57154 0.33528 0.09319 ( 1)  0.855 +-  1.129

Positively selected sites

	Prob(w>1)  mean w

    56 D      0.650         3.939 +- 3.139
    66 V      0.650         3.958 +- 3.158
    69 Y      0.681         4.125 +- 3.163

