Supplemental results for CODEML (seqf: algn  treef: tree)


dN/dS (w) for site classes (K=3)

p:   0.86016  0.00000  0.13984
w:   0.00000  1.00000  3.74063

Naive Empirical Bayes (NEB) probabilities for 3 classes & postmean_w & P(w>1)
(amino acids refer to 1st sequence: Msl.20343)

   1 M   0.90653 0.00000 0.09347 ( 1)  0.350  0.093
   2 A   0.88747 0.00000 0.11253 ( 1)  0.421  0.113
   3 P   0.88580 0.00000 0.11420 ( 1)  0.427  0.114
   4 I   0.89473 0.00000 0.10527 ( 1)  0.394  0.105
   5 K   0.90358 0.00000 0.09642 ( 1)  0.361  0.096
   6 A   0.88412 0.00000 0.11588 ( 1)  0.433  0.116
   7 V   0.88408 0.00000 0.11592 ( 1)  0.434  0.116
   8 L   0.89224 0.00000 0.10776 ( 1)  0.403  0.108
   9 R   0.89801 0.00000 0.10199 ( 1)  0.382  0.102
  10 S   0.88284 0.00000 0.11716 ( 1)  0.438  0.117
  11 K   0.90358 0.00000 0.09642 ( 1)  0.361  0.096
  12 L   0.87337 0.00000 0.12663 ( 1)  0.474  0.127
  13 D   0.90114 0.00000 0.09886 ( 1)  0.370  0.099
  14 K   0.89292 0.00000 0.10708 ( 1)  0.401  0.107
  15 T   0.89355 0.00000 0.10645 ( 1)  0.398  0.106
  16 D   0.90114 0.00000 0.09886 ( 1)  0.370  0.099
  17 N   0.90165 0.00000 0.09835 ( 1)  0.368  0.098
  18 A   0.88747 0.00000 0.11253 ( 1)  0.421  0.113
  19 K   0.90358 0.00000 0.09642 ( 1)  0.361  0.096
  20 S   0.88881 0.00000 0.11119 ( 1)  0.416  0.111
  21 L   0.87914 0.00000 0.12086 ( 1)  0.452  0.121
  22 Q   0.88979 0.00000 0.11021 ( 1)  0.412  0.110
  23 E   0.89263 0.00000 0.10737 ( 1)  0.402  0.107
  24 L   0.88927 0.00000 0.11073 ( 1)  0.414  0.111
  25 L   0.88061 0.00000 0.11939 ( 1)  0.447  0.119
  26 V   0.89382 0.00000 0.10618 ( 1)  0.397  0.106
  27 D   0.90114 0.00000 0.09886 ( 1)  0.370  0.099
  28 K   0.90358 0.00000 0.09642 ( 1)  0.361  0.096
  29 Y   0.89585 0.00000 0.10415 ( 1)  0.390  0.104
  30 E   0.89263 0.00000 0.10737 ( 1)  0.402  0.107
  31 P   0.88264 0.00000 0.11736 ( 1)  0.439  0.117
  32 L   0.87337 0.00000 0.12663 ( 1)  0.474  0.127
  33 S   0.88197 0.00000 0.11803 ( 1)  0.442  0.118
  34 D   0.90114 0.00000 0.09886 ( 1)  0.370  0.099
  35 A   0.89383 0.00000 0.10617 ( 1)  0.397  0.106
  36 T   0.89355 0.00000 0.10645 ( 1)  0.398  0.106
  37 S   0.89370 0.00000 0.10630 ( 1)  0.398  0.106
  38 V   0.89382 0.00000 0.10618 ( 1)  0.397  0.106
  39 V   0.88408 0.00000 0.11592 ( 1)  0.434  0.116
  40 S   0.89107 0.00000 0.10893 ( 1)  0.407  0.109
  41 S   0.88452 0.00000 0.11548 ( 1)  0.432  0.115
  42 V   0.89850 0.00000 0.10150 ( 1)  0.380  0.102
  43 D   0.90114 0.00000 0.09886 ( 1)  0.370  0.099
  44 Y   0.88558 0.00000 0.11442 ( 1)  0.428  0.114
  45 Q   0.88979 0.00000 0.11021 ( 1)  0.412  0.110
  46 T   0.88720 0.00000 0.11280 ( 1)  0.422  0.113
  47 T   0.88720 0.00000 0.11280 ( 1)  0.422  0.113
  48 S   0.89370 0.00000 0.10630 ( 1)  0.398  0.106
  49 D   0.90114 0.00000 0.09886 ( 1)  0.370  0.099
  50 S   0.89370 0.00000 0.10630 ( 1)  0.398  0.106
  51 E   0.90262 0.00000 0.09738 ( 1)  0.364  0.097
  52 A   0.88412 0.00000 0.11588 ( 1)  0.433  0.116
  53 D   0.90114 0.00000 0.09886 ( 1)  0.370  0.099
  54 V   0.88744 0.00000 0.11256 ( 1)  0.421  0.113
  55 S   0.88284 0.00000 0.11716 ( 1)  0.438  0.117
  56 D   0.90114 0.00000 0.09886 ( 1)  0.370  0.099
  57 Y   0.89585 0.00000 0.10415 ( 1)  0.390  0.104
  58 E   0.89263 0.00000 0.10737 ( 1)  0.402  0.107
  59 S   0.89370 0.00000 0.10630 ( 1)  0.398  0.106
  60 L   0.88927 0.00000 0.11073 ( 1)  0.414  0.111
  61 L   0.88927 0.00000 0.11073 ( 1)  0.414  0.111
  62 R   0.89648 0.00000 0.10352 ( 1)  0.387  0.104
  63 Q   0.88979 0.00000 0.11021 ( 1)  0.412  0.110
  64 Q   0.88311 0.00000 0.11689 ( 1)  0.437  0.117
  65 Q   0.88979 0.00000 0.11021 ( 1)  0.412  0.110
  66 E   0.89263 0.00000 0.10737 ( 1)  0.402  0.107
  67 Q   0.88979 0.00000 0.11021 ( 1)  0.412  0.110
  68 Q   0.88979 0.00000 0.11021 ( 1)  0.412  0.110
  69 Q   0.88979 0.00000 0.11021 ( 1)  0.412  0.110
  70 Q   0.88979 0.00000 0.11021 ( 1)  0.412  0.110
  71 Q   0.88979 0.00000 0.11021 ( 1)  0.412  0.110
  72 Q   0.88311 0.00000 0.11689 ( 1)  0.437  0.117
  73 P   0.89621 0.00000 0.10379 ( 1)  0.388  0.104
  74 Q   0.88546 0.00000 0.11454 ( 1)  0.428  0.115
  75 M   0.90653 0.00000 0.09347 ( 1)  0.350  0.093
  76 P   0.89621 0.00000 0.10379 ( 1)  0.388  0.104
  77 M   0.90653 0.00000 0.09347 ( 1)  0.350  0.093
  78 P   0.00000 0.00000 1.00000 ( 3)  3.741  1.000
  79 Q   0.88311 0.00000 0.11689 ( 1)  0.437  0.117
  80 C   0.88760 0.00000 0.11240 ( 1)  0.420  0.112
  81 S   0.88284 0.00000 0.11716 ( 1)  0.438  0.117
  82 P   0.88264 0.00000 0.11736 ( 1)  0.439  0.117
  83 E   0.90262 0.00000 0.09738 ( 1)  0.364  0.097
  84 L   0.88927 0.00000 0.11073 ( 1)  0.414  0.111
  85 L   0.88061 0.00000 0.11939 ( 1)  0.447  0.119
  86 S   0.89320 0.00000 0.10680 ( 1)  0.399  0.107
  87 L   0.88061 0.00000 0.11939 ( 1)  0.447  0.119
  88 I   0.89473 0.00000 0.10527 ( 1)  0.394  0.105
  89 H   0.89833 0.00000 0.10167 ( 1)  0.380  0.102
  90 R   0.89648 0.00000 0.10352 ( 1)  0.387  0.104
  91 P   0.89621 0.00000 0.10379 ( 1)  0.388  0.104
  92 V   0.88744 0.00000 0.11256 ( 1)  0.421  0.113
  93 A   0.88747 0.00000 0.11253 ( 1)  0.421  0.113
  94 T   0.88386 0.00000 0.11614 ( 1)  0.434  0.116
  95 G   0.88762 0.00000 0.11238 ( 1)  0.420  0.112
  96 P   0.88580 0.00000 0.11420 ( 1)  0.427  0.114
  97 D   0.89187 0.00000 0.10813 ( 1)  0.404  0.108
  98 A   0.89024 0.00000 0.10976 ( 1)  0.411  0.110
  99 N   0.90165 0.00000 0.09835 ( 1)  0.368  0.098
 100 A   0.88412 0.00000 0.11588 ( 1)  0.433  0.116
 101 A   0.88412 0.00000 0.11588 ( 1)  0.433  0.116
 102 T   0.88720 0.00000 0.11280 ( 1)  0.422  0.113
 103 S   0.89320 0.00000 0.10680 ( 1)  0.399  0.107
 104 T   0.89355 0.00000 0.10645 ( 1)  0.398  0.106
 105 I   0.89473 0.00000 0.10527 ( 1)  0.394  0.105
 106 E   0.90262 0.00000 0.09738 ( 1)  0.364  0.097
 107 L   0.88927 0.00000 0.11073 ( 1)  0.414  0.111
 108 P   0.88580 0.00000 0.11420 ( 1)  0.427  0.114
 109 T   0.00000 0.00000 1.00000 ( 3)  3.741  1.000
 110 D   0.90114 0.00000 0.09886 ( 1)  0.370  0.099
 111 F   0.88344 0.00000 0.11656 ( 1)  0.436  0.117
 112 T   0.89820 0.00000 0.10180 ( 1)  0.381  0.102
 113 A   0.88412 0.00000 0.11588 ( 1)  0.433  0.116
 114 L   0.88291 0.00000 0.11709 ( 1)  0.438  0.117
 115 H   0.89833 0.00000 0.10167 ( 1)  0.380  0.102
 116 E   0.89263 0.00000 0.10737 ( 1)  0.402  0.107
 117 A   0.88747 0.00000 0.11253 ( 1)  0.421  0.113
 118 R   0.88436 0.00000 0.11564 ( 1)  0.433  0.116
 119 L   0.88927 0.00000 0.11073 ( 1)  0.414  0.111
 120 Q   0.88979 0.00000 0.11021 ( 1)  0.412  0.110
 121 Y   0.89585 0.00000 0.10415 ( 1)  0.390  0.104
 122 F   0.88344 0.00000 0.11656 ( 1)  0.436  0.117
 123 G   0.89482 0.00000 0.10518 ( 1)  0.393  0.105
 124 H   0.89833 0.00000 0.10167 ( 1)  0.380  0.102
 125 L   0.88166 0.00000 0.11834 ( 1)  0.443  0.118
 126 I   0.88535 0.00000 0.11465 ( 1)  0.429  0.115
 127 Y   0.88558 0.00000 0.11442 ( 1)  0.428  0.114
 128 Q   0.88979 0.00000 0.11021 ( 1)  0.412  0.110
 129 R   0.88370 0.00000 0.11630 ( 1)  0.435  0.116
 130 M   0.90653 0.00000 0.09347 ( 1)  0.350  0.093
 131 L   0.88061 0.00000 0.11939 ( 1)  0.447  0.119
 132 Q   0.88979 0.00000 0.11021 ( 1)  0.412  0.110
 133 Q   0.88979 0.00000 0.11021 ( 1)  0.412  0.110
 134 Q   0.88979 0.00000 0.11021 ( 1)  0.412  0.110
 135 N   0.00000 0.00000 1.00000 ( 3)  3.741  1.000
 136 L   0.87337 0.00000 0.12663 ( 1)  0.474  0.127
 137 P   0.88580 0.00000 0.11420 ( 1)  0.427  0.114
 138 P   0.88580 0.00000 0.11420 ( 1)  0.427  0.114
 139 A   0.88412 0.00000 0.11588 ( 1)  0.433  0.116
 140 E   0.89263 0.00000 0.10737 ( 1)  0.402  0.107
 141 D   0.89187 0.00000 0.10813 ( 1)  0.404  0.108
 142 Q   0.88311 0.00000 0.11689 ( 1)  0.437  0.117
 143 P   0.88264 0.00000 0.11736 ( 1)  0.439  0.117
 144 L   0.88927 0.00000 0.11073 ( 1)  0.414  0.111
 145 N   0.90165 0.00000 0.09835 ( 1)  0.368  0.098
 146 L   0.89224 0.00000 0.10776 ( 1)  0.403  0.108
 147 T   0.89355 0.00000 0.10645 ( 1)  0.398  0.106
 148 C   0.87967 0.00000 0.12033 ( 1)  0.450  0.120
 149 Q   0.00000 0.00000 1.00000 ( 3)  3.741  1.000
 150 N   0.90165 0.00000 0.09835 ( 1)  0.368  0.098
 151 A   0.88412 0.00000 0.11588 ( 1)  0.433  0.116
 152 L   0.88927 0.00000 0.11073 ( 1)  0.414  0.111
 153 K   0.89292 0.00000 0.10708 ( 1)  0.401  0.107
 154 R   0.88370 0.00000 0.11630 ( 1)  0.435  0.116
 155 P   0.89621 0.00000 0.10379 ( 1)  0.388  0.104
 156 A   0.89383 0.00000 0.10617 ( 1)  0.397  0.106
 157 P   0.88580 0.00000 0.11420 ( 1)  0.427  0.114
 158 K   0.90358 0.00000 0.09642 ( 1)  0.361  0.096
 159 F   0.88344 0.00000 0.11656 ( 1)  0.436  0.117
 160 E   0.89263 0.00000 0.10737 ( 1)  0.402  0.107
 161 A   0.89383 0.00000 0.10617 ( 1)  0.397  0.106
 162 V   0.88408 0.00000 0.11592 ( 1)  0.434  0.116
 163 I   0.88535 0.00000 0.11465 ( 1)  0.429  0.115
 164 E   0.90262 0.00000 0.09738 ( 1)  0.364  0.097
 165 T   0.89820 0.00000 0.10180 ( 1)  0.381  0.102
 166 Q   0.88311 0.00000 0.11689 ( 1)  0.437  0.117
 167 N   0.90165 0.00000 0.09835 ( 1)  0.368  0.098
 168 Y   0.89585 0.00000 0.10415 ( 1)  0.390  0.104
 169 Q   0.88979 0.00000 0.11021 ( 1)  0.412  0.110
 170 V   0.88408 0.00000 0.11592 ( 1)  0.434  0.116
 171 G   0.89482 0.00000 0.10518 ( 1)  0.393  0.105
 172 D   0.90114 0.00000 0.09886 ( 1)  0.370  0.099
 173 E   0.90262 0.00000 0.09738 ( 1)  0.364  0.097
 174 Q   0.88979 0.00000 0.11021 ( 1)  0.412  0.110
 175 E   0.89263 0.00000 0.10737 ( 1)  0.402  0.107
 176 C   0.88760 0.00000 0.11240 ( 1)  0.420  0.112
 177 S   0.89370 0.00000 0.10630 ( 1)  0.398  0.106
 178 Q   0.88311 0.00000 0.11689 ( 1)  0.437  0.117
 179 D   0.90114 0.00000 0.09886 ( 1)  0.370  0.099
 180 V   0.89850 0.00000 0.10150 ( 1)  0.380  0.102
 181 F   0.88769 0.00000 0.11231 ( 1)  0.420  0.112
 182 G   0.89482 0.00000 0.10518 ( 1)  0.393  0.105
 183 S   0.89107 0.00000 0.10893 ( 1)  0.407  0.109
 184 T   0.89355 0.00000 0.10645 ( 1)  0.398  0.106
 185 A   0.89383 0.00000 0.10617 ( 1)  0.397  0.106
 186 T   0.88386 0.00000 0.11614 ( 1)  0.434  0.116
 187 E   0.90262 0.00000 0.09738 ( 1)  0.364  0.097
 188 P   0.89621 0.00000 0.10379 ( 1)  0.388  0.104
 189 K   0.90358 0.00000 0.09642 ( 1)  0.361  0.096
 190 R   0.88370 0.00000 0.11630 ( 1)  0.435  0.116
 191 S   0.00000 0.00000 1.00000 ( 3)  3.741  1.000
 192 C   0.88760 0.00000 0.11240 ( 1)  0.420  0.112
 193 P   0.88580 0.00000 0.11420 ( 1)  0.427  0.114
 194 D   0.90114 0.00000 0.09886 ( 1)  0.370  0.099
 195 A   0.89383 0.00000 0.10617 ( 1)  0.397  0.106
 196 T   0.89355 0.00000 0.10645 ( 1)  0.398  0.106
 197 A   0.88412 0.00000 0.11588 ( 1)  0.433  0.116
 198 A   0.89383 0.00000 0.10617 ( 1)  0.397  0.106
 199 P   0.89621 0.00000 0.10379 ( 1)  0.388  0.104
 200 A   0.88747 0.00000 0.11253 ( 1)  0.421  0.113
 201 T   0.88386 0.00000 0.11614 ( 1)  0.434  0.116
 202 H   0.88985 0.00000 0.11015 ( 1)  0.412  0.110
 203 R   0.89801 0.00000 0.10199 ( 1)  0.382  0.102
 204 K   0.90358 0.00000 0.09642 ( 1)  0.361  0.096
 205 R   0.89648 0.00000 0.10352 ( 1)  0.387  0.104
 206 K   0.90358 0.00000 0.09642 ( 1)  0.361  0.096
 207 R   0.88370 0.00000 0.11630 ( 1)  0.435  0.116
 208 S   0.89107 0.00000 0.10893 ( 1)  0.407  0.109
 209 Y   0.89585 0.00000 0.10415 ( 1)  0.390  0.104
 210 R   0.89801 0.00000 0.10199 ( 1)  0.382  0.102
 211 L   0.87337 0.00000 0.12663 ( 1)  0.474  0.127
 212 S   0.89370 0.00000 0.10630 ( 1)  0.398  0.106
 213 D   0.90114 0.00000 0.09886 ( 1)  0.370  0.099
 214 N   0.89178 0.00000 0.10822 ( 1)  0.405  0.108
 215 E   0.89722 0.00000 0.10278 ( 1)  0.384  0.103
 216 E   0.90262 0.00000 0.09738 ( 1)  0.364  0.097
 217 I   0.88535 0.00000 0.11465 ( 1)  0.429  0.115
 218 R   0.88436 0.00000 0.11564 ( 1)  0.433  0.116
 219 A   0.89383 0.00000 0.10617 ( 1)  0.397  0.106
 220 Y   0.89585 0.00000 0.10415 ( 1)  0.390  0.104
 221 Q   0.88311 0.00000 0.11689 ( 1)  0.437  0.117
 222 F   0.88769 0.00000 0.11231 ( 1)  0.420  0.112
 223 S   0.89107 0.00000 0.10893 ( 1)  0.407  0.109
 224 A   0.88412 0.00000 0.11588 ( 1)  0.433  0.116
 225 P   0.88264 0.00000 0.11736 ( 1)  0.439  0.117
 226 E   0.90262 0.00000 0.09738 ( 1)  0.364  0.097
 227 L   0.87955 0.00000 0.12045 ( 1)  0.451  0.120
 228 F   0.89203 0.00000 0.10797 ( 1)  0.404  0.108
 229 I   0.89473 0.00000 0.10527 ( 1)  0.394  0.105
 230 W   0.87804 0.00000 0.12196 ( 1)  0.456  0.122
 231 N   0.89178 0.00000 0.10822 ( 1)  0.405  0.108
 232 G   0.89041 0.00000 0.10959 ( 1)  0.410  0.110
 233 H   0.89833 0.00000 0.10167 ( 1)  0.380  0.102
 234 K   0.89292 0.00000 0.10708 ( 1)  0.401  0.107
 235 P   0.89621 0.00000 0.10379 ( 1)  0.388  0.104
 236 M   0.90653 0.00000 0.09347 ( 1)  0.350  0.093
 237 I   0.88535 0.00000 0.11465 ( 1)  0.429  0.115
 238 H   0.88985 0.00000 0.11015 ( 1)  0.412  0.110
 239 Q   0.88979 0.00000 0.11021 ( 1)  0.412  0.110
 240 F   0.89203 0.00000 0.10797 ( 1)  0.404  0.108
 241 L   0.88291 0.00000 0.11709 ( 1)  0.438  0.117
 242 L   0.87914 0.00000 0.12086 ( 1)  0.452  0.121
 243 K   0.90358 0.00000 0.09642 ( 1)  0.361  0.096
 244 L   0.88061 0.00000 0.11939 ( 1)  0.447  0.119
 245 L   0.89224 0.00000 0.10776 ( 1)  0.403  0.108
 246 N   0.90165 0.00000 0.09835 ( 1)  0.368  0.098
 247 N   0.90165 0.00000 0.09835 ( 1)  0.368  0.098
 248 P   0.89183 0.00000 0.10817 ( 1)  0.405  0.108
 249 S   0.89370 0.00000 0.10630 ( 1)  0.398  0.106
 250 C   0.88760 0.00000 0.11240 ( 1)  0.420  0.112
 251 S   0.88284 0.00000 0.11716 ( 1)  0.438  0.117
 252 S   0.88452 0.00000 0.11548 ( 1)  0.432  0.115
 253 L   0.88927 0.00000 0.11073 ( 1)  0.414  0.111
 254 I   0.89473 0.00000 0.10527 ( 1)  0.394  0.105
 255 R   0.89801 0.00000 0.10199 ( 1)  0.382  0.102
 256 W   0.87804 0.00000 0.12196 ( 1)  0.456  0.122
 257 L   0.88061 0.00000 0.11939 ( 1)  0.447  0.119
 258 D   0.89187 0.00000 0.10813 ( 1)  0.404  0.108
 259 R   0.88436 0.00000 0.11564 ( 1)  0.433  0.116
 260 E   0.90262 0.00000 0.09738 ( 1)  0.364  0.097
 261 N   0.90165 0.00000 0.09835 ( 1)  0.368  0.098
 262 R   0.88370 0.00000 0.11630 ( 1)  0.435  0.116
 263 L   0.88927 0.00000 0.11073 ( 1)  0.414  0.111
 264 F   0.89150 0.00000 0.10850 ( 1)  0.406  0.109
 265 K   0.89292 0.00000 0.10708 ( 1)  0.401  0.107
 266 V   0.89850 0.00000 0.10150 ( 1)  0.380  0.102
 267 L   0.88927 0.00000 0.11073 ( 1)  0.414  0.111
 268 H   0.88985 0.00000 0.11015 ( 1)  0.412  0.110
 269 P   0.89621 0.00000 0.10379 ( 1)  0.388  0.104
 270 V   0.89850 0.00000 0.10150 ( 1)  0.380  0.102
 271 T   0.88803 0.00000 0.11197 ( 1)  0.419  0.112
 272 V   0.89850 0.00000 0.10150 ( 1)  0.380  0.102
 273 A   0.88412 0.00000 0.11588 ( 1)  0.433  0.116
 274 R   0.89434 0.00000 0.10566 ( 1)  0.395  0.106
 275 L   0.88927 0.00000 0.11073 ( 1)  0.414  0.111
 276 W   0.87804 0.00000 0.12196 ( 1)  0.456  0.122
 277 Q   0.88979 0.00000 0.11021 ( 1)  0.412  0.110
 278 F   0.89203 0.00000 0.10797 ( 1)  0.404  0.108
 279 I   0.89473 0.00000 0.10527 ( 1)  0.394  0.105
 280 K   0.90358 0.00000 0.09642 ( 1)  0.361  0.096
 281 G   0.89482 0.00000 0.10518 ( 1)  0.393  0.105
 282 N   0.90165 0.00000 0.09835 ( 1)  0.368  0.098
 283 R   0.89648 0.00000 0.10352 ( 1)  0.387  0.104
 284 T   0.88386 0.00000 0.11614 ( 1)  0.434  0.116
 285 D   0.90114 0.00000 0.09886 ( 1)  0.370  0.099
 286 N   0.90165 0.00000 0.09835 ( 1)  0.368  0.098
 287 Y   0.89585 0.00000 0.10415 ( 1)  0.390  0.104
 288 E   0.90262 0.00000 0.09738 ( 1)  0.364  0.097
 289 C   0.88760 0.00000 0.11240 ( 1)  0.420  0.112
 290 F   0.88344 0.00000 0.11656 ( 1)  0.436  0.117
 291 A   0.89383 0.00000 0.10617 ( 1)  0.397  0.106
 292 R   0.88576 0.00000 0.11424 ( 1)  0.427  0.114
 293 G   0.88762 0.00000 0.11238 ( 1)  0.420  0.112
 294 I   0.88535 0.00000 0.11465 ( 1)  0.429  0.115
 295 R   0.89434 0.00000 0.10566 ( 1)  0.395  0.106
 296 H   0.89833 0.00000 0.10167 ( 1)  0.380  0.102
 297 S   0.88197 0.00000 0.11803 ( 1)  0.442  0.118
 298 R   0.89434 0.00000 0.10566 ( 1)  0.395  0.106
 299 D   0.90114 0.00000 0.09886 ( 1)  0.370  0.099
 300 I   0.88535 0.00000 0.11465 ( 1)  0.429  0.115
 301 G   0.89482 0.00000 0.10518 ( 1)  0.393  0.105
 302 K   0.89292 0.00000 0.10708 ( 1)  0.401  0.107
 303 Y   0.89585 0.00000 0.10415 ( 1)  0.390  0.104
 304 F   0.88344 0.00000 0.11656 ( 1)  0.436  0.117
 305 E   0.90262 0.00000 0.09738 ( 1)  0.364  0.097
 306 A   0.89846 0.00000 0.10154 ( 1)  0.380  0.102
 307 H   0.89172 0.00000 0.10828 ( 1)  0.405  0.108
 308 E   0.89263 0.00000 0.10737 ( 1)  0.402  0.107
 309 F   0.88344 0.00000 0.11656 ( 1)  0.436  0.117
 310 R   0.89434 0.00000 0.10566 ( 1)  0.395  0.106
 311 K   0.90358 0.00000 0.09642 ( 1)  0.361  0.096
 312 K   0.90358 0.00000 0.09642 ( 1)  0.361  0.096
 313 K   0.90358 0.00000 0.09642 ( 1)  0.361  0.096
 314 V   0.89850 0.00000 0.10150 ( 1)  0.380  0.102
 315 Y   0.89585 0.00000 0.10415 ( 1)  0.390  0.104
 316 K   0.90358 0.00000 0.09642 ( 1)  0.361  0.096
 317 F   0.89203 0.00000 0.10797 ( 1)  0.404  0.108
 318 S   0.89107 0.00000 0.10893 ( 1)  0.407  0.109
 319 E   0.90262 0.00000 0.09738 ( 1)  0.364  0.097
 320 K   0.89292 0.00000 0.10708 ( 1)  0.401  0.107
 321 A   0.88412 0.00000 0.11588 ( 1)  0.433  0.116
 322 L   0.87914 0.00000 0.12086 ( 1)  0.452  0.121
 323 N   0.89178 0.00000 0.10822 ( 1)  0.405  0.108
 324 P   0.00000 0.00000 1.00000 ( 3)  3.741  1.000
 325 E   0.89263 0.00000 0.10737 ( 1)  0.402  0.107
 326 S   0.00000 0.00000 1.00000 ( 3)  3.741  1.000
 327 A   0.89383 0.00000 0.10617 ( 1)  0.397  0.106
 328 Q   0.88979 0.00000 0.11021 ( 1)  0.412  0.110
 329 M   0.90653 0.00000 0.09347 ( 1)  0.350  0.093
 330 K   0.89292 0.00000 0.10708 ( 1)  0.401  0.107
 331 V   0.00000 0.00000 1.00000 ( 3)  3.741  1.000
 332 R   0.89801 0.00000 0.10199 ( 1)  0.382  0.102
 333 L   0.88927 0.00000 0.11073 ( 1)  0.414  0.111
 334 A   0.88412 0.00000 0.11588 ( 1)  0.433  0.116
 335 A   0.89383 0.00000 0.10617 ( 1)  0.397  0.106
 336 A   0.89383 0.00000 0.10617 ( 1)  0.397  0.106
 337 S   0.88197 0.00000 0.11803 ( 1)  0.442  0.118
 338 A   0.88412 0.00000 0.11588 ( 1)  0.433  0.116
 339 E   0.00000 0.00000 1.00000 ( 3)  3.741  1.000
 340 P   0.88264 0.00000 0.11736 ( 1)  0.439  0.117
 341 S   0.88284 0.00000 0.11716 ( 1)  0.438  0.117
 342 I   0.00000 0.00000 1.00000 ( 3)  3.741  1.000
 343 S   0.88284 0.00000 0.11716 ( 1)  0.438  0.117
 344 T   0.00000 0.00000 1.00000 ( 3)  3.741  1.000
 345 C   0.88760 0.00000 0.11240 ( 1)  0.420  0.112
 346 D   0.90114 0.00000 0.09886 ( 1)  0.370  0.099
 347 A   0.88747 0.00000 0.11253 ( 1)  0.421  0.113
 348 L   0.87914 0.00000 0.12086 ( 1)  0.452  0.121
 349 K   0.89292 0.00000 0.10708 ( 1)  0.401  0.107
 350 P   0.89621 0.00000 0.10379 ( 1)  0.388  0.104
 351 K   0.90358 0.00000 0.09642 ( 1)  0.361  0.096
 352 L   0.88927 0.00000 0.11073 ( 1)  0.414  0.111
 353 E   0.89263 0.00000 0.10737 ( 1)  0.402  0.107
 354 V   0.89850 0.00000 0.10150 ( 1)  0.380  0.102
 355 A   0.88412 0.00000 0.11588 ( 1)  0.433  0.116
 356 P   0.88264 0.00000 0.11736 ( 1)  0.439  0.117
 357 S   0.88197 0.00000 0.11803 ( 1)  0.442  0.118
 358 K   0.89292 0.00000 0.10708 ( 1)  0.401  0.107
 359 T   0.89355 0.00000 0.10645 ( 1)  0.398  0.106
 360 Q   0.00000 0.00000 1.00000 ( 3)  3.741  1.000
 361 P   0.88580 0.00000 0.11420 ( 1)  0.427  0.114
 362 S   0.89320 0.00000 0.10680 ( 1)  0.399  0.107
 363 A   0.89846 0.00000 0.10154 ( 1)  0.380  0.102
 364 N   0.89178 0.00000 0.10822 ( 1)  0.405  0.108
 365 Y   0.88558 0.00000 0.11442 ( 1)  0.428  0.114
 366 R   0.89801 0.00000 0.10199 ( 1)  0.382  0.102
 367 D   0.90114 0.00000 0.09886 ( 1)  0.370  0.099
 368 A   0.88412 0.00000 0.11588 ( 1)  0.433  0.116
 369 G   0.89482 0.00000 0.10518 ( 1)  0.393  0.105
 370 S   0.89320 0.00000 0.10680 ( 1)  0.399  0.107
 371 N   0.90165 0.00000 0.09835 ( 1)  0.368  0.098
 372 S   0.88197 0.00000 0.11803 ( 1)  0.442  0.118
 373 E   0.89263 0.00000 0.10737 ( 1)  0.402  0.107
 374 V   0.88408 0.00000 0.11592 ( 1)  0.434  0.116
 375 L   0.88291 0.00000 0.11709 ( 1)  0.438  0.117
 376 A   0.89383 0.00000 0.10617 ( 1)  0.397  0.106
 377 K   0.90276 0.00000 0.09724 ( 1)  0.364  0.097
 378 L   0.89224 0.00000 0.10776 ( 1)  0.403  0.108
 379 K   0.90358 0.00000 0.09642 ( 1)  0.361  0.096
 380 I   0.88535 0.00000 0.11465 ( 1)  0.429  0.115
 381 A   0.88747 0.00000 0.11253 ( 1)  0.421  0.113
 382 L   0.88927 0.00000 0.11073 ( 1)  0.414  0.111
 383 A   0.88412 0.00000 0.11588 ( 1)  0.433  0.116
 384 E   0.89263 0.00000 0.10737 ( 1)  0.402  0.107
 385 R   0.89648 0.00000 0.10352 ( 1)  0.387  0.104
 386 M   0.90653 0.00000 0.09347 ( 1)  0.350  0.093
 387 Q   0.88311 0.00000 0.11689 ( 1)  0.437  0.117
 388 Q   0.88311 0.00000 0.11689 ( 1)  0.437  0.117
 389 Q   0.88979 0.00000 0.11021 ( 1)  0.412  0.110
 390 Q   0.88979 0.00000 0.11021 ( 1)  0.412  0.110
 391 Q   0.88979 0.00000 0.11021 ( 1)  0.412  0.110
 392 Q   0.88546 0.00000 0.11454 ( 1)  0.428  0.115
 393 K   0.00000 0.00000 1.00000 ( 3)  3.741  1.000
 394 Q   0.88979 0.00000 0.11021 ( 1)  0.412  0.110
 395 Q   0.88979 0.00000 0.11021 ( 1)  0.412  0.110
 396 Q   0.88311 0.00000 0.11689 ( 1)  0.437  0.117
 397 Q   0.88979 0.00000 0.11021 ( 1)  0.412  0.110
 398 Q   0.88546 0.00000 0.11454 ( 1)  0.428  0.115
 399 R   0.89801 0.00000 0.10199 ( 1)  0.382  0.102
 400 E   0.89263 0.00000 0.10737 ( 1)  0.402  0.107
 401 E   0.89263 0.00000 0.10737 ( 1)  0.402  0.107
 402 K   0.89625 0.00000 0.10375 ( 1)  0.388  0.104
 403 L   0.88291 0.00000 0.11709 ( 1)  0.438  0.117
 404 L   0.88927 0.00000 0.11073 ( 1)  0.414  0.111
 405 L   0.88061 0.00000 0.11939 ( 1)  0.447  0.119
 406 R   0.88370 0.00000 0.11630 ( 1)  0.435  0.116
 407 R   0.88370 0.00000 0.11630 ( 1)  0.435  0.116
 408 A   0.88412 0.00000 0.11588 ( 1)  0.433  0.116
 409 S   0.88284 0.00000 0.11716 ( 1)  0.438  0.117
 410 V   0.89382 0.00000 0.10618 ( 1)  0.397  0.106
 411 K   0.90358 0.00000 0.09642 ( 1)  0.361  0.096
 412 E   0.89263 0.00000 0.10737 ( 1)  0.402  0.107
 413 E   0.90262 0.00000 0.09738 ( 1)  0.364  0.097
 414 P   0.00000 0.00000 1.00000 ( 3)  3.741  1.000
 415 S   0.88452 0.00000 0.11548 ( 1)  0.432  0.115
 416 F   0.89203 0.00000 0.10797 ( 1)  0.404  0.108
 417 D   0.90114 0.00000 0.09886 ( 1)  0.370  0.099
 418 E   0.90262 0.00000 0.09738 ( 1)  0.364  0.097
 419 S   0.88284 0.00000 0.11716 ( 1)  0.438  0.117
 420 P   0.00000 0.00000 1.00000 ( 3)  3.741  1.000
 421 L   0.87337 0.00000 0.12663 ( 1)  0.474  0.127
 422 V   0.89850 0.00000 0.10150 ( 1)  0.380  0.102
 423 I   0.89741 0.00000 0.10259 ( 1)  0.384  0.103
 424 A   0.88412 0.00000 0.11588 ( 1)  0.433  0.116
 425 D   0.90114 0.00000 0.09886 ( 1)  0.370  0.099
 426 C   0.88760 0.00000 0.11240 ( 1)  0.420  0.112
 427 E   0.90262 0.00000 0.09738 ( 1)  0.364  0.097

Positively selected sites

	Prob(w>1)  mean w

    78 P      1.000**       3.741
   109 T      1.000**       3.741
   135 N      1.000**       3.741
   149 Q      1.000**       3.741
   191 S      1.000**       3.741
   324 P      1.000**       3.741
   326 S      1.000**       3.741
   331 V      1.000**       3.741
   339 E      1.000**       3.741
   342 I      1.000**       3.741
   344 T      1.000**       3.741
   360 Q      1.000**       3.741
   393 K      1.000**       3.741
   414 P      1.000**       3.741
   420 P      1.000**       3.741


lnL = -1896.373063

Bayes Empirical Bayes (BEB) probabilities for 3 classes (class) & postmean_w
(amino acids refer to 1st sequence: Msl.20343)

   1 M   0.76735 0.17898 0.05367 ( 1)  0.490 +-  0.836
   2 A   0.75473 0.18363 0.06164 ( 1)  0.532 +-  0.957
   3 P   0.75364 0.18398 0.06237 ( 1)  0.536 +-  0.968
   4 I   0.75947 0.18202 0.05852 ( 1)  0.515 +-  0.908
   5 K   0.76544 0.17958 0.05499 ( 1)  0.497 +-  0.859
   6 A   0.75256 0.18436 0.06308 ( 1)  0.540 +-  0.978
   7 V   0.75253 0.18439 0.06308 ( 1)  0.539 +-  0.978
   8 L   0.75785 0.18254 0.05962 ( 1)  0.521 +-  0.926
   9 R   0.76163 0.18123 0.05714 ( 1)  0.508 +-  0.887
  10 S   0.75173 0.18466 0.06361 ( 1)  0.542 +-  0.985
  11 K   0.76544 0.17958 0.05499 ( 1)  0.497 +-  0.859
  12 L   0.74564 0.18651 0.06784 ( 1)  0.566 +-  1.049
  13 D   0.76378 0.18025 0.05597 ( 1)  0.502 +-  0.873
  14 K   0.75829 0.18239 0.05932 ( 1)  0.519 +-  0.922
  15 T   0.75870 0.18225 0.05905 ( 1)  0.518 +-  0.917
  16 D   0.76378 0.18025 0.05597 ( 1)  0.502 +-  0.873
  17 N   0.76410 0.18019 0.05572 ( 1)  0.501 +-  0.868
  18 A   0.75473 0.18363 0.06164 ( 1)  0.532 +-  0.957
  19 K   0.76544 0.17958 0.05499 ( 1)  0.497 +-  0.859
  20 S   0.75560 0.18335 0.06105 ( 1)  0.529 +-  0.947
  21 L   0.74935 0.18541 0.06524 ( 1)  0.551 +-  1.010
  22 Q   0.75626 0.18307 0.06067 ( 1)  0.527 +-  0.943
  23 E   0.75811 0.18241 0.05947 ( 1)  0.520 +-  0.925
  24 L   0.75591 0.18320 0.06089 ( 1)  0.528 +-  0.946
  25 L   0.75029 0.18509 0.06462 ( 1)  0.548 +-  1.001
  26 V   0.75889 0.18217 0.05894 ( 1)  0.517 +-  0.916
  27 D   0.76378 0.18025 0.05597 ( 1)  0.502 +-  0.873
  28 K   0.76544 0.17958 0.05499 ( 1)  0.497 +-  0.859
  29 Y   0.76022 0.18170 0.05807 ( 1)  0.513 +-  0.902
  30 E   0.75811 0.18241 0.05947 ( 1)  0.520 +-  0.925
  31 P   0.75160 0.18467 0.06373 ( 1)  0.543 +-  0.988
  32 L   0.74564 0.18651 0.06784 ( 1)  0.566 +-  1.049
  33 S   0.75117 0.18486 0.06397 ( 1)  0.544 +-  0.990
  34 D   0.76378 0.18025 0.05597 ( 1)  0.502 +-  0.873
  35 A   0.75890 0.18213 0.05897 ( 1)  0.518 +-  0.917
  36 T   0.75870 0.18225 0.05905 ( 1)  0.518 +-  0.917
  37 S   0.75878 0.18234 0.05888 ( 1)  0.517 +-  0.912
  38 V   0.75889 0.18217 0.05894 ( 1)  0.517 +-  0.916
  39 V   0.75253 0.18439 0.06308 ( 1)  0.539 +-  0.978
  40 S   0.75707 0.18288 0.06004 ( 1)  0.523 +-  0.931
  41 S   0.75281 0.18437 0.06282 ( 1)  0.538 +-  0.972
  42 V   0.76199 0.18100 0.05701 ( 1)  0.507 +-  0.887
  43 D   0.76378 0.18025 0.05597 ( 1)  0.502 +-  0.873
  44 Y   0.75350 0.18408 0.06242 ( 1)  0.536 +-  0.967
  45 Q   0.75626 0.18307 0.06067 ( 1)  0.527 +-  0.943
  46 T   0.75456 0.18372 0.06172 ( 1)  0.532 +-  0.957
  47 T   0.75456 0.18372 0.06172 ( 1)  0.532 +-  0.957
  48 S   0.75878 0.18234 0.05888 ( 1)  0.517 +-  0.912
  49 D   0.76378 0.18025 0.05597 ( 1)  0.502 +-  0.873
  50 S   0.75878 0.18234 0.05888 ( 1)  0.517 +-  0.912
  51 E   0.76482 0.17975 0.05543 ( 1)  0.499 +-  0.868
  52 A   0.75256 0.18436 0.06308 ( 1)  0.540 +-  0.978
  53 D   0.76378 0.18025 0.05597 ( 1)  0.502 +-  0.873
  54 V   0.75471 0.18366 0.06163 ( 1)  0.532 +-  0.956
  55 S   0.75173 0.18466 0.06361 ( 1)  0.542 +-  0.985
  56 D   0.76378 0.18025 0.05597 ( 1)  0.502 +-  0.873
  57 Y   0.76022 0.18170 0.05807 ( 1)  0.513 +-  0.902
  58 E   0.75811 0.18241 0.05947 ( 1)  0.520 +-  0.925
  59 S   0.75878 0.18234 0.05888 ( 1)  0.517 +-  0.912
  60 L   0.75591 0.18320 0.06089 ( 1)  0.528 +-  0.946
  61 L   0.75591 0.18320 0.06089 ( 1)  0.528 +-  0.946
  62 R   0.76061 0.18166 0.05773 ( 1)  0.511 +-  0.895
  63 Q   0.75626 0.18307 0.06067 ( 1)  0.527 +-  0.943
  64 Q   0.75190 0.18458 0.06351 ( 1)  0.542 +-  0.984
  65 Q   0.75626 0.18307 0.06067 ( 1)  0.527 +-  0.943
  66 E   0.75811 0.18241 0.05947 ( 1)  0.520 +-  0.925
  67 Q   0.75626 0.18307 0.06067 ( 1)  0.527 +-  0.943
  68 Q   0.75626 0.18307 0.06067 ( 1)  0.527 +-  0.943
  69 Q   0.75626 0.18307 0.06067 ( 1)  0.527 +-  0.943
  70 Q   0.75626 0.18307 0.06067 ( 1)  0.527 +-  0.943
  71 Q   0.75626 0.18307 0.06067 ( 1)  0.527 +-  0.943
  72 Q   0.75190 0.18458 0.06351 ( 1)  0.542 +-  0.984
  73 P   0.76048 0.18150 0.05802 ( 1)  0.513 +-  0.904
  74 Q   0.75348 0.18369 0.06283 ( 1)  0.539 +-  0.982
  75 M   0.76735 0.17898 0.05367 ( 1)  0.490 +-  0.836
  76 P   0.76048 0.18150 0.05802 ( 1)  0.513 +-  0.904
  77 M   0.76735 0.17898 0.05367 ( 1)  0.490 +-  0.836
  78 P   0.27289 0.33352 0.39359 ( 3)  2.380 +-  2.790
  79 Q   0.75190 0.18458 0.06351 ( 1)  0.542 +-  0.984
  80 C   0.75481 0.18372 0.06148 ( 1)  0.531 +-  0.951
  81 S   0.75173 0.18466 0.06361 ( 1)  0.542 +-  0.985
  82 P   0.75160 0.18467 0.06373 ( 1)  0.543 +-  0.988
  83 E   0.76482 0.17975 0.05543 ( 1)  0.499 +-  0.868
  84 L   0.75591 0.18320 0.06089 ( 1)  0.528 +-  0.946
  85 L   0.75029 0.18509 0.06462 ( 1)  0.548 +-  1.001
  86 S   0.75847 0.18236 0.05917 ( 1)  0.518 +-  0.919
  87 L   0.75029 0.18509 0.06462 ( 1)  0.548 +-  1.001
  88 I   0.75947 0.18202 0.05852 ( 1)  0.515 +-  0.908
  89 H   0.76189 0.18098 0.05713 ( 1)  0.508 +-  0.891
  90 R   0.76061 0.18166 0.05773 ( 1)  0.511 +-  0.895
  91 P   0.76048 0.18150 0.05802 ( 1)  0.513 +-  0.904
  92 V   0.75471 0.18366 0.06163 ( 1)  0.532 +-  0.956
  93 A   0.75473 0.18363 0.06164 ( 1)  0.532 +-  0.957
  94 T   0.75239 0.18444 0.06317 ( 1)  0.540 +-  0.979
  95 G   0.75482 0.18368 0.06150 ( 1)  0.531 +-  0.952
  96 P   0.75364 0.18398 0.06237 ( 1)  0.536 +-  0.968
  97 D   0.75760 0.18265 0.05975 ( 1)  0.522 +-  0.928
  98 A   0.75652 0.18298 0.06050 ( 1)  0.526 +-  0.941
  99 N   0.76410 0.18019 0.05572 ( 1)  0.501 +-  0.868
 100 A   0.75256 0.18436 0.06308 ( 1)  0.540 +-  0.978
 101 A   0.75256 0.18436 0.06308 ( 1)  0.540 +-  0.978
 102 T   0.75456 0.18372 0.06172 ( 1)  0.532 +-  0.957
 103 S   0.75847 0.18236 0.05917 ( 1)  0.518 +-  0.919
 104 T   0.75870 0.18225 0.05905 ( 1)  0.518 +-  0.917
 105 I   0.75947 0.18202 0.05852 ( 1)  0.515 +-  0.908
 106 E   0.76482 0.17975 0.05543 ( 1)  0.499 +-  0.868
 107 L   0.75591 0.18320 0.06089 ( 1)  0.528 +-  0.946
 108 P   0.75364 0.18398 0.06237 ( 1)  0.536 +-  0.968
 109 T   0.28506 0.34240 0.37254 ( 3)  2.248 +-  2.699
 110 D   0.76378 0.18025 0.05597 ( 1)  0.502 +-  0.873
 111 F   0.75212 0.18458 0.06331 ( 1)  0.541 +-  0.980
 112 T   0.76179 0.18109 0.05712 ( 1)  0.508 +-  0.889
 113 A   0.75256 0.18436 0.06308 ( 1)  0.540 +-  0.978
 114 L   0.75177 0.18463 0.06360 ( 1)  0.542 +-  0.985
 115 H   0.76189 0.18098 0.05713 ( 1)  0.508 +-  0.891
 116 E   0.75811 0.18241 0.05947 ( 1)  0.520 +-  0.925
 117 A   0.75473 0.18363 0.06164 ( 1)  0.532 +-  0.957
 118 R   0.75271 0.18438 0.06291 ( 1)  0.538 +-  0.974
 119 L   0.75591 0.18320 0.06089 ( 1)  0.528 +-  0.946
 120 Q   0.75626 0.18307 0.06067 ( 1)  0.527 +-  0.943
 121 Y   0.76022 0.18170 0.05807 ( 1)  0.513 +-  0.902
 122 F   0.75212 0.18458 0.06331 ( 1)  0.541 +-  0.980
 123 G   0.75952 0.18204 0.05844 ( 1)  0.514 +-  0.906
 124 H   0.76189 0.18098 0.05713 ( 1)  0.508 +-  0.891
 125 L   0.75074 0.18432 0.06494 ( 1)  0.552 +-  1.023
 126 I   0.75335 0.18415 0.06249 ( 1)  0.536 +-  0.968
 127 Y   0.75350 0.18408 0.06242 ( 1)  0.536 +-  0.967
 128 Q   0.75626 0.18307 0.06067 ( 1)  0.527 +-  0.943
 129 R   0.75228 0.18450 0.06322 ( 1)  0.540 +-  0.979
 130 M   0.76735 0.17898 0.05367 ( 1)  0.490 +-  0.836
 131 L   0.75029 0.18509 0.06462 ( 1)  0.548 +-  1.001
 132 Q   0.75626 0.18307 0.06067 ( 1)  0.527 +-  0.943
 133 Q   0.75626 0.18307 0.06067 ( 1)  0.527 +-  0.943
 134 Q   0.75626 0.18307 0.06067 ( 1)  0.527 +-  0.943
 135 N   0.26276 0.32717 0.41007 ( 3)  2.478 +-  2.847
 136 L   0.74564 0.18651 0.06784 ( 1)  0.566 +-  1.049
 137 P   0.75364 0.18398 0.06237 ( 1)  0.536 +-  0.968
 138 P   0.75364 0.18398 0.06237 ( 1)  0.536 +-  0.968
 139 A   0.75256 0.18436 0.06308 ( 1)  0.540 +-  0.978
 140 E   0.75811 0.18241 0.05947 ( 1)  0.520 +-  0.925
 141 D   0.75760 0.18265 0.05975 ( 1)  0.522 +-  0.928
 142 Q   0.75190 0.18458 0.06351 ( 1)  0.542 +-  0.984
 143 P   0.75160 0.18467 0.06373 ( 1)  0.543 +-  0.988
 144 L   0.75591 0.18320 0.06089 ( 1)  0.528 +-  0.946
 145 N   0.76410 0.18019 0.05572 ( 1)  0.501 +-  0.868
 146 L   0.75785 0.18254 0.05962 ( 1)  0.521 +-  0.926
 147 T   0.75870 0.18225 0.05905 ( 1)  0.518 +-  0.917
 148 C   0.74968 0.18535 0.06497 ( 1)  0.550 +-  1.005
 149 Q   0.27391 0.33409 0.39200 ( 3)  2.371 +-  2.785
 150 N   0.76410 0.18019 0.05572 ( 1)  0.501 +-  0.868
 151 A   0.75256 0.18436 0.06308 ( 1)  0.540 +-  0.978
 152 L   0.75591 0.18320 0.06089 ( 1)  0.528 +-  0.946
 153 K   0.75829 0.18239 0.05932 ( 1)  0.519 +-  0.922
 154 R   0.75228 0.18450 0.06322 ( 1)  0.540 +-  0.979
 155 P   0.76048 0.18150 0.05802 ( 1)  0.513 +-  0.904
 156 A   0.75890 0.18213 0.05897 ( 1)  0.518 +-  0.917
 157 P   0.75364 0.18398 0.06237 ( 1)  0.536 +-  0.968
 158 K   0.76544 0.17958 0.05499 ( 1)  0.497 +-  0.859
 159 F   0.75212 0.18458 0.06331 ( 1)  0.541 +-  0.980
 160 E   0.75811 0.18241 0.05947 ( 1)  0.520 +-  0.925
 161 A   0.75890 0.18213 0.05897 ( 1)  0.518 +-  0.917
 162 V   0.75253 0.18439 0.06308 ( 1)  0.539 +-  0.978
 163 I   0.75335 0.18415 0.06249 ( 1)  0.536 +-  0.968
 164 E   0.76482 0.17975 0.05543 ( 1)  0.499 +-  0.868
 165 T   0.76179 0.18109 0.05712 ( 1)  0.508 +-  0.889
 166 Q   0.75190 0.18458 0.06351 ( 1)  0.542 +-  0.984
 167 N   0.76410 0.18019 0.05572 ( 1)  0.501 +-  0.868
 168 Y   0.76022 0.18170 0.05807 ( 1)  0.513 +-  0.902
 169 Q   0.75626 0.18307 0.06067 ( 1)  0.527 +-  0.943
 170 V   0.75253 0.18439 0.06308 ( 1)  0.539 +-  0.978
 171 G   0.75952 0.18204 0.05844 ( 1)  0.514 +-  0.906
 172 D   0.76378 0.18025 0.05597 ( 1)  0.502 +-  0.873
 173 E   0.76482 0.17975 0.05543 ( 1)  0.499 +-  0.868
 174 Q   0.75626 0.18307 0.06067 ( 1)  0.527 +-  0.943
 175 E   0.75811 0.18241 0.05947 ( 1)  0.520 +-  0.925
 176 C   0.75481 0.18372 0.06148 ( 1)  0.531 +-  0.951
 177 S   0.75878 0.18234 0.05888 ( 1)  0.517 +-  0.912
 178 Q   0.75190 0.18458 0.06351 ( 1)  0.542 +-  0.984
 179 D   0.76378 0.18025 0.05597 ( 1)  0.502 +-  0.873
 180 V   0.76199 0.18100 0.05701 ( 1)  0.507 +-  0.887
 181 F   0.75488 0.18349 0.06163 ( 1)  0.532 +-  0.958
 182 G   0.75952 0.18204 0.05844 ( 1)  0.514 +-  0.906
 183 S   0.75707 0.18288 0.06004 ( 1)  0.523 +-  0.931
 184 T   0.75870 0.18225 0.05905 ( 1)  0.518 +-  0.917
 185 A   0.75890 0.18213 0.05897 ( 1)  0.518 +-  0.917
 186 T   0.75239 0.18444 0.06317 ( 1)  0.540 +-  0.979
 187 E   0.76482 0.17975 0.05543 ( 1)  0.499 +-  0.868
 188 P   0.76048 0.18150 0.05802 ( 1)  0.513 +-  0.904
 189 K   0.76544 0.17958 0.05499 ( 1)  0.497 +-  0.859
 190 R   0.75228 0.18450 0.06322 ( 1)  0.540 +-  0.979
 191 S   0.28478 0.34218 0.37304 ( 3)  2.251 +-  2.701
 192 C   0.75481 0.18372 0.06148 ( 1)  0.531 +-  0.951
 193 P   0.75364 0.18398 0.06237 ( 1)  0.536 +-  0.968
 194 D   0.76378 0.18025 0.05597 ( 1)  0.502 +-  0.873
 195 A   0.75890 0.18213 0.05897 ( 1)  0.518 +-  0.917
 196 T   0.75870 0.18225 0.05905 ( 1)  0.518 +-  0.917
 197 A   0.75256 0.18436 0.06308 ( 1)  0.540 +-  0.978
 198 A   0.75890 0.18213 0.05897 ( 1)  0.518 +-  0.917
 199 P   0.76048 0.18150 0.05802 ( 1)  0.513 +-  0.904
 200 A   0.75473 0.18363 0.06164 ( 1)  0.532 +-  0.957
 201 T   0.75239 0.18444 0.06317 ( 1)  0.540 +-  0.979
 202 H   0.75627 0.18311 0.06061 ( 1)  0.526 +-  0.941
 203 R   0.76163 0.18123 0.05714 ( 1)  0.508 +-  0.887
 204 K   0.76544 0.17958 0.05499 ( 1)  0.497 +-  0.859
 205 R   0.76061 0.18166 0.05773 ( 1)  0.511 +-  0.895
 206 K   0.76544 0.17958 0.05499 ( 1)  0.497 +-  0.859
 207 R   0.75228 0.18450 0.06322 ( 1)  0.540 +-  0.979
 208 S   0.75707 0.18288 0.06004 ( 1)  0.523 +-  0.931
 209 Y   0.76022 0.18170 0.05807 ( 1)  0.513 +-  0.902
 210 R   0.76163 0.18123 0.05714 ( 1)  0.508 +-  0.887
 211 L   0.74564 0.18651 0.06784 ( 1)  0.566 +-  1.049
 212 S   0.75878 0.18234 0.05888 ( 1)  0.517 +-  0.912
 213 D   0.76378 0.18025 0.05597 ( 1)  0.502 +-  0.873
 214 N   0.75754 0.18270 0.05977 ( 1)  0.522 +-  0.927
 215 E   0.76126 0.18088 0.05785 ( 1)  0.513 +-  0.909
 216 E   0.76482 0.17975 0.05543 ( 1)  0.499 +-  0.868
 217 I   0.75335 0.18415 0.06249 ( 1)  0.536 +-  0.968
 218 R   0.75271 0.18438 0.06291 ( 1)  0.538 +-  0.974
 219 A   0.75890 0.18213 0.05897 ( 1)  0.518 +-  0.917
 220 Y   0.76022 0.18170 0.05807 ( 1)  0.513 +-  0.902
 221 Q   0.75190 0.18458 0.06351 ( 1)  0.542 +-  0.984
 222 F   0.75488 0.18349 0.06163 ( 1)  0.532 +-  0.958
 223 S   0.75707 0.18288 0.06004 ( 1)  0.523 +-  0.931
 224 A   0.75256 0.18436 0.06308 ( 1)  0.540 +-  0.978
 225 P   0.75160 0.18467 0.06373 ( 1)  0.543 +-  0.988
 226 E   0.76482 0.17975 0.05543 ( 1)  0.499 +-  0.868
 227 L   0.74960 0.18529 0.06511 ( 1)  0.551 +-  1.009
 228 F   0.75769 0.18270 0.05961 ( 1)  0.521 +-  0.924
 229 I   0.75947 0.18202 0.05852 ( 1)  0.515 +-  0.908
 230 W   0.74864 0.18565 0.06570 ( 1)  0.554 +-  1.016
 231 N   0.75754 0.18270 0.05977 ( 1)  0.522 +-  0.927
 232 G   0.75664 0.18301 0.06035 ( 1)  0.525 +-  0.936
 233 H   0.76189 0.18098 0.05713 ( 1)  0.508 +-  0.891
 234 K   0.75829 0.18239 0.05932 ( 1)  0.519 +-  0.922
 235 P   0.76048 0.18150 0.05802 ( 1)  0.513 +-  0.904
 236 M   0.76735 0.17898 0.05367 ( 1)  0.490 +-  0.836
 237 I   0.75335 0.18415 0.06249 ( 1)  0.536 +-  0.968
 238 H   0.75627 0.18311 0.06061 ( 1)  0.526 +-  0.941
 239 Q   0.75626 0.18307 0.06067 ( 1)  0.527 +-  0.943
 240 F   0.75769 0.18270 0.05961 ( 1)  0.521 +-  0.924
 241 L   0.75177 0.18463 0.06360 ( 1)  0.542 +-  0.985
 242 L   0.74935 0.18541 0.06524 ( 1)  0.551 +-  1.010
 243 K   0.76544 0.17958 0.05499 ( 1)  0.497 +-  0.859
 244 L   0.75029 0.18509 0.06462 ( 1)  0.548 +-  1.001
 245 L   0.75785 0.18254 0.05962 ( 1)  0.521 +-  0.926
 246 N   0.76410 0.18019 0.05572 ( 1)  0.501 +-  0.868
 247 N   0.76410 0.18019 0.05572 ( 1)  0.501 +-  0.868
 248 P   0.75758 0.18260 0.05982 ( 1)  0.522 +-  0.930
 249 S   0.75878 0.18234 0.05888 ( 1)  0.517 +-  0.912
 250 C   0.75481 0.18372 0.06148 ( 1)  0.531 +-  0.951
 251 S   0.75173 0.18466 0.06361 ( 1)  0.542 +-  0.985
 252 S   0.75281 0.18437 0.06282 ( 1)  0.538 +-  0.972
 253 L   0.75591 0.18320 0.06089 ( 1)  0.528 +-  0.946
 254 I   0.75947 0.18202 0.05852 ( 1)  0.515 +-  0.908
 255 R   0.76163 0.18123 0.05714 ( 1)  0.508 +-  0.887
 256 W   0.74864 0.18565 0.06570 ( 1)  0.554 +-  1.016
 257 L   0.75029 0.18509 0.06462 ( 1)  0.548 +-  1.001
 258 D   0.75760 0.18265 0.05975 ( 1)  0.522 +-  0.928
 259 R   0.75271 0.18438 0.06291 ( 1)  0.538 +-  0.974
 260 E   0.76482 0.17975 0.05543 ( 1)  0.499 +-  0.868
 261 N   0.76410 0.18019 0.05572 ( 1)  0.501 +-  0.868
 262 R   0.75228 0.18450 0.06322 ( 1)  0.540 +-  0.979
 263 L   0.75591 0.18320 0.06089 ( 1)  0.528 +-  0.946
 264 F   0.75734 0.18280 0.05986 ( 1)  0.522 +-  0.928
 265 K   0.75829 0.18239 0.05932 ( 1)  0.519 +-  0.922
 266 V   0.76199 0.18100 0.05701 ( 1)  0.507 +-  0.887
 267 L   0.75591 0.18320 0.06089 ( 1)  0.528 +-  0.946
 268 H   0.75627 0.18311 0.06061 ( 1)  0.526 +-  0.941
 269 P   0.76048 0.18150 0.05802 ( 1)  0.513 +-  0.904
 270 V   0.76199 0.18100 0.05701 ( 1)  0.507 +-  0.887
 271 T   0.75509 0.18351 0.06140 ( 1)  0.530 +-  0.953
 272 V   0.76199 0.18100 0.05701 ( 1)  0.507 +-  0.887
 273 A   0.75256 0.18436 0.06308 ( 1)  0.540 +-  0.978
 274 R   0.75920 0.18215 0.05865 ( 1)  0.516 +-  0.909
 275 L   0.75591 0.18320 0.06089 ( 1)  0.528 +-  0.946
 276 W   0.74864 0.18565 0.06570 ( 1)  0.554 +-  1.016
 277 Q   0.75626 0.18307 0.06067 ( 1)  0.527 +-  0.943
 278 F   0.75769 0.18270 0.05961 ( 1)  0.521 +-  0.924
 279 I   0.75947 0.18202 0.05852 ( 1)  0.515 +-  0.908
 280 K   0.76544 0.17958 0.05499 ( 1)  0.497 +-  0.859
 281 G   0.75952 0.18204 0.05844 ( 1)  0.514 +-  0.906
 282 N   0.76410 0.18019 0.05572 ( 1)  0.501 +-  0.868
 283 R   0.76061 0.18166 0.05773 ( 1)  0.511 +-  0.895
 284 T   0.75239 0.18444 0.06317 ( 1)  0.540 +-  0.979
 285 D   0.76378 0.18025 0.05597 ( 1)  0.502 +-  0.873
 286 N   0.76410 0.18019 0.05572 ( 1)  0.501 +-  0.868
 287 Y   0.76022 0.18170 0.05807 ( 1)  0.513 +-  0.902
 288 E   0.76482 0.17975 0.05543 ( 1)  0.499 +-  0.868
 289 C   0.75481 0.18372 0.06148 ( 1)  0.531 +-  0.951
 290 F   0.75212 0.18458 0.06331 ( 1)  0.541 +-  0.980
 291 A   0.75890 0.18213 0.05897 ( 1)  0.518 +-  0.917
 292 R   0.75361 0.18410 0.06229 ( 1)  0.535 +-  0.964
 293 G   0.75482 0.18368 0.06150 ( 1)  0.531 +-  0.952
 294 I   0.75335 0.18415 0.06249 ( 1)  0.536 +-  0.968
 295 R   0.75920 0.18215 0.05865 ( 1)  0.516 +-  0.909
 296 H   0.76189 0.18098 0.05713 ( 1)  0.508 +-  0.891
 297 S   0.75117 0.18486 0.06397 ( 1)  0.544 +-  0.990
 298 R   0.75920 0.18215 0.05865 ( 1)  0.516 +-  0.909
 299 D   0.76378 0.18025 0.05597 ( 1)  0.502 +-  0.873
 300 I   0.75335 0.18415 0.06249 ( 1)  0.536 +-  0.968
 301 G   0.75952 0.18204 0.05844 ( 1)  0.514 +-  0.906
 302 K   0.75829 0.18239 0.05932 ( 1)  0.519 +-  0.922
 303 Y   0.76022 0.18170 0.05807 ( 1)  0.513 +-  0.902
 304 F   0.75212 0.18458 0.06331 ( 1)  0.541 +-  0.980
 305 E   0.76482 0.17975 0.05543 ( 1)  0.499 +-  0.868
 306 A   0.76198 0.18095 0.05707 ( 1)  0.508 +-  0.889
 307 H   0.75759 0.18218 0.06022 ( 1)  0.525 +-  0.946
 308 E   0.75811 0.18241 0.05947 ( 1)  0.520 +-  0.925
 309 F   0.75212 0.18458 0.06331 ( 1)  0.541 +-  0.980
 310 R   0.75920 0.18215 0.05865 ( 1)  0.516 +-  0.909
 311 K   0.76544 0.17958 0.05499 ( 1)  0.497 +-  0.859
 312 K   0.76544 0.17958 0.05499 ( 1)  0.497 +-  0.859
 313 K   0.76544 0.17958 0.05499 ( 1)  0.497 +-  0.859
 314 V   0.76199 0.18100 0.05701 ( 1)  0.507 +-  0.887
 315 Y   0.76022 0.18170 0.05807 ( 1)  0.513 +-  0.902
 316 K   0.76544 0.17958 0.05499 ( 1)  0.497 +-  0.859
 317 F   0.75769 0.18270 0.05961 ( 1)  0.521 +-  0.924
 318 S   0.75707 0.18288 0.06004 ( 1)  0.523 +-  0.931
 319 E   0.76482 0.17975 0.05543 ( 1)  0.499 +-  0.868
 320 K   0.75829 0.18239 0.05932 ( 1)  0.519 +-  0.922
 321 A   0.75256 0.18436 0.06308 ( 1)  0.540 +-  0.978
 322 L   0.74935 0.18541 0.06524 ( 1)  0.551 +-  1.010
 323 N   0.75754 0.18270 0.05977 ( 1)  0.522 +-  0.927
 324 P   0.27535 0.33517 0.38948 ( 3)  2.355 +-  2.774
 325 E   0.75811 0.18241 0.05947 ( 1)  0.520 +-  0.925
 326 S   0.28927 0.34539 0.36534 ( 3)  2.203 +-  2.665
 327 A   0.75890 0.18213 0.05897 ( 1)  0.518 +-  0.917
 328 Q   0.75626 0.18307 0.06067 ( 1)  0.527 +-  0.943
 329 M   0.76735 0.17898 0.05367 ( 1)  0.490 +-  0.836
 330 K   0.75829 0.18239 0.05932 ( 1)  0.519 +-  0.922
 331 V   0.28721 0.34252 0.37027 ( 3)  2.241 +-  2.702
 332 R   0.76163 0.18123 0.05714 ( 1)  0.508 +-  0.887
 333 L   0.75591 0.18320 0.06089 ( 1)  0.528 +-  0.946
 334 A   0.75256 0.18436 0.06308 ( 1)  0.540 +-  0.978
 335 A   0.75890 0.18213 0.05897 ( 1)  0.518 +-  0.917
 336 A   0.75890 0.18213 0.05897 ( 1)  0.518 +-  0.917
 337 S   0.75117 0.18486 0.06397 ( 1)  0.544 +-  0.990
 338 A   0.75256 0.18436 0.06308 ( 1)  0.540 +-  0.978
 339 E   0.05890 0.21663 0.72448 ( 3)  4.097 +-  3.116
 340 P   0.75160 0.18467 0.06373 ( 1)  0.543 +-  0.988
 341 S   0.75173 0.18466 0.06361 ( 1)  0.542 +-  0.985
 342 I   0.27592 0.33578 0.38830 ( 3)  2.347 +-  2.768
 343 S   0.75173 0.18466 0.06361 ( 1)  0.542 +-  0.985
 344 T   0.29449 0.34889 0.35662 ( 3)  2.149 +-  2.625
 345 C   0.75481 0.18372 0.06148 ( 1)  0.531 +-  0.951
 346 D   0.76378 0.18025 0.05597 ( 1)  0.502 +-  0.873
 347 A   0.75473 0.18363 0.06164 ( 1)  0.532 +-  0.957
 348 L   0.74935 0.18541 0.06524 ( 1)  0.551 +-  1.010
 349 K   0.75829 0.18239 0.05932 ( 1)  0.519 +-  0.922
 350 P   0.76048 0.18150 0.05802 ( 1)  0.513 +-  0.904
 351 K   0.76544 0.17958 0.05499 ( 1)  0.497 +-  0.859
 352 L   0.75591 0.18320 0.06089 ( 1)  0.528 +-  0.946
 353 E   0.75811 0.18241 0.05947 ( 1)  0.520 +-  0.925
 354 V   0.76199 0.18100 0.05701 ( 1)  0.507 +-  0.887
 355 A   0.75256 0.18436 0.06308 ( 1)  0.540 +-  0.978
 356 P   0.75160 0.18467 0.06373 ( 1)  0.543 +-  0.988
 357 S   0.75117 0.18486 0.06397 ( 1)  0.544 +-  0.990
 358 K   0.75829 0.18239 0.05932 ( 1)  0.519 +-  0.922
 359 T   0.75870 0.18225 0.05905 ( 1)  0.518 +-  0.917
 360 Q   0.28040 0.33878 0.38082 ( 3)  2.301 +-  2.738
 361 P   0.75364 0.18398 0.06237 ( 1)  0.536 +-  0.968
 362 S   0.75847 0.18236 0.05917 ( 1)  0.518 +-  0.919
 363 A   0.76198 0.18095 0.05707 ( 1)  0.508 +-  0.889
 364 N   0.75754 0.18270 0.05977 ( 1)  0.522 +-  0.927
 365 Y   0.75350 0.18408 0.06242 ( 1)  0.536 +-  0.967
 366 R   0.76163 0.18123 0.05714 ( 1)  0.508 +-  0.887
 367 D   0.76378 0.18025 0.05597 ( 1)  0.502 +-  0.873
 368 A   0.75256 0.18436 0.06308 ( 1)  0.540 +-  0.978
 369 G   0.75952 0.18204 0.05844 ( 1)  0.514 +-  0.906
 370 S   0.75847 0.18236 0.05917 ( 1)  0.518 +-  0.919
 371 N   0.76410 0.18019 0.05572 ( 1)  0.501 +-  0.868
 372 S   0.75117 0.18486 0.06397 ( 1)  0.544 +-  0.990
 373 E   0.75811 0.18241 0.05947 ( 1)  0.520 +-  0.925
 374 V   0.75253 0.18439 0.06308 ( 1)  0.539 +-  0.978
 375 L   0.75177 0.18463 0.06360 ( 1)  0.542 +-  0.985
 376 A   0.75890 0.18213 0.05897 ( 1)  0.518 +-  0.917
 377 K   0.76490 0.17974 0.05536 ( 1)  0.499 +-  0.866
 378 L   0.75785 0.18254 0.05962 ( 1)  0.521 +-  0.926
 379 K   0.76544 0.17958 0.05499 ( 1)  0.497 +-  0.859
 380 I   0.75335 0.18415 0.06249 ( 1)  0.536 +-  0.968
 381 A   0.75473 0.18363 0.06164 ( 1)  0.532 +-  0.957
 382 L   0.75591 0.18320 0.06089 ( 1)  0.528 +-  0.946
 383 A   0.75256 0.18436 0.06308 ( 1)  0.540 +-  0.978
 384 E   0.75811 0.18241 0.05947 ( 1)  0.520 +-  0.925
 385 R   0.76061 0.18166 0.05773 ( 1)  0.511 +-  0.895
 386 M   0.76735 0.17898 0.05367 ( 1)  0.490 +-  0.836
 387 Q   0.75190 0.18458 0.06351 ( 1)  0.542 +-  0.984
 388 Q   0.75190 0.18458 0.06351 ( 1)  0.542 +-  0.984
 389 Q   0.75626 0.18307 0.06067 ( 1)  0.527 +-  0.943
 390 Q   0.75626 0.18307 0.06067 ( 1)  0.527 +-  0.943
 391 Q   0.75626 0.18307 0.06067 ( 1)  0.527 +-  0.943
 392 Q   0.75348 0.18369 0.06283 ( 1)  0.539 +-  0.982
 393 K   0.28209 0.34022 0.37769 ( 3)  2.281 +-  2.722
 394 Q   0.75626 0.18307 0.06067 ( 1)  0.527 +-  0.943
 395 Q   0.75626 0.18307 0.06067 ( 1)  0.527 +-  0.943
 396 Q   0.75190 0.18458 0.06351 ( 1)  0.542 +-  0.984
 397 Q   0.75626 0.18307 0.06067 ( 1)  0.527 +-  0.943
 398 Q   0.75348 0.18369 0.06283 ( 1)  0.539 +-  0.982
 399 R   0.76163 0.18123 0.05714 ( 1)  0.508 +-  0.887
 400 E   0.75811 0.18241 0.05947 ( 1)  0.520 +-  0.925
 401 E   0.75811 0.18241 0.05947 ( 1)  0.520 +-  0.925
 402 K   0.76059 0.18118 0.05823 ( 1)  0.515 +-  0.914
 403 L   0.75177 0.18463 0.06360 ( 1)  0.542 +-  0.985
 404 L   0.75591 0.18320 0.06089 ( 1)  0.528 +-  0.946
 405 L   0.75029 0.18509 0.06462 ( 1)  0.548 +-  1.001
 406 R   0.75228 0.18450 0.06322 ( 1)  0.540 +-  0.979
 407 R   0.75228 0.18450 0.06322 ( 1)  0.540 +-  0.979
 408 A   0.75256 0.18436 0.06308 ( 1)  0.540 +-  0.978
 409 S   0.75173 0.18466 0.06361 ( 1)  0.542 +-  0.985
 410 V   0.75889 0.18217 0.05894 ( 1)  0.517 +-  0.916
 411 K   0.76544 0.17958 0.05499 ( 1)  0.497 +-  0.859
 412 E   0.75811 0.18241 0.05947 ( 1)  0.520 +-  0.925
 413 E   0.76482 0.17975 0.05543 ( 1)  0.499 +-  0.868
 414 P   0.26965 0.33090 0.39945 ( 3)  2.418 +-  2.816
 415 S   0.75281 0.18437 0.06282 ( 1)  0.538 +-  0.972
 416 F   0.75769 0.18270 0.05961 ( 1)  0.521 +-  0.924
 417 D   0.76378 0.18025 0.05597 ( 1)  0.502 +-  0.873
 418 E   0.76482 0.17975 0.05543 ( 1)  0.499 +-  0.868
 419 S   0.75173 0.18466 0.06361 ( 1)  0.542 +-  0.985
 420 P   0.28013 0.33841 0.38145 ( 3)  2.306 +-  2.742
 421 L   0.74564 0.18651 0.06784 ( 1)  0.566 +-  1.049
 422 V   0.76199 0.18100 0.05701 ( 1)  0.507 +-  0.887
 423 I   0.76122 0.18141 0.05737 ( 1)  0.509 +-  0.890
 424 A   0.75256 0.18436 0.06308 ( 1)  0.540 +-  0.978
 425 D   0.76378 0.18025 0.05597 ( 1)  0.502 +-  0.873
 426 C   0.75481 0.18372 0.06148 ( 1)  0.531 +-  0.951
 427 E   0.76482 0.17975 0.05543 ( 1)  0.499 +-  0.868

Positively selected sites

	Prob(w>1)  mean w

   339 E      0.724         4.097 +- 3.116

