Supplemental results for CODEML (seqf: algn  treef: tree)


dN/dS (w) for site classes (K=9)

p:   0.12500  0.12500  0.12500  0.12500  0.12500  0.12500  0.12500  0.12500  0.00001
w:   0.08609  0.10296  0.11428  0.12423  0.13412  0.14501  0.15870  0.18234  1.00000

Naive Empirical Bayes (NEB) probabilities for 9 classes & postmean_w
(amino acids refer to 1st sequence: spe.11300)

   1 M   0.12759 0.12660 0.12595 0.12537 0.12481 0.12418 0.12341 0.12208 0.00001 ( 1)  0.131
   2 L   0.12659 0.12598 0.12558 0.12523 0.12488 0.12450 0.12402 0.12320 0.00001 ( 1)  0.131
   3 R   0.12662 0.12601 0.12560 0.12524 0.12488 0.12449 0.12400 0.12316 0.00001 ( 1)  0.131
   4 R   0.12697 0.12622 0.12572 0.12529 0.12485 0.12438 0.12379 0.12277 0.00001 ( 1)  0.131
   5 E   0.12727 0.12641 0.12583 0.12533 0.12483 0.12429 0.12360 0.12244 0.00001 ( 1)  0.131
   6 F   0.12678 0.12611 0.12565 0.12526 0.12487 0.12444 0.12390 0.12298 0.00001 ( 1)  0.131
   7 F   0.12678 0.12611 0.12565 0.12526 0.12487 0.12444 0.12390 0.12298 0.00001 ( 1)  0.131
   8 R   0.12623 0.12577 0.12545 0.12518 0.12491 0.12461 0.12424 0.12360 0.00001 ( 1)  0.131
   9 L   0.12659 0.12598 0.12558 0.12523 0.12488 0.12450 0.12402 0.12320 0.00001 ( 1)  0.131
  10 G   0.12649 0.12593 0.12555 0.12522 0.12489 0.12453 0.12408 0.12331 0.00001 ( 1)  0.131
  11 G   0.12669 0.12605 0.12562 0.12525 0.12487 0.12447 0.12396 0.12308 0.00001 ( 1)  0.131
  12 L   0.12659 0.12598 0.12558 0.12523 0.12488 0.12450 0.12402 0.12320 0.00001 ( 1)  0.131
  13 D   0.12657 0.12597 0.12558 0.12523 0.12488 0.12451 0.12403 0.12322 0.00001 ( 1)  0.131
  14 E   0.12727 0.12641 0.12583 0.12533 0.12483 0.12429 0.12360 0.12244 0.00001 ( 1)  0.131
  15 G   0.08284 0.09881 0.10947 0.11881 0.12807 0.13822 0.15095 0.17277 0.00007 ( 8)  0.137
  16 M   0.12759 0.12660 0.12595 0.12537 0.12481 0.12418 0.12341 0.12208 0.00001 ( 1)  0.131
  17 Q   0.12702 0.12625 0.12574 0.12529 0.12485 0.12436 0.12376 0.12272 0.00001 ( 1)  0.131
  18 I   0.12694 0.12621 0.12571 0.12528 0.12486 0.12439 0.12380 0.12280 0.00001 ( 1)  0.131
  19 W   0.12664 0.12602 0.12560 0.12524 0.12488 0.12448 0.12399 0.12314 0.00001 ( 1)  0.131
  20 G   0.12649 0.12593 0.12555 0.12522 0.12489 0.12453 0.12408 0.12331 0.00001 ( 1)  0.131
  21 G   0.12550 0.12531 0.12518 0.12507 0.12496 0.12484 0.12469 0.12443 0.00001 ( 1)  0.131
  22 E   0.12584 0.12552 0.12531 0.12512 0.12494 0.12474 0.12448 0.12404 0.00001 ( 1)  0.131
  23 N   0.12677 0.12610 0.12565 0.12526 0.12487 0.12444 0.12391 0.12299 0.00001 ( 1)  0.131
  24 I   0.12653 0.12595 0.12556 0.12522 0.12489 0.12452 0.12405 0.12326 0.00001 ( 1)  0.131
  25 E   0.12727 0.12641 0.12583 0.12533 0.12483 0.12429 0.12360 0.12244 0.00001 ( 1)  0.131
  26 L   0.12659 0.12598 0.12558 0.12523 0.12488 0.12450 0.12402 0.12320 0.00001 ( 1)  0.131
  27 S   0.12647 0.12591 0.12554 0.12521 0.12489 0.12454 0.12409 0.12333 0.00001 ( 1)  0.131
  28 L   0.12659 0.12598 0.12558 0.12523 0.12488 0.12450 0.12402 0.12320 0.00001 ( 1)  0.131
  29 R   0.12662 0.12601 0.12560 0.12524 0.12488 0.12449 0.12400 0.12316 0.00001 ( 1)  0.131
  30 T   0.12647 0.12591 0.12554 0.12522 0.12489 0.12454 0.12409 0.12333 0.00001 ( 1)  0.131
  31 W   0.12664 0.12602 0.12560 0.12524 0.12488 0.12448 0.12399 0.12314 0.00001 ( 1)  0.131
  32 Q   0.12639 0.12586 0.12551 0.12520 0.12490 0.12456 0.12414 0.12343 0.00001 ( 1)  0.131
  33 C   0.12657 0.12598 0.12558 0.12523 0.12488 0.12451 0.12403 0.12322 0.00001 ( 1)  0.131
  34 G   0.12628 0.12580 0.12547 0.12519 0.12491 0.12460 0.12421 0.12354 0.00001 ( 1)  0.131
  35 G   0.12706 0.12628 0.12576 0.12530 0.12485 0.12435 0.12373 0.12267 0.00001 ( 1)  0.131
  36 R   0.12623 0.12577 0.12545 0.12518 0.12491 0.12461 0.12424 0.12360 0.00001 ( 1)  0.131
  37 V   0.12711 0.12631 0.12577 0.12531 0.12484 0.12433 0.12370 0.12261 0.00001 ( 1)  0.131
  38 E   0.12727 0.12641 0.12583 0.12533 0.12483 0.12429 0.12360 0.12244 0.00001 ( 1)  0.131
  39 I   0.12653 0.12595 0.12556 0.12522 0.12489 0.12452 0.12405 0.12326 0.00001 ( 1)  0.131
  40 V   0.12711 0.12631 0.12577 0.12531 0.12484 0.12433 0.12370 0.12261 0.00001 ( 1)  0.131
  41 P   0.12662 0.12600 0.12559 0.12524 0.12488 0.12449 0.12400 0.12317 0.00001 ( 1)  0.131
  42 C   0.12657 0.12598 0.12558 0.12523 0.12488 0.12451 0.12403 0.12322 0.00001 ( 1)  0.131
  43 S   0.12647 0.12591 0.12554 0.12521 0.12489 0.12454 0.12409 0.12333 0.00001 ( 1)  0.131
  44 R   0.12608 0.12567 0.12540 0.12516 0.12492 0.12466 0.12433 0.12377 0.00001 ( 1)  0.131
  45 V   0.12711 0.12631 0.12577 0.12531 0.12484 0.12433 0.12370 0.12261 0.00001 ( 1)  0.131
  46 A   0.12665 0.12603 0.12561 0.12524 0.12488 0.12448 0.12398 0.12313 0.00001 ( 1)  0.131
  47 H   0.12692 0.12619 0.12571 0.12528 0.12486 0.12439 0.12381 0.12282 0.00001 ( 1)  0.131
  48 L   0.12659 0.12598 0.12558 0.12523 0.12488 0.12450 0.12402 0.12320 0.00001 ( 1)  0.131
  49 F   0.12678 0.12611 0.12565 0.12526 0.12487 0.12444 0.12390 0.12298 0.00001 ( 1)  0.131
  50 R   0.12662 0.12601 0.12560 0.12524 0.12488 0.12449 0.12400 0.12316 0.00001 ( 1)  0.131
  51 V   0.12673 0.12608 0.12564 0.12525 0.12487 0.12445 0.12393 0.12304 0.00001 ( 1)  0.131
  52 Q   0.12702 0.12625 0.12574 0.12529 0.12485 0.12436 0.12376 0.12272 0.00001 ( 1)  0.131
  53 H   0.12653 0.12595 0.12556 0.12522 0.12489 0.12452 0.12405 0.12326 0.00001 ( 1)  0.131
  54 P   0.12662 0.12600 0.12559 0.12524 0.12488 0.12449 0.12400 0.12317 0.00001 ( 1)  0.131
  55 Y   0.12636 0.12584 0.12550 0.12520 0.12490 0.12457 0.12416 0.12345 0.00001 ( 1)  0.131
  56 M   0.08356 0.09938 0.10989 0.11907 0.12814 0.13804 0.15040 0.17146 0.00006 ( 8)  0.137
  57 F   0.12640 0.12587 0.12551 0.12520 0.12490 0.12456 0.12414 0.12341 0.00001 ( 1)  0.131
  58 P   0.12697 0.12622 0.12572 0.12529 0.12485 0.12438 0.12378 0.12277 0.00001 ( 1)  0.131
  59 E   0.12727 0.12641 0.12583 0.12533 0.12483 0.12429 0.12360 0.12244 0.00001 ( 1)  0.131
  60 G   0.12550 0.12531 0.12518 0.12507 0.12496 0.12484 0.12469 0.12443 0.00001 ( 1)  0.131
  61 R   0.12537 0.12523 0.12514 0.12505 0.12497 0.12488 0.12477 0.12458 0.00001 ( 1)  0.131
  62 Q   0.12702 0.12625 0.12574 0.12529 0.12485 0.12436 0.12376 0.12272 0.00001 ( 1)  0.131
  63 T   0.12647 0.12591 0.12554 0.12522 0.12489 0.12454 0.12409 0.12333 0.00001 ( 1)  0.131
  64 T   0.12647 0.12591 0.12554 0.12522 0.12489 0.12454 0.12409 0.12333 0.00001 ( 1)  0.131
  65 I   0.12694 0.12621 0.12571 0.12528 0.12486 0.12439 0.12380 0.12280 0.00001 ( 1)  0.131
  66 T   0.12680 0.12612 0.12566 0.12526 0.12487 0.12443 0.12389 0.12296 0.00001 ( 1)  0.131
  67 R   0.12623 0.12577 0.12545 0.12518 0.12491 0.12461 0.12424 0.12360 0.00001 ( 1)  0.131
  68 N   0.12677 0.12610 0.12565 0.12526 0.12487 0.12444 0.12391 0.12299 0.00001 ( 1)  0.131
  69 L   0.12664 0.12602 0.12560 0.12524 0.12488 0.12448 0.12399 0.12314 0.00001 ( 1)  0.131
  70 K   0.12703 0.12626 0.12574 0.12529 0.12485 0.12436 0.12375 0.12270 0.00001 ( 1)  0.131
  71 R   0.12662 0.12601 0.12560 0.12524 0.12488 0.12449 0.12400 0.12316 0.00001 ( 1)  0.131
  72 V   0.12653 0.12595 0.12556 0.12522 0.12489 0.12452 0.12406 0.12327 0.00001 ( 1)  0.131
  73 A   0.12665 0.12603 0.12561 0.12524 0.12488 0.12448 0.12398 0.12313 0.00001 ( 1)  0.131
  74 K   0.12703 0.12626 0.12574 0.12529 0.12485 0.12436 0.12375 0.12270 0.00001 ( 1)  0.131
  75 V   0.12711 0.12631 0.12577 0.12531 0.12484 0.12433 0.12370 0.12261 0.00001 ( 1)  0.131
  76 W   0.12664 0.12602 0.12560 0.12524 0.12488 0.12448 0.12399 0.12314 0.00001 ( 1)  0.131
  77 M   0.12759 0.12660 0.12595 0.12537 0.12481 0.12418 0.12341 0.12208 0.00001 ( 1)  0.131
  78 Q   0.12578 0.12549 0.12529 0.12511 0.12494 0.12475 0.12452 0.12411 0.00001 ( 1)  0.131
  79 P   0.12697 0.12622 0.12572 0.12529 0.12485 0.12438 0.12378 0.12277 0.00001 ( 1)  0.131
  80 A   0.12627 0.12579 0.12547 0.12519 0.12491 0.12460 0.12421 0.12355 0.00001 ( 1)  0.131
  81 D   0.12697 0.12622 0.12572 0.12529 0.12485 0.12438 0.12379 0.12277 0.00001 ( 1)  0.131
  82 E   0.12727 0.12641 0.12583 0.12533 0.12483 0.12429 0.12360 0.12244 0.00001 ( 1)  0.131
  83 I   0.12653 0.12595 0.12556 0.12522 0.12489 0.12452 0.12405 0.12326 0.00001 ( 1)  0.131
  84 S   0.12686 0.12615 0.12568 0.12527 0.12486 0.12442 0.12386 0.12290 0.00001 ( 1)  0.131
  85 M   0.12759 0.12660 0.12595 0.12537 0.12481 0.12418 0.12341 0.12208 0.00001 ( 1)  0.131
  86 R   0.12537 0.12523 0.12514 0.12505 0.12497 0.12488 0.12477 0.12458 0.00001 ( 1)  0.131
  87 D   0.12697 0.12622 0.12572 0.12529 0.12485 0.12438 0.12379 0.12277 0.00001 ( 1)  0.131
  88 G   0.12628 0.12580 0.12547 0.12519 0.12491 0.12460 0.12421 0.12354 0.00001 ( 1)  0.131
  89 L   0.12659 0.12598 0.12558 0.12523 0.12488 0.12450 0.12402 0.12320 0.00001 ( 1)  0.131
  90 L   0.12635 0.12584 0.12550 0.12520 0.12490 0.12457 0.12417 0.12347 0.00001 ( 1)  0.131
  91 V   0.12711 0.12631 0.12577 0.12531 0.12484 0.12433 0.12370 0.12261 0.00001 ( 1)  0.131
  92 L   0.12543 0.12527 0.12516 0.12506 0.12497 0.12486 0.12473 0.12450 0.00001 ( 1)  0.131
  93 P   0.12662 0.12600 0.12559 0.12524 0.12488 0.12449 0.12400 0.12317 0.00001 ( 1)  0.131
  94 L   0.12659 0.12598 0.12558 0.12523 0.12488 0.12450 0.12402 0.12320 0.00001 ( 1)  0.131
  95 A   0.12665 0.12603 0.12561 0.12524 0.12488 0.12448 0.12398 0.12313 0.00001 ( 1)  0.131
  96 L   0.12664 0.12602 0.12560 0.12524 0.12488 0.12448 0.12399 0.12314 0.00001 ( 1)  0.131
  97 F   0.12678 0.12611 0.12565 0.12526 0.12487 0.12444 0.12390 0.12298 0.00001 ( 1)  0.131
  98 F   0.12640 0.12587 0.12551 0.12520 0.12490 0.12456 0.12414 0.12341 0.00001 ( 1)  0.131
  99 A   0.12625 0.12578 0.12546 0.12518 0.12491 0.12461 0.12423 0.12358 0.00001 ( 1)  0.131
 100 S   0.12640 0.12587 0.12552 0.12521 0.12490 0.12456 0.12413 0.12341 0.00001 ( 1)  0.131
 101 R   0.12623 0.12577 0.12545 0.12518 0.12491 0.12461 0.12424 0.12360 0.00001 ( 1)  0.131
 102 P   0.12662 0.12600 0.12559 0.12524 0.12488 0.12449 0.12400 0.12317 0.00001 ( 1)  0.131
 103 S   0.12647 0.12591 0.12554 0.12521 0.12489 0.12454 0.12409 0.12333 0.00001 ( 1)  0.131
 104 A   0.12665 0.12603 0.12561 0.12524 0.12488 0.12448 0.12398 0.12313 0.00001 ( 1)  0.131
 105 L   0.12659 0.12598 0.12558 0.12523 0.12488 0.12450 0.12402 0.12320 0.00001 ( 1)  0.131
 106 S   0.12686 0.12615 0.12568 0.12527 0.12486 0.12442 0.12386 0.12290 0.00001 ( 1)  0.131
 107 I   0.12653 0.12595 0.12556 0.12522 0.12489 0.12452 0.12405 0.12326 0.00001 ( 1)  0.131
 108 G   0.08313 0.09904 0.10964 0.11892 0.12810 0.13815 0.15073 0.17224 0.00006 ( 8)  0.137
 109 T   0.12612 0.12569 0.12541 0.12516 0.12492 0.12465 0.12431 0.12373 0.00001 ( 1)  0.131
 110 G   0.12550 0.12531 0.12518 0.12507 0.12496 0.12484 0.12469 0.12443 0.00001 ( 1)  0.131
 111 D   0.12697 0.12622 0.12572 0.12529 0.12485 0.12438 0.12379 0.12277 0.00001 ( 1)  0.131
 112 L   0.12659 0.12598 0.12558 0.12523 0.12488 0.12450 0.12402 0.12320 0.00001 ( 1)  0.131
 113 T   0.12612 0.12569 0.12541 0.12516 0.12492 0.12465 0.12431 0.12373 0.00001 ( 1)  0.131
 114 G   0.12612 0.12570 0.12541 0.12516 0.12492 0.12465 0.12431 0.12372 0.00001 ( 1)  0.131
 115 R   0.12623 0.12577 0.12545 0.12518 0.12491 0.12461 0.12424 0.12360 0.00001 ( 1)  0.131
 116 E   0.12727 0.12641 0.12583 0.12533 0.12483 0.12429 0.12360 0.12244 0.00001 ( 1)  0.131
 117 N   0.12677 0.12610 0.12565 0.12526 0.12487 0.12444 0.12391 0.12299 0.00001 ( 1)  0.131
 118 L   0.12616 0.12572 0.12543 0.12517 0.12491 0.12463 0.12428 0.12368 0.00001 ( 1)  0.131
 119 K   0.12703 0.12626 0.12574 0.12529 0.12485 0.12436 0.12375 0.12270 0.00001 ( 1)  0.131
 120 R   0.12678 0.12610 0.12565 0.12526 0.12487 0.12444 0.12390 0.12299 0.00001 ( 1)  0.131
 121 D   0.12657 0.12597 0.12558 0.12523 0.12488 0.12451 0.12403 0.12322 0.00001 ( 1)  0.131
 122 L   0.12616 0.12572 0.12543 0.12517 0.12491 0.12463 0.12428 0.12368 0.00001 ( 1)  0.131
 123 Q   0.12702 0.12625 0.12574 0.12529 0.12485 0.12436 0.12376 0.12272 0.00001 ( 1)  0.131
 124 C   0.12622 0.12576 0.12545 0.12518 0.12491 0.12461 0.12424 0.12361 0.00001 ( 1)  0.131
 125 R   0.12537 0.12523 0.12514 0.12505 0.12497 0.12488 0.12477 0.12458 0.00001 ( 1)  0.131
 126 N   0.12677 0.12610 0.12565 0.12526 0.12487 0.12444 0.12391 0.12299 0.00001 ( 1)  0.131
 127 F   0.12658 0.12598 0.12558 0.12523 0.12488 0.12450 0.12403 0.12321 0.00001 ( 1)  0.131
 128 S   0.12617 0.12573 0.12543 0.12517 0.12491 0.12463 0.12428 0.12367 0.00001 ( 1)  0.131
 129 W   0.12664 0.12602 0.12560 0.12524 0.12488 0.12448 0.12399 0.12314 0.00001 ( 1)  0.131
 130 F   0.12678 0.12611 0.12565 0.12526 0.12487 0.12444 0.12390 0.12298 0.00001 ( 1)  0.131
 131 L   0.12659 0.12598 0.12558 0.12523 0.12488 0.12450 0.12402 0.12320 0.00001 ( 1)  0.131
 132 Q   0.12578 0.12549 0.12529 0.12511 0.12494 0.12475 0.12452 0.12411 0.00001 ( 1)  0.131
 133 S   0.12647 0.12591 0.12554 0.12521 0.12489 0.12454 0.12409 0.12333 0.00001 ( 1)  0.131
 134 V   0.12711 0.12631 0.12577 0.12531 0.12484 0.12433 0.12370 0.12261 0.00001 ( 1)  0.131
 135 Y   0.12603 0.12564 0.12538 0.12515 0.12492 0.12468 0.12436 0.12383 0.00001 ( 1)  0.131
 136 P   0.12697 0.12622 0.12572 0.12529 0.12485 0.12438 0.12378 0.12277 0.00001 ( 1)  0.131
 137 E   0.12584 0.12552 0.12531 0.12512 0.12494 0.12474 0.12448 0.12404 0.00001 ( 1)  0.131
 138 L   0.12659 0.12598 0.12558 0.12523 0.12488 0.12450 0.12402 0.12320 0.00001 ( 1)  0.131
 139 Q   0.12702 0.12625 0.12574 0.12529 0.12485 0.12436 0.12376 0.12272 0.00001 ( 1)  0.131
 140 M   0.12759 0.12660 0.12595 0.12537 0.12481 0.12418 0.12341 0.12208 0.00001 ( 1)  0.131
 141 K   0.12703 0.12626 0.12574 0.12529 0.12485 0.12436 0.12375 0.12270 0.00001 ( 1)  0.131
 142 A   0.12682 0.12613 0.12567 0.12527 0.12486 0.12443 0.12388 0.12293 0.00001 ( 1)  0.131
 143 Q   0.12702 0.12625 0.12574 0.12529 0.12485 0.12436 0.12376 0.12272 0.00001 ( 1)  0.131
 144 S   0.12532 0.12520 0.12512 0.12505 0.12498 0.12490 0.12480 0.12463 0.00001 ( 1)  0.131
 145 V   0.12632 0.12582 0.12548 0.12519 0.12490 0.12459 0.12419 0.12350 0.00001 ( 1)  0.131
 146 D   0.08348 0.09932 0.10985 0.11905 0.12813 0.13806 0.15046 0.17159 0.00006 ( 8)  0.137
 147 L   0.12625 0.12577 0.12546 0.12518 0.12491 0.12461 0.12423 0.12358 0.00001 ( 1)  0.131
 148 F   0.12678 0.12611 0.12565 0.12526 0.12487 0.12444 0.12390 0.12298 0.00001 ( 1)  0.131
 149 D   0.12657 0.12597 0.12558 0.12523 0.12488 0.12451 0.12403 0.12322 0.00001 ( 1)  0.131
 150 A   0.12625 0.12578 0.12546 0.12518 0.12491 0.12461 0.12423 0.12358 0.00001 ( 1)  0.131
 151 A   0.12625 0.12578 0.12546 0.12518 0.12491 0.12461 0.12423 0.12358 0.00001 ( 1)  0.131
 152 L   0.08331 0.09918 0.10975 0.11898 0.12811 0.13810 0.15059 0.17191 0.00006 ( 8)  0.137
 153 I   0.12653 0.12595 0.12556 0.12522 0.12489 0.12452 0.12405 0.12326 0.00001 ( 1)  0.131
 154 A   0.12625 0.12578 0.12546 0.12518 0.12491 0.12461 0.12423 0.12358 0.00001 ( 1)  0.131
 155 A   0.12627 0.12579 0.12547 0.12519 0.12491 0.12460 0.12421 0.12355 0.00001 ( 1)  0.131
 156 R   0.12537 0.12523 0.12514 0.12505 0.12497 0.12488 0.12477 0.12458 0.00001 ( 1)  0.131
 157 I   0.12673 0.12607 0.12563 0.12525 0.12487 0.12446 0.12394 0.12305 0.00001 ( 1)  0.131
 158 A   0.12682 0.12613 0.12567 0.12527 0.12486 0.12443 0.12388 0.12293 0.00001 ( 1)  0.131
 159 N   0.12677 0.12610 0.12565 0.12526 0.12487 0.12444 0.12391 0.12299 0.00001 ( 1)  0.131
 160 N   0.08348 0.09932 0.10985 0.11905 0.12813 0.13806 0.15046 0.17160 0.00006 ( 8)  0.137
 161 R   0.12623 0.12577 0.12545 0.12518 0.12491 0.12461 0.12424 0.12360 0.00001 ( 1)  0.131
 162 A   0.12625 0.12578 0.12546 0.12518 0.12491 0.12461 0.12423 0.12358 0.00001 ( 1)  0.131
 163 P   0.12662 0.12600 0.12559 0.12524 0.12488 0.12449 0.12400 0.12317 0.00001 ( 1)  0.131

Positively selected sites

	Prob(w>1)  mean w



lnL =  -745.720215

Bayes Empirical Bayes (BEB) probabilities for 11 classes (class) & postmean_w
(amino acids refer to 1st sequence: spe.11300)

   1 M   0.75749 0.07225 0.04307 0.02970 0.02178 0.01647 0.01262 0.00969 0.00741 0.00653 0.02300 ( 1)  0.167 +-  0.401
   2 L   0.74240 0.07177 0.04352 0.03052 0.02276 0.01750 0.01364 0.01066 0.00828 0.00741 0.03154 ( 1)  0.195 +-  0.506
   3 R   0.74340 0.07184 0.04353 0.03050 0.02274 0.01747 0.01361 0.01062 0.00824 0.00737 0.03069 ( 1)  0.192 +-  0.489
   4 R   0.74901 0.07204 0.04340 0.03023 0.02240 0.01711 0.01325 0.01028 0.00793 0.00706 0.02728 ( 1)  0.180 +-  0.443
   5 E   0.75317 0.07215 0.04324 0.02998 0.02210 0.01680 0.01294 0.00999 0.00768 0.00680 0.02515 ( 1)  0.173 +-  0.422
   6 F   0.74668 0.07200 0.04351 0.03040 0.02259 0.01731 0.01344 0.01045 0.00809 0.00721 0.02832 ( 1)  0.183 +-  0.449
   7 F   0.74668 0.07200 0.04351 0.03040 0.02259 0.01731 0.01344 0.01045 0.00809 0.00721 0.02832 ( 1)  0.183 +-  0.449
   8 R   0.73711 0.07161 0.04367 0.03081 0.02311 0.01787 0.01401 0.01100 0.00859 0.00773 0.03448 ( 1)  0.204 +-  0.532
   9 L   0.74240 0.07177 0.04352 0.03052 0.02276 0.01750 0.01364 0.01066 0.00828 0.00741 0.03154 ( 1)  0.195 +-  0.506
  10 G   0.74141 0.07178 0.04358 0.03061 0.02287 0.01761 0.01374 0.01075 0.00836 0.00749 0.03182 ( 1)  0.195 +-  0.502
  11 G   0.74452 0.07188 0.04350 0.03045 0.02267 0.01740 0.01353 0.01055 0.00818 0.00731 0.03001 ( 1)  0.189 +-  0.480
  12 L   0.74240 0.07177 0.04352 0.03052 0.02276 0.01750 0.01364 0.01066 0.00828 0.00741 0.03154 ( 1)  0.195 +-  0.506
  13 D   0.74314 0.07187 0.04358 0.03056 0.02280 0.01753 0.01366 0.01066 0.00828 0.00741 0.03051 ( 1)  0.190 +-  0.478
  14 E   0.75317 0.07215 0.04324 0.02998 0.02210 0.01680 0.01294 0.00999 0.00768 0.00680 0.02515 ( 1)  0.173 +-  0.422
  15 G   0.18371 0.04915 0.04942 0.04850 0.04660 0.04393 0.04061 0.03670 0.03233 0.03140 0.43763 (11)  1.655 +-  2.079
  16 M   0.75749 0.07225 0.04307 0.02970 0.02178 0.01647 0.01262 0.00969 0.00741 0.00653 0.02300 ( 1)  0.167 +-  0.401
  17 Q   0.74971 0.07206 0.04337 0.03019 0.02235 0.01706 0.01320 0.01023 0.00789 0.00701 0.02695 ( 1)  0.179 +-  0.442
  18 I   0.74869 0.07204 0.04341 0.03025 0.02243 0.01714 0.01327 0.01030 0.00795 0.00707 0.02745 ( 1)  0.181 +-  0.447
  19 W   0.74457 0.07194 0.04357 0.03052 0.02273 0.01745 0.01358 0.01059 0.00821 0.00734 0.02950 ( 1)  0.187 +-  0.461
  20 G   0.74141 0.07178 0.04358 0.03061 0.02287 0.01761 0.01374 0.01075 0.00836 0.00749 0.03182 ( 1)  0.195 +-  0.502
  21 G   0.72289 0.07094 0.04380 0.03128 0.02376 0.01860 0.01476 0.01173 0.00928 0.00844 0.04450 ( 1)  0.241 +-  0.660
  22 E   0.73035 0.07134 0.04380 0.03110 0.02348 0.01828 0.01442 0.01139 0.00895 0.00810 0.03879 ( 1)  0.219 +-  0.578
  23 N   0.74647 0.07199 0.04351 0.03041 0.02260 0.01732 0.01345 0.01046 0.00810 0.00722 0.02847 ( 1)  0.183 +-  0.451
  24 I   0.74251 0.07184 0.04359 0.03059 0.02283 0.01756 0.01370 0.01070 0.00831 0.00744 0.03092 ( 1)  0.192 +-  0.484
  25 E   0.75317 0.07215 0.04324 0.02998 0.02210 0.01680 0.01294 0.00999 0.00768 0.00680 0.02515 ( 1)  0.173 +-  0.422
  26 L   0.74240 0.07177 0.04352 0.03052 0.02276 0.01750 0.01364 0.01066 0.00828 0.00741 0.03154 ( 1)  0.195 +-  0.506
  27 S   0.74162 0.07182 0.04363 0.03065 0.02290 0.01763 0.01376 0.01076 0.00837 0.00750 0.03137 ( 1)  0.193 +-  0.486
  28 L   0.74240 0.07177 0.04352 0.03052 0.02276 0.01750 0.01364 0.01066 0.00828 0.00741 0.03154 ( 1)  0.195 +-  0.506
  29 R   0.74340 0.07184 0.04353 0.03050 0.02274 0.01747 0.01361 0.01062 0.00824 0.00737 0.03069 ( 1)  0.192 +-  0.489
  30 T   0.74173 0.07182 0.04363 0.03064 0.02289 0.01763 0.01376 0.01076 0.00837 0.00749 0.03128 ( 1)  0.193 +-  0.484
  31 W   0.74457 0.07194 0.04357 0.03052 0.02273 0.01745 0.01358 0.01059 0.00821 0.00734 0.02950 ( 1)  0.187 +-  0.461
  32 Q   0.73794 0.07153 0.04352 0.03063 0.02293 0.01770 0.01385 0.01086 0.00848 0.00762 0.03495 ( 1)  0.208 +-  0.562
  33 C   0.74349 0.07190 0.04360 0.03057 0.02280 0.01752 0.01365 0.01066 0.00827 0.00740 0.03014 ( 1)  0.189 +-  0.468
  34 G   0.73805 0.07165 0.04366 0.03077 0.02306 0.01782 0.01395 0.01095 0.00854 0.00768 0.03387 ( 1)  0.202 +-  0.524
  35 G   0.74986 0.07203 0.04332 0.03014 0.02230 0.01701 0.01316 0.01020 0.00786 0.00699 0.02715 ( 1)  0.180 +-  0.451
  36 R   0.73711 0.07161 0.04367 0.03081 0.02311 0.01787 0.01401 0.01100 0.00859 0.00773 0.03448 ( 1)  0.204 +-  0.532
  37 V   0.75018 0.07201 0.04327 0.03008 0.02225 0.01696 0.01311 0.01016 0.00783 0.00695 0.02720 ( 1)  0.181 +-  0.457
  38 E   0.75317 0.07215 0.04324 0.02998 0.02210 0.01680 0.01294 0.00999 0.00768 0.00680 0.02515 ( 1)  0.173 +-  0.422
  39 I   0.74251 0.07184 0.04359 0.03059 0.02283 0.01756 0.01370 0.01070 0.00831 0.00744 0.03092 ( 1)  0.192 +-  0.484
  40 V   0.75018 0.07201 0.04327 0.03008 0.02225 0.01696 0.01311 0.01016 0.00783 0.00695 0.02720 ( 1)  0.181 +-  0.457
  41 P   0.74373 0.07188 0.04355 0.03052 0.02275 0.01748 0.01361 0.01062 0.00824 0.00737 0.03026 ( 1)  0.190 +-  0.478
  42 C   0.74349 0.07190 0.04360 0.03057 0.02280 0.01752 0.01365 0.01066 0.00827 0.00740 0.03014 ( 1)  0.189 +-  0.468
  43 S   0.74162 0.07182 0.04363 0.03065 0.02290 0.01763 0.01376 0.01076 0.00837 0.00750 0.03137 ( 1)  0.193 +-  0.486
  44 R   0.73382 0.07144 0.04368 0.03089 0.02324 0.01802 0.01416 0.01115 0.00874 0.00788 0.03699 ( 1)  0.214 +-  0.572
  45 V   0.75018 0.07201 0.04327 0.03008 0.02225 0.01696 0.01311 0.01016 0.00783 0.00695 0.02720 ( 1)  0.181 +-  0.457
  46 A   0.74433 0.07190 0.04354 0.03049 0.02271 0.01744 0.01357 0.01058 0.00821 0.00733 0.02988 ( 1)  0.189 +-  0.473
  47 H   0.74842 0.07203 0.04342 0.03027 0.02244 0.01716 0.01329 0.01032 0.00797 0.00709 0.02759 ( 1)  0.181 +-  0.448
  48 L   0.74240 0.07177 0.04352 0.03052 0.02276 0.01750 0.01364 0.01066 0.00828 0.00741 0.03154 ( 1)  0.195 +-  0.506
  49 F   0.74668 0.07200 0.04351 0.03040 0.02259 0.01731 0.01344 0.01045 0.00809 0.00721 0.02832 ( 1)  0.183 +-  0.449
  50 R   0.74340 0.07184 0.04353 0.03050 0.02274 0.01747 0.01361 0.01062 0.00824 0.00737 0.03069 ( 1)  0.192 +-  0.489
  51 V   0.74481 0.07186 0.04346 0.03040 0.02262 0.01735 0.01349 0.01051 0.00815 0.00728 0.03005 ( 1)  0.190 +-  0.487
  52 Q   0.74971 0.07206 0.04337 0.03019 0.02235 0.01706 0.01320 0.01023 0.00789 0.00701 0.02695 ( 1)  0.179 +-  0.442
  53 H   0.74257 0.07185 0.04359 0.03059 0.02283 0.01756 0.01369 0.01070 0.00831 0.00744 0.03088 ( 1)  0.192 +-  0.484
  54 P   0.74373 0.07188 0.04355 0.03052 0.02275 0.01748 0.01361 0.01062 0.00824 0.00737 0.03026 ( 1)  0.190 +-  0.478
  55 Y   0.73997 0.07177 0.04367 0.03073 0.02300 0.01775 0.01388 0.01087 0.00847 0.00760 0.03230 ( 1)  0.196 +-  0.494
  56 M   0.22057 0.05751 0.05678 0.05477 0.05174 0.04797 0.04363 0.03882 0.03368 0.03219 0.36233 (11)  1.360 +-  1.861
  57 F   0.74059 0.07179 0.04366 0.03070 0.02297 0.01771 0.01383 0.01083 0.00843 0.00756 0.03193 ( 1)  0.195 +-  0.491
  58 P   0.74900 0.07204 0.04339 0.03022 0.02239 0.01710 0.01324 0.01027 0.00793 0.00705 0.02736 ( 1)  0.181 +-  0.449
  59 E   0.75317 0.07215 0.04324 0.02998 0.02210 0.01680 0.01294 0.00999 0.00768 0.00680 0.02515 ( 1)  0.173 +-  0.422
  60 G   0.72289 0.07094 0.04380 0.03128 0.02376 0.01860 0.01476 0.01173 0.00928 0.00844 0.04450 ( 1)  0.241 +-  0.660
  61 R   0.71990 0.07077 0.04380 0.03135 0.02386 0.01872 0.01489 0.01186 0.00940 0.00857 0.04688 ( 1)  0.251 +-  0.694
  62 Q   0.74971 0.07206 0.04337 0.03019 0.02235 0.01706 0.01320 0.01023 0.00789 0.00701 0.02695 ( 1)  0.179 +-  0.442
  63 T   0.74173 0.07182 0.04363 0.03064 0.02289 0.01763 0.01376 0.01076 0.00837 0.00749 0.03128 ( 1)  0.193 +-  0.484
  64 T   0.74173 0.07182 0.04363 0.03064 0.02289 0.01763 0.01376 0.01076 0.00837 0.00749 0.03128 ( 1)  0.193 +-  0.484
  65 I   0.74869 0.07204 0.04341 0.03025 0.02243 0.01714 0.01327 0.01030 0.00795 0.00707 0.02745 ( 1)  0.181 +-  0.447
  66 T   0.74689 0.07200 0.04349 0.03039 0.02258 0.01729 0.01342 0.01044 0.00807 0.00720 0.02823 ( 1)  0.183 +-  0.448
  67 R   0.73711 0.07161 0.04367 0.03081 0.02311 0.01787 0.01401 0.01100 0.00859 0.00773 0.03448 ( 1)  0.204 +-  0.532
  68 N   0.74647 0.07199 0.04351 0.03041 0.02260 0.01732 0.01345 0.01046 0.00810 0.00722 0.02847 ( 1)  0.183 +-  0.451
  69 L   0.74337 0.07182 0.04350 0.03048 0.02271 0.01745 0.01359 0.01060 0.00823 0.00736 0.03090 ( 1)  0.193 +-  0.497
  70 K   0.75019 0.07210 0.04338 0.03019 0.02235 0.01705 0.01318 0.01022 0.00787 0.00700 0.02648 ( 1)  0.177 +-  0.430
  71 R   0.74340 0.07184 0.04353 0.03050 0.02274 0.01747 0.01361 0.01062 0.00824 0.00737 0.03069 ( 1)  0.192 +-  0.489
  72 V   0.74185 0.07178 0.04356 0.03057 0.02283 0.01757 0.01370 0.01071 0.00833 0.00746 0.03165 ( 1)  0.195 +-  0.502
  73 A   0.74433 0.07190 0.04354 0.03049 0.02271 0.01744 0.01357 0.01058 0.00821 0.00733 0.02988 ( 1)  0.189 +-  0.473
  74 K   0.75019 0.07210 0.04338 0.03019 0.02235 0.01705 0.01318 0.01022 0.00787 0.00700 0.02648 ( 1)  0.177 +-  0.430
  75 V   0.75018 0.07201 0.04327 0.03008 0.02225 0.01696 0.01311 0.01016 0.00783 0.00695 0.02720 ( 1)  0.181 +-  0.457
  76 W   0.74457 0.07194 0.04357 0.03052 0.02273 0.01745 0.01358 0.01059 0.00821 0.00734 0.02950 ( 1)  0.187 +-  0.461
  77 M   0.75749 0.07225 0.04307 0.02970 0.02178 0.01647 0.01262 0.00969 0.00741 0.00653 0.02300 ( 1)  0.167 +-  0.401
  78 Q   0.72921 0.07128 0.04380 0.03113 0.02353 0.01833 0.01448 0.01145 0.00901 0.00815 0.03962 ( 1)  0.222 +-  0.589
  79 P   0.74900 0.07204 0.04339 0.03022 0.02239 0.01710 0.01324 0.01027 0.00793 0.00705 0.02736 ( 1)  0.181 +-  0.449
  80 A   0.73754 0.07161 0.04365 0.03077 0.02307 0.01783 0.01397 0.01096 0.00856 0.00770 0.03435 ( 1)  0.204 +-  0.534
  81 D   0.74916 0.07205 0.04340 0.03023 0.02240 0.01711 0.01324 0.01027 0.00793 0.00705 0.02716 ( 1)  0.180 +-  0.442
  82 E   0.75317 0.07215 0.04324 0.02998 0.02210 0.01680 0.01294 0.00999 0.00768 0.00680 0.02515 ( 1)  0.173 +-  0.422
  83 I   0.74251 0.07184 0.04359 0.03059 0.02283 0.01756 0.01370 0.01070 0.00831 0.00744 0.03092 ( 1)  0.192 +-  0.484
  84 S   0.74762 0.07202 0.04346 0.03033 0.02252 0.01723 0.01336 0.01038 0.00802 0.00715 0.02790 ( 1)  0.182 +-  0.447
  85 M   0.75749 0.07225 0.04307 0.02970 0.02178 0.01647 0.01262 0.00969 0.00741 0.00653 0.02300 ( 1)  0.167 +-  0.401
  86 R   0.71990 0.07077 0.04380 0.03135 0.02386 0.01872 0.01489 0.01186 0.00940 0.00857 0.04688 ( 1)  0.251 +-  0.694
  87 D   0.74916 0.07205 0.04340 0.03023 0.02240 0.01711 0.01324 0.01027 0.00793 0.00705 0.02716 ( 1)  0.180 +-  0.442
  88 G   0.73805 0.07165 0.04366 0.03077 0.02306 0.01782 0.01395 0.01095 0.00854 0.00768 0.03387 ( 1)  0.202 +-  0.524
  89 L   0.74240 0.07177 0.04352 0.03052 0.02276 0.01750 0.01364 0.01066 0.00828 0.00741 0.03154 ( 1)  0.195 +-  0.506
  90 L   0.73532 0.07132 0.04342 0.03058 0.02292 0.01772 0.01388 0.01090 0.00852 0.00767 0.03774 ( 1)  0.222 +-  0.631
  91 V   0.75018 0.07201 0.04327 0.03008 0.02225 0.01696 0.01311 0.01016 0.00783 0.00695 0.02720 ( 1)  0.181 +-  0.457
  92 L   0.72157 0.07088 0.04381 0.03132 0.02382 0.01867 0.01483 0.01180 0.00934 0.00850 0.04546 ( 1)  0.245 +-  0.671
  93 P   0.74373 0.07188 0.04355 0.03052 0.02275 0.01748 0.01361 0.01062 0.00824 0.00737 0.03026 ( 1)  0.190 +-  0.478
  94 L   0.74240 0.07177 0.04352 0.03052 0.02276 0.01750 0.01364 0.01066 0.00828 0.00741 0.03154 ( 1)  0.195 +-  0.506
  95 A   0.74433 0.07190 0.04354 0.03049 0.02271 0.01744 0.01357 0.01058 0.00821 0.00733 0.02988 ( 1)  0.189 +-  0.473
  96 L   0.74337 0.07182 0.04350 0.03048 0.02271 0.01745 0.01359 0.01060 0.00823 0.00736 0.03090 ( 1)  0.193 +-  0.497
  97 F   0.74668 0.07200 0.04351 0.03040 0.02259 0.01731 0.01344 0.01045 0.00809 0.00721 0.02832 ( 1)  0.183 +-  0.449
  98 F   0.74059 0.07179 0.04366 0.03070 0.02297 0.01771 0.01383 0.01083 0.00843 0.00756 0.03193 ( 1)  0.195 +-  0.491
  99 A   0.73781 0.07166 0.04369 0.03080 0.02310 0.01785 0.01399 0.01098 0.00857 0.00770 0.03386 ( 1)  0.202 +-  0.520
 100 S   0.74068 0.07179 0.04366 0.03070 0.02296 0.01770 0.01383 0.01083 0.00843 0.00756 0.03186 ( 1)  0.195 +-  0.489
 101 R   0.73711 0.07161 0.04367 0.03081 0.02311 0.01787 0.01401 0.01100 0.00859 0.00773 0.03448 ( 1)  0.204 +-  0.532
 102 P   0.74373 0.07188 0.04355 0.03052 0.02275 0.01748 0.01361 0.01062 0.00824 0.00737 0.03026 ( 1)  0.190 +-  0.478
 103 S   0.74162 0.07182 0.04363 0.03065 0.02290 0.01763 0.01376 0.01076 0.00837 0.00750 0.03137 ( 1)  0.193 +-  0.486
 104 A   0.74433 0.07190 0.04354 0.03049 0.02271 0.01744 0.01357 0.01058 0.00821 0.00733 0.02988 ( 1)  0.189 +-  0.473
 105 L   0.74240 0.07177 0.04352 0.03052 0.02276 0.01750 0.01364 0.01066 0.00828 0.00741 0.03154 ( 1)  0.195 +-  0.506
 106 S   0.74762 0.07202 0.04346 0.03033 0.02252 0.01723 0.01336 0.01038 0.00802 0.00715 0.02790 ( 1)  0.182 +-  0.447
 107 I   0.74251 0.07184 0.04359 0.03059 0.02283 0.01756 0.01370 0.01070 0.00831 0.00744 0.03092 ( 1)  0.192 +-  0.484
 108 G   0.19853 0.05255 0.05244 0.05111 0.04877 0.04566 0.04193 0.03766 0.03297 0.03181 0.40655 (11)  1.532 +-  1.993
 109 T   0.73556 0.07158 0.04373 0.03091 0.02323 0.01800 0.01413 0.01111 0.00869 0.00783 0.03523 ( 1)  0.206 +-  0.533
 110 G   0.72289 0.07094 0.04380 0.03128 0.02376 0.01860 0.01476 0.01173 0.00928 0.00844 0.04450 ( 1)  0.241 +-  0.660
 111 D   0.74916 0.07205 0.04340 0.03023 0.02240 0.01711 0.01324 0.01027 0.00793 0.00705 0.02716 ( 1)  0.180 +-  0.442
 112 L   0.74240 0.07177 0.04352 0.03052 0.02276 0.01750 0.01364 0.01066 0.00828 0.00741 0.03154 ( 1)  0.195 +-  0.506
 113 T   0.73556 0.07158 0.04373 0.03091 0.02323 0.01800 0.01413 0.01111 0.00869 0.00783 0.03523 ( 1)  0.206 +-  0.533
 114 G   0.73429 0.07145 0.04366 0.03085 0.02319 0.01797 0.01411 0.01111 0.00869 0.00783 0.03686 ( 1)  0.215 +-  0.586
 115 R   0.73711 0.07161 0.04367 0.03081 0.02311 0.01787 0.01401 0.01100 0.00859 0.00773 0.03448 ( 1)  0.204 +-  0.532
 116 E   0.75317 0.07215 0.04324 0.02998 0.02210 0.01680 0.01294 0.00999 0.00768 0.00680 0.02515 ( 1)  0.173 +-  0.422
 117 N   0.74647 0.07199 0.04351 0.03041 0.02260 0.01732 0.01345 0.01046 0.00810 0.00722 0.02847 ( 1)  0.183 +-  0.451
 118 L   0.73630 0.07160 0.04372 0.03087 0.02318 0.01795 0.01408 0.01107 0.00865 0.00779 0.03480 ( 1)  0.205 +-  0.529
 119 K   0.75019 0.07210 0.04338 0.03019 0.02235 0.01705 0.01318 0.01022 0.00787 0.00700 0.02648 ( 1)  0.177 +-  0.430
 120 R   0.74540 0.07188 0.04344 0.03036 0.02258 0.01730 0.01345 0.01047 0.00811 0.00724 0.02978 ( 1)  0.189 +-  0.485
 121 D   0.74314 0.07187 0.04358 0.03056 0.02280 0.01753 0.01366 0.01066 0.00828 0.00741 0.03051 ( 1)  0.190 +-  0.478
 122 L   0.73630 0.07160 0.04372 0.03087 0.02318 0.01795 0.01408 0.01107 0.00865 0.00779 0.03480 ( 1)  0.205 +-  0.529
 123 Q   0.74971 0.07206 0.04337 0.03019 0.02235 0.01706 0.01320 0.01023 0.00789 0.00701 0.02695 ( 1)  0.179 +-  0.442
 124 C   0.73762 0.07167 0.04371 0.03084 0.02313 0.01789 0.01402 0.01100 0.00859 0.00773 0.03381 ( 1)  0.201 +-  0.513
 125 R   0.71990 0.07077 0.04380 0.03135 0.02386 0.01872 0.01489 0.01186 0.00940 0.00857 0.04688 ( 1)  0.251 +-  0.694
 126 N   0.74647 0.07199 0.04351 0.03041 0.02260 0.01732 0.01345 0.01046 0.00810 0.00722 0.02847 ( 1)  0.183 +-  0.451
 127 F   0.74220 0.07176 0.04351 0.03052 0.02277 0.01751 0.01365 0.01066 0.00828 0.00742 0.03171 ( 1)  0.196 +-  0.511
 128 S   0.73601 0.07157 0.04369 0.03085 0.02316 0.01793 0.01406 0.01105 0.00864 0.00778 0.03526 ( 1)  0.208 +-  0.552
 129 W   0.74457 0.07194 0.04357 0.03052 0.02273 0.01745 0.01358 0.01059 0.00821 0.00734 0.02950 ( 1)  0.187 +-  0.461
 130 F   0.74668 0.07200 0.04351 0.03040 0.02259 0.01731 0.01344 0.01045 0.00809 0.00721 0.02832 ( 1)  0.183 +-  0.449
 131 L   0.74240 0.07177 0.04352 0.03052 0.02276 0.01750 0.01364 0.01066 0.00828 0.00741 0.03154 ( 1)  0.195 +-  0.506
 132 Q   0.72921 0.07128 0.04380 0.03113 0.02353 0.01833 0.01448 0.01145 0.00901 0.00815 0.03962 ( 1)  0.222 +-  0.589
 133 S   0.74162 0.07182 0.04363 0.03065 0.02290 0.01763 0.01376 0.01076 0.00837 0.00750 0.03137 ( 1)  0.193 +-  0.486
 134 V   0.75018 0.07201 0.04327 0.03008 0.02225 0.01696 0.01311 0.01016 0.00783 0.00695 0.02720 ( 1)  0.181 +-  0.457
 135 Y   0.73407 0.07151 0.04376 0.03097 0.02331 0.01808 0.01422 0.01120 0.00877 0.00791 0.03619 ( 1)  0.210 +-  0.544
 136 P   0.74900 0.07204 0.04339 0.03022 0.02239 0.01710 0.01324 0.01027 0.00793 0.00705 0.02736 ( 1)  0.181 +-  0.449
 137 E   0.73035 0.07134 0.04380 0.03110 0.02348 0.01828 0.01442 0.01139 0.00895 0.00810 0.03879 ( 1)  0.219 +-  0.578
 138 L   0.74240 0.07177 0.04352 0.03052 0.02276 0.01750 0.01364 0.01066 0.00828 0.00741 0.03154 ( 1)  0.195 +-  0.506
 139 Q   0.74971 0.07206 0.04337 0.03019 0.02235 0.01706 0.01320 0.01023 0.00789 0.00701 0.02695 ( 1)  0.179 +-  0.442
 140 M   0.75749 0.07225 0.04307 0.02970 0.02178 0.01647 0.01262 0.00969 0.00741 0.00653 0.02300 ( 1)  0.167 +-  0.401
 141 K   0.75019 0.07210 0.04338 0.03019 0.02235 0.01705 0.01318 0.01022 0.00787 0.00700 0.02648 ( 1)  0.177 +-  0.430
 142 A   0.74649 0.07194 0.04344 0.03034 0.02254 0.01726 0.01339 0.01042 0.00806 0.00718 0.02895 ( 1)  0.187 +-  0.480
 143 Q   0.74971 0.07206 0.04337 0.03019 0.02235 0.01706 0.01320 0.01023 0.00789 0.00701 0.02695 ( 1)  0.179 +-  0.442
 144 S   0.71894 0.07072 0.04380 0.03137 0.02390 0.01877 0.01494 0.01191 0.00944 0.00861 0.04760 ( 1)  0.253 +-  0.703
 145 V   0.73835 0.07165 0.04363 0.03074 0.02303 0.01778 0.01392 0.01092 0.00852 0.00765 0.03381 ( 1)  0.202 +-  0.528
 146 D   0.22156 0.05780 0.05715 0.05519 0.05221 0.04846 0.04412 0.03929 0.03410 0.03259 0.35753 (11)  1.321 +-  1.799
 147 L   0.73714 0.07160 0.04366 0.03079 0.02309 0.01785 0.01399 0.01099 0.00858 0.00772 0.03459 ( 1)  0.205 +-  0.538
 148 F   0.74668 0.07200 0.04351 0.03040 0.02259 0.01731 0.01344 0.01045 0.00809 0.00721 0.02832 ( 1)  0.183 +-  0.449
 149 D   0.74314 0.07187 0.04358 0.03056 0.02280 0.01753 0.01366 0.01066 0.00828 0.00741 0.03051 ( 1)  0.190 +-  0.478
 150 A   0.73781 0.07166 0.04369 0.03080 0.02310 0.01785 0.01399 0.01098 0.00857 0.00770 0.03386 ( 1)  0.202 +-  0.520
 151 A   0.73781 0.07166 0.04369 0.03080 0.02310 0.01785 0.01399 0.01098 0.00857 0.00770 0.03386 ( 1)  0.202 +-  0.520
 152 L   0.20808 0.05472 0.05436 0.05275 0.05012 0.04673 0.04274 0.03823 0.03334 0.03203 0.38690 (11)  1.455 +-  1.937
 153 I   0.74251 0.07184 0.04359 0.03059 0.02283 0.01756 0.01370 0.01070 0.00831 0.00744 0.03092 ( 1)  0.192 +-  0.484
 154 A   0.73781 0.07166 0.04369 0.03080 0.02310 0.01785 0.01399 0.01098 0.00857 0.00770 0.03386 ( 1)  0.202 +-  0.520
 155 A   0.73754 0.07161 0.04365 0.03077 0.02307 0.01783 0.01397 0.01096 0.00856 0.00770 0.03435 ( 1)  0.204 +-  0.534
 156 R   0.71990 0.07077 0.04380 0.03135 0.02386 0.01872 0.01489 0.01186 0.00940 0.00857 0.04688 ( 1)  0.251 +-  0.694
 157 I   0.74441 0.07183 0.04345 0.03040 0.02263 0.01736 0.01350 0.01053 0.00816 0.00729 0.03043 ( 1)  0.191 +-  0.494
 158 A   0.74649 0.07194 0.04344 0.03034 0.02254 0.01726 0.01339 0.01042 0.00806 0.00718 0.02895 ( 1)  0.187 +-  0.480
 159 N   0.74647 0.07199 0.04351 0.03041 0.02260 0.01732 0.01345 0.01046 0.00810 0.00722 0.02847 ( 1)  0.183 +-  0.451
 160 N   0.22230 0.05797 0.05732 0.05535 0.05236 0.04859 0.04424 0.03939 0.03419 0.03267 0.35562 (11)  1.311 +-  1.785
 161 R   0.73711 0.07161 0.04367 0.03081 0.02311 0.01787 0.01401 0.01100 0.00859 0.00773 0.03448 ( 1)  0.204 +-  0.532
 162 A   0.73781 0.07166 0.04369 0.03080 0.02310 0.01785 0.01399 0.01098 0.00857 0.00770 0.03386 ( 1)  0.202 +-  0.520
 163 P   0.74373 0.07188 0.04355 0.03052 0.02275 0.01748 0.01361 0.01062 0.00824 0.00737 0.03026 ( 1)  0.190 +-  0.478

Positively selected sites

	Prob(w>1)  mean w


