Supplemental results for CODEML (seqf: algn  treef: tree)


dN/dS (w) for site classes (K=9)

p:   0.12500  0.12500  0.12500  0.12500  0.12500  0.12500  0.12500  0.12500  0.00001
w:   0.00000  0.00000  0.00000  0.00000  0.00000  0.00000  0.00000  0.00000  1.84422
(note that p[8] is zero)


Naive Empirical Bayes (NEB) probabilities for 9 classes & postmean_w & P(w>1)
(amino acids refer to 1st sequence: ecm.4514)

   1 M   0.12500 0.12500 0.12500 0.12500 0.12500 0.12500 0.12500 0.12500 0.00001 ( 2)  0.000  0.000
   2 R   0.12500 0.12500 0.12500 0.12500 0.12500 0.12500 0.12500 0.12500 0.00001 ( 5)  0.000  0.000
   3 V   0.12500 0.12500 0.12500 0.12500 0.12500 0.12500 0.12500 0.12500 0.00001 ( 3)  0.000  0.000
   4 R   0.12500 0.12500 0.12500 0.12500 0.12500 0.12500 0.12500 0.12500 0.00001 ( 5)  0.000  0.000
   5 V   0.12500 0.12500 0.12500 0.12500 0.12500 0.12500 0.12500 0.12500 0.00001 ( 3)  0.000  0.000
   6 V   0.12500 0.12500 0.12500 0.12500 0.12500 0.12500 0.12500 0.12500 0.00001 ( 2)  0.000  0.000
   7 L   0.12500 0.12500 0.12500 0.12500 0.12500 0.12500 0.12500 0.12500 0.00001 ( 6)  0.000  0.000
   8 T   0.12500 0.12500 0.12500 0.12500 0.12500 0.12500 0.12500 0.12500 0.00001 ( 3)  0.000  0.000
   9 D   0.12500 0.12500 0.12500 0.12500 0.12500 0.12500 0.12500 0.12500 0.00001 ( 2)  0.000  0.000
  10 L   0.12500 0.12500 0.12500 0.12500 0.12500 0.12500 0.12500 0.12500 0.00001 ( 6)  0.000  0.000
  11 A   0.12500 0.12500 0.12500 0.12500 0.12500 0.12500 0.12500 0.12500 0.00001 ( 6)  0.000  0.000
  12 S   0.12500 0.12500 0.12500 0.12500 0.12500 0.12500 0.12500 0.12500 0.00001 ( 5)  0.000  0.000
  13 C   0.12500 0.12500 0.12500 0.12500 0.12500 0.12500 0.12500 0.12500 0.00001 ( 6)  0.000  0.000
  14 I   0.12500 0.12500 0.12500 0.12500 0.12500 0.12500 0.12500 0.12500 0.00001 ( 2)  0.000  0.000
  15 L   0.12500 0.12500 0.12500 0.12500 0.12500 0.12500 0.12500 0.12500 0.00001 ( 1)  0.000  0.000
  16 Q   0.12500 0.12500 0.12500 0.12500 0.12500 0.12500 0.12500 0.12500 0.00001 ( 2)  0.000  0.000
  17 N   0.12500 0.12500 0.12500 0.12500 0.12500 0.12500 0.12500 0.12500 0.00001 ( 5)  0.000  0.000
  18 C   0.12500 0.12500 0.12500 0.12500 0.12500 0.12500 0.12500 0.12500 0.00001 ( 6)  0.000  0.000
  19 S   0.12500 0.12500 0.12500 0.12500 0.12500 0.12500 0.12500 0.12500 0.00001 ( 5)  0.000  0.000
  20 K   0.12500 0.12500 0.12500 0.12500 0.12500 0.12500 0.12500 0.12500 0.00001 ( 2)  0.000  0.000
  21 S   0.12500 0.12500 0.12500 0.12500 0.12500 0.12500 0.12500 0.12500 0.00001 ( 5)  0.000  0.000
  22 P   0.12500 0.12500 0.12500 0.12500 0.12500 0.12500 0.12500 0.12500 0.00001 ( 2)  0.000  0.000
  23 G   0.12500 0.12500 0.12500 0.12500 0.12500 0.12500 0.12500 0.12500 0.00001 ( 2)  0.000  0.000
  24 N   0.12500 0.12500 0.12500 0.12500 0.12500 0.12500 0.12500 0.12500 0.00001 ( 2)  0.000  0.000
  25 F   0.12500 0.12500 0.12500 0.12500 0.12500 0.12500 0.12500 0.12500 0.00001 ( 2)  0.000  0.000
  26 S   0.12500 0.12500 0.12500 0.12500 0.12500 0.12500 0.12500 0.12500 0.00001 ( 5)  0.000  0.000
  27 R   0.12500 0.12500 0.12500 0.12500 0.12500 0.12500 0.12500 0.12500 0.00001 ( 2)  0.000  0.000
  28 P   0.12500 0.12500 0.12500 0.12500 0.12500 0.12500 0.12500 0.12500 0.00001 ( 5)  0.000  0.000
  29 R   0.12500 0.12500 0.12500 0.12500 0.12500 0.12500 0.12500 0.12500 0.00001 ( 5)  0.000  0.000
  30 R   0.12500 0.12500 0.12500 0.12500 0.12500 0.12500 0.12500 0.12500 0.00001 ( 3)  0.000  0.000
  31 L   0.12500 0.12500 0.12500 0.12500 0.12500 0.12500 0.12500 0.12500 0.00001 ( 6)  0.000  0.000
  32 T   0.12500 0.12500 0.12500 0.12500 0.12500 0.12500 0.12500 0.12500 0.00001 ( 2)  0.000  0.000
  33 H   0.12500 0.12500 0.12500 0.12500 0.12500 0.12500 0.12500 0.12500 0.00001 ( 6)  0.000  0.000
  34 T   0.12500 0.12500 0.12500 0.12500 0.12500 0.12500 0.12500 0.12500 0.00001 ( 2)  0.000  0.000
  35 A   0.12500 0.12500 0.12500 0.12500 0.12500 0.12500 0.12500 0.12500 0.00001 ( 3)  0.000  0.000
  36 V   0.12500 0.12500 0.12500 0.12500 0.12500 0.12500 0.12500 0.12500 0.00001 ( 2)  0.000  0.000
  37 L   0.12500 0.12500 0.12500 0.12500 0.12500 0.12500 0.12500 0.12500 0.00001 ( 6)  0.000  0.000
  38 A   0.12500 0.12500 0.12500 0.12500 0.12500 0.12500 0.12500 0.12500 0.00001 ( 6)  0.000  0.000
  39 N   0.12500 0.12500 0.12500 0.12500 0.12500 0.12500 0.12500 0.12500 0.00001 ( 2)  0.000  0.000
  40 D   0.12500 0.12500 0.12500 0.12500 0.12500 0.12500 0.12500 0.12500 0.00001 ( 2)  0.000  0.000
  41 R   0.12500 0.12500 0.12500 0.12500 0.12500 0.12500 0.12500 0.12500 0.00001 ( 3)  0.000  0.000
  42 L   0.12500 0.12500 0.12500 0.12500 0.12500 0.12500 0.12500 0.12500 0.00001 ( 5)  0.000  0.000
  43 P   0.12500 0.12500 0.12500 0.12500 0.12500 0.12500 0.12500 0.12500 0.00001 ( 2)  0.000  0.000
  44 F   0.12500 0.12500 0.12500 0.12500 0.12500 0.12500 0.12500 0.12500 0.00001 ( 2)  0.000  0.000
  45 P   0.12500 0.12500 0.12500 0.12500 0.12500 0.12500 0.12500 0.12500 0.00001 ( 5)  0.000  0.000
  46 P   0.12500 0.12500 0.12500 0.12500 0.12500 0.12500 0.12500 0.12500 0.00001 ( 2)  0.000  0.000
  47 V   0.12500 0.12500 0.12500 0.12500 0.12500 0.12500 0.12500 0.12500 0.00001 ( 2)  0.000  0.000
  48 C   0.12500 0.12500 0.12500 0.12500 0.12500 0.12500 0.12500 0.12500 0.00001 ( 6)  0.000  0.000
  49 D   0.12500 0.12500 0.12500 0.12500 0.12500 0.12500 0.12500 0.12500 0.00001 ( 2)  0.000  0.000
  50 G   0.12500 0.12500 0.12500 0.12500 0.12500 0.12500 0.12500 0.12500 0.00001 ( 2)  0.000  0.000
  51 L   0.12500 0.12500 0.12500 0.12500 0.12500 0.12500 0.12500 0.12500 0.00001 ( 6)  0.000  0.000
  52 E   0.12500 0.12500 0.12500 0.12500 0.12500 0.12500 0.12500 0.12500 0.00001 ( 3)  0.000  0.000
  53 K   0.12500 0.12500 0.12500 0.12500 0.12500 0.12500 0.12500 0.12500 0.00001 ( 6)  0.000  0.000
  54 C   0.12500 0.12500 0.12500 0.12500 0.12500 0.12500 0.12500 0.12500 0.00001 ( 6)  0.000  0.000
  55 V   0.12500 0.12500 0.12500 0.12500 0.12500 0.12500 0.12500 0.12500 0.00001 ( 3)  0.000  0.000
  56 L   0.12500 0.12500 0.12500 0.12500 0.12500 0.12500 0.12500 0.12500 0.00001 ( 1)  0.000  0.000
  57 G   0.12500 0.12500 0.12500 0.12500 0.12500 0.12500 0.12500 0.12500 0.00001 ( 2)  0.000  0.000
  58 Q   0.12500 0.12500 0.12500 0.12500 0.12500 0.12500 0.12500 0.12500 0.00001 ( 2)  0.000  0.000
  59 C   0.12500 0.12500 0.12500 0.12500 0.12500 0.12500 0.12500 0.12500 0.00001 ( 6)  0.000  0.000
  60 P   0.12500 0.12500 0.12500 0.12500 0.12500 0.12500 0.12500 0.12500 0.00001 ( 2)  0.000  0.000
  61 Y   0.12500 0.12500 0.12500 0.12500 0.12500 0.12500 0.12500 0.12500 0.00001 ( 2)  0.000  0.000
  62 S   0.12500 0.12500 0.12500 0.12500 0.12500 0.12500 0.12500 0.12500 0.00001 ( 5)  0.000  0.000
  63 V   0.12500 0.12500 0.12500 0.12500 0.12500 0.12500 0.12500 0.12500 0.00001 ( 3)  0.000  0.000
  64 E   0.12500 0.12500 0.12500 0.12500 0.12500 0.12500 0.12500 0.12500 0.00001 ( 2)  0.000  0.000
  65 S   0.12500 0.12500 0.12500 0.12500 0.12500 0.12500 0.12500 0.12500 0.00001 ( 5)  0.000  0.000
  66 G   0.12500 0.12500 0.12500 0.12500 0.12500 0.12500 0.12500 0.12500 0.00001 ( 2)  0.000  0.000
  67 N   0.12500 0.12500 0.12500 0.12500 0.12500 0.12500 0.12500 0.12500 0.00001 ( 5)  0.000  0.000
  68 P   0.12500 0.12500 0.12500 0.12500 0.12500 0.12500 0.12500 0.12500 0.00001 ( 5)  0.000  0.000
  69 Q   0.12500 0.12500 0.12500 0.12500 0.12500 0.12500 0.12500 0.12500 0.00001 ( 2)  0.000  0.000
  70 H   0.12500 0.12500 0.12500 0.12500 0.12500 0.12500 0.12500 0.12500 0.00001 ( 2)  0.000  0.000
  71 Q   0.12500 0.12500 0.12500 0.12500 0.12500 0.12500 0.12500 0.12500 0.00001 ( 6)  0.000  0.000
  72 K   0.12500 0.12500 0.12500 0.12500 0.12500 0.12500 0.12500 0.12500 0.00001 ( 6)  0.000  0.000
  73 E   0.12500 0.12500 0.12500 0.12500 0.12500 0.12500 0.12500 0.12500 0.00001 ( 2)  0.000  0.000
  74 R   0.12500 0.12500 0.12500 0.12500 0.12500 0.12500 0.12500 0.12500 0.00001 ( 3)  0.000  0.000
  75 K   0.12500 0.12500 0.12500 0.12500 0.12500 0.12500 0.12500 0.12500 0.00001 ( 6)  0.000  0.000
  76 D   0.12500 0.12500 0.12500 0.12500 0.12500 0.12500 0.12500 0.12500 0.00001 ( 2)  0.000  0.000
  77 Y   0.12500 0.12500 0.12500 0.12500 0.12500 0.12500 0.12500 0.12500 0.00001 ( 2)  0.000  0.000
  78 V   0.12500 0.12500 0.12500 0.12500 0.12500 0.12500 0.12500 0.12500 0.00001 ( 3)  0.000  0.000
  79 D   0.12500 0.12500 0.12500 0.12500 0.12500 0.12500 0.12500 0.12500 0.00001 ( 2)  0.000  0.000
  80 A   0.12500 0.12500 0.12500 0.12500 0.12500 0.12500 0.12500 0.12500 0.00001 ( 2)  0.000  0.000
  81 F   0.12500 0.12500 0.12500 0.12500 0.12500 0.12500 0.12500 0.12500 0.00001 ( 3)  0.000  0.000
  82 V   0.12500 0.12500 0.12500 0.12500 0.12500 0.12500 0.12500 0.12500 0.00001 ( 2)  0.000  0.000
  83 P   0.12500 0.12500 0.12500 0.12500 0.12500 0.12500 0.12500 0.12500 0.00001 ( 5)  0.000  0.000
  84 T   0.12500 0.12500 0.12500 0.12500 0.12500 0.12500 0.12500 0.12500 0.00001 ( 3)  0.000  0.000
  85 T   0.12500 0.12500 0.12500 0.12500 0.12500 0.12500 0.12500 0.12500 0.00001 ( 3)  0.000  0.000
  86 C   0.12500 0.12500 0.12500 0.12500 0.12500 0.12500 0.12500 0.12500 0.00001 ( 6)  0.000  0.000
  87 A   0.12500 0.12500 0.12500 0.12500 0.12500 0.12500 0.12500 0.12500 0.00001 ( 6)  0.000  0.000
  88 L   0.12500 0.12500 0.12500 0.12500 0.12500 0.12500 0.12500 0.12500 0.00001 ( 6)  0.000  0.000
  89 Y   0.12500 0.12500 0.12500 0.12500 0.12500 0.12500 0.12500 0.12500 0.00001 ( 2)  0.000  0.000
  90 P   0.12500 0.12500 0.12500 0.12500 0.12500 0.12500 0.12500 0.12500 0.00001 ( 2)  0.000  0.000
  91 C   0.12500 0.12500 0.12500 0.12500 0.12500 0.12500 0.12500 0.12500 0.00001 ( 6)  0.000  0.000
  92 K   0.12500 0.12500 0.12500 0.12500 0.12500 0.12500 0.12500 0.12500 0.00001 ( 6)  0.000  0.000
  93 S   0.12500 0.12500 0.12500 0.12500 0.12500 0.12500 0.12500 0.12500 0.00001 ( 5)  0.000  0.000
  94 A   0.12500 0.12500 0.12500 0.12500 0.12500 0.12500 0.12500 0.12500 0.00001 ( 2)  0.000  0.000
  95 Q   0.12500 0.12500 0.12500 0.12500 0.12500 0.12500 0.12500 0.12500 0.00001 ( 2)  0.000  0.000
  96 S   0.12500 0.12500 0.12500 0.12500 0.12500 0.12500 0.12500 0.12500 0.00001 ( 5)  0.000  0.000
  97 M   0.12500 0.12500 0.12500 0.12500 0.12500 0.12500 0.12500 0.12500 0.00001 ( 2)  0.000  0.000
  98 P   0.12500 0.12500 0.12500 0.12500 0.12500 0.12500 0.12500 0.12500 0.00001 ( 2)  0.000  0.000
  99 P   0.12500 0.12500 0.12500 0.12500 0.12500 0.12500 0.12500 0.12500 0.00001 ( 5)  0.000  0.000
 100 P   0.12500 0.12500 0.12500 0.12500 0.12500 0.12500 0.12500 0.12500 0.00001 ( 2)  0.000  0.000
 101 P   0.12500 0.12500 0.12500 0.12500 0.12500 0.12500 0.12500 0.12500 0.00001 ( 2)  0.000  0.000
 102 R   0.12500 0.12500 0.12500 0.12500 0.12500 0.12500 0.12500 0.12500 0.00001 ( 3)  0.000  0.000
 103 N   0.12500 0.12500 0.12500 0.12500 0.12500 0.12500 0.12500 0.12500 0.00001 ( 2)  0.000  0.000
 104 T   0.12500 0.12500 0.12500 0.12500 0.12500 0.12500 0.12500 0.12500 0.00001 ( 2)  0.000  0.000
 105 C   0.12500 0.12500 0.12500 0.12500 0.12500 0.12500 0.12500 0.12500 0.00001 ( 6)  0.000  0.000
 106 L   0.12500 0.12500 0.12500 0.12500 0.12500 0.12500 0.12500 0.12500 0.00001 ( 6)  0.000  0.000
 107 Q   0.12500 0.12500 0.12500 0.12500 0.12500 0.12500 0.12500 0.12500 0.00001 ( 6)  0.000  0.000
 108 L   0.12500 0.12500 0.12500 0.12500 0.12500 0.12500 0.12500 0.12500 0.00001 ( 6)  0.000  0.000
 109 S   0.12500 0.12500 0.12500 0.12500 0.12500 0.12500 0.12500 0.12500 0.00001 ( 5)  0.000  0.000
 110 G   0.12500 0.12500 0.12500 0.12500 0.12500 0.12500 0.12500 0.12500 0.00001 ( 2)  0.000  0.000
 111 M   0.12500 0.12500 0.12500 0.12500 0.12500 0.12500 0.12500 0.12500 0.00001 ( 2)  0.000  0.000
 112 R   0.12500 0.12500 0.12500 0.12500 0.12500 0.12500 0.12500 0.12500 0.00001 ( 2)  0.000  0.000
 113 Q   0.12500 0.12500 0.12500 0.12500 0.12500 0.12500 0.12500 0.12500 0.00001 ( 6)  0.000  0.000
 114 A   0.12500 0.12500 0.12500 0.12500 0.12500 0.12500 0.12500 0.12500 0.00001 ( 5)  0.000  0.000
 115 I   0.12500 0.12500 0.12500 0.12500 0.12500 0.12500 0.12500 0.12500 0.00001 ( 5)  0.000  0.000
 116 R   0.12500 0.12500 0.12500 0.12500 0.12500 0.12500 0.12500 0.12500 0.00001 ( 3)  0.000  0.000
 117 F   0.12500 0.12500 0.12500 0.12500 0.12500 0.12500 0.12500 0.12500 0.00001 ( 3)  0.000  0.000
 118 D   0.12500 0.12500 0.12500 0.12500 0.12500 0.12500 0.12500 0.12500 0.00001 ( 2)  0.000  0.000
 119 Y   0.12500 0.12500 0.12500 0.12500 0.12500 0.12500 0.12500 0.12500 0.00001 ( 2)  0.000  0.000
 120 S   0.12500 0.12500 0.12500 0.12500 0.12500 0.12500 0.12500 0.12500 0.00001 ( 5)  0.000  0.000
 121 S   0.12500 0.12500 0.12500 0.12500 0.12500 0.12500 0.12500 0.12500 0.00001 ( 5)  0.000  0.000
 122 F   0.12500 0.12500 0.12500 0.12500 0.12500 0.12500 0.12500 0.12500 0.00001 ( 2)  0.000  0.000
 123 F   0.12500 0.12500 0.12500 0.12500 0.12500 0.12500 0.12500 0.12500 0.00001 ( 3)  0.000  0.000
 124 E   0.12500 0.12500 0.12500 0.12500 0.12500 0.12500 0.12500 0.12500 0.00001 ( 2)  0.000  0.000
 125 K   0.12500 0.12500 0.12500 0.12500 0.12500 0.12500 0.12500 0.12500 0.00001 ( 6)  0.000  0.000
 126 Q   0.12500 0.12500 0.12500 0.12500 0.12500 0.12500 0.12500 0.12500 0.00001 ( 2)  0.000  0.000
 127 L   0.12500 0.12500 0.12500 0.12500 0.12500 0.12500 0.12500 0.12500 0.00001 ( 6)  0.000  0.000
 128 E   0.12500 0.12500 0.12500 0.12500 0.12500 0.12500 0.12500 0.12500 0.00001 ( 2)  0.000  0.000
 129 T   0.12500 0.12500 0.12500 0.12500 0.12500 0.12500 0.12500 0.12500 0.00001 ( 3)  0.000  0.000
 130 K   0.12500 0.12500 0.12500 0.12500 0.12500 0.12500 0.12500 0.12500 0.00001 ( 6)  0.000  0.000
 131 R   0.12500 0.12500 0.12500 0.12500 0.12500 0.12500 0.12500 0.12500 0.00001 ( 3)  0.000  0.000
 132 A   0.12500 0.12500 0.12500 0.12500 0.12500 0.12500 0.12500 0.12500 0.00001 ( 6)  0.000  0.000
 133 T   0.12500 0.12500 0.12500 0.12500 0.12500 0.12500 0.12500 0.12500 0.00001 ( 3)  0.000  0.000
 134 A   0.12500 0.12500 0.12500 0.12500 0.12500 0.12500 0.12500 0.12500 0.00001 ( 5)  0.000  0.000
 135 T   0.12500 0.12500 0.12500 0.12500 0.12500 0.12500 0.12500 0.12500 0.00001 ( 3)  0.000  0.000
 136 Y   0.12500 0.12500 0.12500 0.12500 0.12500 0.12500 0.12500 0.12500 0.00001 ( 2)  0.000  0.000
 137 R   0.12500 0.12500 0.12500 0.12500 0.12500 0.12500 0.12500 0.12500 0.00001 ( 5)  0.000  0.000
 138 V   0.12500 0.12500 0.12500 0.12500 0.12500 0.12500 0.12500 0.12500 0.00001 ( 3)  0.000  0.000
 139 F   0.12500 0.12500 0.12500 0.12500 0.12500 0.12500 0.12500 0.12500 0.00001 ( 2)  0.000  0.000
 140 R   0.12500 0.12500 0.12500 0.12500 0.12500 0.12500 0.12500 0.12500 0.00001 ( 3)  0.000  0.000
 141 R   0.12500 0.12500 0.12500 0.12500 0.12500 0.12500 0.12500 0.12500 0.00001 ( 3)  0.000  0.000
 142 I   0.12500 0.12500 0.12500 0.12500 0.12500 0.12500 0.12500 0.12500 0.00001 ( 5)  0.000  0.000
 143 L   0.12500 0.12500 0.12500 0.12500 0.12500 0.12500 0.12500 0.12500 0.00001 ( 5)  0.000  0.000
 144 R   0.12500 0.12500 0.12500 0.12500 0.12500 0.12500 0.12500 0.12500 0.00001 ( 3)  0.000  0.000
 145 D   0.12500 0.12500 0.12500 0.12500 0.12500 0.12500 0.12500 0.12500 0.00001 ( 2)  0.000  0.000
 146 A   0.12500 0.12500 0.12500 0.12500 0.12500 0.12500 0.12500 0.12500 0.00001 ( 6)  0.000  0.000
 147 N   0.12500 0.12500 0.12500 0.12500 0.12500 0.12500 0.12500 0.12500 0.00001 ( 2)  0.000  0.000
 148 H   0.12500 0.12500 0.12500 0.12500 0.12500 0.12500 0.12500 0.12500 0.00001 ( 2)  0.000  0.000
 149 Y   0.12500 0.12500 0.12500 0.12500 0.12500 0.12500 0.12500 0.12500 0.00001 ( 2)  0.000  0.000
 150 P   0.12500 0.12500 0.12500 0.12500 0.12500 0.12500 0.12500 0.12500 0.00001 ( 1)  0.000  0.000
 151 F   0.12500 0.12500 0.12500 0.12500 0.12500 0.12500 0.12500 0.12500 0.00001 ( 2)  0.000  0.000
 152 A   0.12500 0.12500 0.12500 0.12500 0.12500 0.12500 0.12500 0.12500 0.00001 ( 2)  0.000  0.000
 153 E   0.12500 0.12500 0.12500 0.12500 0.12500 0.12500 0.12500 0.12500 0.00001 ( 3)  0.000  0.000
 154 D   0.12500 0.12500 0.12500 0.12500 0.12500 0.12500 0.12500 0.12500 0.00001 ( 2)  0.000  0.000
 155 F   0.12500 0.12500 0.12500 0.12500 0.12500 0.12500 0.12500 0.12500 0.00001 ( 3)  0.000  0.000
 156 S   0.12500 0.12500 0.12500 0.12500 0.12500 0.12500 0.12500 0.12500 0.00001 ( 5)  0.000  0.000
 157 T   0.12500 0.12500 0.12500 0.12500 0.12500 0.12500 0.12500 0.12500 0.00001 ( 3)  0.000  0.000
 158 G   0.12500 0.12500 0.12500 0.12500 0.12500 0.12500 0.12500 0.12500 0.00001 ( 2)  0.000  0.000
 159 R   0.12500 0.12500 0.12500 0.12500 0.12500 0.12500 0.12500 0.12500 0.00001 ( 2)  0.000  0.000
 160 R   0.12500 0.12500 0.12500 0.12500 0.12500 0.12500 0.12500 0.12500 0.00001 ( 5)  0.000  0.000
 161 Q   0.12500 0.12500 0.12500 0.12500 0.12500 0.12500 0.12500 0.12500 0.00001 ( 2)  0.000  0.000
 162 T   0.12500 0.12500 0.12500 0.12500 0.12500 0.12500 0.12500 0.12500 0.00001 ( 3)  0.000  0.000
 163 I   0.12500 0.12500 0.12500 0.12500 0.12500 0.12500 0.12500 0.12500 0.00001 ( 2)  0.000  0.000
 164 N   0.12500 0.12500 0.12500 0.12500 0.12500 0.12500 0.12500 0.12500 0.00001 ( 2)  0.000  0.000
 165 V   0.12500 0.12500 0.12500 0.12500 0.12500 0.12500 0.12500 0.12500 0.00001 ( 3)  0.000  0.000
 166 W   0.12500 0.12500 0.12500 0.12500 0.12500 0.12500 0.12500 0.12500 0.00001 ( 5)  0.000  0.000
 167 C   0.12500 0.12500 0.12500 0.12500 0.12500 0.12500 0.12500 0.12500 0.00001 ( 6)  0.000  0.000
 168 S   0.12500 0.12500 0.12500 0.12500 0.12500 0.12500 0.12500 0.12500 0.00001 ( 5)  0.000  0.000
 169 N   0.12500 0.12500 0.12500 0.12500 0.12500 0.12500 0.12500 0.12500 0.00001 ( 5)  0.000  0.000
 170 D   0.12500 0.12500 0.12500 0.12500 0.12500 0.12500 0.12500 0.12500 0.00001 ( 2)  0.000  0.000
 171 Y   0.12500 0.12500 0.12500 0.12500 0.12500 0.12500 0.12500 0.12500 0.00001 ( 2)  0.000  0.000
 172 L   0.12500 0.12500 0.12500 0.12500 0.12500 0.12500 0.12500 0.12500 0.00001 ( 1)  0.000  0.000
 173 G   0.12500 0.12500 0.12500 0.12500 0.12500 0.12500 0.12500 0.12500 0.00001 ( 2)  0.000  0.000
 174 M   0.12500 0.12500 0.12500 0.12500 0.12500 0.12500 0.12500 0.12500 0.00001 ( 2)  0.000  0.000
 175 S   0.12500 0.12500 0.12500 0.12500 0.12500 0.12500 0.12500 0.12500 0.00001 ( 3)  0.000  0.000
 176 R   0.12500 0.12500 0.12500 0.12500 0.12500 0.12500 0.12500 0.12500 0.00001 ( 2)  0.000  0.000
 177 H   0.12500 0.12500 0.12500 0.12500 0.12500 0.12500 0.12500 0.12500 0.00001 ( 6)  0.000  0.000
 178 P   0.12500 0.12500 0.12500 0.12500 0.12500 0.12500 0.12500 0.12500 0.00001 ( 1)  0.000  0.000
 179 M   0.12500 0.12500 0.12500 0.12500 0.12500 0.12500 0.12500 0.12500 0.00001 ( 2)  0.000  0.000
 180 V   0.12500 0.12500 0.12500 0.12500 0.12500 0.12500 0.12500 0.12500 0.00001 ( 2)  0.000  0.000
 181 L   0.12500 0.12500 0.12500 0.12500 0.12500 0.12500 0.12500 0.12500 0.00001 ( 6)  0.000  0.000
 182 E   0.12500 0.12500 0.12500 0.12500 0.12500 0.12500 0.12500 0.12500 0.00001 ( 3)  0.000  0.000
 183 S   0.12500 0.12500 0.12500 0.12500 0.12500 0.12500 0.12500 0.12500 0.00001 ( 3)  0.000  0.000
 184 A   0.12500 0.12500 0.12500 0.12500 0.12500 0.12500 0.12500 0.12500 0.00001 ( 2)  0.000  0.000
 185 R   0.12500 0.12500 0.12500 0.12500 0.12500 0.12500 0.12500 0.12500 0.00001 ( 2)  0.000  0.000
 186 N   0.12500 0.12500 0.12500 0.12500 0.12500 0.12500 0.12500 0.12500 0.00001 ( 2)  0.000  0.000
 187 A   0.12500 0.12500 0.12500 0.12500 0.12500 0.12500 0.12500 0.12500 0.00001 ( 3)  0.000  0.000
 188 I   0.12500 0.12500 0.12500 0.12500 0.12500 0.12500 0.12500 0.12500 0.00001 ( 5)  0.000  0.000
 189 N   0.12500 0.12500 0.12500 0.12500 0.12500 0.12500 0.12500 0.12500 0.00001 ( 2)  0.000  0.000
 190 R   0.12500 0.12500 0.12500 0.12500 0.12500 0.12500 0.12500 0.12500 0.00001 ( 3)  0.000  0.000
 191 F   0.12500 0.12500 0.12500 0.12500 0.12500 0.12500 0.12500 0.12500 0.00001 ( 3)  0.000  0.000
 192 G   0.12500 0.12500 0.12500 0.12500 0.12500 0.12500 0.12500 0.12500 0.00001 ( 5)  0.000  0.000
 193 I   0.12500 0.12500 0.12500 0.12500 0.12500 0.12500 0.12500 0.12500 0.00001 ( 5)  0.000  0.000
 194 G   0.12500 0.12500 0.12500 0.12500 0.12500 0.12500 0.12500 0.12500 0.00001 ( 5)  0.000  0.000
 195 S   0.12500 0.12500 0.12500 0.12500 0.12500 0.12500 0.12500 0.12500 0.00001 ( 5)  0.000  0.000
 196 G   0.12500 0.12500 0.12500 0.12500 0.12500 0.12500 0.12500 0.12500 0.00001 ( 2)  0.000  0.000
 197 G   0.12500 0.12500 0.12500 0.12500 0.12500 0.12500 0.12500 0.12500 0.00001 ( 5)  0.000  0.000
 198 T   0.12500 0.12500 0.12500 0.12500 0.12500 0.12500 0.12500 0.12500 0.00001 ( 2)  0.000  0.000
 199 R   0.12500 0.12500 0.12500 0.12500 0.12500 0.12500 0.12500 0.12500 0.00001 ( 5)  0.000  0.000
 200 N   0.12500 0.12500 0.12500 0.12500 0.12500 0.12500 0.12500 0.12500 0.00001 ( 2)  0.000  0.000
 201 I   0.12500 0.12500 0.12500 0.12500 0.12500 0.12500 0.12500 0.12500 0.00001 ( 2)  0.000  0.000
 202 S   0.12500 0.12500 0.12500 0.12500 0.12500 0.12500 0.12500 0.12500 0.00001 ( 5)  0.000  0.000
 203 G   0.12500 0.12500 0.12500 0.12500 0.12500 0.12500 0.12500 0.12500 0.00001 ( 2)  0.000  0.000
 204 N   0.12500 0.12500 0.12500 0.12500 0.12500 0.12500 0.12500 0.12500 0.00001 ( 2)  0.000  0.000
 205 T   0.12500 0.12500 0.12500 0.12500 0.12500 0.12500 0.12500 0.12500 0.00001 ( 3)  0.000  0.000
 206 L   0.12500 0.12500 0.12500 0.12500 0.12500 0.12500 0.12500 0.12500 0.00001 ( 6)  0.000  0.000
 207 L   0.12500 0.12500 0.12500 0.12500 0.12500 0.12500 0.12500 0.12500 0.00001 ( 6)  0.000  0.000
 208 H   0.12500 0.12500 0.12500 0.12500 0.12500 0.12500 0.12500 0.12500 0.00001 ( 2)  0.000  0.000
 209 E   0.12500 0.12500 0.12500 0.12500 0.12500 0.12500 0.12500 0.12500 0.00001 ( 2)  0.000  0.000
 210 A   0.12500 0.12500 0.12500 0.12500 0.12500 0.12500 0.12500 0.12500 0.00001 ( 5)  0.000  0.000
 211 L   0.12500 0.12500 0.12500 0.12500 0.12500 0.12500 0.12500 0.12500 0.00001 ( 6)  0.000  0.000
 212 E   0.12500 0.12500 0.12500 0.12500 0.12500 0.12500 0.12500 0.12500 0.00001 ( 3)  0.000  0.000
 213 H   0.12500 0.12500 0.12500 0.12500 0.12500 0.12500 0.12500 0.12500 0.00001 ( 6)  0.000  0.000
 214 E   0.12500 0.12500 0.12500 0.12500 0.12500 0.12500 0.12500 0.12500 0.00001 ( 3)  0.000  0.000
 215 L   0.12500 0.12500 0.12500 0.12500 0.12500 0.12500 0.12500 0.12500 0.00001 ( 6)  0.000  0.000
 216 A   0.12500 0.12500 0.12500 0.12500 0.12500 0.12500 0.12500 0.12500 0.00001 ( 6)  0.000  0.000
 217 D   0.12500 0.12500 0.12500 0.12500 0.12500 0.12500 0.12500 0.12500 0.00001 ( 2)  0.000  0.000
 218 L   0.12500 0.12500 0.12500 0.12500 0.12500 0.12500 0.12500 0.12500 0.00001 ( 1)  0.000  0.000
 219 H   0.12500 0.12500 0.12500 0.12500 0.12500 0.12500 0.12500 0.12500 0.00001 ( 6)  0.000  0.000
 220 G   0.12500 0.12500 0.12500 0.12500 0.12500 0.12500 0.12500 0.12500 0.00001 ( 2)  0.000  0.000
 221 K   0.12500 0.12500 0.12500 0.12500 0.12500 0.12500 0.12500 0.12500 0.00001 ( 6)  0.000  0.000
 222 E   0.12500 0.12500 0.12500 0.12500 0.12500 0.12500 0.12500 0.12500 0.00001 ( 3)  0.000  0.000
 223 A   0.12500 0.12500 0.12500 0.12500 0.12500 0.12500 0.12500 0.12500 0.00001 ( 5)  0.000  0.000
 224 G   0.12500 0.12500 0.12500 0.12500 0.12500 0.12500 0.12500 0.12500 0.00001 ( 2)  0.000  0.000
 225 L   0.12500 0.12500 0.12500 0.12500 0.12500 0.12500 0.12500 0.12500 0.00001 ( 6)  0.000  0.000
 226 V   0.12500 0.12500 0.12500 0.12500 0.12500 0.12500 0.12500 0.12500 0.00001 ( 3)  0.000  0.000
 227 F   0.12500 0.12500 0.12500 0.12500 0.12500 0.12500 0.12500 0.12500 0.00001 ( 3)  0.000  0.000
 228 T   0.12500 0.12500 0.12500 0.12500 0.12500 0.12500 0.12500 0.12500 0.00001 ( 2)  0.000  0.000
 229 S   0.12500 0.12500 0.12500 0.12500 0.12500 0.12500 0.12500 0.12500 0.00001 ( 3)  0.000  0.000
 230 C   0.12500 0.12500 0.12500 0.12500 0.12500 0.12500 0.12500 0.12500 0.00001 ( 6)  0.000  0.000
 231 F   0.12500 0.12500 0.12500 0.12500 0.12500 0.12500 0.12500 0.12500 0.00001 ( 2)  0.000  0.000
 232 V   0.12500 0.12500 0.12500 0.12500 0.12500 0.12500 0.12500 0.12500 0.00001 ( 2)  0.000  0.000
 233 A   0.12500 0.12500 0.12500 0.12500 0.12500 0.12500 0.12500 0.12500 0.00001 ( 6)  0.000  0.000
 234 N   0.12500 0.12500 0.12500 0.12500 0.12500 0.12500 0.12500 0.12500 0.00001 ( 2)  0.000  0.000
 235 E   0.12500 0.12500 0.12500 0.12500 0.12500 0.12500 0.12500 0.12500 0.00001 ( 3)  0.000  0.000
 236 A   0.12500 0.12500 0.12500 0.12500 0.12500 0.12500 0.12500 0.12500 0.00001 ( 3)  0.000  0.000
 237 A   0.12500 0.12500 0.12500 0.12500 0.12500 0.12500 0.12500 0.12500 0.00001 ( 6)  0.000  0.000
 238 I   0.12500 0.12500 0.12500 0.12500 0.12500 0.12500 0.12500 0.12500 0.00001 ( 2)  0.000  0.000
 239 Y   0.12500 0.12500 0.12500 0.12500 0.12500 0.12500 0.12500 0.12500 0.00001 ( 2)  0.000  0.000
 240 T   0.12500 0.12500 0.12500 0.12500 0.12500 0.12500 0.12500 0.12500 0.00001 ( 3)  0.000  0.000
 241 L   0.12500 0.12500 0.12500 0.12500 0.12500 0.12500 0.12500 0.12500 0.00001 ( 6)  0.000  0.000
 242 G   0.12500 0.12500 0.12500 0.12500 0.12500 0.12500 0.12500 0.12500 0.00001 ( 2)  0.000  0.000
 243 T   0.12500 0.12500 0.12500 0.12500 0.12500 0.12500 0.12500 0.12500 0.00001 ( 3)  0.000  0.000
 244 L   0.12500 0.12500 0.12500 0.12500 0.12500 0.12500 0.12500 0.12500 0.00001 ( 6)  0.000  0.000
 245 I   0.12500 0.12500 0.12500 0.12500 0.12500 0.12500 0.12500 0.12500 0.00001 ( 2)  0.000  0.000
 246 P   0.12500 0.12500 0.12500 0.12500 0.12500 0.12500 0.12500 0.12500 0.00001 ( 1)  0.000  0.000
 247 G   0.12500 0.12500 0.12500 0.12500 0.12500 0.12500 0.12500 0.12500 0.00001 ( 2)  0.000  0.000
 248 L   0.12500 0.12500 0.12500 0.12500 0.12500 0.12500 0.12500 0.12500 0.00001 ( 5)  0.000  0.000
 249 K   0.12500 0.12500 0.12500 0.12500 0.12500 0.12500 0.12500 0.12500 0.00001 ( 6)  0.000  0.000
 250 I   0.12500 0.12500 0.12500 0.12500 0.12500 0.12500 0.12500 0.12500 0.00001 ( 2)  0.000  0.000
 251 F   0.12500 0.12500 0.12500 0.12500 0.12500 0.12500 0.12500 0.12500 0.00001 ( 3)  0.000  0.000
 252 S   0.12500 0.12500 0.12500 0.12500 0.12500 0.12500 0.12500 0.12500 0.00001 ( 5)  0.000  0.000
 253 D   0.12500 0.12500 0.12500 0.12500 0.12500 0.12500 0.12500 0.12500 0.00001 ( 2)  0.000  0.000
 254 A   0.12500 0.12500 0.12500 0.12500 0.12500 0.12500 0.12500 0.12500 0.00001 ( 6)  0.000  0.000
 255 G   0.12500 0.12500 0.12500 0.12500 0.12500 0.12500 0.12500 0.12500 0.00001 ( 2)  0.000  0.000
 256 N   0.12500 0.12500 0.12500 0.12500 0.12500 0.12500 0.12500 0.12500 0.00001 ( 5)  0.000  0.000
 257 H   0.12500 0.12500 0.12500 0.12500 0.12500 0.12500 0.12500 0.12500 0.00001 ( 6)  0.000  0.000
 258 A   0.12500 0.12500 0.12500 0.12500 0.12500 0.12500 0.12500 0.12500 0.00001 ( 6)  0.000  0.000
 259 S   0.12500 0.12500 0.12500 0.12500 0.12500 0.12500 0.12500 0.12500 0.00001 ( 5)  0.000  0.000
 260 L   0.12500 0.12500 0.12500 0.12500 0.12500 0.12500 0.12500 0.12500 0.00001 ( 1)  0.000  0.000
 261 I   0.12500 0.12500 0.12500 0.12500 0.12500 0.12500 0.12500 0.12500 0.00001 ( 2)  0.000  0.000
 262 H   0.12500 0.12500 0.12500 0.12500 0.12500 0.12500 0.12500 0.12500 0.00001 ( 6)  0.000  0.000
 263 G   0.12500 0.12500 0.12500 0.12500 0.12500 0.12500 0.12500 0.12500 0.00001 ( 2)  0.000  0.000
 264 I   0.12500 0.12500 0.12500 0.12500 0.12500 0.12500 0.12500 0.12500 0.00001 ( 5)  0.000  0.000
 265 R   0.12500 0.12500 0.12500 0.12500 0.12500 0.12500 0.12500 0.12500 0.00001 ( 5)  0.000  0.000
 266 T   0.12500 0.12500 0.12500 0.12500 0.12500 0.12500 0.12500 0.12500 0.00001 ( 3)  0.000  0.000
 267 S   0.12500 0.12500 0.12500 0.12500 0.12500 0.12500 0.12500 0.12500 0.00001 ( 5)  0.000  0.000
 268 R   0.12500 0.12500 0.12500 0.12500 0.12500 0.12500 0.12500 0.12500 0.00001 ( 3)  0.000  0.000
 269 A   0.12500 0.12500 0.12500 0.12500 0.12500 0.12500 0.12500 0.12500 0.00001 ( 2)  0.000  0.000
 270 P   0.12500 0.12500 0.12500 0.12500 0.12500 0.12500 0.12500 0.12500 0.00001 ( 2)  0.000  0.000
 271 K   0.12500 0.12500 0.12500 0.12500 0.12500 0.12500 0.12500 0.12500 0.00001 ( 6)  0.000  0.000
 272 Y   0.12500 0.12500 0.12500 0.12500 0.12500 0.12500 0.12500 0.12500 0.00001 ( 2)  0.000  0.000
 273 I   0.12500 0.12500 0.12500 0.12500 0.12500 0.12500 0.12500 0.12500 0.00001 ( 2)  0.000  0.000
 274 Y   0.12500 0.12500 0.12500 0.12500 0.12500 0.12500 0.12500 0.12500 0.00001 ( 2)  0.000  0.000
 275 R   0.12500 0.12500 0.12500 0.12500 0.12500 0.12500 0.12500 0.12500 0.00001 ( 5)  0.000  0.000
 276 E   0.12500 0.12500 0.12500 0.12500 0.12500 0.12500 0.12500 0.12500 0.00001 ( 3)  0.000  0.000
 277 N   0.12500 0.12500 0.12500 0.12500 0.12500 0.12500 0.12500 0.12500 0.00001 ( 5)  0.000  0.000
 278 D   0.12500 0.12500 0.12500 0.12500 0.12500 0.12500 0.12500 0.12500 0.00001 ( 2)  0.000  0.000
 279 A   0.12500 0.12500 0.12500 0.12500 0.12500 0.12500 0.12500 0.12500 0.00001 ( 3)  0.000  0.000
 280 G   0.12500 0.12500 0.12500 0.12500 0.12500 0.12500 0.12500 0.12500 0.00001 ( 2)  0.000  0.000
 281 H   0.12500 0.12500 0.12500 0.12500 0.12500 0.12500 0.12500 0.12500 0.00001 ( 6)  0.000  0.000
 282 L   0.12500 0.12500 0.12500 0.12500 0.12500 0.12500 0.12500 0.12500 0.00001 ( 6)  0.000  0.000
 283 D   0.12500 0.12500 0.12500 0.12500 0.12500 0.12500 0.12500 0.12500 0.00001 ( 2)  0.000  0.000
 284 E   0.12500 0.12500 0.12500 0.12500 0.12500 0.12500 0.12500 0.12500 0.00001 ( 2)  0.000  0.000
 285 L   0.12500 0.12500 0.12500 0.12500 0.12500 0.12500 0.12500 0.12500 0.00001 ( 6)  0.000  0.000
 286 M   0.12500 0.12500 0.12500 0.12500 0.12500 0.12500 0.12500 0.12500 0.00001 ( 2)  0.000  0.000
 287 Q   0.12500 0.12500 0.12500 0.12500 0.12500 0.12500 0.12500 0.12500 0.00001 ( 6)  0.000  0.000
 288 Q   0.12500 0.12500 0.12500 0.12500 0.12500 0.12500 0.12500 0.12500 0.00001 ( 2)  0.000  0.000
 289 Q   0.12500 0.12500 0.12500 0.12500 0.12500 0.12500 0.12500 0.12500 0.00001 ( 2)  0.000  0.000
 290 S   0.12500 0.12500 0.12500 0.12500 0.12500 0.12500 0.12500 0.12500 0.00001 ( 5)  0.000  0.000
 291 T   0.12500 0.12500 0.12500 0.12500 0.12500 0.12500 0.12500 0.12500 0.00001 ( 3)  0.000  0.000
 292 P   0.12500 0.12500 0.12500 0.12500 0.12500 0.12500 0.12500 0.12500 0.00001 ( 5)  0.000  0.000
 293 S   0.12500 0.12500 0.12500 0.12500 0.12500 0.12500 0.12500 0.12500 0.00001 ( 3)  0.000  0.000
 294 E   0.12500 0.12500 0.12500 0.12500 0.12500 0.12500 0.12500 0.12500 0.00001 ( 3)  0.000  0.000
 295 P   0.12500 0.12500 0.12500 0.12500 0.12500 0.12500 0.12500 0.12500 0.00001 ( 1)  0.000  0.000
 296 K   0.12500 0.12500 0.12500 0.12500 0.12500 0.12500 0.12500 0.12500 0.00001 ( 6)  0.000  0.000
 297 L   0.12500 0.12500 0.12500 0.12500 0.12500 0.12500 0.12500 0.12500 0.00001 ( 6)  0.000  0.000
 298 A   0.12500 0.12500 0.12500 0.12500 0.12500 0.12500 0.12500 0.12500 0.00001 ( 2)  0.000  0.000
 299 V   0.12500 0.12500 0.12500 0.12500 0.12500 0.12500 0.12500 0.12500 0.00001 ( 2)  0.000  0.000
 300 C   0.12500 0.12500 0.12500 0.12500 0.12500 0.12500 0.12500 0.12500 0.00001 ( 6)  0.000  0.000
 301 E   0.12500 0.12500 0.12500 0.12500 0.12500 0.12500 0.12500 0.12500 0.00001 ( 3)  0.000  0.000
 302 T   0.12500 0.12500 0.12500 0.12500 0.12500 0.12500 0.12500 0.12500 0.00001 ( 2)  0.000  0.000
 303 V   0.12500 0.12500 0.12500 0.12500 0.12500 0.12500 0.12500 0.12500 0.00001 ( 2)  0.000  0.000
 304 H   0.12500 0.12500 0.12500 0.12500 0.12500 0.12500 0.12500 0.12500 0.00001 ( 6)  0.000  0.000
 305 S   0.12500 0.12500 0.12500 0.12500 0.12500 0.12500 0.12500 0.12500 0.00001 ( 5)  0.000  0.000
 306 M   0.12500 0.12500 0.12500 0.12500 0.12500 0.12500 0.12500 0.12500 0.00001 ( 2)  0.000  0.000
 307 N   0.12500 0.12500 0.12500 0.12500 0.12500 0.12500 0.12500 0.12500 0.00001 ( 5)  0.000  0.000
 308 G   0.12500 0.12500 0.12500 0.12500 0.12500 0.12500 0.12500 0.12500 0.00001 ( 5)  0.000  0.000
 309 S   0.12500 0.12500 0.12500 0.12500 0.12500 0.12500 0.12500 0.12500 0.00001 ( 3)  0.000  0.000
 310 I   0.12500 0.12500 0.12500 0.12500 0.12500 0.12500 0.12500 0.12500 0.00001 ( 5)  0.000  0.000
 311 V   0.12500 0.12500 0.12500 0.12500 0.12500 0.12500 0.12500 0.12500 0.00001 ( 2)  0.000  0.000
 312 P   0.12500 0.12500 0.12500 0.12500 0.12500 0.12500 0.12500 0.12500 0.00001 ( 2)  0.000  0.000
 313 L   0.12500 0.12500 0.12500 0.12500 0.12500 0.12500 0.12500 0.12500 0.00001 ( 6)  0.000  0.000
 314 R   0.12500 0.12500 0.12500 0.12500 0.12500 0.12500 0.12500 0.12500 0.00001 ( 2)  0.000  0.000
 315 E   0.12500 0.12500 0.12500 0.12500 0.12500 0.12500 0.12500 0.12500 0.00001 ( 2)  0.000  0.000
 316 F   0.12500 0.12500 0.12500 0.12500 0.12500 0.12500 0.12500 0.12500 0.00001 ( 3)  0.000  0.000
 317 L   0.12500 0.12500 0.12500 0.12500 0.12500 0.12500 0.12500 0.12500 0.00001 ( 5)  0.000  0.000
 318 D   0.12500 0.12500 0.12500 0.12500 0.12500 0.12500 0.12500 0.12500 0.00001 ( 2)  0.000  0.000
 319 V   0.12500 0.12500 0.12500 0.12500 0.12500 0.12500 0.12500 0.12500 0.00001 ( 2)  0.000  0.000
 320 C   0.12500 0.12500 0.12500 0.12500 0.12500 0.12500 0.12500 0.12500 0.00001 ( 6)  0.000  0.000
 321 E   0.12500 0.12500 0.12500 0.12500 0.12500 0.12500 0.12500 0.12500 0.00001 ( 3)  0.000  0.000
 322 D   0.12500 0.12500 0.12500 0.12500 0.12500 0.12500 0.12500 0.12500 0.00001 ( 2)  0.000  0.000
 323 H   0.12500 0.12500 0.12500 0.12500 0.12500 0.12500 0.12500 0.12500 0.00001 ( 2)  0.000  0.000
 324 N   0.12500 0.12500 0.12500 0.12500 0.12500 0.12500 0.12500 0.12500 0.00001 ( 2)  0.000  0.000
 325 A   0.12500 0.12500 0.12500 0.12500 0.12500 0.12500 0.12500 0.12500 0.00001 ( 6)  0.000  0.000
 326 L   0.12500 0.12500 0.12500 0.12500 0.12500 0.12500 0.12500 0.12500 0.00001 ( 6)  0.000  0.000
 327 T   0.12500 0.12500 0.12500 0.12500 0.12500 0.12500 0.12500 0.12500 0.00001 ( 3)  0.000  0.000
 328 F   0.12500 0.12500 0.12500 0.12500 0.12500 0.12500 0.12500 0.12500 0.00001 ( 3)  0.000  0.000
 329 V   0.12500 0.12500 0.12500 0.12500 0.12500 0.12500 0.12500 0.12500 0.00001 ( 3)  0.000  0.000
 330 D   0.12500 0.12500 0.12500 0.12500 0.12500 0.12500 0.12500 0.12500 0.00001 ( 2)  0.000  0.000
 331 E   0.12500 0.12500 0.12500 0.12500 0.12500 0.12500 0.12500 0.12500 0.00001 ( 3)  0.000  0.000
 332 V   0.12500 0.12500 0.12500 0.12500 0.12500 0.12500 0.12500 0.12500 0.00001 ( 3)  0.000  0.000
 333 H   0.12500 0.12500 0.12500 0.12500 0.12500 0.12500 0.12500 0.12500 0.00001 ( 2)  0.000  0.000
 334 A   0.12500 0.12500 0.12500 0.12500 0.12500 0.12500 0.12500 0.12500 0.00001 ( 3)  0.000  0.000
 335 V   0.12500 0.12500 0.12500 0.12500 0.12500 0.12500 0.12500 0.12500 0.00001 ( 3)  0.000  0.000
 336 G   0.12500 0.12500 0.12500 0.12500 0.12500 0.12500 0.12500 0.12500 0.00001 ( 2)  0.000  0.000
 337 L   0.12500 0.12500 0.12500 0.12500 0.12500 0.12500 0.12500 0.12500 0.00001 ( 5)  0.000  0.000
 338 Y   0.12500 0.12500 0.12500 0.12500 0.12500 0.12500 0.12500 0.12500 0.00001 ( 2)  0.000  0.000
 339 G   0.12500 0.12500 0.12500 0.12500 0.12500 0.12500 0.12500 0.12500 0.00001 ( 2)  0.000  0.000
 340 E   0.12500 0.12500 0.12500 0.12500 0.12500 0.12500 0.12500 0.12500 0.00001 ( 2)  0.000  0.000
 341 H   0.12500 0.12500 0.12500 0.12500 0.12500 0.12500 0.12500 0.12500 0.00001 ( 6)  0.000  0.000
 342 G   0.12500 0.12500 0.12500 0.12500 0.12500 0.12500 0.12500 0.12500 0.00001 ( 2)  0.000  0.000
 343 G   0.12500 0.12500 0.12500 0.12500 0.12500 0.12500 0.12500 0.12500 0.00001 ( 2)  0.000  0.000
 344 G   0.12500 0.12500 0.12500 0.12500 0.12500 0.12500 0.12500 0.12500 0.00001 ( 2)  0.000  0.000
 345 V   0.12500 0.12500 0.12500 0.12500 0.12500 0.12500 0.12500 0.12500 0.00001 ( 2)  0.000  0.000
 346 A   0.12500 0.12500 0.12500 0.12500 0.12500 0.12500 0.12500 0.12500 0.00001 ( 2)  0.000  0.000
 347 E   0.12500 0.12500 0.12500 0.12500 0.12500 0.12500 0.12500 0.12500 0.00001 ( 3)  0.000  0.000
 348 E   0.12500 0.12500 0.12500 0.12500 0.12500 0.12500 0.12500 0.12500 0.00001 ( 3)  0.000  0.000
 349 L   0.12500 0.12500 0.12500 0.12500 0.12500 0.12500 0.12500 0.12500 0.00001 ( 5)  0.000  0.000
 350 G   0.12500 0.12500 0.12500 0.12500 0.12500 0.12500 0.12500 0.12500 0.00001 ( 2)  0.000  0.000
 351 C   0.12500 0.12500 0.12500 0.12500 0.12500 0.12500 0.12500 0.12500 0.00001 ( 6)  0.000  0.000
 352 M   0.12500 0.12500 0.12500 0.12500 0.12500 0.12500 0.12500 0.12500 0.00001 ( 2)  0.000  0.000
 353 H   0.12500 0.12500 0.12500 0.12500 0.12500 0.12500 0.12500 0.12500 0.00001 ( 6)  0.000  0.000
 354 R   0.12500 0.12500 0.12500 0.12500 0.12500 0.12500 0.12500 0.12500 0.00001 ( 5)  0.000  0.000
 355 I   0.12500 0.12500 0.12500 0.12500 0.12500 0.12500 0.12500 0.12500 0.00001 ( 2)  0.000  0.000
 356 D   0.12500 0.12500 0.12500 0.12500 0.12500 0.12500 0.12500 0.12500 0.00001 ( 2)  0.000  0.000
 357 A   0.12500 0.12500 0.12500 0.12500 0.12500 0.12500 0.12500 0.12500 0.00001 ( 6)  0.000  0.000
 358 I   0.12500 0.12500 0.12500 0.12500 0.12500 0.12500 0.12500 0.12500 0.00001 ( 2)  0.000  0.000
 359 T   0.12500 0.12500 0.12500 0.12500 0.12500 0.12500 0.12500 0.12500 0.00001 ( 3)  0.000  0.000
 360 G   0.12500 0.12500 0.12500 0.12500 0.12500 0.12500 0.12500 0.12500 0.00001 ( 2)  0.000  0.000
 361 T   0.12500 0.12500 0.12500 0.12500 0.12500 0.12500 0.12500 0.12500 0.00001 ( 3)  0.000  0.000
 362 L   0.12500 0.12500 0.12500 0.12500 0.12500 0.12500 0.12500 0.12500 0.00001 ( 6)  0.000  0.000
 363 G   0.12500 0.12500 0.12500 0.12500 0.12500 0.12500 0.12500 0.12500 0.00001 ( 2)  0.000  0.000
 364 K   0.12500 0.12500 0.12500 0.12500 0.12500 0.12500 0.12500 0.12500 0.00001 ( 6)  0.000  0.000
 365 A   0.12500 0.12500 0.12500 0.12500 0.12500 0.12500 0.12500 0.12500 0.00001 ( 5)  0.000  0.000
 366 F   0.12500 0.12500 0.12500 0.12500 0.12500 0.12500 0.12500 0.12500 0.00001 ( 2)  0.000  0.000
 367 G   0.12500 0.12500 0.12500 0.12500 0.12500 0.12500 0.12500 0.12500 0.00001 ( 5)  0.000  0.000
 368 S   0.12500 0.12500 0.12500 0.12500 0.12500 0.12500 0.12500 0.12500 0.00001 ( 3)  0.000  0.000
 369 F   0.12500 0.12500 0.12500 0.12500 0.12500 0.12500 0.12500 0.12500 0.00001 ( 3)  0.000  0.000
 370 G   0.12500 0.12500 0.12500 0.12500 0.12500 0.12500 0.12500 0.12500 0.00001 ( 2)  0.000  0.000
 371 G   0.12500 0.12500 0.12500 0.12500 0.12500 0.12500 0.12500 0.12500 0.00001 ( 2)  0.000  0.000
 372 Y   0.12500 0.12500 0.12500 0.12500 0.12500 0.12500 0.12500 0.12500 0.00001 ( 2)  0.000  0.000
 373 L   0.12500 0.12500 0.12500 0.12500 0.12500 0.12500 0.12500 0.12500 0.00001 ( 6)  0.000  0.000
 374 V   0.12500 0.12500 0.12500 0.12500 0.12500 0.12500 0.12500 0.12500 0.00001 ( 3)  0.000  0.000
 375 A   0.12500 0.12500 0.12500 0.12500 0.12500 0.12500 0.12500 0.12500 0.00001 ( 5)  0.000  0.000
 376 N   0.12500 0.12500 0.12500 0.12500 0.12500 0.12500 0.12500 0.12500 0.00001 ( 2)  0.000  0.000
 377 R   0.12500 0.12500 0.12500 0.12500 0.12500 0.12500 0.12500 0.12500 0.00001 ( 2)  0.000  0.000
 378 A   0.12500 0.12500 0.12500 0.12500 0.12500 0.12500 0.12500 0.12500 0.00001 ( 2)  0.000  0.000
 379 L   0.12500 0.12500 0.12500 0.12500 0.12500 0.12500 0.12500 0.12500 0.00001 ( 6)  0.000  0.000
 380 I   0.12500 0.12500 0.12500 0.12500 0.12500 0.12500 0.12500 0.12500 0.00001 ( 5)  0.000  0.000
 381 D   0.12500 0.12500 0.12500 0.12500 0.12500 0.12500 0.12500 0.12500 0.00001 ( 2)  0.000  0.000
 382 T   0.12500 0.12500 0.12500 0.12500 0.12500 0.12500 0.12500 0.12500 0.00001 ( 3)  0.000  0.000
 383 V   0.12500 0.12500 0.12500 0.12500 0.12500 0.12500 0.12500 0.12500 0.00001 ( 3)  0.000  0.000
 384 R   0.12500 0.12500 0.12500 0.12500 0.12500 0.12500 0.12500 0.12500 0.00001 ( 5)  0.000  0.000
 385 S   0.12500 0.12500 0.12500 0.12500 0.12500 0.12500 0.12500 0.12500 0.00001 ( 3)  0.000  0.000
 386 Y   0.12500 0.12500 0.12500 0.12500 0.12500 0.12500 0.12500 0.12500 0.00001 ( 2)  0.000  0.000
 387 A   0.12500 0.12500 0.12500 0.12500 0.12500 0.12500 0.12500 0.12500 0.00001 ( 3)  0.000  0.000
 388 G   0.12500 0.12500 0.12500 0.12500 0.12500 0.12500 0.12500 0.12500 0.00001 ( 2)  0.000  0.000
 389 G   0.12500 0.12500 0.12500 0.12500 0.12500 0.12500 0.12500 0.12500 0.00001 ( 5)  0.000  0.000
 390 L   0.12500 0.12500 0.12500 0.12500 0.12500 0.12500 0.12500 0.12500 0.00001 ( 6)  0.000  0.000
 391 I   0.12500 0.12500 0.12500 0.12500 0.12500 0.12500 0.12500 0.12500 0.00001 ( 2)  0.000  0.000
 392 F   0.12500 0.12500 0.12500 0.12500 0.12500 0.12500 0.12500 0.12500 0.00001 ( 3)  0.000  0.000
 393 T   0.12500 0.12500 0.12500 0.12500 0.12500 0.12500 0.12500 0.12500 0.00001 ( 2)  0.000  0.000
 394 T   0.12500 0.12500 0.12500 0.12500 0.12500 0.12500 0.12500 0.12500 0.00001 ( 2)  0.000  0.000
 395 S   0.12500 0.12500 0.12500 0.12500 0.12500 0.12500 0.12500 0.12500 0.00001 ( 5)  0.000  0.000
 396 L   0.12500 0.12500 0.12500 0.12500 0.12500 0.12500 0.12500 0.12500 0.00001 ( 6)  0.000  0.000
 397 P   0.12500 0.12500 0.12500 0.12500 0.12500 0.12500 0.12500 0.12500 0.00001 ( 5)  0.000  0.000
 398 P   0.12500 0.12500 0.12500 0.12500 0.12500 0.12500 0.12500 0.12500 0.00001 ( 2)  0.000  0.000
 399 P   0.12500 0.12500 0.12500 0.12500 0.12500 0.12500 0.12500 0.12500 0.00001 ( 5)  0.000  0.000
 400 V   0.12500 0.12500 0.12500 0.12500 0.12500 0.12500 0.12500 0.12500 0.00001 ( 3)  0.000  0.000
 401 L   0.12500 0.12500 0.12500 0.12500 0.12500 0.12500 0.12500 0.12500 0.00001 ( 6)  0.000  0.000
 402 A   0.12500 0.12500 0.12500 0.12500 0.12500 0.12500 0.12500 0.12500 0.00001 ( 2)  0.000  0.000
 403 A   0.12500 0.12500 0.12500 0.12500 0.12500 0.12500 0.12500 0.12500 0.00001 ( 5)  0.000  0.000
 404 A   0.12500 0.12500 0.12500 0.12500 0.12500 0.12500 0.12500 0.12500 0.00001 ( 2)  0.000  0.000
 405 R   0.12500 0.12500 0.12500 0.12500 0.12500 0.12500 0.12500 0.12500 0.00001 ( 3)  0.000  0.000
 406 A   0.12500 0.12500 0.12500 0.12500 0.12500 0.12500 0.12500 0.12500 0.00001 ( 6)  0.000  0.000
 407 S   0.12500 0.12500 0.12500 0.12500 0.12500 0.12500 0.12500 0.12500 0.00001 ( 3)  0.000  0.000
 408 V   0.12500 0.12500 0.12500 0.12500 0.12500 0.12500 0.12500 0.12500 0.00001 ( 3)  0.000  0.000
 409 A   0.12500 0.12500 0.12500 0.12500 0.12500 0.12500 0.12500 0.12500 0.00001 ( 6)  0.000  0.000
 410 I   0.12500 0.12500 0.12500 0.12500 0.12500 0.12500 0.12500 0.12500 0.00001 ( 2)  0.000  0.000
 411 L   0.12500 0.12500 0.12500 0.12500 0.12500 0.12500 0.12500 0.12500 0.00001 ( 5)  0.000  0.000
 412 K   0.12500 0.12500 0.12500 0.12500 0.12500 0.12500 0.12500 0.12500 0.00001 ( 6)  0.000  0.000
 413 S   0.12500 0.12500 0.12500 0.12500 0.12500 0.12500 0.12500 0.12500 0.00001 ( 5)  0.000  0.000
 414 A   0.12500 0.12500 0.12500 0.12500 0.12500 0.12500 0.12500 0.12500 0.00001 ( 2)  0.000  0.000
 415 E   0.12500 0.12500 0.12500 0.12500 0.12500 0.12500 0.12500 0.12500 0.00001 ( 2)  0.000  0.000
 416 G   0.12500 0.12500 0.12500 0.12500 0.12500 0.12500 0.12500 0.12500 0.00001 ( 5)  0.000  0.000
 417 Q   0.12500 0.12500 0.12500 0.12500 0.12500 0.12500 0.12500 0.12500 0.00001 ( 6)  0.000  0.000
 418 D   0.12500 0.12500 0.12500 0.12500 0.12500 0.12500 0.12500 0.12500 0.00001 ( 2)  0.000  0.000
 419 L   0.12500 0.12500 0.12500 0.12500 0.12500 0.12500 0.12500 0.12500 0.00001 ( 6)  0.000  0.000
 420 R   0.12500 0.12500 0.12500 0.12500 0.12500 0.12500 0.12500 0.12500 0.00001 ( 5)  0.000  0.000
 421 A   0.12500 0.12500 0.12500 0.12500 0.12500 0.12500 0.12500 0.12500 0.00001 ( 5)  0.000  0.000
 422 E   0.12500 0.12500 0.12500 0.12500 0.12500 0.12500 0.12500 0.12500 0.00001 ( 3)  0.000  0.000
 423 H   0.12500 0.12500 0.12500 0.12500 0.12500 0.12500 0.12500 0.12500 0.00001 ( 6)  0.000  0.000
 424 R   0.12500 0.12500 0.12500 0.12500 0.12500 0.12500 0.12500 0.12500 0.00001 ( 5)  0.000  0.000
 425 R   0.12500 0.12500 0.12500 0.12500 0.12500 0.12500 0.12500 0.12500 0.00001 ( 5)  0.000  0.000
 426 R   0.12500 0.12500 0.12500 0.12500 0.12500 0.12500 0.12500 0.12500 0.00001 ( 5)  0.000  0.000
 427 A   0.12500 0.12500 0.12500 0.12500 0.12500 0.12500 0.12500 0.12500 0.00001 ( 5)  0.000  0.000
 428 D   0.12500 0.12500 0.12500 0.12500 0.12500 0.12500 0.12500 0.12500 0.00001 ( 2)  0.000  0.000
 429 F   0.12500 0.12500 0.12500 0.12500 0.12500 0.12500 0.12500 0.12500 0.00001 ( 3)  0.000  0.000
 430 V   0.12500 0.12500 0.12500 0.12500 0.12500 0.12500 0.12500 0.12500 0.00001 ( 3)  0.000  0.000
 431 R   0.12500 0.12500 0.12500 0.12500 0.12500 0.12500 0.12500 0.12500 0.00001 ( 3)  0.000  0.000
 432 R   0.12500 0.12500 0.12500 0.12500 0.12500 0.12500 0.12500 0.12500 0.00001 ( 5)  0.000  0.000
 433 R   0.12500 0.12500 0.12500 0.12500 0.12500 0.12500 0.12500 0.12500 0.00001 ( 3)  0.000  0.000
 434 L   0.12500 0.12500 0.12500 0.12500 0.12500 0.12500 0.12500 0.12500 0.00001 ( 6)  0.000  0.000
 435 Q   0.12500 0.12500 0.12500 0.12500 0.12500 0.12500 0.12500 0.12500 0.00001 ( 6)  0.000  0.000
 436 E   0.12500 0.12500 0.12500 0.12500 0.12500 0.12500 0.12500 0.12500 0.00001 ( 3)  0.000  0.000
 437 A   0.12500 0.12500 0.12500 0.12500 0.12500 0.12500 0.12500 0.12500 0.00001 ( 2)  0.000  0.000
 438 G   0.12500 0.12500 0.12500 0.12500 0.12500 0.12500 0.12500 0.12500 0.00001 ( 2)  0.000  0.000
 439 L   0.12500 0.12500 0.12500 0.12500 0.12500 0.12500 0.12500 0.12500 0.00001 ( 6)  0.000  0.000
 440 P   0.12500 0.12500 0.12500 0.12500 0.12500 0.12500 0.12500 0.12500 0.00001 ( 2)  0.000  0.000
 441 V   0.12500 0.12500 0.12500 0.12500 0.12500 0.12500 0.12500 0.12500 0.00001 ( 3)  0.000  0.000
 442 A   0.12500 0.12500 0.12500 0.12500 0.12500 0.12500 0.12500 0.12500 0.00001 ( 3)  0.000  0.000
 443 D   0.12500 0.12500 0.12500 0.12500 0.12500 0.12500 0.12500 0.12500 0.00001 ( 2)  0.000  0.000
 444 V   0.12500 0.12500 0.12500 0.12500 0.12500 0.12500 0.12500 0.12500 0.00001 ( 2)  0.000  0.000
 445 P   0.12500 0.12500 0.12500 0.12500 0.12500 0.12500 0.12500 0.12500 0.00001 ( 1)  0.000  0.000
 446 S   0.12500 0.12500 0.12500 0.12500 0.12500 0.12500 0.12500 0.12500 0.00001 ( 5)  0.000  0.000
 447 H   0.12500 0.12500 0.12500 0.12500 0.12500 0.12500 0.12500 0.12500 0.00001 ( 2)  0.000  0.000
 448 I   0.12500 0.12500 0.12500 0.12500 0.12500 0.12500 0.12500 0.12500 0.00001 ( 2)  0.000  0.000
 449 I   0.12500 0.12500 0.12500 0.12500 0.12500 0.12500 0.12500 0.12500 0.00001 ( 5)  0.000  0.000
 450 P   0.12500 0.12500 0.12500 0.12500 0.12500 0.12500 0.12500 0.12500 0.00001 ( 1)  0.000  0.000
 451 I   0.12500 0.12500 0.12500 0.12500 0.12500 0.12500 0.12500 0.12500 0.00001 ( 5)  0.000  0.000
 452 S   0.12500 0.12500 0.12500 0.12500 0.12500 0.12500 0.12500 0.12500 0.00001 ( 5)  0.000  0.000
 453 V   0.12500 0.12500 0.12500 0.12500 0.12500 0.12500 0.12500 0.12500 0.00001 ( 5)  0.000  0.000

Positively selected sites

	Prob(w>1)  mean w



lnL = -1854.062704

Bayes Empirical Bayes (BEB) probabilities for 11 classes (class) & postmean_w
(amino acids refer to 1st sequence: ecm.4514)

   1 M   0.22258 0.07109 0.06282 0.05916 0.05683 0.05499 0.05339 0.05221 0.05269 0.10785 0.20639 ( 1)  0.912 +-  1.346
   2 R   0.22209 0.07093 0.06269 0.05906 0.05675 0.05492 0.05334 0.05218 0.05267 0.10781 0.20755 ( 1)  0.917 +-  1.357
   3 V   0.22206 0.07092 0.06269 0.05905 0.05674 0.05492 0.05334 0.05218 0.05267 0.10781 0.20763 ( 1)  0.918 +-  1.358
   4 R   0.22209 0.07093 0.06269 0.05906 0.05675 0.05492 0.05334 0.05218 0.05267 0.10781 0.20755 ( 1)  0.917 +-  1.357
   5 V   0.22206 0.07092 0.06269 0.05905 0.05674 0.05492 0.05334 0.05218 0.05267 0.10781 0.20763 ( 1)  0.918 +-  1.358
   6 V   0.22229 0.07099 0.06275 0.05910 0.05678 0.05495 0.05336 0.05219 0.05268 0.10783 0.20707 ( 1)  0.915 +-  1.353
   7 L   0.22185 0.07085 0.06263 0.05901 0.05671 0.05489 0.05332 0.05216 0.05266 0.10779 0.20812 ( 1)  0.920 +-  1.362
   8 T   0.22238 0.07102 0.06277 0.05912 0.05680 0.05496 0.05337 0.05220 0.05269 0.10784 0.20686 ( 1)  0.914 +-  1.351
   9 D   0.22222 0.07097 0.06273 0.05908 0.05677 0.05494 0.05336 0.05219 0.05268 0.10782 0.20724 ( 1)  0.916 +-  1.354
  10 L   0.22175 0.07082 0.06261 0.05898 0.05669 0.05488 0.05331 0.05216 0.05266 0.10778 0.20837 ( 1)  0.921 +-  1.364
  11 A   0.22243 0.07104 0.06278 0.05913 0.05681 0.05497 0.05338 0.05220 0.05269 0.10784 0.20674 ( 1)  0.914 +-  1.350
  12 S   0.22223 0.07097 0.06273 0.05909 0.05677 0.05494 0.05336 0.05219 0.05268 0.10782 0.20722 ( 1)  0.916 +-  1.354
  13 C   0.22217 0.07095 0.06271 0.05907 0.05676 0.05493 0.05335 0.05218 0.05268 0.10782 0.20737 ( 1)  0.917 +-  1.355
  14 I   0.22243 0.07104 0.06278 0.05913 0.05681 0.05497 0.05338 0.05220 0.05269 0.10784 0.20673 ( 1)  0.914 +-  1.349
  15 L   0.22213 0.07094 0.06270 0.05906 0.05676 0.05493 0.05335 0.05218 0.05268 0.10781 0.20746 ( 1)  0.917 +-  1.356
  16 Q   0.22177 0.07082 0.06261 0.05899 0.05670 0.05488 0.05331 0.05216 0.05266 0.10778 0.20833 ( 1)  0.921 +-  1.364
  17 N   0.22225 0.07098 0.06274 0.05909 0.05678 0.05494 0.05336 0.05219 0.05268 0.10782 0.20717 ( 1)  0.916 +-  1.353
  18 C   0.22217 0.07095 0.06271 0.05907 0.05676 0.05493 0.05335 0.05218 0.05268 0.10782 0.20737 ( 1)  0.917 +-  1.355
  19 S   0.22195 0.07088 0.06266 0.05903 0.05673 0.05490 0.05333 0.05217 0.05267 0.10780 0.20790 ( 1)  0.919 +-  1.360
  20 K   0.22203 0.07091 0.06268 0.05904 0.05674 0.05492 0.05334 0.05217 0.05267 0.10780 0.20770 ( 1)  0.918 +-  1.358
  21 S   0.22213 0.07094 0.06270 0.05906 0.05676 0.05493 0.05335 0.05218 0.05268 0.10781 0.20746 ( 1)  0.917 +-  1.356
  22 P   0.22195 0.07088 0.06266 0.05903 0.05673 0.05491 0.05333 0.05217 0.05267 0.10780 0.20789 ( 1)  0.919 +-  1.360
  23 G   0.22237 0.07102 0.06277 0.05912 0.05680 0.05496 0.05337 0.05220 0.05269 0.10783 0.20688 ( 1)  0.914 +-  1.351
  24 N   0.22237 0.07102 0.06277 0.05912 0.05680 0.05496 0.05337 0.05220 0.05269 0.10784 0.20687 ( 1)  0.914 +-  1.351
  25 F   0.22213 0.07094 0.06271 0.05907 0.05676 0.05493 0.05335 0.05218 0.05268 0.10781 0.20745 ( 1)  0.917 +-  1.356
  26 S   0.22213 0.07094 0.06270 0.05906 0.05676 0.05493 0.05335 0.05218 0.05268 0.10781 0.20746 ( 1)  0.917 +-  1.356
  27 R   0.22230 0.07100 0.06275 0.05910 0.05679 0.05495 0.05336 0.05219 0.05268 0.10783 0.20705 ( 1)  0.915 +-  1.352
  28 P   0.22220 0.07096 0.06272 0.05908 0.05677 0.05494 0.05335 0.05219 0.05268 0.10782 0.20730 ( 1)  0.916 +-  1.355
  29 R   0.22209 0.07093 0.06269 0.05906 0.05675 0.05492 0.05334 0.05218 0.05267 0.10781 0.20755 ( 1)  0.917 +-  1.357
  30 R   0.22181 0.07084 0.06262 0.05900 0.05670 0.05489 0.05331 0.05216 0.05266 0.10778 0.20823 ( 1)  0.921 +-  1.363
  31 L   0.22194 0.07088 0.06265 0.05902 0.05672 0.05490 0.05333 0.05217 0.05267 0.10779 0.20792 ( 1)  0.919 +-  1.360
  32 T   0.22206 0.07092 0.06269 0.05905 0.05674 0.05492 0.05334 0.05218 0.05267 0.10781 0.20763 ( 1)  0.918 +-  1.358
  33 H   0.22208 0.07092 0.06269 0.05905 0.05675 0.05492 0.05334 0.05218 0.05267 0.10781 0.20759 ( 1)  0.918 +-  1.357
  34 T   0.22242 0.07104 0.06278 0.05913 0.05681 0.05497 0.05337 0.05220 0.05269 0.10784 0.20676 ( 1)  0.914 +-  1.350
  35 A   0.22230 0.07100 0.06275 0.05910 0.05679 0.05495 0.05336 0.05219 0.05268 0.10783 0.20705 ( 1)  0.915 +-  1.352
  36 V   0.22242 0.07104 0.06278 0.05913 0.05681 0.05497 0.05337 0.05220 0.05269 0.10784 0.20676 ( 1)  0.914 +-  1.350
  37 L   0.22175 0.07082 0.06261 0.05898 0.05669 0.05488 0.05331 0.05216 0.05266 0.10778 0.20837 ( 1)  0.921 +-  1.364
  38 A   0.22243 0.07104 0.06278 0.05913 0.05681 0.05497 0.05338 0.05220 0.05269 0.10784 0.20674 ( 1)  0.914 +-  1.350
  39 N   0.22237 0.07102 0.06277 0.05912 0.05680 0.05496 0.05337 0.05220 0.05269 0.10784 0.20687 ( 1)  0.914 +-  1.351
  40 D   0.22222 0.07097 0.06273 0.05908 0.05677 0.05494 0.05336 0.05219 0.05268 0.10782 0.20724 ( 1)  0.916 +-  1.354
  41 R   0.22181 0.07084 0.06262 0.05900 0.05670 0.05489 0.05331 0.05216 0.05266 0.10778 0.20823 ( 1)  0.921 +-  1.363
  42 L   0.22223 0.07097 0.06273 0.05909 0.05677 0.05494 0.05336 0.05219 0.05268 0.10782 0.20723 ( 1)  0.916 +-  1.354
  43 P   0.22195 0.07088 0.06266 0.05903 0.05673 0.05491 0.05333 0.05217 0.05267 0.10780 0.20789 ( 1)  0.919 +-  1.360
  44 F   0.22213 0.07094 0.06271 0.05907 0.05676 0.05493 0.05335 0.05218 0.05268 0.10781 0.20745 ( 1)  0.917 +-  1.356
  45 P   0.22220 0.07096 0.06272 0.05908 0.05677 0.05494 0.05335 0.05219 0.05268 0.10782 0.20730 ( 1)  0.916 +-  1.355
  46 P   0.22195 0.07088 0.06266 0.05903 0.05673 0.05491 0.05333 0.05217 0.05267 0.10780 0.20789 ( 1)  0.919 +-  1.360
  47 V   0.22229 0.07099 0.06275 0.05910 0.05678 0.05495 0.05336 0.05219 0.05268 0.10783 0.20707 ( 1)  0.915 +-  1.353
  48 C   0.22208 0.07092 0.06269 0.05905 0.05675 0.05492 0.05334 0.05218 0.05267 0.10781 0.20759 ( 1)  0.918 +-  1.357
  49 D   0.22222 0.07097 0.06273 0.05908 0.05677 0.05494 0.05336 0.05219 0.05268 0.10782 0.20724 ( 1)  0.916 +-  1.354
  50 G   0.22225 0.07098 0.06274 0.05909 0.05678 0.05494 0.05336 0.05219 0.05268 0.10782 0.20717 ( 1)  0.916 +-  1.353
  51 L   0.22185 0.07085 0.06263 0.05901 0.05671 0.05489 0.05332 0.05216 0.05266 0.10779 0.20812 ( 1)  0.920 +-  1.362
  52 E   0.22230 0.07100 0.06275 0.05910 0.05679 0.05495 0.05336 0.05219 0.05268 0.10783 0.20705 ( 1)  0.915 +-  1.352
  53 K   0.22233 0.07101 0.06276 0.05911 0.05679 0.05496 0.05337 0.05219 0.05268 0.10783 0.20698 ( 1)  0.915 +-  1.352
  54 C   0.22217 0.07095 0.06271 0.05907 0.05676 0.05493 0.05335 0.05218 0.05268 0.10782 0.20737 ( 1)  0.917 +-  1.355
  55 V   0.22206 0.07092 0.06269 0.05905 0.05674 0.05492 0.05334 0.05218 0.05267 0.10781 0.20763 ( 1)  0.918 +-  1.358
  56 L   0.22213 0.07094 0.06270 0.05906 0.05676 0.05493 0.05335 0.05218 0.05268 0.10781 0.20746 ( 1)  0.917 +-  1.356
  57 G   0.22237 0.07102 0.06277 0.05912 0.05680 0.05496 0.05337 0.05220 0.05269 0.10783 0.20688 ( 1)  0.914 +-  1.351
  58 Q   0.22177 0.07082 0.06261 0.05899 0.05670 0.05488 0.05331 0.05216 0.05266 0.10778 0.20833 ( 1)  0.921 +-  1.364
  59 C   0.22208 0.07092 0.06269 0.05905 0.05675 0.05492 0.05334 0.05218 0.05267 0.10781 0.20759 ( 1)  0.918 +-  1.357
  60 P   0.22213 0.07094 0.06270 0.05907 0.05676 0.05493 0.05335 0.05218 0.05268 0.10781 0.20745 ( 1)  0.917 +-  1.356
  61 Y   0.22209 0.07093 0.06269 0.05906 0.05675 0.05492 0.05334 0.05218 0.05267 0.10781 0.20755 ( 1)  0.917 +-  1.357
  62 S   0.22195 0.07088 0.06266 0.05903 0.05673 0.05490 0.05333 0.05217 0.05267 0.10780 0.20790 ( 1)  0.919 +-  1.360
  63 V   0.22238 0.07102 0.06277 0.05912 0.05680 0.05496 0.05337 0.05220 0.05269 0.10784 0.20687 ( 1)  0.914 +-  1.351
  64 E   0.22201 0.07090 0.06267 0.05904 0.05674 0.05491 0.05333 0.05217 0.05267 0.10780 0.20774 ( 1)  0.918 +-  1.359
  65 S   0.22222 0.07097 0.06273 0.05908 0.05677 0.05494 0.05336 0.05219 0.05268 0.10782 0.20723 ( 1)  0.916 +-  1.354
  66 G   0.22225 0.07098 0.06274 0.05909 0.05678 0.05494 0.05336 0.05219 0.05268 0.10782 0.20717 ( 1)  0.916 +-  1.353
  67 N   0.22225 0.07098 0.06274 0.05909 0.05678 0.05494 0.05336 0.05219 0.05268 0.10782 0.20717 ( 1)  0.916 +-  1.353
  68 P   0.22220 0.07096 0.06272 0.05908 0.05677 0.05494 0.05335 0.05219 0.05268 0.10782 0.20730 ( 1)  0.916 +-  1.355
  69 Q   0.22177 0.07082 0.06261 0.05899 0.05670 0.05488 0.05331 0.05216 0.05266 0.10778 0.20833 ( 1)  0.921 +-  1.364
  70 H   0.22217 0.07095 0.06271 0.05907 0.05676 0.05493 0.05335 0.05218 0.05268 0.10782 0.20737 ( 1)  0.917 +-  1.355
  71 Q   0.22188 0.07086 0.06264 0.05901 0.05671 0.05490 0.05332 0.05216 0.05267 0.10779 0.20805 ( 1)  0.920 +-  1.361
  72 K   0.22233 0.07101 0.06276 0.05911 0.05679 0.05496 0.05337 0.05219 0.05268 0.10783 0.20698 ( 1)  0.915 +-  1.352
  73 E   0.22201 0.07090 0.06267 0.05904 0.05674 0.05491 0.05333 0.05217 0.05267 0.10780 0.20774 ( 1)  0.918 +-  1.359
  74 R   0.22201 0.07090 0.06267 0.05904 0.05674 0.05491 0.05333 0.05217 0.05267 0.10780 0.20774 ( 1)  0.918 +-  1.359
  75 K   0.22233 0.07101 0.06276 0.05911 0.05679 0.05496 0.05337 0.05219 0.05268 0.10783 0.20698 ( 1)  0.915 +-  1.352
  76 D   0.22234 0.07101 0.06276 0.05911 0.05679 0.05496 0.05337 0.05219 0.05268 0.10783 0.20696 ( 1)  0.915 +-  1.351
  77 Y   0.22209 0.07093 0.06269 0.05906 0.05675 0.05492 0.05334 0.05218 0.05267 0.10781 0.20755 ( 1)  0.917 +-  1.357
  78 V   0.22206 0.07092 0.06269 0.05905 0.05674 0.05492 0.05334 0.05218 0.05267 0.10781 0.20763 ( 1)  0.918 +-  1.358
  79 D   0.22234 0.07101 0.06276 0.05911 0.05679 0.05496 0.05337 0.05219 0.05268 0.10783 0.20696 ( 1)  0.915 +-  1.351
  80 A   0.22239 0.07102 0.06277 0.05912 0.05680 0.05496 0.05337 0.05220 0.05269 0.10784 0.20685 ( 1)  0.914 +-  1.350
  81 F   0.22223 0.07097 0.06273 0.05909 0.05677 0.05494 0.05336 0.05219 0.05268 0.10782 0.20721 ( 1)  0.916 +-  1.354
  82 V   0.22242 0.07104 0.06278 0.05913 0.05681 0.05497 0.05337 0.05220 0.05269 0.10784 0.20676 ( 1)  0.914 +-  1.350
  83 P   0.22220 0.07096 0.06272 0.05908 0.05677 0.05494 0.05335 0.05219 0.05268 0.10782 0.20730 ( 1)  0.916 +-  1.355
  84 T   0.22238 0.07102 0.06277 0.05912 0.05680 0.05496 0.05337 0.05220 0.05269 0.10784 0.20686 ( 1)  0.914 +-  1.351
  85 T   0.22238 0.07102 0.06277 0.05912 0.05680 0.05496 0.05337 0.05220 0.05269 0.10784 0.20686 ( 1)  0.914 +-  1.351
  86 C   0.22208 0.07092 0.06269 0.05905 0.05675 0.05492 0.05334 0.05218 0.05267 0.10781 0.20759 ( 1)  0.918 +-  1.357
  87 A   0.22243 0.07104 0.06278 0.05913 0.05681 0.05497 0.05338 0.05220 0.05269 0.10784 0.20674 ( 1)  0.914 +-  1.350
  88 L   0.22180 0.07083 0.06262 0.05899 0.05670 0.05488 0.05331 0.05216 0.05266 0.10778 0.20825 ( 1)  0.921 +-  1.363
  89 Y   0.22209 0.07093 0.06269 0.05906 0.05675 0.05492 0.05334 0.05218 0.05267 0.10781 0.20755 ( 1)  0.917 +-  1.357
  90 P   0.22213 0.07094 0.06270 0.05907 0.05676 0.05493 0.05335 0.05218 0.05268 0.10781 0.20745 ( 1)  0.917 +-  1.356
  91 C   0.22217 0.07095 0.06271 0.05907 0.05676 0.05493 0.05335 0.05218 0.05268 0.10782 0.20737 ( 1)  0.917 +-  1.355
  92 K   0.22233 0.07101 0.06276 0.05911 0.05679 0.05496 0.05337 0.05219 0.05268 0.10783 0.20698 ( 1)  0.915 +-  1.352
  93 S   0.22213 0.07094 0.06270 0.05906 0.05676 0.05493 0.05335 0.05218 0.05268 0.10781 0.20746 ( 1)  0.917 +-  1.356
  94 A   0.22239 0.07102 0.06277 0.05912 0.05680 0.05496 0.05337 0.05220 0.05269 0.10784 0.20685 ( 1)  0.914 +-  1.350
  95 Q   0.22177 0.07082 0.06261 0.05899 0.05670 0.05488 0.05331 0.05216 0.05266 0.10778 0.20833 ( 1)  0.921 +-  1.364
  96 S   0.22223 0.07097 0.06273 0.05909 0.05677 0.05494 0.05336 0.05219 0.05268 0.10782 0.20722 ( 1)  0.916 +-  1.354
  97 M   0.22258 0.07109 0.06282 0.05916 0.05683 0.05499 0.05339 0.05221 0.05269 0.10785 0.20639 ( 1)  0.912 +-  1.346
  98 P   0.22213 0.07094 0.06270 0.05907 0.05676 0.05493 0.05335 0.05218 0.05268 0.10781 0.20745 ( 1)  0.917 +-  1.356
  99 P   0.22220 0.07096 0.06272 0.05908 0.05677 0.05494 0.05335 0.05219 0.05268 0.10782 0.20730 ( 1)  0.916 +-  1.355
 100 P   0.22213 0.07094 0.06270 0.05907 0.05676 0.05493 0.05335 0.05218 0.05268 0.10781 0.20745 ( 1)  0.917 +-  1.356
 101 P   0.22195 0.07088 0.06266 0.05903 0.05673 0.05491 0.05333 0.05217 0.05267 0.10780 0.20789 ( 1)  0.919 +-  1.360
 102 R   0.22201 0.07090 0.06267 0.05904 0.05674 0.05491 0.05333 0.05217 0.05267 0.10780 0.20774 ( 1)  0.918 +-  1.359
 103 N   0.22237 0.07102 0.06277 0.05912 0.05680 0.05496 0.05337 0.05220 0.05269 0.10784 0.20687 ( 1)  0.914 +-  1.351
 104 T   0.22206 0.07092 0.06269 0.05905 0.05674 0.05492 0.05334 0.05218 0.05267 0.10781 0.20763 ( 1)  0.918 +-  1.358
 105 C   0.22217 0.07095 0.06271 0.05907 0.05676 0.05493 0.05335 0.05218 0.05268 0.10782 0.20737 ( 1)  0.917 +-  1.355
 106 L   0.22185 0.07085 0.06263 0.05901 0.05671 0.05489 0.05332 0.05216 0.05266 0.10779 0.20812 ( 1)  0.920 +-  1.362
 107 Q   0.22188 0.07086 0.06264 0.05901 0.05671 0.05490 0.05332 0.05216 0.05267 0.10779 0.20805 ( 1)  0.920 +-  1.361
 108 L   0.22194 0.07088 0.06265 0.05902 0.05672 0.05490 0.05333 0.05217 0.05267 0.10779 0.20792 ( 1)  0.919 +-  1.360
 109 S   0.22195 0.07088 0.06266 0.05903 0.05673 0.05490 0.05333 0.05217 0.05267 0.10780 0.20790 ( 1)  0.919 +-  1.360
 110 G   0.22225 0.07098 0.06274 0.05909 0.05678 0.05494 0.05336 0.05219 0.05268 0.10782 0.20717 ( 1)  0.916 +-  1.353
 111 M   0.22258 0.07109 0.06282 0.05916 0.05683 0.05499 0.05339 0.05221 0.05269 0.10785 0.20639 ( 1)  0.912 +-  1.346
 112 R   0.22230 0.07100 0.06275 0.05910 0.05679 0.05495 0.05336 0.05219 0.05268 0.10783 0.20705 ( 1)  0.915 +-  1.352
 113 Q   0.22188 0.07086 0.06264 0.05901 0.05671 0.05490 0.05332 0.05216 0.05267 0.10779 0.20805 ( 1)  0.920 +-  1.361
 114 A   0.22206 0.07092 0.06269 0.05905 0.05675 0.05492 0.05334 0.05218 0.05267 0.10781 0.20762 ( 1)  0.918 +-  1.357
 115 I   0.22230 0.07100 0.06275 0.05910 0.05679 0.05495 0.05336 0.05219 0.05268 0.10783 0.20705 ( 1)  0.915 +-  1.352
 116 R   0.22215 0.07095 0.06271 0.05907 0.05676 0.05493 0.05335 0.05218 0.05268 0.10781 0.20740 ( 1)  0.917 +-  1.355
 117 F   0.22223 0.07097 0.06273 0.05909 0.05677 0.05494 0.05336 0.05219 0.05268 0.10782 0.20721 ( 1)  0.916 +-  1.354
 118 D   0.22222 0.07097 0.06273 0.05908 0.05677 0.05494 0.05336 0.05219 0.05268 0.10782 0.20724 ( 1)  0.916 +-  1.354
 119 Y   0.22219 0.07096 0.06272 0.05908 0.05677 0.05494 0.05335 0.05218 0.05268 0.10782 0.20732 ( 1)  0.916 +-  1.355
 120 S   0.22195 0.07088 0.06266 0.05903 0.05673 0.05490 0.05333 0.05217 0.05267 0.10780 0.20790 ( 1)  0.919 +-  1.360
 121 S   0.22219 0.07096 0.06272 0.05908 0.05677 0.05494 0.05335 0.05219 0.05268 0.10782 0.20731 ( 1)  0.916 +-  1.355
 122 F   0.22213 0.07094 0.06271 0.05907 0.05676 0.05493 0.05335 0.05218 0.05268 0.10781 0.20745 ( 1)  0.917 +-  1.356
 123 F   0.22223 0.07097 0.06273 0.05909 0.05677 0.05494 0.05336 0.05219 0.05268 0.10782 0.20721 ( 1)  0.916 +-  1.354
 124 E   0.22201 0.07090 0.06267 0.05904 0.05674 0.05491 0.05333 0.05217 0.05267 0.10780 0.20774 ( 1)  0.918 +-  1.359
 125 K   0.22233 0.07101 0.06276 0.05911 0.05679 0.05496 0.05337 0.05219 0.05268 0.10783 0.20698 ( 1)  0.915 +-  1.352
 126 Q   0.22177 0.07082 0.06261 0.05899 0.05670 0.05488 0.05331 0.05216 0.05266 0.10778 0.20833 ( 1)  0.921 +-  1.364
 127 L   0.22185 0.07085 0.06263 0.05901 0.05671 0.05489 0.05332 0.05216 0.05266 0.10779 0.20812 ( 1)  0.920 +-  1.362
 128 E   0.22201 0.07090 0.06267 0.05904 0.05674 0.05491 0.05333 0.05217 0.05267 0.10780 0.20774 ( 1)  0.918 +-  1.359
 129 T   0.22238 0.07102 0.06277 0.05912 0.05680 0.05496 0.05337 0.05220 0.05269 0.10784 0.20686 ( 1)  0.914 +-  1.351
 130 K   0.22233 0.07101 0.06276 0.05911 0.05679 0.05496 0.05337 0.05219 0.05268 0.10783 0.20698 ( 1)  0.915 +-  1.352
 131 R   0.22181 0.07084 0.06262 0.05900 0.05670 0.05489 0.05331 0.05216 0.05266 0.10778 0.20823 ( 1)  0.921 +-  1.363
 132 A   0.22243 0.07104 0.06278 0.05913 0.05681 0.05497 0.05338 0.05220 0.05269 0.10784 0.20674 ( 1)  0.914 +-  1.350
 133 T   0.22229 0.07099 0.06275 0.05910 0.05679 0.05495 0.05336 0.05219 0.05268 0.10783 0.20707 ( 1)  0.915 +-  1.352
 134 A   0.22206 0.07092 0.06269 0.05905 0.05675 0.05492 0.05334 0.05218 0.05267 0.10781 0.20762 ( 1)  0.918 +-  1.357
 135 T   0.22238 0.07102 0.06277 0.05912 0.05680 0.05496 0.05337 0.05220 0.05269 0.10784 0.20686 ( 1)  0.914 +-  1.351
 136 Y   0.22209 0.07093 0.06269 0.05906 0.05675 0.05492 0.05334 0.05218 0.05267 0.10781 0.20755 ( 1)  0.917 +-  1.357
 137 R   0.22209 0.07093 0.06269 0.05906 0.05675 0.05492 0.05334 0.05218 0.05267 0.10781 0.20755 ( 1)  0.917 +-  1.357
 138 V   0.22238 0.07102 0.06277 0.05912 0.05680 0.05496 0.05337 0.05220 0.05269 0.10784 0.20687 ( 1)  0.914 +-  1.351
 139 F   0.22213 0.07094 0.06271 0.05907 0.05676 0.05493 0.05335 0.05218 0.05268 0.10781 0.20745 ( 1)  0.917 +-  1.356
 140 R   0.22181 0.07084 0.06262 0.05900 0.05670 0.05489 0.05331 0.05216 0.05266 0.10778 0.20823 ( 1)  0.921 +-  1.363
 141 R   0.22181 0.07084 0.06262 0.05900 0.05670 0.05489 0.05331 0.05216 0.05266 0.10778 0.20823 ( 1)  0.921 +-  1.363
 142 I   0.22230 0.07100 0.06275 0.05910 0.05679 0.05495 0.05336 0.05219 0.05268 0.10783 0.20705 ( 1)  0.915 +-  1.352
 143 L   0.22223 0.07097 0.06273 0.05909 0.05677 0.05494 0.05336 0.05219 0.05268 0.10782 0.20723 ( 1)  0.916 +-  1.354
 144 R   0.22181 0.07084 0.06262 0.05900 0.05670 0.05489 0.05331 0.05216 0.05266 0.10778 0.20823 ( 1)  0.921 +-  1.363
 145 D   0.22222 0.07097 0.06273 0.05908 0.05677 0.05494 0.05336 0.05219 0.05268 0.10782 0.20724 ( 1)  0.916 +-  1.354
 146 A   0.22243 0.07104 0.06278 0.05913 0.05681 0.05497 0.05338 0.05220 0.05269 0.10784 0.20674 ( 1)  0.914 +-  1.350
 147 N   0.22237 0.07102 0.06277 0.05912 0.05680 0.05496 0.05337 0.05220 0.05269 0.10784 0.20687 ( 1)  0.914 +-  1.351
 148 H   0.22217 0.07095 0.06271 0.05907 0.05676 0.05493 0.05335 0.05218 0.05268 0.10782 0.20737 ( 1)  0.917 +-  1.355
 149 Y   0.22209 0.07093 0.06269 0.05906 0.05675 0.05492 0.05334 0.05218 0.05267 0.10781 0.20755 ( 1)  0.917 +-  1.357
 150 P   0.22223 0.07097 0.06273 0.05909 0.05677 0.05494 0.05336 0.05219 0.05268 0.10782 0.20721 ( 1)  0.916 +-  1.354
 151 F   0.22213 0.07094 0.06271 0.05907 0.05676 0.05493 0.05335 0.05218 0.05268 0.10781 0.20745 ( 1)  0.917 +-  1.356
 152 A   0.22239 0.07102 0.06277 0.05912 0.05680 0.05496 0.05337 0.05220 0.05269 0.10784 0.20685 ( 1)  0.914 +-  1.350
 153 E   0.22230 0.07100 0.06275 0.05910 0.05679 0.05495 0.05336 0.05219 0.05268 0.10783 0.20705 ( 1)  0.915 +-  1.352
 154 D   0.22234 0.07101 0.06276 0.05911 0.05679 0.05496 0.05337 0.05219 0.05268 0.10783 0.20696 ( 1)  0.915 +-  1.351
 155 F   0.22223 0.07097 0.06273 0.05909 0.05677 0.05494 0.05336 0.05219 0.05268 0.10782 0.20721 ( 1)  0.916 +-  1.354
 156 S   0.22223 0.07097 0.06273 0.05909 0.05677 0.05494 0.05336 0.05219 0.05268 0.10782 0.20722 ( 1)  0.916 +-  1.354
 157 T   0.22229 0.07099 0.06275 0.05910 0.05679 0.05495 0.05336 0.05219 0.05268 0.10783 0.20707 ( 1)  0.915 +-  1.352
 158 G   0.22203 0.07091 0.06268 0.05904 0.05674 0.05492 0.05334 0.05217 0.05267 0.10780 0.20770 ( 1)  0.918 +-  1.358
 159 R   0.22230 0.07100 0.06275 0.05910 0.05679 0.05495 0.05336 0.05219 0.05268 0.10783 0.20705 ( 1)  0.915 +-  1.352
 160 R   0.22209 0.07093 0.06269 0.05906 0.05675 0.05492 0.05334 0.05218 0.05267 0.10781 0.20755 ( 1)  0.917 +-  1.357
 161 Q   0.22177 0.07082 0.06261 0.05899 0.05670 0.05488 0.05331 0.05216 0.05266 0.10778 0.20833 ( 1)  0.921 +-  1.364
 162 T   0.22229 0.07099 0.06275 0.05910 0.05679 0.05495 0.05336 0.05219 0.05268 0.10783 0.20707 ( 1)  0.915 +-  1.352
 163 I   0.22243 0.07104 0.06278 0.05913 0.05681 0.05497 0.05338 0.05220 0.05269 0.10784 0.20673 ( 1)  0.914 +-  1.349
 164 N   0.22237 0.07102 0.06277 0.05912 0.05680 0.05496 0.05337 0.05220 0.05269 0.10784 0.20687 ( 1)  0.914 +-  1.351
 165 V   0.22238 0.07102 0.06277 0.05912 0.05680 0.05496 0.05337 0.05220 0.05269 0.10784 0.20687 ( 1)  0.914 +-  1.351
 166 W   0.22188 0.07086 0.06264 0.05901 0.05671 0.05490 0.05332 0.05216 0.05267 0.10779 0.20805 ( 1)  0.920 +-  1.361
 167 C   0.22217 0.07095 0.06271 0.05907 0.05676 0.05493 0.05335 0.05218 0.05268 0.10782 0.20737 ( 1)  0.917 +-  1.355
 168 S   0.22195 0.07088 0.06266 0.05903 0.05673 0.05490 0.05333 0.05217 0.05267 0.10780 0.20790 ( 1)  0.919 +-  1.360
 169 N   0.22225 0.07098 0.06274 0.05909 0.05678 0.05494 0.05336 0.05219 0.05268 0.10782 0.20717 ( 1)  0.916 +-  1.353
 170 D   0.22234 0.07101 0.06276 0.05911 0.05679 0.05496 0.05337 0.05219 0.05268 0.10783 0.20696 ( 1)  0.915 +-  1.351
 171 Y   0.22209 0.07093 0.06269 0.05906 0.05675 0.05492 0.05334 0.05218 0.05267 0.10781 0.20755 ( 1)  0.917 +-  1.357
 172 L   0.22213 0.07094 0.06270 0.05906 0.05676 0.05493 0.05335 0.05218 0.05268 0.10781 0.20746 ( 1)  0.917 +-  1.356
 173 G   0.22225 0.07098 0.06274 0.05909 0.05678 0.05494 0.05336 0.05219 0.05268 0.10782 0.20717 ( 1)  0.916 +-  1.353
 174 M   0.22258 0.07109 0.06282 0.05916 0.05683 0.05499 0.05339 0.05221 0.05269 0.10785 0.20639 ( 1)  0.912 +-  1.346
 175 S   0.22234 0.07101 0.06276 0.05911 0.05679 0.05496 0.05337 0.05219 0.05268 0.10783 0.20695 ( 1)  0.915 +-  1.351
 176 R   0.22230 0.07100 0.06275 0.05910 0.05679 0.05495 0.05336 0.05219 0.05268 0.10783 0.20705 ( 1)  0.915 +-  1.352
 177 H   0.22208 0.07092 0.06269 0.05905 0.05675 0.05492 0.05334 0.05218 0.05267 0.10781 0.20759 ( 1)  0.918 +-  1.357
 178 P   0.22223 0.07097 0.06273 0.05909 0.05677 0.05494 0.05336 0.05219 0.05268 0.10782 0.20721 ( 1)  0.916 +-  1.354
 179 M   0.22258 0.07109 0.06282 0.05916 0.05683 0.05499 0.05339 0.05221 0.05269 0.10785 0.20639 ( 1)  0.912 +-  1.346
 180 V   0.22229 0.07099 0.06275 0.05910 0.05678 0.05495 0.05336 0.05219 0.05268 0.10783 0.20707 ( 1)  0.915 +-  1.353
 181 L   0.22194 0.07088 0.06265 0.05902 0.05672 0.05490 0.05333 0.05217 0.05267 0.10779 0.20792 ( 1)  0.919 +-  1.360
 182 E   0.22230 0.07100 0.06275 0.05910 0.05679 0.05495 0.05336 0.05219 0.05268 0.10783 0.20705 ( 1)  0.915 +-  1.352
 183 S   0.22234 0.07101 0.06276 0.05911 0.05679 0.05496 0.05337 0.05219 0.05268 0.10783 0.20695 ( 1)  0.915 +-  1.351
 184 A   0.22239 0.07102 0.06277 0.05912 0.05680 0.05496 0.05337 0.05220 0.05269 0.10784 0.20685 ( 1)  0.914 +-  1.350
 185 R   0.22230 0.07100 0.06275 0.05910 0.05679 0.05495 0.05336 0.05219 0.05268 0.10783 0.20705 ( 1)  0.915 +-  1.352
 186 N   0.22237 0.07102 0.06277 0.05912 0.05680 0.05496 0.05337 0.05220 0.05269 0.10784 0.20687 ( 1)  0.914 +-  1.351
 187 A   0.22230 0.07100 0.06275 0.05910 0.05679 0.05495 0.05336 0.05219 0.05268 0.10783 0.20705 ( 1)  0.915 +-  1.352
 188 I   0.22238 0.07102 0.06277 0.05912 0.05680 0.05496 0.05337 0.05220 0.05269 0.10784 0.20685 ( 1)  0.914 +-  1.350
 189 N   0.22237 0.07102 0.06277 0.05912 0.05680 0.05496 0.05337 0.05220 0.05269 0.10784 0.20687 ( 1)  0.914 +-  1.351
 190 R   0.22181 0.07084 0.06262 0.05900 0.05670 0.05489 0.05331 0.05216 0.05266 0.10778 0.20823 ( 1)  0.921 +-  1.363
 191 F   0.22223 0.07097 0.06273 0.05909 0.05677 0.05494 0.05336 0.05219 0.05268 0.10782 0.20721 ( 1)  0.916 +-  1.354
 192 G   0.22233 0.07101 0.06276 0.05911 0.05679 0.05496 0.05337 0.05219 0.05268 0.10783 0.20698 ( 1)  0.915 +-  1.352
 193 I   0.22238 0.07102 0.06277 0.05912 0.05680 0.05496 0.05337 0.05220 0.05269 0.10784 0.20685 ( 1)  0.914 +-  1.350
 194 G   0.22233 0.07101 0.06276 0.05911 0.05679 0.05496 0.05337 0.05219 0.05268 0.10783 0.20698 ( 1)  0.915 +-  1.352
 195 S   0.22219 0.07096 0.06272 0.05908 0.05677 0.05494 0.05335 0.05219 0.05268 0.10782 0.20731 ( 1)  0.916 +-  1.355
 196 G   0.22203 0.07091 0.06268 0.05904 0.05674 0.05492 0.05334 0.05217 0.05267 0.10780 0.20770 ( 1)  0.918 +-  1.358
 197 G   0.22233 0.07101 0.06276 0.05911 0.05679 0.05496 0.05337 0.05219 0.05268 0.10783 0.20698 ( 1)  0.915 +-  1.352
 198 T   0.22206 0.07092 0.06269 0.05905 0.05674 0.05492 0.05334 0.05218 0.05267 0.10781 0.20763 ( 1)  0.918 +-  1.358
 199 R   0.22219 0.07096 0.06272 0.05908 0.05677 0.05494 0.05335 0.05218 0.05268 0.10782 0.20733 ( 1)  0.916 +-  1.355
 200 N   0.22237 0.07102 0.06277 0.05912 0.05680 0.05496 0.05337 0.05220 0.05269 0.10784 0.20687 ( 1)  0.914 +-  1.351
 201 I   0.22243 0.07104 0.06278 0.05913 0.05681 0.05497 0.05338 0.05220 0.05269 0.10784 0.20673 ( 1)  0.914 +-  1.349
 202 S   0.22213 0.07094 0.06270 0.05906 0.05676 0.05493 0.05335 0.05218 0.05268 0.10781 0.20746 ( 1)  0.917 +-  1.356
 203 G   0.22237 0.07102 0.06277 0.05912 0.05680 0.05496 0.05337 0.05220 0.05269 0.10783 0.20688 ( 1)  0.914 +-  1.351
 204 N   0.22237 0.07102 0.06277 0.05912 0.05680 0.05496 0.05337 0.05220 0.05269 0.10784 0.20687 ( 1)  0.914 +-  1.351
 205 T   0.22229 0.07099 0.06275 0.05910 0.05679 0.05495 0.05336 0.05219 0.05268 0.10783 0.20707 ( 1)  0.915 +-  1.352
 206 L   0.22194 0.07088 0.06265 0.05902 0.05672 0.05490 0.05333 0.05217 0.05267 0.10779 0.20792 ( 1)  0.919 +-  1.360
 207 L   0.22175 0.07082 0.06261 0.05898 0.05669 0.05488 0.05331 0.05216 0.05266 0.10778 0.20837 ( 1)  0.921 +-  1.364
 208 H   0.22217 0.07095 0.06271 0.05907 0.05676 0.05493 0.05335 0.05218 0.05268 0.10782 0.20737 ( 1)  0.917 +-  1.355
 209 E   0.22201 0.07090 0.06267 0.05904 0.05674 0.05491 0.05333 0.05217 0.05267 0.10780 0.20774 ( 1)  0.918 +-  1.359
 210 A   0.22206 0.07092 0.06269 0.05905 0.05675 0.05492 0.05334 0.05218 0.05267 0.10781 0.20762 ( 1)  0.918 +-  1.357
 211 L   0.22194 0.07088 0.06265 0.05902 0.05672 0.05490 0.05333 0.05217 0.05267 0.10779 0.20792 ( 1)  0.919 +-  1.360
 212 E   0.22230 0.07100 0.06275 0.05910 0.05679 0.05495 0.05336 0.05219 0.05268 0.10783 0.20705 ( 1)  0.915 +-  1.352
 213 H   0.22208 0.07092 0.06269 0.05905 0.05675 0.05492 0.05334 0.05218 0.05267 0.10781 0.20759 ( 1)  0.918 +-  1.357
 214 E   0.22230 0.07100 0.06275 0.05910 0.05679 0.05495 0.05336 0.05219 0.05268 0.10783 0.20705 ( 1)  0.915 +-  1.352
 215 L   0.22185 0.07085 0.06263 0.05901 0.05671 0.05489 0.05332 0.05216 0.05266 0.10779 0.20812 ( 1)  0.920 +-  1.362
 216 A   0.22243 0.07104 0.06278 0.05913 0.05681 0.05497 0.05338 0.05220 0.05269 0.10784 0.20674 ( 1)  0.914 +-  1.350
 217 D   0.22234 0.07101 0.06276 0.05911 0.05679 0.05496 0.05337 0.05219 0.05268 0.10783 0.20696 ( 1)  0.915 +-  1.351
 218 L   0.22213 0.07094 0.06270 0.05906 0.05676 0.05493 0.05335 0.05218 0.05268 0.10781 0.20746 ( 1)  0.917 +-  1.356
 219 H   0.22208 0.07092 0.06269 0.05905 0.05675 0.05492 0.05334 0.05218 0.05267 0.10781 0.20759 ( 1)  0.918 +-  1.357
 220 G   0.22225 0.07098 0.06274 0.05909 0.05678 0.05494 0.05336 0.05219 0.05268 0.10782 0.20717 ( 1)  0.916 +-  1.353
 221 K   0.22233 0.07101 0.06276 0.05911 0.05679 0.05496 0.05337 0.05219 0.05268 0.10783 0.20698 ( 1)  0.915 +-  1.352
 222 E   0.22230 0.07100 0.06275 0.05910 0.05679 0.05495 0.05336 0.05219 0.05268 0.10783 0.20705 ( 1)  0.915 +-  1.352
 223 A   0.22206 0.07092 0.06269 0.05905 0.05675 0.05492 0.05334 0.05218 0.05267 0.10781 0.20762 ( 1)  0.918 +-  1.357
 224 G   0.22225 0.07098 0.06274 0.05909 0.05678 0.05494 0.05336 0.05219 0.05268 0.10782 0.20717 ( 1)  0.916 +-  1.353
 225 L   0.22194 0.07088 0.06265 0.05902 0.05672 0.05490 0.05333 0.05217 0.05267 0.10779 0.20792 ( 1)  0.919 +-  1.360
 226 V   0.22238 0.07102 0.06277 0.05912 0.05680 0.05496 0.05337 0.05220 0.05269 0.10784 0.20687 ( 1)  0.914 +-  1.351
 227 F   0.22223 0.07097 0.06273 0.05909 0.05677 0.05494 0.05336 0.05219 0.05268 0.10782 0.20721 ( 1)  0.916 +-  1.354
 228 T   0.22242 0.07104 0.06278 0.05913 0.05681 0.05497 0.05337 0.05220 0.05269 0.10784 0.20676 ( 1)  0.914 +-  1.350
 229 S   0.22234 0.07101 0.06276 0.05911 0.05679 0.05496 0.05337 0.05219 0.05268 0.10783 0.20695 ( 1)  0.915 +-  1.351
 230 C   0.22217 0.07095 0.06271 0.05907 0.05676 0.05493 0.05335 0.05218 0.05268 0.10782 0.20737 ( 1)  0.917 +-  1.355
 231 F   0.22213 0.07094 0.06271 0.05907 0.05676 0.05493 0.05335 0.05218 0.05268 0.10781 0.20745 ( 1)  0.917 +-  1.356
 232 V   0.22242 0.07104 0.06278 0.05913 0.05681 0.05497 0.05337 0.05220 0.05269 0.10784 0.20676 ( 1)  0.914 +-  1.350
 233 A   0.22243 0.07104 0.06278 0.05913 0.05681 0.05497 0.05338 0.05220 0.05269 0.10784 0.20674 ( 1)  0.914 +-  1.350
 234 N   0.22237 0.07102 0.06277 0.05912 0.05680 0.05496 0.05337 0.05220 0.05269 0.10784 0.20687 ( 1)  0.914 +-  1.351
 235 E   0.22230 0.07100 0.06275 0.05910 0.05679 0.05495 0.05336 0.05219 0.05268 0.10783 0.20705 ( 1)  0.915 +-  1.352
 236 A   0.22230 0.07100 0.06275 0.05910 0.05679 0.05495 0.05336 0.05219 0.05268 0.10783 0.20705 ( 1)  0.915 +-  1.352
 237 A   0.22243 0.07104 0.06278 0.05913 0.05681 0.05497 0.05338 0.05220 0.05269 0.10784 0.20674 ( 1)  0.914 +-  1.350
 238 I   0.22243 0.07104 0.06278 0.05913 0.05681 0.05497 0.05338 0.05220 0.05269 0.10784 0.20673 ( 1)  0.914 +-  1.349
 239 Y   0.22219 0.07096 0.06272 0.05908 0.05677 0.05494 0.05335 0.05218 0.05268 0.10782 0.20732 ( 1)  0.916 +-  1.355
 240 T   0.22229 0.07099 0.06275 0.05910 0.05679 0.05495 0.05336 0.05219 0.05268 0.10783 0.20707 ( 1)  0.915 +-  1.352
 241 L   0.22194 0.07088 0.06265 0.05902 0.05672 0.05490 0.05333 0.05217 0.05267 0.10779 0.20792 ( 1)  0.919 +-  1.360
 242 G   0.22237 0.07102 0.06277 0.05912 0.05680 0.05496 0.05337 0.05220 0.05269 0.10783 0.20688 ( 1)  0.914 +-  1.351
 243 T   0.22238 0.07102 0.06277 0.05912 0.05680 0.05496 0.05337 0.05220 0.05269 0.10784 0.20686 ( 1)  0.914 +-  1.351
 244 L   0.22185 0.07085 0.06263 0.05901 0.05671 0.05489 0.05332 0.05216 0.05266 0.10779 0.20812 ( 1)  0.920 +-  1.362
 245 I   0.22243 0.07104 0.06278 0.05913 0.05681 0.05497 0.05338 0.05220 0.05269 0.10784 0.20673 ( 1)  0.914 +-  1.349
 246 P   0.22223 0.07097 0.06273 0.05909 0.05677 0.05494 0.05336 0.05219 0.05268 0.10782 0.20721 ( 1)  0.916 +-  1.354
 247 G   0.22237 0.07102 0.06277 0.05912 0.05680 0.05496 0.05337 0.05220 0.05269 0.10783 0.20688 ( 1)  0.914 +-  1.351
 248 L   0.22223 0.07097 0.06273 0.05909 0.05677 0.05494 0.05336 0.05219 0.05268 0.10782 0.20723 ( 1)  0.916 +-  1.354
 249 K   0.22233 0.07101 0.06276 0.05911 0.05679 0.05496 0.05337 0.05219 0.05268 0.10783 0.20698 ( 1)  0.915 +-  1.352
 250 I   0.22243 0.07104 0.06278 0.05913 0.05681 0.05497 0.05338 0.05220 0.05269 0.10784 0.20673 ( 1)  0.914 +-  1.349
 251 F   0.22223 0.07097 0.06273 0.05909 0.05677 0.05494 0.05336 0.05219 0.05268 0.10782 0.20721 ( 1)  0.916 +-  1.354
 252 S   0.22213 0.07094 0.06270 0.05906 0.05676 0.05493 0.05335 0.05218 0.05268 0.10781 0.20746 ( 1)  0.917 +-  1.356
 253 D   0.22222 0.07097 0.06273 0.05908 0.05677 0.05494 0.05336 0.05219 0.05268 0.10782 0.20724 ( 1)  0.916 +-  1.354
 254 A   0.22243 0.07104 0.06278 0.05913 0.05681 0.05497 0.05338 0.05220 0.05269 0.10784 0.20674 ( 1)  0.914 +-  1.350
 255 G   0.22237 0.07102 0.06277 0.05912 0.05680 0.05496 0.05337 0.05220 0.05269 0.10783 0.20688 ( 1)  0.914 +-  1.351
 256 N   0.22225 0.07098 0.06274 0.05909 0.05678 0.05494 0.05336 0.05219 0.05268 0.10782 0.20717 ( 1)  0.916 +-  1.353
 257 H   0.22208 0.07092 0.06269 0.05905 0.05675 0.05492 0.05334 0.05218 0.05267 0.10781 0.20759 ( 1)  0.918 +-  1.357
 258 A   0.22243 0.07104 0.06278 0.05913 0.05681 0.05497 0.05338 0.05220 0.05269 0.10784 0.20674 ( 1)  0.914 +-  1.350
 259 S   0.22223 0.07097 0.06273 0.05909 0.05677 0.05494 0.05336 0.05219 0.05268 0.10782 0.20722 ( 1)  0.916 +-  1.354
 260 L   0.22213 0.07094 0.06270 0.05906 0.05676 0.05493 0.05335 0.05218 0.05268 0.10781 0.20746 ( 1)  0.917 +-  1.356
 261 I   0.22243 0.07104 0.06278 0.05913 0.05681 0.05497 0.05338 0.05220 0.05269 0.10784 0.20673 ( 1)  0.914 +-  1.349
 262 H   0.22208 0.07092 0.06269 0.05905 0.05675 0.05492 0.05334 0.05218 0.05267 0.10781 0.20759 ( 1)  0.918 +-  1.357
 263 G   0.22237 0.07102 0.06277 0.05912 0.05680 0.05496 0.05337 0.05220 0.05269 0.10783 0.20688 ( 1)  0.914 +-  1.351
 264 I   0.22238 0.07102 0.06277 0.05912 0.05680 0.05496 0.05337 0.05220 0.05269 0.10784 0.20685 ( 1)  0.914 +-  1.350
 265 R   0.22219 0.07096 0.06272 0.05908 0.05677 0.05494 0.05335 0.05218 0.05268 0.10782 0.20733 ( 1)  0.916 +-  1.355
 266 T   0.22229 0.07099 0.06275 0.05910 0.05679 0.05495 0.05336 0.05219 0.05268 0.10783 0.20707 ( 1)  0.915 +-  1.352
 267 S   0.22222 0.07097 0.06273 0.05908 0.05677 0.05494 0.05336 0.05219 0.05268 0.10782 0.20723 ( 1)  0.916 +-  1.354
 268 R   0.22215 0.07095 0.06271 0.05907 0.05676 0.05493 0.05335 0.05218 0.05268 0.10781 0.20740 ( 1)  0.917 +-  1.355
 269 A   0.22239 0.07102 0.06277 0.05912 0.05680 0.05496 0.05337 0.05220 0.05269 0.10784 0.20685 ( 1)  0.914 +-  1.350
 270 P   0.22213 0.07094 0.06270 0.05907 0.05676 0.05493 0.05335 0.05218 0.05268 0.10781 0.20745 ( 1)  0.917 +-  1.356
 271 K   0.22233 0.07101 0.06276 0.05911 0.05679 0.05496 0.05337 0.05219 0.05268 0.10783 0.20698 ( 1)  0.915 +-  1.352
 272 Y   0.22219 0.07096 0.06272 0.05908 0.05677 0.05494 0.05335 0.05218 0.05268 0.10782 0.20732 ( 1)  0.916 +-  1.355
 273 I   0.22243 0.07104 0.06278 0.05913 0.05681 0.05497 0.05338 0.05220 0.05269 0.10784 0.20673 ( 1)  0.914 +-  1.349
 274 Y   0.22219 0.07096 0.06272 0.05908 0.05677 0.05494 0.05335 0.05218 0.05268 0.10782 0.20732 ( 1)  0.916 +-  1.355
 275 R   0.22209 0.07093 0.06269 0.05906 0.05675 0.05492 0.05334 0.05218 0.05267 0.10781 0.20755 ( 1)  0.917 +-  1.357
 276 E   0.22230 0.07100 0.06275 0.05910 0.05679 0.05495 0.05336 0.05219 0.05268 0.10783 0.20705 ( 1)  0.915 +-  1.352
 277 N   0.22225 0.07098 0.06274 0.05909 0.05678 0.05494 0.05336 0.05219 0.05268 0.10782 0.20717 ( 1)  0.916 +-  1.353
 278 D   0.22222 0.07097 0.06273 0.05908 0.05677 0.05494 0.05336 0.05219 0.05268 0.10782 0.20724 ( 1)  0.916 +-  1.354
 279 A   0.22230 0.07100 0.06275 0.05910 0.05679 0.05495 0.05336 0.05219 0.05268 0.10783 0.20705 ( 1)  0.915 +-  1.352
 280 G   0.22237 0.07102 0.06277 0.05912 0.05680 0.05496 0.05337 0.05220 0.05269 0.10783 0.20688 ( 1)  0.914 +-  1.351
 281 H   0.22208 0.07092 0.06269 0.05905 0.05675 0.05492 0.05334 0.05218 0.05267 0.10781 0.20759 ( 1)  0.918 +-  1.357
 282 L   0.22194 0.07088 0.06265 0.05902 0.05672 0.05490 0.05333 0.05217 0.05267 0.10779 0.20792 ( 1)  0.919 +-  1.360
 283 D   0.22222 0.07097 0.06273 0.05908 0.05677 0.05494 0.05336 0.05219 0.05268 0.10782 0.20724 ( 1)  0.916 +-  1.354
 284 E   0.22201 0.07090 0.06267 0.05904 0.05674 0.05491 0.05333 0.05217 0.05267 0.10780 0.20774 ( 1)  0.918 +-  1.359
 285 L   0.22185 0.07085 0.06263 0.05901 0.05671 0.05489 0.05332 0.05216 0.05266 0.10779 0.20812 ( 1)  0.920 +-  1.362
 286 M   0.22258 0.07109 0.06282 0.05916 0.05683 0.05499 0.05339 0.05221 0.05269 0.10785 0.20639 ( 1)  0.912 +-  1.346
 287 Q   0.22188 0.07086 0.06264 0.05901 0.05671 0.05490 0.05332 0.05216 0.05267 0.10779 0.20805 ( 1)  0.920 +-  1.361
 288 Q   0.22177 0.07082 0.06261 0.05899 0.05670 0.05488 0.05331 0.05216 0.05266 0.10778 0.20833 ( 1)  0.921 +-  1.364
 289 Q   0.22177 0.07082 0.06261 0.05899 0.05670 0.05488 0.05331 0.05216 0.05266 0.10778 0.20833 ( 1)  0.921 +-  1.364
 290 S   0.22195 0.07088 0.06266 0.05903 0.05673 0.05490 0.05333 0.05217 0.05267 0.10780 0.20790 ( 1)  0.919 +-  1.360
 291 T   0.22229 0.07099 0.06275 0.05910 0.05679 0.05495 0.05336 0.05219 0.05268 0.10783 0.20707 ( 1)  0.915 +-  1.352
 292 P   0.22220 0.07096 0.06272 0.05908 0.05677 0.05494 0.05335 0.05219 0.05268 0.10782 0.20730 ( 1)  0.916 +-  1.355
 293 S   0.22234 0.07101 0.06276 0.05911 0.05679 0.05496 0.05337 0.05219 0.05268 0.10783 0.20695 ( 1)  0.915 +-  1.351
 294 E   0.22230 0.07100 0.06275 0.05910 0.05679 0.05495 0.05336 0.05219 0.05268 0.10783 0.20705 ( 1)  0.915 +-  1.352
 295 P   0.22223 0.07097 0.06273 0.05909 0.05677 0.05494 0.05336 0.05219 0.05268 0.10782 0.20721 ( 1)  0.916 +-  1.354
 296 K   0.22233 0.07101 0.06276 0.05911 0.05679 0.05496 0.05337 0.05219 0.05268 0.10783 0.20698 ( 1)  0.915 +-  1.352
 297 L   0.22185 0.07085 0.06263 0.05901 0.05671 0.05489 0.05332 0.05216 0.05266 0.10779 0.20812 ( 1)  0.920 +-  1.362
 298 A   0.22239 0.07102 0.06277 0.05912 0.05680 0.05496 0.05337 0.05220 0.05269 0.10784 0.20685 ( 1)  0.914 +-  1.350
 299 V   0.22229 0.07099 0.06275 0.05910 0.05678 0.05495 0.05336 0.05219 0.05268 0.10783 0.20707 ( 1)  0.915 +-  1.353
 300 C   0.22208 0.07092 0.06269 0.05905 0.05675 0.05492 0.05334 0.05218 0.05267 0.10781 0.20759 ( 1)  0.918 +-  1.357
 301 E   0.22230 0.07100 0.06275 0.05910 0.05679 0.05495 0.05336 0.05219 0.05268 0.10783 0.20705 ( 1)  0.915 +-  1.352
 302 T   0.22242 0.07104 0.06278 0.05913 0.05681 0.05497 0.05337 0.05220 0.05269 0.10784 0.20676 ( 1)  0.914 +-  1.350
 303 V   0.22229 0.07099 0.06275 0.05910 0.05678 0.05495 0.05336 0.05219 0.05268 0.10783 0.20707 ( 1)  0.915 +-  1.353
 304 H   0.22208 0.07092 0.06269 0.05905 0.05675 0.05492 0.05334 0.05218 0.05267 0.10781 0.20759 ( 1)  0.918 +-  1.357
 305 S   0.22195 0.07088 0.06266 0.05903 0.05673 0.05490 0.05333 0.05217 0.05267 0.10780 0.20790 ( 1)  0.919 +-  1.360
 306 M   0.22258 0.07109 0.06282 0.05916 0.05683 0.05499 0.05339 0.05221 0.05269 0.10785 0.20639 ( 1)  0.912 +-  1.346
 307 N   0.22225 0.07098 0.06274 0.05909 0.05678 0.05494 0.05336 0.05219 0.05268 0.10782 0.20717 ( 1)  0.916 +-  1.353
 308 G   0.22233 0.07101 0.06276 0.05911 0.05679 0.05496 0.05337 0.05219 0.05268 0.10783 0.20698 ( 1)  0.915 +-  1.352
 309 S   0.22234 0.07101 0.06276 0.05911 0.05679 0.05496 0.05337 0.05219 0.05268 0.10783 0.20695 ( 1)  0.915 +-  1.351
 310 I   0.22238 0.07102 0.06277 0.05912 0.05680 0.05496 0.05337 0.05220 0.05269 0.10784 0.20685 ( 1)  0.914 +-  1.350
 311 V   0.22229 0.07099 0.06275 0.05910 0.05678 0.05495 0.05336 0.05219 0.05268 0.10783 0.20707 ( 1)  0.915 +-  1.353
 312 P   0.22195 0.07088 0.06266 0.05903 0.05673 0.05491 0.05333 0.05217 0.05267 0.10780 0.20789 ( 1)  0.919 +-  1.360
 313 L   0.22194 0.07088 0.06265 0.05902 0.05672 0.05490 0.05333 0.05217 0.05267 0.10779 0.20792 ( 1)  0.919 +-  1.360
 314 R   0.22230 0.07100 0.06275 0.05910 0.05679 0.05495 0.05336 0.05219 0.05268 0.10783 0.20705 ( 1)  0.915 +-  1.352
 315 E   0.22201 0.07090 0.06267 0.05904 0.05674 0.05491 0.05333 0.05217 0.05267 0.10780 0.20774 ( 1)  0.918 +-  1.359
 316 F   0.22223 0.07097 0.06273 0.05909 0.05677 0.05494 0.05336 0.05219 0.05268 0.10782 0.20721 ( 1)  0.916 +-  1.354
 317 L   0.22223 0.07097 0.06273 0.05909 0.05677 0.05494 0.05336 0.05219 0.05268 0.10782 0.20723 ( 1)  0.916 +-  1.354
 318 D   0.22234 0.07101 0.06276 0.05911 0.05679 0.05496 0.05337 0.05219 0.05268 0.10783 0.20696 ( 1)  0.915 +-  1.351
 319 V   0.22242 0.07104 0.06278 0.05913 0.05681 0.05497 0.05337 0.05220 0.05269 0.10784 0.20676 ( 1)  0.914 +-  1.350
 320 C   0.22217 0.07095 0.06271 0.05907 0.05676 0.05493 0.05335 0.05218 0.05268 0.10782 0.20737 ( 1)  0.917 +-  1.355
 321 E   0.22230 0.07100 0.06275 0.05910 0.05679 0.05495 0.05336 0.05219 0.05268 0.10783 0.20705 ( 1)  0.915 +-  1.352
 322 D   0.22222 0.07097 0.06273 0.05908 0.05677 0.05494 0.05336 0.05219 0.05268 0.10782 0.20724 ( 1)  0.916 +-  1.354
 323 H   0.22217 0.07095 0.06271 0.05907 0.05676 0.05493 0.05335 0.05218 0.05268 0.10782 0.20737 ( 1)  0.917 +-  1.355
 324 N   0.22237 0.07102 0.06277 0.05912 0.05680 0.05496 0.05337 0.05220 0.05269 0.10784 0.20687 ( 1)  0.914 +-  1.351
 325 A   0.22243 0.07104 0.06278 0.05913 0.05681 0.05497 0.05338 0.05220 0.05269 0.10784 0.20674 ( 1)  0.914 +-  1.350
 326 L   0.22194 0.07088 0.06265 0.05902 0.05672 0.05490 0.05333 0.05217 0.05267 0.10779 0.20792 ( 1)  0.919 +-  1.360
 327 T   0.22229 0.07099 0.06275 0.05910 0.05679 0.05495 0.05336 0.05219 0.05268 0.10783 0.20707 ( 1)  0.915 +-  1.352
 328 F   0.22223 0.07097 0.06273 0.05909 0.05677 0.05494 0.05336 0.05219 0.05268 0.10782 0.20721 ( 1)  0.916 +-  1.354
 329 V   0.22238 0.07102 0.06277 0.05912 0.05680 0.05496 0.05337 0.05220 0.05269 0.10784 0.20687 ( 1)  0.914 +-  1.351
 330 D   0.22222 0.07097 0.06273 0.05908 0.05677 0.05494 0.05336 0.05219 0.05268 0.10782 0.20724 ( 1)  0.916 +-  1.354
 331 E   0.22230 0.07100 0.06275 0.05910 0.05679 0.05495 0.05336 0.05219 0.05268 0.10783 0.20705 ( 1)  0.915 +-  1.352
 332 V   0.22238 0.07102 0.06277 0.05912 0.05680 0.05496 0.05337 0.05220 0.05269 0.10784 0.20687 ( 1)  0.914 +-  1.351
 333 H   0.22217 0.07095 0.06271 0.05907 0.05676 0.05493 0.05335 0.05218 0.05268 0.10782 0.20737 ( 1)  0.917 +-  1.355
 334 A   0.22230 0.07100 0.06275 0.05910 0.05679 0.05495 0.05336 0.05219 0.05268 0.10783 0.20705 ( 1)  0.915 +-  1.352
 335 V   0.22238 0.07102 0.06277 0.05912 0.05680 0.05496 0.05337 0.05220 0.05269 0.10784 0.20687 ( 1)  0.914 +-  1.351
 336 G   0.22225 0.07098 0.06274 0.05909 0.05678 0.05494 0.05336 0.05219 0.05268 0.10782 0.20717 ( 1)  0.916 +-  1.353
 337 L   0.22223 0.07097 0.06273 0.05909 0.05677 0.05494 0.05336 0.05219 0.05268 0.10782 0.20723 ( 1)  0.916 +-  1.354
 338 Y   0.22219 0.07096 0.06272 0.05908 0.05677 0.05494 0.05335 0.05218 0.05268 0.10782 0.20732 ( 1)  0.916 +-  1.355
 339 G   0.22225 0.07098 0.06274 0.05909 0.05678 0.05494 0.05336 0.05219 0.05268 0.10782 0.20717 ( 1)  0.916 +-  1.353
 340 E   0.22201 0.07090 0.06267 0.05904 0.05674 0.05491 0.05333 0.05217 0.05267 0.10780 0.20774 ( 1)  0.918 +-  1.359
 341 H   0.22208 0.07092 0.06269 0.05905 0.05675 0.05492 0.05334 0.05218 0.05267 0.10781 0.20759 ( 1)  0.918 +-  1.357
 342 G   0.22203 0.07091 0.06268 0.05904 0.05674 0.05492 0.05334 0.05217 0.05267 0.10780 0.20770 ( 1)  0.918 +-  1.358
 343 G   0.22225 0.07098 0.06274 0.05909 0.05678 0.05494 0.05336 0.05219 0.05268 0.10782 0.20717 ( 1)  0.916 +-  1.353
 344 G   0.22203 0.07091 0.06268 0.05904 0.05674 0.05492 0.05334 0.05217 0.05267 0.10780 0.20770 ( 1)  0.918 +-  1.358
 345 V   0.22242 0.07104 0.06278 0.05913 0.05681 0.05497 0.05337 0.05220 0.05269 0.10784 0.20676 ( 1)  0.914 +-  1.350
 346 A   0.22239 0.07102 0.06277 0.05912 0.05680 0.05496 0.05337 0.05220 0.05269 0.10784 0.20685 ( 1)  0.914 +-  1.350
 347 E   0.22230 0.07100 0.06275 0.05910 0.05679 0.05495 0.05336 0.05219 0.05268 0.10783 0.20705 ( 1)  0.915 +-  1.352
 348 E   0.22230 0.07100 0.06275 0.05910 0.05679 0.05495 0.05336 0.05219 0.05268 0.10783 0.20705 ( 1)  0.915 +-  1.352
 349 L   0.22223 0.07097 0.06273 0.05909 0.05677 0.05494 0.05336 0.05219 0.05268 0.10782 0.20723 ( 1)  0.916 +-  1.354
 350 G   0.22225 0.07098 0.06274 0.05909 0.05678 0.05494 0.05336 0.05219 0.05268 0.10782 0.20717 ( 1)  0.916 +-  1.353
 351 C   0.22208 0.07092 0.06269 0.05905 0.05675 0.05492 0.05334 0.05218 0.05267 0.10781 0.20759 ( 1)  0.918 +-  1.357
 352 M   0.22258 0.07109 0.06282 0.05916 0.05683 0.05499 0.05339 0.05221 0.05269 0.10785 0.20639 ( 1)  0.912 +-  1.346
 353 H   0.22208 0.07092 0.06269 0.05905 0.05675 0.05492 0.05334 0.05218 0.05267 0.10781 0.20759 ( 1)  0.918 +-  1.357
 354 R   0.22219 0.07096 0.06272 0.05908 0.05677 0.05494 0.05335 0.05218 0.05268 0.10782 0.20733 ( 1)  0.916 +-  1.355
 355 I   0.22243 0.07104 0.06278 0.05913 0.05681 0.05497 0.05338 0.05220 0.05269 0.10784 0.20673 ( 1)  0.914 +-  1.349
 356 D   0.22234 0.07101 0.06276 0.05911 0.05679 0.05496 0.05337 0.05219 0.05268 0.10783 0.20696 ( 1)  0.915 +-  1.351
 357 A   0.22243 0.07104 0.06278 0.05913 0.05681 0.05497 0.05338 0.05220 0.05269 0.10784 0.20674 ( 1)  0.914 +-  1.350
 358 I   0.22243 0.07104 0.06278 0.05913 0.05681 0.05497 0.05338 0.05220 0.05269 0.10784 0.20673 ( 1)  0.914 +-  1.349
 359 T   0.22229 0.07099 0.06275 0.05910 0.05679 0.05495 0.05336 0.05219 0.05268 0.10783 0.20707 ( 1)  0.915 +-  1.352
 360 G   0.22237 0.07102 0.06277 0.05912 0.05680 0.05496 0.05337 0.05220 0.05269 0.10783 0.20688 ( 1)  0.914 +-  1.351
 361 T   0.22229 0.07099 0.06275 0.05910 0.05679 0.05495 0.05336 0.05219 0.05268 0.10783 0.20707 ( 1)  0.915 +-  1.352
 362 L   0.22194 0.07088 0.06265 0.05902 0.05672 0.05490 0.05333 0.05217 0.05267 0.10779 0.20792 ( 1)  0.919 +-  1.360
 363 G   0.22237 0.07102 0.06277 0.05912 0.05680 0.05496 0.05337 0.05220 0.05269 0.10783 0.20688 ( 1)  0.914 +-  1.351
 364 K   0.22233 0.07101 0.06276 0.05911 0.05679 0.05496 0.05337 0.05219 0.05268 0.10783 0.20698 ( 1)  0.915 +-  1.352
 365 A   0.22206 0.07092 0.06269 0.05905 0.05675 0.05492 0.05334 0.05218 0.05267 0.10781 0.20762 ( 1)  0.918 +-  1.357
 366 F   0.22213 0.07094 0.06271 0.05907 0.05676 0.05493 0.05335 0.05218 0.05268 0.10781 0.20745 ( 1)  0.917 +-  1.356
 367 G   0.22233 0.07101 0.06276 0.05911 0.05679 0.05496 0.05337 0.05219 0.05268 0.10783 0.20698 ( 1)  0.915 +-  1.352
 368 S   0.22234 0.07101 0.06276 0.05911 0.05679 0.05496 0.05337 0.05219 0.05268 0.10783 0.20695 ( 1)  0.915 +-  1.351
 369 F   0.22223 0.07097 0.06273 0.05909 0.05677 0.05494 0.05336 0.05219 0.05268 0.10782 0.20721 ( 1)  0.916 +-  1.354
 370 G   0.22237 0.07102 0.06277 0.05912 0.05680 0.05496 0.05337 0.05220 0.05269 0.10783 0.20688 ( 1)  0.914 +-  1.351
 371 G   0.22237 0.07102 0.06277 0.05912 0.05680 0.05496 0.05337 0.05220 0.05269 0.10783 0.20688 ( 1)  0.914 +-  1.351
 372 Y   0.22219 0.07096 0.06272 0.05908 0.05677 0.05494 0.05335 0.05218 0.05268 0.10782 0.20732 ( 1)  0.916 +-  1.355
 373 L   0.22194 0.07088 0.06265 0.05902 0.05672 0.05490 0.05333 0.05217 0.05267 0.10779 0.20792 ( 1)  0.919 +-  1.360
 374 V   0.22206 0.07092 0.06269 0.05905 0.05674 0.05492 0.05334 0.05218 0.05267 0.10781 0.20763 ( 1)  0.918 +-  1.358
 375 A   0.22206 0.07092 0.06269 0.05905 0.05675 0.05492 0.05334 0.05218 0.05267 0.10781 0.20762 ( 1)  0.918 +-  1.357
 376 N   0.22237 0.07102 0.06277 0.05912 0.05680 0.05496 0.05337 0.05220 0.05269 0.10784 0.20687 ( 1)  0.914 +-  1.351
 377 R   0.22230 0.07100 0.06275 0.05910 0.05679 0.05495 0.05336 0.05219 0.05268 0.10783 0.20705 ( 1)  0.915 +-  1.352
 378 A   0.22239 0.07102 0.06277 0.05912 0.05680 0.05496 0.05337 0.05220 0.05269 0.10784 0.20685 ( 1)  0.914 +-  1.350
 379 L   0.22185 0.07085 0.06263 0.05901 0.05671 0.05489 0.05332 0.05216 0.05266 0.10779 0.20812 ( 1)  0.920 +-  1.362
 380 I   0.22230 0.07100 0.06275 0.05910 0.05679 0.05495 0.05336 0.05219 0.05268 0.10783 0.20705 ( 1)  0.915 +-  1.352
 381 D   0.22234 0.07101 0.06276 0.05911 0.05679 0.05496 0.05337 0.05219 0.05268 0.10783 0.20696 ( 1)  0.915 +-  1.351
 382 T   0.22238 0.07102 0.06277 0.05912 0.05680 0.05496 0.05337 0.05220 0.05269 0.10784 0.20686 ( 1)  0.914 +-  1.351
 383 V   0.22238 0.07102 0.06277 0.05912 0.05680 0.05496 0.05337 0.05220 0.05269 0.10784 0.20687 ( 1)  0.914 +-  1.351
 384 R   0.22209 0.07093 0.06269 0.05906 0.05675 0.05492 0.05334 0.05218 0.05267 0.10781 0.20755 ( 1)  0.917 +-  1.357
 385 S   0.22234 0.07101 0.06276 0.05911 0.05679 0.05496 0.05337 0.05219 0.05268 0.10783 0.20695 ( 1)  0.915 +-  1.351
 386 Y   0.22219 0.07096 0.06272 0.05908 0.05677 0.05494 0.05335 0.05218 0.05268 0.10782 0.20732 ( 1)  0.916 +-  1.355
 387 A   0.22230 0.07100 0.06275 0.05910 0.05679 0.05495 0.05336 0.05219 0.05268 0.10783 0.20705 ( 1)  0.915 +-  1.352
 388 G   0.22237 0.07102 0.06277 0.05912 0.05680 0.05496 0.05337 0.05220 0.05269 0.10783 0.20688 ( 1)  0.914 +-  1.351
 389 G   0.22233 0.07101 0.06276 0.05911 0.05679 0.05496 0.05337 0.05219 0.05268 0.10783 0.20698 ( 1)  0.915 +-  1.352
 390 L   0.22194 0.07088 0.06265 0.05902 0.05672 0.05490 0.05333 0.05217 0.05267 0.10779 0.20792 ( 1)  0.919 +-  1.360
 391 I   0.22243 0.07104 0.06278 0.05913 0.05681 0.05497 0.05338 0.05220 0.05269 0.10784 0.20673 ( 1)  0.914 +-  1.349
 392 F   0.22223 0.07097 0.06273 0.05909 0.05677 0.05494 0.05336 0.05219 0.05268 0.10782 0.20721 ( 1)  0.916 +-  1.354
 393 T   0.22242 0.07104 0.06278 0.05913 0.05681 0.05497 0.05337 0.05220 0.05269 0.10784 0.20676 ( 1)  0.914 +-  1.350
 394 T   0.22242 0.07104 0.06278 0.05913 0.05681 0.05497 0.05337 0.05220 0.05269 0.10784 0.20676 ( 1)  0.914 +-  1.350
 395 S   0.22195 0.07088 0.06266 0.05903 0.05673 0.05490 0.05333 0.05217 0.05267 0.10780 0.20790 ( 1)  0.919 +-  1.360
 396 L   0.22194 0.07088 0.06265 0.05902 0.05672 0.05490 0.05333 0.05217 0.05267 0.10779 0.20792 ( 1)  0.919 +-  1.360
 397 P   0.22220 0.07096 0.06272 0.05908 0.05677 0.05494 0.05335 0.05219 0.05268 0.10782 0.20730 ( 1)  0.916 +-  1.355
 398 P   0.22195 0.07088 0.06266 0.05903 0.05673 0.05491 0.05333 0.05217 0.05267 0.10780 0.20789 ( 1)  0.919 +-  1.360
 399 P   0.22220 0.07096 0.06272 0.05908 0.05677 0.05494 0.05335 0.05219 0.05268 0.10782 0.20730 ( 1)  0.916 +-  1.355
 400 V   0.22206 0.07092 0.06269 0.05905 0.05674 0.05492 0.05334 0.05218 0.05267 0.10781 0.20763 ( 1)  0.918 +-  1.358
 401 L   0.22185 0.07085 0.06263 0.05901 0.05671 0.05489 0.05332 0.05216 0.05266 0.10779 0.20812 ( 1)  0.920 +-  1.362
 402 A   0.22239 0.07102 0.06277 0.05912 0.05680 0.05496 0.05337 0.05220 0.05269 0.10784 0.20685 ( 1)  0.914 +-  1.350
 403 A   0.22206 0.07092 0.06269 0.05905 0.05675 0.05492 0.05334 0.05218 0.05267 0.10781 0.20762 ( 1)  0.918 +-  1.357
 404 A   0.22239 0.07102 0.06277 0.05912 0.05680 0.05496 0.05337 0.05220 0.05269 0.10784 0.20685 ( 1)  0.914 +-  1.350
 405 R   0.22215 0.07095 0.06271 0.05907 0.05676 0.05493 0.05335 0.05218 0.05268 0.10781 0.20740 ( 1)  0.917 +-  1.355
 406 A   0.22243 0.07104 0.06278 0.05913 0.05681 0.05497 0.05338 0.05220 0.05269 0.10784 0.20674 ( 1)  0.914 +-  1.350
 407 S   0.22234 0.07101 0.06276 0.05911 0.05679 0.05496 0.05337 0.05219 0.05268 0.10783 0.20695 ( 1)  0.915 +-  1.351
 408 V   0.22238 0.07102 0.06277 0.05912 0.05680 0.05496 0.05337 0.05220 0.05269 0.10784 0.20687 ( 1)  0.914 +-  1.351
 409 A   0.22243 0.07104 0.06278 0.05913 0.05681 0.05497 0.05338 0.05220 0.05269 0.10784 0.20674 ( 1)  0.914 +-  1.350
 410 I   0.22243 0.07104 0.06278 0.05913 0.05681 0.05497 0.05338 0.05220 0.05269 0.10784 0.20673 ( 1)  0.914 +-  1.349
 411 L   0.22223 0.07097 0.06273 0.05909 0.05677 0.05494 0.05336 0.05219 0.05268 0.10782 0.20723 ( 1)  0.916 +-  1.354
 412 K   0.22233 0.07101 0.06276 0.05911 0.05679 0.05496 0.05337 0.05219 0.05268 0.10783 0.20698 ( 1)  0.915 +-  1.352
 413 S   0.22219 0.07096 0.06272 0.05908 0.05677 0.05494 0.05335 0.05219 0.05268 0.10782 0.20731 ( 1)  0.916 +-  1.355
 414 A   0.22239 0.07102 0.06277 0.05912 0.05680 0.05496 0.05337 0.05220 0.05269 0.10784 0.20685 ( 1)  0.914 +-  1.350
 415 E   0.22201 0.07090 0.06267 0.05904 0.05674 0.05491 0.05333 0.05217 0.05267 0.10780 0.20774 ( 1)  0.918 +-  1.359
 416 G   0.22233 0.07101 0.06276 0.05911 0.05679 0.05496 0.05337 0.05219 0.05268 0.10783 0.20698 ( 1)  0.915 +-  1.352
 417 Q   0.22188 0.07086 0.06264 0.05901 0.05671 0.05490 0.05332 0.05216 0.05267 0.10779 0.20805 ( 1)  0.920 +-  1.361
 418 D   0.22234 0.07101 0.06276 0.05911 0.05679 0.05496 0.05337 0.05219 0.05268 0.10783 0.20696 ( 1)  0.915 +-  1.351
 419 L   0.22185 0.07085 0.06263 0.05901 0.05671 0.05489 0.05332 0.05216 0.05266 0.10779 0.20812 ( 1)  0.920 +-  1.362
 420 R   0.22209 0.07093 0.06269 0.05906 0.05675 0.05492 0.05334 0.05218 0.05267 0.10781 0.20755 ( 1)  0.917 +-  1.357
 421 A   0.22206 0.07092 0.06269 0.05905 0.05675 0.05492 0.05334 0.05218 0.05267 0.10781 0.20762 ( 1)  0.918 +-  1.357
 422 E   0.22230 0.07100 0.06275 0.05910 0.05679 0.05495 0.05336 0.05219 0.05268 0.10783 0.20705 ( 1)  0.915 +-  1.352
 423 H   0.22208 0.07092 0.06269 0.05905 0.05675 0.05492 0.05334 0.05218 0.05267 0.10781 0.20759 ( 1)  0.918 +-  1.357
 424 R   0.22219 0.07096 0.06272 0.05908 0.05677 0.05494 0.05335 0.05218 0.05268 0.10782 0.20733 ( 1)  0.916 +-  1.355
 425 R   0.22209 0.07093 0.06269 0.05906 0.05675 0.05492 0.05334 0.05218 0.05267 0.10781 0.20755 ( 1)  0.917 +-  1.357
 426 R   0.22219 0.07096 0.06272 0.05908 0.05677 0.05494 0.05335 0.05218 0.05268 0.10782 0.20733 ( 1)  0.916 +-  1.355
 427 A   0.22206 0.07092 0.06269 0.05905 0.05675 0.05492 0.05334 0.05218 0.05267 0.10781 0.20762 ( 1)  0.918 +-  1.357
 428 D   0.22222 0.07097 0.06273 0.05908 0.05677 0.05494 0.05336 0.05219 0.05268 0.10782 0.20724 ( 1)  0.916 +-  1.354
 429 F   0.22223 0.07097 0.06273 0.05909 0.05677 0.05494 0.05336 0.05219 0.05268 0.10782 0.20721 ( 1)  0.916 +-  1.354
 430 V   0.22238 0.07102 0.06277 0.05912 0.05680 0.05496 0.05337 0.05220 0.05269 0.10784 0.20687 ( 1)  0.914 +-  1.351
 431 R   0.22215 0.07095 0.06271 0.05907 0.05676 0.05493 0.05335 0.05218 0.05268 0.10781 0.20740 ( 1)  0.917 +-  1.355
 432 R   0.22209 0.07093 0.06269 0.05906 0.05675 0.05492 0.05334 0.05218 0.05267 0.10781 0.20755 ( 1)  0.917 +-  1.357
 433 R   0.22181 0.07084 0.06262 0.05900 0.05670 0.05489 0.05331 0.05216 0.05266 0.10778 0.20823 ( 1)  0.921 +-  1.363
 434 L   0.22194 0.07088 0.06265 0.05902 0.05672 0.05490 0.05333 0.05217 0.05267 0.10779 0.20792 ( 1)  0.919 +-  1.360
 435 Q   0.22188 0.07086 0.06264 0.05901 0.05671 0.05490 0.05332 0.05216 0.05267 0.10779 0.20805 ( 1)  0.920 +-  1.361
 436 E   0.22230 0.07100 0.06275 0.05910 0.05679 0.05495 0.05336 0.05219 0.05268 0.10783 0.20705 ( 1)  0.915 +-  1.352
 437 A   0.22239 0.07102 0.06277 0.05912 0.05680 0.05496 0.05337 0.05220 0.05269 0.10784 0.20685 ( 1)  0.914 +-  1.350
 438 G   0.22225 0.07098 0.06274 0.05909 0.05678 0.05494 0.05336 0.05219 0.05268 0.10782 0.20717 ( 1)  0.916 +-  1.353
 439 L   0.22185 0.07085 0.06263 0.05901 0.05671 0.05489 0.05332 0.05216 0.05266 0.10779 0.20812 ( 1)  0.920 +-  1.362
 440 P   0.22213 0.07094 0.06270 0.05907 0.05676 0.05493 0.05335 0.05218 0.05268 0.10781 0.20745 ( 1)  0.917 +-  1.356
 441 V   0.22206 0.07092 0.06269 0.05905 0.05674 0.05492 0.05334 0.05218 0.05267 0.10781 0.20763 ( 1)  0.918 +-  1.358
 442 A   0.22230 0.07100 0.06275 0.05910 0.05679 0.05495 0.05336 0.05219 0.05268 0.10783 0.20705 ( 1)  0.915 +-  1.352
 443 D   0.22234 0.07101 0.06276 0.05911 0.05679 0.05496 0.05337 0.05219 0.05268 0.10783 0.20696 ( 1)  0.915 +-  1.351
 444 V   0.22242 0.07104 0.06278 0.05913 0.05681 0.05497 0.05337 0.05220 0.05269 0.10784 0.20676 ( 1)  0.914 +-  1.350
 445 P   0.22223 0.07097 0.06273 0.05909 0.05677 0.05494 0.05336 0.05219 0.05268 0.10782 0.20721 ( 1)  0.916 +-  1.354
 446 S   0.22195 0.07088 0.06266 0.05903 0.05673 0.05490 0.05333 0.05217 0.05267 0.10780 0.20790 ( 1)  0.919 +-  1.360
 447 H   0.22217 0.07095 0.06271 0.05907 0.05676 0.05493 0.05335 0.05218 0.05268 0.10782 0.20737 ( 1)  0.917 +-  1.355
 448 I   0.22243 0.07104 0.06278 0.05913 0.05681 0.05497 0.05338 0.05220 0.05269 0.10784 0.20673 ( 1)  0.914 +-  1.349
 449 I   0.22230 0.07100 0.06275 0.05910 0.05679 0.05495 0.05336 0.05219 0.05268 0.10783 0.20705 ( 1)  0.915 +-  1.352
 450 P   0.22223 0.07097 0.06273 0.05909 0.05677 0.05494 0.05336 0.05219 0.05268 0.10782 0.20721 ( 1)  0.916 +-  1.354
 451 I   0.22230 0.07100 0.06275 0.05910 0.05679 0.05495 0.05336 0.05219 0.05268 0.10783 0.20705 ( 1)  0.915 +-  1.352
 452 S   0.22213 0.07094 0.06270 0.05906 0.05676 0.05493 0.05335 0.05218 0.05268 0.10781 0.20746 ( 1)  0.917 +-  1.356
 453 V   0.22222 0.07097 0.06273 0.05908 0.05677 0.05494 0.05335 0.05219 0.05268 0.10782 0.20725 ( 1)  0.916 +-  1.354

Positively selected sites

	Prob(w>1)  mean w


