Supplemental results for CODEML (seqf: algn  treef: tree)


dN/dS (w) for site classes (K=8)

p:   0.12500  0.12500  0.12500  0.12500  0.12500  0.12500  0.12500  0.12500
w:   0.00000  0.00000  0.00000  0.00000  0.00000  0.00000  0.00000  1.00000

Naive Empirical Bayes (NEB) probabilities for 8 classes & postmean_w
(amino acids refer to 1st sequence: Msl.19800)

   1 M   0.13226 0.13226 0.13226 0.13226 0.13226 0.13226 0.13226 0.07415 ( 1)  0.074
   2 A   0.13295 0.13295 0.13295 0.13295 0.13295 0.13295 0.13295 0.06938 ( 2)  0.069
   3 V   0.13138 0.13138 0.13138 0.13138 0.13138 0.13138 0.13138 0.08037 ( 1)  0.080
   4 K   0.12829 0.12829 0.12829 0.12829 0.12829 0.12829 0.12829 0.10194 ( 3)  0.102
   5 T   0.13073 0.13073 0.13073 0.13073 0.13073 0.13073 0.13073 0.08489 ( 1)  0.085
   6 N   0.13309 0.13309 0.13309 0.13309 0.13309 0.13309 0.13309 0.06835 ( 6)  0.068
   7 M   0.13226 0.13226 0.13226 0.13226 0.13226 0.13226 0.13226 0.07415 ( 1)  0.074
   8 K   0.12829 0.12829 0.12829 0.12829 0.12829 0.12829 0.12829 0.10194 ( 3)  0.102
   9 D   0.13403 0.13403 0.13403 0.13403 0.13403 0.13403 0.13403 0.06182 ( 1)  0.062
  10 I   0.13107 0.13107 0.13107 0.13107 0.13107 0.13107 0.13107 0.08253 ( 1)  0.083
  11 G   0.13129 0.13129 0.13129 0.13129 0.13129 0.13129 0.13129 0.08100 ( 2)  0.081
  12 W   0.13034 0.13034 0.13034 0.13034 0.13034 0.13034 0.13034 0.08763 ( 6)  0.088
  13 M   0.13226 0.13226 0.13226 0.13226 0.13226 0.13226 0.13226 0.07415 ( 1)  0.074
  14 Y   0.13123 0.13123 0.13123 0.13123 0.13123 0.13123 0.13123 0.08136 ( 6)  0.081
  15 H   0.13374 0.13374 0.13374 0.13374 0.13374 0.13374 0.13374 0.06379 ( 1)  0.064
  16 S   0.13155 0.13155 0.13155 0.13155 0.13155 0.13155 0.13155 0.07915 ( 1)  0.079
  17 P   0.13266 0.13266 0.13266 0.13266 0.13266 0.13266 0.13266 0.07140 ( 3)  0.071
  18 A   0.12673 0.12673 0.12673 0.12673 0.12673 0.12673 0.12673 0.11290 ( 3)  0.113
  19 K   0.13360 0.13360 0.13360 0.13360 0.13360 0.13360 0.13360 0.06477 ( 6)  0.065
  20 H   0.13374 0.13374 0.13374 0.13374 0.13374 0.13374 0.13374 0.06379 ( 1)  0.064
  21 E   0.13439 0.13439 0.13439 0.13439 0.13439 0.13439 0.13439 0.05927 ( 1)  0.059
  22 D   0.13403 0.13403 0.13403 0.13403 0.13403 0.13403 0.13403 0.06182 ( 1)  0.062
  23 R   0.13144 0.13144 0.13144 0.13144 0.13144 0.13144 0.13144 0.07989 ( 6)  0.080
  24 P   0.13129 0.13129 0.13129 0.13129 0.13129 0.13129 0.13129 0.08098 ( 1)  0.081
  25 E   0.13439 0.13439 0.13439 0.13439 0.13439 0.13439 0.13439 0.05927 ( 1)  0.059
  26 V   0.12665 0.12665 0.12665 0.12665 0.12665 0.12665 0.12665 0.11346 ( 5)  0.113
  27 R   0.13099 0.13099 0.13099 0.13099 0.13099 0.13099 0.13099 0.08304 ( 3)  0.083
  28 V   0.13138 0.13138 0.13138 0.13138 0.13138 0.13138 0.13138 0.08037 ( 1)  0.080
  29 P   0.13266 0.13266 0.13266 0.13266 0.13266 0.13266 0.13266 0.07140 ( 3)  0.071
  30 P   0.13266 0.13266 0.13266 0.13266 0.13266 0.13266 0.13266 0.07140 ( 3)  0.071
  31 T   0.12613 0.12613 0.12613 0.12613 0.12613 0.12613 0.12613 0.11707 ( 1)  0.117
  32 S   0.13024 0.13024 0.13024 0.13024 0.13024 0.13024 0.13024 0.08829 ( 1)  0.088
  33 Q   0.13432 0.13432 0.13432 0.13432 0.13432 0.13432 0.13432 0.05978 ( 1)  0.060
  34 I   0.12733 0.12733 0.12733 0.12733 0.12733 0.12733 0.12733 0.10872 ( 5)  0.109
  35 P   0.13129 0.13129 0.13129 0.13129 0.13129 0.13129 0.13129 0.08098 ( 1)  0.081
  36 G   0.13129 0.13129 0.13129 0.13129 0.13129 0.13129 0.13129 0.08100 ( 2)  0.081
  37 L   0.12614 0.12614 0.12614 0.12614 0.12614 0.12614 0.12614 0.11703 ( 6)  0.117
  38 G   0.13129 0.13129 0.13129 0.13129 0.13129 0.13129 0.13129 0.08100 ( 2)  0.081
  39 N   0.13309 0.13309 0.13309 0.13309 0.13309 0.13309 0.13309 0.06835 ( 6)  0.068
  40 M   0.13226 0.13226 0.13226 0.13226 0.13226 0.13226 0.13226 0.07415 ( 1)  0.074
  41 P   0.13266 0.13266 0.13266 0.13266 0.13266 0.13266 0.13266 0.07140 ( 3)  0.071
  42 D   0.13403 0.13403 0.13403 0.13403 0.13403 0.13403 0.13403 0.06182 ( 1)  0.062
  43 D   0.13027 0.13027 0.13027 0.13027 0.13027 0.13027 0.13027 0.08813 ( 3)  0.088
  44 M   0.13226 0.13226 0.13226 0.13226 0.13226 0.13226 0.13226 0.07415 ( 1)  0.074
  45 L   0.13209 0.13209 0.13209 0.13209 0.13209 0.13209 0.13209 0.07538 ( 1)  0.075
  46 P   0.12662 0.12662 0.12662 0.12662 0.12662 0.12662 0.12662 0.11367 ( 1)  0.114
  47 P   0.13266 0.13266 0.13266 0.13266 0.13266 0.13266 0.13266 0.07140 ( 3)  0.071
  48 E   0.13439 0.13439 0.13439 0.13439 0.13439 0.13439 0.13439 0.05927 ( 1)  0.059
  49 K   0.13360 0.13360 0.13360 0.13360 0.13360 0.13360 0.13360 0.06477 ( 6)  0.065
  50 E   0.13439 0.13439 0.13439 0.13439 0.13439 0.13439 0.13439 0.05927 ( 1)  0.059
  51 P   0.13266 0.13266 0.13266 0.13266 0.13266 0.13266 0.13266 0.07140 ( 3)  0.071
  52 R   0.13144 0.13144 0.13144 0.13144 0.13144 0.13144 0.13144 0.07993 ( 6)  0.080
  53 Q   0.13432 0.13432 0.13432 0.13432 0.13432 0.13432 0.13432 0.05978 ( 1)  0.060
  54 G   0.13129 0.13129 0.13129 0.13129 0.13129 0.13129 0.13129 0.08100 ( 2)  0.081
  55 L   0.13092 0.13092 0.13092 0.13092 0.13092 0.13092 0.13092 0.08359 ( 1)  0.084
  56 I   0.13107 0.13107 0.13107 0.13107 0.13107 0.13107 0.13107 0.08253 ( 1)  0.083
  57 K   0.13360 0.13360 0.13360 0.13360 0.13360 0.13360 0.13360 0.06477 ( 6)  0.065
  58 D   0.13403 0.13403 0.13403 0.13403 0.13403 0.13403 0.13403 0.06182 ( 1)  0.062
  59 T   0.13203 0.13203 0.13203 0.13203 0.13203 0.13203 0.13203 0.07576 ( 6)  0.076
  60 D   0.13403 0.13403 0.13403 0.13403 0.13403 0.13403 0.13403 0.06182 ( 1)  0.062
  61 T   0.13203 0.13203 0.13203 0.13203 0.13203 0.13203 0.13203 0.07576 ( 6)  0.076
  62 P   0.13129 0.13129 0.13129 0.13129 0.13129 0.13129 0.13129 0.08098 ( 1)  0.081
  63 Y   0.13123 0.13123 0.13123 0.13123 0.13123 0.13123 0.13123 0.08136 ( 6)  0.081
  64 I   0.12733 0.12733 0.12733 0.12733 0.12733 0.12733 0.12733 0.10872 ( 5)  0.109
  65 V   0.13277 0.13277 0.13277 0.13277 0.13277 0.13277 0.13277 0.07063 ( 1)  0.071
  66 M   0.13226 0.13226 0.13226 0.13226 0.13226 0.13226 0.13226 0.07415 ( 1)  0.074
  67 A   0.13295 0.13295 0.13295 0.13295 0.13295 0.13295 0.13295 0.06938 ( 2)  0.069
  68 K   0.13360 0.13360 0.13360 0.13360 0.13360 0.13360 0.13360 0.06477 ( 6)  0.065
  69 N   0.12909 0.12909 0.12909 0.12909 0.12909 0.12909 0.12909 0.09636 ( 6)  0.096
  70 G   0.13129 0.13129 0.13129 0.13129 0.13129 0.13129 0.13129 0.08100 ( 2)  0.081
  71 G   0.13129 0.13129 0.13129 0.13129 0.13129 0.13129 0.13129 0.08100 ( 2)  0.081
  72 R   0.13144 0.13144 0.13144 0.13144 0.13144 0.13144 0.13144 0.07989 ( 6)  0.080
  73 K   0.13360 0.13360 0.13360 0.13360 0.13360 0.13360 0.13360 0.06477 ( 6)  0.065
  74 D   0.13403 0.13403 0.13403 0.13403 0.13403 0.13403 0.13403 0.06182 ( 1)  0.062
  75 L   0.13209 0.13209 0.13209 0.13209 0.13209 0.13209 0.13209 0.07538 ( 1)  0.075
  76 L   0.13209 0.13209 0.13209 0.13209 0.13209 0.13209 0.13209 0.07538 ( 1)  0.075
  77 C   0.12973 0.12973 0.12973 0.12973 0.12973 0.12973 0.12973 0.09191 ( 6)  0.092
  78 I   0.13107 0.13107 0.13107 0.13107 0.13107 0.13107 0.13107 0.08253 ( 1)  0.083
  79 R   0.13144 0.13144 0.13144 0.13144 0.13144 0.13144 0.13144 0.07993 ( 6)  0.080
  80 E   0.13439 0.13439 0.13439 0.13439 0.13439 0.13439 0.13439 0.05927 ( 1)  0.059
  81 N   0.12909 0.12909 0.12909 0.12909 0.12909 0.12909 0.12909 0.09636 ( 6)  0.096
  82 Q   0.12884 0.12884 0.12884 0.12884 0.12884 0.12884 0.12884 0.09812 ( 3)  0.098
  83 R   0.13099 0.13099 0.13099 0.13099 0.13099 0.13099 0.13099 0.08304 ( 3)  0.083
  84 D   0.13403 0.13403 0.13403 0.13403 0.13403 0.13403 0.13403 0.06182 ( 1)  0.062
  85 D   0.13403 0.13403 0.13403 0.13403 0.13403 0.13403 0.13403 0.06182 ( 1)  0.062
  86 D   0.13027 0.13027 0.13027 0.13027 0.13027 0.13027 0.13027 0.08813 ( 3)  0.088
  87 A   0.13156 0.13156 0.13156 0.13156 0.13156 0.13156 0.13156 0.07906 ( 2)  0.079
  88 P   0.13266 0.13266 0.13266 0.13266 0.13266 0.13266 0.13266 0.07140 ( 3)  0.071
  89 A   0.12673 0.12673 0.12673 0.12673 0.12673 0.12673 0.12673 0.11290 ( 3)  0.113
  90 K   0.13360 0.13360 0.13360 0.13360 0.13360 0.13360 0.13360 0.06477 ( 6)  0.065
  91 G   0.13129 0.13129 0.13129 0.13129 0.13129 0.13129 0.13129 0.08100 ( 2)  0.081
  92 Y   0.12658 0.12658 0.12658 0.12658 0.12658 0.12658 0.12658 0.11392 ( 6)  0.114
  93 P   0.12627 0.12627 0.12627 0.12627 0.12627 0.12627 0.12627 0.11609 ( 5)  0.116
  94 R   0.13144 0.13144 0.13144 0.13144 0.13144 0.13144 0.13144 0.07989 ( 6)  0.080
  95 C   0.12973 0.12973 0.12973 0.12973 0.12973 0.12973 0.12973 0.09191 ( 6)  0.092
  96 D   0.13403 0.13403 0.13403 0.13403 0.13403 0.13403 0.13403 0.06182 ( 1)  0.062
  97 W   0.13034 0.13034 0.13034 0.13034 0.13034 0.13034 0.13034 0.08763 ( 6)  0.088
  98 F   0.12911 0.12911 0.12911 0.12911 0.12911 0.12911 0.12911 0.09620 ( 6)  0.096
  99 Y   0.13123 0.13123 0.13123 0.13123 0.13123 0.13123 0.13123 0.08136 ( 6)  0.081
 100 Q   0.13432 0.13432 0.13432 0.13432 0.13432 0.13432 0.13432 0.05978 ( 1)  0.060
 101 E   0.13439 0.13439 0.13439 0.13439 0.13439 0.13439 0.13439 0.05927 ( 1)  0.059
 102 D   0.13403 0.13403 0.13403 0.13403 0.13403 0.13403 0.13403 0.06182 ( 1)  0.062
 103 N   0.13309 0.13309 0.13309 0.13309 0.13309 0.13309 0.13309 0.06835 ( 6)  0.068
 104 S   0.13155 0.13155 0.13155 0.13155 0.13155 0.13155 0.13155 0.07915 ( 1)  0.079
 105 M   0.13226 0.13226 0.13226 0.13226 0.13226 0.13226 0.13226 0.07415 ( 1)  0.074
 106 L   0.12650 0.12650 0.12650 0.12650 0.12650 0.12650 0.12650 0.11448 ( 6)  0.114
 107 D   0.13403 0.13403 0.13403 0.13403 0.13403 0.13403 0.13403 0.06182 ( 1)  0.062
 108 D   0.13403 0.13403 0.13403 0.13403 0.13403 0.13403 0.13403 0.06182 ( 1)  0.062
 109 D   0.13403 0.13403 0.13403 0.13403 0.13403 0.13403 0.13403 0.06182 ( 1)  0.062
 110 A   0.13156 0.13156 0.13156 0.13156 0.13156 0.13156 0.13156 0.07906 ( 2)  0.079
 111 A   0.13156 0.13156 0.13156 0.13156 0.13156 0.13156 0.13156 0.07906 ( 2)  0.079
 112 N   0.13309 0.13309 0.13309 0.13309 0.13309 0.13309 0.13309 0.06835 ( 6)  0.068
 113 Q   0.13432 0.13432 0.13432 0.13432 0.13432 0.13432 0.13432 0.05978 ( 1)  0.060
 114 R   0.13099 0.13099 0.13099 0.13099 0.13099 0.13099 0.13099 0.08304 ( 3)  0.083
 115 E   0.13439 0.13439 0.13439 0.13439 0.13439 0.13439 0.13439 0.05927 ( 1)  0.059
 116 P   0.13266 0.13266 0.13266 0.13266 0.13266 0.13266 0.13266 0.07140 ( 3)  0.071
 117 W   0.13034 0.13034 0.13034 0.13034 0.13034 0.13034 0.13034 0.08763 ( 6)  0.088
 118 V   0.13277 0.13277 0.13277 0.13277 0.13277 0.13277 0.13277 0.07063 ( 1)  0.071
 119 F   0.12911 0.12911 0.12911 0.12911 0.12911 0.12911 0.12911 0.09620 ( 6)  0.096
 120 R   0.13099 0.13099 0.13099 0.13099 0.13099 0.13099 0.13099 0.08304 ( 3)  0.083
 121 L   0.13209 0.13209 0.13209 0.13209 0.13209 0.13209 0.13209 0.07538 ( 1)  0.075
 122 P   0.12663 0.12663 0.12663 0.12663 0.12663 0.12663 0.12663 0.11358 ( 5)  0.114
 123 D   0.13403 0.13403 0.13403 0.13403 0.13403 0.13403 0.13403 0.06182 ( 1)  0.062
 124 Y   0.13123 0.13123 0.13123 0.13123 0.13123 0.13123 0.13123 0.08136 ( 6)  0.081
 125 M   0.13226 0.13226 0.13226 0.13226 0.13226 0.13226 0.13226 0.07415 ( 1)  0.074
 126 V   0.13277 0.13277 0.13277 0.13277 0.13277 0.13277 0.13277 0.07063 ( 1)  0.071
 127 H   0.13374 0.13374 0.13374 0.13374 0.13374 0.13374 0.13374 0.06379 ( 1)  0.064
 128 Q   0.13432 0.13432 0.13432 0.13432 0.13432 0.13432 0.13432 0.05978 ( 1)  0.060
 129 P   0.13266 0.13266 0.13266 0.13266 0.13266 0.13266 0.13266 0.07140 ( 3)  0.071
 130 W   0.13034 0.13034 0.13034 0.13034 0.13034 0.13034 0.13034 0.08763 ( 6)  0.088
 131 N   0.13309 0.13309 0.13309 0.13309 0.13309 0.13309 0.13309 0.06835 ( 6)  0.068
 132 A   0.13295 0.13295 0.13295 0.13295 0.13295 0.13295 0.13295 0.06938 ( 2)  0.069
 133 A   0.13156 0.13156 0.13156 0.13156 0.13156 0.13156 0.13156 0.07906 ( 2)  0.079
 134 G   0.13129 0.13129 0.13129 0.13129 0.13129 0.13129 0.13129 0.08100 ( 2)  0.081
 135 K   0.12829 0.12829 0.12829 0.12829 0.12829 0.12829 0.12829 0.10194 ( 3)  0.102
 136 P   0.13266 0.13266 0.13266 0.13266 0.13266 0.13266 0.13266 0.07140 ( 3)  0.071
 137 G   0.13203 0.13203 0.13203 0.13203 0.13203 0.13203 0.13203 0.07576 ( 6)  0.076
 138 R   0.00000 0.00000 0.00000 0.00000 0.00000 0.00000 0.00000 1.00000 ( 8)  1.000
 139 A   0.00000 0.00000 0.00000 0.00000 0.00000 0.00000 0.00000 1.00000 ( 8)  1.000
 140 A   0.00000 0.00000 0.00000 0.00000 0.00000 0.00000 0.00000 1.00000 ( 8)  1.000
 141 A   0.00000 0.00000 0.00000 0.00000 0.00000 0.00000 0.00000 1.00000 ( 8)  1.000
 142 V   0.00000 0.00000 0.00000 0.00000 0.00000 0.00000 0.00000 1.00000 ( 8)  1.000
 143 P   0.00000 0.00000 0.00000 0.00000 0.00000 0.00000 0.00000 1.00000 ( 8)  1.000
 144 K   0.00000 0.00000 0.00000 0.00000 0.00000 0.00000 0.00000 1.00000 ( 8)  1.000
 145 Y   0.00000 0.00000 0.00000 0.00000 0.00000 0.00000 0.00000 1.00000 ( 8)  1.000
 146 G   0.00000 0.00000 0.00000 0.00000 0.00000 0.00000 0.00000 1.00000 ( 8)  1.000
 147 P   0.00000 0.00000 0.00000 0.00000 0.00000 0.00000 0.00000 1.00000 ( 8)  1.000
 148 G   0.00000 0.00000 0.00000 0.00000 0.00000 0.00000 0.00000 1.00000 ( 8)  1.000
 149 E   0.00000 0.00000 0.00000 0.00000 0.00000 0.00000 0.00000 1.00000 ( 8)  1.000
 150 R   0.00000 0.00000 0.00000 0.00000 0.00000 0.00000 0.00000 1.00000 ( 8)  1.000
 151 G   0.00000 0.00000 0.00000 0.00000 0.00000 0.00000 0.00000 1.00000 ( 8)  1.000
 152 R   0.00000 0.00000 0.00000 0.00000 0.00000 0.00000 0.00000 1.00000 ( 8)  1.000
 153 P   0.00000 0.00000 0.00000 0.00000 0.00000 0.00000 0.00000 1.00000 ( 8)  1.000
 154 P   0.00000 0.00000 0.00000 0.00000 0.00000 0.00000 0.00000 1.00000 ( 8)  1.000
 155 F   0.00000 0.00000 0.00000 0.00000 0.00000 0.00000 0.00000 1.00000 ( 8)  1.000
 156 A   0.00000 0.00000 0.00000 0.00000 0.00000 0.00000 0.00000 1.00000 ( 8)  1.000
 157 T   0.12645 0.12645 0.12645 0.12645 0.12645 0.12645 0.12645 0.11483 ( 1)  0.115
 158 E   0.13439 0.13439 0.13439 0.13439 0.13439 0.13439 0.13439 0.05927 ( 1)  0.059
 159 Q   0.12884 0.12884 0.12884 0.12884 0.12884 0.12884 0.12884 0.09812 ( 3)  0.098
 160 D   0.13403 0.13403 0.13403 0.13403 0.13403 0.13403 0.13403 0.06182 ( 1)  0.062
 161 V   0.13138 0.13138 0.13138 0.13138 0.13138 0.13138 0.13138 0.08037 ( 1)  0.080
 162 I   0.13107 0.13107 0.13107 0.13107 0.13107 0.13107 0.13107 0.08253 ( 1)  0.083
 163 P   0.13129 0.13129 0.13129 0.13129 0.13129 0.13129 0.13129 0.08098 ( 1)  0.081
 164 N   0.13309 0.13309 0.13309 0.13309 0.13309 0.13309 0.13309 0.06835 ( 6)  0.068
 165 H   0.13374 0.13374 0.13374 0.13374 0.13374 0.13374 0.13374 0.06379 ( 1)  0.064
 166 M   0.13226 0.13226 0.13226 0.13226 0.13226 0.13226 0.13226 0.07415 ( 1)  0.074
 167 V   0.13277 0.13277 0.13277 0.13277 0.13277 0.13277 0.13277 0.07063 ( 1)  0.071
 168 R   0.13099 0.13099 0.13099 0.13099 0.13099 0.13099 0.13099 0.08304 ( 3)  0.083
 169 F   0.12911 0.12911 0.12911 0.12911 0.12911 0.12911 0.12911 0.09620 ( 6)  0.096
 170 D   0.13403 0.13403 0.13403 0.13403 0.13403 0.13403 0.13403 0.06182 ( 1)  0.062
 171 K   0.13360 0.13360 0.13360 0.13360 0.13360 0.13360 0.13360 0.06477 ( 6)  0.065
 172 R   0.12705 0.12705 0.12705 0.12705 0.12705 0.12705 0.12705 0.11067 ( 3)  0.111
 173 S   0.12967 0.12967 0.12967 0.12967 0.12967 0.12967 0.12967 0.09232 ( 1)  0.092
 174 R   0.13099 0.13099 0.13099 0.13099 0.13099 0.13099 0.13099 0.08304 ( 3)  0.083
 175 L   0.13209 0.13209 0.13209 0.13209 0.13209 0.13209 0.13209 0.07538 ( 1)  0.075
 176 P   0.13266 0.13266 0.13266 0.13266 0.13266 0.13266 0.13266 0.07140 ( 3)  0.071
 177 E   0.13439 0.13439 0.13439 0.13439 0.13439 0.13439 0.13439 0.05927 ( 1)  0.059
 178 A   0.13156 0.13156 0.13156 0.13156 0.13156 0.13156 0.13156 0.07906 ( 2)  0.079
 179 R   0.13144 0.13144 0.13144 0.13144 0.13144 0.13144 0.13144 0.07989 ( 6)  0.080
 180 K   0.13360 0.13360 0.13360 0.13360 0.13360 0.13360 0.13360 0.06477 ( 6)  0.065
 181 Q   0.13432 0.13432 0.13432 0.13432 0.13432 0.13432 0.13432 0.05978 ( 1)  0.060
 182 G   0.13129 0.13129 0.13129 0.13129 0.13129 0.13129 0.13129 0.08100 ( 2)  0.081
 183 V   0.13138 0.13138 0.13138 0.13138 0.13138 0.13138 0.13138 0.08037 ( 1)  0.080
 184 G   0.13265 0.13265 0.13265 0.13265 0.13265 0.13265 0.13265 0.07148 ( 6)  0.071
 185 V   0.13277 0.13277 0.13277 0.13277 0.13277 0.13277 0.13277 0.07063 ( 1)  0.071
 186 R   0.13144 0.13144 0.13144 0.13144 0.13144 0.13144 0.13144 0.07989 ( 6)  0.080
 187 N   0.13309 0.13309 0.13309 0.13309 0.13309 0.13309 0.13309 0.06835 ( 6)  0.068
 188 E   0.13439 0.13439 0.13439 0.13439 0.13439 0.13439 0.13439 0.05927 ( 1)  0.059
 189 K   0.12829 0.12829 0.12829 0.12829 0.12829 0.12829 0.12829 0.10194 ( 3)  0.102
 190 A   0.13295 0.13295 0.13295 0.13295 0.13295 0.13295 0.13295 0.06938 ( 2)  0.069
 191 A   0.12673 0.12673 0.12673 0.12673 0.12673 0.12673 0.12673 0.11290 ( 3)  0.113
 192 K   0.13360 0.13360 0.13360 0.13360 0.13360 0.13360 0.13360 0.06477 ( 6)  0.065
 193 K   0.13360 0.13360 0.13360 0.13360 0.13360 0.13360 0.13360 0.06477 ( 6)  0.065
 194 A   0.13156 0.13156 0.13156 0.13156 0.13156 0.13156 0.13156 0.07906 ( 2)  0.079
 195 S   0.13155 0.13155 0.13155 0.13155 0.13155 0.13155 0.13155 0.07915 ( 1)  0.079
 196 Q   0.13432 0.13432 0.13432 0.13432 0.13432 0.13432 0.13432 0.05978 ( 1)  0.060
 197 Q   0.13432 0.13432 0.13432 0.13432 0.13432 0.13432 0.13432 0.05978 ( 1)  0.060
 198 Q   0.13432 0.13432 0.13432 0.13432 0.13432 0.13432 0.13432 0.05978 ( 1)  0.060
 199 K   0.13360 0.13360 0.13360 0.13360 0.13360 0.13360 0.13360 0.06477 ( 6)  0.065
 200 L   0.13209 0.13209 0.13209 0.13209 0.13209 0.13209 0.13209 0.07538 ( 1)  0.075
 201 E   0.13439 0.13439 0.13439 0.13439 0.13439 0.13439 0.13439 0.05927 ( 1)  0.059
 202 N   0.12909 0.12909 0.12909 0.12909 0.12909 0.12909 0.12909 0.09636 ( 6)  0.096
 203 Q   0.13432 0.13432 0.13432 0.13432 0.13432 0.13432 0.13432 0.05978 ( 1)  0.060
 204 E   0.13439 0.13439 0.13439 0.13439 0.13439 0.13439 0.13439 0.05927 ( 1)  0.059
 205 L   0.13092 0.13092 0.13092 0.13092 0.13092 0.13092 0.13092 0.08359 ( 1)  0.084
 206 T   0.12645 0.12645 0.12645 0.12645 0.12645 0.12645 0.12645 0.11483 ( 1)  0.115
 207 V   0.13277 0.13277 0.13277 0.13277 0.13277 0.13277 0.13277 0.07063 ( 1)  0.071
 208 K   0.13360 0.13360 0.13360 0.13360 0.13360 0.13360 0.13360 0.06477 ( 6)  0.065
 209 A   0.13295 0.13295 0.13295 0.13295 0.13295 0.13295 0.13295 0.06938 ( 2)  0.069
 210 R   0.13144 0.13144 0.13144 0.13144 0.13144 0.13144 0.13144 0.07993 ( 6)  0.080
 211 P   0.13266 0.13266 0.13266 0.13266 0.13266 0.13266 0.13266 0.07140 ( 3)  0.071
 212 H   0.13374 0.13374 0.13374 0.13374 0.13374 0.13374 0.13374 0.06379 ( 1)  0.064
 213 N   0.12909 0.12909 0.12909 0.12909 0.12909 0.12909 0.12909 0.09636 ( 6)  0.096
 214 E   0.13439 0.13439 0.13439 0.13439 0.13439 0.13439 0.13439 0.05927 ( 1)  0.059
 215 N   0.13309 0.13309 0.13309 0.13309 0.13309 0.13309 0.13309 0.06835 ( 6)  0.068
 216 E   0.13439 0.13439 0.13439 0.13439 0.13439 0.13439 0.13439 0.05927 ( 1)  0.059
 217 L   0.13209 0.13209 0.13209 0.13209 0.13209 0.13209 0.13209 0.07538 ( 1)  0.075
 218 R   0.12705 0.12705 0.12705 0.12705 0.12705 0.12705 0.12705 0.11067 ( 3)  0.111
 219 Q   0.13432 0.13432 0.13432 0.13432 0.13432 0.13432 0.13432 0.05978 ( 1)  0.060
 220 K   0.13360 0.13360 0.13360 0.13360 0.13360 0.13360 0.13360 0.06477 ( 6)  0.065
 221 A   0.12673 0.12673 0.12673 0.12673 0.12673 0.12673 0.12673 0.11290 ( 3)  0.113
 222 R   0.13144 0.13144 0.13144 0.13144 0.13144 0.13144 0.13144 0.07993 ( 6)  0.080
 223 R   0.12598 0.12598 0.12598 0.12598 0.12598 0.12598 0.12598 0.11815 ( 3)  0.118
 224 G   0.12664 0.12664 0.12664 0.12664 0.12664 0.12664 0.12664 0.11355 ( 3)  0.114
 225 G   0.13129 0.13129 0.13129 0.13129 0.13129 0.13129 0.13129 0.08100 ( 2)  0.081
 226 G   0.13129 0.13129 0.13129 0.13129 0.13129 0.13129 0.13129 0.08100 ( 2)  0.081
 227 F   0.12628 0.12628 0.12628 0.12628 0.12628 0.12628 0.12628 0.11602 ( 2)  0.116
 228 Q   0.13432 0.13432 0.13432 0.13432 0.13432 0.13432 0.13432 0.05978 ( 1)  0.060
 229 N   0.12909 0.12909 0.12909 0.12909 0.12909 0.12909 0.12909 0.09636 ( 6)  0.096
 230 P   0.13266 0.13266 0.13266 0.13266 0.13266 0.13266 0.13266 0.07140 ( 3)  0.071
 231 N   0.13309 0.13309 0.13309 0.13309 0.13309 0.13309 0.13309 0.06835 ( 6)  0.068
 232 D   0.13027 0.13027 0.13027 0.13027 0.13027 0.13027 0.13027 0.08813 ( 3)  0.088
 233 E   0.13439 0.13439 0.13439 0.13439 0.13439 0.13439 0.13439 0.05927 ( 1)  0.059
 234 Q   0.13432 0.13432 0.13432 0.13432 0.13432 0.13432 0.13432 0.05978 ( 1)  0.060
 235 P   0.13266 0.13266 0.13266 0.13266 0.13266 0.13266 0.13266 0.07140 ( 3)  0.071
 236 G   0.13129 0.13129 0.13129 0.13129 0.13129 0.13129 0.13129 0.08100 ( 2)  0.081
 237 G   0.13265 0.13265 0.13265 0.13265 0.13265 0.13265 0.13265 0.07148 ( 6)  0.071
 238 A   0.13295 0.13295 0.13295 0.13295 0.13295 0.13295 0.13295 0.06938 ( 2)  0.069
 239 V   0.13277 0.13277 0.13277 0.13277 0.13277 0.13277 0.13277 0.07063 ( 1)  0.071
 240 E   0.13439 0.13439 0.13439 0.13439 0.13439 0.13439 0.13439 0.05927 ( 1)  0.059
 241 R   0.13144 0.13144 0.13144 0.13144 0.13144 0.13144 0.13144 0.07993 ( 6)  0.080
 242 P   0.13266 0.13266 0.13266 0.13266 0.13266 0.13266 0.13266 0.07140 ( 3)  0.071
 243 A   0.13156 0.13156 0.13156 0.13156 0.13156 0.13156 0.13156 0.07906 ( 2)  0.079
 244 M   0.13226 0.13226 0.13226 0.13226 0.13226 0.13226 0.13226 0.07415 ( 1)  0.074
 245 D   0.13403 0.13403 0.13403 0.13403 0.13403 0.13403 0.13403 0.06182 ( 1)  0.062
 246 K   0.13360 0.13360 0.13360 0.13360 0.13360 0.13360 0.13360 0.06477 ( 6)  0.065
 247 L   0.13209 0.13209 0.13209 0.13209 0.13209 0.13209 0.13209 0.07538 ( 1)  0.075
 248 L   0.13209 0.13209 0.13209 0.13209 0.13209 0.13209 0.13209 0.07538 ( 1)  0.075
 249 S   0.12630 0.12630 0.12630 0.12630 0.12630 0.12630 0.12630 0.11593 ( 6)  0.116
 250 M   0.13226 0.13226 0.13226 0.13226 0.13226 0.13226 0.13226 0.07415 ( 1)  0.074
 251 G   0.13129 0.13129 0.13129 0.13129 0.13129 0.13129 0.13129 0.08100 ( 2)  0.081
 252 Y   0.13123 0.13123 0.13123 0.13123 0.13123 0.13123 0.13123 0.08136 ( 6)  0.081
 253 A   0.13156 0.13156 0.13156 0.13156 0.13156 0.13156 0.13156 0.07906 ( 2)  0.079
 254 K   0.13360 0.13360 0.13360 0.13360 0.13360 0.13360 0.13360 0.06477 ( 6)  0.065
 255 E   0.13439 0.13439 0.13439 0.13439 0.13439 0.13439 0.13439 0.05927 ( 1)  0.059
 256 W   0.13034 0.13034 0.13034 0.13034 0.13034 0.13034 0.13034 0.08763 ( 6)  0.088
 257 Q   0.12884 0.12884 0.12884 0.12884 0.12884 0.12884 0.12884 0.09812 ( 3)  0.098
 258 D   0.13403 0.13403 0.13403 0.13403 0.13403 0.13403 0.13403 0.06182 ( 1)  0.062
 259 S   0.12572 0.12572 0.12572 0.12572 0.12572 0.12572 0.12572 0.11996 ( 6)  0.120
 260 H   0.13374 0.13374 0.13374 0.13374 0.13374 0.13374 0.13374 0.06379 ( 1)  0.064
 261 D   0.13403 0.13403 0.13403 0.13403 0.13403 0.13403 0.13403 0.06182 ( 1)  0.062
 262 A   0.13156 0.13156 0.13156 0.13156 0.13156 0.13156 0.13156 0.07906 ( 2)  0.079
 263 Y   0.13123 0.13123 0.13123 0.13123 0.13123 0.13123 0.13123 0.08136 ( 6)  0.081
 264 E   0.13439 0.13439 0.13439 0.13439 0.13439 0.13439 0.13439 0.05927 ( 1)  0.059
 265 H   0.13374 0.13374 0.13374 0.13374 0.13374 0.13374 0.13374 0.06379 ( 1)  0.064
 266 E   0.13439 0.13439 0.13439 0.13439 0.13439 0.13439 0.13439 0.05927 ( 1)  0.059
 267 K   0.13360 0.13360 0.13360 0.13360 0.13360 0.13360 0.13360 0.06477 ( 6)  0.065
 268 A   0.13295 0.13295 0.13295 0.13295 0.13295 0.13295 0.13295 0.06938 ( 2)  0.069
 269 E   0.13439 0.13439 0.13439 0.13439 0.13439 0.13439 0.13439 0.05927 ( 1)  0.059
 270 A   0.13158 0.13158 0.13158 0.13158 0.13158 0.13158 0.13158 0.07895 ( 6)  0.079
 271 A   0.13156 0.13156 0.13156 0.13156 0.13156 0.13156 0.13156 0.07906 ( 2)  0.079
 272 R   0.13144 0.13144 0.13144 0.13144 0.13144 0.13144 0.13144 0.07989 ( 6)  0.080
 273 R   0.13099 0.13099 0.13099 0.13099 0.13099 0.13099 0.13099 0.08304 ( 3)  0.083
 274 Q   0.13432 0.13432 0.13432 0.13432 0.13432 0.13432 0.13432 0.05978 ( 1)  0.060
 275 A   0.12673 0.12673 0.12673 0.12673 0.12673 0.12673 0.12673 0.11290 ( 3)  0.113
 276 E   0.13439 0.13439 0.13439 0.13439 0.13439 0.13439 0.13439 0.05927 ( 1)  0.059
 277 K   0.13360 0.13360 0.13360 0.13360 0.13360 0.13360 0.13360 0.06477 ( 6)  0.065
 278 L   0.13209 0.13209 0.13209 0.13209 0.13209 0.13209 0.13209 0.07538 ( 1)  0.075
 279 R   0.13099 0.13099 0.13099 0.13099 0.13099 0.13099 0.13099 0.08304 ( 3)  0.083
 280 G   0.13129 0.13129 0.13129 0.13129 0.13129 0.13129 0.13129 0.08100 ( 2)  0.081
 281 L   0.13209 0.13209 0.13209 0.13209 0.13209 0.13209 0.13209 0.07538 ( 1)  0.075
 282 Q   0.13432 0.13432 0.13432 0.13432 0.13432 0.13432 0.13432 0.05978 ( 1)  0.060
 283 A   0.13156 0.13156 0.13156 0.13156 0.13156 0.13156 0.13156 0.07906 ( 2)  0.079
 284 R   0.12598 0.12598 0.12598 0.12598 0.12598 0.12598 0.12598 0.11815 ( 3)  0.118
 285 A   0.13156 0.13156 0.13156 0.13156 0.13156 0.13156 0.13156 0.07906 ( 2)  0.079
 286 Q   0.13432 0.13432 0.13432 0.13432 0.13432 0.13432 0.13432 0.05978 ( 1)  0.060
 287 A   0.13156 0.13156 0.13156 0.13156 0.13156 0.13156 0.13156 0.07906 ( 2)  0.079
 288 R   0.13144 0.13144 0.13144 0.13144 0.13144 0.13144 0.13144 0.07993 ( 6)  0.080
 289 E   0.13439 0.13439 0.13439 0.13439 0.13439 0.13439 0.13439 0.05927 ( 1)  0.059
 290 T   0.13203 0.13203 0.13203 0.13203 0.13203 0.13203 0.13203 0.07576 ( 6)  0.076
 291 Q   0.00000 0.00000 0.00000 0.00000 0.00000 0.00000 0.00000 1.00000 ( 8)  1.000
 292 Q   0.13432 0.13432 0.13432 0.13432 0.13432 0.13432 0.13432 0.05978 ( 1)  0.060
 293 M   0.13226 0.13226 0.13226 0.13226 0.13226 0.13226 0.13226 0.07415 ( 1)  0.074
 294 A   0.13295 0.13295 0.13295 0.13295 0.13295 0.13295 0.13295 0.06938 ( 2)  0.069
 295 T   0.12613 0.12613 0.12613 0.12613 0.12613 0.12613 0.12613 0.11707 ( 1)  0.117
 296 A   0.13156 0.13156 0.13156 0.13156 0.13156 0.13156 0.13156 0.07906 ( 2)  0.079
 297 N   0.13309 0.13309 0.13309 0.13309 0.13309 0.13309 0.13309 0.06835 ( 6)  0.068
 298 R   0.13144 0.13144 0.13144 0.13144 0.13144 0.13144 0.13144 0.07993 ( 6)  0.080
 299 L   0.13209 0.13209 0.13209 0.13209 0.13209 0.13209 0.13209 0.07538 ( 1)  0.075
 300 A   0.13156 0.13156 0.13156 0.13156 0.13156 0.13156 0.13156 0.07906 ( 2)  0.079
 301 D   0.13027 0.13027 0.13027 0.13027 0.13027 0.13027 0.13027 0.08813 ( 3)  0.088
 302 R   0.13144 0.13144 0.13144 0.13144 0.13144 0.13144 0.13144 0.07993 ( 6)  0.080
 303 P   0.13266 0.13266 0.13266 0.13266 0.13266 0.13266 0.13266 0.07140 ( 3)  0.071
 304 G   0.13129 0.13129 0.13129 0.13129 0.13129 0.13129 0.13129 0.08100 ( 2)  0.081
 305 G   0.13129 0.13129 0.13129 0.13129 0.13129 0.13129 0.13129 0.08100 ( 2)  0.081
 306 Q   0.13432 0.13432 0.13432 0.13432 0.13432 0.13432 0.13432 0.05978 ( 1)  0.060
 307 G   0.13129 0.13129 0.13129 0.13129 0.13129 0.13129 0.13129 0.08100 ( 2)  0.081
 308 G   0.13129 0.13129 0.13129 0.13129 0.13129 0.13129 0.13129 0.08100 ( 2)  0.081
 309 G   0.13129 0.13129 0.13129 0.13129 0.13129 0.13129 0.13129 0.08100 ( 2)  0.081
 310 V   0.13277 0.13277 0.13277 0.13277 0.13277 0.13277 0.13277 0.07063 ( 1)  0.071
 311 S   0.13155 0.13155 0.13155 0.13155 0.13155 0.13155 0.13155 0.07915 ( 1)  0.079
 312 T   0.13073 0.13073 0.13073 0.13073 0.13073 0.13073 0.13073 0.08489 ( 1)  0.085
 313 T   0.00000 0.00000 0.00000 0.00000 0.00000 0.00000 0.00000 1.00000 ( 8)  1.000
 314 P   0.12627 0.12627 0.12627 0.12627 0.12627 0.12627 0.12627 0.11609 ( 5)  0.116
 315 W   0.13034 0.13034 0.13034 0.13034 0.13034 0.13034 0.13034 0.08763 ( 6)  0.088
 316 K   0.13360 0.13360 0.13360 0.13360 0.13360 0.13360 0.13360 0.06477 ( 6)  0.065
 317 P   0.13266 0.13266 0.13266 0.13266 0.13266 0.13266 0.13266 0.07140 ( 3)  0.071
 318 T   0.13073 0.13073 0.13073 0.13073 0.13073 0.13073 0.13073 0.08489 ( 1)  0.085
 319 S   0.12967 0.12967 0.12967 0.12967 0.12967 0.12967 0.12967 0.09232 ( 1)  0.092
 320 K   0.13360 0.13360 0.13360 0.13360 0.13360 0.13360 0.13360 0.06477 ( 6)  0.065
 321 G   0.13129 0.13129 0.13129 0.13129 0.13129 0.13129 0.13129 0.08100 ( 2)  0.081
 322 G   0.12664 0.12664 0.12664 0.12664 0.12664 0.12664 0.12664 0.11355 ( 3)  0.114
 323 H   0.13374 0.13374 0.13374 0.13374 0.13374 0.13374 0.13374 0.06379 ( 1)  0.064
 324 L   0.13209 0.13209 0.13209 0.13209 0.13209 0.13209 0.13209 0.07538 ( 1)  0.075
 325 L   0.13209 0.13209 0.13209 0.13209 0.13209 0.13209 0.13209 0.07538 ( 1)  0.075


lnL = -1437.443092

