Supplemental results for CODEML (seqf: algn  treef: tree)


dN/dS (w) for site classes (K=9)

p:   0.12030  0.12030  0.12030  0.12030  0.12030  0.12030  0.12030  0.12030  0.03757
w:   0.00000  0.00000  0.00000  0.00000  0.00000  0.00000  0.00000  0.00000 14.03206

Naive Empirical Bayes (NEB) probabilities for 9 classes & postmean_w & P(w>1)
(amino acids refer to 1st sequence: Msl.21231)

   1 M   0.12240 0.12240 0.12240 0.12240 0.12240 0.12240 0.12240 0.12240 0.02080 ( 2)  0.292  0.021
   2 T   0.12266 0.12266 0.12266 0.12266 0.12266 0.12266 0.12266 0.12266 0.01873 ( 2)  0.263  0.019
   3 A   0.12275 0.12275 0.12275 0.12275 0.12275 0.12275 0.12275 0.12275 0.01798 ( 6)  0.252  0.018
   4 F   0.12204 0.12204 0.12204 0.12204 0.12204 0.12204 0.12204 0.12204 0.02368 ( 2)  0.332  0.024
   5 A   0.12181 0.12181 0.12181 0.12181 0.12181 0.12181 0.12181 0.12181 0.02552 ( 2)  0.358  0.026
   6 T   0.12288 0.12288 0.12288 0.12288 0.12288 0.12288 0.12288 0.12288 0.01696 ( 6)  0.238  0.017
   7 S   0.12332 0.12332 0.12332 0.12332 0.12332 0.12332 0.12332 0.12332 0.01340 ( 5)  0.188  0.013
   8 R   0.12131 0.12131 0.12131 0.12131 0.12131 0.12131 0.12131 0.12131 0.02956 ( 2)  0.415  0.030
   9 L   0.12157 0.12157 0.12157 0.12157 0.12157 0.12157 0.12157 0.12157 0.02746 ( 2)  0.385  0.027
  10 L   0.12196 0.12196 0.12196 0.12196 0.12196 0.12196 0.12196 0.12196 0.02431 ( 2)  0.341  0.024
  11 L   0.12131 0.12131 0.12131 0.12131 0.12131 0.12131 0.12131 0.12131 0.02952 ( 6)  0.414  0.030
  12 L   0.12157 0.12157 0.12157 0.12157 0.12157 0.12157 0.12157 0.12157 0.02746 ( 2)  0.385  0.027
  13 L   0.12196 0.12196 0.12196 0.12196 0.12196 0.12196 0.12196 0.12196 0.02431 ( 2)  0.341  0.024
  14 I   0.12234 0.12234 0.12234 0.12234 0.12234 0.12234 0.12234 0.12234 0.02130 ( 4)  0.299  0.021
  15 V   0.12312 0.12312 0.12312 0.12312 0.12312 0.12312 0.12312 0.12312 0.01500 ( 2)  0.210  0.015
  16 S   0.12216 0.12216 0.12216 0.12216 0.12216 0.12216 0.12216 0.12216 0.02272 ( 4)  0.319  0.023
  17 V   0.12312 0.12312 0.12312 0.12312 0.12312 0.12312 0.12312 0.12312 0.01500 ( 2)  0.210  0.015
  18 A   0.12267 0.12267 0.12267 0.12267 0.12267 0.12267 0.12267 0.12267 0.01866 ( 5)  0.262  0.019
  19 V   0.12312 0.12312 0.12312 0.12312 0.12312 0.12312 0.12312 0.12312 0.01500 ( 2)  0.210  0.015
  20 F   0.00000 0.00000 0.00000 0.00000 0.00000 0.00000 0.00000 0.00000 1.00000 ( 9) 14.032  1.000
  21 V   0.12303 0.12303 0.12303 0.12303 0.12303 0.12303 0.12303 0.12303 0.01579 ( 2)  0.222  0.016
  22 A   0.12181 0.12181 0.12181 0.12181 0.12181 0.12181 0.12181 0.12181 0.02552 ( 2)  0.358  0.026
  23 A   0.12276 0.12276 0.12276 0.12276 0.12276 0.12276 0.12276 0.12276 0.01794 ( 2)  0.252  0.018
  24 A   0.12267 0.12267 0.12267 0.12267 0.12267 0.12267 0.12267 0.12267 0.01866 ( 5)  0.262  0.019
  25 G   0.12290 0.12290 0.12290 0.12290 0.12290 0.12290 0.12290 0.12290 0.01679 ( 5)  0.236  0.017
  26 A   0.12275 0.12275 0.12275 0.12275 0.12275 0.12275 0.12275 0.12275 0.01798 ( 6)  0.252  0.018
  27 E   0.12338 0.12338 0.12338 0.12338 0.12338 0.12338 0.12338 0.12338 0.01294 ( 4)  0.182  0.013
  28 N   0.12264 0.12264 0.12264 0.12264 0.12264 0.12264 0.12264 0.12264 0.01885 ( 1)  0.265  0.019
  29 P   0.12152 0.12152 0.12152 0.12152 0.12152 0.12152 0.12152 0.12152 0.02785 ( 4)  0.391  0.028
  30 D   0.12341 0.12341 0.12341 0.12341 0.12341 0.12341 0.12341 0.12341 0.01275 ( 4)  0.179  0.013
  31 Q   0.00000 0.00000 0.00000 0.00000 0.00000 0.00000 0.00000 0.00000 1.00000 ( 9) 14.032  1.000
  32 E   0.12276 0.12276 0.12276 0.12276 0.12276 0.12276 0.12276 0.12276 0.01796 ( 2)  0.252  0.018
  33 R   0.12273 0.12273 0.12273 0.12273 0.12273 0.12273 0.12273 0.12273 0.01813 ( 4)  0.254  0.018
  34 K   0.12205 0.12205 0.12205 0.12205 0.12205 0.12205 0.12205 0.12205 0.02361 ( 2)  0.331  0.024
  35 L   0.12234 0.12234 0.12234 0.12234 0.12234 0.12234 0.12234 0.12234 0.02132 ( 2)  0.299  0.021
  36 D   0.12348 0.12348 0.12348 0.12348 0.12348 0.12348 0.12348 0.12348 0.01218 ( 2)  0.171  0.012
  37 D   0.12348 0.12348 0.12348 0.12348 0.12348 0.12348 0.12348 0.12348 0.01218 ( 2)  0.171  0.012
  38 D   0.12348 0.12348 0.12348 0.12348 0.12348 0.12348 0.12348 0.12348 0.01218 ( 2)  0.171  0.012
  39 L   0.12157 0.12157 0.12157 0.12157 0.12157 0.12157 0.12157 0.12157 0.02746 ( 2)  0.385  0.027
  40 E   0.12276 0.12276 0.12276 0.12276 0.12276 0.12276 0.12276 0.12276 0.01796 ( 2)  0.252  0.018
  41 S   0.12246 0.12246 0.12246 0.12246 0.12246 0.12246 0.12246 0.12246 0.02032 ( 4)  0.285  0.020
  42 M   0.12240 0.12240 0.12240 0.12240 0.12240 0.12240 0.12240 0.12240 0.02080 ( 2)  0.292  0.021
  43 I   0.12169 0.12169 0.12169 0.12169 0.12169 0.12169 0.12169 0.12169 0.02649 ( 5)  0.372  0.026
  44 A   0.12275 0.12275 0.12275 0.12275 0.12275 0.12275 0.12275 0.12275 0.01798 ( 6)  0.252  0.018
  45 D   0.12348 0.12348 0.12348 0.12348 0.12348 0.12348 0.12348 0.12348 0.01218 ( 2)  0.171  0.012
  46 K   0.12281 0.12281 0.12281 0.12281 0.12281 0.12281 0.12281 0.12281 0.01756 ( 4)  0.246  0.018
  47 S   0.12216 0.12216 0.12216 0.12216 0.12216 0.12216 0.12216 0.12216 0.02272 ( 4)  0.319  0.023
  48 M   0.12240 0.12240 0.12240 0.12240 0.12240 0.12240 0.12240 0.12240 0.02080 ( 2)  0.292  0.021
  49 D   0.12348 0.12348 0.12348 0.12348 0.12348 0.12348 0.12348 0.12348 0.01218 ( 2)  0.171  0.012
  50 E   0.12276 0.12276 0.12276 0.12276 0.12276 0.12276 0.12276 0.12276 0.01796 ( 2)  0.252  0.018
  51 D   0.12341 0.12341 0.12341 0.12341 0.12341 0.12341 0.12341 0.12341 0.01275 ( 4)  0.179  0.013
  52 D   0.12341 0.12341 0.12341 0.12341 0.12341 0.12341 0.12341 0.12341 0.01275 ( 4)  0.179  0.013
  53 A   0.12275 0.12275 0.12275 0.12275 0.12275 0.12275 0.12275 0.12275 0.01798 ( 6)  0.252  0.018
  54 V   0.12303 0.12303 0.12303 0.12303 0.12303 0.12303 0.12303 0.12303 0.01579 ( 2)  0.222  0.016
  55 E   0.12338 0.12338 0.12338 0.12338 0.12338 0.12338 0.12338 0.12338 0.01294 ( 4)  0.182  0.013
  56 D   0.12341 0.12341 0.12341 0.12341 0.12341 0.12341 0.12341 0.12341 0.01275 ( 4)  0.179  0.013
  57 D   0.12341 0.12341 0.12341 0.12341 0.12341 0.12341 0.12341 0.12341 0.01275 ( 4)  0.179  0.013
  58 S   0.12341 0.12341 0.12341 0.12341 0.12341 0.12341 0.12341 0.12341 0.01271 ( 5)  0.178  0.013
  59 D   0.12341 0.12341 0.12341 0.12341 0.12341 0.12341 0.12341 0.12341 0.01275 ( 4)  0.179  0.013
  60 A   0.12267 0.12267 0.12267 0.12267 0.12267 0.12267 0.12267 0.12267 0.01866 ( 5)  0.262  0.019
  61 A   0.12275 0.12275 0.12275 0.12275 0.12275 0.12275 0.12275 0.12275 0.01798 ( 6)  0.252  0.018
  62 Y   0.12251 0.12251 0.12251 0.12251 0.12251 0.12251 0.12251 0.12251 0.01993 ( 1)  0.280  0.020
  63 W   0.12266 0.12266 0.12266 0.12266 0.12266 0.12266 0.12266 0.12266 0.01872 ( 2)  0.263  0.019
  64 D   0.12341 0.12341 0.12341 0.12341 0.12341 0.12341 0.12341 0.12341 0.01275 ( 4)  0.179  0.013
  65 K   0.12281 0.12281 0.12281 0.12281 0.12281 0.12281 0.12281 0.12281 0.01756 ( 4)  0.246  0.018
  66 R   0.12273 0.12273 0.12273 0.12273 0.12273 0.12273 0.12273 0.12273 0.01813 ( 4)  0.254  0.018
  67 A   0.12267 0.12267 0.12267 0.12267 0.12267 0.12267 0.12267 0.12267 0.01866 ( 5)  0.262  0.019
  68 P   0.12244 0.12244 0.12244 0.12244 0.12244 0.12244 0.12244 0.12244 0.02050 ( 1)  0.288  0.020
  69 G   0.12196 0.12196 0.12196 0.12196 0.12196 0.12196 0.12196 0.12196 0.02435 ( 4)  0.342  0.024
  70 W   0.12266 0.12266 0.12266 0.12266 0.12266 0.12266 0.12266 0.12266 0.01872 ( 2)  0.263  0.019
  71 G   0.12283 0.12283 0.12283 0.12283 0.12283 0.12283 0.12283 0.12283 0.01740 ( 5)  0.244  0.017
  72 K   0.12281 0.12281 0.12281 0.12281 0.12281 0.12281 0.12281 0.12281 0.01756 ( 4)  0.246  0.018
  73 R   0.12273 0.12273 0.12273 0.12273 0.12273 0.12273 0.12273 0.12273 0.01813 ( 4)  0.254  0.018
  74 A   0.12267 0.12267 0.12267 0.12267 0.12267 0.12267 0.12267 0.12267 0.01866 ( 5)  0.262  0.019
  75 P   0.12244 0.12244 0.12244 0.12244 0.12244 0.12244 0.12244 0.12244 0.02050 ( 1)  0.288  0.020
  76 G   0.12196 0.12196 0.12196 0.12196 0.12196 0.12196 0.12196 0.12196 0.02435 ( 4)  0.342  0.024
  77 W   0.12266 0.12266 0.12266 0.12266 0.12266 0.12266 0.12266 0.12266 0.01872 ( 2)  0.263  0.019
  78 G   0.12283 0.12283 0.12283 0.12283 0.12283 0.12283 0.12283 0.12283 0.01740 ( 5)  0.244  0.017
  79 K   0.12281 0.12281 0.12281 0.12281 0.12281 0.12281 0.12281 0.12281 0.01756 ( 4)  0.246  0.018
  80 R   0.12273 0.12273 0.12273 0.12273 0.12273 0.12273 0.12273 0.12273 0.01813 ( 4)  0.254  0.018
  81 A   0.12267 0.12267 0.12267 0.12267 0.12267 0.12267 0.12267 0.12267 0.01866 ( 5)  0.262  0.019
  82 P   0.12244 0.12244 0.12244 0.12244 0.12244 0.12244 0.12244 0.12244 0.02050 ( 1)  0.288  0.020
  83 G   0.12191 0.12191 0.12191 0.12191 0.12191 0.12191 0.12191 0.12191 0.02474 ( 4)  0.347  0.025
  84 W   0.12266 0.12266 0.12266 0.12266 0.12266 0.12266 0.12266 0.12266 0.01872 ( 2)  0.263  0.019
  85 G   0.12283 0.12283 0.12283 0.12283 0.12283 0.12283 0.12283 0.12283 0.01740 ( 5)  0.244  0.017
  86 K   0.12281 0.12281 0.12281 0.12281 0.12281 0.12281 0.12281 0.12281 0.01756 ( 4)  0.246  0.018
  87 R   0.12273 0.12273 0.12273 0.12273 0.12273 0.12273 0.12273 0.12273 0.01813 ( 4)  0.254  0.018
  88 A   0.12267 0.12267 0.12267 0.12267 0.12267 0.12267 0.12267 0.12267 0.01866 ( 5)  0.262  0.019
  89 P   0.12244 0.12244 0.12244 0.12244 0.12244 0.12244 0.12244 0.12244 0.02050 ( 1)  0.288  0.020
  90 G   0.12191 0.12191 0.12191 0.12191 0.12191 0.12191 0.12191 0.12191 0.02474 ( 4)  0.347  0.025
  91 W   0.12266 0.12266 0.12266 0.12266 0.12266 0.12266 0.12266 0.12266 0.01872 ( 2)  0.263  0.019
  92 G   0.12283 0.12283 0.12283 0.12283 0.12283 0.12283 0.12283 0.12283 0.01740 ( 5)  0.244  0.017
  93 K   0.12281 0.12281 0.12281 0.12281 0.12281 0.12281 0.12281 0.12281 0.01756 ( 4)  0.246  0.018
  94 R   0.12273 0.12273 0.12273 0.12273 0.12273 0.12273 0.12273 0.12273 0.01813 ( 4)  0.254  0.018
  95 A   0.12267 0.12267 0.12267 0.12267 0.12267 0.12267 0.12267 0.12267 0.01866 ( 5)  0.262  0.019
  96 P   0.12244 0.12244 0.12244 0.12244 0.12244 0.12244 0.12244 0.12244 0.02050 ( 1)  0.288  0.020
  97 G   0.12191 0.12191 0.12191 0.12191 0.12191 0.12191 0.12191 0.12191 0.02474 ( 4)  0.347  0.025
  98 W   0.12266 0.12266 0.12266 0.12266 0.12266 0.12266 0.12266 0.12266 0.01872 ( 2)  0.263  0.019
  99 G   0.12283 0.12283 0.12283 0.12283 0.12283 0.12283 0.12283 0.12283 0.01740 ( 5)  0.244  0.017
 100 K   0.12281 0.12281 0.12281 0.12281 0.12281 0.12281 0.12281 0.12281 0.01756 ( 4)  0.246  0.018
 101 R   0.12273 0.12273 0.12273 0.12273 0.12273 0.12273 0.12273 0.12273 0.01813 ( 4)  0.254  0.018
 102 A   0.12267 0.12267 0.12267 0.12267 0.12267 0.12267 0.12267 0.12267 0.01866 ( 5)  0.262  0.019
 103 P   0.12244 0.12244 0.12244 0.12244 0.12244 0.12244 0.12244 0.12244 0.02050 ( 1)  0.288  0.020
 104 G   0.12191 0.12191 0.12191 0.12191 0.12191 0.12191 0.12191 0.12191 0.02474 ( 4)  0.347  0.025
 105 W   0.12266 0.12266 0.12266 0.12266 0.12266 0.12266 0.12266 0.12266 0.01872 ( 2)  0.263  0.019
 106 G   0.12283 0.12283 0.12283 0.12283 0.12283 0.12283 0.12283 0.12283 0.01740 ( 5)  0.244  0.017
 107 K   0.12281 0.12281 0.12281 0.12281 0.12281 0.12281 0.12281 0.12281 0.01756 ( 4)  0.246  0.018
 108 R   0.12273 0.12273 0.12273 0.12273 0.12273 0.12273 0.12273 0.12273 0.01813 ( 4)  0.254  0.018
 109 A   0.12267 0.12267 0.12267 0.12267 0.12267 0.12267 0.12267 0.12267 0.01866 ( 5)  0.262  0.019
 110 P   0.12244 0.12244 0.12244 0.12244 0.12244 0.12244 0.12244 0.12244 0.02050 ( 1)  0.288  0.020
 111 G   0.12191 0.12191 0.12191 0.12191 0.12191 0.12191 0.12191 0.12191 0.02474 ( 4)  0.347  0.025
 112 W   0.12266 0.12266 0.12266 0.12266 0.12266 0.12266 0.12266 0.12266 0.01872 ( 2)  0.263  0.019
 113 G   0.12283 0.12283 0.12283 0.12283 0.12283 0.12283 0.12283 0.12283 0.01740 ( 5)  0.244  0.017
 114 K   0.12281 0.12281 0.12281 0.12281 0.12281 0.12281 0.12281 0.12281 0.01756 ( 4)  0.246  0.018
 115 R   0.12273 0.12273 0.12273 0.12273 0.12273 0.12273 0.12273 0.12273 0.01813 ( 4)  0.254  0.018
 116 A   0.12267 0.12267 0.12267 0.12267 0.12267 0.12267 0.12267 0.12267 0.01866 ( 5)  0.262  0.019
 117 P   0.00000 0.00000 0.00000 0.00000 0.00000 0.00000 0.00000 0.00000 1.00000 ( 9) 14.032  1.000
 118 G   0.12191 0.12191 0.12191 0.12191 0.12191 0.12191 0.12191 0.12191 0.02474 ( 4)  0.347  0.025
 119 W   0.12266 0.12266 0.12266 0.12266 0.12266 0.12266 0.12266 0.12266 0.01872 ( 2)  0.263  0.019
 120 G   0.12283 0.12283 0.12283 0.12283 0.12283 0.12283 0.12283 0.12283 0.01740 ( 5)  0.244  0.017
 121 K   0.12281 0.12281 0.12281 0.12281 0.12281 0.12281 0.12281 0.12281 0.01756 ( 4)  0.246  0.018
 122 R   0.12273 0.12273 0.12273 0.12273 0.12273 0.12273 0.12273 0.12273 0.01813 ( 4)  0.254  0.018
 123 A   0.12267 0.12267 0.12267 0.12267 0.12267 0.12267 0.12267 0.12267 0.01866 ( 5)  0.262  0.019
 124 P   0.12244 0.12244 0.12244 0.12244 0.12244 0.12244 0.12244 0.12244 0.02050 ( 1)  0.288  0.020
 125 G   0.12191 0.12191 0.12191 0.12191 0.12191 0.12191 0.12191 0.12191 0.02474 ( 4)  0.347  0.025
 126 W   0.12266 0.12266 0.12266 0.12266 0.12266 0.12266 0.12266 0.12266 0.01872 ( 2)  0.263  0.019
 127 G   0.12283 0.12283 0.12283 0.12283 0.12283 0.12283 0.12283 0.12283 0.01740 ( 5)  0.244  0.017
 128 K   0.12281 0.12281 0.12281 0.12281 0.12281 0.12281 0.12281 0.12281 0.01756 ( 4)  0.246  0.018
 129 R   0.12273 0.12273 0.12273 0.12273 0.12273 0.12273 0.12273 0.12273 0.01813 ( 4)  0.254  0.018
 130 A   0.12267 0.12267 0.12267 0.12267 0.12267 0.12267 0.12267 0.12267 0.01866 ( 5)  0.262  0.019
 131 P   0.12244 0.12244 0.12244 0.12244 0.12244 0.12244 0.12244 0.12244 0.02050 ( 1)  0.288  0.020
 132 G   0.12191 0.12191 0.12191 0.12191 0.12191 0.12191 0.12191 0.12191 0.02474 ( 4)  0.347  0.025
 133 W   0.12266 0.12266 0.12266 0.12266 0.12266 0.12266 0.12266 0.12266 0.01872 ( 2)  0.263  0.019
 134 G   0.12283 0.12283 0.12283 0.12283 0.12283 0.12283 0.12283 0.12283 0.01740 ( 5)  0.244  0.017
 135 K   0.12281 0.12281 0.12281 0.12281 0.12281 0.12281 0.12281 0.12281 0.01756 ( 4)  0.246  0.018
 136 R   0.12273 0.12273 0.12273 0.12273 0.12273 0.12273 0.12273 0.12273 0.01813 ( 4)  0.254  0.018
 137 A   0.12267 0.12267 0.12267 0.12267 0.12267 0.12267 0.12267 0.12267 0.01866 ( 5)  0.262  0.019
 138 P   0.12244 0.12244 0.12244 0.12244 0.12244 0.12244 0.12244 0.12244 0.02050 ( 1)  0.288  0.020
 139 G   0.12191 0.12191 0.12191 0.12191 0.12191 0.12191 0.12191 0.12191 0.02474 ( 4)  0.347  0.025
 140 W   0.12266 0.12266 0.12266 0.12266 0.12266 0.12266 0.12266 0.12266 0.01872 ( 2)  0.263  0.019
 141 G   0.12283 0.12283 0.12283 0.12283 0.12283 0.12283 0.12283 0.12283 0.01740 ( 5)  0.244  0.017
 142 K   0.12281 0.12281 0.12281 0.12281 0.12281 0.12281 0.12281 0.12281 0.01756 ( 4)  0.246  0.018
 143 R   0.12273 0.12273 0.12273 0.12273 0.12273 0.12273 0.12273 0.12273 0.01813 ( 4)  0.254  0.018
 144 A   0.12267 0.12267 0.12267 0.12267 0.12267 0.12267 0.12267 0.12267 0.01866 ( 5)  0.262  0.019
 145 P   0.12244 0.12244 0.12244 0.12244 0.12244 0.12244 0.12244 0.12244 0.02050 ( 1)  0.288  0.020
 146 G   0.12191 0.12191 0.12191 0.12191 0.12191 0.12191 0.12191 0.12191 0.02474 ( 4)  0.347  0.025
 147 W   0.12266 0.12266 0.12266 0.12266 0.12266 0.12266 0.12266 0.12266 0.01872 ( 2)  0.263  0.019
 148 G   0.12283 0.12283 0.12283 0.12283 0.12283 0.12283 0.12283 0.12283 0.01740 ( 5)  0.244  0.017
 149 K   0.12281 0.12281 0.12281 0.12281 0.12281 0.12281 0.12281 0.12281 0.01756 ( 4)  0.246  0.018
 150 R   0.12273 0.12273 0.12273 0.12273 0.12273 0.12273 0.12273 0.12273 0.01813 ( 4)  0.254  0.018
 151 A   0.12267 0.12267 0.12267 0.12267 0.12267 0.12267 0.12267 0.12267 0.01866 ( 5)  0.262  0.019
 152 P   0.12244 0.12244 0.12244 0.12244 0.12244 0.12244 0.12244 0.12244 0.02050 ( 1)  0.288  0.020
 153 G   0.12191 0.12191 0.12191 0.12191 0.12191 0.12191 0.12191 0.12191 0.02474 ( 4)  0.347  0.025
 154 W   0.12266 0.12266 0.12266 0.12266 0.12266 0.12266 0.12266 0.12266 0.01872 ( 2)  0.263  0.019
 155 G   0.12283 0.12283 0.12283 0.12283 0.12283 0.12283 0.12283 0.12283 0.01740 ( 5)  0.244  0.017
 156 K   0.12281 0.12281 0.12281 0.12281 0.12281 0.12281 0.12281 0.12281 0.01756 ( 4)  0.246  0.018
 157 R   0.12270 0.12270 0.12270 0.12270 0.12270 0.12270 0.12270 0.12270 0.01841 ( 5)  0.258  0.018
 158 A   0.12267 0.12267 0.12267 0.12267 0.12267 0.12267 0.12267 0.12267 0.01866 ( 5)  0.262  0.019
 159 P   0.12244 0.12244 0.12244 0.12244 0.12244 0.12244 0.12244 0.12244 0.02050 ( 1)  0.288  0.020

Positively selected sites

	Prob(w>1)  mean w

    20 F      1.000**       14.032
    31 Q      1.000**       14.032
   117 P      1.000**       14.032


lnL =  -669.824171

Bayes Empirical Bayes (BEB) probabilities for 11 classes (class) & postmean_w
(amino acids refer to 1st sequence: Msl.21231)

   1 M   0.32918 0.09063 0.07524 0.06737 0.06186 0.05726 0.05301 0.04896 0.04553 0.06628 0.10468 ( 1)  0.597 +-  1.053
   2 T   0.33054 0.09099 0.07548 0.06753 0.06196 0.05729 0.05300 0.04891 0.04545 0.06614 0.10270 ( 1)  0.588 +-  1.029
   3 A   0.33177 0.09131 0.07569 0.06767 0.06202 0.05731 0.05297 0.04884 0.04535 0.06599 0.10108 ( 1)  0.581 +-  1.013
   4 F   0.32777 0.09025 0.07498 0.06720 0.06175 0.05720 0.05301 0.04900 0.04560 0.06639 0.10683 ( 1)  0.608 +-  1.081
   5 A   0.32715 0.09009 0.07487 0.06712 0.06170 0.05717 0.05300 0.04901 0.04562 0.06643 0.10783 ( 1)  0.613 +-  1.095
   6 T   0.33168 0.09129 0.07568 0.06767 0.06203 0.05733 0.05299 0.04887 0.04538 0.06603 0.10104 ( 1)  0.580 +-  1.009
   7 S   0.33439 0.09201 0.07616 0.06798 0.06221 0.05739 0.05296 0.04875 0.04520 0.06575 0.09719 ( 1)  0.562 +-  0.962
   8 R   0.32534 0.08962 0.07455 0.06690 0.06156 0.05710 0.05299 0.04905 0.04571 0.06657 0.11062 ( 1)  0.627 +-  1.129
   9 L   0.32611 0.08982 0.07469 0.06699 0.06162 0.05714 0.05300 0.04904 0.04568 0.06652 0.10939 ( 1)  0.620 +-  1.113
  10 L   0.32751 0.09019 0.07494 0.06717 0.06173 0.05719 0.05301 0.04901 0.04561 0.06641 0.10724 ( 1)  0.610 +-  1.086
  11 L   0.32529 0.08960 0.07454 0.06689 0.06156 0.05710 0.05299 0.04905 0.04571 0.06658 0.11067 ( 1)  0.627 +-  1.130
  12 L   0.32611 0.08982 0.07469 0.06699 0.06162 0.05714 0.05300 0.04904 0.04568 0.06652 0.10939 ( 1)  0.620 +-  1.113
  13 L   0.32751 0.09019 0.07494 0.06717 0.06173 0.05719 0.05301 0.04901 0.04561 0.06641 0.10724 ( 1)  0.610 +-  1.086
  14 I   0.32894 0.09056 0.07519 0.06734 0.06184 0.05725 0.05301 0.04897 0.04554 0.06630 0.10506 ( 1)  0.599 +-  1.058
  15 V   0.33312 0.09167 0.07594 0.06784 0.06213 0.05736 0.05298 0.04881 0.04529 0.06589 0.09898 ( 1)  0.570 +-  0.983
  16 S   0.32833 0.09040 0.07508 0.06727 0.06179 0.05722 0.05301 0.04898 0.04557 0.06634 0.10600 ( 1)  0.604 +-  1.071
  17 V   0.33312 0.09167 0.07594 0.06784 0.06213 0.05736 0.05298 0.04881 0.04529 0.06589 0.09898 ( 1)  0.570 +-  0.983
  18 A   0.33125 0.09118 0.07560 0.06761 0.06199 0.05730 0.05297 0.04886 0.04538 0.06604 0.10181 ( 1)  0.584 +-  1.022
  19 V   0.33312 0.09167 0.07594 0.06784 0.06213 0.05736 0.05298 0.04881 0.04529 0.06589 0.09898 ( 1)  0.570 +-  0.983
  20 F   0.03698 0.02572 0.03403 0.04132 0.04756 0.05262 0.05637 0.05875 0.06016 0.08840 0.49808 (11)  2.539 +-  2.835
  21 V   0.33253 0.09151 0.07583 0.06777 0.06209 0.05735 0.05298 0.04884 0.04533 0.06595 0.09983 ( 1)  0.574 +-  0.994
  22 A   0.32715 0.09009 0.07487 0.06712 0.06170 0.05717 0.05300 0.04901 0.04562 0.06643 0.10783 ( 1)  0.613 +-  1.095
  23 A   0.33157 0.09126 0.07566 0.06765 0.06201 0.05731 0.05298 0.04886 0.04537 0.06602 0.10132 ( 1)  0.582 +-  1.015
  24 A   0.33125 0.09118 0.07560 0.06761 0.06199 0.05730 0.05297 0.04886 0.04538 0.06604 0.10181 ( 1)  0.584 +-  1.022
  25 G   0.33332 0.09172 0.07596 0.06783 0.06211 0.05732 0.05292 0.04875 0.04522 0.06579 0.09905 ( 1)  0.572 +-  0.992
  26 A   0.33177 0.09131 0.07569 0.06767 0.06202 0.05731 0.05297 0.04884 0.04535 0.06599 0.10108 ( 1)  0.581 +-  1.013
  27 E   0.33523 0.09223 0.07630 0.06807 0.06226 0.05740 0.05293 0.04870 0.04513 0.06564 0.09610 ( 1)  0.558 +-  0.950
  28 N   0.33167 0.09129 0.07567 0.06765 0.06201 0.05729 0.05295 0.04883 0.04534 0.06598 0.10133 ( 1)  0.582 +-  1.019
  29 P   0.32601 0.08979 0.07467 0.06698 0.06161 0.05713 0.05300 0.04904 0.04568 0.06653 0.10957 ( 1)  0.621 +-  1.116
  30 D   0.33559 0.09233 0.07637 0.06811 0.06228 0.05740 0.05292 0.04868 0.04510 0.06559 0.09564 ( 1)  0.556 +-  0.946
  31 Q   0.03663 0.02553 0.03380 0.04106 0.04728 0.05234 0.05609 0.05848 0.05992 0.08810 0.50078 (11)  2.555 +-  2.844
  32 E   0.33103 0.09112 0.07557 0.06759 0.06199 0.05731 0.05300 0.04889 0.04542 0.06610 0.10199 ( 1)  0.584 +-  1.020
  33 R   0.33123 0.09117 0.07560 0.06761 0.06200 0.05730 0.05299 0.04888 0.04540 0.06606 0.10176 ( 1)  0.584 +-  1.019
  34 K   0.32781 0.09027 0.07499 0.06721 0.06176 0.05721 0.05301 0.04900 0.04560 0.06639 0.10677 ( 1)  0.607 +-  1.080
  35 L   0.32898 0.09058 0.07520 0.06735 0.06184 0.05725 0.05301 0.04897 0.04554 0.06629 0.10500 ( 1)  0.599 +-  1.058
  36 D   0.33623 0.09250 0.07648 0.06818 0.06231 0.05741 0.05291 0.04864 0.04505 0.06551 0.09478 ( 1)  0.552 +-  0.936
  37 D   0.33623 0.09250 0.07648 0.06818 0.06231 0.05741 0.05291 0.04864 0.04505 0.06551 0.09478 ( 1)  0.552 +-  0.936
  38 D   0.33623 0.09250 0.07648 0.06818 0.06231 0.05741 0.05291 0.04864 0.04505 0.06551 0.09478 ( 1)  0.552 +-  0.936
  39 L   0.32611 0.08982 0.07469 0.06699 0.06162 0.05714 0.05300 0.04904 0.04568 0.06652 0.10939 ( 1)  0.620 +-  1.113
  40 E   0.33103 0.09112 0.07557 0.06759 0.06199 0.05731 0.05300 0.04889 0.04542 0.06610 0.10199 ( 1)  0.584 +-  1.020
  41 S   0.32959 0.09073 0.07531 0.06742 0.06189 0.05726 0.05300 0.04894 0.04550 0.06623 0.10411 ( 1)  0.594 +-  1.047
  42 M   0.32918 0.09063 0.07524 0.06737 0.06186 0.05726 0.05301 0.04896 0.04553 0.06628 0.10468 ( 1)  0.597 +-  1.053
  43 I   0.32651 0.08992 0.07476 0.06704 0.06165 0.05716 0.05300 0.04903 0.04566 0.06649 0.10877 ( 1)  0.617 +-  1.105
  44 A   0.33177 0.09131 0.07569 0.06767 0.06202 0.05731 0.05297 0.04884 0.04535 0.06599 0.10108 ( 1)  0.581 +-  1.013
  45 D   0.33623 0.09250 0.07648 0.06818 0.06231 0.05741 0.05291 0.04864 0.04505 0.06551 0.09478 ( 1)  0.552 +-  0.936
  46 K   0.33111 0.09114 0.07558 0.06760 0.06200 0.05731 0.05300 0.04890 0.04542 0.06610 0.10184 ( 1)  0.583 +-  1.018
  47 S   0.32833 0.09040 0.07508 0.06727 0.06179 0.05722 0.05301 0.04898 0.04557 0.06634 0.10600 ( 1)  0.604 +-  1.071
  48 M   0.32918 0.09063 0.07524 0.06737 0.06186 0.05726 0.05301 0.04896 0.04553 0.06628 0.10468 ( 1)  0.597 +-  1.053
  49 D   0.33623 0.09250 0.07648 0.06818 0.06231 0.05741 0.05291 0.04864 0.04505 0.06551 0.09478 ( 1)  0.552 +-  0.936
  50 E   0.33103 0.09112 0.07557 0.06759 0.06199 0.05731 0.05300 0.04889 0.04542 0.06610 0.10199 ( 1)  0.584 +-  1.020
  51 D   0.33559 0.09233 0.07637 0.06811 0.06228 0.05740 0.05292 0.04868 0.04510 0.06559 0.09564 ( 1)  0.556 +-  0.946
  52 D   0.33559 0.09233 0.07637 0.06811 0.06228 0.05740 0.05292 0.04868 0.04510 0.06559 0.09564 ( 1)  0.556 +-  0.946
  53 A   0.33177 0.09131 0.07569 0.06767 0.06202 0.05731 0.05297 0.04884 0.04535 0.06599 0.10108 ( 1)  0.581 +-  1.013
  54 V   0.33253 0.09151 0.07583 0.06777 0.06209 0.05735 0.05298 0.04884 0.04533 0.06595 0.09983 ( 1)  0.574 +-  0.994
  55 E   0.33523 0.09223 0.07630 0.06807 0.06226 0.05740 0.05293 0.04870 0.04513 0.06564 0.09610 ( 1)  0.558 +-  0.950
  56 D   0.33559 0.09233 0.07637 0.06811 0.06228 0.05740 0.05292 0.04868 0.04510 0.06559 0.09564 ( 1)  0.556 +-  0.946
  57 D   0.33559 0.09233 0.07637 0.06811 0.06228 0.05740 0.05292 0.04868 0.04510 0.06559 0.09564 ( 1)  0.556 +-  0.946
  58 S   0.33502 0.09218 0.07627 0.06805 0.06225 0.05740 0.05295 0.04872 0.04516 0.06568 0.09632 ( 1)  0.558 +-  0.951
  59 D   0.33559 0.09233 0.07637 0.06811 0.06228 0.05740 0.05292 0.04868 0.04510 0.06559 0.09564 ( 1)  0.556 +-  0.946
  60 A   0.33125 0.09118 0.07560 0.06761 0.06199 0.05730 0.05297 0.04886 0.04538 0.06604 0.10181 ( 1)  0.584 +-  1.022
  61 A   0.33177 0.09131 0.07569 0.06767 0.06202 0.05731 0.05297 0.04884 0.04535 0.06599 0.10108 ( 1)  0.581 +-  1.013
  62 Y   0.32974 0.09078 0.07534 0.06744 0.06190 0.05727 0.05301 0.04894 0.04550 0.06622 0.10387 ( 1)  0.593 +-  1.043
  63 W   0.33049 0.09097 0.07547 0.06753 0.06195 0.05729 0.05300 0.04892 0.04545 0.06615 0.10277 ( 1)  0.588 +-  1.030
  64 D   0.33559 0.09233 0.07637 0.06811 0.06228 0.05740 0.05292 0.04868 0.04510 0.06559 0.09564 ( 1)  0.556 +-  0.946
  65 K   0.33111 0.09114 0.07558 0.06760 0.06200 0.05731 0.05300 0.04890 0.04542 0.06610 0.10184 ( 1)  0.583 +-  1.018
  66 R   0.33123 0.09117 0.07560 0.06761 0.06200 0.05730 0.05299 0.04888 0.04540 0.06606 0.10176 ( 1)  0.584 +-  1.019
  67 A   0.33125 0.09118 0.07560 0.06761 0.06199 0.05730 0.05297 0.04886 0.04538 0.06604 0.10181 ( 1)  0.584 +-  1.022
  68 P   0.32963 0.09075 0.07531 0.06742 0.06189 0.05726 0.05300 0.04894 0.04550 0.06622 0.10408 ( 1)  0.594 +-  1.047
  69 G   0.33012 0.09088 0.07539 0.06746 0.06189 0.05723 0.05295 0.04887 0.04541 0.06609 0.10371 ( 1)  0.595 +-  1.054
  70 W   0.33049 0.09097 0.07547 0.06753 0.06195 0.05729 0.05300 0.04892 0.04545 0.06615 0.10277 ( 1)  0.588 +-  1.030
  71 G   0.33273 0.09157 0.07585 0.06777 0.06207 0.05731 0.05294 0.04878 0.04527 0.06586 0.09985 ( 1)  0.576 +-  1.001
  72 K   0.33111 0.09114 0.07558 0.06760 0.06200 0.05731 0.05300 0.04890 0.04542 0.06610 0.10184 ( 1)  0.583 +-  1.018
  73 R   0.33123 0.09117 0.07560 0.06761 0.06200 0.05730 0.05299 0.04888 0.04540 0.06606 0.10176 ( 1)  0.584 +-  1.019
  74 A   0.33125 0.09118 0.07560 0.06761 0.06199 0.05730 0.05297 0.04886 0.04538 0.06604 0.10181 ( 1)  0.584 +-  1.022
  75 P   0.32963 0.09075 0.07531 0.06742 0.06189 0.05726 0.05300 0.04894 0.04550 0.06622 0.10408 ( 1)  0.594 +-  1.047
  76 G   0.33012 0.09088 0.07539 0.06746 0.06189 0.05723 0.05295 0.04887 0.04541 0.06609 0.10371 ( 1)  0.595 +-  1.054
  77 W   0.33049 0.09097 0.07547 0.06753 0.06195 0.05729 0.05300 0.04892 0.04545 0.06615 0.10277 ( 1)  0.588 +-  1.030
  78 G   0.33273 0.09157 0.07585 0.06777 0.06207 0.05731 0.05294 0.04878 0.04527 0.06586 0.09985 ( 1)  0.576 +-  1.001
  79 K   0.33111 0.09114 0.07558 0.06760 0.06200 0.05731 0.05300 0.04890 0.04542 0.06610 0.10184 ( 1)  0.583 +-  1.018
  80 R   0.33123 0.09117 0.07560 0.06761 0.06200 0.05730 0.05299 0.04888 0.04540 0.06606 0.10176 ( 1)  0.584 +-  1.019
  81 A   0.33125 0.09118 0.07560 0.06761 0.06199 0.05730 0.05297 0.04886 0.04538 0.06604 0.10181 ( 1)  0.584 +-  1.022
  82 P   0.32963 0.09075 0.07531 0.06742 0.06189 0.05726 0.05300 0.04894 0.04550 0.06622 0.10408 ( 1)  0.594 +-  1.047
  83 G   0.32769 0.09024 0.07497 0.06718 0.06174 0.05719 0.05299 0.04899 0.04559 0.06638 0.10706 ( 1)  0.609 +-  1.086
  84 W   0.33049 0.09097 0.07547 0.06753 0.06195 0.05729 0.05300 0.04892 0.04545 0.06615 0.10277 ( 1)  0.588 +-  1.030
  85 G   0.33273 0.09157 0.07585 0.06777 0.06207 0.05731 0.05294 0.04878 0.04527 0.06586 0.09985 ( 1)  0.576 +-  1.001
  86 K   0.33111 0.09114 0.07558 0.06760 0.06200 0.05731 0.05300 0.04890 0.04542 0.06610 0.10184 ( 1)  0.583 +-  1.018
  87 R   0.33123 0.09117 0.07560 0.06761 0.06200 0.05730 0.05299 0.04888 0.04540 0.06606 0.10176 ( 1)  0.584 +-  1.019
  88 A   0.33125 0.09118 0.07560 0.06761 0.06199 0.05730 0.05297 0.04886 0.04538 0.06604 0.10181 ( 1)  0.584 +-  1.022
  89 P   0.32963 0.09075 0.07531 0.06742 0.06189 0.05726 0.05300 0.04894 0.04550 0.06622 0.10408 ( 1)  0.594 +-  1.047
  90 G   0.32769 0.09024 0.07497 0.06718 0.06174 0.05719 0.05299 0.04899 0.04559 0.06638 0.10706 ( 1)  0.609 +-  1.086
  91 W   0.33049 0.09097 0.07547 0.06753 0.06195 0.05729 0.05300 0.04892 0.04545 0.06615 0.10277 ( 1)  0.588 +-  1.030
  92 G   0.33273 0.09157 0.07585 0.06777 0.06207 0.05731 0.05294 0.04878 0.04527 0.06586 0.09985 ( 1)  0.576 +-  1.001
  93 K   0.33111 0.09114 0.07558 0.06760 0.06200 0.05731 0.05300 0.04890 0.04542 0.06610 0.10184 ( 1)  0.583 +-  1.018
  94 R   0.33123 0.09117 0.07560 0.06761 0.06200 0.05730 0.05299 0.04888 0.04540 0.06606 0.10176 ( 1)  0.584 +-  1.019
  95 A   0.33125 0.09118 0.07560 0.06761 0.06199 0.05730 0.05297 0.04886 0.04538 0.06604 0.10181 ( 1)  0.584 +-  1.022
  96 P   0.32963 0.09075 0.07531 0.06742 0.06189 0.05726 0.05300 0.04894 0.04550 0.06622 0.10408 ( 1)  0.594 +-  1.047
  97 G   0.32769 0.09024 0.07497 0.06718 0.06174 0.05719 0.05299 0.04899 0.04559 0.06638 0.10706 ( 1)  0.609 +-  1.086
  98 W   0.33049 0.09097 0.07547 0.06753 0.06195 0.05729 0.05300 0.04892 0.04545 0.06615 0.10277 ( 1)  0.588 +-  1.030
  99 G   0.33273 0.09157 0.07585 0.06777 0.06207 0.05731 0.05294 0.04878 0.04527 0.06586 0.09985 ( 1)  0.576 +-  1.001
 100 K   0.33111 0.09114 0.07558 0.06760 0.06200 0.05731 0.05300 0.04890 0.04542 0.06610 0.10184 ( 1)  0.583 +-  1.018
 101 R   0.33123 0.09117 0.07560 0.06761 0.06200 0.05730 0.05299 0.04888 0.04540 0.06606 0.10176 ( 1)  0.584 +-  1.019
 102 A   0.33125 0.09118 0.07560 0.06761 0.06199 0.05730 0.05297 0.04886 0.04538 0.06604 0.10181 ( 1)  0.584 +-  1.022
 103 P   0.32963 0.09075 0.07531 0.06742 0.06189 0.05726 0.05300 0.04894 0.04550 0.06622 0.10408 ( 1)  0.594 +-  1.047
 104 G   0.32769 0.09024 0.07497 0.06718 0.06174 0.05719 0.05299 0.04899 0.04559 0.06638 0.10706 ( 1)  0.609 +-  1.086
 105 W   0.33049 0.09097 0.07547 0.06753 0.06195 0.05729 0.05300 0.04892 0.04545 0.06615 0.10277 ( 1)  0.588 +-  1.030
 106 G   0.33273 0.09157 0.07585 0.06777 0.06207 0.05731 0.05294 0.04878 0.04527 0.06586 0.09985 ( 1)  0.576 +-  1.001
 107 K   0.33111 0.09114 0.07558 0.06760 0.06200 0.05731 0.05300 0.04890 0.04542 0.06610 0.10184 ( 1)  0.583 +-  1.018
 108 R   0.33123 0.09117 0.07560 0.06761 0.06200 0.05730 0.05299 0.04888 0.04540 0.06606 0.10176 ( 1)  0.584 +-  1.019
 109 A   0.33125 0.09118 0.07560 0.06761 0.06199 0.05730 0.05297 0.04886 0.04538 0.06604 0.10181 ( 1)  0.584 +-  1.022
 110 P   0.32963 0.09075 0.07531 0.06742 0.06189 0.05726 0.05300 0.04894 0.04550 0.06622 0.10408 ( 1)  0.594 +-  1.047
 111 G   0.32769 0.09024 0.07497 0.06718 0.06174 0.05719 0.05299 0.04899 0.04559 0.06638 0.10706 ( 1)  0.609 +-  1.086
 112 W   0.33049 0.09097 0.07547 0.06753 0.06195 0.05729 0.05300 0.04892 0.04545 0.06615 0.10277 ( 1)  0.588 +-  1.030
 113 G   0.33273 0.09157 0.07585 0.06777 0.06207 0.05731 0.05294 0.04878 0.04527 0.06586 0.09985 ( 1)  0.576 +-  1.001
 114 K   0.33111 0.09114 0.07558 0.06760 0.06200 0.05731 0.05300 0.04890 0.04542 0.06610 0.10184 ( 1)  0.583 +-  1.018
 115 R   0.33123 0.09117 0.07560 0.06761 0.06200 0.05730 0.05299 0.04888 0.04540 0.06606 0.10176 ( 1)  0.584 +-  1.019
 116 A   0.33125 0.09118 0.07560 0.06761 0.06199 0.05730 0.05297 0.04886 0.04538 0.06604 0.10181 ( 1)  0.584 +-  1.022
 117 P   0.03871 0.02667 0.03516 0.04258 0.04888 0.05395 0.05767 0.05996 0.06127 0.08975 0.48541 (11)  2.464 +-  2.793
 118 G   0.32769 0.09024 0.07497 0.06718 0.06174 0.05719 0.05299 0.04899 0.04559 0.06638 0.10706 ( 1)  0.609 +-  1.086
 119 W   0.33049 0.09097 0.07547 0.06753 0.06195 0.05729 0.05300 0.04892 0.04545 0.06615 0.10277 ( 1)  0.588 +-  1.030
 120 G   0.33273 0.09157 0.07585 0.06777 0.06207 0.05731 0.05294 0.04878 0.04527 0.06586 0.09985 ( 1)  0.576 +-  1.001
 121 K   0.33111 0.09114 0.07558 0.06760 0.06200 0.05731 0.05300 0.04890 0.04542 0.06610 0.10184 ( 1)  0.583 +-  1.018
 122 R   0.33123 0.09117 0.07560 0.06761 0.06200 0.05730 0.05299 0.04888 0.04540 0.06606 0.10176 ( 1)  0.584 +-  1.019
 123 A   0.33125 0.09118 0.07560 0.06761 0.06199 0.05730 0.05297 0.04886 0.04538 0.06604 0.10181 ( 1)  0.584 +-  1.022
 124 P   0.32963 0.09075 0.07531 0.06742 0.06189 0.05726 0.05300 0.04894 0.04550 0.06622 0.10408 ( 1)  0.594 +-  1.047
 125 G   0.32769 0.09024 0.07497 0.06718 0.06174 0.05719 0.05299 0.04899 0.04559 0.06638 0.10706 ( 1)  0.609 +-  1.086
 126 W   0.33049 0.09097 0.07547 0.06753 0.06195 0.05729 0.05300 0.04892 0.04545 0.06615 0.10277 ( 1)  0.588 +-  1.030
 127 G   0.33273 0.09157 0.07585 0.06777 0.06207 0.05731 0.05294 0.04878 0.04527 0.06586 0.09985 ( 1)  0.576 +-  1.001
 128 K   0.33111 0.09114 0.07558 0.06760 0.06200 0.05731 0.05300 0.04890 0.04542 0.06610 0.10184 ( 1)  0.583 +-  1.018
 129 R   0.33123 0.09117 0.07560 0.06761 0.06200 0.05730 0.05299 0.04888 0.04540 0.06606 0.10176 ( 1)  0.584 +-  1.019
 130 A   0.33125 0.09118 0.07560 0.06761 0.06199 0.05730 0.05297 0.04886 0.04538 0.06604 0.10181 ( 1)  0.584 +-  1.022
 131 P   0.32963 0.09075 0.07531 0.06742 0.06189 0.05726 0.05300 0.04894 0.04550 0.06622 0.10408 ( 1)  0.594 +-  1.047
 132 G   0.32769 0.09024 0.07497 0.06718 0.06174 0.05719 0.05299 0.04899 0.04559 0.06638 0.10706 ( 1)  0.609 +-  1.086
 133 W   0.33049 0.09097 0.07547 0.06753 0.06195 0.05729 0.05300 0.04892 0.04545 0.06615 0.10277 ( 1)  0.588 +-  1.030
 134 G   0.33273 0.09157 0.07585 0.06777 0.06207 0.05731 0.05294 0.04878 0.04527 0.06586 0.09985 ( 1)  0.576 +-  1.001
 135 K   0.33111 0.09114 0.07558 0.06760 0.06200 0.05731 0.05300 0.04890 0.04542 0.06610 0.10184 ( 1)  0.583 +-  1.018
 136 R   0.33123 0.09117 0.07560 0.06761 0.06200 0.05730 0.05299 0.04888 0.04540 0.06606 0.10176 ( 1)  0.584 +-  1.019
 137 A   0.33125 0.09118 0.07560 0.06761 0.06199 0.05730 0.05297 0.04886 0.04538 0.06604 0.10181 ( 1)  0.584 +-  1.022
 138 P   0.32963 0.09075 0.07531 0.06742 0.06189 0.05726 0.05300 0.04894 0.04550 0.06622 0.10408 ( 1)  0.594 +-  1.047
 139 G   0.32769 0.09024 0.07497 0.06718 0.06174 0.05719 0.05299 0.04899 0.04559 0.06638 0.10706 ( 1)  0.609 +-  1.086
 140 W   0.33049 0.09097 0.07547 0.06753 0.06195 0.05729 0.05300 0.04892 0.04545 0.06615 0.10277 ( 1)  0.588 +-  1.030
 141 G   0.33273 0.09157 0.07585 0.06777 0.06207 0.05731 0.05294 0.04878 0.04527 0.06586 0.09985 ( 1)  0.576 +-  1.001
 142 K   0.33111 0.09114 0.07558 0.06760 0.06200 0.05731 0.05300 0.04890 0.04542 0.06610 0.10184 ( 1)  0.583 +-  1.018
 143 R   0.33123 0.09117 0.07560 0.06761 0.06200 0.05730 0.05299 0.04888 0.04540 0.06606 0.10176 ( 1)  0.584 +-  1.019
 144 A   0.33125 0.09118 0.07560 0.06761 0.06199 0.05730 0.05297 0.04886 0.04538 0.06604 0.10181 ( 1)  0.584 +-  1.022
 145 P   0.32963 0.09075 0.07531 0.06742 0.06189 0.05726 0.05300 0.04894 0.04550 0.06622 0.10408 ( 1)  0.594 +-  1.047
 146 G   0.32769 0.09024 0.07497 0.06718 0.06174 0.05719 0.05299 0.04899 0.04559 0.06638 0.10706 ( 1)  0.609 +-  1.086
 147 W   0.33049 0.09097 0.07547 0.06753 0.06195 0.05729 0.05300 0.04892 0.04545 0.06615 0.10277 ( 1)  0.588 +-  1.030
 148 G   0.33273 0.09157 0.07585 0.06777 0.06207 0.05731 0.05294 0.04878 0.04527 0.06586 0.09985 ( 1)  0.576 +-  1.001
 149 K   0.33111 0.09114 0.07558 0.06760 0.06200 0.05731 0.05300 0.04890 0.04542 0.06610 0.10184 ( 1)  0.583 +-  1.018
 150 R   0.33123 0.09117 0.07560 0.06761 0.06200 0.05730 0.05299 0.04888 0.04540 0.06606 0.10176 ( 1)  0.584 +-  1.019
 151 A   0.33125 0.09118 0.07560 0.06761 0.06199 0.05730 0.05297 0.04886 0.04538 0.06604 0.10181 ( 1)  0.584 +-  1.022
 152 P   0.32963 0.09075 0.07531 0.06742 0.06189 0.05726 0.05300 0.04894 0.04550 0.06622 0.10408 ( 1)  0.594 +-  1.047
 153 G   0.32769 0.09024 0.07497 0.06718 0.06174 0.05719 0.05299 0.04899 0.04559 0.06638 0.10706 ( 1)  0.609 +-  1.086
 154 W   0.33049 0.09097 0.07547 0.06753 0.06195 0.05729 0.05300 0.04892 0.04545 0.06615 0.10277 ( 1)  0.588 +-  1.030
 155 G   0.33273 0.09157 0.07585 0.06777 0.06207 0.05731 0.05294 0.04878 0.04527 0.06586 0.09985 ( 1)  0.576 +-  1.001
 156 K   0.33111 0.09114 0.07558 0.06760 0.06200 0.05731 0.05300 0.04890 0.04542 0.06610 0.10184 ( 1)  0.583 +-  1.018
 157 R   0.33100 0.09111 0.07556 0.06758 0.06198 0.05730 0.05299 0.04889 0.04541 0.06609 0.10209 ( 1)  0.585 +-  1.023
 158 A   0.33125 0.09118 0.07560 0.06761 0.06199 0.05730 0.05297 0.04886 0.04538 0.06604 0.10181 ( 1)  0.584 +-  1.022
 159 P   0.32963 0.09075 0.07531 0.06742 0.06189 0.05726 0.05300 0.04894 0.04550 0.06622 0.10408 ( 1)  0.594 +-  1.047

Positively selected sites

	Prob(w>1)  mean w

    31 Q      0.501         2.555 +- 2.844

