Supplemental results for CODEML (seqf: algn  treef: tree)


dN/dS (w) for site classes (K=2)

p:   0.85005  0.14995
w:   0.28858  1.00000

Naive Empirical Bayes (NEB) probabilities for 2 classes & postmean_w
(amino acids refer to 1st sequence: scs.10033)

   1 M   0.97665 0.02335 ( 1)  0.305
   2 E   0.97551 0.02449 ( 1)  0.306
   3 R   0.91197 0.08803 ( 1)  0.351
   4 V   0.83693 0.16307 ( 1)  0.405
   5 S   0.92199 0.07801 ( 1)  0.344
   6 S   0.70018 0.29982 ( 1)  0.502
   7 S   0.79745 0.20255 ( 1)  0.433
   8 G   0.82106 0.17894 ( 1)  0.416
   9 G   0.87739 0.12261 ( 1)  0.376
  10 C   0.79633 0.20367 ( 1)  0.433
  11 Q   0.52978 0.47022 ( 1)  0.623
  12 P   0.80324 0.19676 ( 1)  0.429
  13 K   0.96901 0.03099 ( 1)  0.311
  14 P   0.86640 0.13360 ( 1)  0.384
  15 D   0.96267 0.03733 ( 1)  0.315
  16 K   0.96853 0.03147 ( 1)  0.311
  17 L   0.81670 0.18330 ( 1)  0.419
  18 T   0.96636 0.03364 ( 1)  0.313
  19 V   0.64377 0.35623 ( 1)  0.542
  20 Y   0.79947 0.20053 ( 1)  0.431
  21 D   0.93198 0.06802 ( 1)  0.337
  22 H   0.92144 0.07856 ( 1)  0.344
  23 Y   0.93691 0.06309 ( 1)  0.333
  24 D   0.93644 0.06356 ( 1)  0.334
  25 L   0.72819 0.27181 ( 1)  0.482
  26 W   0.81417 0.18583 ( 1)  0.421
  27 E   0.97639 0.02361 ( 1)  0.305
  28 D   0.97991 0.02009 ( 1)  0.303
  29 R   0.95300 0.04700 ( 1)  0.322
  30 M   0.72305 0.27695 ( 1)  0.486
  31 K   0.94714 0.05286 ( 1)  0.326
  32 V   0.95204 0.04796 ( 1)  0.323
  33 Y   0.87821 0.12179 ( 1)  0.375
  34 L   0.83134 0.16866 ( 1)  0.409
  35 E   0.97639 0.02361 ( 1)  0.305
  36 A   0.97547 0.02453 ( 1)  0.306
  37 V   0.83301 0.16699 ( 1)  0.407
  38 D   0.93526 0.06474 ( 1)  0.335
  39 E   0.96145 0.03855 ( 1)  0.316
  40 G   0.83882 0.16118 ( 1)  0.403
  41 A   0.97547 0.02453 ( 1)  0.306
  42 R   0.67899 0.32101 ( 1)  0.517
  43 P   0.79843 0.20157 ( 1)  0.432
  44 A   0.97547 0.02453 ( 1)  0.306
  45 A   0.74086 0.25914 ( 1)  0.473
  46 I   0.97435 0.02565 ( 1)  0.307
  47 L   0.94325 0.05675 ( 1)  0.329
  48 G   0.82251 0.17749 ( 1)  0.415
  49 R   0.84677 0.15323 ( 1)  0.398
  50 L   0.91808 0.08192 ( 1)  0.347
  51 D   0.98173 0.01827 ( 1)  0.302
  52 N   0.97406 0.02594 ( 1)  0.307
  53 E   0.96145 0.03855 ( 1)  0.316
  54 V   0.85690 0.14310 ( 1)  0.390
  55 Y   0.88011 0.11989 ( 1)  0.374
  56 T   0.89345 0.10655 ( 1)  0.364
  57 V   0.97035 0.02965 ( 1)  0.310
  58 A   0.97396 0.02604 ( 1)  0.307
  59 R   0.64799 0.35201 ( 1)  0.539
  60 A   0.94790 0.05210 ( 1)  0.326
  61 A   0.91973 0.08027 ( 1)  0.346
  62 N   0.91927 0.08073 ( 1)  0.346
  63 L   0.93408 0.06592 ( 1)  0.335
  64 T   0.93963 0.06037 ( 1)  0.332
  65 A   0.95892 0.04108 ( 1)  0.318
  66 S   0.94983 0.05017 ( 1)  0.324
  67 L   0.37942 0.62058 ( 2)  0.730
  68 T   0.97276 0.02724 ( 1)  0.308
  69 P   0.96467 0.03533 ( 1)  0.314
  70 A   0.40683 0.59317 ( 2)  0.711
  71 T   0.65103 0.34897 ( 1)  0.537
  72 I   0.97435 0.02565 ( 1)  0.307
  73 F   0.89081 0.10919 ( 1)  0.366
  74 E   0.92209 0.07791 ( 1)  0.344
  75 R   0.53829 0.46171 ( 1)  0.617
  76 L   0.94541 0.05459 ( 1)  0.327
  77 R   0.84677 0.15323 ( 1)  0.398
  78 R   0.87005 0.12995 ( 1)  0.381
  79 E   0.96433 0.03567 ( 1)  0.314
  80 F   0.96566 0.03434 ( 1)  0.313
  81 G   0.56219 0.43781 ( 1)  0.600
  82 R   0.95146 0.04854 ( 1)  0.323
  83 S   0.94733 0.05267 ( 1)  0.326
  84 S   0.84043 0.15957 ( 1)  0.402
  85 M   0.92035 0.07965 ( 1)  0.345
  86 P   0.82689 0.17311 ( 1)  0.412
  87 C   0.55612 0.44388 ( 1)  0.604
  88 V   0.95126 0.04874 ( 1)  0.323
  89 A   0.97547 0.02453 ( 1)  0.306
  90 R   0.24383 0.75617 ( 2)  0.827
  91 A   0.97341 0.02659 ( 1)  0.307
  92 A   0.91727 0.08273 ( 1)  0.347
  93 L   0.95764 0.04236 ( 1)  0.319
  94 K   0.94985 0.05015 ( 1)  0.324
  95 I   0.00884 0.99116 ( 2)  0.994
  96 R   0.68080 0.31920 ( 1)  0.516
  97 Q   0.38601 0.61399 ( 2)  0.725
  98 Q   0.56932 0.43068 ( 1)  0.595
  99 H   0.90395 0.09605 ( 1)  0.357
 100 E   0.89985 0.10015 ( 1)  0.360
 101 G   0.91535 0.08465 ( 1)  0.349
 102 E   0.91659 0.08341 ( 1)  0.348
 103 S   0.93314 0.06686 ( 1)  0.336
 104 V   0.97613 0.02387 ( 1)  0.306
 105 V   0.64298 0.35702 ( 1)  0.543
 106 D   0.93840 0.06160 ( 1)  0.332
 107 F   0.96216 0.03784 ( 1)  0.316


lnL = -1229.454244

