Supplemental results for CODEML (seqf: algn  treef: tree)


dN/dS (w) for site classes (K=2)

p:   0.99999  0.00001
w:   0.15715  1.00000

Naive Empirical Bayes (NEB) probabilities for 2 classes & postmean_w
(amino acids refer to 1st sequence: ppx.26285)

   1 M   0.99999 0.00001 ( 1)  0.157
   2 E   0.99999 0.00001 ( 1)  0.157
   3 D   0.99999 0.00001 ( 1)  0.157
   4 L   0.99999 0.00001 ( 1)  0.157
   5 G   0.99999 0.00001 ( 1)  0.157
   6 R   0.99999 0.00001 ( 1)  0.157
   7 Q   0.99999 0.00001 ( 1)  0.157
   8 F   0.99999 0.00001 ( 1)  0.157
   9 R   0.99999 0.00001 ( 1)  0.157
  10 D   0.99999 0.00001 ( 1)  0.157
  11 R   0.99999 0.00001 ( 1)  0.157
  12 F   0.99999 0.00001 ( 1)  0.157
  13 D   0.99999 0.00001 ( 1)  0.157
  14 A   0.99999 0.00001 ( 1)  0.157
  15 S   0.99999 0.00001 ( 1)  0.157
  16 D   0.99999 0.00001 ( 1)  0.157
  17 S   0.99999 0.00001 ( 1)  0.157
  18 D   0.99999 0.00001 ( 1)  0.157
  19 A   0.99999 0.00001 ( 1)  0.157
  20 E   0.99999 0.00001 ( 1)  0.157
  21 S   0.99999 0.00001 ( 1)  0.157
  22 D   0.99999 0.00001 ( 1)  0.157
  23 L   0.99999 0.00001 ( 1)  0.157
  24 H   0.99999 0.00001 ( 1)  0.157
  25 K   0.99999 0.00001 ( 1)  0.157
  26 N   0.99999 0.00001 ( 1)  0.157
  27 F   0.99999 0.00001 ( 1)  0.157
  28 K   0.99999 0.00001 ( 1)  0.157
  29 D   0.99999 0.00001 ( 1)  0.157
  30 P   0.99999 0.00001 ( 1)  0.157
  31 Q   0.99999 0.00001 ( 1)  0.157
  32 E   0.99999 0.00001 ( 1)  0.157
  33 P   0.99999 0.00001 ( 1)  0.157
  34 S   0.99999 0.00001 ( 1)  0.157
  35 Y   0.99999 0.00001 ( 1)  0.157
  36 A   0.99999 0.00001 ( 1)  0.157
  37 C   0.99999 0.00001 ( 1)  0.157
  38 A   0.99999 0.00001 ( 1)  0.157
  39 D   0.99999 0.00001 ( 1)  0.157
  40 N   0.99994 0.00006 ( 1)  0.157
  41 F   0.99999 0.00001 ( 1)  0.157
  42 P   0.99999 0.00001 ( 1)  0.157
  43 E   0.99999 0.00001 ( 1)  0.157
  44 P   0.99999 0.00001 ( 1)  0.157
  45 N   0.99999 0.00001 ( 1)  0.157
  46 I   0.99999 0.00001 ( 1)  0.157
  47 K   0.99999 0.00001 ( 1)  0.157
  48 D   0.99999 0.00001 ( 1)  0.157
  49 M   0.99999 0.00001 ( 1)  0.157
  50 N   0.99999 0.00001 ( 1)  0.157
  51 K   0.99999 0.00001 ( 1)  0.157
  52 E   0.99999 0.00001 ( 1)  0.157
  53 T   0.99999 0.00001 ( 1)  0.157
  54 L   0.99999 0.00001 ( 1)  0.157
  55 L   0.99999 0.00001 ( 1)  0.157
  56 V   0.99994 0.00006 ( 1)  0.157
  57 R   0.99999 0.00001 ( 1)  0.157
  58 Q   0.99999 0.00001 ( 1)  0.157
  59 N   0.99999 0.00001 ( 1)  0.157
  60 E   0.99999 0.00001 ( 1)  0.157
  61 E   0.99999 0.00001 ( 1)  0.157
  62 E   0.99999 0.00001 ( 1)  0.157
  63 K   0.99999 0.00001 ( 1)  0.157
  64 L   0.99999 0.00001 ( 1)  0.157
  65 T   0.99999 0.00001 ( 1)  0.157
  66 D   0.99999 0.00001 ( 1)  0.157
  67 N   0.99999 0.00001 ( 1)  0.157
  68 A   0.99999 0.00001 ( 1)  0.157
  69 K   0.99999 0.00001 ( 1)  0.157
  70 E   0.99999 0.00001 ( 1)  0.157
  71 A   0.99999 0.00001 ( 1)  0.157
  72 E   0.99999 0.00001 ( 1)  0.157
  73 K   0.99999 0.00001 ( 1)  0.157
  74 K   0.99999 0.00001 ( 1)  0.157
  75 R   0.99999 0.00001 ( 1)  0.157
  76 R   0.99999 0.00001 ( 1)  0.157
  77 L   0.99999 0.00001 ( 1)  0.157
  78 Q   0.99999 0.00001 ( 1)  0.157
  79 S   0.99999 0.00001 ( 1)  0.157
  80 L   0.99999 0.00001 ( 1)  0.157
  81 E   0.99999 0.00001 ( 1)  0.157
  82 L   0.99999 0.00001 ( 1)  0.157
  83 K   0.99999 0.00001 ( 1)  0.157
  84 E   0.99999 0.00001 ( 1)  0.157
  85 K   0.99999 0.00001 ( 1)  0.157
  86 G   0.99999 0.00001 ( 1)  0.157
  87 N   0.99999 0.00001 ( 1)  0.157
  88 D   0.99999 0.00001 ( 1)  0.157
  89 L   0.99999 0.00001 ( 1)  0.157
  90 Y   0.99999 0.00001 ( 1)  0.157
  91 K   0.99999 0.00001 ( 1)  0.157
  92 E   0.99999 0.00001 ( 1)  0.157
  93 S   0.99999 0.00001 ( 1)  0.157
  94 Q   0.99999 0.00001 ( 1)  0.157
  95 F   0.99999 0.00001 ( 1)  0.157
  96 A   0.99999 0.00001 ( 1)  0.157
  97 D   0.99999 0.00001 ( 1)  0.157
  98 A   0.99999 0.00001 ( 1)  0.157
  99 I   0.99999 0.00001 ( 1)  0.157
 100 N   0.99999 0.00001 ( 1)  0.157
 101 K   0.99999 0.00001 ( 1)  0.157
 102 Y   0.99999 0.00001 ( 1)  0.157
 103 T   0.99999 0.00001 ( 1)  0.157
 104 S   0.99999 0.00001 ( 1)  0.157
 105 A   0.99999 0.00001 ( 1)  0.157
 106 L   0.99999 0.00001 ( 1)  0.157
 107 D   0.99999 0.00001 ( 1)  0.157
 108 I   0.99999 0.00001 ( 1)  0.157
 109 C   0.99999 0.00001 ( 1)  0.157
 110 P   0.99999 0.00001 ( 1)  0.157
 111 L   0.99999 0.00001 ( 1)  0.157
 112 L   0.99999 0.00001 ( 1)  0.157
 113 F   0.99999 0.00001 ( 1)  0.157
 114 K   0.99999 0.00001 ( 1)  0.157
 115 K   0.99999 0.00001 ( 1)  0.157
 116 D   0.99999 0.00001 ( 1)  0.157
 117 R   0.99999 0.00001 ( 1)  0.157
 118 S   0.99999 0.00001 ( 1)  0.157
 119 Q   0.99999 0.00001 ( 1)  0.157
 120 M   0.99999 0.00001 ( 1)  0.157
 121 L   0.99999 0.00001 ( 1)  0.157
 122 S   0.99999 0.00001 ( 1)  0.157
 123 N   0.99999 0.00001 ( 1)  0.157
 124 R   0.99999 0.00001 ( 1)  0.157
 125 A   0.99999 0.00001 ( 1)  0.157
 126 A   0.99999 0.00001 ( 1)  0.157
 127 C   0.99999 0.00001 ( 1)  0.157
 128 N   0.99999 0.00001 ( 1)  0.157
 129 I   0.99999 0.00001 ( 1)  0.157
 130 K   0.99999 0.00001 ( 1)  0.157
 131 L   0.99999 0.00001 ( 1)  0.157
 132 K   0.99999 0.00001 ( 1)  0.157
 133 N   0.99999 0.00001 ( 1)  0.157
 134 V   0.99999 0.00001 ( 1)  0.157
 135 Q   0.99999 0.00001 ( 1)  0.157
 136 L   0.99999 0.00001 ( 1)  0.157
 137 A   0.99999 0.00001 ( 1)  0.157
 138 L   0.99999 0.00001 ( 1)  0.157
 139 A   0.99999 0.00001 ( 1)  0.157
 140 D   0.99999 0.00001 ( 1)  0.157
 141 C   0.99999 0.00001 ( 1)  0.157
 142 D   0.99999 0.00001 ( 1)  0.157
 143 E   0.99999 0.00001 ( 1)  0.157
 144 A   0.99999 0.00001 ( 1)  0.157
 145 L   0.99999 0.00001 ( 1)  0.157
 146 E   0.99999 0.00001 ( 1)  0.157
 147 L   0.99999 0.00001 ( 1)  0.157
 148 D   0.99999 0.00001 ( 1)  0.157
 149 P   0.99999 0.00001 ( 1)  0.157
 150 T   0.99999 0.00001 ( 1)  0.157
 151 Y   0.99999 0.00001 ( 1)  0.157
 152 V   0.99999 0.00001 ( 1)  0.157
 153 K   0.99999 0.00001 ( 1)  0.157
 154 C   0.99999 0.00001 ( 1)  0.157
 155 L   0.99999 0.00001 ( 1)  0.157
 156 Q   0.99999 0.00001 ( 1)  0.157
 157 R   0.99999 0.00001 ( 1)  0.157
 158 R   0.99999 0.00001 ( 1)  0.157
 159 A   0.99999 0.00001 ( 1)  0.157
 160 E   0.99999 0.00001 ( 1)  0.157
 161 L   0.99999 0.00001 ( 1)  0.157
 162 R   0.99999 0.00001 ( 1)  0.157
 163 E   0.99999 0.00001 ( 1)  0.157
 164 S   0.99999 0.00001 ( 1)  0.157
 165 V   0.99999 0.00001 ( 1)  0.157
 166 D   0.99999 0.00001 ( 1)  0.157
 167 R   0.99999 0.00001 ( 1)  0.157
 168 L   0.99999 0.00001 ( 1)  0.157
 169 S   0.99999 0.00001 ( 1)  0.157
 170 E   0.99999 0.00001 ( 1)  0.157
 171 A   0.99999 0.00001 ( 1)  0.157
 172 Y   0.99999 0.00001 ( 1)  0.157
 173 E   0.99999 0.00001 ( 1)  0.157
 174 D   0.99999 0.00001 ( 1)  0.157
 175 Y   0.99999 0.00001 ( 1)  0.157
 176 Q   0.99999 0.00001 ( 1)  0.157
 177 E   0.99999 0.00001 ( 1)  0.157
 178 L   0.99999 0.00001 ( 1)  0.157
 179 L   0.99999 0.00001 ( 1)  0.157
 180 K   0.99999 0.00001 ( 1)  0.157
 181 I   0.99999 0.00001 ( 1)  0.157
 182 D   0.99999 0.00001 ( 1)  0.157
 183 P   0.99999 0.00001 ( 1)  0.157
 184 G   0.99999 0.00001 ( 1)  0.157
 185 N   0.99999 0.00001 ( 1)  0.157
 186 G   0.99999 0.00001 ( 1)  0.157
 187 K   0.99999 0.00001 ( 1)  0.157
 188 A   0.99999 0.00001 ( 1)  0.157
 189 R   0.99999 0.00001 ( 1)  0.157
 190 V   0.99999 0.00001 ( 1)  0.157
 191 A   0.99999 0.00001 ( 1)  0.157
 192 C   0.99999 0.00001 ( 1)  0.157
 193 A   0.99999 0.00001 ( 1)  0.157
 194 V   0.99999 0.00001 ( 1)  0.157
 195 S   0.99999 0.00001 ( 1)  0.157


lnL =  -802.679869

