Supplemental results for CODEML (seqf: algn  treef: tree)


dN/dS (w) for site classes (K=3)

p:   0.69644  0.01566  0.28790
w:   0.06842  1.00000  1.00000

Naive Empirical Bayes (NEB) probabilities for 3 classes & postmean_w
(amino acids refer to 1st sequence: Msl.20440)

   1 M   0.53873 0.02379 0.43748 ( 1)  0.498
   2 T   0.93993 0.00310 0.05698 ( 1)  0.124
   3 T   0.65056 0.01802 0.33142 ( 1)  0.394
   4 L   0.57422 0.02196 0.40382 ( 1)  0.465
   5 S   0.13339 0.04469 0.82191 ( 3)  0.876
   6 P   0.96885 0.00161 0.02954 ( 1)  0.097
   7 S   0.72744 0.01406 0.25851 ( 1)  0.322
   8 P   0.96885 0.00161 0.02954 ( 1)  0.097
   9 F   0.64360 0.01838 0.33802 ( 1)  0.400
  10 N   0.22668 0.03988 0.73344 ( 3)  0.789
  11 T   0.93947 0.00312 0.05741 ( 1)  0.125
  12 M   0.54690 0.02337 0.42973 ( 1)  0.491
  13 S   0.71066 0.01492 0.27442 ( 1)  0.338
  14 S   0.04910 0.04904 0.90186 ( 3)  0.954
  15 P   0.11957 0.04541 0.83502 ( 3)  0.889
  16 W   0.02442 0.05031 0.92527 ( 3)  0.977
  17 M   0.42501 0.02965 0.54534 ( 3)  0.604
  18 K   0.12389 0.04518 0.83093 ( 3)  0.885
  19 S   0.67073 0.01698 0.31229 ( 1)  0.375
  20 S   0.75682 0.01254 0.23064 ( 1)  0.295
  21 A   0.61544 0.01983 0.36472 ( 1)  0.427
  22 Y   0.19469 0.04153 0.76378 ( 3)  0.819
  23 Y   0.41998 0.02991 0.55011 ( 3)  0.609
  24 V   0.19886 0.04132 0.75983 ( 3)  0.815
  25 S   0.79140 0.01076 0.19784 ( 1)  0.263
  26 P   0.97008 0.00154 0.02838 ( 1)  0.096
  27 T   0.65056 0.01802 0.33142 ( 1)  0.394
  28 S   0.10469 0.04617 0.84914 ( 3)  0.902
  29 I   0.13301 0.04471 0.82227 ( 3)  0.876
  30 P   0.64983 0.01806 0.33211 ( 1)  0.395
  31 A   0.10669 0.04607 0.84724 ( 3)  0.901
  32 I   0.93161 0.00353 0.06487 ( 1)  0.132
  33 N   0.94814 0.00267 0.04918 ( 1)  0.117
  34 P   0.61098 0.02006 0.36896 ( 1)  0.431
  35 T   0.94115 0.00304 0.05582 ( 1)  0.123
  36 A   0.13313 0.04471 0.82216 ( 3)  0.876
  37 T   0.64791 0.01816 0.33394 ( 1)  0.396
  38 W   0.06509 0.04822 0.88669 ( 3)  0.939
  39 N   0.63473 0.01884 0.34643 ( 1)  0.409
  40 N   0.68877 0.01605 0.29518 ( 1)  0.358
  41 K   0.77731 0.01148 0.21121 ( 1)  0.276
  42 V   0.64673 0.01822 0.33505 ( 1)  0.398
  43 N   0.13693 0.04451 0.81856 ( 3)  0.872
  44 S   0.21149 0.04067 0.74784 ( 3)  0.803
  45 F   0.97891 0.00109 0.02001 ( 1)  0.088
  46 V   0.94484 0.00284 0.05231 ( 1)  0.120
  47 L   0.16405 0.04311 0.79283 ( 3)  0.847
  48 E   0.05461 0.04876 0.89663 ( 3)  0.949
  49 N   0.95102 0.00253 0.04646 ( 1)  0.114
  50 K   0.96485 0.00181 0.03334 ( 1)  0.101
  51 Q   0.78398 0.01114 0.20488 ( 1)  0.270
  52 T   0.94115 0.00304 0.05582 ( 1)  0.123
  53 L   0.94343 0.00292 0.05365 ( 1)  0.121
  54 L   0.92453 0.00389 0.07158 ( 1)  0.139
  55 K   0.84003 0.00825 0.15172 ( 1)  0.217
  56 S   0.97543 0.00127 0.02330 ( 1)  0.091
  57 A   0.95518 0.00231 0.04250 ( 1)  0.110
  58 V   0.61521 0.01984 0.36495 ( 1)  0.427
  59 I   0.65044 0.01803 0.33153 ( 1)  0.394
  60 L   0.92427 0.00391 0.07183 ( 1)  0.139
  61 C   0.98805 0.00062 0.01134 ( 1)  0.080
  62 V   0.94512 0.00283 0.05205 ( 1)  0.120
  63 L   0.90374 0.00496 0.09130 ( 1)  0.158
  64 T   0.94115 0.00304 0.05582 ( 1)  0.123
  65 A   0.13122 0.04480 0.82397 ( 3)  0.878
  66 L   0.68262 0.01637 0.30102 ( 1)  0.364
  67 V   0.94280 0.00295 0.05425 ( 1)  0.122
  68 L   0.62379 0.01940 0.35681 ( 1)  0.419
  69 L   0.48741 0.02644 0.48616 ( 1)  0.546
  70 F   0.97999 0.00103 0.01897 ( 1)  0.087
  71 F   0.97286 0.00140 0.02574 ( 1)  0.094
  72 V   0.65646 0.01772 0.32583 ( 1)  0.388
  73 A   0.14222 0.04424 0.81355 ( 3)  0.868
  74 K   0.96198 0.00196 0.03606 ( 1)  0.104
  75 S   0.65286 0.01790 0.32924 ( 1)  0.392
  76 V   0.64832 0.01814 0.33355 ( 1)  0.396
  77 M   0.75343 0.01272 0.23385 ( 1)  0.298
  78 L   0.95158 0.00250 0.04592 ( 1)  0.114
  79 R   0.45709 0.02800 0.51491 ( 3)  0.574
  80 R   0.95751 0.00219 0.04030 ( 1)  0.108
  81 R   0.07989 0.04745 0.87266 ( 3)  0.926
  82 A   0.95643 0.00225 0.04133 ( 1)  0.109
  83 S   0.83410 0.00856 0.15734 ( 1)  0.223
  84 K   0.43919 0.02892 0.53189 ( 3)  0.591
  85 S   0.96909 0.00159 0.02931 ( 1)  0.097
  86 R   0.16484 0.04307 0.79209 ( 3)  0.846
  87 R   0.97433 0.00132 0.02434 ( 1)  0.092
  88 Y   0.97926 0.00107 0.01967 ( 1)  0.088
  89 G   0.96883 0.00161 0.02956 ( 1)  0.097
  90 L   0.94018 0.00309 0.05673 ( 1)  0.124
  91 V   0.94424 0.00288 0.05288 ( 1)  0.120
  92 D   0.96746 0.00168 0.03086 ( 1)  0.099
  93 A   0.95751 0.00219 0.04030 ( 1)  0.108
  94 D   0.96746 0.00168 0.03086 ( 1)  0.099
  95 K   0.96633 0.00174 0.03193 ( 1)  0.100
  96 L   0.95158 0.00250 0.04592 ( 1)  0.114
  97 E   0.97721 0.00118 0.02162 ( 1)  0.090
  98 M   0.98004 0.00103 0.01893 ( 1)  0.087
  99 Q   0.98400 0.00083 0.01517 ( 1)  0.083
 100 R   0.94488 0.00284 0.05228 ( 1)  0.120
 101 L   0.96235 0.00194 0.03571 ( 1)  0.103
 102 D   0.84366 0.00806 0.14827 ( 1)  0.214
 103 E   0.84569 0.00796 0.14636 ( 1)  0.212
 104 D   0.96379 0.00187 0.03434 ( 1)  0.102
 105 D   0.96379 0.00187 0.03434 ( 1)  0.102
 106 A   0.63663 0.01874 0.34463 ( 1)  0.407
 107 D   0.96746 0.00168 0.03086 ( 1)  0.099
 108 D   0.84566 0.00796 0.14638 ( 1)  0.212
 109 E   0.84569 0.00796 0.14636 ( 1)  0.212
 110 V   0.59524 0.02087 0.38388 ( 1)  0.445
 111 T   0.93934 0.00313 0.05753 ( 1)  0.125
 112 V   0.94455 0.00286 0.05259 ( 1)  0.120
 113 F   0.97999 0.00103 0.01897 ( 1)  0.087
 114 D   0.96567 0.00177 0.03256 ( 1)  0.100
 115 A   0.60706 0.02026 0.37267 ( 1)  0.434
 116 N   0.94965 0.00260 0.04776 ( 1)  0.115
 117 G   0.96523 0.00179 0.03297 ( 1)  0.101
 118 G   0.07189 0.04786 0.88025 ( 3)  0.933

Positively selected sites

	Prob(w>1)  mean w



lnL =  -902.973048

Bayes Empirical Bayes (BEB) probabilities for 3 classes (class) & postmean_w
(amino acids refer to 1st sequence: Msl.20440)

   1 M   0.42713 0.41953 0.15334 ( 1)  0.810 +-  1.037
   2 T   0.93352 0.04945 0.01704 ( 1)  0.138 +-  0.419
   3 T   0.55763 0.33244 0.10993 ( 1)  0.608 +-  0.869
   4 L   0.46679 0.38866 0.14455 ( 1)  0.765 +-  1.040
   5 S   0.07503 0.67721 0.24776 ( 2)  1.252 +-  0.996
   6 P   0.96531 0.02631 0.00839 ( 1)  0.096 +-  0.304
   7 S   0.64913 0.26347 0.08740 ( 1)  0.495 +-  0.818
   8 P   0.96531 0.02631 0.00839 ( 1)  0.096 +-  0.304
   9 F   0.54842 0.33476 0.11682 ( 1)  0.637 +-  0.934
  10 N   0.13489 0.63531 0.22979 ( 2)  1.178 +-  1.027
  11 T   0.93411 0.04953 0.01636 ( 1)  0.135 +-  0.400
  12 M   0.43508 0.41506 0.14986 ( 1)  0.796 +-  1.024
  13 S   0.56786 0.25160 0.18054 ( 1)  0.888 +-  1.609
  14 S   0.02570 0.68630 0.28800 ( 2)  1.399 +-  1.155
  15 P   0.06509 0.66974 0.26517 ( 2)  1.328 +-  1.150
  16 W   0.01293 0.69652 0.29055 ( 2)  1.399 +-  1.103
  17 M   0.28772 0.53331 0.17897 ( 2)  0.952 +-  0.962
  18 K   0.05396 0.53235 0.41369 ( 2)  1.937 +-  2.017
  19 S   0.57711 0.31423 0.10866 ( 1)  0.600 +-  0.921
  20 S   0.68769 0.23615 0.07616 ( 1)  0.442 +-  0.764
  21 A   0.51057 0.36142 0.12801 ( 1)  0.702 +-  1.013
  22 Y   0.11268 0.64747 0.23985 ( 2)  1.223 +-  1.062
  23 Y   0.26011 0.40639 0.33350 ( 2)  1.584 +-  2.024
  24 V   0.11603 0.65229 0.23169 ( 2)  1.196 +-  1.013
  25 S   0.72110 0.20891 0.06999 ( 1)  0.411 +-  0.786
  26 P   0.96779 0.02558 0.00663 ( 1)  0.090 +-  0.271
  27 T   0.55763 0.33244 0.10993 ( 1)  0.608 +-  0.869
  28 S   0.05632 0.67462 0.26906 ( 2)  1.344 +-  1.154
  29 I   0.07269 0.66128 0.26604 ( 2)  1.332 +-  1.183
  30 P   0.55294 0.33187 0.11519 ( 1)  0.628 +-  0.918
  31 A   0.05787 0.67839 0.26374 ( 2)  1.326 +-  1.122
  32 I   0.92633 0.05502 0.01865 ( 1)  0.146 +-  0.431
  33 N   0.94583 0.04078 0.01339 ( 1)  0.120 +-  0.362
  34 P   0.51308 0.37262 0.11430 ( 1)  0.669 +-  0.938
  35 T   0.93555 0.04843 0.01601 ( 1)  0.133 +-  0.397
  36 A   0.07318 0.67007 0.25675 ( 2)  1.311 +-  1.154
  37 T   0.55530 0.33420 0.11049 ( 1)  0.611 +-  0.871
  38 W   0.03473 0.68850 0.27677 ( 2)  1.360 +-  1.105
  39 N   0.53504 0.34199 0.12297 ( 1)  0.663 +-  0.969
  40 N   0.60296 0.29605 0.10099 ( 1)  0.560 +-  0.875
  41 K   0.70391 0.22120 0.07489 ( 1)  0.434 +-  0.803
  42 V   0.55459 0.33202 0.11339 ( 1)  0.620 +-  0.897
  43 N   0.07559 0.66448 0.25993 ( 2)  1.309 +-  1.142
  44 S   0.12563 0.65173 0.22264 ( 2)  1.162 +-  0.961
  45 F   0.97784 0.01695 0.00521 ( 1)  0.079 +-  0.229
  46 V   0.93962 0.04541 0.01497 ( 1)  0.128 +-  0.385
  47 L   0.09391 0.66632 0.23977 ( 2)  1.226 +-  1.003
  48 E   0.02726 0.70613 0.26661 ( 2)  1.343 +-  1.057
  49 N   0.94868 0.03888 0.01244 ( 1)  0.116 +-  0.349
  50 K   0.96303 0.02808 0.00889 ( 1)  0.097 +-  0.296
  51 Q   0.71450 0.21588 0.06962 ( 1)  0.411 +-  0.753
  52 T   0.93555 0.04843 0.01601 ( 1)  0.133 +-  0.397
  53 L   0.93701 0.04795 0.01504 ( 1)  0.131 +-  0.397
  54 L   0.91452 0.06386 0.02163 ( 1)  0.163 +-  0.476
  55 K   0.78797 0.15975 0.05228 ( 1)  0.320 +-  0.675
  56 S   0.97442 0.01944 0.00613 ( 1)  0.083 +-  0.245
  57 A   0.95012 0.03785 0.01203 ( 1)  0.115 +-  0.360
  58 V   0.51728 0.35951 0.12321 ( 1)  0.668 +-  0.919
  59 I   0.55832 0.32761 0.11406 ( 1)  0.621 +-  0.917
  60 L   0.91410 0.06407 0.02183 ( 1)  0.164 +-  0.481
  61 C   0.98765 0.01010 0.00225 ( 1)  0.066 +-  0.161
  62 V   0.93895 0.04546 0.01559 ( 1)  0.131 +-  0.404
  63 L   0.89152 0.08056 0.02792 ( 1)  0.193 +-  0.533
  64 T   0.93555 0.04843 0.01601 ( 1)  0.133 +-  0.397
  65 A   0.07322 0.67763 0.24916 ( 2)  1.269 +-  1.042
  66 L   0.59536 0.30337 0.10127 ( 1)  0.564 +-  0.860
  67 V   0.93643 0.04802 0.01555 ( 1)  0.133 +-  0.407
  68 L   0.52099 0.35341 0.12560 ( 1)  0.681 +-  0.980
  69 L   0.37179 0.46916 0.15905 ( 2)  0.853 +-  0.972
  70 F   0.97876 0.01655 0.00469 ( 1)  0.077 +-  0.223
  71 F   0.97074 0.02212 0.00714 ( 1)  0.089 +-  0.274
  72 V   0.56682 0.32378 0.10940 ( 1)  0.602 +-  0.883
  73 A   0.07983 0.67161 0.24856 ( 2)  1.264 +-  1.052
  74 K   0.95971 0.03054 0.00975 ( 1)  0.102 +-  0.310
  75 S   0.55197 0.32988 0.11815 ( 1)  0.644 +-  0.969
  76 V   0.55592 0.33092 0.11316 ( 1)  0.619 +-  0.898
  77 M   0.67274 0.23888 0.08838 ( 1)  0.498 +-  0.935
  78 L   0.94675 0.04145 0.01180 ( 1)  0.118 +-  0.361
  79 R   0.35659 0.47339 0.17002 ( 2)  0.887 +-  1.008
  80 R   0.95422 0.03701 0.00877 ( 1)  0.107 +-  0.324
  81 R   0.04229 0.67727 0.28044 ( 2)  1.378 +-  1.172
  82 A   0.95137 0.03638 0.01225 ( 1)  0.114 +-  0.362
  83 S   0.77486 0.16968 0.05546 ( 1)  0.339 +-  0.706
  84 K   0.33380 0.47700 0.18920 ( 2)  0.969 +-  1.159
  85 S   0.96572 0.02620 0.00808 ( 1)  0.095 +-  0.301
  86 R   0.11198 0.64760 0.24042 ( 2)  1.219 +-  1.045
  87 R   0.97392 0.02231 0.00377 ( 1)  0.080 +-  0.215
  88 Y   0.97807 0.01761 0.00432 ( 1)  0.078 +-  0.221
  89 G   0.96556 0.02639 0.00806 ( 1)  0.095 +-  0.295
  90 L   0.93313 0.05107 0.01580 ( 1)  0.137 +-  0.415
  91 V   0.93766 0.04630 0.01604 ( 1)  0.133 +-  0.414
  92 D   0.96541 0.02643 0.00816 ( 1)  0.095 +-  0.288
  93 A   0.95300 0.03548 0.01152 ( 1)  0.111 +-  0.343
  94 D   0.96541 0.02643 0.00816 ( 1)  0.095 +-  0.288
  95 K   0.96421 0.02718 0.00861 ( 1)  0.096 +-  0.294
  96 L   0.94675 0.04145 0.01180 ( 1)  0.118 +-  0.361
  97 E   0.97558 0.01888 0.00555 ( 1)  0.082 +-  0.243
  98 M   0.97972 0.01549 0.00479 ( 1)  0.076 +-  0.216
  99 Q   0.98329 0.01355 0.00316 ( 1)  0.071 +-  0.191
 100 R   0.94091 0.04820 0.01089 ( 1)  0.122 +-  0.358
 101 L   0.95885 0.03112 0.01003 ( 1)  0.103 +-  0.318
 102 D   0.78849 0.15896 0.05255 ( 1)  0.323 +-  0.693
 103 E   0.79144 0.15777 0.05079 ( 1)  0.316 +-  0.676
 104 D   0.96175 0.02906 0.00919 ( 1)  0.099 +-  0.300
 105 D   0.96175 0.02906 0.00919 ( 1)  0.099 +-  0.300
 106 A   0.53945 0.34436 0.11619 ( 1)  0.637 +-  0.899
 107 D   0.96541 0.02643 0.00816 ( 1)  0.095 +-  0.288
 108 D   0.79140 0.15780 0.05080 ( 1)  0.316 +-  0.676
 109 E   0.79144 0.15777 0.05079 ( 1)  0.316 +-  0.676
 110 V   0.49288 0.37432 0.13281 ( 1)  0.712 +-  0.969
 111 T   0.93288 0.05026 0.01686 ( 1)  0.138 +-  0.415
 112 V   0.93790 0.04635 0.01575 ( 1)  0.132 +-  0.411
 113 F   0.97876 0.01655 0.00469 ( 1)  0.077 +-  0.223
 114 D   0.96421 0.02724 0.00855 ( 1)  0.096 +-  0.289
 115 A   0.50214 0.36418 0.13368 ( 1)  0.715 +-  1.017
 116 N   0.94786 0.03960 0.01254 ( 1)  0.116 +-  0.344
 117 G   0.96174 0.02980 0.00846 ( 1)  0.099 +-  0.311
 118 G   0.03758 0.67352 0.28890 ( 2)  1.415 +-  1.236

Positively selected sites

	Prob(w>1)  mean w


