Supplemental results for CODEML (seqf: algn  treef: tree)


dN/dS (w) for site classes (K=9)

p:   0.10368  0.10368  0.10368  0.10368  0.10368  0.10368  0.10368  0.10368  0.17053
w:   0.00000  0.00000  0.00000  0.00000  0.00000  0.00000  0.00000  0.00000  2.68021

Naive Empirical Bayes (NEB) probabilities for 9 classes & postmean_w & P(w>1)
(amino acids refer to 1st sequence: spe.1196)

   1 M   0.10701 0.10701 0.10701 0.10701 0.10701 0.10701 0.10701 0.10701 0.14391 ( 9)  0.386  0.144
   2 N   0.10702 0.10702 0.10702 0.10702 0.10702 0.10702 0.10702 0.10702 0.14386 ( 9)  0.386  0.144
   3 F   0.10690 0.10690 0.10690 0.10690 0.10690 0.10690 0.10690 0.10690 0.14478 ( 9)  0.388  0.145
   4 G   0.10626 0.10626 0.10626 0.10626 0.10626 0.10626 0.10626 0.10626 0.14990 ( 9)  0.402  0.150
   5 Y   0.10647 0.10647 0.10647 0.10647 0.10647 0.10647 0.10647 0.10647 0.14825 ( 9)  0.397  0.148
   6 P   0.10483 0.10483 0.10483 0.10483 0.10483 0.10483 0.10483 0.10483 0.16138 ( 9)  0.433  0.161
   7 C   0.10636 0.10636 0.10636 0.10636 0.10636 0.10636 0.10636 0.10636 0.14909 ( 9)  0.400  0.149
   8 L   0.10658 0.10658 0.10658 0.10658 0.10658 0.10658 0.10658 0.10658 0.14733 ( 9)  0.395  0.147
   9 S   0.10535 0.10535 0.10535 0.10535 0.10535 0.10535 0.10535 0.10535 0.15723 ( 9)  0.421  0.157
  10 L   0.10496 0.10496 0.10496 0.10496 0.10496 0.10496 0.10496 0.10496 0.16035 ( 9)  0.430  0.160
  11 H   0.10627 0.10627 0.10627 0.10627 0.10627 0.10627 0.10627 0.10627 0.14984 ( 9)  0.402  0.150
  12 G   0.10626 0.10626 0.10626 0.10626 0.10626 0.10626 0.10626 0.10626 0.14990 ( 9)  0.402  0.150
  13 G   0.10677 0.10677 0.10677 0.10677 0.10677 0.10677 0.10677 0.10677 0.14582 ( 9)  0.391  0.146
  14 I   0.10715 0.10715 0.10715 0.10715 0.10715 0.10715 0.10715 0.10715 0.14280 ( 9)  0.383  0.143
  15 D   0.10658 0.10658 0.10658 0.10658 0.10658 0.10658 0.10658 0.10658 0.14740 ( 9)  0.395  0.147
  16 Q   0.10546 0.10546 0.10546 0.10546 0.10546 0.10546 0.10546 0.10546 0.15634 ( 9)  0.419  0.156
  17 Y   0.10647 0.10647 0.10647 0.10647 0.10647 0.10647 0.10647 0.10647 0.14825 ( 9)  0.397  0.148
  18 D   0.10708 0.10708 0.10708 0.10708 0.10708 0.10708 0.10708 0.10708 0.14339 ( 9)  0.384  0.143
  19 R   0.10597 0.10597 0.10597 0.10597 0.10597 0.10597 0.10597 0.10597 0.15222 ( 9)  0.408  0.152
  20 D   0.10708 0.10708 0.10708 0.10708 0.10708 0.10708 0.10708 0.10708 0.14339 ( 9)  0.384  0.143
  21 S   0.10581 0.10581 0.10581 0.10581 0.10581 0.10581 0.10581 0.10581 0.15350 ( 9)  0.411  0.153
  22 V   0.10688 0.10688 0.10688 0.10688 0.10688 0.10688 0.10688 0.10688 0.14494 ( 9)  0.388  0.145
  23 I   0.10600 0.10600 0.10600 0.10600 0.10600 0.10600 0.10600 0.10600 0.15200 ( 9)  0.407  0.152
  24 T   0.10575 0.10575 0.10575 0.10575 0.10575 0.10575 0.10575 0.10575 0.15403 ( 9)  0.413  0.154
  25 D   0.10708 0.10708 0.10708 0.10708 0.10708 0.10708 0.10708 0.10708 0.14339 ( 9)  0.384  0.143
  26 F   0.10690 0.10690 0.10690 0.10690 0.10690 0.10690 0.10690 0.10690 0.14478 ( 9)  0.388  0.145
  27 K   0.10616 0.10616 0.10616 0.10616 0.10616 0.10616 0.10616 0.10616 0.15073 ( 9)  0.404  0.151
  28 R   0.10643 0.10643 0.10643 0.10643 0.10643 0.10643 0.10643 0.10643 0.14855 ( 9)  0.398  0.149
  29 G   0.10490 0.10490 0.10490 0.10490 0.10490 0.10490 0.10490 0.10490 0.16081 ( 9)  0.431  0.161
  30 N   0.10651 0.10651 0.10651 0.10651 0.10651 0.10651 0.10651 0.10651 0.14790 ( 9)  0.396  0.148
  31 I   0.10662 0.10662 0.10662 0.10662 0.10662 0.10662 0.10662 0.10662 0.14705 ( 9)  0.394  0.147
  32 R   0.10643 0.10643 0.10643 0.10643 0.10643 0.10643 0.10643 0.10643 0.14855 ( 9)  0.398  0.149
  33 L   0.10496 0.10496 0.10496 0.10496 0.10496 0.10496 0.10496 0.10496 0.16035 ( 9)  0.430  0.160
  34 L   0.10611 0.10611 0.10611 0.10611 0.10611 0.10611 0.10611 0.10611 0.15115 ( 9)  0.405  0.151
  35 I   0.10715 0.10715 0.10715 0.10715 0.10715 0.10715 0.10715 0.10715 0.14280 ( 9)  0.383  0.143
  36 A   0.10685 0.10685 0.10685 0.10685 0.10685 0.10685 0.10685 0.10685 0.14516 ( 9)  0.389  0.145
  37 T   0.10662 0.10662 0.10662 0.10662 0.10662 0.10662 0.10662 0.10662 0.14706 ( 9)  0.394  0.147
  38 S   0.10535 0.10535 0.10535 0.10535 0.10535 0.10535 0.10535 0.10535 0.15723 ( 9)  0.421  0.157
  39 V   0.10595 0.10595 0.10595 0.10595 0.10595 0.10595 0.10595 0.10595 0.15237 ( 9)  0.408  0.152
  40 A   0.10633 0.10633 0.10633 0.10633 0.10633 0.10633 0.10633 0.10633 0.14936 ( 9)  0.400  0.149
  41 A   0.10612 0.10612 0.10612 0.10612 0.10612 0.10612 0.10612 0.10612 0.15106 ( 9)  0.405  0.151
  42 R   0.10597 0.10597 0.10597 0.10597 0.10597 0.10597 0.10597 0.10597 0.15222 ( 9)  0.408  0.152
  43 G   0.10626 0.10626 0.10626 0.10626 0.10626 0.10626 0.10626 0.10626 0.14990 ( 9)  0.402  0.150
  44 L   0.10658 0.10658 0.10658 0.10658 0.10658 0.10658 0.10658 0.10658 0.14733 ( 9)  0.395  0.147
  45 D   0.10658 0.10658 0.10658 0.10658 0.10658 0.10658 0.10658 0.10658 0.14740 ( 9)  0.395  0.147
  46 V   0.10595 0.10595 0.10595 0.10595 0.10595 0.10595 0.10595 0.10595 0.15237 ( 9)  0.408  0.152
  47 L   0.10507 0.10507 0.10507 0.10507 0.10507 0.10507 0.10507 0.10507 0.15943 ( 9)  0.427  0.159
  48 D   0.10658 0.10658 0.10658 0.10658 0.10658 0.10658 0.10658 0.10658 0.14740 ( 9)  0.395  0.147
  49 L   0.10658 0.10658 0.10658 0.10658 0.10658 0.10658 0.10658 0.10658 0.14733 ( 9)  0.395  0.147
  50 V   0.10688 0.10688 0.10688 0.10688 0.10688 0.10688 0.10688 0.10688 0.14494 ( 9)  0.388  0.145
  51 L   0.10496 0.10496 0.10496 0.10496 0.10496 0.10496 0.10496 0.10496 0.16035 ( 9)  0.430  0.160
  52 V   0.10501 0.10501 0.10501 0.10501 0.10501 0.10501 0.10501 0.10501 0.15989 ( 9)  0.429  0.160
  53 V   0.10595 0.10595 0.10595 0.10595 0.10595 0.10595 0.10595 0.10595 0.15237 ( 9)  0.408  0.152
  54 N   0.10702 0.10702 0.10702 0.10702 0.10702 0.10702 0.10702 0.10702 0.14386 ( 9)  0.386  0.144
  55 Y   0.10601 0.10601 0.10601 0.10601 0.10601 0.10601 0.10601 0.10601 0.15196 ( 9)  0.407  0.152
  56 D   0.10708 0.10708 0.10708 0.10708 0.10708 0.10708 0.10708 0.10708 0.14339 ( 9)  0.384  0.143
  57 C   0.10612 0.10612 0.10612 0.10612 0.10612 0.10612 0.10612 0.10612 0.15105 ( 9)  0.405  0.151
  58 P   0.10649 0.10649 0.10649 0.10649 0.10649 0.10649 0.10649 0.10649 0.14809 ( 9)  0.397  0.148
  59 N   0.10702 0.10702 0.10702 0.10702 0.10702 0.10702 0.10702 0.10702 0.14386 ( 9)  0.386  0.144
  60 H   0.10673 0.10673 0.10673 0.10673 0.10673 0.10673 0.10673 0.10673 0.14618 ( 9)  0.392  0.146
  61 Y   0.10647 0.10647 0.10647 0.10647 0.10647 0.10647 0.10647 0.10647 0.14825 ( 9)  0.397  0.148
  62 E   0.10626 0.10626 0.10626 0.10626 0.10626 0.10626 0.10626 0.10626 0.14989 ( 9)  0.402  0.150
  63 D   0.10708 0.10708 0.10708 0.10708 0.10708 0.10708 0.10708 0.10708 0.14339 ( 9)  0.384  0.143
  64 Y   0.10647 0.10647 0.10647 0.10647 0.10647 0.10647 0.10647 0.10647 0.14825 ( 9)  0.397  0.148
  65 V   0.10595 0.10595 0.10595 0.10595 0.10595 0.10595 0.10595 0.10595 0.15237 ( 9)  0.408  0.152
  66 H   0.10627 0.10627 0.10627 0.10627 0.10627 0.10627 0.10627 0.10627 0.14984 ( 9)  0.402  0.150
  67 R   0.10597 0.10597 0.10597 0.10597 0.10597 0.10597 0.10597 0.10597 0.15222 ( 9)  0.408  0.152
  68 C   0.10636 0.10636 0.10636 0.10636 0.10636 0.10636 0.10636 0.10636 0.14909 ( 9)  0.400  0.149
  69 G   0.10490 0.10490 0.10490 0.10490 0.10490 0.10490 0.10490 0.10490 0.16081 ( 9)  0.431  0.161
  70 R   0.10550 0.10550 0.10550 0.10550 0.10550 0.10550 0.10550 0.10550 0.15600 ( 9)  0.418  0.156
  71 T   0.10613 0.10613 0.10613 0.10613 0.10613 0.10613 0.10613 0.10613 0.15098 ( 9)  0.405  0.151
  72 G   0.10677 0.10677 0.10677 0.10677 0.10677 0.10677 0.10677 0.10677 0.14582 ( 9)  0.391  0.146
  73 R   0.10550 0.10550 0.10550 0.10550 0.10550 0.10550 0.10550 0.10550 0.15600 ( 9)  0.418  0.156
  74 A   0.10685 0.10685 0.10685 0.10685 0.10685 0.10685 0.10685 0.10685 0.14516 ( 9)  0.389  0.145
  75 G   0.10490 0.10490 0.10490 0.10490 0.10490 0.10490 0.10490 0.10490 0.16081 ( 9)  0.431  0.161
  76 R   0.10597 0.10597 0.10597 0.10597 0.10597 0.10597 0.10597 0.10597 0.15222 ( 9)  0.408  0.152
  77 K   0.10616 0.10616 0.10616 0.10616 0.10616 0.10616 0.10616 0.10616 0.15073 ( 9)  0.404  0.151
  78 G   0.10586 0.10586 0.10586 0.10586 0.10586 0.10586 0.10586 0.10586 0.15310 ( 9)  0.410  0.153
  79 Y   0.10647 0.10647 0.10647 0.10647 0.10647 0.10647 0.10647 0.10647 0.14825 ( 9)  0.397  0.148
  80 A   0.10499 0.10499 0.10499 0.10499 0.10499 0.10499 0.10499 0.10499 0.16011 ( 9)  0.429  0.160
  81 H   0.10673 0.10673 0.10673 0.10673 0.10673 0.10673 0.10673 0.10673 0.14618 ( 9)  0.392  0.146
  82 T   0.10662 0.10662 0.10662 0.10662 0.10662 0.10662 0.10662 0.10662 0.14706 ( 9)  0.394  0.147
  83 F   0.10642 0.10642 0.10642 0.10642 0.10642 0.10642 0.10642 0.10642 0.14868 ( 9)  0.398  0.149
  84 I   0.10662 0.10662 0.10662 0.10662 0.10662 0.10662 0.10662 0.10662 0.14705 ( 9)  0.394  0.147
  85 T   0.10613 0.10613 0.10613 0.10613 0.10613 0.10613 0.10613 0.10613 0.15098 ( 9)  0.405  0.151
  86 P   0.10649 0.10649 0.10649 0.10649 0.10649 0.10649 0.10649 0.10649 0.14809 ( 9)  0.397  0.148
  87 D   0.10708 0.10708 0.10708 0.10708 0.10708 0.10708 0.10708 0.10708 0.14339 ( 9)  0.384  0.143
  88 Q   0.10546 0.10546 0.10546 0.10546 0.10546 0.10546 0.10546 0.10546 0.15634 ( 9)  0.419  0.156
  89 E   0.10626 0.10626 0.10626 0.10626 0.10626 0.10626 0.10626 0.10626 0.14989 ( 9)  0.402  0.150
  90 R   0.10593 0.10593 0.10593 0.10593 0.10593 0.10593 0.10593 0.10593 0.15256 ( 9)  0.409  0.153
  91 N   0.10651 0.10651 0.10651 0.10651 0.10651 0.10651 0.10651 0.10651 0.14790 ( 9)  0.396  0.148
  92 A   0.10499 0.10499 0.10499 0.10499 0.10499 0.10499 0.10499 0.10499 0.16011 ( 9)  0.429  0.160
  93 G   0.10677 0.10677 0.10677 0.10677 0.10677 0.10677 0.10677 0.10677 0.14582 ( 9)  0.391  0.146
  94 D   0.10708 0.10708 0.10708 0.10708 0.10708 0.10708 0.10708 0.10708 0.14339 ( 9)  0.384  0.143
  95 L   0.10507 0.10507 0.10507 0.10507 0.10507 0.10507 0.10507 0.10507 0.15943 ( 9)  0.427  0.159
  96 V   0.10688 0.10688 0.10688 0.10688 0.10688 0.10688 0.10688 0.10688 0.14494 ( 9)  0.388  0.145
  97 K   0.10532 0.10532 0.10532 0.10532 0.10532 0.10532 0.10532 0.10532 0.15748 ( 9)  0.422  0.157
  98 A   0.10633 0.10633 0.10633 0.10633 0.10633 0.10633 0.10633 0.10633 0.14936 ( 9)  0.400  0.149
  99 F   0.10690 0.10690 0.10690 0.10690 0.10690 0.10690 0.10690 0.10690 0.14478 ( 9)  0.388  0.145
 100 S   0.10679 0.10679 0.10679 0.10679 0.10679 0.10679 0.10679 0.10679 0.14568 ( 9)  0.390  0.146
 101 L   0.10496 0.10496 0.10496 0.10496 0.10496 0.10496 0.10496 0.10496 0.16035 ( 9)  0.430  0.160
 102 S   0.10631 0.10631 0.10631 0.10631 0.10631 0.10631 0.10631 0.10631 0.14955 ( 9)  0.401  0.150
 103 G   0.10626 0.10626 0.10626 0.10626 0.10626 0.10626 0.10626 0.10626 0.14990 ( 9)  0.402  0.150
 104 Q   0.10546 0.10546 0.10546 0.10546 0.10546 0.10546 0.10546 0.10546 0.15634 ( 9)  0.419  0.156
 105 P   0.10483 0.10483 0.10483 0.10483 0.10483 0.10483 0.10483 0.10483 0.16138 ( 9)  0.433  0.161
 106 V   0.10595 0.10595 0.10595 0.10595 0.10595 0.10595 0.10595 0.10595 0.15237 ( 9)  0.408  0.152
 107 P   0.10649 0.10649 0.10649 0.10649 0.10649 0.10649 0.10649 0.10649 0.14809 ( 9)  0.397  0.148
 108 E   0.10626 0.10626 0.10626 0.10626 0.10626 0.10626 0.10626 0.10626 0.14989 ( 9)  0.402  0.150
 109 D   0.10658 0.10658 0.10658 0.10658 0.10658 0.10658 0.10658 0.10658 0.14740 ( 9)  0.395  0.147
 110 I   0.10715 0.10715 0.10715 0.10715 0.10715 0.10715 0.10715 0.10715 0.14280 ( 9)  0.383  0.143
 111 Y   0.10647 0.10647 0.10647 0.10647 0.10647 0.10647 0.10647 0.10647 0.14825 ( 9)  0.397  0.148
 112 L   0.10611 0.10611 0.10611 0.10611 0.10611 0.10611 0.10611 0.10611 0.15115 ( 9)  0.405  0.151
 113 L   0.10611 0.10611 0.10611 0.10611 0.10611 0.10611 0.10611 0.10611 0.15115 ( 9)  0.405  0.151
 114 Y   0.10601 0.10601 0.10601 0.10601 0.10601 0.10601 0.10601 0.10601 0.15196 ( 9)  0.407  0.152
 115 E   0.10626 0.10626 0.10626 0.10626 0.10626 0.10626 0.10626 0.10626 0.14989 ( 9)  0.402  0.150
 116 G   0.10677 0.10677 0.10677 0.10677 0.10677 0.10677 0.10677 0.10677 0.14582 ( 9)  0.391  0.146
 117 Y   0.10601 0.10601 0.10601 0.10601 0.10601 0.10601 0.10601 0.10601 0.15196 ( 9)  0.407  0.152
 118 K   0.10616 0.10616 0.10616 0.10616 0.10616 0.10616 0.10616 0.10616 0.15073 ( 9)  0.404  0.151
 119 E   0.10626 0.10626 0.10626 0.10626 0.10626 0.10626 0.10626 0.10626 0.14989 ( 9)  0.402  0.150
 120 R   0.10643 0.10643 0.10643 0.10643 0.10643 0.10643 0.10643 0.10643 0.14855 ( 9)  0.398  0.149
 121 M   0.10701 0.10701 0.10701 0.10701 0.10701 0.10701 0.10701 0.10701 0.14391 ( 9)  0.386  0.144
 122 M   0.10701 0.10701 0.10701 0.10701 0.10701 0.10701 0.10701 0.10701 0.14391 ( 9)  0.386  0.144
 123 M   0.10701 0.10701 0.10701 0.10701 0.10701 0.10701 0.10701 0.10701 0.14391 ( 9)  0.386  0.144
 124 V   0.10595 0.10595 0.10595 0.10595 0.10595 0.10595 0.10595 0.10595 0.15237 ( 9)  0.408  0.152
 125 S   0.10631 0.10631 0.10631 0.10631 0.10631 0.10631 0.10631 0.10631 0.14955 ( 9)  0.401  0.150
 126 R   0.10597 0.10597 0.10597 0.10597 0.10597 0.10597 0.10597 0.10597 0.15222 ( 9)  0.408  0.152
 127 I   0.10715 0.10715 0.10715 0.10715 0.10715 0.10715 0.10715 0.10715 0.14280 ( 9)  0.383  0.143
 128 N   0.10702 0.10702 0.10702 0.10702 0.10702 0.10702 0.10702 0.10702 0.14386 ( 9)  0.386  0.144
 129 S   0.10624 0.10624 0.10624 0.10624 0.10624 0.10624 0.10624 0.10624 0.15005 ( 9)  0.402  0.150
 130 R   0.10597 0.10597 0.10597 0.10597 0.10597 0.10597 0.10597 0.10597 0.15222 ( 9)  0.408  0.152
 131 L   0.10611 0.10611 0.10611 0.10611 0.10611 0.10611 0.10611 0.10611 0.15115 ( 9)  0.405  0.151
 132 I   0.10662 0.10662 0.10662 0.10662 0.10662 0.10662 0.10662 0.10662 0.14705 ( 9)  0.394  0.147
 133 L   0.10507 0.10507 0.10507 0.10507 0.10507 0.10507 0.10507 0.10507 0.15943 ( 9)  0.427  0.159
 134 L   0.10496 0.10496 0.10496 0.10496 0.10496 0.10496 0.10496 0.10496 0.16035 ( 9)  0.430  0.160
 135 H   0.10627 0.10627 0.10627 0.10627 0.10627 0.10627 0.10627 0.10627 0.14984 ( 9)  0.402  0.150
 136 L   0.10445 0.10445 0.10445 0.10445 0.10445 0.10445 0.10445 0.10445 0.16440 ( 9)  0.441  0.164
 137 E   0.10542 0.10542 0.10542 0.10542 0.10542 0.10542 0.10542 0.10542 0.15661 ( 9)  0.420  0.157
 138 L   0.10658 0.10658 0.10658 0.10658 0.10658 0.10658 0.10658 0.10658 0.14733 ( 9)  0.395  0.147
 139 G   0.00000 0.00000 0.00000 0.00000 0.00000 0.00000 0.00000 0.00000 1.00000 ( 9)  2.680  1.000
 140 P   0.10483 0.10483 0.10483 0.10483 0.10483 0.10483 0.10483 0.10483 0.16138 ( 9)  0.433  0.161
 141 F   0.00000 0.00000 0.00000 0.00000 0.00000 0.00000 0.00000 0.00000 1.00000 ( 9)  2.680  1.000
 142 L   0.10658 0.10658 0.10658 0.10658 0.10658 0.10658 0.10658 0.10658 0.14733 ( 9)  0.395  0.147
 143 F   0.10642 0.10642 0.10642 0.10642 0.10642 0.10642 0.10642 0.10642 0.14868 ( 9)  0.398  0.149
 144 V   0.10636 0.10636 0.10636 0.10636 0.10636 0.10636 0.10636 0.10636 0.14909 ( 9)  0.400  0.149
 145 L   0.10462 0.10462 0.10462 0.10462 0.10462 0.10462 0.10462 0.10462 0.16306 ( 9)  0.437  0.163
 146 V   0.10501 0.10501 0.10501 0.10501 0.10501 0.10501 0.10501 0.10501 0.15989 ( 9)  0.429  0.160
 147 L   0.10658 0.10658 0.10658 0.10658 0.10658 0.10658 0.10658 0.10658 0.14733 ( 9)  0.395  0.147
 148 R   0.10446 0.10446 0.10446 0.10446 0.10446 0.10446 0.10446 0.10446 0.16432 ( 9)  0.440  0.164
 149 F   0.10642 0.10642 0.10642 0.10642 0.10642 0.10642 0.10642 0.10642 0.14868 ( 9)  0.398  0.149
 150 Y   0.10601 0.10601 0.10601 0.10601 0.10601 0.10601 0.10601 0.10601 0.15196 ( 9)  0.407  0.152
 151 S   0.10535 0.10535 0.10535 0.10535 0.10535 0.10535 0.10535 0.10535 0.15723 ( 9)  0.421  0.157
 152 I   0.10715 0.10715 0.10715 0.10715 0.10715 0.10715 0.10715 0.10715 0.14280 ( 9)  0.383  0.143
 153 T   0.00000 0.00000 0.00000 0.00000 0.00000 0.00000 0.00000 0.00000 1.00000 ( 9)  2.680  1.000
 154 T   0.10488 0.10488 0.10488 0.10488 0.10488 0.10488 0.10488 0.10488 0.16095 ( 9)  0.431  0.161
 155 S   0.10679 0.10679 0.10679 0.10679 0.10679 0.10679 0.10679 0.10679 0.14568 ( 9)  0.390  0.146
 156 K   0.10532 0.10532 0.10532 0.10532 0.10532 0.10532 0.10532 0.10532 0.15748 ( 9)  0.422  0.157
 157 K   0.10532 0.10532 0.10532 0.10532 0.10532 0.10532 0.10532 0.10532 0.15748 ( 9)  0.422  0.157
 158 W   0.10510 0.10510 0.10510 0.10510 0.10510 0.10510 0.10510 0.10510 0.15923 ( 9)  0.427  0.159
 159 P   0.10483 0.10483 0.10483 0.10483 0.10483 0.10483 0.10483 0.10483 0.16138 ( 9)  0.433  0.161
 160 L   0.10611 0.10611 0.10611 0.10611 0.10611 0.10611 0.10611 0.10611 0.15115 ( 9)  0.405  0.151
 161 S   0.10581 0.10581 0.10581 0.10581 0.10581 0.10581 0.10581 0.10581 0.15350 ( 9)  0.411  0.153
 162 F   0.10642 0.10642 0.10642 0.10642 0.10642 0.10642 0.10642 0.10642 0.14868 ( 9)  0.398  0.149
 163 G   0.10677 0.10677 0.10677 0.10677 0.10677 0.10677 0.10677 0.10677 0.14582 ( 9)  0.391  0.146
 164 V   0.10636 0.10636 0.10636 0.10636 0.10636 0.10636 0.10636 0.10636 0.14909 ( 9)  0.400  0.149
 165 T   0.10575 0.10575 0.10575 0.10575 0.10575 0.10575 0.10575 0.10575 0.15403 ( 9)  0.413  0.154
 166 I   0.10715 0.10715 0.10715 0.10715 0.10715 0.10715 0.10715 0.10715 0.14280 ( 9)  0.383  0.143
 167 K   0.00000 0.00000 0.00000 0.00000 0.00000 0.00000 0.00000 0.00000 1.00000 ( 9)  2.680  1.000
 168 N   0.10651 0.10651 0.10651 0.10651 0.10651 0.10651 0.10651 0.10651 0.14790 ( 9)  0.396  0.148
 169 A   0.10592 0.10592 0.10592 0.10592 0.10592 0.10592 0.10592 0.10592 0.15265 ( 9)  0.409  0.153
 170 F   0.10690 0.10690 0.10690 0.10690 0.10690 0.10690 0.10690 0.10690 0.14478 ( 9)  0.388  0.145
 171 F   0.10642 0.10642 0.10642 0.10642 0.10642 0.10642 0.10642 0.10642 0.14868 ( 9)  0.398  0.149

Positively selected sites

	Prob(w>1)  mean w

   139 G      1.000**       2.680
   141 F      1.000**       2.680
   153 T      1.000**       2.680
   167 K      1.000**       2.680


lnL =  -739.062114

Bayes Empirical Bayes (BEB) probabilities for 11 classes (class) & postmean_w
(amino acids refer to 1st sequence: spe.1196)

   1 M   0.28110 0.08870 0.07613 0.06974 0.06517 0.06123 0.05751 0.05397 0.05127 0.08088 0.11431 ( 1)  0.628 +-  0.998
   2 N   0.28111 0.08870 0.07613 0.06974 0.06516 0.06123 0.05751 0.05396 0.05126 0.08087 0.11432 ( 1)  0.628 +-  0.999
   3 F   0.28076 0.08860 0.07606 0.06968 0.06513 0.06121 0.05751 0.05398 0.05128 0.08091 0.11488 ( 1)  0.630 +-  1.006
   4 G   0.27880 0.08801 0.07564 0.06939 0.06495 0.06112 0.05750 0.05404 0.05141 0.08112 0.11802 ( 1)  0.645 +-  1.041
   5 Y   0.27943 0.08820 0.07578 0.06949 0.06501 0.06115 0.05750 0.05402 0.05137 0.08106 0.11700 ( 1)  0.640 +-  1.029
   6 P   0.27437 0.08668 0.07470 0.06872 0.06450 0.06088 0.05744 0.05413 0.05163 0.08151 0.12545 ( 1)  0.679 +-  1.126
   7 C   0.27912 0.08810 0.07571 0.06944 0.06498 0.06114 0.05751 0.05404 0.05140 0.08110 0.11746 ( 1)  0.642 +-  1.033
   8 L   0.27976 0.08830 0.07585 0.06953 0.06503 0.06116 0.05749 0.05400 0.05133 0.08100 0.11656 ( 1)  0.638 +-  1.026
   9 S   0.27598 0.08716 0.07504 0.06897 0.06467 0.06097 0.05747 0.05411 0.05156 0.08139 0.12268 ( 1)  0.666 +-  1.094
  10 L   0.27476 0.08680 0.07478 0.06878 0.06454 0.06090 0.05744 0.05412 0.05160 0.08147 0.12481 ( 1)  0.676 +-  1.120
  11 H   0.27882 0.08801 0.07565 0.06940 0.06495 0.06112 0.05750 0.05404 0.05140 0.08112 0.11800 ( 1)  0.645 +-  1.041
  12 G   0.27880 0.08801 0.07564 0.06939 0.06495 0.06112 0.05750 0.05404 0.05141 0.08112 0.11802 ( 1)  0.645 +-  1.041
  13 G   0.28036 0.08848 0.07598 0.06962 0.06509 0.06119 0.05751 0.05399 0.05131 0.08095 0.11551 ( 1)  0.633 +-  1.013
  14 I   0.28151 0.08882 0.07622 0.06979 0.06519 0.06124 0.05750 0.05394 0.05122 0.08081 0.11376 ( 1)  0.626 +-  0.995
  15 D   0.27975 0.08829 0.07585 0.06953 0.06503 0.06116 0.05750 0.05401 0.05134 0.08101 0.11651 ( 1)  0.638 +-  1.024
  16 Q   0.27632 0.08727 0.07512 0.06902 0.06470 0.06099 0.05747 0.05410 0.05154 0.08136 0.12211 ( 1)  0.663 +-  1.087
  17 Y   0.27943 0.08820 0.07578 0.06949 0.06501 0.06115 0.05750 0.05402 0.05137 0.08106 0.11700 ( 1)  0.640 +-  1.029
  18 D   0.28128 0.08876 0.07617 0.06976 0.06517 0.06123 0.05750 0.05395 0.05124 0.08084 0.11411 ( 1)  0.627 +-  0.998
  19 R   0.27791 0.08774 0.07546 0.06926 0.06486 0.06108 0.05749 0.05406 0.05146 0.08121 0.11947 ( 1)  0.651 +-  1.057
  20 D   0.28128 0.08876 0.07617 0.06976 0.06517 0.06123 0.05750 0.05395 0.05124 0.08084 0.11411 ( 1)  0.627 +-  0.998
  21 S   0.27743 0.08760 0.07535 0.06919 0.06482 0.06106 0.05749 0.05408 0.05149 0.08126 0.12024 ( 1)  0.655 +-  1.065
  22 V   0.28067 0.08857 0.07604 0.06966 0.06511 0.06119 0.05749 0.05396 0.05127 0.08088 0.11517 ( 1)  0.632 +-  1.012
  23 I   0.27800 0.08777 0.07547 0.06927 0.06487 0.06108 0.05750 0.05406 0.05146 0.08121 0.11931 ( 1)  0.650 +-  1.055
  24 T   0.27722 0.08753 0.07531 0.06916 0.06479 0.06104 0.05749 0.05408 0.05150 0.08128 0.12059 ( 1)  0.656 +-  1.069
  25 D   0.28128 0.08876 0.07617 0.06976 0.06517 0.06123 0.05750 0.05395 0.05124 0.08084 0.11411 ( 1)  0.627 +-  0.998
  26 F   0.28076 0.08860 0.07606 0.06968 0.06513 0.06121 0.05751 0.05398 0.05128 0.08091 0.11488 ( 1)  0.630 +-  1.006
  27 K   0.27848 0.08791 0.07558 0.06935 0.06492 0.06111 0.05750 0.05405 0.05143 0.08116 0.11852 ( 1)  0.647 +-  1.046
  28 R   0.27932 0.08816 0.07575 0.06947 0.06500 0.06115 0.05751 0.05402 0.05138 0.08107 0.11717 ( 1)  0.641 +-  1.031
  29 G   0.27459 0.08675 0.07475 0.06875 0.06452 0.06089 0.05744 0.05412 0.05162 0.08149 0.12508 ( 1)  0.678 +-  1.122
  30 N   0.27957 0.08824 0.07581 0.06951 0.06502 0.06116 0.05751 0.05402 0.05136 0.08104 0.11677 ( 1)  0.639 +-  1.027
  31 I   0.27988 0.08833 0.07587 0.06955 0.06505 0.06117 0.05750 0.05400 0.05134 0.08100 0.11631 ( 1)  0.637 +-  1.022
  32 R   0.27932 0.08816 0.07575 0.06947 0.06500 0.06115 0.05751 0.05402 0.05138 0.08107 0.11717 ( 1)  0.641 +-  1.031
  33 L   0.27476 0.08680 0.07478 0.06878 0.06454 0.06090 0.05744 0.05412 0.05160 0.08147 0.12481 ( 1)  0.676 +-  1.120
  34 L   0.27830 0.08786 0.07554 0.06931 0.06489 0.06109 0.05749 0.05404 0.05143 0.08116 0.11890 ( 1)  0.649 +-  1.052
  35 I   0.28151 0.08882 0.07622 0.06979 0.06519 0.06124 0.05750 0.05394 0.05122 0.08081 0.11376 ( 1)  0.626 +-  0.995
  36 A   0.28062 0.08856 0.07603 0.06967 0.06512 0.06121 0.05751 0.05399 0.05130 0.08093 0.11506 ( 1)  0.631 +-  1.007
  37 T   0.27990 0.08834 0.07588 0.06956 0.06506 0.06118 0.05752 0.05401 0.05135 0.08102 0.11619 ( 1)  0.636 +-  1.019
  38 S   0.27598 0.08716 0.07504 0.06897 0.06467 0.06097 0.05747 0.05411 0.05156 0.08139 0.12268 ( 1)  0.666 +-  1.094
  39 V   0.27783 0.08772 0.07544 0.06924 0.06485 0.06106 0.05748 0.05405 0.05145 0.08120 0.11967 ( 1)  0.652 +-  1.061
  40 A   0.27901 0.08807 0.07569 0.06943 0.06497 0.06114 0.05751 0.05404 0.05140 0.08111 0.11765 ( 1)  0.643 +-  1.036
  41 A   0.27834 0.08787 0.07555 0.06932 0.06490 0.06110 0.05749 0.05405 0.05143 0.08116 0.11879 ( 1)  0.648 +-  1.050
  42 R   0.27791 0.08774 0.07546 0.06926 0.06486 0.06108 0.05749 0.05406 0.05146 0.08121 0.11947 ( 1)  0.651 +-  1.057
  43 G   0.27880 0.08801 0.07564 0.06939 0.06495 0.06112 0.05750 0.05404 0.05141 0.08112 0.11802 ( 1)  0.645 +-  1.041
  44 L   0.27976 0.08830 0.07585 0.06953 0.06503 0.06116 0.05749 0.05400 0.05133 0.08100 0.11656 ( 1)  0.638 +-  1.026
  45 D   0.27975 0.08829 0.07585 0.06953 0.06503 0.06116 0.05750 0.05401 0.05134 0.08101 0.11651 ( 1)  0.638 +-  1.024
  46 V   0.27783 0.08772 0.07544 0.06924 0.06485 0.06106 0.05748 0.05405 0.05145 0.08120 0.11967 ( 1)  0.652 +-  1.061
  47 L   0.27513 0.08691 0.07486 0.06884 0.06458 0.06092 0.05745 0.05412 0.05159 0.08145 0.12415 ( 1)  0.673 +-  1.111
  48 D   0.27975 0.08829 0.07585 0.06953 0.06503 0.06116 0.05750 0.05401 0.05134 0.08101 0.11651 ( 1)  0.638 +-  1.024
  49 L   0.27976 0.08830 0.07585 0.06953 0.06503 0.06116 0.05749 0.05400 0.05133 0.08100 0.11656 ( 1)  0.638 +-  1.026
  50 V   0.28067 0.08857 0.07604 0.06966 0.06511 0.06119 0.05749 0.05396 0.05127 0.08088 0.11517 ( 1)  0.632 +-  1.012
  51 L   0.27476 0.08680 0.07478 0.06878 0.06454 0.06090 0.05744 0.05412 0.05160 0.08147 0.12481 ( 1)  0.676 +-  1.120
  52 V   0.27494 0.08685 0.07482 0.06880 0.06456 0.06091 0.05744 0.05412 0.05160 0.08146 0.12449 ( 1)  0.675 +-  1.116
  53 V   0.27783 0.08772 0.07544 0.06924 0.06485 0.06106 0.05748 0.05405 0.05145 0.08120 0.11967 ( 1)  0.652 +-  1.061
  54 N   0.28111 0.08870 0.07613 0.06974 0.06516 0.06123 0.05751 0.05396 0.05126 0.08087 0.11432 ( 1)  0.628 +-  0.999
  55 Y   0.27801 0.08777 0.07548 0.06928 0.06487 0.06108 0.05749 0.05406 0.05145 0.08120 0.11931 ( 1)  0.650 +-  1.055
  56 D   0.28128 0.08876 0.07617 0.06976 0.06517 0.06123 0.05750 0.05395 0.05124 0.08084 0.11411 ( 1)  0.627 +-  0.998
  57 C   0.27834 0.08787 0.07554 0.06932 0.06490 0.06109 0.05749 0.05404 0.05142 0.08115 0.11884 ( 1)  0.649 +-  1.052
  58 P   0.27950 0.08822 0.07579 0.06950 0.06502 0.06116 0.05751 0.05402 0.05137 0.08106 0.11685 ( 1)  0.639 +-  1.027
  59 N   0.28111 0.08870 0.07613 0.06974 0.06516 0.06123 0.05751 0.05396 0.05126 0.08087 0.11432 ( 1)  0.628 +-  0.999
  60 H   0.28022 0.08843 0.07594 0.06960 0.06508 0.06119 0.05750 0.05399 0.05132 0.08097 0.11576 ( 1)  0.634 +-  1.016
  61 Y   0.27943 0.08820 0.07578 0.06949 0.06501 0.06115 0.05750 0.05402 0.05137 0.08106 0.11700 ( 1)  0.640 +-  1.029
  62 E   0.27880 0.08801 0.07564 0.06939 0.06495 0.06112 0.05750 0.05404 0.05141 0.08112 0.11803 ( 1)  0.645 +-  1.041
  63 D   0.28128 0.08876 0.07617 0.06976 0.06517 0.06123 0.05750 0.05395 0.05124 0.08084 0.11411 ( 1)  0.627 +-  0.998
  64 Y   0.27943 0.08820 0.07578 0.06949 0.06501 0.06115 0.05750 0.05402 0.05137 0.08106 0.11700 ( 1)  0.640 +-  1.029
  65 V   0.27783 0.08772 0.07544 0.06924 0.06485 0.06106 0.05748 0.05405 0.05145 0.08120 0.11967 ( 1)  0.652 +-  1.061
  66 H   0.27882 0.08801 0.07565 0.06940 0.06495 0.06112 0.05750 0.05404 0.05140 0.08112 0.11800 ( 1)  0.645 +-  1.041
  67 R   0.27791 0.08774 0.07546 0.06926 0.06486 0.06108 0.05749 0.05406 0.05146 0.08121 0.11947 ( 1)  0.651 +-  1.057
  68 C   0.27912 0.08810 0.07571 0.06944 0.06498 0.06114 0.05751 0.05404 0.05140 0.08110 0.11746 ( 1)  0.642 +-  1.033
  69 G   0.27459 0.08675 0.07475 0.06875 0.06452 0.06089 0.05744 0.05412 0.05162 0.08149 0.12508 ( 1)  0.678 +-  1.122
  70 R   0.27645 0.08730 0.07514 0.06904 0.06471 0.06100 0.05747 0.05409 0.05153 0.08134 0.12191 ( 1)  0.663 +-  1.085
  71 T   0.27839 0.08789 0.07556 0.06934 0.06491 0.06111 0.05750 0.05406 0.05144 0.08117 0.11864 ( 1)  0.647 +-  1.047
  72 G   0.28036 0.08848 0.07598 0.06962 0.06509 0.06119 0.05751 0.05399 0.05131 0.08095 0.11551 ( 1)  0.633 +-  1.013
  73 R   0.27645 0.08730 0.07514 0.06904 0.06471 0.06100 0.05747 0.05409 0.05153 0.08134 0.12191 ( 1)  0.663 +-  1.085
  74 A   0.28062 0.08856 0.07603 0.06967 0.06512 0.06121 0.05751 0.05399 0.05130 0.08093 0.11506 ( 1)  0.631 +-  1.007
  75 G   0.27459 0.08675 0.07475 0.06875 0.06452 0.06089 0.05744 0.05412 0.05162 0.08149 0.12508 ( 1)  0.678 +-  1.122
  76 R   0.27791 0.08774 0.07546 0.06926 0.06486 0.06108 0.05749 0.05406 0.05146 0.08121 0.11947 ( 1)  0.651 +-  1.057
  77 K   0.27848 0.08791 0.07558 0.06935 0.06492 0.06111 0.05750 0.05405 0.05143 0.08116 0.11852 ( 1)  0.647 +-  1.046
  78 G   0.27757 0.08764 0.07538 0.06921 0.06483 0.06106 0.05749 0.05407 0.05148 0.08124 0.12004 ( 1)  0.654 +-  1.064
  79 Y   0.27943 0.08820 0.07578 0.06949 0.06501 0.06115 0.05750 0.05402 0.05137 0.08106 0.11700 ( 1)  0.640 +-  1.029
  80 A   0.27486 0.08683 0.07481 0.06879 0.06455 0.06091 0.05745 0.05412 0.05161 0.08148 0.12460 ( 1)  0.675 +-  1.116
  81 H   0.28022 0.08843 0.07594 0.06960 0.06508 0.06119 0.05750 0.05399 0.05132 0.08097 0.11576 ( 1)  0.634 +-  1.016
  82 T   0.27990 0.08834 0.07588 0.06956 0.06506 0.06118 0.05752 0.05401 0.05135 0.08102 0.11619 ( 1)  0.636 +-  1.019
  83 F   0.27927 0.08815 0.07574 0.06946 0.06499 0.06114 0.05751 0.05403 0.05138 0.08107 0.11726 ( 1)  0.641 +-  1.032
  84 I   0.27988 0.08833 0.07587 0.06955 0.06505 0.06117 0.05750 0.05400 0.05134 0.08100 0.11631 ( 1)  0.637 +-  1.022
  85 T   0.27839 0.08789 0.07556 0.06934 0.06491 0.06111 0.05750 0.05406 0.05144 0.08117 0.11864 ( 1)  0.647 +-  1.047
  86 P   0.27950 0.08822 0.07579 0.06950 0.06502 0.06116 0.05751 0.05402 0.05137 0.08106 0.11685 ( 1)  0.639 +-  1.027
  87 D   0.28128 0.08876 0.07617 0.06976 0.06517 0.06123 0.05750 0.05395 0.05124 0.08084 0.11411 ( 1)  0.627 +-  0.998
  88 Q   0.27632 0.08727 0.07512 0.06902 0.06470 0.06099 0.05747 0.05410 0.05154 0.08136 0.12211 ( 1)  0.663 +-  1.087
  89 E   0.27880 0.08801 0.07564 0.06939 0.06495 0.06112 0.05750 0.05404 0.05141 0.08112 0.11803 ( 1)  0.645 +-  1.041
  90 R   0.27778 0.08770 0.07543 0.06924 0.06485 0.06107 0.05750 0.05407 0.05147 0.08123 0.11965 ( 1)  0.652 +-  1.058
  91 N   0.27957 0.08824 0.07581 0.06951 0.06502 0.06116 0.05751 0.05402 0.05136 0.08104 0.11677 ( 1)  0.639 +-  1.027
  92 A   0.27486 0.08683 0.07481 0.06879 0.06455 0.06091 0.05745 0.05412 0.05161 0.08148 0.12460 ( 1)  0.675 +-  1.116
  93 G   0.28036 0.08848 0.07598 0.06962 0.06509 0.06119 0.05751 0.05399 0.05131 0.08095 0.11551 ( 1)  0.633 +-  1.013
  94 D   0.28128 0.08876 0.07617 0.06976 0.06517 0.06123 0.05750 0.05395 0.05124 0.08084 0.11411 ( 1)  0.627 +-  0.998
  95 L   0.27513 0.08691 0.07486 0.06884 0.06458 0.06092 0.05745 0.05412 0.05159 0.08145 0.12415 ( 1)  0.673 +-  1.111
  96 V   0.28067 0.08857 0.07604 0.06966 0.06511 0.06119 0.05749 0.05396 0.05127 0.08088 0.11517 ( 1)  0.632 +-  1.012
  97 K   0.27589 0.08714 0.07503 0.06895 0.06466 0.06097 0.05747 0.05411 0.05156 0.08140 0.12284 ( 1)  0.667 +-  1.095
  98 A   0.27901 0.08807 0.07569 0.06943 0.06497 0.06114 0.05751 0.05404 0.05140 0.08111 0.11765 ( 1)  0.643 +-  1.036
  99 F   0.28076 0.08860 0.07606 0.06968 0.06513 0.06121 0.05751 0.05398 0.05128 0.08091 0.11488 ( 1)  0.630 +-  1.006
 100 S   0.28042 0.08850 0.07599 0.06964 0.06510 0.06120 0.05752 0.05400 0.05131 0.08096 0.11536 ( 1)  0.632 +-  1.010
 101 L   0.27476 0.08680 0.07478 0.06878 0.06454 0.06090 0.05744 0.05412 0.05160 0.08147 0.12481 ( 1)  0.676 +-  1.120
 102 S   0.27894 0.08805 0.07568 0.06942 0.06496 0.06113 0.05751 0.05404 0.05141 0.08112 0.11775 ( 1)  0.643 +-  1.037
 103 G   0.27880 0.08801 0.07564 0.06939 0.06495 0.06112 0.05750 0.05404 0.05141 0.08112 0.11802 ( 1)  0.645 +-  1.041
 104 Q   0.27632 0.08727 0.07512 0.06902 0.06470 0.06099 0.05747 0.05410 0.05154 0.08136 0.12211 ( 1)  0.663 +-  1.087
 105 P   0.27437 0.08668 0.07470 0.06872 0.06450 0.06088 0.05744 0.05413 0.05163 0.08151 0.12545 ( 1)  0.679 +-  1.126
 106 V   0.27783 0.08772 0.07544 0.06924 0.06485 0.06106 0.05748 0.05405 0.05145 0.08120 0.11967 ( 1)  0.652 +-  1.061
 107 P   0.27950 0.08822 0.07579 0.06950 0.06502 0.06116 0.05751 0.05402 0.05137 0.08106 0.11685 ( 1)  0.639 +-  1.027
 108 E   0.27880 0.08801 0.07564 0.06939 0.06495 0.06112 0.05750 0.05404 0.05141 0.08112 0.11803 ( 1)  0.645 +-  1.041
 109 D   0.27975 0.08829 0.07585 0.06953 0.06503 0.06116 0.05750 0.05401 0.05134 0.08101 0.11651 ( 1)  0.638 +-  1.024
 110 I   0.28151 0.08882 0.07622 0.06979 0.06519 0.06124 0.05750 0.05394 0.05122 0.08081 0.11376 ( 1)  0.626 +-  0.995
 111 Y   0.27943 0.08820 0.07578 0.06949 0.06501 0.06115 0.05750 0.05402 0.05137 0.08106 0.11700 ( 1)  0.640 +-  1.029
 112 L   0.27830 0.08786 0.07554 0.06931 0.06489 0.06109 0.05749 0.05404 0.05143 0.08116 0.11890 ( 1)  0.649 +-  1.052
 113 L   0.27830 0.08786 0.07554 0.06931 0.06489 0.06109 0.05749 0.05404 0.05143 0.08116 0.11890 ( 1)  0.649 +-  1.052
 114 Y   0.27801 0.08777 0.07548 0.06928 0.06487 0.06108 0.05749 0.05406 0.05145 0.08120 0.11931 ( 1)  0.650 +-  1.055
 115 E   0.27880 0.08801 0.07564 0.06939 0.06495 0.06112 0.05750 0.05404 0.05141 0.08112 0.11803 ( 1)  0.645 +-  1.041
 116 G   0.28036 0.08848 0.07598 0.06962 0.06509 0.06119 0.05751 0.05399 0.05131 0.08095 0.11551 ( 1)  0.633 +-  1.013
 117 Y   0.27801 0.08777 0.07548 0.06928 0.06487 0.06108 0.05749 0.05406 0.05145 0.08120 0.11931 ( 1)  0.650 +-  1.055
 118 K   0.27848 0.08791 0.07558 0.06935 0.06492 0.06111 0.05750 0.05405 0.05143 0.08116 0.11852 ( 1)  0.647 +-  1.046
 119 E   0.27880 0.08801 0.07564 0.06939 0.06495 0.06112 0.05750 0.05404 0.05141 0.08112 0.11803 ( 1)  0.645 +-  1.041
 120 R   0.27932 0.08816 0.07575 0.06947 0.06500 0.06115 0.05751 0.05402 0.05138 0.08107 0.11717 ( 1)  0.641 +-  1.031
 121 M   0.28110 0.08870 0.07613 0.06974 0.06517 0.06123 0.05751 0.05397 0.05127 0.08088 0.11431 ( 1)  0.628 +-  0.998
 122 M   0.28110 0.08870 0.07613 0.06974 0.06517 0.06123 0.05751 0.05397 0.05127 0.08088 0.11431 ( 1)  0.628 +-  0.998
 123 M   0.28110 0.08870 0.07613 0.06974 0.06517 0.06123 0.05751 0.05397 0.05127 0.08088 0.11431 ( 1)  0.628 +-  0.998
 124 V   0.27783 0.08772 0.07544 0.06924 0.06485 0.06106 0.05748 0.05405 0.05145 0.08120 0.11967 ( 1)  0.652 +-  1.061
 125 S   0.27894 0.08805 0.07568 0.06942 0.06496 0.06113 0.05751 0.05404 0.05141 0.08112 0.11775 ( 1)  0.643 +-  1.037
 126 R   0.27791 0.08774 0.07546 0.06926 0.06486 0.06108 0.05749 0.05406 0.05146 0.08121 0.11947 ( 1)  0.651 +-  1.057
 127 I   0.28151 0.08882 0.07622 0.06979 0.06519 0.06124 0.05750 0.05394 0.05122 0.08081 0.11376 ( 1)  0.626 +-  0.995
 128 N   0.28111 0.08870 0.07613 0.06974 0.06516 0.06123 0.05751 0.05396 0.05126 0.08087 0.11432 ( 1)  0.628 +-  0.999
 129 S   0.27875 0.08799 0.07564 0.06939 0.06495 0.06113 0.05751 0.05405 0.05142 0.08114 0.11804 ( 1)  0.644 +-  1.040
 130 R   0.27791 0.08774 0.07546 0.06926 0.06486 0.06108 0.05749 0.05406 0.05146 0.08121 0.11947 ( 1)  0.651 +-  1.057
 131 L   0.27830 0.08786 0.07554 0.06931 0.06489 0.06109 0.05749 0.05404 0.05143 0.08116 0.11890 ( 1)  0.649 +-  1.052
 132 I   0.27988 0.08833 0.07587 0.06955 0.06505 0.06117 0.05750 0.05400 0.05134 0.08100 0.11631 ( 1)  0.637 +-  1.022
 133 L   0.27513 0.08691 0.07486 0.06884 0.06458 0.06092 0.05745 0.05412 0.05159 0.08145 0.12415 ( 1)  0.673 +-  1.111
 134 L   0.27476 0.08680 0.07478 0.06878 0.06454 0.06090 0.05744 0.05412 0.05160 0.08147 0.12481 ( 1)  0.676 +-  1.120
 135 H   0.27882 0.08801 0.07565 0.06940 0.06495 0.06112 0.05750 0.05404 0.05140 0.08112 0.11800 ( 1)  0.645 +-  1.041
 136 L   0.27310 0.08631 0.07442 0.06850 0.06434 0.06076 0.05737 0.05410 0.05163 0.08154 0.12793 ( 1)  0.693 +-  1.161
 137 E   0.27622 0.08724 0.07510 0.06900 0.06469 0.06099 0.05747 0.05410 0.05155 0.08137 0.12227 ( 1)  0.664 +-  1.089
 138 L   0.27976 0.08830 0.07585 0.06953 0.06503 0.06116 0.05749 0.05400 0.05133 0.08100 0.11656 ( 1)  0.638 +-  1.026
 139 G   0.02796 0.02282 0.03146 0.03933 0.04634 0.05232 0.05713 0.06073 0.06372 0.10134 0.49686 (11)  2.484 +-  2.774
 140 P   0.27437 0.08668 0.07470 0.06872 0.06450 0.06088 0.05744 0.05413 0.05163 0.08151 0.12545 ( 1)  0.679 +-  1.126
 141 F   0.03075 0.02457 0.03363 0.04181 0.04899 0.05504 0.05982 0.06328 0.06609 0.10439 0.47163 (11)  2.335 +-  2.681
 142 L   0.27976 0.08830 0.07585 0.06953 0.06503 0.06116 0.05749 0.05400 0.05133 0.08100 0.11656 ( 1)  0.638 +-  1.026
 143 F   0.27927 0.08815 0.07574 0.06946 0.06499 0.06114 0.05751 0.05403 0.05138 0.08107 0.11726 ( 1)  0.641 +-  1.032
 144 V   0.27908 0.08809 0.07570 0.06943 0.06496 0.06112 0.05749 0.05401 0.05137 0.08107 0.11767 ( 1)  0.643 +-  1.039
 145 L   0.27372 0.08649 0.07456 0.06862 0.06443 0.06083 0.05742 0.05414 0.05165 0.08156 0.12659 ( 1)  0.685 +-  1.140
 146 V   0.27494 0.08685 0.07482 0.06880 0.06456 0.06091 0.05744 0.05412 0.05160 0.08146 0.12449 ( 1)  0.675 +-  1.116
 147 L   0.27976 0.08830 0.07585 0.06953 0.06503 0.06116 0.05749 0.05400 0.05133 0.08100 0.11656 ( 1)  0.638 +-  1.026
 148 R   0.27323 0.08634 0.07445 0.06854 0.06437 0.06080 0.05741 0.05414 0.05167 0.08159 0.12746 ( 1)  0.689 +-  1.150
 149 F   0.27927 0.08815 0.07574 0.06946 0.06499 0.06114 0.05751 0.05403 0.05138 0.08107 0.11726 ( 1)  0.641 +-  1.032
 150 Y   0.27801 0.08777 0.07548 0.06928 0.06487 0.06108 0.05749 0.05406 0.05145 0.08120 0.11931 ( 1)  0.650 +-  1.055
 151 S   0.27598 0.08716 0.07504 0.06897 0.06467 0.06097 0.05747 0.05411 0.05156 0.08139 0.12268 ( 1)  0.666 +-  1.094
 152 I   0.28151 0.08882 0.07622 0.06979 0.06519 0.06124 0.05750 0.05394 0.05122 0.08081 0.11376 ( 1)  0.626 +-  0.995
 153 T   0.02877 0.02334 0.03210 0.04007 0.04713 0.05314 0.05794 0.06150 0.06444 0.10228 0.48930 (11)  2.439 +-  2.747
 154 T   0.27454 0.08674 0.07474 0.06875 0.06452 0.06089 0.05744 0.05413 0.05162 0.08150 0.12515 ( 1)  0.678 +-  1.123
 155 S   0.28042 0.08850 0.07599 0.06964 0.06510 0.06120 0.05752 0.05400 0.05131 0.08096 0.11536 ( 1)  0.632 +-  1.010
 156 K   0.27589 0.08714 0.07503 0.06895 0.06466 0.06097 0.05747 0.05411 0.05156 0.08140 0.12284 ( 1)  0.667 +-  1.095
 157 K   0.27589 0.08714 0.07503 0.06895 0.06466 0.06097 0.05747 0.05411 0.05156 0.08140 0.12284 ( 1)  0.667 +-  1.095
 158 W   0.27521 0.08693 0.07488 0.06885 0.06459 0.06093 0.05745 0.05412 0.05159 0.08145 0.12400 ( 1)  0.672 +-  1.109
 159 P   0.27437 0.08668 0.07470 0.06872 0.06450 0.06088 0.05744 0.05413 0.05163 0.08151 0.12545 ( 1)  0.679 +-  1.126
 160 L   0.27830 0.08786 0.07554 0.06931 0.06489 0.06109 0.05749 0.05404 0.05143 0.08116 0.11890 ( 1)  0.649 +-  1.052
 161 S   0.27743 0.08760 0.07535 0.06919 0.06482 0.06106 0.05749 0.05408 0.05149 0.08126 0.12024 ( 1)  0.655 +-  1.065
 162 F   0.27927 0.08815 0.07574 0.06946 0.06499 0.06114 0.05751 0.05403 0.05138 0.08107 0.11726 ( 1)  0.641 +-  1.032
 163 G   0.28036 0.08848 0.07598 0.06962 0.06509 0.06119 0.05751 0.05399 0.05131 0.08095 0.11551 ( 1)  0.633 +-  1.013
 164 V   0.27908 0.08809 0.07570 0.06943 0.06496 0.06112 0.05749 0.05401 0.05137 0.08107 0.11767 ( 1)  0.643 +-  1.039
 165 T   0.27722 0.08753 0.07531 0.06916 0.06479 0.06104 0.05749 0.05408 0.05150 0.08128 0.12059 ( 1)  0.656 +-  1.069
 166 I   0.28151 0.08882 0.07622 0.06979 0.06519 0.06124 0.05750 0.05394 0.05122 0.08081 0.11376 ( 1)  0.626 +-  0.995
 167 K   0.02738 0.02245 0.03099 0.03880 0.04576 0.05173 0.05654 0.06016 0.06319 0.10065 0.50236 (11)  2.516 +-  2.793
 168 N   0.27957 0.08824 0.07581 0.06951 0.06502 0.06116 0.05751 0.05402 0.05136 0.08104 0.11677 ( 1)  0.639 +-  1.027
 169 A   0.27775 0.08769 0.07542 0.06924 0.06485 0.06107 0.05749 0.05407 0.05147 0.08123 0.11972 ( 1)  0.652 +-  1.060
 170 F   0.28076 0.08860 0.07606 0.06968 0.06513 0.06121 0.05751 0.05398 0.05128 0.08091 0.11488 ( 1)  0.630 +-  1.006
 171 F   0.27927 0.08815 0.07574 0.06946 0.06499 0.06114 0.05751 0.05403 0.05138 0.08107 0.11726 ( 1)  0.641 +-  1.032

Positively selected sites

	Prob(w>1)  mean w

   167 K      0.502         2.516 +- 2.793

