Supplemental results for CODEML (seqf: algn  treef: tree)


dN/dS (w) for site classes (K=2)

p:   0.99999  0.00001
w:   0.43652  1.00000

Naive Empirical Bayes (NEB) probabilities for 2 classes & postmean_w
(amino acids refer to 1st sequence: Msl.3340)

   1 M   0.99999 0.00001 ( 1)  0.437
   2 S   0.99999 0.00001 ( 1)  0.437
   3 V   0.99999 0.00001 ( 1)  0.437
   4 Y   0.99999 0.00001 ( 1)  0.437
   5 S   0.99999 0.00001 ( 1)  0.437
   6 M   0.99999 0.00001 ( 1)  0.437
   7 D   0.99999 0.00001 ( 1)  0.437
   8 S   0.99999 0.00001 ( 1)  0.437
   9 N   0.99999 0.00001 ( 1)  0.437
  10 D   0.99999 0.00001 ( 1)  0.437
  11 S   0.99999 0.00001 ( 1)  0.437
  12 D   0.99999 0.00001 ( 1)  0.437
  13 S   0.99999 0.00001 ( 1)  0.437
  14 S   0.99999 0.00001 ( 1)  0.437
  15 I   0.99999 0.00001 ( 1)  0.437
  16 L   0.99999 0.00001 ( 1)  0.437
  17 S   0.99999 0.00001 ( 1)  0.437
  18 S   0.99999 0.00001 ( 1)  0.437
  19 A   0.99999 0.00001 ( 1)  0.437
  20 T   0.99999 0.00001 ( 1)  0.437
  21 L   0.99999 0.00001 ( 1)  0.437
  22 P   0.99999 0.00001 ( 1)  0.437
  23 D   0.99999 0.00001 ( 1)  0.437
  24 L   0.99999 0.00001 ( 1)  0.437
  25 D   0.99999 0.00001 ( 1)  0.437
  26 Q   0.99999 0.00001 ( 1)  0.437
  27 A   0.99999 0.00001 ( 1)  0.437
  28 S   0.99999 0.00001 ( 1)  0.437
  29 P   0.99999 0.00001 ( 1)  0.437
  30 L   0.99999 0.00001 ( 1)  0.437
  31 Q   0.99999 0.00001 ( 1)  0.437
  32 E   0.99999 0.00001 ( 1)  0.437
  33 R   0.99999 0.00001 ( 1)  0.437
  34 Q   0.99999 0.00001 ( 1)  0.437
  35 L   0.99999 0.00001 ( 1)  0.437
  36 N   0.99999 0.00001 ( 1)  0.437
  37 G   0.99999 0.00001 ( 1)  0.437
  38 S   0.99999 0.00001 ( 1)  0.437
  39 H   0.99999 0.00001 ( 1)  0.437
  40 V   0.99999 0.00001 ( 1)  0.437
  41 A   0.99999 0.00001 ( 1)  0.437
  42 K   0.99999 0.00001 ( 1)  0.437
  43 A   0.99999 0.00001 ( 1)  0.437
  44 C   0.99999 0.00001 ( 1)  0.437
  45 F   0.99999 0.00001 ( 1)  0.437
  46 K   0.99999 0.00001 ( 1)  0.437
  47 C   0.99999 0.00001 ( 1)  0.437
  48 R   0.99999 0.00001 ( 1)  0.437
  49 P   0.99999 0.00001 ( 1)  0.437
  50 Q   0.99999 0.00001 ( 1)  0.437
  51 S   0.99999 0.00001 ( 1)  0.437
  52 H   0.99999 0.00001 ( 1)  0.437
  53 P   0.99999 0.00001 ( 1)  0.437
  54 F   0.99999 0.00001 ( 1)  0.437
  55 S   0.99999 0.00001 ( 1)  0.437
  56 E   0.99999 0.00001 ( 1)  0.437
  57 R   0.99999 0.00001 ( 1)  0.437
  58 Q   0.99999 0.00001 ( 1)  0.437
  59 V   0.99999 0.00001 ( 1)  0.437
  60 P   0.99999 0.00001 ( 1)  0.437
  61 V   0.99999 0.00001 ( 1)  0.437
  62 V   0.99999 0.00001 ( 1)  0.437
  63 E   0.99999 0.00001 ( 1)  0.437
  64 L   0.99999 0.00001 ( 1)  0.437
  65 I   0.99999 0.00001 ( 1)  0.437
  66 K   0.99999 0.00001 ( 1)  0.437
  67 I   0.99999 0.00001 ( 1)  0.437
  68 G   0.99999 0.00001 ( 1)  0.437
  69 R   0.99999 0.00001 ( 1)  0.437
  70 S   0.99999 0.00001 ( 1)  0.437
  71 V   0.99999 0.00001 ( 1)  0.437
  72 A   0.99999 0.00001 ( 1)  0.437
  73 K   0.99999 0.00001 ( 1)  0.437
  74 S   0.99999 0.00001 ( 1)  0.437
  75 K   0.99999 0.00001 ( 1)  0.437
  76 P   0.99999 0.00001 ( 1)  0.437
  77 D   0.99999 0.00001 ( 1)  0.437
  78 A   0.99999 0.00001 ( 1)  0.437
  79 G   0.99999 0.00001 ( 1)  0.437
  80 N   0.99999 0.00001 ( 1)  0.437
  81 A   0.99999 0.00001 ( 1)  0.437
  82 I   0.99999 0.00001 ( 1)  0.437
  83 F   0.99999 0.00001 ( 1)  0.437
  84 D   0.99999 0.00001 ( 1)  0.437
  85 C   0.99999 0.00001 ( 1)  0.437
  86 K   0.99999 0.00001 ( 1)  0.437
  87 V   0.99999 0.00001 ( 1)  0.437
  88 L   0.99999 0.00001 ( 1)  0.437
  89 S   0.99999 0.00001 ( 1)  0.437
  90 R   0.99999 0.00001 ( 1)  0.437
  91 N   0.99999 0.00001 ( 1)  0.437
  92 H   0.99999 0.00001 ( 1)  0.437
  93 A   0.99999 0.00001 ( 1)  0.437
  94 V   0.99999 0.00001 ( 1)  0.437
  95 L   0.99999 0.00001 ( 1)  0.437
  96 W   0.99999 0.00001 ( 1)  0.437
  97 Y   0.99999 0.00001 ( 1)  0.437
  98 E   0.99999 0.00001 ( 1)  0.437
  99 D   0.99999 0.00001 ( 1)  0.437
 100 G   0.99999 0.00001 ( 1)  0.437
 101 K   0.99999 0.00001 ( 1)  0.437
 102 F   0.99999 0.00001 ( 1)  0.437
 103 W   0.99999 0.00001 ( 1)  0.437
 104 L   0.99999 0.00001 ( 1)  0.437
 105 K   0.99999 0.00001 ( 1)  0.437
 106 D   0.99999 0.00001 ( 1)  0.437
 107 T   0.99999 0.00001 ( 1)  0.437
 108 K   0.99999 0.00001 ( 1)  0.437
 109 S   0.99999 0.00001 ( 1)  0.437
 110 S   0.99999 0.00001 ( 1)  0.437
 111 N   0.99999 0.00001 ( 1)  0.437
 112 G   0.99999 0.00001 ( 1)  0.437
 113 T   0.99999 0.00001 ( 1)  0.437
 114 F   0.99999 0.00001 ( 1)  0.437
 115 V   0.99999 0.00001 ( 1)  0.437
 116 N   0.99999 0.00001 ( 1)  0.437
 117 N   0.99999 0.00001 ( 1)  0.437
 118 Q   0.99999 0.00001 ( 1)  0.437
 119 R   0.99999 0.00001 ( 1)  0.437
 120 L   0.99999 0.00001 ( 1)  0.437
 121 G   0.99999 0.00001 ( 1)  0.437
 122 K   0.99999 0.00001 ( 1)  0.437
 123 G   0.99999 0.00001 ( 1)  0.437
 124 N   0.99999 0.00001 ( 1)  0.437
 125 E   0.99999 0.00001 ( 1)  0.437
 126 E   0.99999 0.00001 ( 1)  0.437
 127 S   0.99999 0.00001 ( 1)  0.437
 128 A   0.99999 0.00001 ( 1)  0.437
 129 P   0.99999 0.00001 ( 1)  0.437
 130 R   0.99999 0.00001 ( 1)  0.437
 131 E   0.99999 0.00001 ( 1)  0.437
 132 L   0.99999 0.00001 ( 1)  0.437
 133 Y   0.99999 0.00001 ( 1)  0.437
 134 S   0.99999 0.00001 ( 1)  0.437
 135 G   0.99999 0.00001 ( 1)  0.437
 136 D   0.99999 0.00001 ( 1)  0.437
 137 I   0.99999 0.00001 ( 1)  0.437
 138 V   0.99999 0.00001 ( 1)  0.437
 139 Q   0.99999 0.00001 ( 1)  0.437
 140 L   0.99999 0.00001 ( 1)  0.437
 141 G   0.99999 0.00001 ( 1)  0.437
 142 V   0.99999 0.00001 ( 1)  0.437
 143 D   0.99999 0.00001 ( 1)  0.437
 144 V   0.99999 0.00001 ( 1)  0.437
 145 M   0.99999 0.00001 ( 1)  0.437
 146 E   0.99999 0.00001 ( 1)  0.437
 147 N   0.99999 0.00001 ( 1)  0.437
 148 T   0.99999 0.00001 ( 1)  0.437
 149 K   0.99999 0.00001 ( 1)  0.437
 150 K   0.99999 0.00001 ( 1)  0.437
 151 V   0.99999 0.00001 ( 1)  0.437
 152 T   0.99999 0.00001 ( 1)  0.437
 153 H   0.99999 0.00001 ( 1)  0.437
 154 G   0.99999 0.00001 ( 1)  0.437
 155 C   0.99999 0.00001 ( 1)  0.437
 156 I   0.99999 0.00001 ( 1)  0.437
 157 I   0.99999 0.00001 ( 1)  0.437
 158 A   0.99999 0.00001 ( 1)  0.437
 159 Q   0.99999 0.00001 ( 1)  0.437
 160 V   0.99999 0.00001 ( 1)  0.437
 161 T   0.99999 0.00001 ( 1)  0.437
 162 L   0.99999 0.00001 ( 1)  0.437
 163 F   0.99999 0.00001 ( 1)  0.437
 164 H   0.99999 0.00001 ( 1)  0.437
 165 P   0.99999 0.00001 ( 1)  0.437
 166 D   0.99999 0.00001 ( 1)  0.437
 167 G   0.99999 0.00001 ( 1)  0.437
 168 S   0.99999 0.00001 ( 1)  0.437
 169 E   0.99999 0.00001 ( 1)  0.437
 170 A   0.99999 0.00001 ( 1)  0.437
 171 R   0.99999 0.00001 ( 1)  0.437
 172 R   0.99999 0.00001 ( 1)  0.437
 173 P   0.99999 0.00001 ( 1)  0.437
 174 P   0.99999 0.00001 ( 1)  0.437
 175 T   0.99999 0.00001 ( 1)  0.437
 176 S   0.99999 0.00001 ( 1)  0.437
 177 A   0.99999 0.00001 ( 1)  0.437
 178 M   0.99999 0.00001 ( 1)  0.437
 179 T   0.99999 0.00001 ( 1)  0.437
 180 T   0.99998 0.00002 ( 1)  0.437
 181 A   0.99999 0.00001 ( 1)  0.437
 182 S   0.99998 0.00002 ( 1)  0.437
 183 G   0.99999 0.00001 ( 1)  0.437
 184 S   0.99999 0.00001 ( 1)  0.437
 185 G   0.99999 0.00001 ( 1)  0.437
 186 G   0.99999 0.00001 ( 1)  0.437
 187 E   0.99999 0.00001 ( 1)  0.437
 188 G   0.99999 0.00001 ( 1)  0.437
 189 S   0.99999 0.00001 ( 1)  0.437
 190 S   0.99999 0.00001 ( 1)  0.437
 191 G   0.99999 0.00001 ( 1)  0.437
 192 G   0.99999 0.00001 ( 1)  0.437
 193 P   0.99999 0.00001 ( 1)  0.437
 194 G   0.99999 0.00001 ( 1)  0.437
 195 G   0.99999 0.00001 ( 1)  0.437
 196 P   0.99999 0.00001 ( 1)  0.437
 197 A   0.99999 0.00001 ( 1)  0.437
 198 S   0.99999 0.00001 ( 1)  0.437
 199 A   0.99999 0.00001 ( 1)  0.437
 200 Q   0.99999 0.00001 ( 1)  0.437
 201 A   0.99999 0.00001 ( 1)  0.437
 202 N   0.99999 0.00001 ( 1)  0.437
 203 S   0.99999 0.00001 ( 1)  0.437
 204 V   0.99999 0.00001 ( 1)  0.437
 205 N   0.99999 0.00001 ( 1)  0.437
 206 Q   0.99999 0.00001 ( 1)  0.437
 207 E   0.99999 0.00001 ( 1)  0.437
 208 Q   0.99999 0.00001 ( 1)  0.437
 209 L   0.99999 0.00001 ( 1)  0.437
 210 Y   0.99999 0.00001 ( 1)  0.437
 211 Q   0.99999 0.00001 ( 1)  0.437
 212 L   0.99999 0.00001 ( 1)  0.437
 213 S   0.99999 0.00001 ( 1)  0.437
 214 Q   0.99999 0.00001 ( 1)  0.437
 215 Y   0.99999 0.00001 ( 1)  0.437
 216 L   0.99999 0.00001 ( 1)  0.437
 217 Q   0.99999 0.00001 ( 1)  0.437
 218 E   0.99999 0.00001 ( 1)  0.437
 219 A   0.99999 0.00001 ( 1)  0.437
 220 L   0.99999 0.00001 ( 1)  0.437
 221 H   0.99999 0.00001 ( 1)  0.437
 222 R   0.99999 0.00001 ( 1)  0.437
 223 E   0.99999 0.00001 ( 1)  0.437
 224 N   0.99999 0.00001 ( 1)  0.437
 225 T   0.99999 0.00001 ( 1)  0.437
 226 I   0.99999 0.00001 ( 1)  0.437
 227 G   0.99999 0.00001 ( 1)  0.437
 228 A   0.99999 0.00001 ( 1)  0.437
 229 K   0.99999 0.00001 ( 1)  0.437
 230 L   0.99999 0.00001 ( 1)  0.437
 231 D   0.99999 0.00001 ( 1)  0.437
 232 K   0.99999 0.00001 ( 1)  0.437
 233 F   0.99999 0.00001 ( 1)  0.437
 234 C   0.99998 0.00002 ( 1)  0.437
 235 E   0.99999 0.00001 ( 1)  0.437
 236 L   0.99999 0.00001 ( 1)  0.437
 237 L   0.99999 0.00001 ( 1)  0.437
 238 D   0.99999 0.00001 ( 1)  0.437
 239 C   0.99998 0.00002 ( 1)  0.437
 240 V   0.99999 0.00001 ( 1)  0.437
 241 G   0.99999 0.00001 ( 1)  0.437
 242 A   0.99999 0.00001 ( 1)  0.437
 243 L   0.99999 0.00001 ( 1)  0.437
 244 G   0.99999 0.00001 ( 1)  0.437
 245 D   0.99999 0.00001 ( 1)  0.437
 246 A   0.99999 0.00001 ( 1)  0.437
 247 S   0.99999 0.00001 ( 1)  0.437
 248 W   0.99999 0.00001 ( 1)  0.437
 249 S   0.99999 0.00001 ( 1)  0.437
 250 A   0.99999 0.00001 ( 1)  0.437
 251 V   0.99999 0.00001 ( 1)  0.437
 252 L   0.99999 0.00001 ( 1)  0.437
 253 N   0.99999 0.00001 ( 1)  0.437
 254 E   0.99999 0.00001 ( 1)  0.437
 255 E   0.99999 0.00001 ( 1)  0.437
 256 R   0.99999 0.00001 ( 1)  0.437
 257 L   0.99999 0.00001 ( 1)  0.437
 258 L   0.99999 0.00001 ( 1)  0.437
 259 A   0.99999 0.00001 ( 1)  0.437
 260 R   0.99999 0.00001 ( 1)  0.437
 261 L   0.99999 0.00001 ( 1)  0.437
 262 E   0.99999 0.00001 ( 1)  0.437
 263 L   0.99999 0.00001 ( 1)  0.437
 264 L   0.99999 0.00001 ( 1)  0.437
 265 E   0.99999 0.00001 ( 1)  0.437
 266 N   0.99999 0.00001 ( 1)  0.437
 267 Q   0.99999 0.00001 ( 1)  0.437
 268 L   0.99999 0.00001 ( 1)  0.437
 269 A   0.99999 0.00001 ( 1)  0.437
 270 L   0.99999 0.00001 ( 1)  0.437
 271 A   0.99999 0.00001 ( 1)  0.437
 272 R   0.99999 0.00001 ( 1)  0.437
 273 S   0.99999 0.00001 ( 1)  0.437
 274 N   0.99999 0.00001 ( 1)  0.437
 275 S   0.99999 0.00001 ( 1)  0.437
 276 G   0.99999 0.00001 ( 1)  0.437
 277 V   0.99999 0.00001 ( 1)  0.437
 278 G   0.99999 0.00001 ( 1)  0.437
 279 G   0.99999 0.00001 ( 1)  0.437
 280 G   0.99999 0.00001 ( 1)  0.437
 281 N   0.99999 0.00001 ( 1)  0.437
 282 D   0.99999 0.00001 ( 1)  0.437
 283 G   0.99999 0.00001 ( 1)  0.437
 284 V   0.99999 0.00001 ( 1)  0.437
 285 R   0.99999 0.00001 ( 1)  0.437
 286 D   0.99999 0.00001 ( 1)  0.437
 287 C   0.99999 0.00001 ( 1)  0.437
 288 L   0.99999 0.00001 ( 1)  0.437
 289 Q   0.99999 0.00001 ( 1)  0.437
 290 E   0.99999 0.00001 ( 1)  0.437
 291 A   0.99999 0.00001 ( 1)  0.437
 292 V   0.99999 0.00001 ( 1)  0.437
 293 E   0.99999 0.00001 ( 1)  0.437
 294 R   0.99999 0.00001 ( 1)  0.437
 295 Q   0.99999 0.00001 ( 1)  0.437
 296 A   0.99999 0.00001 ( 1)  0.437
 297 K   0.99999 0.00001 ( 1)  0.437
 298 A   0.99999 0.00001 ( 1)  0.437
 299 E   0.99999 0.00001 ( 1)  0.437
 300 E   0.99999 0.00001 ( 1)  0.437
 301 A   0.99999 0.00001 ( 1)  0.437
 302 L   0.99999 0.00001 ( 1)  0.437
 303 K   0.99999 0.00001 ( 1)  0.437
 304 A   0.99999 0.00001 ( 1)  0.437
 305 R   0.99999 0.00001 ( 1)  0.437
 306 L   0.99999 0.00001 ( 1)  0.437
 307 D   0.99999 0.00001 ( 1)  0.437
 308 A   0.99999 0.00001 ( 1)  0.437
 309 C   0.99999 0.00001 ( 1)  0.437
 310 L   0.99999 0.00001 ( 1)  0.437
 311 A   0.99999 0.00001 ( 1)  0.437
 312 E   0.99999 0.00001 ( 1)  0.437
 313 R   0.99999 0.00001 ( 1)  0.437
 314 G   0.99999 0.00001 ( 1)  0.437
 315 Q   0.99999 0.00001 ( 1)  0.437
 316 A   0.99999 0.00001 ( 1)  0.437
 317 L   0.99999 0.00001 ( 1)  0.437
 318 E   0.99999 0.00001 ( 1)  0.437
 319 R   0.99999 0.00001 ( 1)  0.437
 320 A   0.99999 0.00001 ( 1)  0.437
 321 G   0.99999 0.00001 ( 1)  0.437
 322 Q   0.99999 0.00001 ( 1)  0.437
 323 L   0.99999 0.00001 ( 1)  0.437
 324 E   0.99999 0.00001 ( 1)  0.437
 325 R   0.99999 0.00001 ( 1)  0.437
 326 G   0.99999 0.00001 ( 1)  0.437
 327 W   0.99999 0.00001 ( 1)  0.437
 328 L   0.99999 0.00001 ( 1)  0.437
 329 E   0.99999 0.00001 ( 1)  0.437
 330 S   0.99999 0.00001 ( 1)  0.437
 331 R   0.99999 0.00001 ( 1)  0.437
 332 D   0.99999 0.00001 ( 1)  0.437
 333 E   0.99999 0.00001 ( 1)  0.437
 334 A   0.99999 0.00001 ( 1)  0.437
 335 R   0.99999 0.00001 ( 1)  0.437
 336 E   0.99999 0.00001 ( 1)  0.437
 337 L   0.99999 0.00001 ( 1)  0.437
 338 R   0.99999 0.00001 ( 1)  0.437
 339 D   0.99999 0.00001 ( 1)  0.437
 340 A   0.99999 0.00001 ( 1)  0.437
 341 C   0.99999 0.00001 ( 1)  0.437
 342 G   0.99999 0.00001 ( 1)  0.437
 343 Q   0.99999 0.00001 ( 1)  0.437
 344 A   0.99999 0.00001 ( 1)  0.437
 345 R   0.99999 0.00001 ( 1)  0.437
 346 E   0.99999 0.00001 ( 1)  0.437
 347 Q   0.99999 0.00001 ( 1)  0.437
 348 L   0.99999 0.00001 ( 1)  0.437
 349 Q   0.99999 0.00001 ( 1)  0.437
 350 A   0.99999 0.00001 ( 1)  0.437
 351 L   0.99999 0.00001 ( 1)  0.437
 352 S   0.99999 0.00001 ( 1)  0.437
 353 A   0.99999 0.00001 ( 1)  0.437
 354 Q   0.99999 0.00001 ( 1)  0.437
 355 Y   0.99999 0.00001 ( 1)  0.437
 356 D   0.99999 0.00001 ( 1)  0.437
 357 R   0.99999 0.00001 ( 1)  0.437
 358 D   0.99999 0.00001 ( 1)  0.437
 359 T   0.99999 0.00001 ( 1)  0.437
 360 G   0.99999 0.00001 ( 1)  0.437
 361 Q   0.99999 0.00001 ( 1)  0.437
 362 L   0.99999 0.00001 ( 1)  0.437
 363 K   0.99999 0.00001 ( 1)  0.437
 364 Q   0.99999 0.00001 ( 1)  0.437
 365 E   0.99999 0.00001 ( 1)  0.437
 366 L   0.99999 0.00001 ( 1)  0.437
 367 A   0.99999 0.00001 ( 1)  0.437
 368 A   0.99999 0.00001 ( 1)  0.437
 369 A   0.99999 0.00001 ( 1)  0.437
 370 K   0.99999 0.00001 ( 1)  0.437
 371 Q   0.99999 0.00001 ( 1)  0.437
 372 E   0.99999 0.00001 ( 1)  0.437
 373 G   0.99999 0.00001 ( 1)  0.437
 374 A   0.99999 0.00001 ( 1)  0.437
 375 A   0.99999 0.00001 ( 1)  0.437
 376 L   0.99999 0.00001 ( 1)  0.437
 377 A   0.99999 0.00001 ( 1)  0.437
 378 G   0.99999 0.00001 ( 1)  0.437
 379 E   0.99999 0.00001 ( 1)  0.437
 380 I   0.99999 0.00001 ( 1)  0.437
 381 R   0.99999 0.00001 ( 1)  0.437
 382 D   0.99999 0.00001 ( 1)  0.437
 383 L   0.99999 0.00001 ( 1)  0.437
 384 G   0.99999 0.00001 ( 1)  0.437
 385 G   0.99999 0.00001 ( 1)  0.437
 386 A   0.99999 0.00001 ( 1)  0.437
 387 L   0.99999 0.00001 ( 1)  0.437
 388 V   0.99999 0.00001 ( 1)  0.437
 389 D   0.99999 0.00001 ( 1)  0.437
 390 Q   0.99999 0.00001 ( 1)  0.437
 391 S   0.99999 0.00001 ( 1)  0.437
 392 F   0.99999 0.00001 ( 1)  0.437
 393 A   0.99999 0.00001 ( 1)  0.437
 394 D   0.99999 0.00001 ( 1)  0.437
 395 L   0.99999 0.00001 ( 1)  0.437
 396 D   0.99999 0.00001 ( 1)  0.437
 397 R   0.99999 0.00001 ( 1)  0.437
 398 Q   0.99999 0.00001 ( 1)  0.437
 399 L   0.99999 0.00001 ( 1)  0.437
 400 Q   0.99998 0.00002 ( 1)  0.437
 401 A   0.99999 0.00001 ( 1)  0.437
 402 A   0.99999 0.00001 ( 1)  0.437
 403 E   0.99999 0.00001 ( 1)  0.437
 404 Q   0.99999 0.00001 ( 1)  0.437
 405 P   0.99999 0.00001 ( 1)  0.437
 406 D   0.99999 0.00001 ( 1)  0.437
 407 K   0.99999 0.00001 ( 1)  0.437
 408 A   0.99999 0.00001 ( 1)  0.437
 409 S   0.99998 0.00002 ( 1)  0.437
 410 D   0.99999 0.00001 ( 1)  0.437
 411 A   0.99999 0.00001 ( 1)  0.437
 412 A   0.99999 0.00001 ( 1)  0.437
 413 A   0.99999 0.00001 ( 1)  0.437
 414 A   0.99999 0.00001 ( 1)  0.437
 415 T   0.99999 0.00001 ( 1)  0.437
 416 A   0.99999 0.00001 ( 1)  0.437
 417 A   0.99999 0.00001 ( 1)  0.437
 418 S   0.99999 0.00001 ( 1)  0.437
 419 T   0.99999 0.00001 ( 1)  0.437
 420 A   0.99999 0.00001 ( 1)  0.437
 421 D   0.99999 0.00001 ( 1)  0.437
 422 N   0.99999 0.00001 ( 1)  0.437
 423 V   0.99999 0.00001 ( 1)  0.437
 424 D   0.99999 0.00001 ( 1)  0.437
 425 G   0.99999 0.00001 ( 1)  0.437
 426 D   0.99999 0.00001 ( 1)  0.437
 427 G   0.99999 0.00001 ( 1)  0.437
 428 A   0.99999 0.00001 ( 1)  0.437
 429 G   0.99999 0.00001 ( 1)  0.437
 430 N   0.99999 0.00001 ( 1)  0.437
 431 S   0.99999 0.00001 ( 1)  0.437
 432 P   0.99999 0.00001 ( 1)  0.437
 433 P   0.99999 0.00001 ( 1)  0.437
 434 A   0.99999 0.00001 ( 1)  0.437
 435 A   0.99999 0.00001 ( 1)  0.437
 436 S   0.99999 0.00001 ( 1)  0.437
 437 A   0.99999 0.00001 ( 1)  0.437
 438 A   0.99999 0.00001 ( 1)  0.437
 439 A   0.99999 0.00001 ( 1)  0.437
 440 L   0.99998 0.00002 ( 1)  0.437
 441 S   0.99999 0.00001 ( 1)  0.437
 442 D   0.99999 0.00001 ( 1)  0.437
 443 A   0.99999 0.00001 ( 1)  0.437
 444 D   0.99999 0.00001 ( 1)  0.437
 445 S   0.99999 0.00001 ( 1)  0.437
 446 S   0.99999 0.00001 ( 1)  0.437
 447 A   0.99999 0.00001 ( 1)  0.437
 448 G   0.99999 0.00001 ( 1)  0.437
 449 V   0.99999 0.00001 ( 1)  0.437
 450 S   0.99999 0.00001 ( 1)  0.437
 451 G   0.99999 0.00001 ( 1)  0.437
 452 G   0.99999 0.00001 ( 1)  0.437
 453 C   0.99999 0.00001 ( 1)  0.437
 454 G   0.99999 0.00001 ( 1)  0.437
 455 V   0.99999 0.00001 ( 1)  0.437
 456 T   0.99999 0.00001 ( 1)  0.437
 457 T   0.99999 0.00001 ( 1)  0.437
 458 A   0.99999 0.00001 ( 1)  0.437
 459 Q   0.99999 0.00001 ( 1)  0.437
 460 S   0.99999 0.00001 ( 1)  0.437
 461 G   0.99999 0.00001 ( 1)  0.437
 462 V   0.99999 0.00001 ( 1)  0.437
 463 R   0.99999 0.00001 ( 1)  0.437
 464 I   0.99999 0.00001 ( 1)  0.437
 465 S   0.99999 0.00001 ( 1)  0.437
 466 V   0.99999 0.00001 ( 1)  0.437
 467 P   0.99999 0.00001 ( 1)  0.437
 468 T   0.99999 0.00001 ( 1)  0.437
 469 A   0.99999 0.00001 ( 1)  0.437
 470 D   0.99999 0.00001 ( 1)  0.437
 471 T   0.99999 0.00001 ( 1)  0.437
 472 A   0.99999 0.00001 ( 1)  0.437
 473 V   0.99999 0.00001 ( 1)  0.437
 474 Q   0.99999 0.00001 ( 1)  0.437
 475 A   0.99999 0.00001 ( 1)  0.437
 476 A   0.99999 0.00001 ( 1)  0.437
 477 D   0.99999 0.00001 ( 1)  0.437
 478 D   0.99998 0.00002 ( 1)  0.437
 479 S   0.99999 0.00001 ( 1)  0.437
 480 S   0.99999 0.00001 ( 1)  0.437
 481 S   0.99999 0.00001 ( 1)  0.437
 482 P   0.99999 0.00001 ( 1)  0.437
 483 V   0.99999 0.00001 ( 1)  0.437
 484 T   0.99999 0.00001 ( 1)  0.437
 485 D   0.99999 0.00001 ( 1)  0.437
 486 E   0.99999 0.00001 ( 1)  0.437
 487 P   0.99999 0.00001 ( 1)  0.437
 488 A   0.99999 0.00001 ( 1)  0.437
 489 E   0.99999 0.00001 ( 1)  0.437
 490 A   0.99999 0.00001 ( 1)  0.437
 491 E   0.99999 0.00001 ( 1)  0.437
 492 L   0.99999 0.00001 ( 1)  0.437
 493 R   0.99999 0.00001 ( 1)  0.437
 494 T   0.99999 0.00001 ( 1)  0.437
 495 Q   0.99999 0.00001 ( 1)  0.437
 496 L   0.99999 0.00001 ( 1)  0.437
 497 Q   0.99999 0.00001 ( 1)  0.437
 498 V   0.99999 0.00001 ( 1)  0.437
 499 Y   0.99999 0.00001 ( 1)  0.437
 500 R   0.99999 0.00001 ( 1)  0.437
 501 D   0.99999 0.00001 ( 1)  0.437
 502 L   0.99999 0.00001 ( 1)  0.437
 503 V   0.99999 0.00001 ( 1)  0.437
 504 A   0.99999 0.00001 ( 1)  0.437
 505 E   0.99999 0.00001 ( 1)  0.437
 506 Q   0.99999 0.00001 ( 1)  0.437
 507 Q   0.99999 0.00001 ( 1)  0.437
 508 D   0.99999 0.00001 ( 1)  0.437
 509 A   0.99999 0.00001 ( 1)  0.437
 510 L   0.99999 0.00001 ( 1)  0.437
 511 D   0.99999 0.00001 ( 1)  0.437
 512 V   0.99999 0.00001 ( 1)  0.437
 513 S   0.99999 0.00001 ( 1)  0.437
 514 G   0.99999 0.00001 ( 1)  0.437
 515 R   0.99999 0.00001 ( 1)  0.437
 516 N   0.99999 0.00001 ( 1)  0.437
 517 V   0.99999 0.00001 ( 1)  0.437
 518 A   0.99999 0.00001 ( 1)  0.437
 519 N   0.99999 0.00001 ( 1)  0.437
 520 L   0.99999 0.00001 ( 1)  0.437
 521 H   0.99999 0.00001 ( 1)  0.437
 522 R   0.99999 0.00001 ( 1)  0.437
 523 Q   0.99999 0.00001 ( 1)  0.437
 524 L   0.99999 0.00001 ( 1)  0.437
 525 E   0.99999 0.00001 ( 1)  0.437
 526 S   0.99999 0.00001 ( 1)  0.437
 527 A   0.99999 0.00001 ( 1)  0.437
 528 L   0.99999 0.00001 ( 1)  0.437
 529 T   0.99999 0.00001 ( 1)  0.437
 530 Q   0.99999 0.00001 ( 1)  0.437
 531 I   0.99999 0.00001 ( 1)  0.437
 532 S   0.99999 0.00001 ( 1)  0.437
 533 Q   0.99999 0.00001 ( 1)  0.437
 534 L   0.99999 0.00001 ( 1)  0.437
 535 E   0.99999 0.00001 ( 1)  0.437
 536 S   0.99999 0.00001 ( 1)  0.437
 537 Q   0.99999 0.00001 ( 1)  0.437
 538 L   0.99999 0.00001 ( 1)  0.437
 539 P   0.99999 0.00001 ( 1)  0.437
 540 Q   0.99999 0.00001 ( 1)  0.437
 541 A   0.99999 0.00001 ( 1)  0.437
 542 E   0.99999 0.00001 ( 1)  0.437
 543 A   0.99999 0.00001 ( 1)  0.437
 544 E   0.99999 0.00001 ( 1)  0.437
 545 A   0.99999 0.00001 ( 1)  0.437
 546 N   0.99999 0.00001 ( 1)  0.437
 547 Q   0.99999 0.00001 ( 1)  0.437
 548 P   0.99999 0.00001 ( 1)  0.437
 549 E   0.99999 0.00001 ( 1)  0.437
 550 V   0.99999 0.00001 ( 1)  0.437
 551 D   0.99999 0.00001 ( 1)  0.437
 552 S   0.99999 0.00001 ( 1)  0.437
 553 Q   0.99999 0.00001 ( 1)  0.437
 554 P   0.99999 0.00001 ( 1)  0.437
 555 D   0.99998 0.00002 ( 1)  0.437
 556 A   0.99998 0.00002 ( 1)  0.437
 557 E   0.99999 0.00001 ( 1)  0.437
 558 V   0.99999 0.00001 ( 1)  0.437
 559 K   0.99999 0.00001 ( 1)  0.437
 560 D   0.99999 0.00001 ( 1)  0.437
 561 P   0.99999 0.00001 ( 1)  0.437
 562 D   0.99999 0.00001 ( 1)  0.437
 563 A   0.99999 0.00001 ( 1)  0.437
 564 D   0.99999 0.00001 ( 1)  0.437
 565 A   0.99999 0.00001 ( 1)  0.437
 566 P   0.99999 0.00001 ( 1)  0.437
 567 V   0.99999 0.00001 ( 1)  0.437
 568 T   0.99999 0.00001 ( 1)  0.437
 569 A   0.99999 0.00001 ( 1)  0.437
 570 D   0.99999 0.00001 ( 1)  0.437
 571 W   0.99999 0.00001 ( 1)  0.437
 572 L   0.99999 0.00001 ( 1)  0.437
 573 I   0.99999 0.00001 ( 1)  0.437
 574 G   0.99999 0.00001 ( 1)  0.437
 575 L   0.99999 0.00001 ( 1)  0.437
 576 L   0.99999 0.00001 ( 1)  0.437
 577 R   0.99999 0.00001 ( 1)  0.437
 578 R   0.99999 0.00001 ( 1)  0.437
 579 L   0.99999 0.00001 ( 1)  0.437
 580 R   0.99999 0.00001 ( 1)  0.437
 581 A   0.99999 0.00001 ( 1)  0.437
 582 D   0.99999 0.00001 ( 1)  0.437
 583 A   0.99999 0.00001 ( 1)  0.437
 584 D   0.99999 0.00001 ( 1)  0.437
 585 S   0.99999 0.00001 ( 1)  0.437
 586 L   0.99999 0.00001 ( 1)  0.437
 587 A   0.99999 0.00001 ( 1)  0.437
 588 R   0.99999 0.00001 ( 1)  0.437
 589 A   0.99999 0.00001 ( 1)  0.437
 590 E   0.99999 0.00001 ( 1)  0.437
 591 Q   0.99999 0.00001 ( 1)  0.437
 592 L   0.99999 0.00001 ( 1)  0.437
 593 L   0.99999 0.00001 ( 1)  0.437
 594 S   0.99999 0.00001 ( 1)  0.437
 595 A   0.99999 0.00001 ( 1)  0.437
 596 A   0.99999 0.00001 ( 1)  0.437
 597 A   0.99999 0.00001 ( 1)  0.437
 598 A   0.99999 0.00001 ( 1)  0.437
 599 A   0.99999 0.00001 ( 1)  0.437
 600 P   0.99999 0.00001 ( 1)  0.437
 601 A   0.99999 0.00001 ( 1)  0.437
 602 A   0.99999 0.00001 ( 1)  0.437
 603 P   0.99999 0.00001 ( 1)  0.437
 604 E   0.99999 0.00001 ( 1)  0.437
 605 S   0.99999 0.00001 ( 1)  0.437
 606 A   0.99999 0.00001 ( 1)  0.437
 607 A   0.99999 0.00001 ( 1)  0.437
 608 E   0.99998 0.00002 ( 1)  0.437
 609 L   0.99999 0.00001 ( 1)  0.437
 610 R   0.99999 0.00001 ( 1)  0.437
 611 S   0.99999 0.00001 ( 1)  0.437
 612 R   0.99999 0.00001 ( 1)  0.437
 613 L   0.99999 0.00001 ( 1)  0.437
 614 A   0.99999 0.00001 ( 1)  0.437
 615 D   0.99999 0.00001 ( 1)  0.437
 616 S   0.99999 0.00001 ( 1)  0.437
 617 L   0.99999 0.00001 ( 1)  0.437
 618 A   0.99999 0.00001 ( 1)  0.437
 619 E   0.99999 0.00001 ( 1)  0.437
 620 T   0.99999 0.00001 ( 1)  0.437
 621 D   0.99999 0.00001 ( 1)  0.437
 622 R   0.99999 0.00001 ( 1)  0.437
 623 L   0.99999 0.00001 ( 1)  0.437
 624 R   0.99999 0.00001 ( 1)  0.437
 625 A   0.99999 0.00001 ( 1)  0.437
 626 D   0.99999 0.00001 ( 1)  0.437
 627 Y   0.99999 0.00001 ( 1)  0.437
 628 A   0.99999 0.00001 ( 1)  0.437
 629 A   0.99999 0.00001 ( 1)  0.437
 630 S   0.99999 0.00001 ( 1)  0.437
 631 L   0.99999 0.00001 ( 1)  0.437
 632 E   0.99999 0.00001 ( 1)  0.437
 633 R   0.99999 0.00001 ( 1)  0.437
 634 V   0.99999 0.00001 ( 1)  0.437
 635 A   0.99999 0.00001 ( 1)  0.437
 636 A   0.99999 0.00001 ( 1)  0.437
 637 A   0.99999 0.00001 ( 1)  0.437
 638 E   0.99999 0.00001 ( 1)  0.437
 639 A   0.99999 0.00001 ( 1)  0.437
 640 D   0.99999 0.00001 ( 1)  0.437
 641 L   0.99999 0.00001 ( 1)  0.437
 642 E   0.99999 0.00001 ( 1)  0.437
 643 Q   0.99999 0.00001 ( 1)  0.437
 644 G   0.99999 0.00001 ( 1)  0.437
 645 R   0.99999 0.00001 ( 1)  0.437
 646 R   0.99999 0.00001 ( 1)  0.437
 647 E   0.99999 0.00001 ( 1)  0.437
 648 R   0.99999 0.00001 ( 1)  0.437
 649 D   0.99999 0.00001 ( 1)  0.437
 650 R   0.99999 0.00001 ( 1)  0.437
 651 L   0.99999 0.00001 ( 1)  0.437
 652 A   0.99999 0.00001 ( 1)  0.437
 653 E   0.99999 0.00001 ( 1)  0.437
 654 Q   0.99999 0.00001 ( 1)  0.437
 655 C   0.99999 0.00001 ( 1)  0.437
 656 R   0.99999 0.00001 ( 1)  0.437
 657 E   0.99999 0.00001 ( 1)  0.437
 658 L   0.99999 0.00001 ( 1)  0.437
 659 Q   0.99999 0.00001 ( 1)  0.437
 660 A   0.99999 0.00001 ( 1)  0.437
 661 A   0.99999 0.00001 ( 1)  0.437
 662 S   0.99999 0.00001 ( 1)  0.437
 663 R   0.99999 0.00001 ( 1)  0.437
 664 Q   0.99999 0.00001 ( 1)  0.437
 665 A   0.99999 0.00001 ( 1)  0.437
 666 L   0.99999 0.00001 ( 1)  0.437
 667 D   0.99999 0.00001 ( 1)  0.437
 668 A   0.99999 0.00001 ( 1)  0.437
 669 E   0.99999 0.00001 ( 1)  0.437
 670 R   0.99999 0.00001 ( 1)  0.437
 671 L   0.99999 0.00001 ( 1)  0.437
 672 Q   0.99999 0.00001 ( 1)  0.437
 673 L   0.99999 0.00001 ( 1)  0.437
 674 Q   0.99999 0.00001 ( 1)  0.437
 675 R   0.99999 0.00001 ( 1)  0.437
 676 L   0.99999 0.00001 ( 1)  0.437
 677 T   0.99999 0.00001 ( 1)  0.437
 678 E   0.99999 0.00001 ( 1)  0.437
 679 R   0.99999 0.00001 ( 1)  0.437
 680 N   0.99999 0.00001 ( 1)  0.437
 681 R   0.99999 0.00001 ( 1)  0.437
 682 L   0.99999 0.00001 ( 1)  0.437
 683 L   0.99999 0.00001 ( 1)  0.437
 684 S   0.99999 0.00001 ( 1)  0.437
 685 A   0.99999 0.00001 ( 1)  0.437
 686 A   0.99999 0.00001 ( 1)  0.437
 687 A   0.99999 0.00001 ( 1)  0.437
 688 A   0.99999 0.00001 ( 1)  0.437
 689 L   0.99999 0.00001 ( 1)  0.437
 690 P   0.99999 0.00001 ( 1)  0.437
 691 L   0.99999 0.00001 ( 1)  0.437
 692 L   0.99999 0.00001 ( 1)  0.437
 693 I   0.99999 0.00001 ( 1)  0.437
 694 L   0.99999 0.00001 ( 1)  0.437
 695 L   0.99999 0.00001 ( 1)  0.437
 696 V   0.99999 0.00001 ( 1)  0.437
 697 S   0.99999 0.00001 ( 1)  0.437
 698 L   0.99999 0.00001 ( 1)  0.437
 699 T   0.99999 0.00001 ( 1)  0.437
 700 V   0.99999 0.00001 ( 1)  0.437
 701 S   0.99999 0.00001 ( 1)  0.437
 702 L   0.99999 0.00001 ( 1)  0.437
 703 Y   0.99999 0.00001 ( 1)  0.437
 704 T   0.99999 0.00001 ( 1)  0.437
 705 W   0.99999 0.00001 ( 1)  0.437
 706 L   0.99999 0.00001 ( 1)  0.437
 707 T   0.99999 0.00001 ( 1)  0.437
 708 G   0.99999 0.00001 ( 1)  0.437
 709 R   0.99999 0.00001 ( 1)  0.437


lnL = -2947.767919

