Supplemental results for CODEML (seqf: algn  treef: tree)


dN/dS (w) for site classes (K=9)

p:   0.11358  0.11358  0.11358  0.11358  0.11358  0.11358  0.11358  0.11358  0.09132
w:   0.00000  0.00090  0.01932  0.13528  0.45884  0.82743  0.98067  0.99986 169.06114

Naive Empirical Bayes (NEB) probabilities for 9 classes & postmean_w & P(w>1)
(amino acids refer to 1st sequence: scj.3624)

   1 M   0.20234 0.20202 0.19560 0.16010 0.09431 0.05476 0.04458 0.04348 0.00280 ( 1)  0.675  0.003
   2 D   0.21201 0.21156 0.20264 0.15607 0.08289 0.04788 0.04003 0.03921 0.00771 ( 1)  1.485  0.008
   3 I   0.19726 0.19693 0.19030 0.15458 0.09303 0.05935 0.05107 0.05018 0.00730 ( 1)  1.452  0.007
   4 K   0.00000 0.00050 0.01049 0.06553 0.16442 0.21639 0.22687 0.22786 0.08796 ( 8) 15.584  0.088
   5 S   0.21195 0.21155 0.20352 0.16038 0.08663 0.04719 0.03782 0.03683 0.00414 ( 1)  0.878  0.004
   6 L   0.16265 0.16253 0.15996 0.14503 0.11262 0.08734 0.07934 0.07842 0.01211 ( 1)  2.350  0.012
   7 L   0.16984 0.16969 0.16656 0.14857 0.11061 0.08232 0.07367 0.07269 0.00606 ( 1)  1.311  0.006
   8 N   0.00000 0.00061 0.01289 0.07724 0.17468 0.20957 0.21317 0.21337 0.09847 ( 8) 17.334  0.098
   9 E   0.19335 0.19306 0.18726 0.15539 0.09719 0.06233 0.05322 0.05223 0.00598 ( 1)  1.236  0.006
  10 I   0.20190 0.20152 0.19390 0.15373 0.08856 0.05564 0.04790 0.04708 0.00978 ( 1)  1.859  0.010
  11 M   0.00000 0.00015 0.00336 0.03022 0.11970 0.19240 0.21099 0.21291 0.23026 ( 9) 39.567  0.230
  12 T   0.18947 0.18921 0.18411 0.15560 0.10078 0.06545 0.05579 0.05473 0.00485 ( 1)  1.055  0.005
  13 L   0.00000 0.00005 0.00113 0.01354 0.07451 0.15044 0.17870 0.18206 0.39957 ( 9) 68.069  0.400
  14 N   0.00000 0.00000 0.00001 0.00054 0.00699 0.02470 0.03545 0.03693 0.89538 ( 9) 151.469  0.895
  15 N   0.20952 0.20907 0.20008 0.15367 0.08285 0.05008 0.04278 0.04202 0.00992 ( 1)  1.865  0.010
  16 Y   0.19240 0.19210 0.18613 0.15369 0.09628 0.06320 0.05468 0.05376 0.00776 ( 1)  1.541  0.008
  17 S   0.00000 0.00023 0.00487 0.03089 0.08284 0.12177 0.13472 0.13626 0.48843 ( 9) 82.986  0.488
  18 E   0.19335 0.19306 0.18726 0.15539 0.09719 0.06233 0.05322 0.05223 0.00598 ( 1)  1.236  0.006
  19 P   0.16174 0.16163 0.15935 0.14587 0.11489 0.08880 0.08014 0.07914 0.00843 ( 1)  1.733  0.008
  20 Q   0.00000 0.00050 0.01049 0.06553 0.16442 0.21639 0.22687 0.22786 0.08796 ( 8) 15.584  0.088
  21 L   0.16984 0.16969 0.16656 0.14857 0.11061 0.08232 0.07367 0.07269 0.00606 ( 1)  1.311  0.006
  22 S   0.16916 0.16901 0.16603 0.14876 0.11170 0.08344 0.07467 0.07367 0.00357 ( 1)  0.894  0.004
  23 P   0.17462 0.17446 0.17123 0.15237 0.11100 0.07871 0.06862 0.06747 0.00152 ( 1)  0.532  0.002
  24 N   0.00000 0.00073 0.01519 0.08727 0.18050 0.20369 0.20386 0.20369 0.10506 ( 7) 18.429  0.105
  25 Y   0.19240 0.19210 0.18613 0.15369 0.09628 0.06320 0.05468 0.05376 0.00776 ( 1)  1.541  0.008
  26 R   0.15240 0.15232 0.15082 0.14172 0.11958 0.09915 0.09188 0.09101 0.00111 ( 1)  0.528  0.001
  27 L   0.16984 0.16969 0.16656 0.14857 0.11061 0.08232 0.07367 0.07269 0.00606 ( 1)  1.311  0.006
  28 M   0.20234 0.20202 0.19560 0.16010 0.09431 0.05476 0.04458 0.04348 0.00280 ( 1)  0.675  0.003
  29 I   0.20190 0.20152 0.19390 0.15373 0.08856 0.05564 0.04790 0.04708 0.00978 ( 1)  1.859  0.010
  30 D   0.21201 0.21156 0.20264 0.15607 0.08289 0.04788 0.04003 0.03921 0.00771 ( 1)  1.485  0.008
  31 K   0.19265 0.19235 0.18637 0.15383 0.09613 0.06290 0.05438 0.05346 0.00792 ( 1)  1.567  0.008
  32 R   0.15240 0.15232 0.15082 0.14172 0.11958 0.09915 0.09188 0.09101 0.00111 ( 1)  0.528  0.001
  33 F   0.20277 0.20241 0.19521 0.15644 0.09021 0.05466 0.04611 0.04520 0.00699 ( 1)  1.383  0.007
  34 M   0.20234 0.20202 0.19560 0.16010 0.09431 0.05476 0.04458 0.04348 0.00280 ( 1)  0.675  0.003
  35 P   0.17560 0.17542 0.17171 0.15036 0.10546 0.07251 0.06266 0.06156 0.02472 ( 1)  4.435  0.025
  36 S   0.21195 0.21155 0.20352 0.16038 0.08663 0.04719 0.03782 0.03683 0.00414 ( 1)  0.878  0.004
  37 T   0.00000 0.00047 0.00986 0.06189 0.15823 0.21492 0.22886 0.23033 0.09544 ( 8) 16.848  0.095
  38 G   0.00000 0.00000 0.00012 0.00572 0.05627 0.14992 0.19312 0.19857 0.39628 ( 9) 67.534  0.396
  39 I   0.00000 0.00005 0.00113 0.01354 0.07451 0.15044 0.17870 0.18206 0.39957 ( 9) 68.069  0.400
  40 H   0.00000 0.00000 0.00022 0.00939 0.07280 0.15714 0.18838 0.19207 0.38001 ( 9) 64.786  0.380
  41 V   0.00000 0.00048 0.00999 0.06006 0.14017 0.17866 0.18713 0.18801 0.23551 ( 9) 40.408  0.236
  42 S   0.16916 0.16901 0.16603 0.14876 0.11170 0.08344 0.07467 0.07367 0.00357 ( 1)  0.894  0.004
  43 N   0.20952 0.20907 0.20008 0.15367 0.08285 0.05008 0.04278 0.04202 0.00992 ( 1)  1.865  0.010
  44 D   0.00000 0.00080 0.01652 0.09308 0.18358 0.19886 0.19651 0.19607 0.11460 ( 6) 20.024  0.115
  45 L   0.19714 0.19685 0.19101 0.15856 0.09727 0.05902 0.04885 0.04774 0.00356 ( 1)  0.817  0.004
  46 R   0.16954 0.16940 0.16661 0.15021 0.11331 0.08328 0.07357 0.07245 0.00163 ( 1)  0.565  0.002
  47 T   0.20325 0.20289 0.19577 0.15734 0.09083 0.05421 0.04523 0.04427 0.00620 ( 1)  1.249  0.006
  48 A   0.18710 0.18684 0.18160 0.15243 0.09705 0.06212 0.05275 0.05173 0.02837 ( 1)  5.020  0.028
  49 W   0.14892 0.14886 0.14760 0.13992 0.12076 0.10241 0.09572 0.09491 0.00090 ( 1)  0.502  0.001
  50 M   0.20234 0.20202 0.19560 0.16010 0.09431 0.05476 0.04458 0.04348 0.00280 ( 1)  0.675  0.003
  51 N   0.18974 0.18945 0.18358 0.15189 0.09629 0.06425 0.05596 0.05506 0.01378 ( 1)  2.562  0.014
  52 F   0.18110 0.18087 0.17637 0.15122 0.10289 0.07147 0.06273 0.06176 0.01160 ( 1)  2.215  0.012
  53 V   0.00000 0.00084 0.01758 0.10023 0.20016 0.21327 0.20785 0.20698 0.05309 ( 6)  9.669  0.053
  54 I   0.00000 0.00067 0.01389 0.07973 0.16326 0.18164 0.18108 0.18086 0.19887 ( 9) 34.216  0.199
  55 G   0.20060 0.20029 0.19404 0.15952 0.09535 0.05615 0.04588 0.04477 0.00340 ( 1)  0.781  0.003
  56 V   0.00000 0.00084 0.01758 0.10023 0.20016 0.21327 0.20785 0.20698 0.05309 ( 6)  9.669  0.053
  57 A   0.18669 0.18646 0.18184 0.15570 0.10344 0.06789 0.05781 0.05669 0.00348 ( 1)  0.830  0.003
  58 C   0.19940 0.19910 0.19294 0.15890 0.09564 0.05726 0.04726 0.04618 0.00333 ( 1)  0.771  0.003
  59 Y   0.19240 0.19210 0.18613 0.15369 0.09628 0.06320 0.05468 0.05376 0.00776 ( 1)  1.541  0.008
  60 A   0.15964 0.15954 0.15750 0.14535 0.11693 0.09231 0.08397 0.08299 0.00177 ( 1)  0.617  0.002
  61 Y   0.19240 0.19210 0.18613 0.15369 0.09628 0.06320 0.05468 0.05376 0.00776 ( 1)  1.541  0.008
  62 R   0.19270 0.19244 0.18716 0.15757 0.10014 0.06280 0.05256 0.05144 0.00320 ( 1)  0.767  0.003
  63 T   0.20325 0.20289 0.19577 0.15734 0.09083 0.05421 0.04523 0.04427 0.00620 ( 1)  1.249  0.006
  64 V   0.00000 0.00090 0.01872 0.10490 0.20150 0.20941 0.20311 0.20218 0.05926 ( 6) 10.701  0.059
  65 G   0.20060 0.20029 0.19404 0.15952 0.09535 0.05615 0.04588 0.04477 0.00340 ( 1)  0.781  0.003
  66 K   0.19265 0.19235 0.18637 0.15383 0.09613 0.06290 0.05438 0.05346 0.00792 ( 1)  1.567  0.008
  67 E   0.00000 0.00068 0.01422 0.08495 0.18989 0.22260 0.22346 0.22326 0.04094 ( 7)  7.647  0.041
  68 F   0.20277 0.20241 0.19521 0.15644 0.09021 0.05466 0.04611 0.04520 0.00699 ( 1)  1.383  0.007
  69 P   0.17462 0.17446 0.17123 0.15237 0.11100 0.07871 0.06862 0.06747 0.00152 ( 1)  0.532  0.002
  70 R   0.00000 0.00075 0.01566 0.09181 0.19552 0.21900 0.21644 0.21585 0.04497 ( 6)  8.314  0.045
  71 E   0.19335 0.19306 0.18726 0.15539 0.09719 0.06233 0.05322 0.05223 0.00598 ( 1)  1.236  0.006
  72 F   0.00000 0.00045 0.00953 0.06081 0.16082 0.22259 0.23756 0.23910 0.06914 ( 8) 12.428  0.069
  73 K   0.19265 0.19235 0.18637 0.15383 0.09613 0.06290 0.05438 0.05346 0.00792 ( 1)  1.567  0.008
  74 V   0.00000 0.00076 0.01577 0.09181 0.19320 0.21658 0.21506 0.21464 0.05220 ( 6)  9.531  0.052
  75 L   0.14325 0.14320 0.14226 0.13651 0.12191 0.10755 0.10219 0.10155 0.00157 ( 1)  0.634  0.002
  76 L   0.19714 0.19685 0.19101 0.15856 0.09727 0.05902 0.04885 0.04774 0.00356 ( 1)  0.817  0.004
  77 A   0.15964 0.15954 0.15750 0.14535 0.11693 0.09231 0.08397 0.08299 0.00177 ( 1)  0.617  0.002
  78 N   0.20952 0.20907 0.20008 0.15367 0.08285 0.05008 0.04278 0.04202 0.00992 ( 1)  1.865  0.010
  79 S   0.15184 0.15176 0.15025 0.14117 0.11931 0.09949 0.09253 0.09170 0.00193 ( 1)  0.668  0.002
  80 S   0.00000 0.00035 0.00745 0.04938 0.14448 0.22195 0.24668 0.24952 0.08021 ( 8) 14.308  0.080
  81 V   0.20102 0.20067 0.19357 0.15553 0.09093 0.05612 0.04764 0.04674 0.00778 ( 1)  1.522  0.008
  82 V   0.20102 0.20067 0.19357 0.15553 0.09093 0.05612 0.04764 0.04674 0.00778 ( 1)  1.522  0.008
  83 A   0.20080 0.20047 0.19400 0.15848 0.09403 0.05605 0.04634 0.04529 0.00455 ( 1)  0.975  0.005
  84 V   0.18801 0.18776 0.18265 0.15425 0.10053 0.06664 0.05747 0.05647 0.00621 ( 1)  1.289  0.006
  85 L   0.16984 0.16969 0.16656 0.14857 0.11061 0.08232 0.07367 0.07269 0.00606 ( 1)  1.311  0.006
  86 S   0.19547 0.19518 0.18931 0.15692 0.09696 0.06047 0.05087 0.04983 0.00498 ( 1)  1.061  0.005
  87 S   0.00000 0.00031 0.00657 0.04259 0.11612 0.16805 0.18393 0.18576 0.29667 ( 9) 50.719  0.297
  88 Y   0.00000 0.00034 0.00730 0.04840 0.14192 0.21936 0.24460 0.24752 0.09055 ( 8) 16.049  0.091
  89 L   0.16265 0.16253 0.15996 0.14503 0.11262 0.08734 0.07934 0.07842 0.01211 ( 1)  2.350  0.012
  90 A   0.20080 0.20047 0.19400 0.15848 0.09403 0.05605 0.04634 0.04529 0.00455 ( 1)  0.975  0.005
  91 E   0.19335 0.19306 0.18726 0.15539 0.09719 0.06233 0.05322 0.05223 0.00598 ( 1)  1.236  0.006
  92 D   0.21201 0.21156 0.20264 0.15607 0.08289 0.04788 0.04003 0.03921 0.00771 ( 1)  1.485  0.008
  93 W   0.00000 0.00000 0.00004 0.00158 0.01469 0.03955 0.05196 0.05358 0.83862 ( 9) 141.922  0.839
  94 N   0.00000 0.00000 0.00018 0.00812 0.06940 0.16417 0.20328 0.20805 0.34679 ( 9) 59.205  0.347
  95 S   0.00000 0.00038 0.00808 0.05024 0.12640 0.17061 0.18178 0.18298 0.27953 ( 9) 47.825  0.280
  96 S   0.00000 0.00000 0.00001 0.00054 0.00657 0.02131 0.02960 0.03072 0.91125 ( 9) 154.138  0.911
  97 Y   0.00000 0.00085 0.01763 0.10128 0.20393 0.21560 0.20864 0.20756 0.04451 ( 6)  8.223  0.045
  98 N   0.00000 0.00000 0.00044 0.01730 0.11122 0.20026 0.22486 0.22748 0.21845 ( 8) 37.598  0.218
  99 E   0.00000 0.00000 0.00001 0.00045 0.00951 0.03913 0.05744 0.05996 0.83351 ( 9) 141.067  0.834
 100 S   0.00000 0.00057 0.01199 0.07357 0.17311 0.21137 0.21563 0.21588 0.09788 ( 8) 17.240  0.098
 101 D   0.00000 0.00000 0.00058 0.02226 0.13515 0.22691 0.24736 0.24931 0.11844 ( 8) 20.768  0.118
 102 K   0.00000 0.00000 0.00045 0.01765 0.11246 0.20088 0.22496 0.22751 0.21609 ( 8) 37.201  0.216
 103 D   0.21201 0.21156 0.20264 0.15607 0.08289 0.04788 0.04003 0.03921 0.00771 ( 1)  1.485  0.008
 104 I   0.18018 0.17995 0.17532 0.14976 0.10208 0.07197 0.06365 0.06272 0.01437 ( 1)  2.685  0.014
 105 P   0.00000 0.00044 0.00928 0.05953 0.15909 0.22186 0.23738 0.23898 0.07343 ( 8) 13.151  0.073
 106 R   0.00000 0.00049 0.01041 0.06568 0.16693 0.21907 0.22869 0.22954 0.07919 ( 8) 14.109  0.079
 107 Q   0.00000 0.00048 0.01016 0.06407 0.16388 0.21827 0.22951 0.23058 0.08305 ( 8) 14.760  0.083
 108 E   0.19335 0.19306 0.18726 0.15539 0.09719 0.06233 0.05322 0.05223 0.00598 ( 1)  1.236  0.006
 109 W   0.14892 0.14886 0.14760 0.13992 0.12076 0.10241 0.09572 0.09491 0.00090 ( 1)  0.502  0.001
 110 I   0.00000 0.00063 0.01321 0.07779 0.17109 0.20486 0.20963 0.21002 0.11277 ( 8) 19.740  0.113
 111 Y   0.00000 0.00085 0.01763 0.10128 0.20393 0.21560 0.20864 0.20756 0.04451 ( 6)  8.223  0.045
 112 G   0.20060 0.20029 0.19404 0.15952 0.09535 0.05615 0.04588 0.04477 0.00340 ( 1)  0.781  0.003
 113 L   0.15952 0.15942 0.15734 0.14501 0.11646 0.09206 0.08385 0.08289 0.00343 ( 1)  0.898  0.003
 114 W   0.14892 0.14886 0.14760 0.13992 0.12076 0.10241 0.09572 0.09491 0.00090 ( 1)  0.502  0.001
 115 T   0.17515 0.17497 0.17132 0.15040 0.10706 0.07612 0.06704 0.06602 0.01191 ( 1)  2.281  0.012
 116 V   0.00000 0.00000 0.00023 0.01021 0.08785 0.20866 0.25849 0.26456 0.17000 ( 8) 29.472  0.170
 117 E   0.17264 0.17248 0.16928 0.15073 0.11077 0.08019 0.07072 0.06964 0.00354 ( 1)  0.878  0.004
 118 N   0.20952 0.20907 0.20008 0.15367 0.08285 0.05008 0.04278 0.04202 0.00992 ( 1)  1.865  0.010
 119 L   0.16265 0.16253 0.15996 0.14503 0.11262 0.08734 0.07934 0.07842 0.01211 ( 1)  2.350  0.012
 120 A   0.18669 0.18646 0.18184 0.15570 0.10344 0.06789 0.05781 0.05669 0.00348 ( 1)  0.830  0.003
 121 S   0.00000 0.00047 0.00986 0.06189 0.15823 0.21492 0.22886 0.23033 0.09544 ( 8) 16.848  0.095
 122 V   0.18869 0.18841 0.18263 0.15105 0.09404 0.06065 0.05215 0.05124 0.03113 ( 1)  5.483  0.031
 123 N   0.00000 0.00104 0.02145 0.11737 0.21143 0.20568 0.19470 0.19324 0.05509 ( 5)  9.981  0.055
 124 E   0.00000 0.00060 0.01252 0.07548 0.17412 0.21351 0.21876 0.21913 0.08588 ( 8) 15.219  0.086
 125 M   0.20234 0.20202 0.19560 0.16010 0.09431 0.05476 0.04458 0.04348 0.00280 ( 1)  0.675  0.003
 126 R   0.00000 0.00000 0.00010 0.00461 0.04092 0.10138 0.12803 0.13136 0.59359 ( 9) 100.714  0.594
 127 C   0.00000 0.00050 0.01053 0.06635 0.16755 0.21776 0.22646 0.22721 0.08364 ( 8) 14.856  0.084
 128 V   0.14652 0.14646 0.14529 0.13819 0.12078 0.10444 0.09854 0.09783 0.00196 ( 1)  0.689  0.002
 129 I   0.00000 0.00055 0.01150 0.07048 0.16809 0.21121 0.21820 0.21879 0.10117 ( 8) 17.799  0.101
 130 Q   0.00000 0.00000 0.00018 0.00791 0.06594 0.15106 0.18457 0.18859 0.40175 ( 9) 68.446  0.402
 131 Q   0.16800 0.16787 0.16518 0.14932 0.11361 0.08447 0.07504 0.07395 0.00254 ( 1)  0.723  0.003
 132 P   0.00000 0.00000 0.00003 0.00142 0.01434 0.04051 0.05381 0.05555 0.83434 ( 9) 141.204  0.834
 133 I   0.00000 0.00065 0.01351 0.07770 0.16030 0.18014 0.18032 0.18020 0.20718 ( 9) 35.616  0.207
 134 L   0.00000 0.00053 0.01115 0.06984 0.17527 0.22868 0.23834 0.23918 0.03701 ( 8)  7.009  0.037
 135 D   0.00000 0.00071 0.01480 0.08575 0.18040 0.20526 0.20554 0.20536 0.10219 ( 7) 17.947  0.102
 136 F   0.18110 0.18087 0.17637 0.15122 0.10289 0.07147 0.06273 0.06176 0.01160 ( 1)  2.215  0.012
 137 C   0.19940 0.19910 0.19294 0.15890 0.09564 0.05726 0.04726 0.04618 0.00333 ( 1)  0.771  0.003
 138 A   0.00000 0.00000 0.00029 0.01210 0.09307 0.19738 0.23445 0.23875 0.22396 ( 8) 38.539  0.224
 139 E   0.00000 0.00079 0.01657 0.09591 0.19803 0.21628 0.21225 0.21151 0.04865 ( 6)  8.928  0.049
 140 I   0.00000 0.00036 0.00760 0.04638 0.11310 0.15188 0.16258 0.16378 0.35433 ( 9) 60.410  0.354
 141 I   0.00000 0.00020 0.00436 0.03168 0.10810 0.18065 0.20497 0.20778 0.26224 ( 9) 44.947  0.262
 142 I   0.20190 0.20152 0.19390 0.15373 0.08856 0.05564 0.04790 0.04708 0.00978 ( 1)  1.859  0.010
 143 A   0.00000 0.00085 0.01772 0.10086 0.20068 0.21325 0.20767 0.20678 0.05220 ( 6)  9.518  0.052
 144 S   0.00000 0.00032 0.00682 0.04414 0.12143 0.17627 0.19217 0.19395 0.26490 ( 9) 45.374  0.265
 145 M   0.20234 0.20202 0.19560 0.16010 0.09431 0.05476 0.04458 0.04348 0.00280 ( 1)  0.675  0.003
 146 E   0.19335 0.19306 0.18726 0.15539 0.09719 0.06233 0.05322 0.05223 0.00598 ( 1)  1.236  0.006
 147 S   0.17004 0.16988 0.16665 0.14812 0.10951 0.08107 0.07240 0.07142 0.01093 ( 1)  2.131  0.011
 148 Y   0.17131 0.17114 0.16764 0.14782 0.10801 0.08001 0.07169 0.07075 0.01164 ( 1)  2.248  0.012
 149 Y   0.19240 0.19210 0.18613 0.15369 0.09628 0.06320 0.05468 0.05376 0.00776 ( 1)  1.541  0.008
 150 F   0.00000 0.00045 0.00943 0.05842 0.14495 0.19162 0.20213 0.20320 0.18981 ( 8) 32.724  0.190
 151 T   0.18947 0.18921 0.18411 0.15560 0.10078 0.06545 0.05579 0.05473 0.00485 ( 1)  1.055  0.005
 152 N   0.20952 0.20907 0.20008 0.15367 0.08285 0.05008 0.04278 0.04202 0.00992 ( 1)  1.865  0.010
 153 C   0.17224 0.17207 0.16868 0.14929 0.10897 0.07949 0.07059 0.06958 0.00909 ( 1)  1.815  0.009
 154 F   0.15756 0.15746 0.15558 0.14429 0.11765 0.09420 0.08614 0.08519 0.00193 ( 1)  0.651  0.002
 155 Y   0.14429 0.14424 0.14318 0.13681 0.12118 0.10646 0.10111 0.10047 0.00225 ( 1)  0.744  0.002
 156 P   0.17462 0.17446 0.17123 0.15237 0.11100 0.07871 0.06862 0.06747 0.00152 ( 1)  0.532  0.002
 157 K   0.00000 0.00000 0.00045 0.01765 0.11246 0.20088 0.22496 0.22751 0.21609 ( 8) 37.201  0.216
 158 M   0.20234 0.20202 0.19560 0.16010 0.09431 0.05476 0.04458 0.04348 0.00280 ( 1)  0.675  0.003
 159 S   0.00000 0.00034 0.00717 0.04377 0.10495 0.13680 0.14486 0.14575 0.41636 ( 9) 70.846  0.416
 160 V   0.00000 0.00000 0.00036 0.01501 0.11024 0.22278 0.25959 0.26372 0.12830 ( 8) 22.446  0.128
 161 T   0.00000 0.00000 0.00007 0.00337 0.03156 0.08204 0.10540 0.10837 0.66920 ( 9) 113.430  0.669
 162 P   0.17462 0.17446 0.17123 0.15237 0.11100 0.07871 0.06862 0.06747 0.00152 ( 1)  0.532  0.002
 163 R   0.00000 0.00052 0.01090 0.06683 0.16044 0.20357 0.21105 0.21171 0.13499 ( 8) 23.491  0.135
 164 R   0.00000 0.00075 0.01566 0.09181 0.19552 0.21900 0.21644 0.21585 0.04497 ( 6)  8.314  0.045
 165 I   0.19726 0.19693 0.19030 0.15458 0.09303 0.05935 0.05107 0.05018 0.00730 ( 1)  1.452  0.007
 166 I   0.19726 0.19693 0.19030 0.15458 0.09303 0.05935 0.05107 0.05018 0.00730 ( 1)  1.452  0.007
 167 N   0.20952 0.20907 0.20008 0.15367 0.08285 0.05008 0.04278 0.04202 0.00992 ( 1)  1.865  0.010
 168 H   0.00000 0.00061 0.01289 0.07724 0.17468 0.20957 0.21317 0.21337 0.09847 ( 8) 17.334  0.098
 169 E   0.18130 0.18108 0.17663 0.15173 0.10326 0.07115 0.06212 0.06112 0.01162 ( 1)  2.216  0.012
 170 W   0.00000 0.00036 0.00764 0.05061 0.14734 0.22460 0.24865 0.25138 0.06941 ( 8) 12.491  0.069
 171 M   0.20234 0.20202 0.19560 0.16010 0.09431 0.05476 0.04458 0.04348 0.00280 ( 1)  0.675  0.003
 172 I   0.00000 0.00075 0.01572 0.09173 0.19376 0.21723 0.21547 0.21501 0.05032 ( 6)  9.214  0.050
 173 L   0.00000 0.00000 0.00006 0.00277 0.02759 0.07590 0.09951 0.10255 0.69162 ( 9) 117.202  0.692
 174 Y   0.19240 0.19210 0.18613 0.15369 0.09628 0.06320 0.05468 0.05376 0.00776 ( 1)  1.541  0.008
 175 G   0.18479 0.18455 0.17969 0.15224 0.09856 0.06412 0.05498 0.05399 0.02707 ( 1)  4.808  0.027
 176 E   0.19335 0.19306 0.18726 0.15539 0.09719 0.06233 0.05322 0.05223 0.00598 ( 1)  1.236  0.006
 177 N   0.00000 0.00000 0.00044 0.01730 0.11122 0.20026 0.22486 0.22748 0.21845 ( 8) 37.598  0.218
 178 S   0.17729 0.17708 0.17292 0.14933 0.10221 0.07073 0.06204 0.06108 0.02731 ( 1)  4.869  0.027
 179 L   0.14888 0.14881 0.14735 0.13861 0.11803 0.09990 0.09365 0.09292 0.01185 ( 1)  2.347  0.012
 180 R   0.16954 0.16940 0.16661 0.15021 0.11331 0.08328 0.07357 0.07245 0.00163 ( 1)  0.565  0.002
 181 R   0.00000 0.00037 0.00784 0.05129 0.14451 0.21257 0.23199 0.23413 0.11730 ( 8) 20.543  0.117
 182 L   0.16984 0.16969 0.16656 0.14857 0.11061 0.08232 0.07367 0.07269 0.00606 ( 1)  1.311  0.006
 183 M   0.20234 0.20202 0.19560 0.16010 0.09431 0.05476 0.04458 0.04348 0.00280 ( 1)  0.675  0.003
 184 H   0.20664 0.20628 0.19908 0.15982 0.09034 0.05138 0.04182 0.04080 0.00384 ( 1)  0.841  0.004
 185 I   0.20190 0.20152 0.19390 0.15373 0.08856 0.05564 0.04790 0.04708 0.00978 ( 1)  1.859  0.010
 186 I   0.20190 0.20152 0.19390 0.15373 0.08856 0.05564 0.04790 0.04708 0.00978 ( 1)  1.859  0.010
 187 G   0.20060 0.20029 0.19404 0.15952 0.09535 0.05615 0.04588 0.04477 0.00340 ( 1)  0.781  0.003
 188 H   0.20664 0.20628 0.19908 0.15982 0.09034 0.05138 0.04182 0.04080 0.00384 ( 1)  0.841  0.004
 189 W   0.14892 0.14886 0.14760 0.13992 0.12076 0.10241 0.09572 0.09491 0.00090 ( 1)  0.502  0.001
 190 I   0.19726 0.19693 0.19030 0.15458 0.09303 0.05935 0.05107 0.05018 0.00730 ( 1)  1.452  0.007
 191 S   0.15184 0.15176 0.15025 0.14117 0.11931 0.09949 0.09253 0.09170 0.00193 ( 1)  0.668  0.002
 192 K   0.19265 0.19235 0.18637 0.15383 0.09613 0.06290 0.05438 0.05346 0.00792 ( 1)  1.567  0.008
 193 R   0.00000 0.00054 0.01134 0.07000 0.16949 0.21467 0.22196 0.22257 0.08944 ( 8) 15.826  0.089
 194 H   0.00000 0.00061 0.01289 0.07724 0.17468 0.20957 0.21317 0.21337 0.09847 ( 8) 17.334  0.098
 195 F   0.00000 0.00060 0.01257 0.07524 0.17064 0.20738 0.21264 0.21306 0.10787 ( 8) 18.919  0.108
 196 F   0.15756 0.15746 0.15558 0.14429 0.11765 0.09420 0.08614 0.08519 0.00193 ( 1)  0.651  0.002
 197 S   0.21195 0.21155 0.20352 0.16038 0.08663 0.04719 0.03782 0.03683 0.00414 ( 1)  0.878  0.004
 198 V   0.17926 0.17903 0.17449 0.14905 0.10013 0.06880 0.06030 0.05937 0.02958 ( 1)  5.245  0.030
 199 V   0.00000 0.00090 0.01872 0.10490 0.20150 0.20941 0.20311 0.20218 0.05926 ( 6) 10.701  0.059
 200 A   0.00000 0.00032 0.00672 0.04355 0.11910 0.17026 0.18424 0.18577 0.29003 ( 9) 49.601  0.290
 201 K   0.18268 0.18245 0.17772 0.15144 0.10162 0.06984 0.06112 0.06017 0.01297 ( 1)  2.441  0.013
 202 L   0.00000 0.00000 0.00017 0.00739 0.06046 0.13775 0.16847 0.17218 0.45358 ( 9) 77.162  0.454
 203 N   0.00000 0.00048 0.01002 0.06106 0.14583 0.18729 0.19601 0.19688 0.20243 ( 9) 34.842  0.202
 204 C   0.00000 0.00000 0.00033 0.01376 0.09999 0.20168 0.23545 0.23928 0.20951 ( 8) 36.104  0.210
 205 F   0.00000 0.00084 0.01754 0.10060 0.20234 0.21474 0.20845 0.20746 0.04803 ( 6)  8.816  0.048
 206 Q   0.00000 0.00003 0.00075 0.00879 0.05160 0.11468 0.14141 0.14472 0.53801 ( 9) 91.360  0.538
 207 S   0.21195 0.21155 0.20352 0.16038 0.08663 0.04719 0.03782 0.03683 0.00414 ( 1)  0.878  0.004
 208 T   0.00000 0.00009 0.00201 0.01739 0.07654 0.14861 0.17640 0.17975 0.39921 ( 9) 68.005  0.399
 209 L   0.14888 0.14881 0.14735 0.13861 0.11803 0.09990 0.09365 0.09292 0.01185 ( 1)  2.347  0.012
 210 I   0.20190 0.20152 0.19390 0.15373 0.08856 0.05564 0.04790 0.04708 0.00978 ( 1)  1.859  0.010
 211 P   0.17462 0.17446 0.17123 0.15237 0.11100 0.07871 0.06862 0.06747 0.00152 ( 1)  0.532  0.002
 212 V   0.17621 0.17601 0.17197 0.14933 0.10514 0.07540 0.06684 0.06589 0.01320 ( 1)  2.498  0.013
 213 K   0.00000 0.00075 0.01566 0.09181 0.19552 0.21900 0.21644 0.21585 0.04497 ( 6)  8.314  0.045
 214 A   0.00000 0.00084 0.01758 0.10023 0.20016 0.21327 0.20785 0.20698 0.05309 ( 6)  9.669  0.053
 215 L   0.16984 0.16969 0.16656 0.14857 0.11061 0.08232 0.07367 0.07269 0.00606 ( 1)  1.311  0.006
 216 G   0.14354 0.14349 0.14255 0.13678 0.12207 0.10750 0.10205 0.10138 0.00065 ( 1)  0.477  0.001
 217 N   0.20952 0.20907 0.20008 0.15367 0.08285 0.05008 0.04278 0.04202 0.00992 ( 1)  1.865  0.010
 218 R   0.17865 0.17846 0.17452 0.15206 0.10609 0.07348 0.06392 0.06285 0.00996 ( 1)  1.942  0.010
 219 K   0.19265 0.19235 0.18637 0.15383 0.09613 0.06290 0.05438 0.05346 0.00792 ( 1)  1.567  0.008
 220 L   0.19714 0.19685 0.19101 0.15856 0.09727 0.05902 0.04885 0.04774 0.00356 ( 1)  0.817  0.004
 221 Y   0.00000 0.00000 0.00023 0.01000 0.08003 0.17672 0.21300 0.21728 0.30274 ( 9) 51.791  0.303
 222 L   0.16195 0.16183 0.15927 0.14442 0.11238 0.08781 0.08018 0.07931 0.01284 ( 1)  2.476  0.013
 223 T   0.17965 0.17942 0.17493 0.14969 0.10055 0.06858 0.05984 0.05888 0.02845 ( 1)  5.053  0.028
 224 K   0.00000 0.00000 0.00014 0.00598 0.05239 0.12782 0.16036 0.16440 0.48892 ( 9) 83.110  0.489
 225 D   0.21201 0.21156 0.20264 0.15607 0.08289 0.04788 0.04003 0.03921 0.00771 ( 1)  1.485  0.008
 226 I   0.20190 0.20152 0.19390 0.15373 0.08856 0.05564 0.04790 0.04708 0.00978 ( 1)  1.859  0.010
 227 S   0.00000 0.00009 0.00192 0.01528 0.06450 0.12961 0.15665 0.15999 0.47196 ( 9) 80.243  0.472
 228 S   0.00000 0.00061 0.01274 0.07649 0.17305 0.20764 0.21151 0.21175 0.10622 ( 8) 18.638  0.106
 229 R   0.17865 0.17846 0.17452 0.15206 0.10609 0.07348 0.06392 0.06285 0.00996 ( 1)  1.942  0.010
 230 F   0.20277 0.20241 0.19521 0.15644 0.09021 0.05466 0.04611 0.04520 0.00699 ( 1)  1.383  0.007
 231 R   0.00000 0.00000 0.00026 0.01103 0.08734 0.19128 0.23001 0.23457 0.24551 ( 9) 42.166  0.246
 232 G   0.00000 0.00010 0.00230 0.02126 0.09742 0.18601 0.21796 0.22171 0.25324 ( 9) 43.450  0.253
 233 P   0.00000 0.00048 0.01008 0.06426 0.16896 0.23066 0.24441 0.24576 0.03539 ( 8)  6.746  0.035
 234 P   0.17462 0.17446 0.17123 0.15237 0.11100 0.07871 0.06862 0.06747 0.00152 ( 1)  0.532  0.002
 235 A   0.00000 0.00000 0.00012 0.00583 0.05707 0.15144 0.19483 0.20030 0.39041 ( 9) 66.547  0.390
 236 G   0.18207 0.18187 0.17783 0.15467 0.10665 0.07202 0.06176 0.06061 0.00250 ( 1)  0.677  0.003
 237 C   0.00000 0.00037 0.00780 0.05162 0.15007 0.22861 0.25306 0.25583 0.05264 ( 8)  9.669  0.053
 238 T   0.18947 0.18921 0.18411 0.15560 0.10078 0.06545 0.05579 0.05473 0.00485 ( 1)  1.055  0.005
 239 R   0.00000 0.00054 0.01134 0.07000 0.16949 0.21467 0.22196 0.22257 0.08944 ( 8) 15.826  0.089
 240 T   0.18947 0.18921 0.18411 0.15560 0.10078 0.06545 0.05579 0.05473 0.00485 ( 1)  1.055  0.005
 241 Y   0.00000 0.00063 0.01314 0.07788 0.17334 0.20769 0.21186 0.21214 0.10332 ( 8) 18.149  0.103
 242 L   0.16984 0.16969 0.16656 0.14857 0.11061 0.08232 0.07367 0.07269 0.00606 ( 1)  1.311  0.006
 243 A   0.17325 0.17308 0.16955 0.14942 0.10807 0.07826 0.06932 0.06831 0.01074 ( 1)  2.090  0.011
 244 Y   0.19240 0.19210 0.18613 0.15369 0.09628 0.06320 0.05468 0.05376 0.00776 ( 1)  1.541  0.008
 245 L   0.00000 0.00033 0.00696 0.04683 0.14172 0.22366 0.25062 0.25373 0.07616 ( 8) 13.632  0.076
 246 I   0.19726 0.19693 0.19030 0.15458 0.09303 0.05935 0.05107 0.05018 0.00730 ( 1)  1.452  0.007
 247 A   0.20080 0.20047 0.19400 0.15848 0.09403 0.05605 0.04634 0.04529 0.00455 ( 1)  0.975  0.005
 248 E   0.18130 0.18108 0.17663 0.15173 0.10326 0.07115 0.06212 0.06112 0.01162 ( 1)  2.216  0.012
 249 K   0.18268 0.18245 0.17772 0.15144 0.10162 0.06984 0.06112 0.06017 0.01297 ( 1)  2.441  0.013
 250 L   0.16984 0.16969 0.16656 0.14857 0.11061 0.08232 0.07367 0.07269 0.00606 ( 1)  1.311  0.006
 251 V   0.20102 0.20067 0.19357 0.15553 0.09093 0.05612 0.04764 0.04674 0.00778 ( 1)  1.522  0.008
 252 Q   0.15834 0.15824 0.15619 0.14406 0.11599 0.09196 0.08386 0.08291 0.00846 ( 1)  1.747  0.008
 253 N   0.00000 0.00061 0.01289 0.07724 0.17468 0.20957 0.21317 0.21337 0.09847 ( 8) 17.334  0.098
 254 T   0.00000 0.00052 0.01085 0.06702 0.16373 0.21169 0.22118 0.22208 0.10292 ( 8) 18.099  0.103
 255 C   0.17224 0.17207 0.16868 0.14929 0.10897 0.07949 0.07059 0.06958 0.00909 ( 1)  1.815  0.009
 256 I   0.20190 0.20152 0.19390 0.15373 0.08856 0.05564 0.04790 0.04708 0.00978 ( 1)  1.859  0.010
 257 I   0.00000 0.00037 0.00797 0.05264 0.14795 0.21130 0.22704 0.22867 0.12405 ( 8) 21.673  0.124
 258 F   0.00000 0.00060 0.01261 0.07589 0.17416 0.21188 0.21635 0.21663 0.09188 ( 8) 16.227  0.092
 259 F   0.18110 0.18087 0.17637 0.15122 0.10289 0.07147 0.06273 0.06176 0.01160 ( 1)  2.215  0.012
 260 E   0.17264 0.17248 0.16928 0.15073 0.11077 0.08019 0.07072 0.06964 0.00354 ( 1)  0.878  0.004
 261 D   0.21201 0.21156 0.20264 0.15607 0.08289 0.04788 0.04003 0.03921 0.00771 ( 1)  1.485  0.008
 262 Y   0.17131 0.17114 0.16764 0.14782 0.10801 0.08001 0.07169 0.07075 0.01164 ( 1)  2.248  0.012
 263 D   0.18855 0.18828 0.18275 0.15255 0.09800 0.06528 0.05661 0.05566 0.01231 ( 1)  2.316  0.012
 264 L   0.00000 0.00053 0.01115 0.06984 0.17527 0.22868 0.23834 0.23918 0.03701 ( 8)  7.009  0.037
 265 L   0.15952 0.15942 0.15734 0.14501 0.11646 0.09206 0.08385 0.08289 0.00343 ( 1)  0.898  0.003
 266 L   0.00000 0.00005 0.00111 0.01168 0.06299 0.13467 0.16412 0.16773 0.45767 ( 9) 77.844  0.458
 267 Q   0.00000 0.00037 0.00787 0.05009 0.13249 0.18565 0.19982 0.20135 0.22236 ( 9) 38.211  0.222
 268 L   0.14888 0.14881 0.14735 0.13861 0.11803 0.09990 0.09365 0.09292 0.01185 ( 1)  2.347  0.012
 269 I   0.00000 0.00035 0.00747 0.04832 0.13199 0.18863 0.20408 0.20576 0.21339 ( 9) 36.705  0.213
 270 K   0.00000 0.00081 0.01672 0.09364 0.18278 0.19798 0.19614 0.19577 0.11615 ( 6) 20.285  0.116
 271 C   0.00000 0.00000 0.00011 0.00518 0.05010 0.13563 0.17720 0.18256 0.44923 ( 9) 76.439  0.449
 272 Y   0.14429 0.14424 0.14318 0.13681 0.12118 0.10646 0.10111 0.10047 0.00225 ( 1)  0.744  0.002
 273 L   0.00000 0.00000 0.00001 0.00086 0.01402 0.05073 0.07169 0.07450 0.78819 ( 9) 133.446  0.788
 274 K   0.19265 0.19235 0.18637 0.15383 0.09613 0.06290 0.05438 0.05346 0.00792 ( 1)  1.567  0.008
 275 V   0.00000 0.00076 0.01577 0.09181 0.19320 0.21658 0.21506 0.21464 0.05220 ( 6)  9.531  0.052
 276 C   0.17224 0.17207 0.16868 0.14929 0.10897 0.07949 0.07059 0.06958 0.00909 ( 1)  1.815  0.009
 277 S   0.00000 0.00000 0.00031 0.01295 0.09735 0.20149 0.23700 0.24105 0.20985 ( 8) 36.165  0.210
 278 D   0.00000 0.00109 0.02246 0.12115 0.21170 0.20267 0.19163 0.19021 0.05909 ( 5) 10.649  0.059
 279 P   0.00000 0.00027 0.00579 0.03662 0.09450 0.12849 0.13693 0.13784 0.45956 ( 9) 78.120  0.460
 280 Y   0.00000 0.00062 0.01290 0.07680 0.17262 0.20889 0.21387 0.21425 0.10005 ( 8) 17.600  0.100
 281 N   0.00000 0.00109 0.02246 0.12115 0.21170 0.20267 0.19163 0.19021 0.05909 ( 5) 10.649  0.059
 282 Y   0.19240 0.19210 0.18613 0.15369 0.09628 0.06320 0.05468 0.05376 0.00776 ( 1)  1.541  0.008
 283 H   0.20664 0.20628 0.19908 0.15982 0.09034 0.05138 0.04182 0.04080 0.00384 ( 1)  0.841  0.004
 284 V   0.17489 0.17471 0.17100 0.14985 0.10658 0.07619 0.06737 0.06639 0.01302 ( 1)  2.469  0.013
 285 D   0.21201 0.21156 0.20264 0.15607 0.08289 0.04788 0.04003 0.03921 0.00771 ( 1)  1.485  0.008
 286 K   0.00000 0.00075 0.01566 0.09181 0.19552 0.21900 0.21644 0.21585 0.04497 ( 6)  8.314  0.045
 287 K   0.19265 0.19235 0.18637 0.15383 0.09613 0.06290 0.05438 0.05346 0.00792 ( 1)  1.567  0.008
 288 Y   0.17131 0.17114 0.16764 0.14782 0.10801 0.08001 0.07169 0.07075 0.01164 ( 1)  2.248  0.012
 289 L   0.15952 0.15942 0.15734 0.14501 0.11646 0.09206 0.08385 0.08289 0.00343 ( 1)  0.898  0.003
 290 T   0.20325 0.20289 0.19577 0.15734 0.09083 0.05421 0.04523 0.04427 0.00620 ( 1)  1.249  0.006
 291 G   0.20060 0.20029 0.19404 0.15952 0.09535 0.05615 0.04588 0.04477 0.00340 ( 1)  0.781  0.003
 292 S   0.15579 0.15569 0.15360 0.14126 0.11341 0.09062 0.08324 0.08239 0.02400 ( 1)  4.371  0.024
 293 S   0.15974 0.15963 0.15739 0.14422 0.11460 0.09033 0.08240 0.08148 0.01021 ( 1)  2.039  0.010
 294 T   0.00000 0.00052 0.01085 0.06702 0.16373 0.21169 0.22118 0.22208 0.10292 ( 8) 18.099  0.103
 295 P   0.00000 0.00044 0.00928 0.05953 0.15909 0.22186 0.23738 0.23898 0.07343 ( 8) 13.151  0.073
 296 T   0.00000 0.00062 0.01301 0.07920 0.18511 0.22524 0.22882 0.22893 0.03907 ( 8)  7.341  0.039
 297 E   0.19335 0.19306 0.18726 0.15539 0.09719 0.06233 0.05322 0.05223 0.00598 ( 1)  1.236  0.006
 298 V   0.00000 0.00064 0.01331 0.07884 0.17456 0.20673 0.20952 0.20962 0.10680 ( 8) 18.732  0.107
 299 D   0.21201 0.21156 0.20264 0.15607 0.08289 0.04788 0.04003 0.03921 0.00771 ( 1)  1.485  0.008
 300 D   0.00000 0.00077 0.01602 0.09149 0.18546 0.20391 0.20194 0.20152 0.09889 ( 6) 17.385  0.099
 301 G   0.18207 0.18187 0.17783 0.15467 0.10665 0.07202 0.06176 0.06061 0.00250 ( 1)  0.677  0.003
 302 C   0.19940 0.19910 0.19294 0.15890 0.09564 0.05726 0.04726 0.04618 0.00333 ( 1)  0.771  0.003
 303 G   0.17204 0.17187 0.16852 0.14932 0.10918 0.07946 0.07039 0.06936 0.00986 ( 1)  1.945  0.010
 304 L   0.16984 0.16969 0.16656 0.14857 0.11061 0.08232 0.07367 0.07269 0.00606 ( 1)  1.311  0.006
 305 L   0.19714 0.19685 0.19101 0.15856 0.09727 0.05902 0.04885 0.04774 0.00356 ( 1)  0.817  0.004
 306 G   0.18207 0.18187 0.17783 0.15467 0.10665 0.07202 0.06176 0.06061 0.00250 ( 1)  0.677  0.003
 307 R   0.15240 0.15232 0.15082 0.14172 0.11958 0.09915 0.09188 0.09101 0.00111 ( 1)  0.528  0.001
 308 L   0.19714 0.19685 0.19101 0.15856 0.09727 0.05902 0.04885 0.04774 0.00356 ( 1)  0.817  0.004
 309 I   0.20190 0.20152 0.19390 0.15373 0.08856 0.05564 0.04790 0.04708 0.00978 ( 1)  1.859  0.010
 310 T   0.18947 0.18921 0.18411 0.15560 0.10078 0.06545 0.05579 0.05473 0.00485 ( 1)  1.055  0.005
 311 F   0.18110 0.18087 0.17637 0.15122 0.10289 0.07147 0.06273 0.06176 0.01160 ( 1)  2.215  0.012
 312 L   0.16265 0.16253 0.15996 0.14503 0.11262 0.08734 0.07934 0.07842 0.01211 ( 1)  2.350  0.012
 313 K   0.19265 0.19235 0.18637 0.15383 0.09613 0.06290 0.05438 0.05346 0.00792 ( 1)  1.567  0.008
 314 Y   0.17131 0.17114 0.16764 0.14782 0.10801 0.08001 0.07169 0.07075 0.01164 ( 1)  2.248  0.012
 315 A   0.17325 0.17308 0.16955 0.14942 0.10807 0.07826 0.06932 0.06831 0.01074 ( 1)  2.090  0.011
 316 E   0.19335 0.19306 0.18726 0.15539 0.09719 0.06233 0.05322 0.05223 0.00598 ( 1)  1.236  0.006
 317 P   0.17462 0.17446 0.17123 0.15237 0.11100 0.07871 0.06862 0.06747 0.00152 ( 1)  0.532  0.002
 318 D   0.21201 0.21156 0.20264 0.15607 0.08289 0.04788 0.04003 0.03921 0.00771 ( 1)  1.485  0.008
 319 S   0.21195 0.21155 0.20352 0.16038 0.08663 0.04719 0.03782 0.03683 0.00414 ( 1)  0.878  0.004
 320 H   0.00000 0.00059 0.01250 0.07580 0.17497 0.21149 0.21517 0.21536 0.09412 ( 8) 16.604  0.094
 321 L   0.16984 0.16969 0.16656 0.14857 0.11061 0.08232 0.07367 0.07269 0.00606 ( 1)  1.311  0.006
 322 F   0.20277 0.20241 0.19521 0.15644 0.09021 0.05466 0.04611 0.04520 0.00699 ( 1)  1.383  0.007
 323 S   0.19547 0.19518 0.18931 0.15692 0.09696 0.06047 0.05087 0.04983 0.00498 ( 1)  1.061  0.005
 324 I   0.00000 0.00061 0.01274 0.07649 0.17305 0.20764 0.21151 0.21175 0.10622 ( 8) 18.638  0.106
 325 S   0.16916 0.16901 0.16603 0.14876 0.11170 0.08344 0.07467 0.07367 0.00357 ( 1)  0.894  0.004
 326 Y   0.14429 0.14424 0.14318 0.13681 0.12118 0.10646 0.10111 0.10047 0.00225 ( 1)  0.744  0.002
 327 L   0.16984 0.16969 0.16656 0.14857 0.11061 0.08232 0.07367 0.07269 0.00606 ( 1)  1.311  0.006
 328 K   0.17496 0.17479 0.17126 0.15104 0.10883 0.07790 0.06859 0.06754 0.00509 ( 1)  1.133  0.005
 329 Y   0.19240 0.19210 0.18613 0.15369 0.09628 0.06320 0.05468 0.05376 0.00776 ( 1)  1.541  0.008
 330 E   0.00000 0.00000 0.00044 0.01730 0.11122 0.20026 0.22486 0.22748 0.21845 ( 8) 37.598  0.218
 331 N   0.00000 0.00109 0.02246 0.12115 0.21170 0.20267 0.19163 0.19021 0.05909 ( 5) 10.649  0.059
 332 V   0.00000 0.00042 0.00883 0.05478 0.13641 0.18192 0.19295 0.19412 0.23057 ( 9) 39.584  0.231
 333 T   0.18947 0.18921 0.18411 0.15560 0.10078 0.06545 0.05579 0.05473 0.00485 ( 1)  1.055  0.005
 334 C   0.19940 0.19910 0.19294 0.15890 0.09564 0.05726 0.04726 0.04618 0.00333 ( 1)  0.771  0.003
 335 E   0.19335 0.19306 0.18726 0.15539 0.09719 0.06233 0.05322 0.05223 0.00598 ( 1)  1.236  0.006
 336 A   0.00000 0.00052 0.01103 0.06786 0.16470 0.21244 0.22198 0.22290 0.09856 ( 8) 17.363  0.099
 337 Y   0.19240 0.19210 0.18613 0.15369 0.09628 0.06320 0.05468 0.05376 0.00776 ( 1)  1.541  0.008
 338 Y   0.17131 0.17114 0.16764 0.14782 0.10801 0.08001 0.07169 0.07075 0.01164 ( 1)  2.248  0.012
 339 D   0.21201 0.21156 0.20264 0.15607 0.08289 0.04788 0.04003 0.03921 0.00771 ( 1)  1.485  0.008
 340 D   0.21201 0.21156 0.20264 0.15607 0.08289 0.04788 0.04003 0.03921 0.00771 ( 1)  1.485  0.008
 341 Y   0.19240 0.19210 0.18613 0.15369 0.09628 0.06320 0.05468 0.05376 0.00776 ( 1)  1.541  0.008
 342 S   0.00000 0.00000 0.00058 0.02226 0.13515 0.22691 0.24736 0.24931 0.11844 ( 8) 20.768  0.118
 343 V   0.00000 0.00017 0.00371 0.02438 0.07036 0.10858 0.12160 0.12315 0.54804 ( 9) 93.019  0.548
 344 K   0.00000 0.00000 0.00003 0.00137 0.01768 0.05812 0.08038 0.08335 0.75907 ( 9) 128.548  0.759
 345 W   0.14892 0.14886 0.14760 0.13992 0.12076 0.10241 0.09572 0.09491 0.00090 ( 1)  0.502  0.001
 346 E   0.19335 0.19306 0.18726 0.15539 0.09719 0.06233 0.05322 0.05223 0.00598 ( 1)  1.236  0.006
 347 T   0.00000 0.00061 0.01267 0.07521 0.16864 0.20557 0.21173 0.21229 0.11329 ( 8) 19.831  0.113
 348 L   0.00000 0.00053 0.01111 0.06790 0.16163 0.20345 0.21034 0.21092 0.13411 ( 8) 23.343  0.134
 349 M   0.20234 0.20202 0.19560 0.16010 0.09431 0.05476 0.04458 0.04348 0.00280 ( 1)  0.675  0.003
 350 K   0.18268 0.18245 0.17772 0.15144 0.10162 0.06984 0.06112 0.06017 0.01297 ( 1)  2.441  0.013
 351 E   0.00000 0.00000 0.00008 0.00384 0.04172 0.11355 0.14611 0.15019 0.54452 ( 9) 92.464  0.545
 352 F   0.00000 0.00024 0.00511 0.03343 0.09608 0.14777 0.16504 0.16706 0.38529 ( 9) 65.637  0.385
 353 H   0.20664 0.20628 0.19908 0.15982 0.09034 0.05138 0.04182 0.04080 0.00384 ( 1)  0.841  0.004
 354 N   0.00000 0.00000 0.00015 0.00625 0.05081 0.11589 0.14206 0.14524 0.53959 ( 9) 91.628  0.540
 355 L   0.00000 0.00000 0.00003 0.00182 0.02629 0.08510 0.11542 0.11936 0.65199 ( 9) 110.541  0.652
 356 N   0.00000 0.00073 0.01519 0.08727 0.18050 0.20369 0.20386 0.20369 0.10506 ( 7) 18.429  0.105
 357 S   0.00000 0.00000 0.00058 0.02226 0.13515 0.22691 0.24736 0.24931 0.11844 ( 8) 20.768  0.118
 358 E   0.19335 0.19306 0.18726 0.15539 0.09719 0.06233 0.05322 0.05223 0.00598 ( 1)  1.236  0.006
 359 A   0.00000 0.00032 0.00686 0.04389 0.11770 0.16672 0.18010 0.18155 0.30286 ( 9) 51.757  0.303
 360 S   0.00000 0.00000 0.00028 0.01194 0.09246 0.19753 0.23529 0.23969 0.22281 ( 8) 38.347  0.223
 361 I   0.00000 0.00090 0.01866 0.10485 0.20228 0.21002 0.20334 0.20236 0.05759 ( 6) 10.419  0.058
 362 K   0.00000 0.00000 0.00030 0.01259 0.09378 0.19446 0.22954 0.23358 0.23575 ( 9) 40.520  0.236
 363 E   0.00000 0.00000 0.00020 0.00862 0.07295 0.17118 0.21134 0.21623 0.31949 ( 9) 54.612  0.319
 364 F   0.20277 0.20241 0.19521 0.15644 0.09021 0.05466 0.04611 0.04520 0.00699 ( 1)  1.383  0.007

Positively selected sites

	Prob(w>1)  mean w

    14 N      0.895         151.469
    93 W      0.839         141.922
    96 S      0.911         154.138
    99 E      0.834         141.067
   126 R      0.594         100.714
   132 P      0.834         141.204
   161 T      0.669         113.430
   173 L      0.692         117.202
   206 Q      0.538         91.360
   273 L      0.788         133.446
   343 V      0.548         93.019
   344 K      0.759         128.548
   351 E      0.545         92.464
   354 N      0.540         91.628
   355 L      0.652         110.541


lnL = -2251.211812

Bayes Empirical Bayes (BEB) probabilities for 11 classes (class) & postmean_w
(amino acids refer to 1st sequence: scj.3624)

   1 M   0.48273 0.15846 0.10289 0.07225 0.05245 0.03872 0.02881 0.02149 0.01614 0.01760 0.00846 ( 1)  0.256 +-  0.599
   2 D   0.50190 0.15753 0.09825 0.06687 0.04748 0.03459 0.02561 0.01916 0.01453 0.01604 0.01804 ( 1)  0.309 +-  0.913
   3 I   0.47170 0.15424 0.10023 0.07086 0.05210 0.03917 0.02983 0.02290 0.01775 0.01999 0.02123 ( 1)  0.340 +-  0.956
   4 K   0.06984 0.07240 0.08365 0.08782 0.08744 0.08401 0.07848 0.07159 0.06432 0.08006 0.22039 (11)  1.776 +-  2.724
   5 S   0.50157 0.15998 0.10092 0.06903 0.04894 0.03536 0.02583 0.01897 0.01405 0.01515 0.01022 ( 1)  0.259 +-  0.688
   6 L   0.40586 0.14458 0.10222 0.07810 0.06161 0.04932 0.03972 0.03200 0.02588 0.03013 0.03057 ( 1)  0.427 +-  1.097
   7 L   0.41973 0.14757 0.10296 0.07766 0.06050 0.04787 0.03811 0.03038 0.02432 0.02807 0.02283 ( 1)  0.369 +-  0.920
   8 N   0.08161 0.08098 0.09037 0.09187 0.08878 0.08297 0.07558 0.06741 0.05939 0.07354 0.20749 (11)  1.707 +-  2.709
   9 E   0.46483 0.15442 0.10182 0.07283 0.05401 0.04083 0.03118 0.02393 0.01850 0.02076 0.01690 ( 1)  0.316 +-  0.842
  10 I   0.48095 0.15442 0.09872 0.06888 0.05014 0.03741 0.02836 0.02170 0.01680 0.01891 0.02373 ( 1)  0.354 +-  1.035
  11 M   0.02785 0.03847 0.05355 0.06417 0.07046 0.07289 0.07209 0.06872 0.06383 0.08125 0.38672 (11)  2.969 +-  3.437
  12 T   0.45685 0.15385 0.10274 0.07427 0.05554 0.04225 0.03240 0.02492 0.01929 0.02164 0.01626 ( 1)  0.316 +-  0.821
  13 L   0.00959 0.01646 0.02606 0.03438 0.04089 0.04540 0.04789 0.04848 0.04769 0.06576 0.61738 (11)  4.522 +-  3.651
  14 N   0.00020 0.00069 0.00152 0.00255 0.00370 0.00490 0.00607 0.00716 0.00819 0.01505 0.94999 (11)  6.764 +-  2.740
  15 N   0.49674 0.15568 0.09726 0.06651 0.04759 0.03502 0.02624 0.01990 0.01529 0.01710 0.02266 ( 1)  0.341 +-  1.023
  16 Y   0.46278 0.15324 0.10089 0.07221 0.05369 0.04077 0.03131 0.02420 0.01886 0.02132 0.02073 ( 1)  0.342 +-  0.944
  17 S   0.03421 0.03575 0.04209 0.04516 0.04611 0.04555 0.04388 0.04140 0.03863 0.05260 0.57462 (11)  4.284 +-  3.747
  18 E   0.46483 0.15442 0.10182 0.07283 0.05401 0.04083 0.03118 0.02393 0.01850 0.02076 0.01690 ( 1)  0.316 +-  0.842
  19 P   0.40628 0.14573 0.10364 0.07951 0.06288 0.05040 0.04057 0.03264 0.02632 0.03051 0.02153 ( 1)  0.370 +-  0.887
  20 Q   0.06984 0.07240 0.08365 0.08782 0.08744 0.08401 0.07848 0.07159 0.06432 0.08006 0.22039 (11)  1.776 +-  2.724
  21 L   0.41973 0.14757 0.10296 0.07766 0.06050 0.04787 0.03811 0.03038 0.02432 0.02807 0.02283 ( 1)  0.369 +-  0.920
  22 S   0.41894 0.14780 0.10344 0.07822 0.06107 0.04840 0.03858 0.03078 0.02465 0.02843 0.01969 ( 1)  0.348 +-  0.820
  23 P   0.43052 0.15086 0.10476 0.07848 0.06061 0.04745 0.03732 0.02934 0.02313 0.02629 0.01125 ( 1)  0.295 +-  0.603
  24 N   0.09334 0.08903 0.09628 0.09523 0.08988 0.08231 0.07371 0.06481 0.05647 0.06975 0.18917 (11)  1.590 +-  2.630
  25 Y   0.46278 0.15324 0.10089 0.07221 0.05369 0.04077 0.03131 0.02420 0.01886 0.02132 0.02073 ( 1)  0.342 +-  0.944
  26 R   0.38831 0.14243 0.10350 0.08110 0.06546 0.05352 0.04391 0.03598 0.02952 0.03467 0.02158 ( 1)  0.363 +-  0.750
  27 L   0.41973 0.14757 0.10296 0.07766 0.06050 0.04787 0.03811 0.03038 0.02432 0.02807 0.02283 ( 1)  0.369 +-  0.920
  28 M   0.48273 0.15846 0.10289 0.07225 0.05245 0.03872 0.02881 0.02149 0.01614 0.01760 0.00846 ( 1)  0.256 +-  0.599
  29 I   0.48095 0.15442 0.09872 0.06888 0.05014 0.03741 0.02836 0.02170 0.01680 0.01891 0.02373 ( 1)  0.354 +-  1.035
  30 D   0.50190 0.15753 0.09825 0.06687 0.04748 0.03459 0.02561 0.01916 0.01453 0.01604 0.01804 ( 1)  0.309 +-  0.913
  31 K   0.46322 0.15334 0.10090 0.07216 0.05361 0.04066 0.03120 0.02409 0.01876 0.02121 0.02086 ( 1)  0.342 +-  0.943
  32 R   0.38831 0.14243 0.10350 0.08110 0.06546 0.05352 0.04391 0.03598 0.02952 0.03467 0.02158 ( 1)  0.363 +-  0.750
  33 F   0.48314 0.15626 0.10029 0.06998 0.05075 0.03763 0.02826 0.02139 0.01636 0.01820 0.01774 ( 1)  0.314 +-  0.887
  34 M   0.48273 0.15846 0.10289 0.07225 0.05245 0.03872 0.02881 0.02149 0.01614 0.01760 0.00846 ( 1)  0.256 +-  0.599
  35 P   0.43224 0.14942 0.10247 0.07588 0.05799 0.04495 0.03505 0.02734 0.02141 0.02427 0.02898 ( 1)  0.427 +-  1.216
  36 S   0.50157 0.15998 0.10092 0.06903 0.04894 0.03536 0.02583 0.01897 0.01405 0.01515 0.01022 ( 1)  0.259 +-  0.688
  37 T   0.06293 0.06581 0.07648 0.08080 0.08103 0.07845 0.07391 0.06803 0.06170 0.07779 0.27306 (11)  2.111 +-  2.968
  38 G   0.00186 0.00629 0.01279 0.01973 0.02636 0.03214 0.03669 0.03978 0.04157 0.06107 0.72173 (11)  5.185 +-  3.502
  39 I   0.00959 0.01646 0.02606 0.03438 0.04089 0.04540 0.04789 0.04848 0.04769 0.06576 0.61738 (11)  4.522 +-  3.651
  40 H   0.00396 0.01219 0.02288 0.03273 0.04080 0.04665 0.05016 0.05142 0.05096 0.06995 0.61832 (11)  4.528 +-  3.636
  41 V   0.06521 0.06523 0.07339 0.07540 0.07380 0.06998 0.06478 0.05879 0.05276 0.06722 0.33345 (11)  2.590 +-  3.334
  42 S   0.41894 0.14780 0.10344 0.07822 0.06107 0.04840 0.03858 0.03078 0.02465 0.02843 0.01969 ( 1)  0.348 +-  0.820
  43 N   0.49674 0.15568 0.09726 0.06651 0.04759 0.03502 0.02624 0.01990 0.01529 0.01710 0.02266 ( 1)  0.341 +-  1.023
  44 D   0.09932 0.09290 0.09889 0.09639 0.08974 0.08117 0.07188 0.06258 0.05408 0.06668 0.18637 (11)  1.580 +-  2.643
  45 L   0.47244 0.15680 0.10306 0.07328 0.05386 0.04025 0.03031 0.02289 0.01738 0.01915 0.01058 ( 1)  0.275 +-  0.672
  46 R   0.42160 0.14931 0.10480 0.07936 0.06193 0.04898 0.03890 0.03087 0.02455 0.02811 0.01159 ( 1)  0.300 +-  0.584
  47 T   0.48385 0.15679 0.10077 0.07035 0.05098 0.03771 0.02822 0.02126 0.01616 0.01787 0.01605 ( 1)  0.304 +-  0.849
  48 A   0.45211 0.15126 0.10045 0.07223 0.05375 0.04070 0.03108 0.02382 0.01838 0.02062 0.03561 ( 1)  0.463 +-  1.364
  49 W   0.38114 0.14085 0.10309 0.08134 0.06609 0.05438 0.04489 0.03700 0.03054 0.03602 0.02466 ( 1)  0.383 +-  0.806
  50 M   0.48273 0.15846 0.10289 0.07225 0.05245 0.03872 0.02881 0.02149 0.01614 0.01760 0.00846 ( 1)  0.256 +-  0.599
  51 N   0.45768 0.15181 0.10025 0.07202 0.05378 0.04101 0.03164 0.02456 0.01923 0.02183 0.02620 ( 1)  0.382 +-  1.087
  52 F   0.44165 0.15054 0.10193 0.07480 0.05686 0.04400 0.03435 0.02692 0.02123 0.02423 0.02349 ( 1)  0.369 +-  0.994
  53 V   0.10592 0.09975 0.10682 0.10446 0.09733 0.08789 0.07753 0.06711 0.05756 0.07002 0.12560 (11)  1.159 +-  2.128
  54 I   0.08649 0.08214 0.08861 0.08737 0.08216 0.07495 0.06686 0.05860 0.05094 0.06352 0.25836 (11)  2.103 +-  3.099
  55 G   0.47915 0.15782 0.10291 0.07260 0.05294 0.03925 0.02932 0.02196 0.01654 0.01808 0.00943 ( 1)  0.265 +-  0.645
  56 V   0.10592 0.09975 0.10682 0.10446 0.09733 0.08789 0.07753 0.06711 0.05756 0.07002 0.12560 (11)  1.159 +-  2.128
  57 A   0.45209 0.15373 0.10360 0.07547 0.05679 0.04341 0.03341 0.02575 0.01994 0.02237 0.01344 ( 1)  0.301 +-  0.732
  58 C   0.47695 0.15735 0.10278 0.07265 0.05313 0.03952 0.02964 0.02230 0.01689 0.01858 0.01020 ( 1)  0.270 +-  0.656
  59 Y   0.46278 0.15324 0.10089 0.07221 0.05369 0.04077 0.03131 0.02420 0.01886 0.02132 0.02073 ( 1)  0.342 +-  0.944
  60 A   0.40169 0.14509 0.10387 0.08021 0.06384 0.05147 0.04167 0.03371 0.02732 0.03179 0.01933 ( 1)  0.351 +-  0.762
  61 Y   0.46278 0.15324 0.10089 0.07221 0.05369 0.04077 0.03131 0.02420 0.01886 0.02132 0.02073 ( 1)  0.342 +-  0.944
  62 R   0.46412 0.15574 0.10352 0.07440 0.05525 0.04169 0.03168 0.02413 0.01847 0.02050 0.01050 ( 1)  0.277 +-  0.650
  63 T   0.48385 0.15679 0.10077 0.07035 0.05098 0.03771 0.02822 0.02126 0.01616 0.01787 0.01605 ( 1)  0.304 +-  0.849
  64 V   0.11007 0.10206 0.10784 0.10422 0.09611 0.08604 0.07536 0.06487 0.05543 0.06753 0.13047 (11)  1.190 +-  2.185
  65 G   0.47915 0.15782 0.10291 0.07260 0.05294 0.03925 0.02932 0.02196 0.01654 0.01808 0.00943 ( 1)  0.265 +-  0.645
  66 K   0.46322 0.15334 0.10090 0.07216 0.05361 0.04066 0.03120 0.02409 0.01876 0.02121 0.02086 ( 1)  0.342 +-  0.943
  67 E   0.09237 0.09113 0.10132 0.10258 0.09867 0.09172 0.08304 0.07355 0.06430 0.07840 0.12292 (11)  1.128 +-  2.020
  68 F   0.48314 0.15626 0.10029 0.06998 0.05075 0.03763 0.02826 0.02139 0.01636 0.01820 0.01774 ( 1)  0.314 +-  0.887
  69 P   0.43052 0.15086 0.10476 0.07848 0.06061 0.04745 0.03732 0.02934 0.02313 0.02629 0.01125 ( 1)  0.295 +-  0.603
  70 R   0.09884 0.09558 0.10459 0.10432 0.09894 0.09076 0.08117 0.07109 0.06154 0.07484 0.11835 (11)  1.105 +-  2.017
  71 E   0.46483 0.15442 0.10182 0.07283 0.05401 0.04083 0.03118 0.02393 0.01850 0.02076 0.01690 ( 1)  0.316 +-  0.842
  72 F   0.06562 0.06968 0.08192 0.08743 0.08841 0.08618 0.08161 0.07537 0.06845 0.08529 0.21003 (11)  1.671 +-  2.576
  73 K   0.46322 0.15334 0.10090 0.07216 0.05361 0.04066 0.03120 0.02409 0.01876 0.02121 0.02086 ( 1)  0.342 +-  0.943
  74 V   0.09694 0.09338 0.10174 0.10114 0.09569 0.08767 0.07840 0.06874 0.05964 0.07294 0.14372 (11)  1.267 +-  2.238
  75 L   0.36689 0.13706 0.10137 0.08083 0.06637 0.05519 0.04605 0.03836 0.03199 0.03808 0.03781 ( 1)  0.467 +-  1.073
  76 L   0.47244 0.15680 0.10306 0.07328 0.05386 0.04025 0.03031 0.02289 0.01738 0.01915 0.01058 ( 1)  0.275 +-  0.672
  77 A   0.40169 0.14509 0.10387 0.08021 0.06384 0.05147 0.04167 0.03371 0.02732 0.03179 0.01933 ( 1)  0.351 +-  0.762
  78 N   0.49674 0.15568 0.09726 0.06651 0.04759 0.03502 0.02624 0.01990 0.01529 0.01710 0.02266 ( 1)  0.341 +-  1.023
  79 S   0.38507 0.14126 0.10267 0.08049 0.06503 0.05322 0.04373 0.03589 0.02951 0.03475 0.02838 ( 1)  0.408 +-  0.934
  80 S   0.04527 0.05018 0.06104 0.06728 0.07018 0.07048 0.06870 0.06524 0.06087 0.07852 0.36224 (11)  2.683 +-  3.250
  81 V   0.47926 0.15535 0.10006 0.07013 0.05111 0.03808 0.02875 0.02186 0.01680 0.01877 0.01983 ( 1)  0.330 +-  0.942
  82 V   0.47926 0.15535 0.10006 0.07013 0.05111 0.03808 0.02875 0.02186 0.01680 0.01877 0.01983 ( 1)  0.330 +-  0.942
  83 A   0.47922 0.15715 0.10210 0.07186 0.05237 0.03886 0.02911 0.02189 0.01658 0.01824 0.01261 ( 1)  0.284 +-  0.745
  84 V   0.45352 0.15272 0.10207 0.07393 0.05546 0.04236 0.03265 0.02527 0.01969 0.02224 0.02011 ( 1)  0.341 +-  0.917
  85 L   0.41973 0.14757 0.10296 0.07766 0.06050 0.04787 0.03811 0.03038 0.02432 0.02807 0.02283 ( 1)  0.369 +-  0.920
  86 S   0.46893 0.15555 0.10231 0.07291 0.05380 0.04042 0.03065 0.02333 0.01788 0.01989 0.01432 ( 1)  0.299 +-  0.783
  87 S   0.04364 0.04682 0.05565 0.05998 0.06127 0.06038 0.05790 0.05427 0.05016 0.06580 0.44413 (11)  3.338 +-  3.585
  88 Y   0.04209 0.04655 0.05665 0.06249 0.06525 0.06564 0.06409 0.06100 0.05707 0.07436 0.40481 (11)  3.002 +-  3.411
  89 L   0.40586 0.14458 0.10222 0.07810 0.06161 0.04932 0.03972 0.03200 0.02588 0.03013 0.03057 ( 1)  0.427 +-  1.097
  90 A   0.47922 0.15715 0.10210 0.07186 0.05237 0.03886 0.02911 0.02189 0.01658 0.01824 0.01261 ( 1)  0.284 +-  0.745
  91 E   0.46483 0.15442 0.10182 0.07283 0.05401 0.04083 0.03118 0.02393 0.01850 0.02076 0.01690 ( 1)  0.316 +-  0.842
  92 D   0.50190 0.15753 0.09825 0.06687 0.04748 0.03459 0.02561 0.01916 0.01453 0.01604 0.01804 ( 1)  0.309 +-  0.913
  93 W   0.00075 0.00233 0.00460 0.00696 0.00921 0.01120 0.01285 0.01409 0.01506 0.02502 0.89794 (11)  6.439 +-  3.010
  94 N   0.00299 0.00959 0.01859 0.02744 0.03520 0.04137 0.04564 0.04793 0.04859 0.06833 0.65432 (11)  4.736 +-  3.588
  95 S   0.05701 0.05892 0.06805 0.07155 0.07149 0.06903 0.06493 0.05975 0.05425 0.06949 0.35553 (11)  2.734 +-  3.384
  96 S   0.00029 0.00098 0.00211 0.00346 0.00491 0.00634 0.00767 0.00883 0.00986 0.01742 0.93813 (11)  6.699 +-  2.807
  97 Y   0.10749 0.10161 0.10922 0.10705 0.09983 0.09010 0.07934 0.06849 0.05852 0.07082 0.10751 ( 3)  1.043 +-  1.957
  98 N   0.00834 0.02402 0.04234 0.05709 0.06722 0.07280 0.07433 0.07250 0.06847 0.08734 0.42555 (11)  3.215 +-  3.470
  99 E   0.00010 0.00053 0.00144 0.00276 0.00439 0.00620 0.00805 0.00979 0.01143 0.02095 0.93436 (11)  6.652 +-  2.823
 100 S   0.07707 0.07802 0.08841 0.09096 0.08871 0.08348 0.07643 0.06841 0.06041 0.07477 0.21334 (11)  1.748 +-  2.736
 101 D   0.01123 0.03167 0.05481 0.07254 0.08381 0.08903 0.08913 0.08523 0.07885 0.09736 0.30634 (11)  2.395 +-  3.085
 102 K   0.00852 0.02447 0.04301 0.05784 0.06793 0.07339 0.07476 0.07278 0.06861 0.08739 0.42129 (11)  3.187 +-  3.462
 103 D   0.50190 0.15753 0.09825 0.06687 0.04748 0.03459 0.02561 0.01916 0.01453 0.01604 0.01804 ( 1)  0.309 +-  0.913
 104 I   0.43996 0.14959 0.10120 0.07433 0.05661 0.04394 0.03444 0.02710 0.02147 0.02461 0.02673 ( 1)  0.392 +-  1.073
 105 P   0.06223 0.06637 0.07833 0.08387 0.08506 0.08312 0.07888 0.07300 0.06643 0.08317 0.23954 (11)  1.880 +-  2.772
 106 R   0.06982 0.07288 0.08467 0.08921 0.08901 0.08557 0.07990 0.07278 0.06524 0.08090 0.21002 (11)  1.710 +-  2.663
 107 Q   0.06831 0.07145 0.08312 0.08778 0.08783 0.08472 0.07941 0.07264 0.06538 0.08134 0.21801 (11)  1.757 +-  2.698
 108 E   0.46483 0.15442 0.10182 0.07283 0.05401 0.04083 0.03118 0.02393 0.01850 0.02076 0.01690 ( 1)  0.316 +-  0.842
 109 W   0.38114 0.14085 0.10309 0.08134 0.06609 0.05438 0.04489 0.03700 0.03054 0.03602 0.02466 ( 1)  0.383 +-  0.806
 110 I   0.08124 0.07962 0.08790 0.08864 0.08518 0.07934 0.07220 0.06445 0.05695 0.07106 0.23342 (11)  1.875 +-  2.854
 111 Y   0.10749 0.10161 0.10922 0.10705 0.09983 0.09010 0.07934 0.06849 0.05852 0.07082 0.10751 ( 3)  1.043 +-  1.957
 112 G   0.47915 0.15782 0.10291 0.07260 0.05294 0.03925 0.02932 0.02196 0.01654 0.01808 0.00943 ( 1)  0.265 +-  0.645
 113 L   0.40104 0.14471 0.10352 0.07990 0.06358 0.05126 0.04152 0.03360 0.02725 0.03174 0.02188 ( 1)  0.368 +-  0.842
 114 W   0.38114 0.14085 0.10309 0.08134 0.06609 0.05438 0.04489 0.03700 0.03054 0.03602 0.02466 ( 1)  0.383 +-  0.806
 115 T   0.42923 0.14891 0.10247 0.07624 0.05860 0.04575 0.03597 0.02834 0.02243 0.02568 0.02638 ( 1)  0.395 +-  1.065
 116 V   0.00366 0.01192 0.02319 0.03430 0.04407 0.05181 0.05716 0.05995 0.06056 0.08248 0.57090 (11)  4.096 +-  3.537
 117 E   0.42622 0.14952 0.10402 0.07814 0.06057 0.04763 0.03766 0.02978 0.02363 0.02704 0.01579 ( 1)  0.324 +-  0.742
 118 N   0.49674 0.15568 0.09726 0.06651 0.04759 0.03502 0.02624 0.01990 0.01529 0.01710 0.02266 ( 1)  0.341 +-  1.023
 119 L   0.40586 0.14458 0.10222 0.07810 0.06161 0.04932 0.03972 0.03200 0.02588 0.03013 0.03057 ( 1)  0.427 +-  1.097
 120 A   0.45209 0.15373 0.10360 0.07547 0.05679 0.04341 0.03341 0.02575 0.01994 0.02237 0.01344 ( 1)  0.301 +-  0.732
 121 S   0.06293 0.06581 0.07648 0.08080 0.08103 0.07845 0.07391 0.06803 0.06170 0.07779 0.27306 (11)  2.111 +-  2.968
 122 V   0.45419 0.15035 0.09892 0.07065 0.05236 0.03959 0.03026 0.02327 0.01806 0.02041 0.04195 ( 1)  0.502 +-  1.462
 123 N   0.12170 0.11000 0.11385 0.10786 0.09758 0.08574 0.07378 0.06246 0.05256 0.06360 0.11087 ( 1)  1.064 +-  2.041
 124 E   0.08195 0.08191 0.09195 0.09406 0.09146 0.08600 0.07879 0.07065 0.06252 0.07723 0.18347 (11)  1.535 +-  2.522
 125 M   0.48273 0.15846 0.10289 0.07225 0.05245 0.03872 0.02881 0.02149 0.01614 0.01760 0.00846 ( 1)  0.256 +-  0.599
 126 R   0.00184 0.00587 0.01150 0.01718 0.02232 0.02658 0.02975 0.03175 0.03280 0.04915 0.77126 (11)  5.573 +-  3.437
 127 C   0.07045 0.07338 0.08510 0.08948 0.08907 0.08541 0.07955 0.07228 0.06464 0.08010 0.21054 (11)  1.717 +-  2.677
 128 V   0.37239 0.13805 0.10139 0.08031 0.06554 0.05418 0.04496 0.03726 0.03093 0.03670 0.03828 ( 1)  0.474 +-  1.128
 129 I   0.07401 0.07514 0.08538 0.08824 0.08657 0.08204 0.07568 0.06827 0.06076 0.07560 0.22831 (11)  1.841 +-  2.805
 130 Q   0.00324 0.01027 0.01977 0.02894 0.03682 0.04289 0.04690 0.04882 0.04906 0.06838 0.64491 (11)  4.702 +-  3.616
 131 Q   0.41811 0.14843 0.10445 0.07929 0.06205 0.04921 0.03921 0.03121 0.02491 0.02862 0.01450 ( 1)  0.319 +-  0.681
 132 P   0.00066 0.00210 0.00428 0.00665 0.00898 0.01112 0.01293 0.01435 0.01547 0.02581 0.89766 (11)  6.435 +-  3.010
 133 I   0.08442 0.08037 0.08690 0.08588 0.08096 0.07405 0.06624 0.05821 0.05074 0.06342 0.26880 (11)  2.175 +-  3.146
 134 L   0.07632 0.07921 0.09155 0.09608 0.09557 0.09166 0.08542 0.07768 0.06951 0.08550 0.15151 (11)  1.289 +-  2.163
 135 D   0.09211 0.08848 0.09627 0.09572 0.09072 0.08335 0.07482 0.06590 0.05746 0.07085 0.18431 (11)  1.560 +-  2.598
 136 F   0.44165 0.15054 0.10193 0.07480 0.05686 0.04400 0.03435 0.02692 0.02123 0.02423 0.02349 ( 1)  0.369 +-  0.994
 137 C   0.47695 0.15735 0.10278 0.07265 0.05313 0.03952 0.02964 0.02230 0.01689 0.01858 0.01020 ( 1)  0.270 +-  0.656
 138 A   0.00511 0.01585 0.02969 0.04237 0.05259 0.05983 0.06395 0.06509 0.06390 0.08456 0.51705 (11)  3.794 +-  3.560
 139 E   0.10232 0.09774 0.10587 0.10459 0.09834 0.08950 0.07949 0.06921 0.05963 0.07251 0.12079 (11)  1.122 +-  2.055
 140 I   0.05043 0.05105 0.05824 0.06067 0.06022 0.05792 0.05440 0.05010 0.04564 0.05984 0.45149 (11)  3.429 +-  3.652
 141 I   0.03042 0.03626 0.04675 0.05397 0.05841 0.06045 0.06037 0.05849 0.05548 0.07318 0.46620 (11)  3.464 +-  3.568
 142 I   0.48095 0.15442 0.09872 0.06888 0.05014 0.03741 0.02836 0.02170 0.01680 0.01891 0.02373 ( 1)  0.354 +-  1.035
 143 A   0.10660 0.10023 0.10719 0.10471 0.09747 0.08794 0.07751 0.06706 0.05748 0.06991 0.12390 (11)  1.147 +-  2.113
 144 S   0.04569 0.04899 0.05835 0.06308 0.06462 0.06383 0.06127 0.05741 0.05297 0.06886 0.41493 (11)  3.139 +-  3.525
 145 M   0.48273 0.15846 0.10289 0.07225 0.05245 0.03872 0.02881 0.02149 0.01614 0.01760 0.00846 ( 1)  0.256 +-  0.599
 146 E   0.46483 0.15442 0.10182 0.07283 0.05401 0.04083 0.03118 0.02393 0.01850 0.02076 0.01690 ( 1)  0.316 +-  0.842
 147 S   0.42148 0.14776 0.10284 0.07741 0.06020 0.04755 0.03781 0.03010 0.02406 0.02774 0.02306 ( 1)  0.373 +-  0.946
 148 Y   0.42336 0.14757 0.10221 0.07666 0.05949 0.04693 0.03731 0.02972 0.02379 0.02748 0.02548 ( 1)  0.387 +-  1.005
 149 Y   0.46278 0.15324 0.10089 0.07221 0.05369 0.04077 0.03131 0.02420 0.01886 0.02132 0.02073 ( 1)  0.342 +-  0.944
 150 F   0.06453 0.06645 0.07642 0.07998 0.07951 0.07637 0.07143 0.06532 0.05890 0.07432 0.28676 (11)  2.249 +-  3.111
 151 T   0.45685 0.15385 0.10274 0.07427 0.05554 0.04225 0.03240 0.02492 0.01929 0.02164 0.01626 ( 1)  0.316 +-  0.821
 152 N   0.49674 0.15568 0.09726 0.06651 0.04759 0.03502 0.02624 0.01990 0.01529 0.01710 0.02266 ( 1)  0.341 +-  1.023
 153 C   0.42555 0.14866 0.10307 0.07728 0.05986 0.04709 0.03729 0.02957 0.02355 0.02706 0.02101 ( 1)  0.358 +-  0.897
 154 F   0.39735 0.14411 0.10360 0.08034 0.06419 0.05196 0.04223 0.03429 0.02789 0.03255 0.02148 ( 1)  0.366 +-  0.821
 155 Y   0.36660 0.13648 0.10064 0.08004 0.06560 0.05445 0.04538 0.03777 0.03148 0.03750 0.04406 ( 1)  0.511 +-  1.220
 156 P   0.43052 0.15086 0.10476 0.07848 0.06061 0.04745 0.03732 0.02934 0.02313 0.02629 0.01125 ( 1)  0.295 +-  0.603
 157 K   0.00852 0.02447 0.04301 0.05784 0.06793 0.07339 0.07476 0.07278 0.06861 0.08739 0.42129 (11)  3.187 +-  3.462
 158 M   0.48273 0.15846 0.10289 0.07225 0.05245 0.03872 0.02881 0.02149 0.01614 0.01760 0.00846 ( 1)  0.256 +-  0.599
 159 S   0.04815 0.04842 0.05503 0.05701 0.05620 0.05365 0.04999 0.04569 0.04136 0.05455 0.48994 (11)  3.712 +-  3.722
 160 V   0.00681 0.02085 0.03847 0.05408 0.06616 0.07420 0.07818 0.07842 0.07581 0.09699 0.41005 (11)  3.043 +-  3.341
 161 T   0.00130 0.00419 0.00836 0.01270 0.01676 0.02026 0.02301 0.02490 0.02611 0.04063 0.82177 (11)  5.920 +-  3.299
 162 P   0.43052 0.15086 0.10476 0.07848 0.06061 0.04745 0.03732 0.02934 0.02313 0.02629 0.01125 ( 1)  0.295 +-  0.603
 163 R   0.07398 0.07524 0.08563 0.08867 0.08720 0.08284 0.07662 0.06929 0.06180 0.07687 0.22186 (11)  1.803 +-  2.778
 164 R   0.09884 0.09558 0.10459 0.10432 0.09894 0.09076 0.08117 0.07109 0.06154 0.07484 0.11835 (11)  1.105 +-  2.017
 165 I   0.47170 0.15424 0.10023 0.07086 0.05210 0.03917 0.02983 0.02290 0.01775 0.01999 0.02123 ( 1)  0.340 +-  0.956
 166 I   0.47170 0.15424 0.10023 0.07086 0.05210 0.03917 0.02983 0.02290 0.01775 0.01999 0.02123 ( 1)  0.340 +-  0.956
 167 N   0.49674 0.15568 0.09726 0.06651 0.04759 0.03502 0.02624 0.01990 0.01529 0.01710 0.02266 ( 1)  0.341 +-  1.023
 168 H   0.08161 0.08098 0.09037 0.09187 0.08878 0.08297 0.07558 0.06741 0.05939 0.07354 0.20749 (11)  1.707 +-  2.709
 169 E   0.44150 0.15064 0.10207 0.07491 0.05691 0.04398 0.03427 0.02679 0.02106 0.02397 0.02390 ( 1)  0.375 +-  1.022
 170 W   0.04955 0.05489 0.06666 0.07335 0.07636 0.07652 0.07441 0.07048 0.06553 0.08356 0.30869 (11)  2.301 +-  3.020
 171 M   0.48273 0.15846 0.10289 0.07225 0.05245 0.03872 0.02881 0.02149 0.01614 0.01760 0.00846 ( 1)  0.256 +-  0.599
 172 I   0.09703 0.09360 0.10213 0.10163 0.09624 0.08821 0.07889 0.06916 0.05997 0.07327 0.13987 (11)  1.243 +-  2.207
 173 L   0.00101 0.00333 0.00677 0.01047 0.01407 0.01730 0.01997 0.02195 0.02338 0.03731 0.84445 (11)  6.064 +-  3.220
 174 Y   0.46278 0.15324 0.10089 0.07221 0.05369 0.04077 0.03131 0.02420 0.01886 0.02132 0.02073 ( 1)  0.342 +-  0.944
 175 G   0.44543 0.15013 0.10030 0.07248 0.05416 0.04118 0.03158 0.02431 0.01886 0.02130 0.04028 ( 1)  0.491 +-  1.414
 176 E   0.46483 0.15442 0.10182 0.07283 0.05401 0.04083 0.03118 0.02393 0.01850 0.02076 0.01690 ( 1)  0.316 +-  0.842
 177 N   0.00834 0.02402 0.04234 0.05709 0.06722 0.07280 0.07433 0.07250 0.06847 0.08734 0.42555 (11)  3.215 +-  3.470
 178 S   0.43277 0.14815 0.10064 0.07398 0.05625 0.04350 0.03393 0.02656 0.02093 0.02394 0.03935 ( 1)  0.487 +-  1.376
 179 L   0.37488 0.13764 0.10022 0.07876 0.06381 0.05240 0.04322 0.03563 0.02944 0.03488 0.04914 ( 1)  0.555 +-  1.394
 180 R   0.42160 0.14931 0.10480 0.07936 0.06193 0.04898 0.03890 0.03087 0.02455 0.02811 0.01159 ( 1)  0.300 +-  0.584
 181 R   0.05532 0.06038 0.07253 0.07896 0.08136 0.08072 0.07772 0.07292 0.06718 0.08480 0.26811 (11)  2.057 +-  2.889
 182 L   0.41973 0.14757 0.10296 0.07766 0.06050 0.04787 0.03811 0.03038 0.02432 0.02807 0.02283 ( 1)  0.369 +-  0.920
 183 M   0.48273 0.15846 0.10289 0.07225 0.05245 0.03872 0.02881 0.02149 0.01614 0.01760 0.00846 ( 1)  0.256 +-  0.599
 184 H   0.49112 0.15889 0.10171 0.07053 0.05066 0.03707 0.02740 0.02035 0.01524 0.01660 0.01042 ( 1)  0.264 +-  0.679
 185 I   0.48095 0.15442 0.09872 0.06888 0.05014 0.03741 0.02836 0.02170 0.01680 0.01891 0.02373 ( 1)  0.354 +-  1.035
 186 I   0.48095 0.15442 0.09872 0.06888 0.05014 0.03741 0.02836 0.02170 0.01680 0.01891 0.02373 ( 1)  0.354 +-  1.035
 187 G   0.47915 0.15782 0.10291 0.07260 0.05294 0.03925 0.02932 0.02196 0.01654 0.01808 0.00943 ( 1)  0.265 +-  0.645
 188 H   0.49112 0.15889 0.10171 0.07053 0.05066 0.03707 0.02740 0.02035 0.01524 0.01660 0.01042 ( 1)  0.264 +-  0.679
 189 W   0.38114 0.14085 0.10309 0.08134 0.06609 0.05438 0.04489 0.03700 0.03054 0.03602 0.02466 ( 1)  0.383 +-  0.806
 190 I   0.47170 0.15424 0.10023 0.07086 0.05210 0.03917 0.02983 0.02290 0.01775 0.01999 0.02123 ( 1)  0.340 +-  0.956
 191 S   0.38507 0.14126 0.10267 0.08049 0.06503 0.05322 0.04373 0.03589 0.02951 0.03475 0.02838 ( 1)  0.408 +-  0.934
 192 K   0.46322 0.15334 0.10090 0.07216 0.05361 0.04066 0.03120 0.02409 0.01876 0.02121 0.02086 ( 1)  0.342 +-  0.943
 193 R   0.07373 0.07536 0.08609 0.08938 0.08803 0.08366 0.07736 0.06989 0.06225 0.07727 0.21698 (11)  1.761 +-  2.728
 194 H   0.08161 0.08098 0.09037 0.09187 0.08878 0.08297 0.07558 0.06741 0.05939 0.07354 0.20749 (11)  1.707 +-  2.709
 195 F   0.07853 0.07806 0.08716 0.08870 0.08588 0.08046 0.07353 0.06584 0.05827 0.07261 0.23096 (11)  1.858 +-  2.833
 196 F   0.39735 0.14411 0.10360 0.08034 0.06419 0.05196 0.04223 0.03429 0.02789 0.03255 0.02148 ( 1)  0.366 +-  0.821
 197 S   0.50157 0.15998 0.10092 0.06903 0.04894 0.03536 0.02583 0.01897 0.01405 0.01515 0.01022 ( 1)  0.259 +-  0.688
 198 V   0.43622 0.14809 0.09989 0.07302 0.05528 0.04262 0.03317 0.02592 0.02041 0.02333 0.04205 ( 1)  0.507 +-  1.438
 199 V   0.11007 0.10206 0.10784 0.10422 0.09611 0.08604 0.07536 0.06487 0.05543 0.06753 0.13047 (11)  1.190 +-  2.185
 200 A   0.04888 0.05240 0.06233 0.06723 0.06867 0.06758 0.06460 0.06025 0.05531 0.07123 0.38150 (11)  2.918 +-  3.454
 201 K   0.44362 0.15047 0.10141 0.07411 0.05612 0.04328 0.03369 0.02633 0.02071 0.02361 0.02664 ( 1)  0.391 +-  1.085
 202 L   0.00325 0.01022 0.01953 0.02842 0.03601 0.04183 0.04567 0.04752 0.04777 0.06688 0.65288 (11)  4.751 +-  3.608
 203 N   0.06589 0.06669 0.07569 0.07830 0.07704 0.07332 0.06803 0.06180 0.05544 0.07019 0.30761 (11)  2.406 +-  3.226
 204 C   0.00608 0.01844 0.03387 0.04748 0.05798 0.06496 0.06845 0.06875 0.06667 0.08696 0.48037 (11)  3.554 +-  3.525
 205 F   0.10643 0.10060 0.10807 0.10590 0.09877 0.08919 0.07861 0.06794 0.05815 0.07052 0.11582 (11)  1.095 +-  2.034
 206 Q   0.00626 0.01057 0.01697 0.02291 0.02797 0.03192 0.03461 0.03603 0.03648 0.05322 0.72306 (11)  5.242 +-  3.543
 207 S   0.50157 0.15998 0.10092 0.06903 0.04894 0.03536 0.02583 0.01897 0.01405 0.01515 0.01022 ( 1)  0.259 +-  0.688
 208 T   0.01440 0.01972 0.02808 0.03495 0.04020 0.04375 0.04562 0.04591 0.04508 0.06262 0.61966 (11)  4.526 +-  3.653
 209 L   0.37488 0.13764 0.10022 0.07876 0.06381 0.05240 0.04322 0.03563 0.02944 0.03488 0.04914 ( 1)  0.555 +-  1.394
 210 I   0.48095 0.15442 0.09872 0.06888 0.05014 0.03741 0.02836 0.02170 0.01680 0.01891 0.02373 ( 1)  0.354 +-  1.035
 211 P   0.43052 0.15086 0.10476 0.07848 0.06061 0.04745 0.03732 0.02934 0.02313 0.02629 0.01125 ( 1)  0.295 +-  0.603
 212 V   0.43273 0.14899 0.10197 0.07563 0.05807 0.04537 0.03574 0.02823 0.02243 0.02575 0.02510 ( 1)  0.383 +-  1.022
 213 K   0.09884 0.09558 0.10459 0.10432 0.09894 0.09076 0.08117 0.07109 0.06154 0.07484 0.11835 (11)  1.105 +-  2.017
 214 A   0.10592 0.09975 0.10682 0.10446 0.09733 0.08789 0.07753 0.06711 0.05756 0.07002 0.12560 (11)  1.159 +-  2.128
 215 L   0.41973 0.14757 0.10296 0.07766 0.06050 0.04787 0.03811 0.03038 0.02432 0.02807 0.02283 ( 1)  0.369 +-  0.920
 216 G   0.36829 0.13758 0.10174 0.08110 0.06658 0.05534 0.04616 0.03843 0.03203 0.03810 0.03466 ( 1)  0.445 +-  0.997
 217 N   0.49674 0.15568 0.09726 0.06651 0.04759 0.03502 0.02624 0.01990 0.01529 0.01710 0.02266 ( 1)  0.341 +-  1.023
 218 R   0.43687 0.15063 0.10303 0.07618 0.05819 0.04514 0.03525 0.02757 0.02166 0.02461 0.02086 ( 1)  0.358 +-  0.949
 219 K   0.46322 0.15334 0.10090 0.07216 0.05361 0.04066 0.03120 0.02409 0.01876 0.02121 0.02086 ( 1)  0.342 +-  0.943
 220 L   0.47244 0.15680 0.10306 0.07328 0.05386 0.04025 0.03031 0.02289 0.01738 0.01915 0.01058 ( 1)  0.275 +-  0.672
 221 Y   0.00454 0.01432 0.02718 0.03927 0.04936 0.05682 0.06141 0.06318 0.06265 0.08373 0.53754 (11)  3.932 +-  3.578
 222 L   0.40102 0.14290 0.10107 0.07727 0.06101 0.04891 0.03946 0.03187 0.02585 0.03021 0.04043 ( 1)  0.492 +-  1.285
 223 T   0.43712 0.14856 0.10027 0.07329 0.05545 0.04269 0.03317 0.02586 0.02031 0.02316 0.04013 ( 1)  0.494 +-  1.407
 224 K   0.00230 0.00737 0.01439 0.02141 0.02770 0.03285 0.03658 0.03881 0.03982 0.05798 0.72078 (11)  5.208 +-  3.525
 225 D   0.50190 0.15753 0.09825 0.06687 0.04748 0.03459 0.02561 0.01916 0.01453 0.01604 0.01804 ( 1)  0.309 +-  0.913
 226 I   0.48095 0.15442 0.09872 0.06888 0.05014 0.03741 0.02836 0.02170 0.01680 0.01891 0.02373 ( 1)  0.354 +-  1.035
 227 S   0.01336 0.01718 0.02381 0.02938 0.03381 0.03703 0.03899 0.03971 0.03951 0.05640 0.67083 (11)  4.881 +-  3.623
 228 S   0.07998 0.07952 0.08880 0.09029 0.08724 0.08151 0.07424 0.06623 0.05840 0.07250 0.22129 (11)  1.800 +-  2.791
 229 R   0.43687 0.15063 0.10303 0.07618 0.05819 0.04514 0.03525 0.02757 0.02166 0.02461 0.02086 ( 1)  0.358 +-  0.949
 230 F   0.48314 0.15626 0.10029 0.06998 0.05075 0.03763 0.02826 0.02139 0.01636 0.01820 0.01774 ( 1)  0.314 +-  0.887
 231 R   0.00455 0.01427 0.02698 0.03885 0.04867 0.05589 0.06028 0.06190 0.06130 0.08210 0.54520 (11)  3.985 +-  3.583
 232 G   0.01782 0.02582 0.03758 0.04723 0.05444 0.05912 0.06131 0.06119 0.05939 0.07889 0.49721 (11)  3.653 +-  3.563
 233 P   0.06931 0.07344 0.08621 0.09181 0.09259 0.08996 0.08487 0.07807 0.07058 0.08733 0.17583 (11)  1.438 +-  2.319
 234 P   0.43052 0.15086 0.10476 0.07848 0.06061 0.04745 0.03732 0.02934 0.02313 0.02629 0.01125 ( 1)  0.295 +-  0.603
 235 A   0.00188 0.00635 0.01290 0.01988 0.02652 0.03230 0.03684 0.03990 0.04165 0.06112 0.72067 (11)  5.176 +-  3.503
 236 G   0.44437 0.15295 0.10434 0.07687 0.05845 0.04510 0.03499 0.02716 0.02116 0.02383 0.01078 ( 1)  0.287 +-  0.625
 237 C   0.05079 0.05629 0.06832 0.07514 0.07820 0.07834 0.07615 0.07211 0.06702 0.08521 0.29243 (11)  2.173 +-  2.916
 238 T   0.45685 0.15385 0.10274 0.07427 0.05554 0.04225 0.03240 0.02492 0.01929 0.02164 0.01626 ( 1)  0.316 +-  0.821
 239 R   0.07373 0.07536 0.08609 0.08938 0.08803 0.08366 0.07736 0.06989 0.06225 0.07727 0.21698 (11)  1.761 +-  2.728
 240 T   0.45685 0.15385 0.10274 0.07427 0.05554 0.04225 0.03240 0.02492 0.01929 0.02164 0.01626 ( 1)  0.316 +-  0.821
 241 Y   0.08213 0.08086 0.08967 0.09074 0.08741 0.08154 0.07423 0.06623 0.05843 0.07258 0.21618 (11)  1.763 +-  2.760
 242 L   0.41973 0.14757 0.10296 0.07766 0.06050 0.04787 0.03811 0.03038 0.02432 0.02807 0.02283 ( 1)  0.369 +-  0.920
 243 A   0.42783 0.14895 0.10296 0.07698 0.05948 0.04669 0.03690 0.02920 0.02322 0.02664 0.02115 ( 1)  0.359 +-  0.915
 244 Y   0.46278 0.15324 0.10089 0.07221 0.05369 0.04077 0.03131 0.02420 0.01886 0.02132 0.02073 ( 1)  0.342 +-  0.944
 245 L   0.04502 0.05073 0.06243 0.06953 0.07320 0.07412 0.07276 0.06953 0.06517 0.08365 0.33385 (11)  2.463 +-  3.104
 246 I   0.47170 0.15424 0.10023 0.07086 0.05210 0.03917 0.02983 0.02290 0.01775 0.01999 0.02123 ( 1)  0.340 +-  0.956
 247 A   0.47922 0.15715 0.10210 0.07186 0.05237 0.03886 0.02911 0.02189 0.01658 0.01824 0.01261 ( 1)  0.284 +-  0.745
 248 E   0.44150 0.15064 0.10207 0.07491 0.05691 0.04398 0.03427 0.02679 0.02106 0.02397 0.02390 ( 1)  0.375 +-  1.022
 249 K   0.44362 0.15047 0.10141 0.07411 0.05612 0.04328 0.03369 0.02633 0.02071 0.02361 0.02664 ( 1)  0.391 +-  1.085
 250 L   0.41973 0.14757 0.10296 0.07766 0.06050 0.04787 0.03811 0.03038 0.02432 0.02807 0.02283 ( 1)  0.369 +-  0.920
 251 V   0.47926 0.15535 0.10006 0.07013 0.05111 0.03808 0.02875 0.02186 0.01680 0.01877 0.01983 ( 1)  0.330 +-  0.942
 252 Q   0.39953 0.14424 0.10326 0.07976 0.06351 0.05126 0.04154 0.03365 0.02731 0.03184 0.02409 ( 1)  0.386 +-  0.925
 253 N   0.08161 0.08098 0.09037 0.09187 0.08878 0.08297 0.07558 0.06741 0.05939 0.07354 0.20749 (11)  1.707 +-  2.709
 254 T   0.07018 0.07197 0.08239 0.08581 0.08484 0.08102 0.07531 0.06845 0.06134 0.07667 0.24202 (11)  1.924 +-  2.859
 255 C   0.42555 0.14866 0.10307 0.07728 0.05986 0.04709 0.03729 0.02957 0.02355 0.02706 0.02101 ( 1)  0.358 +-  0.897
 256 I   0.48095 0.15442 0.09872 0.06888 0.05014 0.03741 0.02836 0.02170 0.01680 0.01891 0.02373 ( 1)  0.354 +-  1.035
 257 I   0.05573 0.06088 0.07324 0.07961 0.08169 0.08056 0.07699 0.07162 0.06541 0.08221 0.27205 (11)  2.130 +-  2.985
 258 F   0.08263 0.08241 0.09237 0.09432 0.09154 0.08590 0.07854 0.07028 0.06207 0.07661 0.18334 (11)  1.543 +-  2.543
 259 F   0.44165 0.15054 0.10193 0.07480 0.05686 0.04400 0.03435 0.02692 0.02123 0.02423 0.02349 ( 1)  0.369 +-  0.994
 260 E   0.42622 0.14952 0.10402 0.07814 0.06057 0.04763 0.03766 0.02978 0.02363 0.02704 0.01579 ( 1)  0.324 +-  0.742
 261 D   0.50190 0.15753 0.09825 0.06687 0.04748 0.03459 0.02561 0.01916 0.01453 0.01604 0.01804 ( 1)  0.309 +-  0.913
 262 Y   0.42336 0.14757 0.10221 0.07666 0.05949 0.04693 0.03731 0.02972 0.02379 0.02748 0.02548 ( 1)  0.387 +-  1.005
 263 D   0.45577 0.15216 0.10104 0.07287 0.05455 0.04164 0.03213 0.02491 0.01947 0.02205 0.02340 ( 1)  0.365 +-  1.021
 264 L   0.07632 0.07921 0.09155 0.09608 0.09557 0.09166 0.08542 0.07768 0.06951 0.08550 0.15151 (11)  1.289 +-  2.163
 265 L   0.40104 0.14471 0.10352 0.07990 0.06358 0.05126 0.04152 0.03360 0.02725 0.03174 0.02188 ( 1)  0.368 +-  0.842
 266 L   0.00855 0.01351 0.02093 0.02761 0.03315 0.03732 0.04001 0.04122 0.04131 0.05891 0.67749 (11)  4.921 +-  3.602
 267 Q   0.05377 0.05681 0.06675 0.07128 0.07220 0.07056 0.06706 0.06224 0.05690 0.07283 0.34960 (11)  2.686 +-  3.348
 268 L   0.37488 0.13764 0.10022 0.07876 0.06381 0.05240 0.04322 0.03563 0.02944 0.03488 0.04914 ( 1)  0.555 +-  1.394
 269 I   0.05045 0.05412 0.06435 0.06939 0.07086 0.06973 0.06664 0.06214 0.05702 0.07316 0.36212 (11)  2.767 +-  3.375
 270 K   0.09983 0.09296 0.09855 0.09577 0.08898 0.08038 0.07116 0.06199 0.05362 0.06626 0.19050 (11)  1.604 +-  2.666
 271 C   0.00118 0.00385 0.00775 0.01190 0.01588 0.01941 0.02229 0.02440 0.02588 0.04088 0.82659 (11)  5.920 +-  3.270
 272 Y   0.36660 0.13648 0.10064 0.08004 0.06560 0.05445 0.04538 0.03777 0.03148 0.03750 0.04406 ( 1)  0.511 +-  1.220
 273 L   0.00024 0.00102 0.00252 0.00451 0.00681 0.00921 0.01151 0.01355 0.01534 0.02676 0.90852 (11)  6.484 +-  2.952
 274 K   0.46322 0.15334 0.10090 0.07216 0.05361 0.04066 0.03120 0.02409 0.01876 0.02121 0.02086 ( 1)  0.342 +-  0.943
 275 V   0.09694 0.09338 0.10174 0.10114 0.09569 0.08767 0.07840 0.06874 0.05964 0.07294 0.14372 (11)  1.267 +-  2.238
 276 C   0.42555 0.14866 0.10307 0.07728 0.05986 0.04709 0.03729 0.02957 0.02355 0.02706 0.02101 ( 1)  0.358 +-  0.897
 277 S   0.00568 0.01748 0.03249 0.04601 0.05671 0.06407 0.06800 0.06873 0.06700 0.08763 0.48621 (11)  3.591 +-  3.529
 278 D   0.12501 0.11167 0.11437 0.10735 0.09636 0.08414 0.07205 0.06080 0.05108 0.06194 0.11522 ( 1)  1.089 +-  2.086
 279 P   0.04174 0.04310 0.05024 0.05322 0.05347 0.05184 0.04891 0.04512 0.04111 0.05442 0.51684 (11)  3.928 +-  3.761
 280 Y   0.08089 0.08000 0.08900 0.09033 0.08727 0.08164 0.07452 0.06665 0.05894 0.07328 0.21749 (11)  1.767 +-  2.756
 281 N   0.12501 0.11167 0.11437 0.10735 0.09636 0.08414 0.07205 0.06080 0.05108 0.06194 0.11522 ( 1)  1.089 +-  2.086
 282 Y   0.46278 0.15324 0.10089 0.07221 0.05369 0.04077 0.03131 0.02420 0.01886 0.02132 0.02073 ( 1)  0.342 +-  0.944
 283 H   0.49112 0.15889 0.10171 0.07053 0.05066 0.03707 0.02740 0.02035 0.01524 0.01660 0.01042 ( 1)  0.264 +-  0.679
 284 V   0.42838 0.14845 0.10208 0.07593 0.05838 0.04562 0.03591 0.02834 0.02248 0.02580 0.02864 ( 1)  0.410 +-  1.111
 285 D   0.50190 0.15753 0.09825 0.06687 0.04748 0.03459 0.02561 0.01916 0.01453 0.01604 0.01804 ( 1)  0.309 +-  0.913
 286 K   0.09884 0.09558 0.10459 0.10432 0.09894 0.09076 0.08117 0.07109 0.06154 0.07484 0.11835 (11)  1.105 +-  2.017
 287 K   0.46322 0.15334 0.10090 0.07216 0.05361 0.04066 0.03120 0.02409 0.01876 0.02121 0.02086 ( 1)  0.342 +-  0.943
 288 Y   0.42336 0.14757 0.10221 0.07666 0.05949 0.04693 0.03731 0.02972 0.02379 0.02748 0.02548 ( 1)  0.387 +-  1.005
 289 L   0.40104 0.14471 0.10352 0.07990 0.06358 0.05126 0.04152 0.03360 0.02725 0.03174 0.02188 ( 1)  0.368 +-  0.842
 290 T   0.48385 0.15679 0.10077 0.07035 0.05098 0.03771 0.02822 0.02126 0.01616 0.01787 0.01605 ( 1)  0.304 +-  0.849
 291 G   0.47915 0.15782 0.10291 0.07260 0.05294 0.03925 0.02932 0.02196 0.01654 0.01808 0.00943 ( 1)  0.265 +-  0.645
 292 S   0.39195 0.14119 0.10092 0.07788 0.06201 0.05009 0.04067 0.03303 0.02691 0.03156 0.04380 ( 1)  0.522 +-  1.360
 293 S   0.40099 0.14405 0.10264 0.07897 0.06268 0.05045 0.04081 0.03302 0.02679 0.03125 0.02835 ( 1)  0.412 +-  1.028
 294 T   0.07018 0.07197 0.08239 0.08581 0.08484 0.08102 0.07531 0.06845 0.06134 0.07667 0.24202 (11)  1.924 +-  2.859
 295 P   0.06223 0.06637 0.07833 0.08387 0.08506 0.08312 0.07888 0.07300 0.06643 0.08317 0.23954 (11)  1.880 +-  2.772
 296 T   0.08633 0.08683 0.09801 0.10060 0.09799 0.09212 0.08426 0.07530 0.06633 0.08105 0.13118 (11)  1.177 +-  2.065
 297 E   0.46483 0.15442 0.10182 0.07283 0.05401 0.04083 0.03118 0.02393 0.01850 0.02076 0.01690 ( 1)  0.316 +-  0.842
 298 V   0.08675 0.08521 0.09435 0.09528 0.09158 0.08520 0.07733 0.06875 0.06042 0.07453 0.18059 (11)  1.525 +-  2.536
 299 D   0.50190 0.15753 0.09825 0.06687 0.04748 0.03459 0.02561 0.01916 0.01453 0.01604 0.01804 ( 1)  0.309 +-  0.913
 300 D   0.09847 0.09324 0.10023 0.09850 0.09234 0.08398 0.07468 0.06522 0.05646 0.06937 0.16751 (11)  1.444 +-  2.484
 301 G   0.44437 0.15295 0.10434 0.07687 0.05845 0.04510 0.03499 0.02716 0.02116 0.02383 0.01078 ( 1)  0.287 +-  0.625
 302 C   0.47695 0.15735 0.10278 0.07265 0.05313 0.03952 0.02964 0.02230 0.01689 0.01858 0.01020 ( 1)  0.270 +-  0.656
 303 G   0.42569 0.14881 0.10326 0.07746 0.06001 0.04721 0.03737 0.02961 0.02355 0.02702 0.02003 ( 1)  0.354 +-  0.888
 304 L   0.41973 0.14757 0.10296 0.07766 0.06050 0.04787 0.03811 0.03038 0.02432 0.02807 0.02283 ( 1)  0.369 +-  0.920
 305 L   0.47244 0.15680 0.10306 0.07328 0.05386 0.04025 0.03031 0.02289 0.01738 0.01915 0.01058 ( 1)  0.275 +-  0.672
 306 G   0.44437 0.15295 0.10434 0.07687 0.05845 0.04510 0.03499 0.02716 0.02116 0.02383 0.01078 ( 1)  0.287 +-  0.625
 307 R   0.38831 0.14243 0.10350 0.08110 0.06546 0.05352 0.04391 0.03598 0.02952 0.03467 0.02158 ( 1)  0.363 +-  0.750
 308 L   0.47244 0.15680 0.10306 0.07328 0.05386 0.04025 0.03031 0.02289 0.01738 0.01915 0.01058 ( 1)  0.275 +-  0.672
 309 I   0.48095 0.15442 0.09872 0.06888 0.05014 0.03741 0.02836 0.02170 0.01680 0.01891 0.02373 ( 1)  0.354 +-  1.035
 310 T   0.45685 0.15385 0.10274 0.07427 0.05554 0.04225 0.03240 0.02492 0.01929 0.02164 0.01626 ( 1)  0.316 +-  0.821
 311 F   0.44165 0.15054 0.10193 0.07480 0.05686 0.04400 0.03435 0.02692 0.02123 0.02423 0.02349 ( 1)  0.369 +-  0.994
 312 L   0.40586 0.14458 0.10222 0.07810 0.06161 0.04932 0.03972 0.03200 0.02588 0.03013 0.03057 ( 1)  0.427 +-  1.097
 313 K   0.46322 0.15334 0.10090 0.07216 0.05361 0.04066 0.03120 0.02409 0.01876 0.02121 0.02086 ( 1)  0.342 +-  0.943
 314 Y   0.42336 0.14757 0.10221 0.07666 0.05949 0.04693 0.03731 0.02972 0.02379 0.02748 0.02548 ( 1)  0.387 +-  1.005
 315 A   0.42783 0.14895 0.10296 0.07698 0.05948 0.04669 0.03690 0.02920 0.02322 0.02664 0.02115 ( 1)  0.359 +-  0.915
 316 E   0.46483 0.15442 0.10182 0.07283 0.05401 0.04083 0.03118 0.02393 0.01850 0.02076 0.01690 ( 1)  0.316 +-  0.842
 317 P   0.43052 0.15086 0.10476 0.07848 0.06061 0.04745 0.03732 0.02934 0.02313 0.02629 0.01125 ( 1)  0.295 +-  0.603
 318 D   0.50190 0.15753 0.09825 0.06687 0.04748 0.03459 0.02561 0.01916 0.01453 0.01604 0.01804 ( 1)  0.309 +-  0.913
 319 S   0.50157 0.15998 0.10092 0.06903 0.04894 0.03536 0.02583 0.01897 0.01405 0.01515 0.01022 ( 1)  0.259 +-  0.688
 320 H   0.08007 0.08026 0.09028 0.09234 0.08965 0.08406 0.07674 0.06853 0.06041 0.07466 0.20302 (11)  1.678 +-  2.677
 321 L   0.41973 0.14757 0.10296 0.07766 0.06050 0.04787 0.03811 0.03038 0.02432 0.02807 0.02283 ( 1)  0.369 +-  0.920
 322 F   0.48314 0.15626 0.10029 0.06998 0.05075 0.03763 0.02826 0.02139 0.01636 0.01820 0.01774 ( 1)  0.314 +-  0.887
 323 S   0.46893 0.15555 0.10231 0.07291 0.05380 0.04042 0.03065 0.02333 0.01788 0.01989 0.01432 ( 1)  0.299 +-  0.783
 324 I   0.07998 0.07952 0.08880 0.09029 0.08724 0.08151 0.07424 0.06623 0.05840 0.07250 0.22129 (11)  1.800 +-  2.791
 325 S   0.41894 0.14780 0.10344 0.07822 0.06107 0.04840 0.03858 0.03078 0.02465 0.02843 0.01969 ( 1)  0.348 +-  0.820
 326 Y   0.36660 0.13648 0.10064 0.08004 0.06560 0.05445 0.04538 0.03777 0.03148 0.03750 0.04406 ( 1)  0.511 +-  1.220
 327 L   0.41973 0.14757 0.10296 0.07766 0.06050 0.04787 0.03811 0.03038 0.02432 0.02807 0.02283 ( 1)  0.369 +-  0.920
 328 K   0.43019 0.14982 0.10351 0.07729 0.05961 0.04668 0.03678 0.02901 0.02298 0.02628 0.01786 ( 1)  0.336 +-  0.815
 329 Y   0.46278 0.15324 0.10089 0.07221 0.05369 0.04077 0.03131 0.02420 0.01886 0.02132 0.02073 ( 1)  0.342 +-  0.944
 330 E   0.00834 0.02402 0.04234 0.05709 0.06722 0.07280 0.07433 0.07250 0.06847 0.08734 0.42555 (11)  3.215 +-  3.470
 331 N   0.12501 0.11167 0.11437 0.10735 0.09636 0.08414 0.07205 0.06080 0.05108 0.06194 0.11522 ( 1)  1.089 +-  2.086
 332 V   0.05803 0.05973 0.06877 0.07208 0.07178 0.06908 0.06477 0.05941 0.05379 0.06881 0.35374 (11)  2.724 +-  3.383
 333 T   0.45685 0.15385 0.10274 0.07427 0.05554 0.04225 0.03240 0.02492 0.01929 0.02164 0.01626 ( 1)  0.316 +-  0.821
 334 C   0.47695 0.15735 0.10278 0.07265 0.05313 0.03952 0.02964 0.02230 0.01689 0.01858 0.01020 ( 1)  0.270 +-  0.656
 335 E   0.46483 0.15442 0.10182 0.07283 0.05401 0.04083 0.03118 0.02393 0.01850 0.02076 0.01690 ( 1)  0.316 +-  0.842
 336 A   0.07082 0.07242 0.08270 0.08596 0.08486 0.08095 0.07520 0.06831 0.06121 0.07653 0.24104 (11)  1.914 +-  2.848
 337 Y   0.46278 0.15324 0.10089 0.07221 0.05369 0.04077 0.03131 0.02420 0.01886 0.02132 0.02073 ( 1)  0.342 +-  0.944
 338 Y   0.42336 0.14757 0.10221 0.07666 0.05949 0.04693 0.03731 0.02972 0.02379 0.02748 0.02548 ( 1)  0.387 +-  1.005
 339 D   0.50190 0.15753 0.09825 0.06687 0.04748 0.03459 0.02561 0.01916 0.01453 0.01604 0.01804 ( 1)  0.309 +-  0.913
 340 D   0.50190 0.15753 0.09825 0.06687 0.04748 0.03459 0.02561 0.01916 0.01453 0.01604 0.01804 ( 1)  0.309 +-  0.913
 341 Y   0.46278 0.15324 0.10089 0.07221 0.05369 0.04077 0.03131 0.02420 0.01886 0.02132 0.02073 ( 1)  0.342 +-  0.944
 342 S   0.01123 0.03167 0.05481 0.07254 0.08381 0.08903 0.08913 0.08523 0.07885 0.09736 0.30634 (11)  2.395 +-  3.085
 343 V   0.02812 0.03020 0.03647 0.04002 0.04166 0.04185 0.04088 0.03903 0.03678 0.05070 0.61428 (11)  4.567 +-  3.738
 344 K   0.00043 0.00158 0.00352 0.00590 0.00848 0.01106 0.01344 0.01547 0.01719 0.02930 0.89363 (11)  6.385 +-  3.021
 345 W   0.38114 0.14085 0.10309 0.08134 0.06609 0.05438 0.04489 0.03700 0.03054 0.03602 0.02466 ( 1)  0.383 +-  0.806
 346 E   0.46483 0.15442 0.10182 0.07283 0.05401 0.04083 0.03118 0.02393 0.01850 0.02076 0.01690 ( 1)  0.316 +-  0.842
 347 T   0.07782 0.07692 0.08548 0.08671 0.08380 0.07847 0.07175 0.06434 0.05709 0.07145 0.24617 (11)  1.955 +-  2.908
 348 L   0.07555 0.07656 0.08689 0.08975 0.08804 0.08344 0.07701 0.06950 0.06187 0.07685 0.21454 (11)  1.751 +-  2.731
 349 M   0.48273 0.15846 0.10289 0.07225 0.05245 0.03872 0.02881 0.02149 0.01614 0.01760 0.00846 ( 1)  0.256 +-  0.599
 350 K   0.44362 0.15047 0.10141 0.07411 0.05612 0.04328 0.03369 0.02633 0.02071 0.02361 0.02664 ( 1)  0.391 +-  1.085
 351 E   0.00133 0.00473 0.01004 0.01593 0.02168 0.02675 0.03077 0.03352 0.03515 0.05274 0.76737 (11)  5.537 +-  3.436
 352 F   0.03492 0.03782 0.04563 0.05003 0.05203 0.05220 0.05093 0.04852 0.04553 0.06110 0.52130 (11)  3.889 +-  3.697
 353 H   0.49112 0.15889 0.10171 0.07053 0.05066 0.03707 0.02740 0.02035 0.01524 0.01660 0.01042 ( 1)  0.264 +-  0.679
 354 N   0.00288 0.00895 0.01705 0.02477 0.03136 0.03643 0.03980 0.04148 0.04184 0.05972 0.69572 (11)  5.059 +-  3.576
 355 L   0.00053 0.00219 0.00517 0.00892 0.01300 0.01701 0.02057 0.02345 0.02566 0.04132 0.84217 (11)  6.036 +-  3.219
 356 N   0.09334 0.08903 0.09628 0.09523 0.08988 0.08231 0.07371 0.06481 0.05647 0.06975 0.18917 (11)  1.590 +-  2.630
 357 S   0.01123 0.03167 0.05481 0.07254 0.08381 0.08903 0.08913 0.08523 0.07885 0.09736 0.30634 (11)  2.395 +-  3.085
 358 E   0.46483 0.15442 0.10182 0.07283 0.05401 0.04083 0.03118 0.02393 0.01850 0.02076 0.01690 ( 1)  0.316 +-  0.842
 359 A   0.04909 0.05202 0.06142 0.06586 0.06697 0.06567 0.06262 0.05830 0.05346 0.06907 0.39552 (11)  3.030 +-  3.511
 360 S   0.00498 0.01549 0.02908 0.04159 0.05175 0.05900 0.06319 0.06444 0.06339 0.08409 0.52302 (11)  3.832 +-  3.563
 361 I   0.11001 0.10220 0.10817 0.10467 0.09661 0.08651 0.07576 0.06519 0.05565 0.06772 0.12752 (11)  1.171 +-  2.160
 362 K   0.00562 0.01721 0.03187 0.04502 0.05540 0.06256 0.06642 0.06722 0.06566 0.08628 0.49676 (11)  3.656 +-  3.539
 363 E   0.00325 0.01041 0.02012 0.02961 0.03788 0.04439 0.04885 0.05117 0.05172 0.07197 0.63063 (11)  4.564 +-  3.593
 364 F   0.48314 0.15626 0.10029 0.06998 0.05075 0.03763 0.02826 0.02139 0.01636 0.01820 0.01774 ( 1)  0.314 +-  0.887

Positively selected sites

	Prob(w>1)  mean w

    13 L      0.617         4.522 +- 3.651
    14 N      0.950         6.764 +- 2.740
    17 S      0.575         4.284 +- 3.747
    38 G      0.722         5.185 +- 3.502
    39 I      0.617         4.522 +- 3.651
    40 H      0.618         4.528 +- 3.636
    93 W      0.898         6.439 +- 3.010
    94 N      0.654         4.736 +- 3.588
    96 S      0.938         6.699 +- 2.807
    99 E      0.934         6.652 +- 2.823
   116 V      0.571         4.096 +- 3.537
   126 R      0.771         5.573 +- 3.437
   130 Q      0.645         4.702 +- 3.616
   132 P      0.898         6.435 +- 3.010
   138 A      0.517         3.794 +- 3.560
   161 T      0.822         5.920 +- 3.299
   173 L      0.844         6.064 +- 3.220
   202 L      0.653         4.751 +- 3.608
   206 Q      0.723         5.242 +- 3.543
   208 T      0.620         4.526 +- 3.653
   221 Y      0.538         3.932 +- 3.578
   224 K      0.721         5.208 +- 3.525
   227 S      0.671         4.881 +- 3.623
   231 R      0.545         3.985 +- 3.583
   235 A      0.721         5.176 +- 3.503
   266 L      0.677         4.921 +- 3.602
   271 C      0.827         5.920 +- 3.270
   273 L      0.909         6.484 +- 2.952
   279 P      0.517         3.928 +- 3.761
   343 V      0.614         4.567 +- 3.738
   344 K      0.894         6.385 +- 3.021
   351 E      0.767         5.537 +- 3.436
   352 F      0.521         3.889 +- 3.697
   354 N      0.696         5.059 +- 3.576
   355 L      0.842         6.036 +- 3.219
   360 S      0.523         3.832 +- 3.563
   363 E      0.631         4.564 +- 3.593

