Supplemental results for CODEML (seqf: algn  treef: tree)


dN/dS (w) for site classes (K=9)

p:   0.08090  0.08090  0.08090  0.08090  0.08090  0.08090  0.08090  0.08090  0.35277
w:   0.00000  0.00000  0.00000  0.00000  0.00000  0.00000  0.00000  0.00000  2.65811

Naive Empirical Bayes (NEB) probabilities for 9 classes & postmean_w & P(w>1)
(amino acids refer to 1st sequence: ppx.11103)

   1 L   0.08713 0.08713 0.08713 0.08713 0.08713 0.08713 0.08713 0.08713 0.30294 ( 9)  0.805  0.303
   2 P   0.09063 0.09063 0.09063 0.09063 0.09063 0.09063 0.09063 0.09063 0.27496 ( 9)  0.731  0.275
   3 A   0.09325 0.09325 0.09325 0.09325 0.09325 0.09325 0.09325 0.09325 0.25398 ( 9)  0.675  0.254
   4 T   0.09459 0.09459 0.09459 0.09459 0.09459 0.09459 0.09459 0.09459 0.24331 ( 9)  0.647  0.243
   5 P   0.08419 0.08419 0.08419 0.08419 0.08419 0.08419 0.08419 0.08419 0.32648 ( 9)  0.868  0.326
   6 A   0.09325 0.09325 0.09325 0.09325 0.09325 0.09325 0.09325 0.09325 0.25398 ( 9)  0.675  0.254
   7 G   0.09351 0.09351 0.09351 0.09351 0.09351 0.09351 0.09351 0.09351 0.25195 ( 9)  0.670  0.252
   8 Y   0.09200 0.09200 0.09200 0.09200 0.09200 0.09200 0.09200 0.09200 0.26400 ( 9)  0.702  0.264
   9 N   0.09321 0.09321 0.09321 0.09321 0.09321 0.09321 0.09321 0.09321 0.25432 ( 9)  0.676  0.254
  10 S   0.09354 0.09354 0.09354 0.09354 0.09354 0.09354 0.09354 0.09354 0.25165 ( 9)  0.669  0.252
  11 D   0.09482 0.09482 0.09482 0.09482 0.09482 0.09482 0.09482 0.09482 0.24147 ( 9)  0.642  0.241
  12 F   0.08393 0.08393 0.08393 0.08393 0.08393 0.08393 0.08393 0.08393 0.32856 ( 9)  0.873  0.329
  13 R   0.09233 0.09233 0.09233 0.09233 0.09233 0.09233 0.09233 0.09233 0.26136 ( 9)  0.695  0.261
  14 E   0.09211 0.09211 0.09211 0.09211 0.09211 0.09211 0.09211 0.09211 0.26310 ( 9)  0.699  0.263
  15 V   0.09447 0.09447 0.09447 0.09447 0.09447 0.09447 0.09447 0.09447 0.24428 ( 9)  0.649  0.244
  16 Y   0.09200 0.09200 0.09200 0.09200 0.09200 0.09200 0.09200 0.09200 0.26400 ( 9)  0.702  0.264
  17 A   0.09086 0.09086 0.09086 0.09086 0.09086 0.09086 0.09086 0.09086 0.27314 ( 9)  0.726  0.273
  18 H   0.09344 0.09344 0.09344 0.09344 0.09344 0.09344 0.09344 0.09344 0.25244 ( 9)  0.671  0.252
  19 C   0.09245 0.09245 0.09245 0.09245 0.09245 0.09245 0.09245 0.09245 0.26042 ( 9)  0.692  0.260
  20 V   0.09171 0.09171 0.09171 0.09171 0.09171 0.09171 0.09171 0.09171 0.26629 ( 9)  0.708  0.266
  21 P   0.09306 0.09306 0.09306 0.09306 0.09306 0.09306 0.09306 0.09306 0.25551 ( 9)  0.679  0.256
  22 G   0.08387 0.08387 0.08387 0.08387 0.08387 0.08387 0.08387 0.08387 0.32903 ( 9)  0.875  0.329
  23 A   0.08410 0.08410 0.08410 0.08410 0.08410 0.08410 0.08410 0.08410 0.32717 ( 9)  0.870  0.327
  24 R   0.08286 0.08286 0.08286 0.08286 0.08286 0.08286 0.08286 0.08286 0.33716 ( 9)  0.896  0.337
  25 A   0.00000 0.00000 0.00000 0.00000 0.00000 0.00000 0.00000 0.00000 1.00000 ( 9)  2.658  1.000
  26 R   0.08371 0.08371 0.08371 0.08371 0.08371 0.08371 0.08371 0.08371 0.33034 ( 9)  0.878  0.330
  27 Q   0.08928 0.08928 0.08928 0.08928 0.08928 0.08928 0.08928 0.08928 0.28573 ( 9)  0.759  0.286
  28 T   0.09459 0.09459 0.09459 0.09459 0.09459 0.09459 0.09459 0.09459 0.24331 ( 9)  0.647  0.243
  29 R   0.09233 0.09233 0.09233 0.09233 0.09233 0.09233 0.09233 0.09233 0.26136 ( 9)  0.695  0.261
  30 S   0.08445 0.08445 0.08445 0.08445 0.08445 0.08445 0.08445 0.08445 0.32441 ( 9)  0.862  0.324
  31 P   0.09063 0.09063 0.09063 0.09063 0.09063 0.09063 0.09063 0.09063 0.27496 ( 9)  0.731  0.275
  32 P   0.09063 0.09063 0.09063 0.09063 0.09063 0.09063 0.09063 0.09063 0.27496 ( 9)  0.731  0.275
  33 M   0.08984 0.08984 0.08984 0.08984 0.08984 0.08984 0.08984 0.08984 0.28129 ( 9)  0.748  0.281
  34 S   0.09033 0.09033 0.09033 0.09033 0.09033 0.09033 0.09033 0.09033 0.27734 ( 9)  0.737  0.277
  35 S   0.08406 0.08406 0.08406 0.08406 0.08406 0.08406 0.08406 0.08406 0.32748 ( 9)  0.870  0.327
  36 A   0.08899 0.08899 0.08899 0.08899 0.08899 0.08899 0.08899 0.08899 0.28808 ( 9)  0.766  0.288
  37 D   0.09482 0.09482 0.09482 0.09482 0.09482 0.09482 0.09482 0.09482 0.24147 ( 9)  0.642  0.241
  38 S   0.00000 0.00000 0.00000 0.00000 0.00000 0.00000 0.00000 0.00000 1.00000 ( 9)  2.658  1.000
  39 P   0.09063 0.09063 0.09063 0.09063 0.09063 0.09063 0.09063 0.09063 0.27496 ( 9)  0.731  0.275
  40 S   0.09033 0.09033 0.09033 0.09033 0.09033 0.09033 0.09033 0.09033 0.27734 ( 9)  0.737  0.277
  41 S   0.09294 0.09294 0.09294 0.09294 0.09294 0.09294 0.09294 0.09294 0.25646 ( 9)  0.682  0.256
  42 R   0.08194 0.08194 0.08194 0.08194 0.08194 0.08194 0.08194 0.08194 0.34448 ( 9)  0.916  0.344
  43 P   0.08398 0.08398 0.08398 0.08398 0.08398 0.08398 0.08398 0.08398 0.32819 ( 9)  0.872  0.328
  44 S   0.00000 0.00000 0.00000 0.00000 0.00000 0.00000 0.00000 0.00000 1.00000 ( 9)  2.658  1.000
  45 H   0.09344 0.09344 0.09344 0.09344 0.09344 0.09344 0.09344 0.09344 0.25244 ( 9)  0.671  0.252
  46 L   0.09247 0.09247 0.09247 0.09247 0.09247 0.09247 0.09247 0.09247 0.26022 ( 9)  0.692  0.260
  47 S   0.00000 0.00000 0.00000 0.00000 0.00000 0.00000 0.00000 0.00000 1.00000 ( 9)  2.658  1.000
  48 N   0.08456 0.08456 0.08456 0.08456 0.08456 0.08456 0.08456 0.08456 0.32350 ( 9)  0.860  0.324
  49 A   0.08410 0.08410 0.08410 0.08410 0.08410 0.08410 0.08410 0.08410 0.32717 ( 9)  0.870  0.327
  50 V   0.09447 0.09447 0.09447 0.09447 0.09447 0.09447 0.09447 0.09447 0.24428 ( 9)  0.649  0.244
  51 V   0.09447 0.09447 0.09447 0.09447 0.09447 0.09447 0.09447 0.09447 0.24428 ( 9)  0.649  0.244
  52 T   0.09184 0.09184 0.09184 0.09184 0.09184 0.09184 0.09184 0.09184 0.26525 ( 9)  0.705  0.265
  53 S   0.09033 0.09033 0.09033 0.09033 0.09033 0.09033 0.09033 0.09033 0.27734 ( 9)  0.737  0.277
  54 I   0.00000 0.00000 0.00000 0.00000 0.00000 0.00000 0.00000 0.00000 1.00000 ( 9)  2.658  1.000
  55 G   0.09098 0.09098 0.09098 0.09098 0.09098 0.09098 0.09098 0.09098 0.27220 ( 9)  0.724  0.272
  56 A   0.09086 0.09086 0.09086 0.09086 0.09086 0.09086 0.09086 0.09086 0.27314 ( 9)  0.726  0.273
  57 T   0.09184 0.09184 0.09184 0.09184 0.09184 0.09184 0.09184 0.09184 0.26525 ( 9)  0.705  0.265
  58 P   0.08398 0.08398 0.08398 0.08398 0.08398 0.08398 0.08398 0.08398 0.32818 ( 9)  0.872  0.328
  59 P   0.09063 0.09063 0.09063 0.09063 0.09063 0.09063 0.09063 0.09063 0.27496 ( 9)  0.731  0.275
  60 F   0.09170 0.09170 0.09170 0.09170 0.09170 0.09170 0.09170 0.09170 0.26642 ( 9)  0.708  0.266
  61 G   0.09351 0.09351 0.09351 0.09351 0.09351 0.09351 0.09351 0.09351 0.25195 ( 9)  0.670  0.252
  62 E   0.08593 0.08593 0.08593 0.08593 0.08593 0.08593 0.08593 0.08593 0.31255 ( 9)  0.831  0.313
  63 G   0.09351 0.09351 0.09351 0.09351 0.09351 0.09351 0.09351 0.09351 0.25195 ( 9)  0.670  0.252
  64 Y   0.09200 0.09200 0.09200 0.09200 0.09200 0.09200 0.09200 0.09200 0.26400 ( 9)  0.702  0.264
  65 A   0.09325 0.09325 0.09325 0.09325 0.09325 0.09325 0.09325 0.09325 0.25398 ( 9)  0.675  0.254
  66 D   0.09482 0.09482 0.09482 0.09482 0.09482 0.09482 0.09482 0.09482 0.24147 ( 9)  0.642  0.241
  67 N   0.00000 0.00000 0.00000 0.00000 0.00000 0.00000 0.00000 0.00000 1.00000 ( 9)  2.658  1.000
  68 E   0.09211 0.09211 0.09211 0.09211 0.09211 0.09211 0.09211 0.09211 0.26310 ( 9)  0.699  0.263
  69 G   0.09351 0.09351 0.09351 0.09351 0.09351 0.09351 0.09351 0.09351 0.25195 ( 9)  0.670  0.252
  70 A   0.08410 0.08410 0.08410 0.08410 0.08410 0.08410 0.08410 0.08410 0.32718 ( 9)  0.870  0.327
  71 E   0.00000 0.00000 0.00000 0.00000 0.00000 0.00000 0.00000 0.00000 1.00000 ( 9)  2.658  1.000
  72 G   0.09351 0.09351 0.09351 0.09351 0.09351 0.09351 0.09351 0.09351 0.25195 ( 9)  0.670  0.252
  73 S   0.09033 0.09033 0.09033 0.09033 0.09033 0.09033 0.09033 0.09033 0.27734 ( 9)  0.737  0.277
  74 T   0.08434 0.08434 0.08434 0.08434 0.08434 0.08434 0.08434 0.08434 0.32526 ( 9)  0.865  0.325
  75 G   0.09098 0.09098 0.09098 0.09098 0.09098 0.09098 0.09098 0.09098 0.27220 ( 9)  0.724  0.272
  76 S   0.09354 0.09354 0.09354 0.09354 0.09354 0.09354 0.09354 0.09354 0.25165 ( 9)  0.669  0.252
  77 D   0.09482 0.09482 0.09482 0.09482 0.09482 0.09482 0.09482 0.09482 0.24147 ( 9)  0.642  0.241
  78 L   0.09247 0.09247 0.09247 0.09247 0.09247 0.09247 0.09247 0.09247 0.26022 ( 9)  0.692  0.260
  79 E   0.09211 0.09211 0.09211 0.09211 0.09211 0.09211 0.09211 0.09211 0.26310 ( 9)  0.699  0.263
  80 T   0.00000 0.00000 0.00000 0.00000 0.00000 0.00000 0.00000 0.00000 1.00000 ( 9)  2.658  1.000
  81 R   0.08940 0.08940 0.08940 0.08940 0.08940 0.08940 0.08940 0.08940 0.28477 ( 9)  0.757  0.285
  82 Q   0.00000 0.00000 0.00000 0.00000 0.00000 0.00000 0.00000 0.00000 1.00000 ( 9)  2.658  1.000
  83 Q   0.08928 0.08928 0.08928 0.08928 0.08928 0.08928 0.08928 0.08928 0.28573 ( 9)  0.759  0.286
  84 T   0.09184 0.09184 0.09184 0.09184 0.09184 0.09184 0.09184 0.09184 0.26525 ( 9)  0.705  0.265
  85 R   0.08992 0.08992 0.08992 0.08992 0.08992 0.08992 0.08992 0.08992 0.28064 ( 9)  0.746  0.281
  86 L   0.08872 0.08872 0.08872 0.08872 0.08872 0.08872 0.08872 0.08872 0.29022 ( 9)  0.771  0.290
  87 P   0.09306 0.09306 0.09306 0.09306 0.09306 0.09306 0.09306 0.09306 0.25551 ( 9)  0.679  0.256
  88 N   0.09321 0.09321 0.09321 0.09321 0.09321 0.09321 0.09321 0.09321 0.25432 ( 9)  0.676  0.254
  89 Y   0.08789 0.08789 0.08789 0.08789 0.08789 0.08789 0.08789 0.08789 0.29688 ( 9)  0.789  0.297
  90 C   0.09245 0.09245 0.09245 0.09245 0.09245 0.09245 0.09245 0.09245 0.26042 ( 9)  0.692  0.260
  91 L   0.08872 0.08872 0.08872 0.08872 0.08872 0.08872 0.08872 0.08872 0.29022 ( 9)  0.771  0.290
  92 G   0.00000 0.00000 0.00000 0.00000 0.00000 0.00000 0.00000 0.00000 1.00000 ( 9)  2.658  1.000
  93 D   0.09482 0.09482 0.09482 0.09482 0.09482 0.09482 0.09482 0.09482 0.24147 ( 9)  0.642  0.241
  94 G   0.09098 0.09098 0.09098 0.09098 0.09098 0.09098 0.09098 0.09098 0.27220 ( 9)  0.724  0.272
  95 I   0.00000 0.00000 0.00000 0.00000 0.00000 0.00000 0.00000 0.00000 1.00000 ( 9)  2.658  1.000
  96 W   0.08835 0.08835 0.08835 0.08835 0.08835 0.08835 0.08835 0.08835 0.29318 ( 9)  0.779  0.293
  97 H   0.08500 0.08500 0.08500 0.08500 0.08500 0.08500 0.08500 0.08500 0.32002 ( 9)  0.851  0.320
  98 L   0.08713 0.08713 0.08713 0.08713 0.08713 0.08713 0.08713 0.08713 0.30294 ( 9)  0.805  0.303
  99 A   0.09086 0.09086 0.09086 0.09086 0.09086 0.09086 0.09086 0.09086 0.27314 ( 9)  0.726  0.273
 100 T   0.09459 0.09459 0.09459 0.09459 0.09459 0.09459 0.09459 0.09459 0.24331 ( 9)  0.647  0.243
 101 K   0.08455 0.08455 0.08455 0.08455 0.08455 0.08455 0.08455 0.08455 0.32363 ( 9)  0.860  0.324
 102 G   0.09098 0.09098 0.09098 0.09098 0.09098 0.09098 0.09098 0.09098 0.27220 ( 9)  0.724  0.272
 103 H   0.09344 0.09344 0.09344 0.09344 0.09344 0.09344 0.09344 0.09344 0.25244 ( 9)  0.671  0.252
 104 C   0.09245 0.09245 0.09245 0.09245 0.09245 0.09245 0.09245 0.09245 0.26042 ( 9)  0.692  0.260
 105 E   0.08593 0.08593 0.08593 0.08593 0.08593 0.08593 0.08593 0.08593 0.31255 ( 9)  0.831  0.313

Positively selected sites

	Prob(w>1)  mean w

    25 A      1.000**       2.658
    38 S      1.000**       2.658
    44 S      1.000**       2.658
    47 S      1.000**       2.658
    54 I      1.000**       2.658
    67 N      1.000**       2.658
    71 E      1.000**       2.658
    80 T      1.000**       2.658
    82 Q      1.000**       2.658
    92 G      1.000**       2.658
    95 I      1.000**       2.658


lnL =  -481.598861

Bayes Empirical Bayes (BEB) probabilities for 11 classes (class) & postmean_w
(amino acids refer to 1st sequence: ppx.11103)

   1 L   0.15751 0.06809 0.06428 0.06309 0.06248 0.06196 0.06154 0.06163 0.06408 0.14018 0.19516 (11)  0.910 +-  1.215
   2 P   0.16341 0.07037 0.06609 0.06454 0.06357 0.06272 0.06199 0.06178 0.06395 0.13971 0.18187 (11)  0.857 +-  1.125
   3 A   0.16786 0.07210 0.06743 0.06556 0.06429 0.06316 0.06216 0.06170 0.06364 0.13898 0.17311 (11)  0.826 +-  1.076
   4 T   0.17025 0.07303 0.06820 0.06621 0.06483 0.06359 0.06248 0.06193 0.06377 0.13913 0.16656 ( 1)  0.796 +-  1.006
   5 P   0.15223 0.06606 0.06261 0.06171 0.06134 0.06108 0.06090 0.06122 0.06389 0.13998 0.20898 (11)  0.973 +-  1.333
   6 A   0.16786 0.07210 0.06743 0.06556 0.06429 0.06316 0.06216 0.06170 0.06364 0.13898 0.17311 (11)  0.826 +-  1.076
   7 G   0.16838 0.07230 0.06762 0.06575 0.06448 0.06334 0.06233 0.06187 0.06380 0.13926 0.17086 (11)  0.813 +-  1.042
   8 Y   0.16587 0.07132 0.06687 0.06518 0.06409 0.06312 0.06226 0.06194 0.06401 0.13974 0.17562 (11)  0.829 +-  1.065
   9 N   0.16797 0.07213 0.06752 0.06570 0.06448 0.06340 0.06243 0.06201 0.06397 0.13961 0.17080 (11)  0.810 +-  1.025
  10 S   0.16845 0.07233 0.06765 0.06577 0.06450 0.06337 0.06236 0.06189 0.06382 0.13930 0.17056 (11)  0.812 +-  1.038
  11 D   0.17063 0.07318 0.06831 0.06628 0.06487 0.06360 0.06246 0.06188 0.06370 0.13899 0.16609 ( 1)  0.795 +-  1.008
  12 F   0.15181 0.06590 0.06248 0.06160 0.06126 0.06102 0.06087 0.06121 0.06389 0.14001 0.20995 (11)  0.977 +-  1.338
  13 R   0.16641 0.07153 0.06703 0.06529 0.06416 0.06315 0.06226 0.06191 0.06395 0.13961 0.17470 (11)  0.827 +-  1.063
  14 E   0.16601 0.07137 0.06690 0.06519 0.06408 0.06309 0.06222 0.06189 0.06394 0.13961 0.17569 (11)  0.831 +-  1.072
  15 V   0.17007 0.07296 0.06816 0.06619 0.06483 0.06361 0.06252 0.06198 0.06384 0.13927 0.16658 ( 1)  0.795 +-  1.000
  16 Y   0.16587 0.07132 0.06687 0.06518 0.06409 0.06312 0.06226 0.06194 0.06401 0.13974 0.17562 (11)  0.829 +-  1.065
  17 A   0.16374 0.07050 0.06619 0.06460 0.06360 0.06272 0.06195 0.06172 0.06387 0.13954 0.18157 (11)  0.857 +-  1.130
  18 H   0.16831 0.07227 0.06761 0.06575 0.06451 0.06339 0.06239 0.06194 0.06388 0.13942 0.17054 (11)  0.811 +-  1.032
  19 C   0.16664 0.07162 0.06711 0.06537 0.06423 0.06322 0.06233 0.06197 0.06400 0.13970 0.17382 (11)  0.822 +-  1.050
  20 V   0.16537 0.07112 0.06672 0.06506 0.06400 0.06306 0.06223 0.06194 0.06403 0.13980 0.17668 (11)  0.833 +-  1.073
  21 P   0.16757 0.07199 0.06737 0.06553 0.06431 0.06321 0.06224 0.06181 0.06378 0.13924 0.17295 (11)  0.823 +-  1.064
  22 G   0.15168 0.06585 0.06244 0.06156 0.06123 0.06099 0.06084 0.06118 0.06387 0.13997 0.21040 (11)  0.979 +-  1.343
  23 A   0.15207 0.06600 0.06256 0.06166 0.06131 0.06105 0.06088 0.06121 0.06388 0.13997 0.20941 (11)  0.975 +-  1.336
  24 R   0.14982 0.06514 0.06185 0.06107 0.06082 0.06066 0.06059 0.06102 0.06378 0.13985 0.21540 (11)  1.003 +-  1.384
  25 A   0.01339 0.01604 0.02446 0.03275 0.04071 0.04820 0.05523 0.06211 0.07074 0.15609 0.48028 (11)  2.124 +-  2.263
  26 R   0.15139 0.06574 0.06235 0.06149 0.06117 0.06094 0.06080 0.06116 0.06386 0.13996 0.21114 (11)  0.982 +-  1.349
  27 Q   0.16121 0.06951 0.06543 0.06403 0.06320 0.06249 0.06188 0.06180 0.06408 0.14004 0.18632 (11)  0.873 +-  1.148
  28 T   0.17025 0.07303 0.06820 0.06621 0.06483 0.06359 0.06248 0.06193 0.06377 0.13913 0.16656 ( 1)  0.796 +-  1.006
  29 R   0.16641 0.07153 0.06703 0.06529 0.06416 0.06315 0.06226 0.06191 0.06395 0.13961 0.17470 (11)  0.827 +-  1.063
  30 S   0.15275 0.06626 0.06278 0.06185 0.06147 0.06118 0.06099 0.06129 0.06394 0.14006 0.20744 (11)  0.965 +-  1.317
  31 P   0.16341 0.07037 0.06609 0.06454 0.06357 0.06272 0.06199 0.06178 0.06395 0.13971 0.18187 (11)  0.857 +-  1.125
  32 P   0.16341 0.07037 0.06609 0.06454 0.06357 0.06272 0.06199 0.06178 0.06395 0.13971 0.18187 (11)  0.857 +-  1.125
  33 M   0.16223 0.06990 0.06575 0.06430 0.06343 0.06267 0.06202 0.06189 0.06414 0.14012 0.18354 (11)  0.860 +-  1.119
  34 S   0.16295 0.07019 0.06596 0.06444 0.06351 0.06269 0.06199 0.06181 0.06400 0.13984 0.18264 (11)  0.859 +-  1.126
  35 S   0.15203 0.06598 0.06255 0.06166 0.06131 0.06105 0.06088 0.06122 0.06389 0.14000 0.20943 (11)  0.974 +-  1.335
  36 A   0.16056 0.06927 0.06520 0.06381 0.06299 0.06229 0.06169 0.06162 0.06392 0.13975 0.18890 (11)  0.887 +-  1.183
  37 D   0.17063 0.07318 0.06831 0.06628 0.06487 0.06360 0.06246 0.06188 0.06370 0.13899 0.16609 ( 1)  0.795 +-  1.008
  38 S   0.01162 0.01435 0.02213 0.02991 0.03749 0.04475 0.05167 0.05857 0.06725 0.15027 0.51200 (11)  2.295 +-  2.390
  39 P   0.16341 0.07037 0.06609 0.06454 0.06357 0.06272 0.06199 0.06178 0.06395 0.13971 0.18187 (11)  0.857 +-  1.125
  40 S   0.16295 0.07019 0.06596 0.06444 0.06351 0.06269 0.06199 0.06181 0.06400 0.13984 0.18264 (11)  0.859 +-  1.126
  41 S   0.16751 0.07195 0.06738 0.06559 0.06440 0.06334 0.06240 0.06200 0.06399 0.13966 0.17177 (11)  0.813 +-  1.032
  42 R   0.14687 0.06402 0.06081 0.06005 0.05981 0.05968 0.05964 0.06010 0.06287 0.13817 0.22799 (11)  1.081 +-  1.548
  43 P   0.15186 0.06592 0.06250 0.06161 0.06126 0.06102 0.06086 0.06120 0.06388 0.13997 0.20993 (11)  0.977 +-  1.340
  44 S   0.01059 0.01332 0.02068 0.02812 0.03543 0.04250 0.04931 0.05617 0.06483 0.14609 0.53297 (11)  2.412 +-  2.471
  45 H   0.16831 0.07227 0.06761 0.06575 0.06451 0.06339 0.06239 0.06194 0.06388 0.13942 0.17054 (11)  0.811 +-  1.032
  46 L   0.16670 0.07164 0.06713 0.06539 0.06425 0.06324 0.06234 0.06198 0.06401 0.13973 0.17358 (11)  0.821 +-  1.046
  47 S   0.01162 0.01435 0.02213 0.02991 0.03749 0.04475 0.05167 0.05857 0.06725 0.15027 0.51200 (11)  2.295 +-  2.390
  48 N   0.15295 0.06634 0.06285 0.06191 0.06151 0.06122 0.06101 0.06131 0.06395 0.14007 0.20689 (11)  0.962 +-  1.312
  49 A   0.15207 0.06600 0.06256 0.06166 0.06131 0.06105 0.06088 0.06121 0.06388 0.13997 0.20941 (11)  0.975 +-  1.336
  50 V   0.17007 0.07296 0.06816 0.06619 0.06483 0.06361 0.06252 0.06198 0.06384 0.13927 0.16658 ( 1)  0.795 +-  1.000
  51 V   0.17007 0.07296 0.06816 0.06619 0.06483 0.06361 0.06252 0.06198 0.06384 0.13927 0.16658 ( 1)  0.795 +-  1.000
  52 T   0.16556 0.07120 0.06677 0.06509 0.06402 0.06306 0.06221 0.06191 0.06398 0.13971 0.17648 (11)  0.834 +-  1.075
  53 S   0.16295 0.07019 0.06596 0.06444 0.06351 0.06269 0.06199 0.06181 0.06400 0.13984 0.18264 (11)  0.859 +-  1.126
  54 I   0.01025 0.01297 0.02019 0.02750 0.03471 0.04171 0.04847 0.05530 0.06395 0.14454 0.54042 (11)  2.453 +-  2.497
  55 G   0.16405 0.07061 0.06630 0.06471 0.06371 0.06284 0.06207 0.06184 0.06398 0.13975 0.18014 (11)  0.849 +-  1.107
  56 A   0.16374 0.07050 0.06619 0.06460 0.06360 0.06272 0.06195 0.06172 0.06387 0.13954 0.18157 (11)  0.857 +-  1.130
  57 T   0.16556 0.07120 0.06677 0.06509 0.06402 0.06306 0.06221 0.06191 0.06398 0.13971 0.17648 (11)  0.834 +-  1.075
  58 P   0.15186 0.06592 0.06250 0.06161 0.06127 0.06102 0.06086 0.06120 0.06388 0.13997 0.20992 (11)  0.977 +-  1.339
  59 P   0.16341 0.07037 0.06609 0.06454 0.06357 0.06272 0.06199 0.06178 0.06395 0.13971 0.18187 (11)  0.857 +-  1.125
  60 F   0.16541 0.07113 0.06673 0.06509 0.06403 0.06310 0.06228 0.06199 0.06408 0.13990 0.17626 (11)  0.830 +-  1.063
  61 G   0.16838 0.07230 0.06762 0.06575 0.06448 0.06334 0.06233 0.06187 0.06380 0.13926 0.17086 (11)  0.813 +-  1.042
  62 E   0.15540 0.06727 0.06361 0.06255 0.06203 0.06162 0.06131 0.06149 0.06403 0.14015 0.20053 (11)  0.933 +-  1.260
  63 G   0.16838 0.07230 0.06762 0.06575 0.06448 0.06334 0.06233 0.06187 0.06380 0.13926 0.17086 (11)  0.813 +-  1.042
  64 Y   0.16587 0.07132 0.06687 0.06518 0.06409 0.06312 0.06226 0.06194 0.06401 0.13974 0.17562 (11)  0.829 +-  1.065
  65 A   0.16786 0.07210 0.06743 0.06556 0.06429 0.06316 0.06216 0.06170 0.06364 0.13898 0.17311 (11)  0.826 +-  1.076
  66 D   0.17063 0.07318 0.06831 0.06628 0.06487 0.06360 0.06246 0.06188 0.06370 0.13899 0.16609 ( 1)  0.795 +-  1.008
  67 N   0.00030 0.00129 0.00342 0.00659 0.01075 0.01584 0.02181 0.02879 0.03793 0.09857 0.77471 (11)  3.553 +-  2.810
  68 E   0.16601 0.07137 0.06690 0.06519 0.06408 0.06309 0.06222 0.06189 0.06394 0.13961 0.17569 (11)  0.831 +-  1.072
  69 G   0.16838 0.07230 0.06762 0.06575 0.06448 0.06334 0.06233 0.06187 0.06380 0.13926 0.17086 (11)  0.813 +-  1.042
  70 A   0.15207 0.06600 0.06256 0.06166 0.06131 0.06105 0.06088 0.06121 0.06388 0.13997 0.20941 (11)  0.975 +-  1.336
  71 E   0.01166 0.01439 0.02218 0.02996 0.03753 0.04477 0.05167 0.05854 0.06719 0.15011 0.51200 (11)  2.299 +-  2.397
  72 G   0.16838 0.07230 0.06762 0.06575 0.06448 0.06334 0.06233 0.06187 0.06380 0.13926 0.17086 (11)  0.813 +-  1.042
  73 S   0.16295 0.07019 0.06596 0.06444 0.06351 0.06269 0.06199 0.06181 0.06400 0.13984 0.18264 (11)  0.859 +-  1.126
  74 T   0.15254 0.06618 0.06271 0.06179 0.06142 0.06114 0.06095 0.06126 0.06392 0.14003 0.20807 (11)  0.968 +-  1.323
  75 G   0.16405 0.07061 0.06630 0.06471 0.06371 0.06284 0.06207 0.06184 0.06398 0.13975 0.18014 (11)  0.849 +-  1.107
  76 S   0.16845 0.07233 0.06765 0.06577 0.06450 0.06337 0.06236 0.06189 0.06382 0.13930 0.17056 (11)  0.812 +-  1.038
  77 D   0.17063 0.07318 0.06831 0.06628 0.06487 0.06360 0.06246 0.06188 0.06370 0.13899 0.16609 ( 1)  0.795 +-  1.008
  78 L   0.16670 0.07164 0.06713 0.06539 0.06425 0.06324 0.06234 0.06198 0.06401 0.13973 0.17358 (11)  0.821 +-  1.046
  79 E   0.16601 0.07137 0.06690 0.06519 0.06408 0.06309 0.06222 0.06189 0.06394 0.13961 0.17569 (11)  0.831 +-  1.072
  80 T   0.01059 0.01332 0.02068 0.02812 0.03543 0.04250 0.04931 0.05617 0.06483 0.14609 0.53297 (11)  2.412 +-  2.471
  81 R   0.16137 0.06958 0.06547 0.06406 0.06322 0.06249 0.06187 0.06177 0.06404 0.13997 0.18616 (11)  0.873 +-  1.150
  82 Q   0.01111 0.01385 0.02143 0.02905 0.03651 0.04369 0.05057 0.05746 0.06614 0.14838 0.52181 (11)  2.348 +-  2.425
  83 Q   0.16121 0.06951 0.06543 0.06403 0.06320 0.06249 0.06188 0.06180 0.06408 0.14004 0.18632 (11)  0.873 +-  1.148
  84 T   0.16556 0.07120 0.06677 0.06509 0.06402 0.06306 0.06221 0.06191 0.06398 0.13971 0.17648 (11)  0.834 +-  1.075
  85 R   0.16233 0.06994 0.06578 0.06431 0.06343 0.06267 0.06200 0.06186 0.06410 0.14004 0.18352 (11)  0.860 +-  1.123
  86 L   0.16027 0.06915 0.06514 0.06379 0.06303 0.06237 0.06181 0.06177 0.06410 0.14012 0.18846 (11)  0.881 +-  1.162
  87 P   0.16757 0.07199 0.06737 0.06553 0.06431 0.06321 0.06224 0.06181 0.06378 0.13924 0.17295 (11)  0.823 +-  1.064
  88 N   0.16797 0.07213 0.06752 0.06570 0.06448 0.06340 0.06243 0.06201 0.06397 0.13961 0.17080 (11)  0.810 +-  1.025
  89 Y   0.15875 0.06856 0.06465 0.06339 0.06269 0.06210 0.06161 0.06164 0.06403 0.14002 0.19255 (11)  0.900 +-  1.202
  90 C   0.16664 0.07162 0.06711 0.06537 0.06423 0.06322 0.06233 0.06197 0.06400 0.13970 0.17382 (11)  0.822 +-  1.050
  91 L   0.16027 0.06915 0.06514 0.06379 0.06303 0.06237 0.06181 0.06177 0.06410 0.14012 0.18846 (11)  0.881 +-  1.162
  92 G   0.01127 0.01400 0.02163 0.02927 0.03674 0.04390 0.05074 0.05759 0.06621 0.14842 0.52023 (11)  2.347 +-  2.433
  93 D   0.17063 0.07318 0.06831 0.06628 0.06487 0.06360 0.06246 0.06188 0.06370 0.13899 0.16609 ( 1)  0.795 +-  1.008
  94 G   0.16405 0.07061 0.06630 0.06471 0.06371 0.06284 0.06207 0.06184 0.06398 0.13975 0.18014 (11)  0.849 +-  1.107
  95 I   0.01121 0.01395 0.02157 0.02921 0.03668 0.04386 0.05073 0.05760 0.06626 0.14854 0.52039 (11)  2.344 +-  2.427
  96 W   0.15963 0.06890 0.06494 0.06363 0.06290 0.06228 0.06175 0.06174 0.06410 0.14014 0.19000 (11)  0.888 +-  1.175
  97 H   0.15373 0.06663 0.06309 0.06211 0.06168 0.06135 0.06111 0.06137 0.06398 0.14010 0.20486 (11)  0.953 +-  1.296
  98 L   0.15751 0.06809 0.06428 0.06309 0.06248 0.06196 0.06154 0.06163 0.06408 0.14018 0.19516 (11)  0.910 +-  1.215
  99 A   0.16374 0.07050 0.06619 0.06460 0.06360 0.06272 0.06195 0.06172 0.06387 0.13954 0.18157 (11)  0.857 +-  1.130
 100 T   0.17025 0.07303 0.06820 0.06621 0.06483 0.06359 0.06248 0.06193 0.06377 0.13913 0.16656 ( 1)  0.796 +-  1.006
 101 K   0.15292 0.06632 0.06284 0.06190 0.06151 0.06121 0.06101 0.06131 0.06395 0.14007 0.20697 (11)  0.963 +-  1.313
 102 G   0.16405 0.07061 0.06630 0.06471 0.06371 0.06284 0.06207 0.06184 0.06398 0.13975 0.18014 (11)  0.849 +-  1.107
 103 H   0.16831 0.07227 0.06761 0.06575 0.06451 0.06339 0.06239 0.06194 0.06388 0.13942 0.17054 (11)  0.811 +-  1.032
 104 C   0.16664 0.07162 0.06711 0.06537 0.06423 0.06322 0.06233 0.06197 0.06400 0.13970 0.17382 (11)  0.822 +-  1.050
 105 E   0.15540 0.06727 0.06361 0.06255 0.06203 0.06162 0.06131 0.06149 0.06403 0.14015 0.20053 (11)  0.933 +-  1.260

Positively selected sites

	Prob(w>1)  mean w

    38 S      0.512         2.295 +- 2.390
    44 S      0.533         2.412 +- 2.471
    47 S      0.512         2.295 +- 2.390
    54 I      0.540         2.453 +- 2.497
    67 N      0.775         3.553 +- 2.810
    71 E      0.512         2.299 +- 2.397
    80 T      0.533         2.412 +- 2.471
    82 Q      0.522         2.348 +- 2.425
    92 G      0.520         2.347 +- 2.433
    95 I      0.520         2.344 +- 2.427

