Supplemental results for CODEML (seqf: algn  treef: tree)


dN/dS (w) for site classes (K=9)

p:   0.11041  0.11041  0.11041  0.11041  0.11041  0.11041  0.11041  0.11041  0.11675
w:   0.00000  0.00000  0.00000  0.00000  0.85723  1.00000  1.00000  1.00000 459.67549

Naive Empirical Bayes (NEB) probabilities for 9 classes & postmean_w & P(w>1)
(amino acids refer to 1st sequence: htf.10631)

   1 I   0.13298 0.13298 0.13298 0.13298 0.10815 0.10463 0.10463 0.10463 0.04607 ( 3) 21.582  0.046
   2 N   0.00000 0.00000 0.00000 0.00000 0.00345 0.00459 0.00459 0.00459 0.98279 ( 9) 451.782  0.983
   3 A   0.00000 0.00000 0.00000 0.00000 0.02120 0.02441 0.02441 0.02441 0.90558 ( 9) 416.364  0.906
   4 I   0.00000 0.00000 0.00000 0.00000 0.00782 0.00982 0.00982 0.00982 0.96273 ( 9) 442.579  0.963
   5 V   0.13208 0.13208 0.13208 0.13208 0.11906 0.11705 0.11705 0.11705 0.00148 ( 1)  1.136  0.001
   6 H   0.00000 0.00000 0.00000 0.00000 0.00162 0.00217 0.00217 0.00217 0.99188 ( 9) 455.950  0.992
   7 V   0.00000 0.00000 0.00000 0.00000 0.02557 0.02916 0.02916 0.02916 0.88695 ( 9) 407.817  0.887
   8 L   0.11041 0.11041 0.11041 0.11041 0.11041 0.11041 0.11041 0.11041 0.11675 ( 9) 54.091  0.117
   9 C   0.11041 0.11041 0.11041 0.11041 0.11041 0.11041 0.11041 0.11041 0.11675 ( 9) 54.091  0.117
  10 V   0.11041 0.11041 0.11041 0.11041 0.11041 0.11041 0.11041 0.11041 0.11675 ( 9) 54.091  0.117
  11 P   0.12632 0.12632 0.12632 0.12632 0.12169 0.12096 0.12096 0.12096 0.01016 ( 3)  5.137  0.010
  12 L   0.13935 0.13935 0.13935 0.13935 0.11240 0.10856 0.10856 0.10856 0.00451 ( 3)  2.497  0.005
  13 L   0.13261 0.13261 0.13261 0.13261 0.10850 0.10505 0.10505 0.10505 0.04590 ( 3) 21.507  0.046
  14 A   0.13810 0.13810 0.13810 0.13810 0.11329 0.10973 0.10973 0.10973 0.00513 ( 3)  2.784  0.005
  15 S   0.13264 0.13264 0.13264 0.13264 0.11835 0.11617 0.11617 0.11617 0.00259 ( 1)  1.642  0.003
  16 K   0.13263 0.13263 0.13263 0.13263 0.11858 0.11641 0.11641 0.11641 0.00169 ( 1)  1.226  0.002
  17 C   0.13369 0.13369 0.13369 0.13369 0.11775 0.11531 0.11531 0.11531 0.00156 ( 3)  1.163  0.002
  18 R   0.12840 0.12840 0.12840 0.12840 0.12213 0.12112 0.12112 0.12112 0.00092 ( 1)  0.890  0.001
  19 T   0.13121 0.13121 0.13121 0.13121 0.11943 0.11761 0.11761 0.11761 0.00289 ( 3)  1.784  0.003
  20 T   0.13760 0.13760 0.13760 0.13760 0.11328 0.10982 0.10982 0.10982 0.00684 ( 1)  3.572  0.007
  21 Q   0.13084 0.13084 0.13084 0.13084 0.12008 0.11839 0.11839 0.11839 0.00139 ( 3)  1.099  0.001
  22 K   0.13263 0.13263 0.13263 0.13263 0.11858 0.11641 0.11641 0.11641 0.00169 ( 1)  1.226  0.002
  23 P   0.13768 0.13768 0.13768 0.13768 0.11316 0.10967 0.10967 0.10967 0.00710 ( 1)  3.690  0.007
  24 P   0.13768 0.13768 0.13768 0.13768 0.11316 0.10967 0.10967 0.10967 0.00710 ( 1)  3.690  0.007
  25 D   0.13505 0.13505 0.13505 0.13505 0.11643 0.11362 0.11362 0.11362 0.00248 ( 1)  1.581  0.002
  26 Y   0.13560 0.13560 0.13560 0.13560 0.11589 0.11296 0.11296 0.11296 0.00286 ( 3)  1.751  0.003
  27 T   0.13283 0.13283 0.13283 0.13283 0.11800 0.11576 0.11576 0.11576 0.00341 ( 3)  2.018  0.003
  28 P   0.13948 0.13948 0.13948 0.13948 0.11147 0.10758 0.10758 0.10758 0.00787 ( 1)  4.036  0.008
  29 K   0.13155 0.13155 0.13155 0.13155 0.11952 0.11764 0.11764 0.11764 0.00135 ( 1)  1.075  0.001
  30 V   0.00000 0.00000 0.00000 0.00000 0.02361 0.02697 0.02697 0.02697 0.89547 ( 9) 411.729  0.895
  31 A   0.13810 0.13810 0.13810 0.13810 0.11329 0.10973 0.10973 0.10973 0.00513 ( 3)  2.784  0.005
  32 A   0.13307 0.13307 0.13307 0.13307 0.11801 0.11571 0.11571 0.11571 0.00257 ( 3)  1.628  0.003
  33 T   0.13121 0.13121 0.13121 0.13121 0.11943 0.11761 0.11761 0.11761 0.00289 ( 3)  1.784  0.003
  34 R   0.13028 0.13028 0.13028 0.13028 0.12059 0.11906 0.11906 0.11906 0.00110 ( 3)  0.966  0.001
  35 M   0.13697 0.13697 0.13697 0.13697 0.11500 0.11175 0.11175 0.11175 0.00188 ( 3)  1.297  0.002
  36 K   0.13263 0.13263 0.13263 0.13263 0.11858 0.11641 0.11641 0.11641 0.00169 ( 1)  1.226  0.002
  37 T   0.13283 0.13283 0.13283 0.13283 0.11800 0.11576 0.11576 0.11576 0.00341 ( 3)  2.018  0.003
  38 C   0.13369 0.13369 0.13369 0.13369 0.11775 0.11531 0.11531 0.11531 0.00156 ( 3)  1.163  0.002
  39 V   0.13208 0.13208 0.13208 0.13208 0.11906 0.11705 0.11705 0.11705 0.00148 ( 1)  1.136  0.001
  40 E   0.00000 0.00000 0.00000 0.00000 0.17011 0.19466 0.19466 0.19466 0.24591 ( 9) 113.770  0.246
  41 G   0.13328 0.13328 0.13328 0.13328 0.11808 0.11575 0.11575 0.11575 0.00155 ( 1)  1.161  0.002
  42 Y   0.13560 0.13560 0.13560 0.13560 0.11589 0.11296 0.11296 0.11296 0.00286 ( 3)  1.751  0.003
  43 S   0.13335 0.13335 0.13335 0.13335 0.10763 0.10399 0.10399 0.10399 0.04701 ( 1) 22.015  0.047
  44 I   0.00000 0.00000 0.00000 0.00000 0.20037 0.22610 0.22610 0.22610 0.12133 ( 6) 56.622  0.121
  45 T   0.13283 0.13283 0.13283 0.13283 0.11800 0.11576 0.11576 0.11576 0.00341 ( 3)  2.018  0.003
  46 L   0.13095 0.13095 0.13095 0.13095 0.11983 0.11810 0.11810 0.11810 0.00208 ( 3)  1.411  0.002
  47 T   0.13760 0.13760 0.13760 0.13760 0.11328 0.10982 0.10982 0.10982 0.00684 ( 1)  3.572  0.007
  48 E   0.13188 0.13188 0.13188 0.13188 0.11927 0.11731 0.11731 0.11731 0.00128 ( 3)  1.044  0.001
  49 M   0.13697 0.13697 0.13697 0.13697 0.11500 0.11175 0.11175 0.11175 0.00188 ( 3)  1.297  0.002
  50 A   0.00000 0.00000 0.00000 0.00000 0.20210 0.23152 0.23152 0.23152 0.10335 ( 6) 48.373  0.103
  51 L   0.00000 0.00000 0.00000 0.00000 0.16969 0.19597 0.19597 0.19597 0.24241 ( 9) 112.163  0.242
  52 N   0.00000 0.00000 0.00000 0.00000 0.20069 0.22843 0.22843 0.22843 0.11400 ( 7) 53.262  0.114
  53 S   0.13823 0.13823 0.13823 0.13823 0.11316 0.10957 0.10957 0.10957 0.00520 ( 3)  2.816  0.005
  54 G   0.13450 0.13450 0.13450 0.13450 0.11705 0.11440 0.11440 0.11440 0.00174 ( 1)  1.243  0.002
  55 T   0.13283 0.13283 0.13283 0.13283 0.11800 0.11576 0.11576 0.11576 0.00341 ( 3)  2.018  0.003
  56 K   0.13263 0.13263 0.13263 0.13263 0.11858 0.11641 0.11641 0.11641 0.00169 ( 1)  1.226  0.002
  57 V   0.13208 0.13208 0.13208 0.13208 0.11906 0.11705 0.11705 0.11705 0.00148 ( 1)  1.136  0.001
  58 C   0.13369 0.13369 0.13369 0.13369 0.11775 0.11531 0.11531 0.11531 0.00156 ( 3)  1.163  0.002
  59 G   0.12838 0.12838 0.12838 0.12838 0.11275 0.11037 0.11037 0.11037 0.04261 ( 1) 20.014  0.043
  60 Y   0.00000 0.00000 0.00000 0.00000 0.16342 0.18649 0.18649 0.18649 0.27710 ( 9) 128.076  0.277
  61 F   0.13259 0.13259 0.13259 0.13259 0.10873 0.10533 0.10533 0.10533 0.04492 ( 3) 21.058  0.045
  62 H   0.13717 0.13717 0.13717 0.13717 0.11438 0.11104 0.11104 0.11104 0.00383 ( 1)  2.190  0.004
  63 R   0.12840 0.12840 0.12840 0.12840 0.12213 0.12112 0.12112 0.12112 0.00092 ( 1)  0.890  0.001
  64 I   0.13988 0.13988 0.13988 0.13988 0.11201 0.10806 0.10806 0.10806 0.00430 ( 1)  2.399  0.004
  65 V   0.11742 0.11742 0.11742 0.11742 0.10108 0.09866 0.09866 0.09866 0.13328 ( 9) 61.650  0.133
  66 K   0.00000 0.00000 0.00000 0.00000 0.00059 0.00085 0.00085 0.00085 0.99685 ( 9) 458.231  0.997
  67 S   0.00000 0.00000 0.00000 0.00000 0.00020 0.00028 0.00028 0.00028 0.99897 ( 9) 459.202  0.999
  68 P   0.00000 0.00000 0.00000 0.00000 0.00024 0.00033 0.00033 0.00033 0.99878 ( 9) 459.118  0.999
  69 M   0.00000 0.00000 0.00000 0.00000 0.16939 0.19411 0.19411 0.19411 0.24828 ( 9) 114.854  0.248
  70 G   0.11489 0.11489 0.11489 0.11489 0.10435 0.10271 0.10271 0.10271 0.12795 ( 9) 59.215  0.128
  71 R   0.13166 0.13166 0.13166 0.13166 0.11950 0.11760 0.11760 0.11760 0.00104 ( 1)  0.935  0.001
  72 V   0.00000 0.00000 0.00000 0.00000 0.00034 0.00049 0.00049 0.00049 0.99819 ( 9) 458.847  0.998
  73 G   0.00000 0.00000 0.00000 0.00000 0.00716 0.00823 0.00823 0.00823 0.96816 ( 9) 445.072  0.968
  74 G   0.00000 0.00000 0.00000 0.00000 0.00011 0.00015 0.00015 0.00015 0.99943 ( 9) 459.415  0.999
  75 L   0.00000 0.00000 0.00000 0.00000 0.02347 0.03140 0.03140 0.03140 0.88234 ( 9) 405.703  0.882
  76 L   0.00000 0.00000 0.00000 0.00000 0.00201 0.00267 0.00267 0.00267 0.98998 ( 9) 455.078  0.990
  77 I   0.00000 0.00000 0.00000 0.00000 0.01083 0.01427 0.01427 0.01427 0.94637 ( 9) 435.076  0.946
  78 L   0.00000 0.00000 0.00000 0.00000 0.01024 0.01240 0.01240 0.01240 0.95256 ( 9) 437.915  0.953
  79 P   0.13291 0.13291 0.13291 0.13291 0.10764 0.10408 0.10408 0.10408 0.04847 ( 3) 22.684  0.048
  80 I   0.00000 0.00000 0.00000 0.00000 0.00483 0.00640 0.00640 0.00640 0.97596 ( 9) 448.647  0.976
  81 L   0.11712 0.11712 0.11712 0.11712 0.10069 0.09827 0.09827 0.09827 0.13603 ( 9) 62.909  0.136
  82 L   0.00000 0.00000 0.00000 0.00000 0.04021 0.04566 0.04566 0.04566 0.82280 ( 9) 378.390  0.823
  83 C   0.13493 0.13493 0.13493 0.13493 0.11670 0.11394 0.11394 0.11394 0.00175 ( 3)  1.246  0.002
  84 S   0.00000 0.00000 0.00000 0.00000 0.19767 0.22349 0.22349 0.22349 0.13187 ( 6) 61.455  0.132
  85 A   0.13998 0.13998 0.13998 0.13998 0.11158 0.10760 0.10760 0.10760 0.00571 ( 3)  3.044  0.006
  86 L   0.11712 0.11712 0.11712 0.11712 0.10069 0.09827 0.09827 0.09827 0.13603 ( 9) 62.909  0.136
  87 S   0.14012 0.14012 0.14012 0.14012 0.11144 0.10743 0.10743 0.10743 0.00579 ( 1)  3.080  0.006
  88 I   0.13988 0.13988 0.13988 0.13988 0.11201 0.10806 0.10806 0.10806 0.00430 ( 1)  2.399  0.004
  89 A   0.00000 0.00000 0.00000 0.00000 0.15918 0.18155 0.18155 0.18155 0.29617 ( 9) 136.823  0.296
  90 T   0.13121 0.13121 0.13121 0.13121 0.11943 0.11761 0.11761 0.11761 0.00289 ( 3)  1.784  0.003
  91 H   0.13577 0.13577 0.13577 0.13577 0.11562 0.11263 0.11263 0.11263 0.00340 ( 1)  1.999  0.003
  92 S   0.13823 0.13823 0.13823 0.13823 0.11316 0.10957 0.10957 0.10957 0.00520 ( 3)  2.816  0.005
  93 A   0.13998 0.13998 0.13998 0.13998 0.11158 0.10760 0.10760 0.10760 0.00571 ( 3)  3.044  0.006
  94 H   0.13717 0.13717 0.13717 0.13717 0.11438 0.11104 0.11104 0.11104 0.00383 ( 1)  2.190  0.004
  95 L   0.13935 0.13935 0.13935 0.13935 0.11240 0.10856 0.10856 0.10856 0.00451 ( 3)  2.497  0.005
  96 Y   0.13424 0.13424 0.13424 0.13424 0.11707 0.11448 0.11448 0.11448 0.00255 ( 3)  1.614  0.003
  97 A   0.13810 0.13810 0.13810 0.13810 0.11329 0.10973 0.10973 0.10973 0.00513 ( 3)  2.784  0.005
  98 T   0.13760 0.13760 0.13760 0.13760 0.11328 0.10982 0.10982 0.10982 0.00684 ( 1)  3.572  0.007
  99 T   0.00000 0.00000 0.00000 0.00000 0.19960 0.22937 0.22937 0.22937 0.11230 ( 7) 52.482  0.112
 100 L   0.13754 0.13754 0.13754 0.13754 0.11401 0.11060 0.11060 0.11060 0.00404 ( 1)  2.287  0.004
 101 T   0.13939 0.13939 0.13939 0.13939 0.11161 0.10774 0.10774 0.10774 0.00760 ( 1)  3.913  0.008
 102 N   0.13563 0.13563 0.13563 0.13563 0.11577 0.11281 0.11281 0.11281 0.00327 ( 3)  1.941  0.003
 103 L   0.00000 0.00000 0.00000 0.00000 0.19906 0.22418 0.22418 0.22418 0.12841 ( 6) 59.868  0.128
 104 P   0.13125 0.13125 0.13125 0.13125 0.11936 0.11752 0.11752 0.11752 0.00305 ( 3)  1.857  0.003
 105 A   0.13998 0.13998 0.13998 0.13998 0.11158 0.10760 0.10760 0.10760 0.00571 ( 3)  3.044  0.006
 106 D   0.13505 0.13505 0.13505 0.13505 0.11643 0.11362 0.11362 0.11362 0.00248 ( 1)  1.581  0.002
 107 F   0.13945 0.13945 0.13945 0.13945 0.11262 0.10877 0.10877 0.10877 0.00326 ( 3)  1.921  0.003
 108 A   0.13998 0.13998 0.13998 0.13998 0.11158 0.10760 0.10760 0.10760 0.00571 ( 3)  3.044  0.006
 109 T   0.00000 0.00000 0.00000 0.00000 0.15659 0.17891 0.17891 0.17891 0.30669 ( 9) 141.647  0.307
 110 S   0.13823 0.13823 0.13823 0.13823 0.11316 0.10957 0.10957 0.10957 0.00520 ( 3)  2.816  0.005
 111 N   0.13700 0.13700 0.13700 0.13700 0.11454 0.11125 0.11125 0.11125 0.00369 ( 3)  2.130  0.004
 112 C   0.12876 0.12876 0.12876 0.12876 0.11248 0.11002 0.11002 0.11002 0.04245 ( 1) 19.938  0.042
 113 L   0.13935 0.13935 0.13935 0.13935 0.11240 0.10856 0.10856 0.10856 0.00451 ( 3)  2.497  0.005
 114 I   0.13809 0.13809 0.13809 0.13809 0.11360 0.11006 0.11006 0.11006 0.00384 ( 3)  2.191  0.004
 115 S   0.14012 0.14012 0.14012 0.14012 0.11144 0.10743 0.10743 0.10743 0.00579 ( 1)  3.080  0.006
 116 S   0.14012 0.14012 0.14012 0.14012 0.11144 0.10743 0.10743 0.10743 0.00579 ( 1)  3.080  0.006
 117 H   0.13717 0.13717 0.13717 0.13717 0.11438 0.11104 0.11104 0.11104 0.00383 ( 1)  2.190  0.004
 118 L   0.13935 0.13935 0.13935 0.13935 0.11240 0.10856 0.10856 0.10856 0.00451 ( 3)  2.497  0.005
 119 G   0.13328 0.13328 0.13328 0.13328 0.11808 0.11575 0.11575 0.11575 0.00155 ( 1)  1.161  0.002
 120 D   0.13505 0.13505 0.13505 0.13505 0.11643 0.11362 0.11362 0.11362 0.00248 ( 1)  1.581  0.002
 121 A   0.13810 0.13810 0.13810 0.13810 0.11329 0.10973 0.10973 0.10973 0.00513 ( 3)  2.784  0.005
 122 F   0.13945 0.13945 0.13945 0.13945 0.11262 0.10877 0.10877 0.10877 0.00326 ( 3)  1.921  0.003
 123 K   0.13155 0.13155 0.13155 0.13155 0.11952 0.11764 0.11764 0.11764 0.00135 ( 1)  1.075  0.001
 124 H   0.13717 0.13717 0.13717 0.13717 0.11438 0.11104 0.11104 0.11104 0.00383 ( 1)  2.190  0.004
 125 T   0.13939 0.13939 0.13939 0.13939 0.11161 0.10774 0.10774 0.10774 0.00760 ( 1)  3.913  0.008
 126 S   0.14012 0.14012 0.14012 0.14012 0.11144 0.10743 0.10743 0.10743 0.00579 ( 1)  3.080  0.006
 127 A   0.13307 0.13307 0.13307 0.13307 0.11801 0.11571 0.11571 0.11571 0.00257 ( 3)  1.628  0.003
 128 Y   0.13560 0.13560 0.13560 0.13560 0.11589 0.11296 0.11296 0.11296 0.00286 ( 3)  1.751  0.003
 129 T   0.13760 0.13760 0.13760 0.13760 0.11328 0.10982 0.10982 0.10982 0.00684 ( 1)  3.572  0.007
 130 S   0.13823 0.13823 0.13823 0.13823 0.11316 0.10957 0.10957 0.10957 0.00520 ( 3)  2.816  0.005
 131 N   0.13700 0.13700 0.13700 0.13700 0.11454 0.11125 0.11125 0.11125 0.00369 ( 3)  2.130  0.004
 132 T   0.13939 0.13939 0.13939 0.13939 0.11161 0.10774 0.10774 0.10774 0.00760 ( 1)  3.913  0.008
 133 L   0.13935 0.13935 0.13935 0.13935 0.11240 0.10856 0.10856 0.10856 0.00451 ( 3)  2.497  0.005
 134 F   0.13945 0.13945 0.13945 0.13945 0.11262 0.10877 0.10877 0.10877 0.00326 ( 3)  1.921  0.003
 135 S   0.13823 0.13823 0.13823 0.13823 0.11316 0.10957 0.10957 0.10957 0.00520 ( 3)  2.816  0.005
 136 A   0.13810 0.13810 0.13810 0.13810 0.11329 0.10973 0.10973 0.10973 0.00513 ( 3)  2.784  0.005
 137 N   0.13700 0.13700 0.13700 0.13700 0.11454 0.11125 0.11125 0.11125 0.00369 ( 3)  2.130  0.004
 138 P   0.13125 0.13125 0.13125 0.13125 0.11936 0.11752 0.11752 0.11752 0.00305 ( 3)  1.857  0.003
 139 S   0.13081 0.13081 0.13081 0.13081 0.11991 0.11822 0.11822 0.11822 0.00221 ( 1)  1.474  0.002
 140 R   0.13578 0.13578 0.13578 0.13578 0.11586 0.11288 0.11288 0.11288 0.00238 ( 1)  1.532  0.002
 141 L   0.13754 0.13754 0.13754 0.13754 0.11401 0.11060 0.11060 0.11060 0.00404 ( 1)  2.287  0.004
 142 R   0.13028 0.13028 0.13028 0.13028 0.12059 0.11906 0.11906 0.11906 0.00110 ( 3)  0.966  0.001
 143 H   0.13717 0.13717 0.13717 0.13717 0.11438 0.11104 0.11104 0.11104 0.00383 ( 1)  2.190  0.004
 144 S   0.14012 0.14012 0.14012 0.14012 0.11144 0.10743 0.10743 0.10743 0.00579 ( 1)  3.080  0.006
 145 L   0.13935 0.13935 0.13935 0.13935 0.11240 0.10856 0.10856 0.10856 0.00451 ( 3)  2.497  0.005
 146 T   0.13939 0.13939 0.13939 0.13939 0.11161 0.10774 0.10774 0.10774 0.00760 ( 1)  3.913  0.008
 147 A   0.13140 0.13140 0.13140 0.13140 0.11944 0.11759 0.11759 0.11759 0.00219 ( 1)  1.461  0.002
 148 P   0.00000 0.00000 0.00000 0.00000 0.19767 0.22349 0.22349 0.22349 0.13187 ( 6) 61.455  0.132
 149 H   0.13577 0.13577 0.13577 0.13577 0.11562 0.11263 0.11263 0.11263 0.00340 ( 1)  1.999  0.003
 150 P   0.13291 0.13291 0.13291 0.13291 0.10764 0.10408 0.10408 0.10408 0.04847 ( 3) 22.684  0.048
 151 L   0.13095 0.13095 0.13095 0.13095 0.11983 0.11810 0.11810 0.11810 0.00208 ( 3)  1.411  0.002
 152 H   0.13717 0.13717 0.13717 0.13717 0.11438 0.11104 0.11104 0.11104 0.00383 ( 1)  2.190  0.004
 153 I   0.13988 0.13988 0.13988 0.13988 0.11201 0.10806 0.10806 0.10806 0.00430 ( 1)  2.399  0.004
 154 P   0.13125 0.13125 0.13125 0.13125 0.11936 0.11752 0.11752 0.11752 0.00305 ( 3)  1.857  0.003
 155 C   0.13493 0.13493 0.13493 0.13493 0.11670 0.11394 0.11394 0.11394 0.00175 ( 3)  1.246  0.002
 156 H   0.13717 0.13717 0.13717 0.13717 0.11438 0.11104 0.11104 0.11104 0.00383 ( 1)  2.190  0.004
 157 Q   0.13171 0.13171 0.13171 0.13171 0.11930 0.11737 0.11737 0.11737 0.00173 ( 1)  1.249  0.002
 158 H   0.13717 0.13717 0.13717 0.13717 0.11438 0.11104 0.11104 0.11104 0.00383 ( 1)  2.190  0.004
 159 S   0.13081 0.13081 0.13081 0.13081 0.11991 0.11822 0.11822 0.11822 0.00221 ( 1)  1.474  0.002
 160 T   0.13760 0.13760 0.13760 0.13760 0.11328 0.10982 0.10982 0.10982 0.00684 ( 1)  3.572  0.007
 161 V   0.13661 0.13661 0.13661 0.13661 0.11505 0.11186 0.11186 0.11186 0.00293 ( 1)  1.781  0.003
 162 A   0.13998 0.13998 0.13998 0.13998 0.11158 0.10760 0.10760 0.10760 0.00571 ( 3)  3.044  0.006
 163 H   0.13717 0.13717 0.13717 0.13717 0.11438 0.11104 0.11104 0.11104 0.00383 ( 1)  2.190  0.004
 164 F   0.13945 0.13945 0.13945 0.13945 0.11262 0.10877 0.10877 0.10877 0.00326 ( 3)  1.921  0.003
 165 R   0.00000 0.00000 0.00000 0.00000 0.20117 0.22900 0.22900 0.22900 0.11182 ( 6) 52.260  0.112
 166 T   0.13121 0.13121 0.13121 0.13121 0.11943 0.11761 0.11761 0.11761 0.00289 ( 3)  1.784  0.003
 167 F   0.13945 0.13945 0.13945 0.13945 0.11262 0.10877 0.10877 0.10877 0.00326 ( 3)  1.921  0.003
 168 N   0.13700 0.13700 0.13700 0.13700 0.11454 0.11125 0.11125 0.11125 0.00369 ( 3)  2.130  0.004
 169 T   0.13939 0.13939 0.13939 0.13939 0.11161 0.10774 0.10774 0.10774 0.00760 ( 1)  3.913  0.008
 170 I   0.13809 0.13809 0.13809 0.13809 0.11360 0.11006 0.11006 0.11006 0.00384 ( 3)  2.191  0.004
 171 N   0.13700 0.13700 0.13700 0.13700 0.11454 0.11125 0.11125 0.11125 0.00369 ( 3)  2.130  0.004
 172 D   0.13639 0.13639 0.13639 0.13639 0.11526 0.11212 0.11212 0.11212 0.00280 ( 3)  1.723  0.003
 173 T   0.13121 0.13121 0.13121 0.13121 0.11943 0.11761 0.11761 0.11761 0.00289 ( 3)  1.784  0.003
 174 T   0.12581 0.12581 0.12581 0.12581 0.11306 0.11111 0.11111 0.11111 0.05039 ( 1) 23.592  0.050
 175 T   0.13939 0.13939 0.13939 0.13939 0.11161 0.10774 0.10774 0.10774 0.00760 ( 1)  3.913  0.008
 176 F   0.13945 0.13945 0.13945 0.13945 0.11262 0.10877 0.10877 0.10877 0.00326 ( 3)  1.921  0.003
 177 P   0.13125 0.13125 0.13125 0.13125 0.11936 0.11752 0.11752 0.11752 0.00305 ( 3)  1.857  0.003
 178 I   0.13809 0.13809 0.13809 0.13809 0.11360 0.11006 0.11006 0.11006 0.00384 ( 3)  2.191  0.004
 179 P   0.13288 0.13288 0.13288 0.13288 0.11793 0.11566 0.11566 0.11566 0.00354 ( 3)  2.076  0.004
 180 H   0.13577 0.13577 0.13577 0.13577 0.11562 0.11263 0.11263 0.11263 0.00340 ( 1)  1.999  0.003
 181 S   0.13823 0.13823 0.13823 0.13823 0.11316 0.10957 0.10957 0.10957 0.00520 ( 3)  2.816  0.005
 182 S   0.13823 0.13823 0.13823 0.13823 0.11316 0.10957 0.10957 0.10957 0.00520 ( 3)  2.816  0.005
 183 C   0.13369 0.13369 0.13369 0.13369 0.11775 0.11531 0.11531 0.11531 0.00156 ( 3)  1.163  0.002
 184 L   0.13754 0.13754 0.13754 0.13754 0.11401 0.11060 0.11060 0.11060 0.00404 ( 1)  2.287  0.004
 185 T   0.13760 0.13760 0.13760 0.13760 0.11328 0.10982 0.10982 0.10982 0.00684 ( 1)  3.572  0.007
 186 G   0.12871 0.12871 0.12871 0.12871 0.12194 0.12085 0.12085 0.12085 0.00066 ( 1)  0.771  0.001
 187 H   0.13717 0.13717 0.13717 0.13717 0.11438 0.11104 0.11104 0.11104 0.00383 ( 1)  2.190  0.004
 188 R   0.00000 0.00000 0.00000 0.00000 0.03737 0.05008 0.05008 0.05008 0.81239 ( 9) 373.619  0.812
 189 A   0.13307 0.13307 0.13307 0.13307 0.11801 0.11571 0.11571 0.11571 0.00257 ( 3)  1.628  0.003
 190 T   0.00000 0.00000 0.00000 0.00000 0.20262 0.23080 0.23080 0.23080 0.10497 ( 7) 49.120  0.105
 191 R   0.12840 0.12840 0.12840 0.12840 0.12213 0.12112 0.12112 0.12112 0.00092 ( 1)  0.890  0.001
 192 S   0.13081 0.13081 0.13081 0.13081 0.11991 0.11822 0.11822 0.11822 0.00221 ( 1)  1.474  0.002
 193 I   0.13809 0.13809 0.13809 0.13809 0.11360 0.11006 0.11006 0.11006 0.00384 ( 3)  2.191  0.004
 194 P   0.00000 0.00000 0.00000 0.00000 0.15945 0.18255 0.18255 0.18255 0.29291 ( 9) 135.326  0.293
 195 P   0.13768 0.13768 0.13768 0.13768 0.11316 0.10967 0.10967 0.10967 0.00710 ( 1)  3.690  0.007

Positively selected sites

	Prob(w>1)  mean w

     2 N      0.983*        451.782
     3 A      0.906         416.364
     4 I      0.963*        442.579
     6 H      0.992**       455.950
     7 V      0.887         407.817
    30 V      0.895         411.729
    66 K      0.997**       458.231
    67 S      0.999**       459.202
    68 P      0.999**       459.118
    72 V      0.998**       458.847
    73 G      0.968*        445.072
    74 G      0.999**       459.415
    75 L      0.882         405.703
    76 L      0.990*        455.078
    77 I      0.946         435.076
    78 L      0.953*        437.915
    80 I      0.976*        448.647
    82 L      0.823         378.390
   188 R      0.812         373.619


lnL = -1056.236756

Bayes Empirical Bayes (BEB) probabilities for 11 classes (class) & postmean_w
(amino acids refer to 1st sequence: htf.10631)

   1 I   0.51884 0.09473 0.06910 0.05593 0.04708 0.04025 0.03452 0.02943 0.02488 0.02727 0.05797 ( 1)  0.780 +-  2.264
   2 N   0.00018 0.00032 0.00065 0.00106 0.00150 0.00195 0.00237 0.00272 0.00300 0.00416 0.98209 (11)  9.756 +-  1.489
   3 A   0.01744 0.00973 0.01199 0.01377 0.01510 0.01598 0.01639 0.01632 0.01580 0.01938 0.84810 (11)  8.489 +-  3.462
   4 I   0.00181 0.00123 0.00174 0.00225 0.00274 0.00319 0.00357 0.00385 0.00401 0.00533 0.97028 (11)  9.644 +-  1.792
   5 V   0.49219 0.09036 0.06659 0.05448 0.04636 0.04006 0.03472 0.02992 0.02555 0.02823 0.09154 ( 1)  1.108 +-  2.787
   6 H   0.00014 0.00025 0.00053 0.00086 0.00121 0.00158 0.00192 0.00222 0.00244 0.00340 0.98544 (11)  9.787 +-  1.394
   7 V   0.02659 0.01429 0.01735 0.01968 0.02133 0.02234 0.02269 0.02236 0.02143 0.02593 0.78600 (11)  7.899 +-  3.929
   8 L   0.41187 0.07670 0.05725 0.04742 0.04085 0.03574 0.03135 0.02734 0.02363 0.02640 0.22144 ( 1)  2.376 +-  4.033
   9 C   0.41187 0.07670 0.05725 0.04742 0.04085 0.03574 0.03135 0.02734 0.02363 0.02640 0.22144 ( 1)  2.376 +-  4.033
  10 V   0.41187 0.07670 0.05725 0.04742 0.04085 0.03574 0.03135 0.02734 0.02363 0.02640 0.22144 ( 1)  2.376 +-  4.033
  11 P   0.44227 0.08189 0.06083 0.05016 0.04301 0.03746 0.03272 0.02841 0.02445 0.02720 0.17161 ( 1)  1.890 +-  3.658
  12 L   0.52469 0.09573 0.06977 0.05642 0.04745 0.04053 0.03472 0.02958 0.02498 0.02735 0.04878 ( 1)  0.691 +-  2.085
  13 L   0.52023 0.09499 0.06932 0.05614 0.04729 0.04045 0.03471 0.02961 0.02504 0.02745 0.05477 ( 1)  0.749 +-  2.202
  14 A   0.51848 0.09469 0.06913 0.05600 0.04718 0.04037 0.03465 0.02957 0.02501 0.02743 0.05749 ( 1)  0.776 +-  2.254
  15 S   0.49270 0.09042 0.06657 0.05441 0.04625 0.03993 0.03457 0.02976 0.02539 0.02803 0.09196 ( 1)  1.112 +-  2.796
  16 K   0.49694 0.09116 0.06712 0.05486 0.04664 0.04027 0.03487 0.03002 0.02561 0.02828 0.08424 ( 1)  1.037 +-  2.684
  17 C   0.50437 0.09241 0.06793 0.05543 0.04705 0.04056 0.03506 0.03013 0.02567 0.02830 0.07310 ( 1)  0.928 +-  2.513
  18 R   0.45903 0.08476 0.06285 0.05173 0.04429 0.03851 0.03358 0.02911 0.02501 0.02777 0.14337 ( 1)  1.614 +-  3.395
  19 T   0.48283 0.08876 0.06549 0.05364 0.04570 0.03954 0.03431 0.02960 0.02531 0.02799 0.10681 ( 1)  1.257 +-  2.990
  20 T   0.51367 0.09386 0.06855 0.05556 0.04683 0.04009 0.03442 0.02939 0.02488 0.02729 0.06546 ( 1)  0.853 +-  2.396
  21 Q   0.48387 0.08896 0.06569 0.05385 0.04591 0.03976 0.03452 0.02981 0.02550 0.02822 0.10390 ( 1)  1.229 +-  2.950
  22 K   0.49694 0.09116 0.06712 0.05486 0.04664 0.04027 0.03487 0.03002 0.02561 0.02828 0.08424 ( 1)  1.037 +-  2.684
  23 P   0.51331 0.09380 0.06849 0.05550 0.04677 0.04004 0.03437 0.02934 0.02483 0.02724 0.06631 ( 1)  0.861 +-  2.411
  24 P   0.51331 0.09380 0.06849 0.05550 0.04677 0.04004 0.03437 0.02934 0.02483 0.02724 0.06631 ( 1)  0.861 +-  2.411
  25 D   0.51070 0.09345 0.06855 0.05582 0.04727 0.04065 0.03506 0.03007 0.02556 0.02813 0.06474 ( 1)  0.847 +-  2.377
  26 Y   0.51278 0.09379 0.06874 0.05592 0.04731 0.04066 0.03504 0.03002 0.02550 0.02804 0.06221 ( 1)  0.822 +-  2.333
  27 T   0.49334 0.09052 0.06662 0.05442 0.04624 0.03990 0.03453 0.02972 0.02534 0.02797 0.09138 ( 1)  1.107 +-  2.788
  28 P   0.51859 0.09464 0.06892 0.05569 0.04680 0.03994 0.03419 0.02911 0.02457 0.02690 0.06066 ( 1)  0.806 +-  2.315
  29 K   0.48938 0.08989 0.06630 0.05429 0.04623 0.03999 0.03469 0.02991 0.02557 0.02827 0.09549 ( 1)  1.147 +-  2.841
  30 V   0.02019 0.01110 0.01356 0.01546 0.01682 0.01768 0.01802 0.01782 0.01715 0.02089 0.83130 (11)  8.331 +-  3.605
  31 A   0.51848 0.09469 0.06913 0.05600 0.04718 0.04037 0.03465 0.02957 0.02501 0.02743 0.05749 ( 1)  0.776 +-  2.254
  32 A   0.49595 0.09097 0.06693 0.05466 0.04644 0.04006 0.03466 0.02982 0.02543 0.02805 0.08703 ( 1)  1.064 +-  2.726
  33 T   0.48283 0.08876 0.06549 0.05364 0.04570 0.03954 0.03431 0.02960 0.02531 0.02799 0.10681 ( 1)  1.257 +-  2.990
  34 R   0.47778 0.08793 0.06499 0.05333 0.04551 0.03945 0.03429 0.02963 0.02538 0.02811 0.11359 ( 1)  1.323 +-  3.070
  35 M   0.51987 0.09498 0.06949 0.05643 0.04765 0.04087 0.03515 0.03006 0.02548 0.02797 0.05206 ( 1)  0.723 +-  2.145
  36 K   0.49694 0.09116 0.06712 0.05486 0.04664 0.04027 0.03487 0.03002 0.02561 0.02828 0.08424 ( 1)  1.037 +-  2.684
  37 T   0.49334 0.09052 0.06662 0.05442 0.04624 0.03990 0.03453 0.02972 0.02534 0.02797 0.09138 ( 1)  1.107 +-  2.788
  38 C   0.50437 0.09241 0.06793 0.05543 0.04705 0.04056 0.03506 0.03013 0.02567 0.02830 0.07310 ( 1)  0.928 +-  2.513
  39 V   0.49219 0.09036 0.06659 0.05448 0.04636 0.04006 0.03472 0.02992 0.02555 0.02823 0.09154 ( 1)  1.108 +-  2.787
  40 E   0.02610 0.01407 0.01714 0.01949 0.02118 0.02224 0.02264 0.02236 0.02149 0.02605 0.78725 (11)  7.909 +-  3.919
  41 G   0.50177 0.09197 0.06765 0.05524 0.04692 0.04047 0.03501 0.03011 0.02566 0.02831 0.07689 ( 1)  0.965 +-  2.573
  42 Y   0.51278 0.09379 0.06874 0.05592 0.04731 0.04066 0.03504 0.03002 0.02550 0.02804 0.06221 ( 1)  0.822 +-  2.333
  43 S   0.52133 0.09515 0.06935 0.05609 0.04718 0.04031 0.03453 0.02942 0.02485 0.02722 0.05457 ( 1)  0.747 +-  2.201
  44 I   0.04426 0.02243 0.02668 0.02974 0.03175 0.03279 0.03286 0.03198 0.03027 0.03600 0.68124 (11)  6.899 +-  4.438
  45 T   0.49334 0.09052 0.06662 0.05442 0.04624 0.03990 0.03453 0.02972 0.02534 0.02797 0.09138 ( 1)  1.107 +-  2.788
  46 L   0.48226 0.08868 0.06547 0.05365 0.04573 0.03959 0.03437 0.02967 0.02538 0.02808 0.10714 ( 1)  1.260 +-  2.992
  47 T   0.51367 0.09386 0.06855 0.05556 0.04683 0.04009 0.03442 0.02939 0.02488 0.02729 0.06546 ( 1)  0.853 +-  2.396
  48 E   0.49170 0.09028 0.06656 0.05447 0.04636 0.04008 0.03475 0.02995 0.02559 0.02828 0.09197 ( 1)  1.112 +-  2.793
  49 M   0.51987 0.09498 0.06949 0.05643 0.04765 0.04087 0.03515 0.03006 0.02548 0.02797 0.05206 ( 1)  0.723 +-  2.145
  50 A   0.02435 0.01322 0.01613 0.01838 0.02001 0.02104 0.02145 0.02122 0.02041 0.02480 0.79900 (11)  8.021 +-  3.842
  51 L   0.01661 0.00931 0.01152 0.01326 0.01459 0.01548 0.01592 0.01589 0.01542 0.01897 0.85303 (11)  8.535 +-  3.417
  52 N   0.03378 0.01772 0.02137 0.02410 0.02600 0.02710 0.02742 0.02692 0.02570 0.03089 0.73901 (11)  7.449 +-  4.192
  53 S   0.51893 0.09476 0.06917 0.05602 0.04719 0.04037 0.03464 0.02956 0.02500 0.02740 0.05695 ( 1)  0.770 +-  2.244
  54 G   0.50915 0.09320 0.06843 0.05577 0.04727 0.04070 0.03514 0.03016 0.02566 0.02826 0.06625 ( 1)  0.862 +-  2.401
  55 T   0.49334 0.09052 0.06662 0.05442 0.04624 0.03990 0.03453 0.02972 0.02534 0.02797 0.09138 ( 1)  1.107 +-  2.788
  56 K   0.49694 0.09116 0.06712 0.05486 0.04664 0.04027 0.03487 0.03002 0.02561 0.02828 0.08424 ( 1)  1.037 +-  2.684
  57 V   0.49219 0.09036 0.06659 0.05448 0.04636 0.04006 0.03472 0.02992 0.02555 0.02823 0.09154 ( 1)  1.108 +-  2.787
  58 C   0.50437 0.09241 0.06793 0.05543 0.04705 0.04056 0.03506 0.03013 0.02567 0.02830 0.07310 ( 1)  0.928 +-  2.513
  59 G   0.50408 0.09235 0.06787 0.05537 0.04698 0.04049 0.03499 0.03007 0.02561 0.02822 0.07396 ( 1)  0.937 +-  2.528
  60 Y   0.02785 0.01491 0.01810 0.02052 0.02224 0.02328 0.02364 0.02330 0.02233 0.02700 0.77683 (11)  7.810 +-  3.985
  61 F   0.51582 0.09423 0.06879 0.05573 0.04696 0.04018 0.03448 0.02943 0.02490 0.02730 0.06218 ( 1)  0.821 +-  2.340
  62 H   0.51836 0.09471 0.06925 0.05619 0.04742 0.04064 0.03493 0.02986 0.02529 0.02776 0.05560 ( 1)  0.758 +-  2.215
  63 R   0.45903 0.08476 0.06285 0.05173 0.04429 0.03851 0.03358 0.02911 0.02501 0.02777 0.14337 ( 1)  1.614 +-  3.395
  64 I   0.52704 0.09612 0.07000 0.05657 0.04754 0.04058 0.03473 0.02956 0.02495 0.02730 0.04561 ( 1)  0.660 +-  2.019
  65 V   0.49622 0.09096 0.06674 0.05435 0.04604 0.03960 0.03416 0.02930 0.02491 0.02743 0.09030 ( 1)  1.097 +-  2.781
  66 K   0.00001 0.00003 0.00007 0.00012 0.00018 0.00026 0.00034 0.00042 0.00050 0.00074 0.99733 (11)  9.897 +-  0.977
  67 S   0.00004 0.00007 0.00015 0.00025 0.00036 0.00048 0.00059 0.00069 0.00078 0.00111 0.99549 (11)  9.880 +-  1.054
  68 P   0.00007 0.00013 0.00028 0.00046 0.00066 0.00086 0.00106 0.00123 0.00137 0.00193 0.99194 (11)  9.847 +-  1.186
  69 M   0.02373 0.01291 0.01577 0.01798 0.01958 0.02059 0.02101 0.02079 0.02001 0.02433 0.80331 (11)  8.062 +-  3.812
  70 G   0.47662 0.08769 0.06471 0.05300 0.04514 0.03906 0.03388 0.02923 0.02499 0.02764 0.11804 ( 1)  1.368 +-  3.130
  71 R   0.49039 0.09006 0.06642 0.05438 0.04630 0.04005 0.03473 0.02995 0.02560 0.02829 0.09383 ( 1)  1.130 +-  2.818
  72 V   0.00002 0.00004 0.00009 0.00015 0.00022 0.00030 0.00038 0.00046 0.00053 0.00078 0.99703 (11)  9.894 +-  0.990
  73 G   0.01420 0.00800 0.00988 0.01136 0.01246 0.01319 0.01354 0.01348 0.01306 0.01608 0.87475 (11)  8.744 +-  3.211
  74 G   0.00004 0.00008 0.00016 0.00027 0.00039 0.00051 0.00063 0.00074 0.00083 0.00117 0.99517 (11)  9.877 +-  1.066
  75 L   0.00015 0.00026 0.00055 0.00090 0.00128 0.00166 0.00203 0.00234 0.00259 0.00361 0.98463 (11)  9.779 +-  1.418
  76 L   0.00022 0.00029 0.00055 0.00086 0.00120 0.00154 0.00187 0.00214 0.00235 0.00327 0.98570 (11)  9.789 +-  1.387
  77 I   0.00033 0.00059 0.00121 0.00194 0.00272 0.00350 0.00421 0.00480 0.00523 0.00716 0.96832 (11)  9.627 +-  1.824
  78 L   0.00379 0.00234 0.00308 0.00375 0.00433 0.00482 0.00519 0.00541 0.00547 0.00706 0.95476 (11)  9.498 +-  2.116
  79 P   0.51863 0.09468 0.06904 0.05586 0.04700 0.04017 0.03443 0.02935 0.02480 0.02717 0.05888 ( 1)  0.789 +-  2.281
  80 I   0.00022 0.00039 0.00080 0.00129 0.00182 0.00236 0.00286 0.00328 0.00360 0.00497 0.97842 (11)  9.721 +-  1.586
  81 L   0.50110 0.09179 0.06733 0.05482 0.04642 0.03992 0.03443 0.02953 0.02510 0.02763 0.08195 ( 1)  1.015 +-  2.658
  82 L   0.03157 0.01666 0.02009 0.02264 0.02441 0.02543 0.02570 0.02521 0.02406 0.02893 0.75530 (11)  7.606 +-  4.110
  83 C   0.51144 0.09359 0.06867 0.05593 0.04738 0.04076 0.03517 0.03017 0.02565 0.02823 0.06302 ( 1)  0.830 +-  2.345
  84 S   0.04039 0.02071 0.02474 0.02767 0.02962 0.03067 0.03081 0.03005 0.02852 0.03402 0.70280 (11)  7.105 +-  4.356
  85 A   0.52411 0.09560 0.06960 0.05622 0.04723 0.04029 0.03448 0.02934 0.02475 0.02708 0.05131 ( 1)  0.715 +-  2.138
  86 L   0.50110 0.09179 0.06733 0.05482 0.04642 0.03992 0.03443 0.02953 0.02510 0.02763 0.08195 ( 1)  1.015 +-  2.658
  87 S   0.52454 0.09567 0.06963 0.05623 0.04723 0.04029 0.03446 0.02932 0.02473 0.02705 0.05085 ( 1)  0.710 +-  2.129
  88 I   0.52704 0.09612 0.07000 0.05657 0.04754 0.04058 0.03473 0.02956 0.02495 0.02730 0.04561 ( 1)  0.660 +-  2.019
  89 A   0.02669 0.01434 0.01741 0.01974 0.02140 0.02240 0.02275 0.02242 0.02149 0.02600 0.78538 (11)  7.892 +-  3.933
  90 T   0.48283 0.08876 0.06549 0.05364 0.04570 0.03954 0.03431 0.02960 0.02531 0.02799 0.10681 ( 1)  1.257 +-  2.990
  91 H   0.51272 0.09378 0.06871 0.05587 0.04726 0.04059 0.03497 0.02995 0.02543 0.02796 0.06278 ( 1)  0.828 +-  2.344
  92 S   0.51893 0.09476 0.06917 0.05602 0.04719 0.04037 0.03464 0.02956 0.02500 0.02740 0.05695 ( 1)  0.770 +-  2.244
  93 A   0.52411 0.09560 0.06960 0.05622 0.04723 0.04029 0.03448 0.02934 0.02475 0.02708 0.05131 ( 1)  0.715 +-  2.138
  94 H   0.51836 0.09471 0.06925 0.05619 0.04742 0.04064 0.03493 0.02986 0.02529 0.02776 0.05560 ( 1)  0.758 +-  2.215
  95 L   0.52469 0.09573 0.06977 0.05642 0.04745 0.04053 0.03472 0.02958 0.02498 0.02735 0.04878 ( 1)  0.691 +-  2.085
  96 Y   0.50587 0.09264 0.06804 0.05547 0.04703 0.04050 0.03498 0.03003 0.02556 0.02816 0.07172 ( 1)  0.915 +-  2.493
  97 A   0.51848 0.09469 0.06913 0.05600 0.04718 0.04037 0.03465 0.02957 0.02501 0.02743 0.05749 ( 1)  0.776 +-  2.254
  98 T   0.51367 0.09386 0.06855 0.05556 0.04683 0.04009 0.03442 0.02939 0.02488 0.02729 0.06546 ( 1)  0.853 +-  2.396
  99 T   0.02090 0.01150 0.01411 0.01615 0.01765 0.01863 0.01906 0.01892 0.01827 0.02230 0.82251 (11)  8.245 +-  3.672
 100 L   0.51867 0.09475 0.06924 0.05615 0.04735 0.04056 0.03485 0.02977 0.02520 0.02765 0.05582 ( 1)  0.760 +-  2.220
 101 T   0.51901 0.09472 0.06899 0.05575 0.04686 0.04000 0.03425 0.02916 0.02462 0.02695 0.05968 ( 1)  0.796 +-  2.297
 102 N   0.51247 0.09374 0.06870 0.05588 0.04727 0.04061 0.03499 0.02998 0.02546 0.02800 0.06292 ( 1)  0.829 +-  2.346
 103 L   0.04576 0.02308 0.02739 0.03046 0.03246 0.03345 0.03347 0.03251 0.03073 0.03648 0.67421 (11)  6.832 +-  4.463
 104 P   0.48227 0.08866 0.06542 0.05358 0.04564 0.03949 0.03426 0.02955 0.02527 0.02795 0.10792 ( 1)  1.268 +-  3.004
 105 A   0.52411 0.09560 0.06960 0.05622 0.04723 0.04029 0.03448 0.02934 0.02475 0.02708 0.05131 ( 1)  0.715 +-  2.138
 106 D   0.51070 0.09345 0.06855 0.05582 0.04727 0.04065 0.03506 0.03007 0.02556 0.02813 0.06474 ( 1)  0.847 +-  2.377
 107 F   0.52806 0.09632 0.07020 0.05678 0.04776 0.04079 0.03494 0.02977 0.02513 0.02751 0.04274 ( 1)  0.632 +-  1.956
 108 A   0.52411 0.09560 0.06960 0.05622 0.04723 0.04029 0.03448 0.02934 0.02475 0.02708 0.05131 ( 1)  0.715 +-  2.138
 109 T   0.02455 0.01329 0.01619 0.01841 0.01999 0.02098 0.02134 0.02108 0.02024 0.02456 0.79938 (11)  8.025 +-  3.841
 110 S   0.51893 0.09476 0.06917 0.05602 0.04719 0.04037 0.03464 0.02956 0.02500 0.02740 0.05695 ( 1)  0.770 +-  2.244
 111 N   0.51819 0.09468 0.06925 0.05620 0.04744 0.04067 0.03497 0.02990 0.02533 0.02781 0.05555 ( 1)  0.757 +-  2.214
 112 C   0.50309 0.09217 0.06771 0.05521 0.04682 0.04033 0.03483 0.02992 0.02547 0.02806 0.07640 ( 1)  0.961 +-  2.568
 113 L   0.52469 0.09573 0.06977 0.05642 0.04745 0.04053 0.03472 0.02958 0.02498 0.02735 0.04878 ( 1)  0.691 +-  2.085
 114 I   0.52142 0.09521 0.06952 0.05633 0.04747 0.04063 0.03488 0.02977 0.02518 0.02761 0.05197 ( 1)  0.722 +-  2.147
 115 S   0.52454 0.09567 0.06963 0.05623 0.04723 0.04029 0.03446 0.02932 0.02473 0.02705 0.05085 ( 1)  0.710 +-  2.129
 116 S   0.52454 0.09567 0.06963 0.05623 0.04723 0.04029 0.03446 0.02932 0.02473 0.02705 0.05085 ( 1)  0.710 +-  2.129
 117 H   0.51836 0.09471 0.06925 0.05619 0.04742 0.04064 0.03493 0.02986 0.02529 0.02776 0.05560 ( 1)  0.758 +-  2.215
 118 L   0.52469 0.09573 0.06977 0.05642 0.04745 0.04053 0.03472 0.02958 0.02498 0.02735 0.04878 ( 1)  0.691 +-  2.085
 119 G   0.50177 0.09197 0.06765 0.05524 0.04692 0.04047 0.03501 0.03011 0.02566 0.02831 0.07689 ( 1)  0.965 +-  2.573
 120 D   0.51070 0.09345 0.06855 0.05582 0.04727 0.04065 0.03506 0.03007 0.02556 0.02813 0.06474 ( 1)  0.847 +-  2.377
 121 A   0.51848 0.09469 0.06913 0.05600 0.04718 0.04037 0.03465 0.02957 0.02501 0.02743 0.05749 ( 1)  0.776 +-  2.254
 122 F   0.52806 0.09632 0.07020 0.05678 0.04776 0.04079 0.03494 0.02977 0.02513 0.02751 0.04274 ( 1)  0.632 +-  1.956
 123 K   0.48938 0.08989 0.06630 0.05429 0.04623 0.03999 0.03469 0.02991 0.02557 0.02827 0.09549 ( 1)  1.147 +-  2.841
 124 H   0.51836 0.09471 0.06925 0.05619 0.04742 0.04064 0.03493 0.02986 0.02529 0.02776 0.05560 ( 1)  0.758 +-  2.215
 125 T   0.51901 0.09472 0.06899 0.05575 0.04686 0.04000 0.03425 0.02916 0.02462 0.02695 0.05968 ( 1)  0.796 +-  2.297
 126 S   0.52454 0.09567 0.06963 0.05623 0.04723 0.04029 0.03446 0.02932 0.02473 0.02705 0.05085 ( 1)  0.710 +-  2.129
 127 A   0.49595 0.09097 0.06693 0.05466 0.04644 0.04006 0.03466 0.02982 0.02543 0.02805 0.08703 ( 1)  1.064 +-  2.726
 128 Y   0.51278 0.09379 0.06874 0.05592 0.04731 0.04066 0.03504 0.03002 0.02550 0.02804 0.06221 ( 1)  0.822 +-  2.333
 129 T   0.51367 0.09386 0.06855 0.05556 0.04683 0.04009 0.03442 0.02939 0.02488 0.02729 0.06546 ( 1)  0.853 +-  2.396
 130 S   0.51893 0.09476 0.06917 0.05602 0.04719 0.04037 0.03464 0.02956 0.02500 0.02740 0.05695 ( 1)  0.770 +-  2.244
 131 N   0.51819 0.09468 0.06925 0.05620 0.04744 0.04067 0.03497 0.02990 0.02533 0.02781 0.05555 ( 1)  0.757 +-  2.214
 132 T   0.51901 0.09472 0.06899 0.05575 0.04686 0.04000 0.03425 0.02916 0.02462 0.02695 0.05968 ( 1)  0.796 +-  2.297
 133 L   0.52469 0.09573 0.06977 0.05642 0.04745 0.04053 0.03472 0.02958 0.02498 0.02735 0.04878 ( 1)  0.691 +-  2.085
 134 F   0.52806 0.09632 0.07020 0.05678 0.04776 0.04079 0.03494 0.02977 0.02513 0.02751 0.04274 ( 1)  0.632 +-  1.956
 135 S   0.51893 0.09476 0.06917 0.05602 0.04719 0.04037 0.03464 0.02956 0.02500 0.02740 0.05695 ( 1)  0.770 +-  2.244
 136 A   0.51848 0.09469 0.06913 0.05600 0.04718 0.04037 0.03465 0.02957 0.02501 0.02743 0.05749 ( 1)  0.776 +-  2.254
 137 N   0.51819 0.09468 0.06925 0.05620 0.04744 0.04067 0.03497 0.02990 0.02533 0.02781 0.05555 ( 1)  0.757 +-  2.214
 138 P   0.48227 0.08866 0.06542 0.05358 0.04564 0.03949 0.03426 0.02955 0.02527 0.02795 0.10792 ( 1)  1.268 +-  3.004
 139 S   0.48001 0.08829 0.06520 0.05344 0.04556 0.03945 0.03426 0.02958 0.02531 0.02801 0.11089 ( 1)  1.297 +-  3.039
 140 R   0.51472 0.09413 0.06898 0.05610 0.04745 0.04077 0.03512 0.03009 0.02555 0.02809 0.05900 ( 1)  0.791 +-  2.275
 141 L   0.51867 0.09475 0.06924 0.05615 0.04735 0.04056 0.03485 0.02977 0.02520 0.02765 0.05582 ( 1)  0.760 +-  2.220
 142 R   0.47778 0.08793 0.06499 0.05333 0.04551 0.03945 0.03429 0.02963 0.02538 0.02811 0.11359 ( 1)  1.323 +-  3.070
 143 H   0.51836 0.09471 0.06925 0.05619 0.04742 0.04064 0.03493 0.02986 0.02529 0.02776 0.05560 ( 1)  0.758 +-  2.215
 144 S   0.52454 0.09567 0.06963 0.05623 0.04723 0.04029 0.03446 0.02932 0.02473 0.02705 0.05085 ( 1)  0.710 +-  2.129
 145 L   0.52469 0.09573 0.06977 0.05642 0.04745 0.04053 0.03472 0.02958 0.02498 0.02735 0.04878 ( 1)  0.691 +-  2.085
 146 T   0.51901 0.09472 0.06899 0.05575 0.04686 0.04000 0.03425 0.02916 0.02462 0.02695 0.05968 ( 1)  0.796 +-  2.297
 147 A   0.48522 0.08917 0.06578 0.05387 0.04588 0.03969 0.03444 0.02970 0.02539 0.02808 0.10277 ( 1)  1.218 +-  2.938
 148 P   0.04039 0.02071 0.02474 0.02767 0.02962 0.03067 0.03081 0.03005 0.02852 0.03402 0.70280 (11)  7.105 +-  4.356
 149 H   0.51272 0.09378 0.06871 0.05587 0.04726 0.04059 0.03497 0.02995 0.02543 0.02796 0.06278 ( 1)  0.828 +-  2.344
 150 P   0.51863 0.09468 0.06904 0.05586 0.04700 0.04017 0.03443 0.02935 0.02480 0.02717 0.05888 ( 1)  0.789 +-  2.281
 151 L   0.48226 0.08868 0.06547 0.05365 0.04573 0.03959 0.03437 0.02967 0.02538 0.02808 0.10714 ( 1)  1.260 +-  2.992
 152 H   0.51836 0.09471 0.06925 0.05619 0.04742 0.04064 0.03493 0.02986 0.02529 0.02776 0.05560 ( 1)  0.758 +-  2.215
 153 I   0.52704 0.09612 0.07000 0.05657 0.04754 0.04058 0.03473 0.02956 0.02495 0.02730 0.04561 ( 1)  0.660 +-  2.019
 154 P   0.48227 0.08866 0.06542 0.05358 0.04564 0.03949 0.03426 0.02955 0.02527 0.02795 0.10792 ( 1)  1.268 +-  3.004
 155 C   0.51144 0.09359 0.06867 0.05593 0.04738 0.04076 0.03517 0.03017 0.02565 0.02823 0.06302 ( 1)  0.830 +-  2.345
 156 H   0.51836 0.09471 0.06925 0.05619 0.04742 0.04064 0.03493 0.02986 0.02529 0.02776 0.05560 ( 1)  0.758 +-  2.215
 157 Q   0.49080 0.09013 0.06646 0.05440 0.04631 0.04004 0.03472 0.02993 0.02558 0.02827 0.09336 ( 1)  1.126 +-  2.812
 158 H   0.51836 0.09471 0.06925 0.05619 0.04742 0.04064 0.03493 0.02986 0.02529 0.02776 0.05560 ( 1)  0.758 +-  2.215
 159 S   0.48001 0.08829 0.06520 0.05344 0.04556 0.03945 0.03426 0.02958 0.02531 0.02801 0.11089 ( 1)  1.297 +-  3.039
 160 T   0.51367 0.09386 0.06855 0.05556 0.04683 0.04009 0.03442 0.02939 0.02488 0.02729 0.06546 ( 1)  0.853 +-  2.396
 161 V   0.51723 0.09453 0.06918 0.05619 0.04747 0.04073 0.03504 0.02998 0.02542 0.02792 0.05630 ( 1)  0.764 +-  2.227
 162 A   0.52411 0.09560 0.06960 0.05622 0.04723 0.04029 0.03448 0.02934 0.02475 0.02708 0.05131 ( 1)  0.715 +-  2.138
 163 H   0.51836 0.09471 0.06925 0.05619 0.04742 0.04064 0.03493 0.02986 0.02529 0.02776 0.05560 ( 1)  0.758 +-  2.215
 164 F   0.52806 0.09632 0.07020 0.05678 0.04776 0.04079 0.03494 0.02977 0.02513 0.02751 0.04274 ( 1)  0.632 +-  1.956
 165 R   0.03341 0.01755 0.02117 0.02388 0.02577 0.02687 0.02718 0.02670 0.02550 0.03065 0.74134 (11)  7.471 +-  4.180
 166 T   0.48283 0.08876 0.06549 0.05364 0.04570 0.03954 0.03431 0.02960 0.02531 0.02799 0.10681 ( 1)  1.257 +-  2.990
 167 F   0.52806 0.09632 0.07020 0.05678 0.04776 0.04079 0.03494 0.02977 0.02513 0.02751 0.04274 ( 1)  0.632 +-  1.956
 168 N   0.51819 0.09468 0.06925 0.05620 0.04744 0.04067 0.03497 0.02990 0.02533 0.02781 0.05555 ( 1)  0.757 +-  2.214
 169 T   0.51901 0.09472 0.06899 0.05575 0.04686 0.04000 0.03425 0.02916 0.02462 0.02695 0.05968 ( 1)  0.796 +-  2.297
 170 I   0.52142 0.09521 0.06952 0.05633 0.04747 0.04063 0.03488 0.02977 0.02518 0.02761 0.05197 ( 1)  0.722 +-  2.147
 171 N   0.51819 0.09468 0.06925 0.05620 0.04744 0.04067 0.03497 0.02990 0.02533 0.02781 0.05555 ( 1)  0.757 +-  2.214
 172 D   0.51689 0.09448 0.06917 0.05620 0.04749 0.04076 0.03508 0.03002 0.02547 0.02798 0.05645 ( 1)  0.766 +-  2.229
 173 T   0.48283 0.08876 0.06549 0.05364 0.04570 0.03954 0.03431 0.02960 0.02531 0.02799 0.10681 ( 1)  1.257 +-  2.990
 174 T   0.48341 0.08884 0.06547 0.05356 0.04557 0.03938 0.03412 0.02940 0.02511 0.02774 0.10741 ( 1)  1.264 +-  3.001
 175 T   0.51901 0.09472 0.06899 0.05575 0.04686 0.04000 0.03425 0.02916 0.02462 0.02695 0.05968 ( 1)  0.796 +-  2.297
 176 F   0.52806 0.09632 0.07020 0.05678 0.04776 0.04079 0.03494 0.02977 0.02513 0.02751 0.04274 ( 1)  0.632 +-  1.956
 177 P   0.48227 0.08866 0.06542 0.05358 0.04564 0.03949 0.03426 0.02955 0.02527 0.02795 0.10792 ( 1)  1.268 +-  3.004
 178 I   0.52142 0.09521 0.06952 0.05633 0.04747 0.04063 0.03488 0.02977 0.02518 0.02761 0.05197 ( 1)  0.722 +-  2.147
 179 P   0.49210 0.09031 0.06646 0.05428 0.04612 0.03980 0.03444 0.02963 0.02527 0.02789 0.09371 ( 1)  1.130 +-  2.821
 180 H   0.51272 0.09378 0.06871 0.05587 0.04726 0.04059 0.03497 0.02995 0.02543 0.02796 0.06278 ( 1)  0.828 +-  2.344
 181 S   0.51893 0.09476 0.06917 0.05602 0.04719 0.04037 0.03464 0.02956 0.02500 0.02740 0.05695 ( 1)  0.770 +-  2.244
 182 S   0.51893 0.09476 0.06917 0.05602 0.04719 0.04037 0.03464 0.02956 0.02500 0.02740 0.05695 ( 1)  0.770 +-  2.244
 183 C   0.50437 0.09241 0.06793 0.05543 0.04705 0.04056 0.03506 0.03013 0.02567 0.02830 0.07310 ( 1)  0.928 +-  2.513
 184 L   0.51867 0.09475 0.06924 0.05615 0.04735 0.04056 0.03485 0.02977 0.02520 0.02765 0.05582 ( 1)  0.760 +-  2.220
 185 T   0.51367 0.09386 0.06855 0.05556 0.04683 0.04009 0.03442 0.02939 0.02488 0.02729 0.06546 ( 1)  0.853 +-  2.396
 186 G   0.46252 0.08535 0.06326 0.05204 0.04453 0.03870 0.03373 0.02923 0.02510 0.02786 0.13768 ( 1)  1.558 +-  3.337
 187 H   0.51836 0.09471 0.06925 0.05619 0.04742 0.04064 0.03493 0.02986 0.02529 0.02776 0.05560 ( 1)  0.758 +-  2.215
 188 R   0.00013 0.00024 0.00050 0.00081 0.00115 0.00150 0.00183 0.00212 0.00234 0.00328 0.98610 (11)  9.793 +-  1.374
 189 A   0.49595 0.09097 0.06693 0.05466 0.04644 0.04006 0.03466 0.02982 0.02543 0.02805 0.08703 ( 1)  1.064 +-  2.726
 190 T   0.03189 0.01684 0.02034 0.02298 0.02483 0.02592 0.02624 0.02580 0.02466 0.02969 0.75081 (11)  7.562 +-  4.132
 191 R   0.45903 0.08476 0.06285 0.05173 0.04429 0.03851 0.03358 0.02911 0.02501 0.02777 0.14337 ( 1)  1.614 +-  3.395
 192 S   0.48001 0.08829 0.06520 0.05344 0.04556 0.03945 0.03426 0.02958 0.02531 0.02801 0.11089 ( 1)  1.297 +-  3.039
 193 I   0.52142 0.09521 0.06952 0.05633 0.04747 0.04063 0.03488 0.02977 0.02518 0.02761 0.05197 ( 1)  0.722 +-  2.147
 194 P   0.02358 0.01283 0.01566 0.01784 0.01942 0.02042 0.02081 0.02058 0.01980 0.02407 0.80499 (11)  8.078 +-  3.801
 195 P   0.51331 0.09380 0.06849 0.05550 0.04677 0.04004 0.03437 0.02934 0.02483 0.02724 0.06631 ( 1)  0.861 +-  2.411

Positively selected sites

	Prob(w>1)  mean w

     2 N      0.982*        9.756 +- 1.489
     3 A      0.848         8.489 +- 3.462
     4 I      0.970*        9.644 +- 1.792
     6 H      0.985*        9.787 +- 1.394
     7 V      0.786         7.899 +- 3.929
    30 V      0.831         8.331 +- 3.605
    40 E      0.787         7.909 +- 3.919
    44 I      0.681         6.899 +- 4.438
    50 A      0.799         8.021 +- 3.842
    51 L      0.853         8.535 +- 3.417
    52 N      0.739         7.449 +- 4.192
    60 Y      0.777         7.810 +- 3.985
    66 K      0.997**       9.897 +- 0.977
    67 S      0.995**       9.880 +- 1.054
    68 P      0.992**       9.847 +- 1.186
    69 M      0.803         8.062 +- 3.812
    72 V      0.997**       9.894 +- 0.990
    73 G      0.875         8.744 +- 3.211
    74 G      0.995**       9.877 +- 1.066
    75 L      0.985*        9.779 +- 1.418
    76 L      0.986*        9.789 +- 1.387
    77 I      0.968*        9.627 +- 1.824
    78 L      0.955*        9.498 +- 2.116
    80 I      0.978*        9.721 +- 1.586
    82 L      0.755         7.606 +- 4.110
    84 S      0.703         7.105 +- 4.356
    89 A      0.785         7.892 +- 3.933
    99 T      0.823         8.245 +- 3.672
   103 L      0.674         6.832 +- 4.463
   109 T      0.799         8.025 +- 3.841
   148 P      0.703         7.105 +- 4.356
   165 R      0.741         7.471 +- 4.180
   188 R      0.986*        9.793 +- 1.374
   190 T      0.751         7.562 +- 4.132
   194 P      0.805         8.078 +- 3.801

