Supplemental results for CODEML (seqf: algn  treef: tree)


dN/dS (w) for site classes (K=9)

p:   0.12500  0.12500  0.12500  0.12500  0.12500  0.12500  0.12500  0.12500  0.00001
w:   0.15295  0.17373  0.18724  0.19889  0.21027  0.22259  0.23784  0.26355  1.00000

Naive Empirical Bayes (NEB) probabilities for 9 classes & postmean_w
(amino acids refer to 1st sequence: ppx.11440)

   1 E   0.12554 0.12533 0.12519 0.12507 0.12495 0.12483 0.12467 0.12441 0.00001 ( 1)  0.206
   2 Q   0.12526 0.12516 0.12509 0.12503 0.12498 0.12492 0.12484 0.12471 0.00001 ( 1)  0.206
   3 L   0.12576 0.12546 0.12527 0.12510 0.12493 0.12476 0.12454 0.12417 0.00001 ( 1)  0.206
   4 R   0.12531 0.12519 0.12511 0.12504 0.12497 0.12490 0.12481 0.12466 0.00001 ( 1)  0.206
   5 G   0.12552 0.12532 0.12518 0.12507 0.12495 0.12483 0.12468 0.12443 0.00001 ( 1)  0.206
   6 S   0.12543 0.12526 0.12515 0.12506 0.12496 0.12486 0.12474 0.12453 0.00001 ( 1)  0.206
   7 L   0.12563 0.12538 0.12522 0.12508 0.12495 0.12480 0.12462 0.12431 0.00001 ( 1)  0.206
   8 H   0.12554 0.12533 0.12519 0.12507 0.12495 0.12483 0.12467 0.12441 0.00001 ( 1)  0.206
   9 S   0.12564 0.12538 0.12522 0.12508 0.12495 0.12480 0.12462 0.12431 0.00001 ( 1)  0.206
  10 L   0.12540 0.12524 0.12514 0.12505 0.12497 0.12487 0.12476 0.12456 0.00001 ( 1)  0.206
  11 R   0.12550 0.12530 0.12518 0.12506 0.12496 0.12484 0.12470 0.12445 0.00001 ( 1)  0.206
  12 P   0.12568 0.12541 0.12524 0.12509 0.12494 0.12478 0.12459 0.12426 0.00001 ( 1)  0.206
  13 L   0.12540 0.12524 0.12514 0.12505 0.12497 0.12487 0.12476 0.12456 0.00001 ( 1)  0.206
  14 P   0.12576 0.12546 0.12527 0.12510 0.12493 0.12476 0.12454 0.12417 0.00001 ( 1)  0.206
  15 N   0.12555 0.12533 0.12519 0.12507 0.12495 0.12482 0.12467 0.12440 0.00001 ( 1)  0.206
  16 G   0.12548 0.12529 0.12517 0.12506 0.12496 0.12485 0.12471 0.12448 0.00001 ( 1)  0.206
  17 I   0.12558 0.12535 0.12520 0.12507 0.12495 0.12482 0.12465 0.12437 0.00001 ( 1)  0.206
  18 S   0.12563 0.12538 0.12522 0.12508 0.12495 0.12480 0.12462 0.12431 0.00001 ( 1)  0.206
  19 G   0.12548 0.12529 0.12517 0.12506 0.12496 0.12485 0.12471 0.12447 0.00001 ( 1)  0.206
  20 A   0.12563 0.12538 0.12522 0.12508 0.12495 0.12480 0.12462 0.12431 0.00001 ( 1)  0.206
  21 S   0.12576 0.12546 0.12527 0.12510 0.12493 0.12476 0.12454 0.12417 0.00001 ( 1)  0.206
  22 V   0.12542 0.12525 0.12515 0.12505 0.12496 0.12487 0.12475 0.12454 0.00001 ( 1)  0.206
  23 L   0.12563 0.12538 0.12522 0.12508 0.12495 0.12480 0.12462 0.12431 0.00001 ( 1)  0.206
  24 T   0.12569 0.12542 0.12524 0.12509 0.12494 0.12478 0.12458 0.12424 0.00001 ( 1)  0.206
  25 A   0.12571 0.12543 0.12525 0.12509 0.12494 0.12477 0.12457 0.12423 0.00001 ( 1)  0.206
  26 P   0.12564 0.12539 0.12522 0.12508 0.12495 0.12480 0.12461 0.12431 0.00001 ( 1)  0.206
  27 S   0.09348 0.10593 0.11399 0.12092 0.12767 0.13496 0.14395 0.15905 0.00004 ( 8)  0.211
  28 T   0.12558 0.12535 0.12520 0.12507 0.12495 0.12482 0.12465 0.12437 0.00001 ( 1)  0.206
  29 G   0.12557 0.12534 0.12520 0.12507 0.12495 0.12482 0.12465 0.12438 0.00001 ( 1)  0.206
  30 S   0.12576 0.12546 0.12527 0.12510 0.12493 0.12476 0.12454 0.12417 0.00001 ( 1)  0.206
  31 S   0.12563 0.12538 0.12522 0.12508 0.12495 0.12480 0.12462 0.12431 0.00001 ( 1)  0.206
  32 S   0.12564 0.12538 0.12522 0.12508 0.12495 0.12480 0.12462 0.12431 0.00001 ( 1)  0.206
  33 S   0.12556 0.12534 0.12520 0.12507 0.12495 0.12482 0.12466 0.12439 0.00001 ( 1)  0.206
  34 A   0.09322 0.10574 0.11386 0.12085 0.12766 0.13504 0.14414 0.15945 0.00005 ( 8)  0.211
  35 Q   0.12537 0.12523 0.12513 0.12505 0.12497 0.12488 0.12477 0.12459 0.00001 ( 1)  0.206
  36 A   0.12563 0.12538 0.12522 0.12508 0.12495 0.12480 0.12462 0.12431 0.00001 ( 1)  0.206
  37 Y   0.12560 0.12536 0.12521 0.12508 0.12495 0.12481 0.12464 0.12435 0.00001 ( 1)  0.206
  38 S   0.12552 0.12531 0.12518 0.12507 0.12496 0.12484 0.12469 0.12444 0.00001 ( 1)  0.206
  39 W   0.12526 0.12516 0.12509 0.12503 0.12498 0.12492 0.12484 0.12471 0.00001 ( 1)  0.206
  40 G   0.12548 0.12529 0.12517 0.12506 0.12496 0.12485 0.12471 0.12447 0.00001 ( 1)  0.206
  41 Q   0.12537 0.12523 0.12513 0.12505 0.12497 0.12488 0.12477 0.12459 0.00001 ( 1)  0.206
  42 A   0.12571 0.12543 0.12525 0.12509 0.12494 0.12477 0.12457 0.12423 0.00001 ( 1)  0.206
  43 L   0.12540 0.12524 0.12514 0.12505 0.12497 0.12487 0.12476 0.12456 0.00001 ( 1)  0.206
  44 R   0.12550 0.12530 0.12518 0.12506 0.12496 0.12484 0.12470 0.12445 0.00001 ( 1)  0.206
  45 L   0.12530 0.12518 0.12510 0.12504 0.12497 0.12490 0.12482 0.12467 0.00001 ( 1)  0.206
  46 P   0.12576 0.12546 0.12527 0.12510 0.12493 0.12476 0.12454 0.12417 0.00001 ( 1)  0.206
  47 V   0.12572 0.12543 0.12525 0.12509 0.12494 0.12477 0.12457 0.12422 0.00001 ( 1)  0.206
  48 G   0.12557 0.12534 0.12520 0.12507 0.12495 0.12482 0.12465 0.12438 0.00001 ( 1)  0.206
  49 L   0.12563 0.12538 0.12522 0.12508 0.12495 0.12480 0.12462 0.12431 0.00001 ( 1)  0.206
  50 S   0.12563 0.12538 0.12522 0.12508 0.12495 0.12480 0.12462 0.12431 0.00001 ( 1)  0.206
  51 I   0.12572 0.12543 0.12525 0.12509 0.12494 0.12477 0.12457 0.12422 0.00001 ( 1)  0.206
  52 R   0.12550 0.12530 0.12518 0.12506 0.12496 0.12484 0.12470 0.12445 0.00001 ( 1)  0.206
  53 L   0.12576 0.12546 0.12527 0.12510 0.12493 0.12476 0.12454 0.12417 0.00001 ( 1)  0.206
  54 G   0.12548 0.12529 0.12517 0.12506 0.12496 0.12485 0.12471 0.12447 0.00001 ( 1)  0.206
  55 N   0.12555 0.12533 0.12519 0.12507 0.12495 0.12482 0.12467 0.12440 0.00001 ( 1)  0.206
  56 M   0.12560 0.12537 0.12521 0.12508 0.12495 0.12481 0.12463 0.12434 0.00001 ( 1)  0.206
  57 L   0.12576 0.12546 0.12527 0.12510 0.12493 0.12476 0.12454 0.12417 0.00001 ( 1)  0.206
  58 V   0.12560 0.12536 0.12521 0.12508 0.12495 0.12481 0.12464 0.12435 0.00001 ( 1)  0.206
  59 R   0.12560 0.12537 0.12521 0.12508 0.12495 0.12481 0.12463 0.12434 0.00001 ( 1)  0.206
  60 F   0.12581 0.12549 0.12528 0.12510 0.12493 0.12474 0.12451 0.12413 0.00001 ( 1)  0.206
  61 S   0.12564 0.12538 0.12522 0.12508 0.12495 0.12480 0.12462 0.12431 0.00001 ( 1)  0.206
  62 D   0.12562 0.12537 0.12522 0.12508 0.12495 0.12480 0.12463 0.12433 0.00001 ( 1)  0.206
  63 E   0.12538 0.12523 0.12513 0.12505 0.12497 0.12488 0.12477 0.12459 0.00001 ( 1)  0.206
  64 Q   0.12537 0.12523 0.12513 0.12505 0.12497 0.12488 0.12477 0.12459 0.00001 ( 1)  0.206
  65 S   0.12576 0.12546 0.12527 0.12510 0.12493 0.12476 0.12454 0.12417 0.00001 ( 1)  0.206
  66 S   0.12563 0.12538 0.12522 0.12508 0.12495 0.12480 0.12462 0.12431 0.00001 ( 1)  0.206
  67 N   0.12555 0.12533 0.12519 0.12507 0.12495 0.12482 0.12467 0.12440 0.00001 ( 1)  0.206
  68 Q   0.12526 0.12516 0.12509 0.12503 0.12498 0.12492 0.12484 0.12471 0.00001 ( 1)  0.206
  69 L   0.12540 0.12524 0.12514 0.12505 0.12497 0.12487 0.12476 0.12456 0.00001 ( 1)  0.206
  70 R   0.12550 0.12530 0.12518 0.12506 0.12496 0.12484 0.12470 0.12445 0.00001 ( 1)  0.206
  71 E   0.12554 0.12533 0.12519 0.12507 0.12495 0.12483 0.12467 0.12441 0.00001 ( 1)  0.206
  72 L   0.12540 0.12524 0.12514 0.12505 0.12497 0.12487 0.12476 0.12456 0.00001 ( 1)  0.206
  73 A   0.12563 0.12538 0.12522 0.12508 0.12495 0.12480 0.12462 0.12431 0.00001 ( 1)  0.206
  74 V   0.12542 0.12525 0.12515 0.12505 0.12496 0.12487 0.12475 0.12454 0.00001 ( 1)  0.206
  75 T   0.12541 0.12525 0.12514 0.12505 0.12496 0.12487 0.12475 0.12456 0.00001 ( 1)  0.206
  76 P   0.12564 0.12539 0.12522 0.12508 0.12495 0.12480 0.12461 0.12431 0.00001 ( 1)  0.206
  77 V   0.12572 0.12543 0.12525 0.12509 0.12494 0.12477 0.12457 0.12422 0.00001 ( 1)  0.206
  78 I   0.12558 0.12535 0.12520 0.12507 0.12495 0.12482 0.12465 0.12437 0.00001 ( 1)  0.206
  79 S   0.12543 0.12526 0.12515 0.12506 0.12496 0.12486 0.12474 0.12453 0.00001 ( 1)  0.206
  80 Q   0.12537 0.12523 0.12513 0.12505 0.12497 0.12488 0.12477 0.12459 0.00001 ( 1)  0.206
  81 D   0.12562 0.12537 0.12522 0.12508 0.12495 0.12480 0.12463 0.12433 0.00001 ( 1)  0.206
  82 A   0.12563 0.12538 0.12522 0.12508 0.12495 0.12480 0.12462 0.12431 0.00001 ( 1)  0.206
  83 L   0.12530 0.12518 0.12510 0.12504 0.12497 0.12490 0.12482 0.12467 0.00001 ( 1)  0.206
  84 N   0.12546 0.12528 0.12516 0.12506 0.12496 0.12485 0.12472 0.12449 0.00001 ( 1)  0.206
  85 S   0.12547 0.12529 0.12516 0.12506 0.12496 0.12485 0.12471 0.12449 0.00001 ( 1)  0.206
  86 W   0.12526 0.12516 0.12509 0.12503 0.12498 0.12492 0.12484 0.12471 0.00001 ( 1)  0.206
  87 V   0.12572 0.12543 0.12525 0.12509 0.12494 0.12477 0.12457 0.12422 0.00001 ( 1)  0.206
  88 G   0.12548 0.12529 0.12517 0.12506 0.12496 0.12485 0.12471 0.12448 0.00001 ( 1)  0.206
  89 G   0.12548 0.12529 0.12517 0.12506 0.12496 0.12485 0.12471 0.12448 0.00001 ( 1)  0.206
  90 L   0.12530 0.12518 0.12510 0.12504 0.12497 0.12490 0.12482 0.12467 0.00001 ( 1)  0.206
  91 L   0.12540 0.12524 0.12514 0.12505 0.12497 0.12487 0.12476 0.12456 0.00001 ( 1)  0.206
  92 L   0.12563 0.12538 0.12522 0.12508 0.12495 0.12480 0.12462 0.12431 0.00001 ( 1)  0.206
  93 V   0.12572 0.12543 0.12525 0.12509 0.12494 0.12477 0.12457 0.12422 0.00001 ( 1)  0.206
  94 G   0.12533 0.12520 0.12512 0.12504 0.12497 0.12489 0.12480 0.12464 0.00001 ( 1)  0.206
  95 L   0.12530 0.12518 0.12510 0.12504 0.12497 0.12490 0.12482 0.12467 0.00001 ( 1)  0.206
  96 T   0.12558 0.12535 0.12520 0.12507 0.12495 0.12482 0.12465 0.12437 0.00001 ( 1)  0.206
  97 E   0.12538 0.12523 0.12513 0.12505 0.12497 0.12488 0.12477 0.12459 0.00001 ( 1)  0.206
  98 L   0.12540 0.12524 0.12514 0.12505 0.12497 0.12487 0.12476 0.12456 0.00001 ( 1)  0.206
  99 A   0.12559 0.12536 0.12521 0.12508 0.12495 0.12481 0.12464 0.12436 0.00001 ( 1)  0.206
 100 F   0.12568 0.12541 0.12524 0.12509 0.12494 0.12478 0.12459 0.12426 0.00001 ( 1)  0.206
 101 G   0.12552 0.12532 0.12518 0.12507 0.12495 0.12483 0.12468 0.12443 0.00001 ( 1)  0.206
 102 H   0.12564 0.12539 0.12522 0.12508 0.12495 0.12480 0.12461 0.12430 0.00001 ( 1)  0.206
 103 N   0.12555 0.12533 0.12519 0.12507 0.12495 0.12482 0.12467 0.12440 0.00001 ( 1)  0.206
 104 S   0.12564 0.12538 0.12522 0.12508 0.12495 0.12480 0.12462 0.12431 0.00001 ( 1)  0.206
 105 K   0.12548 0.12529 0.12517 0.12506 0.12496 0.12485 0.12471 0.12448 0.00001 ( 1)  0.206
 106 A   0.12571 0.12543 0.12525 0.12509 0.12494 0.12477 0.12457 0.12423 0.00001 ( 1)  0.206
 107 W   0.12526 0.12516 0.12509 0.12503 0.12498 0.12492 0.12484 0.12471 0.00001 ( 1)  0.206
 108 Q   0.12526 0.12516 0.12509 0.12503 0.12498 0.12492 0.12484 0.12471 0.00001 ( 1)  0.206
 109 V   0.12564 0.12539 0.12522 0.12508 0.12495 0.12480 0.12461 0.12431 0.00001 ( 1)  0.206
 110 Q   0.12537 0.12523 0.12513 0.12505 0.12497 0.12488 0.12477 0.12459 0.00001 ( 1)  0.206
 111 S   0.12556 0.12534 0.12520 0.12507 0.12495 0.12482 0.12466 0.12439 0.00001 ( 1)  0.206
 112 A   0.12563 0.12538 0.12522 0.12508 0.12495 0.12480 0.12462 0.12431 0.00001 ( 1)  0.206
 113 R   0.12550 0.12530 0.12518 0.12506 0.12496 0.12484 0.12470 0.12445 0.00001 ( 1)  0.206
 114 A   0.12571 0.12543 0.12525 0.12509 0.12494 0.12477 0.12457 0.12423 0.00001 ( 1)  0.206
 115 G   0.12557 0.12534 0.12520 0.12507 0.12495 0.12482 0.12465 0.12438 0.00001 ( 1)  0.206
 116 D   0.12562 0.12537 0.12522 0.12508 0.12495 0.12480 0.12463 0.12433 0.00001 ( 1)  0.206
 117 S   0.12563 0.12538 0.12522 0.12508 0.12495 0.12480 0.12462 0.12431 0.00001 ( 1)  0.206
 118 K   0.12532 0.12520 0.12511 0.12504 0.12497 0.12490 0.12480 0.12465 0.00001 ( 1)  0.206
 119 L   0.12530 0.12518 0.12510 0.12504 0.12497 0.12490 0.12482 0.12467 0.00001 ( 1)  0.206

Positively selected sites

	Prob(w>1)  mean w



lnL =  -518.370912

Bayes Empirical Bayes (BEB) probabilities for 11 classes (class) & postmean_w
(amino acids refer to 1st sequence: ppx.11440)

   1 E   0.40820 0.09428 0.07425 0.06390 0.05676 0.05098 0.04585 0.04106 0.03674 0.04716 0.08082 ( 1)  0.484 +-  0.911
   2 Q   0.40244 0.09301 0.07348 0.06346 0.05656 0.05099 0.04602 0.04136 0.03713 0.04773 0.08782 ( 1)  0.516 +-  0.998
   3 L   0.41220 0.09517 0.07477 0.06418 0.05685 0.05093 0.04568 0.04080 0.03641 0.04670 0.07633 ( 1)  0.465 +-  0.859
   4 R   0.40330 0.09320 0.07359 0.06352 0.05659 0.05098 0.04599 0.04131 0.03707 0.04764 0.08681 ( 1)  0.512 +-  0.987
   5 G   0.40776 0.09419 0.07419 0.06387 0.05674 0.05098 0.04586 0.04108 0.03677 0.04720 0.08136 ( 1)  0.487 +-  0.918
   6 S   0.40594 0.09378 0.07395 0.06373 0.05669 0.05099 0.04592 0.04118 0.03690 0.04739 0.08352 ( 1)  0.497 +-  0.945
   7 L   0.40991 0.09466 0.07447 0.06402 0.05680 0.05096 0.04578 0.04095 0.03660 0.04697 0.07887 ( 1)  0.476 +-  0.888
   8 H   0.40820 0.09428 0.07425 0.06391 0.05676 0.05099 0.04586 0.04107 0.03675 0.04718 0.08075 ( 1)  0.484 +-  0.909
   9 S   0.40992 0.09466 0.07447 0.06402 0.05680 0.05096 0.04578 0.04095 0.03660 0.04697 0.07886 ( 1)  0.476 +-  0.888
  10 L   0.40528 0.09364 0.07386 0.06368 0.05666 0.05099 0.04594 0.04121 0.03694 0.04745 0.08437 ( 1)  0.501 +-  0.956
  11 R   0.40742 0.09411 0.07415 0.06385 0.05674 0.05099 0.04588 0.04111 0.03680 0.04725 0.08172 ( 1)  0.488 +-  0.922
  12 P   0.41066 0.09483 0.07457 0.06407 0.05681 0.05094 0.04574 0.04089 0.03653 0.04687 0.07809 ( 1)  0.473 +-  0.881
  13 L   0.40528 0.09364 0.07386 0.06368 0.05666 0.05099 0.04594 0.04121 0.03694 0.04745 0.08437 ( 1)  0.501 +-  0.956
  14 P   0.41220 0.09517 0.07476 0.06418 0.05684 0.05092 0.04567 0.04079 0.03640 0.04669 0.07638 ( 1)  0.466 +-  0.860
  15 N   0.40855 0.09436 0.07430 0.06394 0.05679 0.05100 0.04586 0.04106 0.03673 0.04715 0.08024 ( 1)  0.481 +-  0.900
  16 G   0.40681 0.09398 0.07406 0.06380 0.05671 0.05099 0.04589 0.04113 0.03683 0.04730 0.08249 ( 1)  0.492 +-  0.932
  17 I   0.40903 0.09447 0.07437 0.06398 0.05680 0.05099 0.04584 0.04103 0.03669 0.04710 0.07970 ( 1)  0.479 +-  0.894
  18 S   0.40979 0.09463 0.07445 0.06401 0.05679 0.05095 0.04577 0.04095 0.03660 0.04697 0.07910 ( 1)  0.477 +-  0.893
  19 G   0.40695 0.09401 0.07408 0.06380 0.05671 0.05098 0.04588 0.04112 0.03682 0.04728 0.08236 ( 1)  0.492 +-  0.932
  20 A   0.40968 0.09461 0.07443 0.06399 0.05678 0.05095 0.04577 0.04094 0.03660 0.04697 0.07927 ( 1)  0.478 +-  0.897
  21 S   0.41221 0.09517 0.07477 0.06418 0.05685 0.05092 0.04567 0.04079 0.03641 0.04670 0.07632 ( 1)  0.465 +-  0.859
  22 V   0.40568 0.09373 0.07391 0.06371 0.05667 0.05099 0.04593 0.04119 0.03691 0.04741 0.08386 ( 1)  0.498 +-  0.950
  23 L   0.40991 0.09466 0.07447 0.06402 0.05680 0.05096 0.04578 0.04095 0.03660 0.04697 0.07887 ( 1)  0.476 +-  0.888
  24 T   0.41122 0.09495 0.07465 0.06413 0.05685 0.05097 0.04575 0.04089 0.03652 0.04685 0.07721 ( 1)  0.468 +-  0.864
  25 A   0.41109 0.09492 0.07461 0.06409 0.05681 0.05092 0.04570 0.04085 0.03648 0.04680 0.07774 ( 1)  0.472 +-  0.879
  26 P   0.40991 0.09466 0.07447 0.06402 0.05680 0.05096 0.04578 0.04095 0.03660 0.04697 0.07890 ( 1)  0.476 +-  0.889
  27 S   0.06466 0.03556 0.04386 0.05047 0.05550 0.05895 0.06076 0.06089 0.05960 0.07728 0.43247 (11)  2.085 +-  2.526
  28 T   0.40902 0.09447 0.07436 0.06397 0.05679 0.05099 0.04584 0.04103 0.03669 0.04710 0.07973 ( 1)  0.479 +-  0.895
  29 G   0.40863 0.09438 0.07430 0.06393 0.05676 0.05097 0.04582 0.04102 0.03669 0.04710 0.08038 ( 1)  0.483 +-  0.907
  30 S   0.41221 0.09517 0.07477 0.06418 0.05685 0.05092 0.04567 0.04079 0.03641 0.04670 0.07632 ( 1)  0.465 +-  0.859
  31 S   0.40979 0.09463 0.07445 0.06401 0.05679 0.05095 0.04577 0.04095 0.03660 0.04697 0.07910 ( 1)  0.477 +-  0.893
  32 S   0.40992 0.09466 0.07447 0.06402 0.05680 0.05096 0.04578 0.04095 0.03660 0.04697 0.07886 ( 1)  0.476 +-  0.888
  33 S   0.40871 0.09440 0.07433 0.06396 0.05679 0.05100 0.04585 0.04105 0.03672 0.04714 0.08006 ( 1)  0.480 +-  0.898
  34 A   0.05790 0.03252 0.04045 0.04688 0.05190 0.05547 0.05753 0.05798 0.05709 0.07451 0.46778 (11)  2.284 +-  2.660
  35 Q   0.40480 0.09353 0.07380 0.06365 0.05665 0.05099 0.04596 0.04125 0.03698 0.04751 0.08489 ( 1)  0.503 +-  0.961
  36 A   0.40968 0.09461 0.07443 0.06399 0.05678 0.05095 0.04577 0.04094 0.03660 0.04697 0.07927 ( 1)  0.478 +-  0.897
  37 Y   0.40930 0.09453 0.07440 0.06399 0.05679 0.05098 0.04581 0.04100 0.03666 0.04705 0.07950 ( 1)  0.478 +-  0.894
  38 S   0.40768 0.09417 0.07418 0.06387 0.05675 0.05099 0.04587 0.04110 0.03678 0.04722 0.08139 ( 1)  0.487 +-  0.917
  39 W   0.40242 0.09300 0.07348 0.06346 0.05656 0.05099 0.04602 0.04136 0.03713 0.04773 0.08785 ( 1)  0.517 +-  0.999
  40 G   0.40695 0.09401 0.07408 0.06380 0.05671 0.05098 0.04588 0.04112 0.03682 0.04728 0.08236 ( 1)  0.492 +-  0.932
  41 Q   0.40480 0.09353 0.07380 0.06365 0.05665 0.05099 0.04596 0.04125 0.03698 0.04751 0.08489 ( 1)  0.503 +-  0.961
  42 A   0.41109 0.09492 0.07461 0.06409 0.05681 0.05092 0.04570 0.04085 0.03648 0.04680 0.07774 ( 1)  0.472 +-  0.879
  43 L   0.40528 0.09364 0.07386 0.06367 0.05665 0.05098 0.04593 0.04121 0.03693 0.04745 0.08440 ( 1)  0.501 +-  0.957
  44 R   0.40742 0.09411 0.07415 0.06385 0.05674 0.05099 0.04588 0.04111 0.03680 0.04725 0.08172 ( 1)  0.488 +-  0.922
  45 L   0.40321 0.09318 0.07358 0.06352 0.05659 0.05099 0.04600 0.04132 0.03708 0.04766 0.08687 ( 1)  0.512 +-  0.986
  46 P   0.41220 0.09517 0.07476 0.06418 0.05684 0.05092 0.04567 0.04079 0.03640 0.04669 0.07638 ( 1)  0.466 +-  0.860
  47 V   0.41128 0.09496 0.07464 0.06411 0.05681 0.05092 0.04570 0.04084 0.03647 0.04679 0.07748 ( 1)  0.471 +-  0.875
  48 G   0.40863 0.09438 0.07430 0.06393 0.05676 0.05097 0.04582 0.04102 0.03669 0.04710 0.08038 ( 1)  0.483 +-  0.907
  49 L   0.40991 0.09466 0.07447 0.06402 0.05680 0.05096 0.04578 0.04095 0.03660 0.04697 0.07887 ( 1)  0.476 +-  0.888
  50 S   0.40979 0.09463 0.07445 0.06401 0.05679 0.05095 0.04577 0.04095 0.03660 0.04697 0.07910 ( 1)  0.477 +-  0.893
  51 I   0.41170 0.09506 0.07472 0.06417 0.05687 0.05097 0.04574 0.04087 0.03649 0.04681 0.07660 ( 1)  0.465 +-  0.855
  52 R   0.40742 0.09411 0.07415 0.06385 0.05674 0.05099 0.04588 0.04111 0.03680 0.04725 0.08172 ( 1)  0.488 +-  0.922
  53 L   0.41220 0.09517 0.07477 0.06418 0.05685 0.05093 0.04568 0.04080 0.03641 0.04670 0.07633 ( 1)  0.465 +-  0.859
  54 G   0.40695 0.09401 0.07408 0.06380 0.05671 0.05098 0.04588 0.04112 0.03682 0.04728 0.08236 ( 1)  0.492 +-  0.932
  55 N   0.40855 0.09436 0.07430 0.06394 0.05679 0.05100 0.04586 0.04106 0.03673 0.04715 0.08024 ( 1)  0.481 +-  0.900
  56 M   0.40966 0.09461 0.07445 0.06403 0.05683 0.05100 0.04583 0.04101 0.03666 0.04705 0.07888 ( 1)  0.475 +-  0.881
  57 L   0.41220 0.09517 0.07477 0.06418 0.05685 0.05093 0.04568 0.04080 0.03641 0.04670 0.07633 ( 1)  0.465 +-  0.859
  58 V   0.40912 0.09449 0.07436 0.06396 0.05677 0.05096 0.04580 0.04099 0.03665 0.04704 0.07986 ( 1)  0.481 +-  0.902
  59 R   0.40935 0.09454 0.07440 0.06399 0.05679 0.05097 0.04581 0.04099 0.03665 0.04704 0.07947 ( 1)  0.478 +-  0.894
  60 F   0.41310 0.09537 0.07489 0.06425 0.05688 0.05092 0.04565 0.04074 0.03634 0.04661 0.07526 ( 1)  0.460 +-  0.844
  61 S   0.40992 0.09466 0.07447 0.06402 0.05680 0.05096 0.04578 0.04095 0.03660 0.04697 0.07886 ( 1)  0.476 +-  0.888
  62 D   0.40962 0.09460 0.07444 0.06401 0.05680 0.05097 0.04580 0.04097 0.03663 0.04701 0.07917 ( 1)  0.477 +-  0.891
  63 E   0.40487 0.09355 0.07381 0.06365 0.05665 0.05100 0.04596 0.04125 0.03698 0.04751 0.08477 ( 1)  0.502 +-  0.959
  64 Q   0.40480 0.09353 0.07380 0.06365 0.05665 0.05099 0.04596 0.04125 0.03698 0.04751 0.08489 ( 1)  0.503 +-  0.961
  65 S   0.41221 0.09517 0.07477 0.06418 0.05685 0.05092 0.04567 0.04079 0.03641 0.04670 0.07632 ( 1)  0.465 +-  0.859
  66 S   0.40979 0.09463 0.07445 0.06401 0.05679 0.05095 0.04577 0.04095 0.03660 0.04697 0.07910 ( 1)  0.477 +-  0.893
  67 N   0.40855 0.09436 0.07430 0.06394 0.05679 0.05100 0.04586 0.04106 0.03673 0.04715 0.08024 ( 1)  0.481 +-  0.900
  68 Q   0.40244 0.09301 0.07348 0.06346 0.05656 0.05099 0.04602 0.04136 0.03713 0.04773 0.08782 ( 1)  0.516 +-  0.998
  69 L   0.40528 0.09364 0.07386 0.06367 0.05665 0.05098 0.04593 0.04121 0.03693 0.04745 0.08440 ( 1)  0.501 +-  0.957
  70 R   0.40742 0.09411 0.07415 0.06385 0.05674 0.05099 0.04588 0.04111 0.03680 0.04725 0.08172 ( 1)  0.488 +-  0.922
  71 E   0.40820 0.09428 0.07425 0.06390 0.05676 0.05098 0.04585 0.04106 0.03674 0.04716 0.08082 ( 1)  0.484 +-  0.911
  72 L   0.40528 0.09364 0.07386 0.06368 0.05666 0.05099 0.04594 0.04121 0.03694 0.04745 0.08437 ( 1)  0.501 +-  0.956
  73 A   0.40968 0.09461 0.07443 0.06399 0.05678 0.05095 0.04577 0.04094 0.03660 0.04697 0.07927 ( 1)  0.478 +-  0.897
  74 V   0.40568 0.09373 0.07391 0.06371 0.05667 0.05099 0.04593 0.04119 0.03691 0.04741 0.08386 ( 1)  0.498 +-  0.950
  75 T   0.40554 0.09370 0.07390 0.06371 0.05668 0.05100 0.04595 0.04122 0.03694 0.04745 0.08390 ( 1)  0.498 +-  0.947
  76 P   0.40991 0.09466 0.07447 0.06402 0.05680 0.05096 0.04578 0.04095 0.03660 0.04697 0.07890 ( 1)  0.476 +-  0.889
  77 V   0.41128 0.09496 0.07464 0.06411 0.05681 0.05092 0.04570 0.04084 0.03647 0.04679 0.07748 ( 1)  0.471 +-  0.875
  78 I   0.40903 0.09447 0.07437 0.06398 0.05680 0.05099 0.04584 0.04103 0.03669 0.04710 0.07970 ( 1)  0.479 +-  0.894
  79 S   0.40594 0.09378 0.07395 0.06373 0.05669 0.05099 0.04592 0.04118 0.03690 0.04739 0.08352 ( 1)  0.497 +-  0.945
  80 Q   0.40480 0.09353 0.07380 0.06365 0.05665 0.05099 0.04596 0.04125 0.03698 0.04751 0.08489 ( 1)  0.503 +-  0.961
  81 D   0.40962 0.09460 0.07444 0.06401 0.05680 0.05097 0.04580 0.04097 0.03663 0.04701 0.07917 ( 1)  0.477 +-  0.891
  82 A   0.40968 0.09461 0.07443 0.06399 0.05678 0.05095 0.04577 0.04094 0.03660 0.04697 0.07927 ( 1)  0.478 +-  0.897
  83 L   0.40321 0.09318 0.07358 0.06352 0.05659 0.05099 0.04600 0.04132 0.03708 0.04766 0.08687 ( 1)  0.512 +-  0.986
  84 N   0.40678 0.09397 0.07407 0.06381 0.05673 0.05101 0.04592 0.04116 0.03686 0.04734 0.08236 ( 1)  0.491 +-  0.927
  85 S   0.40692 0.09400 0.07409 0.06382 0.05673 0.05101 0.04591 0.04115 0.03685 0.04732 0.08219 ( 1)  0.490 +-  0.925
  86 W   0.40242 0.09300 0.07348 0.06346 0.05656 0.05099 0.04602 0.04136 0.03713 0.04773 0.08785 ( 1)  0.517 +-  0.999
  87 V   0.41128 0.09496 0.07464 0.06411 0.05681 0.05092 0.04570 0.04084 0.03647 0.04679 0.07748 ( 1)  0.471 +-  0.875
  88 G   0.40681 0.09398 0.07406 0.06380 0.05671 0.05099 0.04589 0.04113 0.03683 0.04730 0.08249 ( 1)  0.492 +-  0.932
  89 G   0.40681 0.09398 0.07406 0.06380 0.05671 0.05099 0.04589 0.04113 0.03683 0.04730 0.08249 ( 1)  0.492 +-  0.932
  90 L   0.40321 0.09318 0.07358 0.06352 0.05659 0.05099 0.04600 0.04132 0.03708 0.04766 0.08687 ( 1)  0.512 +-  0.986
  91 L   0.40441 0.09345 0.07371 0.06355 0.05655 0.05089 0.04585 0.04114 0.03687 0.04738 0.08620 ( 1)  0.514 +-  1.006
  92 L   0.40991 0.09466 0.07447 0.06402 0.05680 0.05096 0.04578 0.04095 0.03660 0.04697 0.07887 ( 1)  0.476 +-  0.888
  93 V   0.41128 0.09496 0.07464 0.06411 0.05681 0.05092 0.04570 0.04084 0.03647 0.04679 0.07748 ( 1)  0.471 +-  0.875
  94 G   0.40392 0.09334 0.07368 0.06358 0.05662 0.05099 0.04598 0.04129 0.03703 0.04759 0.08599 ( 1)  0.508 +-  0.976
  95 L   0.40321 0.09318 0.07358 0.06352 0.05659 0.05099 0.04600 0.04132 0.03708 0.04766 0.08687 ( 1)  0.512 +-  0.986
  96 T   0.40902 0.09447 0.07436 0.06397 0.05679 0.05099 0.04584 0.04103 0.03669 0.04710 0.07973 ( 1)  0.479 +-  0.895
  97 E   0.40487 0.09355 0.07381 0.06365 0.05665 0.05100 0.04596 0.04125 0.03698 0.04751 0.08477 ( 1)  0.502 +-  0.959
  98 L   0.40528 0.09364 0.07386 0.06368 0.05666 0.05099 0.04594 0.04121 0.03694 0.04745 0.08437 ( 1)  0.501 +-  0.956
  99 A   0.40897 0.09445 0.07434 0.06395 0.05676 0.05096 0.04580 0.04099 0.03666 0.04705 0.08008 ( 1)  0.482 +-  0.906
 100 F   0.41083 0.09487 0.07460 0.06410 0.05683 0.05096 0.04575 0.04090 0.03654 0.04688 0.07774 ( 1)  0.471 +-  0.873
 101 G   0.40776 0.09419 0.07419 0.06387 0.05674 0.05098 0.04586 0.04108 0.03677 0.04720 0.08136 ( 1)  0.487 +-  0.918
 102 H   0.41011 0.09471 0.07450 0.06405 0.05682 0.05097 0.04578 0.04095 0.03660 0.04696 0.07855 ( 1)  0.474 +-  0.882
 103 N   0.40855 0.09436 0.07430 0.06394 0.05679 0.05100 0.04586 0.04106 0.03673 0.04715 0.08024 ( 1)  0.481 +-  0.900
 104 S   0.40992 0.09466 0.07447 0.06402 0.05680 0.05096 0.04578 0.04095 0.03660 0.04697 0.07886 ( 1)  0.476 +-  0.888
 105 K   0.40704 0.09403 0.07410 0.06383 0.05674 0.05101 0.04591 0.04114 0.03684 0.04731 0.08206 ( 1)  0.489 +-  0.923
 106 A   0.41109 0.09492 0.07461 0.06409 0.05681 0.05092 0.04570 0.04085 0.03648 0.04680 0.07774 ( 1)  0.472 +-  0.879
 107 W   0.40242 0.09300 0.07348 0.06346 0.05656 0.05099 0.04602 0.04136 0.03713 0.04773 0.08785 ( 1)  0.517 +-  0.999
 108 Q   0.40244 0.09301 0.07348 0.06346 0.05656 0.05099 0.04602 0.04136 0.03713 0.04773 0.08782 ( 1)  0.516 +-  0.998
 109 V   0.40986 0.09465 0.07446 0.06401 0.05679 0.05095 0.04577 0.04094 0.03659 0.04696 0.07903 ( 1)  0.477 +-  0.893
 110 Q   0.40480 0.09353 0.07380 0.06365 0.05665 0.05099 0.04596 0.04125 0.03698 0.04751 0.08489 ( 1)  0.503 +-  0.961
 111 S   0.40871 0.09440 0.07433 0.06396 0.05679 0.05100 0.04585 0.04105 0.03672 0.04714 0.08006 ( 1)  0.480 +-  0.898
 112 A   0.40968 0.09461 0.07443 0.06399 0.05678 0.05095 0.04577 0.04094 0.03660 0.04697 0.07927 ( 1)  0.478 +-  0.897
 113 R   0.40742 0.09411 0.07415 0.06385 0.05674 0.05099 0.04588 0.04111 0.03680 0.04725 0.08172 ( 1)  0.488 +-  0.922
 114 A   0.41109 0.09492 0.07461 0.06409 0.05681 0.05092 0.04570 0.04085 0.03648 0.04680 0.07774 ( 1)  0.472 +-  0.879
 115 G   0.40863 0.09438 0.07430 0.06393 0.05676 0.05097 0.04582 0.04102 0.03669 0.04710 0.08038 ( 1)  0.483 +-  0.907
 116 D   0.40962 0.09460 0.07444 0.06401 0.05680 0.05097 0.04580 0.04097 0.03663 0.04701 0.07917 ( 1)  0.477 +-  0.891
 117 S   0.40979 0.09463 0.07445 0.06401 0.05679 0.05095 0.04577 0.04095 0.03660 0.04697 0.07910 ( 1)  0.477 +-  0.893
 118 K   0.40381 0.09331 0.07367 0.06357 0.05662 0.05100 0.04600 0.04130 0.03705 0.04761 0.08604 ( 1)  0.508 +-  0.974
 119 L   0.40321 0.09318 0.07358 0.06352 0.05659 0.05099 0.04600 0.04132 0.03708 0.04766 0.08687 ( 1)  0.512 +-  0.986

Positively selected sites

	Prob(w>1)  mean w


