Supplemental results for CODEML (seqf: algn  treef: tree)


dN/dS (w) for site classes (K=3)

p:   0.00000  0.00000  1.00000
w:   1.00000  1.00000  3.47292

Naive Empirical Bayes (NEB) probabilities for 3 classes & postmean_w & P(w>1)
(amino acids refer to 1st sequence: stm.13448)

   1 M   0.00000 0.00000 1.00000 ( 3)  3.473  1.000
   2 L   0.00000 0.00000 1.00000 ( 3)  3.473  1.000
   3 K   0.00000 0.00000 1.00000 ( 3)  3.473  1.000
   4 T   0.00000 0.00000 1.00000 ( 3)  3.473  1.000
   5 V   0.00000 0.00000 1.00000 ( 3)  3.473  1.000
   6 F   0.00000 0.00000 1.00000 ( 3)  3.473  1.000
   7 L   0.00000 0.00000 1.00000 ( 3)  3.473  1.000
   8 K   0.00000 0.00000 1.00000 ( 3)  3.473  1.000
   9 H   0.00000 0.00000 1.00000 ( 3)  3.473  1.000
  10 I   0.00000 0.00000 1.00000 ( 3)  3.473  1.000
  11 Q   0.00000 0.00000 1.00000 ( 3)  3.473  1.000
  12 L   0.00000 0.00000 1.00000 ( 3)  3.473  1.000
  13 I   0.00000 0.00000 1.00000 ( 3)  3.473  1.000
  14 K   0.00000 0.00000 1.00000 ( 3)  3.473  1.000
  15 F   0.00000 0.00000 1.00000 ( 3)  3.473  1.000
  16 T   0.00000 0.00000 1.00000 ( 3)  3.473  1.000
  17 N   0.00000 0.00000 1.00000 ( 3)  3.473  1.000
  18 T   0.00000 0.00000 1.00000 ( 3)  3.473  1.000
  19 V   0.00000 0.00000 1.00000 ( 3)  3.473  1.000
  20 R   0.00000 0.00000 1.00000 ( 3)  3.473  1.000
  21 K   0.00000 0.00000 1.00000 ( 3)  3.473  1.000
  22 L   0.00000 0.00000 1.00000 ( 3)  3.473  1.000
  23 K   0.00000 0.00000 1.00000 ( 3)  3.473  1.000
  24 L   0.00000 0.00000 1.00000 ( 3)  3.473  1.000
  25 N   0.00000 0.00000 1.00000 ( 3)  3.473  1.000
  26 W   0.00000 0.00000 1.00000 ( 3)  3.473  1.000
  27 N   0.00000 0.00000 1.00000 ( 3)  3.473  1.000
  28 Y   0.00000 0.00000 1.00000 ( 3)  3.473  1.000
  29 R   0.00000 0.00000 1.00000 ( 3)  3.473  1.000
  30 L   0.00000 0.00000 1.00000 ( 3)  3.473  1.000
  31 Q   0.00000 0.00000 1.00000 ( 3)  3.473  1.000
  32 P   0.00000 0.00000 1.00000 ( 3)  3.473  1.000
  33 S   0.00000 0.00000 1.00000 ( 3)  3.473  1.000
  34 S   0.00000 0.00000 1.00000 ( 3)  3.473  1.000
  35 N   0.00000 0.00000 1.00000 ( 3)  3.473  1.000
  36 E   0.00000 0.00000 1.00000 ( 3)  3.473  1.000
  37 L   0.00000 0.00000 1.00000 ( 3)  3.473  1.000
  38 Q   0.00000 0.00000 1.00000 ( 3)  3.473  1.000
  39 N   0.00000 0.00000 1.00000 ( 3)  3.473  1.000
  40 T   0.00000 0.00000 1.00000 ( 3)  3.473  1.000
  41 N   0.00000 0.00000 1.00000 ( 3)  3.473  1.000
  42 N   0.00000 0.00000 1.00000 ( 3)  3.473  1.000
  43 M   0.00000 0.00000 1.00000 ( 3)  3.473  1.000
  44 K   0.00000 0.00000 1.00000 ( 3)  3.473  1.000
  45 E   0.00000 0.00000 1.00000 ( 3)  3.473  1.000
  46 E   0.00000 0.00000 1.00000 ( 3)  3.473  1.000
  47 L   0.00000 0.00000 1.00000 ( 3)  3.473  1.000
  48 E   0.00000 0.00000 1.00000 ( 3)  3.473  1.000
  49 A   0.00000 0.00000 1.00000 ( 3)  3.473  1.000
  50 P   0.00000 0.00000 1.00000 ( 3)  3.473  1.000
  51 I   0.00000 0.00000 1.00000 ( 3)  3.473  1.000
  52 K   0.00000 0.00000 1.00000 ( 3)  3.473  1.000
  53 I   0.00000 0.00000 1.00000 ( 3)  3.473  1.000
  54 C   0.00000 0.00000 1.00000 ( 3)  3.473  1.000
  55 D   0.00000 0.00000 1.00000 ( 3)  3.473  1.000
  56 D   0.00000 0.00000 1.00000 ( 3)  3.473  1.000
  57 I   0.00000 0.00000 1.00000 ( 3)  3.473  1.000
  58 Q   0.00000 0.00000 1.00000 ( 3)  3.473  1.000
  59 R   0.00000 0.00000 1.00000 ( 3)  3.473  1.000
  60 Q   0.00000 0.00000 1.00000 ( 3)  3.473  1.000
  61 F   0.00000 0.00000 1.00000 ( 3)  3.473  1.000
  62 T   0.00000 0.00000 1.00000 ( 3)  3.473  1.000
  63 D   0.00000 0.00000 1.00000 ( 3)  3.473  1.000
  64 L   0.00000 0.00000 1.00000 ( 3)  3.473  1.000
  65 L   0.00000 0.00000 1.00000 ( 3)  3.473  1.000
  66 G   0.00000 0.00000 1.00000 ( 3)  3.473  1.000
  67 L   0.00000 0.00000 1.00000 ( 3)  3.473  1.000
  68 I   0.00000 0.00000 1.00000 ( 3)  3.473  1.000
  69 K   0.00000 0.00000 1.00000 ( 3)  3.473  1.000
  70 Y   0.00000 0.00000 1.00000 ( 3)  3.473  1.000
  71 G   0.00000 0.00000 1.00000 ( 3)  3.473  1.000
  72 E   0.00000 0.00000 1.00000 ( 3)  3.473  1.000
  73 S   0.00000 0.00000 1.00000 ( 3)  3.473  1.000
  74 P   0.00000 0.00000 1.00000 ( 3)  3.473  1.000
  75 P   0.00000 0.00000 1.00000 ( 3)  3.473  1.000
  76 D   0.00000 0.00000 1.00000 ( 3)  3.473  1.000
  77 F   0.00000 0.00000 1.00000 ( 3)  3.473  1.000
  78 N   0.00000 0.00000 1.00000 ( 3)  3.473  1.000
  79 Y   0.00000 0.00000 1.00000 ( 3)  3.473  1.000
  80 P   0.00000 0.00000 1.00000 ( 3)  3.473  1.000
  81 F   0.00000 0.00000 1.00000 ( 3)  3.473  1.000
  82 L   0.00000 0.00000 1.00000 ( 3)  3.473  1.000
  83 G   0.00000 0.00000 1.00000 ( 3)  3.473  1.000
  84 D   0.00000 0.00000 1.00000 ( 3)  3.473  1.000
  85 N   0.00000 0.00000 1.00000 ( 3)  3.473  1.000
  86 V   0.00000 0.00000 1.00000 ( 3)  3.473  1.000
  87 D   0.00000 0.00000 1.00000 ( 3)  3.473  1.000
  88 R   0.00000 0.00000 1.00000 ( 3)  3.473  1.000
  89 G   0.00000 0.00000 1.00000 ( 3)  3.473  1.000
  90 K   0.00000 0.00000 1.00000 ( 3)  3.473  1.000
  91 F   0.00000 0.00000 1.00000 ( 3)  3.473  1.000
  92 S   0.00000 0.00000 1.00000 ( 3)  3.473  1.000
  93 L   0.00000 0.00000 1.00000 ( 3)  3.473  1.000
  94 G   0.00000 0.00000 1.00000 ( 3)  3.473  1.000
  95 T   0.00000 0.00000 1.00000 ( 3)  3.473  1.000
  96 I   0.00000 0.00000 1.00000 ( 3)  3.473  1.000
  97 C   0.00000 0.00000 1.00000 ( 3)  3.473  1.000
  98 L   0.00000 0.00000 1.00000 ( 3)  3.473  1.000
  99 L   0.00000 0.00000 1.00000 ( 3)  3.473  1.000
 100 L   0.00000 0.00000 1.00000 ( 3)  3.473  1.000
 101 D   0.00000 0.00000 1.00000 ( 3)  3.473  1.000
 102 Y   0.00000 0.00000 1.00000 ( 3)  3.473  1.000
 103 K   0.00000 0.00000 1.00000 ( 3)  3.473  1.000
 104 I   0.00000 0.00000 1.00000 ( 3)  3.473  1.000
 105 K   0.00000 0.00000 1.00000 ( 3)  3.473  1.000
 106 C   0.00000 0.00000 1.00000 ( 3)  3.473  1.000
 107 P   0.00000 0.00000 1.00000 ( 3)  3.473  1.000
 108 F   0.00000 0.00000 1.00000 ( 3)  3.473  1.000
 109 T   0.00000 0.00000 1.00000 ( 3)  3.473  1.000
 110 Q   0.00000 0.00000 1.00000 ( 3)  3.473  1.000
 111 R   0.00000 0.00000 1.00000 ( 3)  3.473  1.000
 112 K   0.00000 0.00000 1.00000 ( 3)  3.473  1.000
 113 S   0.00000 0.00000 1.00000 ( 3)  3.473  1.000

Positively selected sites

	Prob(w>1)  mean w

     1 M      1.000**       3.473
     2 L      1.000**       3.473
     3 K      1.000**       3.473
     4 T      1.000**       3.473
     5 V      1.000**       3.473
     6 F      1.000**       3.473
     7 L      1.000**       3.473
     8 K      1.000**       3.473
     9 H      1.000**       3.473
    10 I      1.000**       3.473
    11 Q      1.000**       3.473
    12 L      1.000**       3.473
    13 I      1.000**       3.473
    14 K      1.000**       3.473
    15 F      1.000**       3.473
    16 T      1.000**       3.473
    17 N      1.000**       3.473
    18 T      1.000**       3.473
    19 V      1.000**       3.473
    20 R      1.000**       3.473
    21 K      1.000**       3.473
    22 L      1.000**       3.473
    23 K      1.000**       3.473
    24 L      1.000**       3.473
    25 N      1.000**       3.473
    26 W      1.000**       3.473
    27 N      1.000**       3.473
    28 Y      1.000**       3.473
    29 R      1.000**       3.473
    30 L      1.000**       3.473
    31 Q      1.000**       3.473
    32 P      1.000**       3.473
    33 S      1.000**       3.473
    34 S      1.000**       3.473
    35 N      1.000**       3.473
    36 E      1.000**       3.473
    37 L      1.000**       3.473
    38 Q      1.000**       3.473
    39 N      1.000**       3.473
    40 T      1.000**       3.473
    41 N      1.000**       3.473
    42 N      1.000**       3.473
    43 M      1.000**       3.473
    44 K      1.000**       3.473
    45 E      1.000**       3.473
    46 E      1.000**       3.473
    47 L      1.000**       3.473
    48 E      1.000**       3.473
    49 A      1.000**       3.473
    50 P      1.000**       3.473
    51 I      1.000**       3.473
    52 K      1.000**       3.473
    53 I      1.000**       3.473
    54 C      1.000**       3.473
    55 D      1.000**       3.473
    56 D      1.000**       3.473
    57 I      1.000**       3.473
    58 Q      1.000**       3.473
    59 R      1.000**       3.473
    60 Q      1.000**       3.473
    61 F      1.000**       3.473
    62 T      1.000**       3.473
    63 D      1.000**       3.473
    64 L      1.000**       3.473
    65 L      1.000**       3.473
    66 G      1.000**       3.473
    67 L      1.000**       3.473
    68 I      1.000**       3.473
    69 K      1.000**       3.473
    70 Y      1.000**       3.473
    71 G      1.000**       3.473
    72 E      1.000**       3.473
    73 S      1.000**       3.473
    74 P      1.000**       3.473
    75 P      1.000**       3.473
    76 D      1.000**       3.473
    77 F      1.000**       3.473
    78 N      1.000**       3.473
    79 Y      1.000**       3.473
    80 P      1.000**       3.473
    81 F      1.000**       3.473
    82 L      1.000**       3.473
    83 G      1.000**       3.473
    84 D      1.000**       3.473
    85 N      1.000**       3.473
    86 V      1.000**       3.473
    87 D      1.000**       3.473
    88 R      1.000**       3.473
    89 G      1.000**       3.473
    90 K      1.000**       3.473
    91 F      1.000**       3.473
    92 S      1.000**       3.473
    93 L      1.000**       3.473
    94 G      1.000**       3.473
    95 T      1.000**       3.473
    96 I      1.000**       3.473
    97 C      1.000**       3.473
    98 L      1.000**       3.473
    99 L      1.000**       3.473
   100 L      1.000**       3.473
   101 D      1.000**       3.473
   102 Y      1.000**       3.473
   103 K      1.000**       3.473
   104 I      1.000**       3.473
   105 K      1.000**       3.473
   106 C      1.000**       3.473
   107 P      1.000**       3.473
   108 F      1.000**       3.473
   109 T      1.000**       3.473
   110 Q      1.000**       3.473
   111 R      1.000**       3.473
   112 K      1.000**       3.473
   113 S      1.000**       3.473


lnL =  -499.823916

Bayes Empirical Bayes (BEB) probabilities for 3 classes (class) & postmean_w
(amino acids refer to 1st sequence: stm.13448)

   1 M   0.27903 0.30508 0.41588 ( 3)  3.082 +-  3.081
   2 L   0.25973 0.28793 0.45234 ( 3)  3.334 +-  3.183
   3 K   0.27695 0.30314 0.41990 ( 3)  3.111 +-  3.094
   4 T   0.27474 0.30129 0.42397 ( 3)  3.138 +-  3.105
   5 V   0.27379 0.30046 0.42576 ( 3)  3.150 +-  3.111
   6 F   0.27882 0.30483 0.41635 ( 3)  3.086 +-  3.083
   7 L   0.04666 0.09691 0.85643 ( 3)  6.060 +-  2.946
   8 K   0.27695 0.30314 0.41990 ( 3)  3.111 +-  3.094
   9 H   0.28043 0.30626 0.41332 ( 3)  3.065 +-  3.073
  10 I   0.26055 0.28865 0.45080 ( 3)  3.324 +-  3.179
  11 Q   0.26614 0.29368 0.44019 ( 3)  3.250 +-  3.151
  12 L   0.25803 0.28639 0.45558 ( 3)  3.357 +-  3.191
  13 I   0.27821 0.30424 0.41755 ( 3)  3.095 +-  3.087
  14 K   0.27695 0.30314 0.41990 ( 3)  3.111 +-  3.094
  15 F   0.26201 0.28998 0.44801 ( 3)  3.304 +-  3.172
  16 T   0.27474 0.30129 0.42397 ( 3)  3.138 +-  3.105
  17 N   0.28350 0.30879 0.40771 ( 3)  3.027 +-  3.057
  18 T   0.25931 0.28754 0.45315 ( 3)  3.340 +-  3.185
  19 V   0.27379 0.30046 0.42576 ( 3)  3.150 +-  3.111
  20 R   0.26336 0.29120 0.44545 ( 3)  3.286 +-  3.165
  21 K   0.26630 0.29382 0.43988 ( 3)  3.248 +-  3.150
  22 L   0.25803 0.28639 0.45558 ( 3)  3.357 +-  3.191
  23 K   0.27695 0.30314 0.41990 ( 3)  3.111 +-  3.094
  24 L   0.25556 0.28414 0.46030 ( 3)  3.390 +-  3.203
  25 N   0.28350 0.30879 0.40771 ( 3)  3.027 +-  3.057
  26 W   0.25590 0.28445 0.45965 ( 3)  3.385 +-  3.201
  27 N   0.28350 0.30879 0.40771 ( 3)  3.027 +-  3.057
  28 Y   0.25832 0.28664 0.45505 ( 3)  3.353 +-  3.190
  29 R   0.27622 0.30262 0.42117 ( 3)  3.118 +-  3.097
  30 L   0.25973 0.28793 0.45234 ( 3)  3.334 +-  3.183
  31 Q   0.26614 0.29368 0.44019 ( 3)  3.250 +-  3.151
  32 P   0.27075 0.29779 0.43146 ( 3)  3.189 +-  3.127
  33 S   0.26573 0.29330 0.44097 ( 3)  3.255 +-  3.153
  34 S   0.26573 0.29330 0.44097 ( 3)  3.255 +-  3.153
  35 N   0.28350 0.30879 0.40771 ( 3)  3.027 +-  3.057
  36 E   0.27613 0.30250 0.42137 ( 3)  3.120 +-  3.098
  37 L   0.25973 0.28793 0.45234 ( 3)  3.334 +-  3.183
  38 Q   0.26614 0.29368 0.44019 ( 3)  3.250 +-  3.151
  39 N   0.28350 0.30879 0.40771 ( 3)  3.027 +-  3.057
  40 T   0.25931 0.28754 0.45315 ( 3)  3.340 +-  3.185
  41 N   0.28350 0.30879 0.40771 ( 3)  3.027 +-  3.057
  42 N   0.28350 0.30879 0.40771 ( 3)  3.027 +-  3.057
  43 M   0.27903 0.30508 0.41588 ( 3)  3.082 +-  3.081
  44 K   0.27695 0.30314 0.41990 ( 3)  3.111 +-  3.094
  45 E   0.27613 0.30250 0.42137 ( 3)  3.120 +-  3.098
  46 E   0.27613 0.30250 0.42137 ( 3)  3.120 +-  3.098
  47 L   0.26515 0.29277 0.44207 ( 3)  3.263 +-  3.156
  48 E   0.05420 0.11121 0.83459 ( 3)  5.907 +-  3.013
  49 A   0.27213 0.29902 0.42886 ( 3)  3.171 +-  3.119
  50 P   0.26747 0.29488 0.43765 ( 3)  3.232 +-  3.144
  51 I   0.27894 0.30486 0.41620 ( 3)  3.085 +-  3.083
  52 K   0.27695 0.30314 0.41990 ( 3)  3.111 +-  3.094
  53 I   0.27894 0.30486 0.41620 ( 3)  3.085 +-  3.083
  54 C   0.27435 0.30098 0.42467 ( 3)  3.143 +-  3.107
  55 D   0.28377 0.30916 0.40708 ( 3)  3.022 +-  3.054
  56 D   0.04930 0.10196 0.84874 ( 3)  6.006 +-  2.970
  57 I   0.27894 0.30486 0.41620 ( 3)  3.085 +-  3.083
  58 Q   0.26614 0.29368 0.44019 ( 3)  3.250 +-  3.151
  59 R   0.05199 0.10704 0.84098 ( 3)  5.952 +-  2.994
  60 Q   0.25920 0.28744 0.45336 ( 3)  3.341 +-  3.186
  61 F   0.27882 0.30483 0.41635 ( 3)  3.086 +-  3.083
  62 T   0.27474 0.30129 0.42397 ( 3)  3.138 +-  3.105
  63 D   0.28377 0.30916 0.40708 ( 3)  3.022 +-  3.054
  64 L   0.26249 0.29040 0.44711 ( 3)  3.298 +-  3.170
  65 L   0.26515 0.29277 0.44207 ( 3)  3.263 +-  3.156
  66 G   0.04925 0.10184 0.84891 ( 3)  6.007 +-  2.970
  67 L   0.25973 0.28793 0.45234 ( 3)  3.334 +-  3.183
  68 I   0.27894 0.30486 0.41620 ( 3)  3.085 +-  3.083
  69 K   0.05420 0.11121 0.83459 ( 3)  5.907 +-  3.013
  70 Y   0.27585 0.30220 0.42194 ( 3)  3.125 +-  3.100
  71 G   0.25763 0.28602 0.45635 ( 3)  3.362 +-  3.193
  72 E   0.27613 0.30250 0.42137 ( 3)  3.120 +-  3.098
  73 S   0.27383 0.30051 0.42566 ( 3)  3.149 +-  3.110
  74 P   0.27075 0.29779 0.43146 ( 3)  3.189 +-  3.127
  75 P   0.27075 0.29779 0.43146 ( 3)  3.189 +-  3.127
  76 D   0.28377 0.30916 0.40708 ( 3)  3.022 +-  3.054
  77 F   0.05233 0.10768 0.83999 ( 3)  5.945 +-  2.997
  78 N   0.26558 0.29318 0.44124 ( 3)  3.257 +-  3.154
  79 Y   0.27585 0.30220 0.42194 ( 3)  3.125 +-  3.100
  80 P   0.05254 0.10809 0.83937 ( 3)  5.940 +-  2.999
  81 F   0.27882 0.30483 0.41635 ( 3)  3.086 +-  3.083
  82 L   0.05407 0.11097 0.83497 ( 3)  5.909 +-  3.011
  83 G   0.27063 0.29770 0.43167 ( 3)  3.191 +-  3.127
  84 D   0.26957 0.29620 0.43423 ( 3)  3.213 +-  3.140
  85 N   0.05224 0.10751 0.84024 ( 3)  5.947 +-  2.996
  86 V   0.27815 0.30427 0.41758 ( 3)  3.094 +-  3.086
  87 D   0.28377 0.30916 0.40708 ( 3)  3.022 +-  3.054
  88 R   0.25622 0.28475 0.45903 ( 3)  3.381 +-  3.200
  89 G   0.05082 0.10484 0.84433 ( 3)  5.975 +-  2.984
  90 K   0.27695 0.30314 0.41990 ( 3)  3.111 +-  3.094
  91 F   0.27882 0.30483 0.41635 ( 3)  3.086 +-  3.083
  92 S   0.27383 0.30051 0.42566 ( 3)  3.149 +-  3.110
  93 L   0.25803 0.28639 0.45558 ( 3)  3.357 +-  3.191
  94 G   0.26630 0.29383 0.43987 ( 3)  3.248 +-  3.150
  95 T   0.25931 0.28754 0.45315 ( 3)  3.340 +-  3.185
  96 I   0.27894 0.30486 0.41620 ( 3)  3.085 +-  3.083
  97 C   0.27435 0.30098 0.42467 ( 3)  3.143 +-  3.107
  98 L   0.25973 0.28793 0.45234 ( 3)  3.334 +-  3.183
  99 L   0.26515 0.29277 0.44207 ( 3)  3.263 +-  3.156
 100 L   0.25973 0.28793 0.45234 ( 3)  3.334 +-  3.183
 101 D   0.05268 0.10833 0.83900 ( 3)  5.938 +-  3.000
 102 Y   0.27585 0.30220 0.42194 ( 3)  3.125 +-  3.100
 103 K   0.27695 0.30314 0.41990 ( 3)  3.111 +-  3.094
 104 I   0.27894 0.30486 0.41620 ( 3)  3.085 +-  3.083
 105 K   0.27695 0.30314 0.41990 ( 3)  3.111 +-  3.094
 106 C   0.27435 0.30098 0.42467 ( 3)  3.143 +-  3.107
 107 P   0.27075 0.29779 0.43146 ( 3)  3.189 +-  3.127
 108 F   0.27882 0.30483 0.41635 ( 3)  3.086 +-  3.083
 109 T   0.27926 0.30523 0.41551 ( 3)  3.080 +-  3.080
 110 Q   0.25920 0.28744 0.45336 ( 3)  3.341 +-  3.186
 111 R   0.26336 0.29120 0.44545 ( 3)  3.286 +-  3.165
 112 K   0.27695 0.30314 0.41990 ( 3)  3.111 +-  3.094
 113 S   0.26573 0.29330 0.44097 ( 3)  3.255 +-  3.153

Positively selected sites

	Prob(w>1)  mean w

     7 L      0.856         6.060 +- 2.946
    48 E      0.835         5.907 +- 3.013
    56 D      0.849         6.006 +- 2.970
    59 R      0.841         5.952 +- 2.994
    66 G      0.849         6.007 +- 2.970
    69 K      0.835         5.907 +- 3.013
    77 F      0.840         5.945 +- 2.997
    80 P      0.839         5.940 +- 2.999
    82 L      0.835         5.909 +- 3.011
    85 N      0.840         5.947 +- 2.996
    89 G      0.844         5.975 +- 2.984
   101 D      0.839         5.938 +- 3.000

