Supplemental results for CODEML (seqf: algn  treef: tree)


dN/dS (w) for site classes (K=3)

p:   0.98302  0.00000  0.01698
w:   0.00000  1.00000 14.15990

Naive Empirical Bayes (NEB) probabilities for 3 classes & postmean_w & P(w>1)
(amino acids refer to 1st sequence: Msl.12403)

   1 M   0.99843 0.00000 0.00157 ( 1)  0.022  0.002
   2 S   0.99421 0.00000 0.00579 ( 1)  0.082  0.006
   3 S   0.99768 0.00000 0.00232 ( 1)  0.033  0.002
   4 S   0.99768 0.00000 0.00232 ( 1)  0.033  0.002
   5 N   0.99487 0.00000 0.00513 ( 1)  0.073  0.005
   6 G   0.99696 0.00000 0.00304 ( 1)  0.043  0.003
   7 S   0.99176 0.00000 0.00824 ( 1)  0.117  0.008
   8 P   0.99310 0.00000 0.00690 ( 1)  0.098  0.007
   9 E   0.99729 0.00000 0.00271 ( 1)  0.038  0.003
  10 Q   0.99645 0.00000 0.00355 ( 1)  0.050  0.004
  11 P   0.99460 0.00000 0.00540 ( 1)  0.077  0.005
  12 P   0.99498 0.00000 0.00502 ( 1)  0.071  0.005
  13 A   0.99738 0.00000 0.00262 ( 1)  0.037  0.003
  14 W   0.99562 0.00000 0.00438 ( 1)  0.062  0.004
  15 W   0.99562 0.00000 0.00438 ( 1)  0.062  0.004
  16 L   0.99512 0.00000 0.00488 ( 1)  0.069  0.005
  17 W   0.99562 0.00000 0.00438 ( 1)  0.062  0.004
  18 L   0.99512 0.00000 0.00488 ( 1)  0.069  0.005
  19 R   0.99452 0.00000 0.00548 ( 1)  0.078  0.005
  20 D   0.99530 0.00000 0.00470 ( 1)  0.067  0.005
  21 P   0.99498 0.00000 0.00502 ( 1)  0.071  0.005
  22 Y   0.99743 0.00000 0.00257 ( 1)  0.036  0.003
  23 P   0.99743 0.00000 0.00257 ( 1)  0.036  0.003
  24 W   0.99562 0.00000 0.00438 ( 1)  0.062  0.004
  25 H   0.99790 0.00000 0.00210 ( 1)  0.030  0.002
  26 K   0.99713 0.00000 0.00287 ( 1)  0.041  0.003
  27 F   0.99828 0.00000 0.00172 ( 1)  0.024  0.002
  28 K   0.99343 0.00000 0.00657 ( 1)  0.093  0.007
  29 A   0.99771 0.00000 0.00229 ( 1)  0.032  0.002
  30 V   0.99292 0.00000 0.00708 ( 1)  0.100  0.007
  31 V   0.99714 0.00000 0.00286 ( 1)  0.041  0.003
  32 P   0.99743 0.00000 0.00257 ( 1)  0.036  0.003
  33 G   0.99734 0.00000 0.00266 ( 1)  0.038  0.003
  34 V   0.99714 0.00000 0.00286 ( 1)  0.041  0.003
  35 S   0.99421 0.00000 0.00579 ( 1)  0.082  0.006
  36 R   0.99673 0.00000 0.00327 ( 1)  0.046  0.003
  37 P   0.99460 0.00000 0.00540 ( 1)  0.077  0.005
  38 Q   0.99319 0.00000 0.00681 ( 1)  0.096  0.007
  39 L   0.99512 0.00000 0.00488 ( 1)  0.069  0.005
  40 S   0.99685 0.00000 0.00315 ( 1)  0.045  0.003
  41 D   0.99781 0.00000 0.00219 ( 1)  0.031  0.002
  42 L   0.99512 0.00000 0.00488 ( 1)  0.069  0.005
  43 W   0.99562 0.00000 0.00438 ( 1)  0.062  0.004
  44 F   0.99828 0.00000 0.00172 ( 1)  0.024  0.002
  45 Y   0.99743 0.00000 0.00257 ( 1)  0.036  0.003
  46 G   0.99193 0.00000 0.00807 ( 1)  0.114  0.008
  47 V   0.99714 0.00000 0.00286 ( 1)  0.041  0.003
  48 L   0.99512 0.00000 0.00488 ( 1)  0.069  0.005
  49 C   0.99758 0.00000 0.00242 ( 1)  0.034  0.002
  50 T   0.99748 0.00000 0.00252 ( 1)  0.036  0.003
  51 I   0.99547 0.00000 0.00453 ( 1)  0.064  0.005
  52 L   0.99512 0.00000 0.00488 ( 1)  0.069  0.005
  53 M   0.99843 0.00000 0.00157 ( 1)  0.022  0.002
  54 L   0.99451 0.00000 0.00549 ( 1)  0.078  0.005
  55 L   0.99753 0.00000 0.00247 ( 1)  0.035  0.002
  56 L   0.99753 0.00000 0.00247 ( 1)  0.035  0.002
  57 R   0.99051 0.00000 0.00949 ( 1)  0.134  0.009
  58 G   0.99734 0.00000 0.00266 ( 1)  0.038  0.003
  59 L   0.00001 0.00000 0.99999 ( 3) 14.160  1.000
  60 L   0.99512 0.00000 0.00488 ( 1)  0.069  0.005
  61 H   0.99790 0.00000 0.00210 ( 1)  0.030  0.002
  62 Y   0.99743 0.00000 0.00257 ( 1)  0.036  0.003
  63 S   0.99432 0.00000 0.00568 ( 1)  0.080  0.006
  64 L   0.99530 0.00000 0.00470 ( 1)  0.067  0.005
  65 L   0.99451 0.00000 0.00549 ( 1)  0.078  0.005
  66 K   0.99713 0.00000 0.00287 ( 1)  0.041  0.003
  67 P   0.99310 0.00000 0.00690 ( 1)  0.098  0.007
  68 L   0.99451 0.00000 0.00549 ( 1)  0.078  0.005
  69 G   0.99193 0.00000 0.00807 ( 1)  0.114  0.008
  70 Q   0.99645 0.00000 0.00355 ( 1)  0.050  0.004
  71 R   0.99747 0.00000 0.00253 ( 1)  0.036  0.003
  72 L   0.99530 0.00000 0.00470 ( 1)  0.067  0.005
  73 K   0.99343 0.00000 0.00657 ( 1)  0.093  0.007
  74 L   0.99512 0.00000 0.00488 ( 1)  0.069  0.005
  75 S   0.99768 0.00000 0.00232 ( 1)  0.033  0.002
  76 D   0.99530 0.00000 0.00470 ( 1)  0.067  0.005
  77 R   0.99747 0.00000 0.00253 ( 1)  0.036  0.003
  78 R   0.99747 0.00000 0.00253 ( 1)  0.036  0.003
  79 V   0.99741 0.00000 0.00259 ( 1)  0.037  0.003
  80 R   0.99747 0.00000 0.00253 ( 1)  0.036  0.003
  81 L   0.99530 0.00000 0.00470 ( 1)  0.067  0.005
  82 P   0.99743 0.00000 0.00257 ( 1)  0.036  0.003
  83 G   0.99734 0.00000 0.00266 ( 1)  0.038  0.003
  84 W   0.99562 0.00000 0.00438 ( 1)  0.062  0.004
  85 F   0.99828 0.00000 0.00172 ( 1)  0.024  0.002
  86 N   0.00000 0.00000 1.00000 ( 3) 14.160  1.000
  87 A   0.99441 0.00000 0.00559 ( 1)  0.079  0.006
  88 R   0.99051 0.00000 0.00949 ( 1)  0.134  0.009
  89 T   0.99712 0.00000 0.00288 ( 1)  0.041  0.003
  90 R   0.99051 0.00000 0.00949 ( 1)  0.134  0.009
  91 L   0.99451 0.00000 0.00549 ( 1)  0.078  0.005
  92 L   0.99512 0.00000 0.00488 ( 1)  0.069  0.005
  93 E   0.99409 0.00000 0.00591 ( 1)  0.084  0.006
  94 P   0.99743 0.00000 0.00257 ( 1)  0.036  0.003
  95 L   0.99530 0.00000 0.00470 ( 1)  0.067  0.005
  96 L   0.99512 0.00000 0.00488 ( 1)  0.069  0.005
  97 G   0.99734 0.00000 0.00266 ( 1)  0.038  0.003
  98 H   0.99547 0.00000 0.00453 ( 1)  0.064  0.005
  99 R   0.99051 0.00000 0.00949 ( 1)  0.134  0.009
 100 R   0.99674 0.00000 0.00326 ( 1)  0.046  0.003
 101 R   0.99747 0.00000 0.00253 ( 1)  0.036  0.003
 102 L   0.99512 0.00000 0.00488 ( 1)  0.069  0.005
 103 A   0.99293 0.00000 0.00707 ( 1)  0.100  0.007
 104 S   0.00001 0.00000 0.99999 ( 3) 14.160  1.000
 105 A   0.99771 0.00000 0.00229 ( 1)  0.032  0.002
 106 E   0.99729 0.00000 0.00271 ( 1)  0.038  0.003
 107 L   0.99389 0.00000 0.00611 ( 1)  0.086  0.006
 108 K   0.99713 0.00000 0.00287 ( 1)  0.041  0.003
 109 E   0.99729 0.00000 0.00271 ( 1)  0.038  0.003
 110 L   0.99550 0.00000 0.00450 ( 1)  0.064  0.005
 111 A   0.99441 0.00000 0.00559 ( 1)  0.079  0.006
 112 R   0.99674 0.00000 0.00326 ( 1)  0.046  0.003
 113 T   0.99712 0.00000 0.00288 ( 1)  0.041  0.003
 114 A   0.99441 0.00000 0.00559 ( 1)  0.079  0.006
 115 N   0.99776 0.00000 0.00224 ( 1)  0.032  0.002
 116 V   0.99741 0.00000 0.00259 ( 1)  0.037  0.003
 117 S   0.99749 0.00000 0.00251 ( 1)  0.036  0.003
 118 E   0.99729 0.00000 0.00271 ( 1)  0.038  0.003
 119 R   0.99233 0.00000 0.00767 ( 1)  0.109  0.008
 120 S   0.99768 0.00000 0.00232 ( 1)  0.033  0.002
 121 V   0.99292 0.00000 0.00708 ( 1)  0.100  0.007
 122 E   0.99409 0.00000 0.00591 ( 1)  0.084  0.006
 123 N   0.99614 0.00000 0.00386 ( 1)  0.055  0.004
 124 W   0.99562 0.00000 0.00438 ( 1)  0.062  0.004
 125 L   0.99451 0.00000 0.00549 ( 1)  0.078  0.005
 126 R   0.99673 0.00000 0.00327 ( 1)  0.046  0.003
 127 L   0.99530 0.00000 0.00470 ( 1)  0.067  0.005
 128 R   0.99051 0.00000 0.00949 ( 1)  0.134  0.009
 129 R   0.99674 0.00000 0.00326 ( 1)  0.046  0.003
 130 N   0.99487 0.00000 0.00513 ( 1)  0.073  0.005
 131 R   0.99747 0.00000 0.00253 ( 1)  0.036  0.003
 132 D   0.99781 0.00000 0.00219 ( 1)  0.031  0.002
 133 K   0.99343 0.00000 0.00657 ( 1)  0.093  0.007
 134 P   0.99743 0.00000 0.00257 ( 1)  0.036  0.003
 135 T   0.99388 0.00000 0.00612 ( 1)  0.087  0.006
 136 Q   0.99573 0.00000 0.00427 ( 1)  0.060  0.004
 137 L   0.99530 0.00000 0.00470 ( 1)  0.067  0.005
 138 A   0.99441 0.00000 0.00559 ( 1)  0.079  0.006
 139 R   0.99051 0.00000 0.00949 ( 1)  0.134  0.009
 140 F   0.99828 0.00000 0.00172 ( 1)  0.024  0.002
 141 T   0.99748 0.00000 0.00252 ( 1)  0.036  0.003
 142 E   0.99729 0.00000 0.00271 ( 1)  0.038  0.003
 143 C   0.99758 0.00000 0.00242 ( 1)  0.034  0.002
 144 S   0.99749 0.00000 0.00251 ( 1)  0.036  0.003
 145 W   0.99562 0.00000 0.00438 ( 1)  0.062  0.004
 146 Y   0.99743 0.00000 0.00257 ( 1)  0.036  0.003
 147 L   0.99753 0.00000 0.00247 ( 1)  0.035  0.002
 148 I   0.99809 0.00000 0.00191 ( 1)  0.027  0.002
 149 Y   0.99743 0.00000 0.00257 ( 1)  0.036  0.003
 150 Y   0.99743 0.00000 0.00257 ( 1)  0.036  0.003
 151 T   0.99748 0.00000 0.00252 ( 1)  0.036  0.003
 152 V   0.99714 0.00000 0.00286 ( 1)  0.041  0.003
 153 F   0.99828 0.00000 0.00172 ( 1)  0.024  0.002
 154 V   0.99741 0.00000 0.00259 ( 1)  0.037  0.003
 155 T   0.99748 0.00000 0.00252 ( 1)  0.036  0.003
 156 Y   0.99542 0.00000 0.00458 ( 1)  0.065  0.005
 157 G   0.99734 0.00000 0.00266 ( 1)  0.038  0.003
 158 L   0.99753 0.00000 0.00247 ( 1)  0.035  0.002
 159 V   0.99714 0.00000 0.00286 ( 1)  0.041  0.003
 160 L   0.99512 0.00000 0.00488 ( 1)  0.069  0.005
 161 Q   0.99645 0.00000 0.00355 ( 1)  0.050  0.004
 162 W   0.99562 0.00000 0.00438 ( 1)  0.062  0.004
 163 N   0.99614 0.00000 0.00386 ( 1)  0.055  0.004
 164 E   0.99729 0.00000 0.00271 ( 1)  0.038  0.003
 165 P   0.99743 0.00000 0.00257 ( 1)  0.036  0.003
 166 H   0.99790 0.00000 0.00210 ( 1)  0.030  0.002
 167 F   0.99681 0.00000 0.00319 ( 1)  0.045  0.003
 168 W   0.99562 0.00000 0.00438 ( 1)  0.062  0.004
 169 D   0.99781 0.00000 0.00219 ( 1)  0.031  0.002
 170 S   0.99749 0.00000 0.00251 ( 1)  0.036  0.003
 171 R   0.99747 0.00000 0.00253 ( 1)  0.036  0.003
 172 H   0.99790 0.00000 0.00210 ( 1)  0.030  0.002
 173 L   0.99512 0.00000 0.00488 ( 1)  0.069  0.005
 174 W   0.99562 0.00000 0.00438 ( 1)  0.062  0.004
 175 L   0.99587 0.00000 0.00413 ( 1)  0.058  0.004
 176 D   0.99781 0.00000 0.00219 ( 1)  0.031  0.002
 177 W   0.99562 0.00000 0.00438 ( 1)  0.062  0.004
 178 P   0.99743 0.00000 0.00257 ( 1)  0.036  0.003
 179 Q   0.99645 0.00000 0.00355 ( 1)  0.050  0.004
 180 H   0.99790 0.00000 0.00210 ( 1)  0.030  0.002
 181 H   0.99547 0.00000 0.00453 ( 1)  0.064  0.005
 182 L   0.99753 0.00000 0.00247 ( 1)  0.035  0.002
 183 S   0.99749 0.00000 0.00251 ( 1)  0.036  0.003
 184 R   0.99051 0.00000 0.00949 ( 1)  0.134  0.009
 185 A   0.99738 0.00000 0.00262 ( 1)  0.037  0.003
 186 A   0.99771 0.00000 0.00229 ( 1)  0.032  0.002
 187 F   0.99828 0.00000 0.00172 ( 1)  0.024  0.002
 188 W   0.99562 0.00000 0.00438 ( 1)  0.062  0.004
 189 Y   0.99743 0.00000 0.00257 ( 1)  0.036  0.003
 190 Y   0.99743 0.00000 0.00257 ( 1)  0.036  0.003
 191 M   0.99843 0.00000 0.00157 ( 1)  0.022  0.002
 192 L   0.99753 0.00000 0.00247 ( 1)  0.035  0.002
 193 E   0.99409 0.00000 0.00591 ( 1)  0.084  0.006
 194 L   0.99512 0.00000 0.00488 ( 1)  0.069  0.005
 195 G   0.99734 0.00000 0.00266 ( 1)  0.038  0.003
 196 F   0.99828 0.00000 0.00172 ( 1)  0.024  0.002
 197 Y   0.99743 0.00000 0.00257 ( 1)  0.036  0.003
 198 A   0.99441 0.00000 0.00559 ( 1)  0.079  0.006
 199 S   0.99768 0.00000 0.00232 ( 1)  0.033  0.002
 200 S   0.99768 0.00000 0.00232 ( 1)  0.033  0.002
 201 L   0.99059 0.00000 0.00941 ( 1)  0.133  0.009
 202 I   0.99809 0.00000 0.00191 ( 1)  0.027  0.002
 203 T   0.99388 0.00000 0.00612 ( 1)  0.087  0.006
 204 L   0.99512 0.00000 0.00488 ( 1)  0.069  0.005
 205 T   0.99238 0.00000 0.00762 ( 1)  0.108  0.008
 206 A   0.99771 0.00000 0.00229 ( 1)  0.032  0.002
 207 D   0.99530 0.00000 0.00470 ( 1)  0.067  0.005
 208 I   0.99809 0.00000 0.00191 ( 1)  0.027  0.002
 209 R   0.00001 0.00000 0.99999 ( 3) 14.160  1.000
 210 R   0.99051 0.00000 0.00949 ( 1)  0.134  0.009
 211 K   0.99347 0.00000 0.00653 ( 1)  0.092  0.007
 212 D   0.99526 0.00000 0.00474 ( 1)  0.067  0.005
 213 F   0.99828 0.00000 0.00172 ( 1)  0.024  0.002
 214 Y   0.99743 0.00000 0.00257 ( 1)  0.036  0.003
 215 E   0.99668 0.00000 0.00332 ( 1)  0.047  0.003
 216 L   0.99458 0.00000 0.00542 ( 1)  0.077  0.005
 217 T   0.99238 0.00000 0.00762 ( 1)  0.108  0.008
 218 A   0.99441 0.00000 0.00559 ( 1)  0.079  0.006
 219 H   0.99547 0.00000 0.00453 ( 1)  0.064  0.005
 220 H   0.99547 0.00000 0.00453 ( 1)  0.064  0.005
 221 L   0.99512 0.00000 0.00488 ( 1)  0.069  0.005
 222 V   0.99430 0.00000 0.00570 ( 1)  0.081  0.006
 223 T   0.99238 0.00000 0.00762 ( 1)  0.108  0.008
 224 I   0.99547 0.00000 0.00453 ( 1)  0.064  0.005
 225 G   0.99383 0.00000 0.00617 ( 1)  0.087  0.006
 226 L   0.99530 0.00000 0.00470 ( 1)  0.067  0.005
 227 I   0.99809 0.00000 0.00191 ( 1)  0.027  0.002
 228 L   0.99530 0.00000 0.00470 ( 1)  0.067  0.005
 229 L   0.99512 0.00000 0.00488 ( 1)  0.069  0.005
 230 S   0.99685 0.00000 0.00315 ( 1)  0.045  0.003
 231 W   0.99562 0.00000 0.00438 ( 1)  0.062  0.004
 232 A   0.99738 0.00000 0.00262 ( 1)  0.037  0.003
 233 F   0.99828 0.00000 0.00172 ( 1)  0.024  0.002
 234 N   0.99776 0.00000 0.00224 ( 1)  0.032  0.002
 235 F   0.99828 0.00000 0.00172 ( 1)  0.024  0.002
 236 T   0.99748 0.00000 0.00252 ( 1)  0.036  0.003
 237 R   0.99674 0.00000 0.00326 ( 1)  0.046  0.003
 238 V   0.99430 0.00000 0.00570 ( 1)  0.081  0.006
 239 G   0.99734 0.00000 0.00266 ( 1)  0.038  0.003
 240 L   0.99451 0.00000 0.00549 ( 1)  0.078  0.005
 241 L   0.99184 0.00000 0.00816 ( 1)  0.116  0.008
 242 T   0.99329 0.00000 0.00671 ( 1)  0.095  0.007
 243 L   0.99753 0.00000 0.00247 ( 1)  0.035  0.002
 244 V   0.99741 0.00000 0.00259 ( 1)  0.037  0.003
 245 I   0.99547 0.00000 0.00453 ( 1)  0.064  0.005
 246 H   0.99547 0.00000 0.00453 ( 1)  0.064  0.005
 247 D   0.99781 0.00000 0.00219 ( 1)  0.031  0.002
 248 A   0.99771 0.00000 0.00229 ( 1)  0.032  0.002
 249 V   0.99292 0.00000 0.00708 ( 1)  0.100  0.007
 250 D   0.99530 0.00000 0.00470 ( 1)  0.067  0.005
 251 P   0.99783 0.00000 0.00217 ( 1)  0.031  0.002
 252 L   0.99646 0.00000 0.00354 ( 1)  0.050  0.004
 253 L   0.99512 0.00000 0.00488 ( 1)  0.069  0.005
 254 S   0.99685 0.00000 0.00315 ( 1)  0.045  0.003
 255 F   0.99603 0.00000 0.00397 ( 1)  0.056  0.004
 256 G   0.99734 0.00000 0.00266 ( 1)  0.038  0.003
 257 K   0.99713 0.00000 0.00287 ( 1)  0.041  0.003
 258 L   0.99512 0.00000 0.00488 ( 1)  0.069  0.005
 259 A   0.99293 0.00000 0.00707 ( 1)  0.100  0.007
 260 K   0.99343 0.00000 0.00657 ( 1)  0.093  0.007
 261 Y   0.99743 0.00000 0.00257 ( 1)  0.036  0.003
 262 L   0.99512 0.00000 0.00488 ( 1)  0.069  0.005
 263 G   0.99383 0.00000 0.00617 ( 1)  0.087  0.006
 264 A   0.99441 0.00000 0.00559 ( 1)  0.079  0.006
 265 Q   0.99645 0.00000 0.00355 ( 1)  0.050  0.004
 266 K   0.99343 0.00000 0.00657 ( 1)  0.093  0.007
 267 L   0.99530 0.00000 0.00470 ( 1)  0.067  0.005
 268 S   0.99749 0.00000 0.00251 ( 1)  0.036  0.003
 269 D   0.99781 0.00000 0.00219 ( 1)  0.031  0.002
 270 A   0.99771 0.00000 0.00229 ( 1)  0.032  0.002
 271 T   0.99388 0.00000 0.00612 ( 1)  0.087  0.006
 272 F   0.99828 0.00000 0.00172 ( 1)  0.024  0.002
 273 G   0.99734 0.00000 0.00266 ( 1)  0.038  0.003
 274 V   0.99714 0.00000 0.00286 ( 1)  0.041  0.003
 275 F   0.99603 0.00000 0.00397 ( 1)  0.056  0.004
 276 L   0.99753 0.00000 0.00247 ( 1)  0.035  0.002
 277 I   0.99809 0.00000 0.00191 ( 1)  0.027  0.002
 278 V   0.99741 0.00000 0.00259 ( 1)  0.037  0.003
 279 W   0.99562 0.00000 0.00438 ( 1)  0.062  0.004
 280 V   0.99741 0.00000 0.00259 ( 1)  0.037  0.003
 281 L   0.99512 0.00000 0.00488 ( 1)  0.069  0.005
 282 S   0.99421 0.00000 0.00579 ( 1)  0.082  0.006
 283 R   0.99674 0.00000 0.00326 ( 1)  0.046  0.003
 284 L   0.99059 0.00000 0.00941 ( 1)  0.133  0.009
 285 V   0.99292 0.00000 0.00708 ( 1)  0.100  0.007
 286 A   0.99441 0.00000 0.00559 ( 1)  0.079  0.006
 287 L   0.99059 0.00000 0.00941 ( 1)  0.133  0.009
 288 P   0.99310 0.00000 0.00690 ( 1)  0.098  0.007
 289 I   0.99809 0.00000 0.00191 ( 1)  0.027  0.002
 290 R   0.99051 0.00000 0.00949 ( 1)  0.134  0.009
 291 V   0.99292 0.00000 0.00708 ( 1)  0.100  0.007
 292 V   0.99714 0.00000 0.00286 ( 1)  0.041  0.003
 293 Y   0.99743 0.00000 0.00257 ( 1)  0.036  0.003
 294 S   0.99176 0.00000 0.00824 ( 1)  0.117  0.008
 295 V   0.99714 0.00000 0.00286 ( 1)  0.041  0.003
 296 Y   0.99743 0.00000 0.00257 ( 1)  0.036  0.003
 297 A   0.99771 0.00000 0.00229 ( 1)  0.032  0.002
 298 H   0.99790 0.00000 0.00210 ( 1)  0.030  0.002
 299 S   0.99432 0.00000 0.00568 ( 1)  0.080  0.006
 300 L   0.99059 0.00000 0.00941 ( 1)  0.133  0.009
 301 P   0.99310 0.00000 0.00690 ( 1)  0.098  0.007
 302 A   0.99738 0.00000 0.00262 ( 1)  0.037  0.003
 303 L   0.99512 0.00000 0.00488 ( 1)  0.069  0.005
 304 E   0.99729 0.00000 0.00271 ( 1)  0.038  0.003
 305 I   0.99547 0.00000 0.00453 ( 1)  0.064  0.005
 306 P   0.99310 0.00000 0.00690 ( 1)  0.098  0.007
 307 P   0.99783 0.00000 0.00217 ( 1)  0.031  0.002
 308 C   0.99439 0.00000 0.00561 ( 1)  0.079  0.006
 309 L   0.99451 0.00000 0.00549 ( 1)  0.078  0.005
 310 V   0.99741 0.00000 0.00259 ( 1)  0.037  0.003
 311 Y   0.99743 0.00000 0.00257 ( 1)  0.036  0.003
 312 Y   0.99718 0.00000 0.00282 ( 1)  0.040  0.003
 313 M   0.99843 0.00000 0.00157 ( 1)  0.022  0.002
 314 F   0.99828 0.00000 0.00172 ( 1)  0.024  0.002
 315 V   0.99430 0.00000 0.00570 ( 1)  0.081  0.006
 316 G   0.99734 0.00000 0.00266 ( 1)  0.038  0.003
 317 M   0.99843 0.00000 0.00157 ( 1)  0.022  0.002
 318 F   0.99603 0.00000 0.00397 ( 1)  0.056  0.004
 319 V   0.99714 0.00000 0.00286 ( 1)  0.041  0.003
 320 L   0.99512 0.00000 0.00488 ( 1)  0.069  0.005
 321 L   0.99512 0.00000 0.00488 ( 1)  0.069  0.005
 322 Q   0.99645 0.00000 0.00355 ( 1)  0.050  0.004
 323 V   0.99714 0.00000 0.00286 ( 1)  0.041  0.003
 324 L   0.99530 0.00000 0.00470 ( 1)  0.067  0.005
 325 H   0.99790 0.00000 0.00210 ( 1)  0.030  0.002
 326 C   0.99439 0.00000 0.00561 ( 1)  0.079  0.006
 327 V   0.99741 0.00000 0.00259 ( 1)  0.037  0.003
 328 W   0.99562 0.00000 0.00438 ( 1)  0.062  0.004
 329 T   0.99748 0.00000 0.00252 ( 1)  0.036  0.003
 330 Y   0.99743 0.00000 0.00257 ( 1)  0.036  0.003
 331 Y   0.99743 0.00000 0.00257 ( 1)  0.036  0.003
 332 I   0.99656 0.00000 0.00344 ( 1)  0.049  0.003
 333 F   0.99828 0.00000 0.00172 ( 1)  0.024  0.002
 334 R   0.99747 0.00000 0.00253 ( 1)  0.036  0.003
 335 I   0.99809 0.00000 0.00191 ( 1)  0.027  0.002
 336 V   0.99714 0.00000 0.00286 ( 1)  0.041  0.003
 337 L   0.99530 0.00000 0.00470 ( 1)  0.067  0.005
 338 Y   0.99743 0.00000 0.00257 ( 1)  0.036  0.003
 339 L   0.99512 0.00000 0.00488 ( 1)  0.069  0.005
 340 L   0.99512 0.00000 0.00488 ( 1)  0.069  0.005
 341 R   0.99452 0.00000 0.00548 ( 1)  0.078  0.005
 342 T   0.99748 0.00000 0.00252 ( 1)  0.036  0.003
 343 G   0.99734 0.00000 0.00266 ( 1)  0.038  0.003
 344 Q   0.99645 0.00000 0.00355 ( 1)  0.050  0.004
 345 T   0.99388 0.00000 0.00612 ( 1)  0.087  0.006
 346 D   0.99530 0.00000 0.00470 ( 1)  0.067  0.005
 347 G   0.99193 0.00000 0.00807 ( 1)  0.114  0.008
 348 D   0.99781 0.00000 0.00219 ( 1)  0.031  0.002
 349 I   0.99809 0.00000 0.00191 ( 1)  0.027  0.002
 350 R   0.99747 0.00000 0.00253 ( 1)  0.036  0.003
 351 S   0.99685 0.00000 0.00315 ( 1)  0.045  0.003
 352 D   0.99530 0.00000 0.00470 ( 1)  0.067  0.005
 353 S   0.99685 0.00000 0.00315 ( 1)  0.045  0.003
 354 E   0.99729 0.00000 0.00271 ( 1)  0.038  0.003
 355 M   0.99843 0.00000 0.00157 ( 1)  0.022  0.002
 356 S   0.99768 0.00000 0.00232 ( 1)  0.033  0.002
 357 D   0.99781 0.00000 0.00219 ( 1)  0.031  0.002
 358 N   0.99487 0.00000 0.00513 ( 1)  0.073  0.005
 359 N   0.99487 0.00000 0.00513 ( 1)  0.073  0.005
 360 E   0.99409 0.00000 0.00591 ( 1)  0.084  0.006
 361 V   0.99430 0.00000 0.00570 ( 1)  0.081  0.006
 362 E   0.99729 0.00000 0.00271 ( 1)  0.038  0.003
 363 D   0.99530 0.00000 0.00470 ( 1)  0.067  0.005
 364 D   0.99781 0.00000 0.00219 ( 1)  0.031  0.002
 365 D   0.99781 0.00000 0.00219 ( 1)  0.031  0.002
 366 D   0.99781 0.00000 0.00219 ( 1)  0.031  0.002
 367 L   0.99530 0.00000 0.00470 ( 1)  0.067  0.005
 368 A   0.99637 0.00000 0.00363 ( 1)  0.051  0.004
 369 D   0.99781 0.00000 0.00219 ( 1)  0.031  0.002
 370 N   0.99487 0.00000 0.00513 ( 1)  0.073  0.005
 371 N   0.99487 0.00000 0.00513 ( 1)  0.073  0.005
 372 A   0.99771 0.00000 0.00229 ( 1)  0.032  0.002
 373 A   0.99441 0.00000 0.00559 ( 1)  0.079  0.006
 374 V   0.99430 0.00000 0.00570 ( 1)  0.081  0.006
 375 S   0.99432 0.00000 0.00568 ( 1)  0.080  0.006
 376 S   0.99432 0.00000 0.00568 ( 1)  0.080  0.006
 377 N   0.99776 0.00000 0.00224 ( 1)  0.032  0.002
 378 G   0.99193 0.00000 0.00807 ( 1)  0.114  0.008
 379 K   0.99343 0.00000 0.00657 ( 1)  0.093  0.007
 380 V   0.99741 0.00000 0.00259 ( 1)  0.037  0.003
 381 V   0.00000 0.00000 1.00000 ( 3) 14.160  1.000
 382 G   0.99696 0.00000 0.00304 ( 1)  0.043  0.003
 383 K   0.99713 0.00000 0.00287 ( 1)  0.041  0.003
 384 T   0.99388 0.00000 0.00612 ( 1)  0.087  0.006
 385 D   0.99781 0.00000 0.00219 ( 1)  0.031  0.002

Positively selected sites

	Prob(w>1)  mean w

    59 L      1.000**       14.160
    86 N      1.000**       14.160
   104 S      1.000**       14.160
   209 R      1.000**       14.160
   381 V      1.000**       14.160


lnL = -1700.131595

Bayes Empirical Bayes (BEB) probabilities for 3 classes (class) & postmean_w
(amino acids refer to 1st sequence: Msl.12403)

   1 M   0.95210 0.03426 0.01364 ( 1)  0.147 +-  0.618
   2 S   0.93889 0.03796 0.02314 ( 1)  0.209 +-  0.887
   3 S   0.94815 0.03559 0.01626 ( 1)  0.163 +-  0.696
   4 S   0.94815 0.03559 0.01626 ( 1)  0.163 +-  0.696
   5 N   0.94016 0.03770 0.02214 ( 1)  0.202 +-  0.860
   6 G   0.94594 0.03620 0.01786 ( 1)  0.174 +-  0.744
   7 S   0.93478 0.03877 0.02645 ( 1)  0.231 +-  0.971
   8 P   0.93699 0.03834 0.02466 ( 1)  0.219 +-  0.926
   9 E   0.94733 0.03578 0.01690 ( 1)  0.168 +-  0.717
  10 Q   0.94446 0.03660 0.01894 ( 1)  0.181 +-  0.774
  11 P   0.93983 0.03775 0.02243 ( 1)  0.204 +-  0.869
  12 P   0.94134 0.03732 0.02134 ( 1)  0.197 +-  0.842
  13 A   0.94747 0.03575 0.01678 ( 1)  0.167 +-  0.713
  14 W   0.94190 0.03729 0.02082 ( 1)  0.193 +-  0.825
  15 W   0.94190 0.03729 0.02082 ( 1)  0.193 +-  0.825
  16 L   0.94172 0.03721 0.02107 ( 1)  0.195 +-  0.835
  17 W   0.94190 0.03729 0.02082 ( 1)  0.193 +-  0.825
  18 L   0.94172 0.03721 0.02107 ( 1)  0.195 +-  0.835
  19 R   0.94260 0.03690 0.02050 ( 1)  0.192 +-  0.826
  20 D   0.94127 0.03743 0.02130 ( 1)  0.196 +-  0.838
  21 P   0.94134 0.03732 0.02134 ( 1)  0.197 +-  0.842
  22 Y   0.94757 0.03573 0.01671 ( 1)  0.166 +-  0.710
  23 P   0.94794 0.03559 0.01646 ( 1)  0.165 +-  0.704
  24 W   0.94190 0.03729 0.02082 ( 1)  0.193 +-  0.825
  25 H   0.94989 0.03497 0.01514 ( 1)  0.157 +-  0.665
  26 K   0.94626 0.03613 0.01760 ( 1)  0.172 +-  0.735
  27 F   0.95175 0.03433 0.01392 ( 1)  0.149 +-  0.628
  28 K   0.93737 0.03829 0.02435 ( 1)  0.217 +-  0.918
  29 A   0.94879 0.03534 0.01586 ( 1)  0.161 +-  0.686
  30 V   0.93685 0.03835 0.02480 ( 1)  0.220 +-  0.931
  31 V   0.94753 0.03563 0.01684 ( 1)  0.168 +-  0.718
  32 P   0.94794 0.03559 0.01646 ( 1)  0.165 +-  0.704
  33 G   0.94723 0.03583 0.01694 ( 1)  0.168 +-  0.717
  34 V   0.94753 0.03563 0.01684 ( 1)  0.168 +-  0.718
  35 S   0.93889 0.03796 0.02314 ( 1)  0.209 +-  0.887
  36 R   0.94552 0.03629 0.01818 ( 1)  0.176 +-  0.754
  37 P   0.93983 0.03775 0.02243 ( 1)  0.204 +-  0.869
  38 Q   0.93701 0.03835 0.02463 ( 1)  0.219 +-  0.925
  39 L   0.94172 0.03721 0.02107 ( 1)  0.195 +-  0.835
  40 S   0.94552 0.03633 0.01815 ( 1)  0.176 +-  0.752
  41 D   0.94935 0.03515 0.01550 ( 1)  0.159 +-  0.675
  42 L   0.94172 0.03721 0.02107 ( 1)  0.195 +-  0.835
  43 W   0.94190 0.03729 0.02082 ( 1)  0.193 +-  0.825
  44 F   0.95175 0.03433 0.01392 ( 1)  0.149 +-  0.628
  45 Y   0.94757 0.03573 0.01671 ( 1)  0.166 +-  0.710
  46 G   0.93506 0.03872 0.02623 ( 1)  0.230 +-  0.966
  47 V   0.94753 0.03563 0.01684 ( 1)  0.168 +-  0.718
  48 L   0.94172 0.03721 0.02107 ( 1)  0.195 +-  0.835
  49 C   0.94769 0.03574 0.01657 ( 1)  0.165 +-  0.705
  50 T   0.94726 0.03587 0.01687 ( 1)  0.167 +-  0.713
  51 I   0.94169 0.03733 0.02098 ( 1)  0.194 +-  0.830
  52 L   0.94172 0.03721 0.02107 ( 1)  0.195 +-  0.835
  53 M   0.95210 0.03426 0.01364 ( 1)  0.147 +-  0.618
  54 L   0.94004 0.03765 0.02231 ( 1)  0.203 +-  0.867
  55 L   0.94938 0.03501 0.01561 ( 1)  0.160 +-  0.683
  56 L   0.94938 0.03501 0.01561 ( 1)  0.160 +-  0.683
  57 R   0.93299 0.03908 0.02792 ( 1)  0.241 +-  1.007
  58 G   0.94723 0.03583 0.01694 ( 1)  0.168 +-  0.717
  59 L   0.24765 0.18126 0.57109 ( 3)  3.777 +-  3.478
  60 L   0.94172 0.03721 0.02107 ( 1)  0.195 +-  0.835
  61 H   0.94989 0.03497 0.01514 ( 1)  0.157 +-  0.665
  62 Y   0.94757 0.03573 0.01671 ( 1)  0.166 +-  0.710
  63 S   0.93898 0.03796 0.02306 ( 1)  0.208 +-  0.884
  64 L   0.94156 0.03732 0.02112 ( 1)  0.195 +-  0.835
  65 L   0.94004 0.03765 0.02231 ( 1)  0.203 +-  0.867
  66 K   0.94626 0.03613 0.01760 ( 1)  0.172 +-  0.735
  67 P   0.93699 0.03834 0.02466 ( 1)  0.219 +-  0.926
  68 L   0.94004 0.03765 0.02231 ( 1)  0.203 +-  0.867
  69 G   0.93506 0.03872 0.02623 ( 1)  0.230 +-  0.966
  70 Q   0.94446 0.03660 0.01894 ( 1)  0.181 +-  0.774
  71 R   0.94774 0.03567 0.01658 ( 1)  0.166 +-  0.707
  72 L   0.94156 0.03732 0.02112 ( 1)  0.195 +-  0.835
  73 K   0.93737 0.03829 0.02435 ( 1)  0.217 +-  0.918
  74 L   0.94172 0.03721 0.02107 ( 1)  0.195 +-  0.835
  75 S   0.94815 0.03559 0.01626 ( 1)  0.163 +-  0.696
  76 D   0.94127 0.03743 0.02130 ( 1)  0.196 +-  0.838
  77 R   0.94774 0.03567 0.01658 ( 1)  0.166 +-  0.707
  78 R   0.94774 0.03567 0.01658 ( 1)  0.166 +-  0.707
  79 V   0.94880 0.03521 0.01599 ( 1)  0.162 +-  0.694
  80 R   0.94774 0.03567 0.01658 ( 1)  0.166 +-  0.707
  81 L   0.94156 0.03732 0.02112 ( 1)  0.195 +-  0.835
  82 P   0.94794 0.03559 0.01646 ( 1)  0.165 +-  0.704
  83 G   0.94723 0.03583 0.01694 ( 1)  0.168 +-  0.717
  84 W   0.94190 0.03729 0.02082 ( 1)  0.193 +-  0.825
  85 F   0.95175 0.03433 0.01392 ( 1)  0.149 +-  0.628
  86 N   0.00724 0.08720 0.90557 ( 3)  5.648 +-  2.871
  87 A   0.93943 0.03783 0.02274 ( 1)  0.206 +-  0.877
  88 R   0.93299 0.03908 0.02792 ( 1)  0.241 +-  1.007
  89 T   0.94598 0.03624 0.01778 ( 1)  0.173 +-  0.740
  90 R   0.93299 0.03908 0.02792 ( 1)  0.241 +-  1.007
  91 L   0.94004 0.03765 0.02231 ( 1)  0.203 +-  0.867
  92 L   0.94172 0.03721 0.02107 ( 1)  0.195 +-  0.835
  93 E   0.93868 0.03801 0.02331 ( 1)  0.210 +-  0.891
  94 P   0.94794 0.03559 0.01646 ( 1)  0.165 +-  0.704
  95 L   0.94156 0.03732 0.02112 ( 1)  0.195 +-  0.835
  96 L   0.94172 0.03721 0.02107 ( 1)  0.195 +-  0.835
  97 G   0.94723 0.03583 0.01694 ( 1)  0.168 +-  0.717
  98 H   0.94170 0.03732 0.02097 ( 1)  0.194 +-  0.829
  99 R   0.93299 0.03908 0.02792 ( 1)  0.241 +-  1.007
 100 R   0.94485 0.03654 0.01860 ( 1)  0.179 +-  0.763
 101 R   0.94774 0.03567 0.01658 ( 1)  0.166 +-  0.707
 102 L   0.94172 0.03721 0.02107 ( 1)  0.195 +-  0.835
 103 A   0.93666 0.03841 0.02493 ( 1)  0.221 +-  0.933
 104 S   0.24769 0.18180 0.57051 ( 3)  3.769 +-  3.474
 105 A   0.94879 0.03534 0.01586 ( 1)  0.161 +-  0.686
 106 E   0.94733 0.03578 0.01690 ( 1)  0.168 +-  0.717
 107 L   0.93895 0.03788 0.02317 ( 1)  0.209 +-  0.890
 108 K   0.94626 0.03613 0.01760 ( 1)  0.172 +-  0.735
 109 E   0.94733 0.03578 0.01690 ( 1)  0.168 +-  0.717
 110 L   0.94444 0.03640 0.01916 ( 1)  0.183 +-  0.788
 111 A   0.93943 0.03783 0.02274 ( 1)  0.206 +-  0.877
 112 R   0.94485 0.03654 0.01860 ( 1)  0.179 +-  0.763
 113 T   0.94598 0.03624 0.01778 ( 1)  0.173 +-  0.740
 114 A   0.93943 0.03783 0.02274 ( 1)  0.206 +-  0.877
 115 N   0.94847 0.03549 0.01604 ( 1)  0.162 +-  0.689
 116 V   0.94880 0.03521 0.01599 ( 1)  0.162 +-  0.694
 117 S   0.94717 0.03591 0.01692 ( 1)  0.168 +-  0.714
 118 E   0.94733 0.03578 0.01690 ( 1)  0.168 +-  0.717
 119 R   0.93554 0.03864 0.02582 ( 1)  0.227 +-  0.955
 120 S   0.94815 0.03559 0.01626 ( 1)  0.163 +-  0.696
 121 V   0.93685 0.03835 0.02480 ( 1)  0.220 +-  0.931
 122 E   0.93868 0.03801 0.02331 ( 1)  0.210 +-  0.891
 123 N   0.94493 0.03632 0.01875 ( 1)  0.180 +-  0.774
 124 W   0.94190 0.03729 0.02082 ( 1)  0.193 +-  0.825
 125 L   0.94004 0.03765 0.02231 ( 1)  0.203 +-  0.867
 126 R   0.94552 0.03629 0.01818 ( 1)  0.176 +-  0.754
 127 L   0.94156 0.03732 0.02112 ( 1)  0.195 +-  0.835
 128 R   0.93299 0.03908 0.02792 ( 1)  0.241 +-  1.007
 129 R   0.94485 0.03654 0.01860 ( 1)  0.179 +-  0.763
 130 N   0.94016 0.03770 0.02214 ( 1)  0.202 +-  0.860
 131 R   0.94774 0.03567 0.01658 ( 1)  0.166 +-  0.707
 132 D   0.94935 0.03515 0.01550 ( 1)  0.159 +-  0.675
 133 K   0.93737 0.03829 0.02435 ( 1)  0.217 +-  0.918
 134 P   0.94794 0.03559 0.01646 ( 1)  0.165 +-  0.704
 135 T   0.93824 0.03810 0.02366 ( 1)  0.212 +-  0.900
 136 Q   0.94347 0.03677 0.01977 ( 1)  0.187 +-  0.801
 137 L   0.94156 0.03732 0.02112 ( 1)  0.195 +-  0.835
 138 A   0.93943 0.03783 0.02274 ( 1)  0.206 +-  0.877
 139 R   0.93299 0.03908 0.02792 ( 1)  0.241 +-  1.007
 140 F   0.95175 0.03433 0.01392 ( 1)  0.149 +-  0.628
 141 T   0.94726 0.03587 0.01687 ( 1)  0.167 +-  0.713
 142 E   0.94733 0.03578 0.01690 ( 1)  0.168 +-  0.717
 143 C   0.94769 0.03574 0.01657 ( 1)  0.165 +-  0.705
 144 S   0.94717 0.03591 0.01692 ( 1)  0.168 +-  0.714
 145 W   0.94190 0.03729 0.02082 ( 1)  0.193 +-  0.825
 146 Y   0.94757 0.03573 0.01671 ( 1)  0.166 +-  0.710
 147 L   0.94938 0.03501 0.01561 ( 1)  0.160 +-  0.683
 148 I   0.95059 0.03475 0.01466 ( 1)  0.153 +-  0.650
 149 Y   0.94757 0.03573 0.01671 ( 1)  0.166 +-  0.710
 150 Y   0.94757 0.03573 0.01671 ( 1)  0.166 +-  0.710
 151 T   0.94726 0.03587 0.01687 ( 1)  0.167 +-  0.713
 152 V   0.94753 0.03563 0.01684 ( 1)  0.168 +-  0.718
 153 F   0.95175 0.03433 0.01392 ( 1)  0.149 +-  0.628
 154 V   0.94880 0.03521 0.01599 ( 1)  0.162 +-  0.694
 155 T   0.94726 0.03587 0.01687 ( 1)  0.167 +-  0.713
 156 Y   0.94207 0.03718 0.02075 ( 1)  0.193 +-  0.825
 157 G   0.94723 0.03583 0.01694 ( 1)  0.168 +-  0.717
 158 L   0.94938 0.03501 0.01561 ( 1)  0.160 +-  0.683
 159 V   0.94753 0.03563 0.01684 ( 1)  0.168 +-  0.718
 160 L   0.94172 0.03721 0.02107 ( 1)  0.195 +-  0.835
 161 Q   0.94446 0.03660 0.01894 ( 1)  0.181 +-  0.774
 162 W   0.94190 0.03729 0.02082 ( 1)  0.193 +-  0.825
 163 N   0.94493 0.03632 0.01875 ( 1)  0.180 +-  0.774
 164 E   0.94733 0.03578 0.01690 ( 1)  0.168 +-  0.717
 165 P   0.94794 0.03559 0.01646 ( 1)  0.165 +-  0.704
 166 H   0.94989 0.03497 0.01514 ( 1)  0.157 +-  0.665
 167 F   0.94795 0.03533 0.01672 ( 1)  0.167 +-  0.720
 168 W   0.94190 0.03729 0.02082 ( 1)  0.193 +-  0.825
 169 D   0.94935 0.03515 0.01550 ( 1)  0.159 +-  0.675
 170 S   0.94717 0.03591 0.01692 ( 1)  0.168 +-  0.714
 171 R   0.94774 0.03567 0.01658 ( 1)  0.166 +-  0.707
 172 H   0.94989 0.03497 0.01514 ( 1)  0.157 +-  0.665
 173 L   0.94172 0.03721 0.02107 ( 1)  0.195 +-  0.835
 174 W   0.94190 0.03729 0.02082 ( 1)  0.193 +-  0.825
 175 L   0.94380 0.03667 0.01953 ( 1)  0.185 +-  0.794
 176 D   0.94935 0.03515 0.01550 ( 1)  0.159 +-  0.675
 177 W   0.94190 0.03729 0.02082 ( 1)  0.193 +-  0.825
 178 P   0.94794 0.03559 0.01646 ( 1)  0.165 +-  0.704
 179 Q   0.94446 0.03660 0.01894 ( 1)  0.181 +-  0.774
 180 H   0.94989 0.03497 0.01514 ( 1)  0.157 +-  0.665
 181 H   0.94170 0.03732 0.02097 ( 1)  0.194 +-  0.829
 182 L   0.94938 0.03501 0.01561 ( 1)  0.160 +-  0.683
 183 S   0.94717 0.03591 0.01692 ( 1)  0.168 +-  0.714
 184 R   0.93299 0.03908 0.02792 ( 1)  0.241 +-  1.007
 185 A   0.94747 0.03575 0.01678 ( 1)  0.167 +-  0.713
 186 A   0.94879 0.03534 0.01586 ( 1)  0.161 +-  0.686
 187 F   0.95175 0.03433 0.01392 ( 1)  0.149 +-  0.628
 188 W   0.94190 0.03729 0.02082 ( 1)  0.193 +-  0.825
 189 Y   0.94757 0.03573 0.01671 ( 1)  0.166 +-  0.710
 190 Y   0.94757 0.03573 0.01671 ( 1)  0.166 +-  0.710
 191 M   0.95210 0.03426 0.01364 ( 1)  0.147 +-  0.618
 192 L   0.94938 0.03501 0.01561 ( 1)  0.160 +-  0.683
 193 E   0.93868 0.03801 0.02331 ( 1)  0.210 +-  0.891
 194 L   0.94172 0.03721 0.02107 ( 1)  0.195 +-  0.835
 195 G   0.94723 0.03583 0.01694 ( 1)  0.168 +-  0.717
 196 F   0.95175 0.03433 0.01392 ( 1)  0.149 +-  0.628
 197 Y   0.94757 0.03573 0.01671 ( 1)  0.166 +-  0.710
 198 A   0.93943 0.03783 0.02274 ( 1)  0.206 +-  0.877
 199 S   0.94815 0.03559 0.01626 ( 1)  0.163 +-  0.696
 200 S   0.94815 0.03559 0.01626 ( 1)  0.163 +-  0.696
 201 L   0.93323 0.03903 0.02774 ( 1)  0.240 +-  1.003
 202 I   0.95059 0.03475 0.01466 ( 1)  0.153 +-  0.650
 203 T   0.93824 0.03810 0.02366 ( 1)  0.212 +-  0.900
 204 L   0.94172 0.03721 0.02107 ( 1)  0.195 +-  0.835
 205 T   0.93563 0.03862 0.02575 ( 1)  0.226 +-  0.953
 206 A   0.94879 0.03534 0.01586 ( 1)  0.161 +-  0.686
 207 D   0.94127 0.03743 0.02130 ( 1)  0.196 +-  0.838
 208 I   0.95059 0.03475 0.01466 ( 1)  0.153 +-  0.650
 209 R   0.23255 0.17430 0.59314 ( 3)  3.920 +-  3.485
 210 R   0.93299 0.03908 0.02792 ( 1)  0.241 +-  1.007
 211 K   0.93784 0.03815 0.02401 ( 1)  0.215 +-  0.910
 212 D   0.94172 0.03726 0.02101 ( 1)  0.195 +-  0.832
 213 F   0.95175 0.03433 0.01392 ( 1)  0.149 +-  0.628
 214 Y   0.94757 0.03573 0.01671 ( 1)  0.166 +-  0.710
 215 E   0.94630 0.03598 0.01772 ( 1)  0.173 +-  0.744
 216 L   0.94109 0.03735 0.02156 ( 1)  0.199 +-  0.849
 217 T   0.93563 0.03862 0.02575 ( 1)  0.226 +-  0.953
 218 A   0.93943 0.03783 0.02274 ( 1)  0.206 +-  0.877
 219 H   0.94170 0.03732 0.02097 ( 1)  0.194 +-  0.829
 220 H   0.94170 0.03732 0.02097 ( 1)  0.194 +-  0.829
 221 L   0.94172 0.03721 0.02107 ( 1)  0.195 +-  0.835
 222 V   0.93959 0.03776 0.02265 ( 1)  0.206 +-  0.876
 223 T   0.93563 0.03862 0.02575 ( 1)  0.226 +-  0.953
 224 I   0.94169 0.03733 0.02098 ( 1)  0.194 +-  0.830
 225 G   0.93827 0.03808 0.02364 ( 1)  0.212 +-  0.900
 226 L   0.94156 0.03732 0.02112 ( 1)  0.195 +-  0.835
 227 I   0.95059 0.03475 0.01466 ( 1)  0.153 +-  0.650
 228 L   0.94156 0.03732 0.02112 ( 1)  0.195 +-  0.835
 229 L   0.94172 0.03721 0.02107 ( 1)  0.195 +-  0.835
 230 S   0.94552 0.03633 0.01815 ( 1)  0.176 +-  0.752
 231 W   0.94190 0.03729 0.02082 ( 1)  0.193 +-  0.825
 232 A   0.94747 0.03575 0.01678 ( 1)  0.167 +-  0.713
 233 F   0.95175 0.03433 0.01392 ( 1)  0.149 +-  0.628
 234 N   0.94847 0.03549 0.01604 ( 1)  0.162 +-  0.689
 235 F   0.95175 0.03433 0.01392 ( 1)  0.149 +-  0.628
 236 T   0.94726 0.03587 0.01687 ( 1)  0.167 +-  0.713
 237 R   0.94485 0.03654 0.01860 ( 1)  0.179 +-  0.763
 238 V   0.93959 0.03776 0.02265 ( 1)  0.206 +-  0.876
 239 G   0.94723 0.03583 0.01694 ( 1)  0.168 +-  0.717
 240 L   0.94004 0.03765 0.02231 ( 1)  0.203 +-  0.867
 241 L   0.93484 0.03876 0.02640 ( 1)  0.231 +-  0.970
 242 T   0.93929 0.03773 0.02299 ( 1)  0.208 +-  0.889
 243 L   0.94938 0.03501 0.01561 ( 1)  0.160 +-  0.683
 244 V   0.94880 0.03521 0.01599 ( 1)  0.162 +-  0.694
 245 I   0.94169 0.03733 0.02098 ( 1)  0.194 +-  0.830
 246 H   0.94170 0.03732 0.02097 ( 1)  0.194 +-  0.829
 247 D   0.94935 0.03515 0.01550 ( 1)  0.159 +-  0.675
 248 A   0.94879 0.03534 0.01586 ( 1)  0.161 +-  0.686
 249 V   0.93685 0.03835 0.02480 ( 1)  0.220 +-  0.931
 250 D   0.94127 0.03743 0.02130 ( 1)  0.196 +-  0.838
 251 P   0.94932 0.03517 0.01551 ( 1)  0.159 +-  0.675
 252 L   0.94668 0.03582 0.01750 ( 1)  0.172 +-  0.740
 253 L   0.94172 0.03721 0.02107 ( 1)  0.195 +-  0.835
 254 S   0.94552 0.03633 0.01815 ( 1)  0.176 +-  0.752
 255 F   0.94308 0.03699 0.01993 ( 1)  0.187 +-  0.801
 256 G   0.94723 0.03583 0.01694 ( 1)  0.168 +-  0.717
 257 K   0.94626 0.03613 0.01760 ( 1)  0.172 +-  0.735
 258 L   0.94172 0.03721 0.02107 ( 1)  0.195 +-  0.835
 259 A   0.93666 0.03841 0.02493 ( 1)  0.221 +-  0.933
 260 K   0.93737 0.03829 0.02435 ( 1)  0.217 +-  0.918
 261 Y   0.94757 0.03573 0.01671 ( 1)  0.166 +-  0.710
 262 L   0.94172 0.03721 0.02107 ( 1)  0.195 +-  0.835
 263 G   0.93827 0.03808 0.02364 ( 1)  0.212 +-  0.900
 264 A   0.93943 0.03783 0.02274 ( 1)  0.206 +-  0.877
 265 Q   0.94446 0.03660 0.01894 ( 1)  0.181 +-  0.774
 266 K   0.93737 0.03829 0.02435 ( 1)  0.217 +-  0.918
 267 L   0.94156 0.03732 0.02112 ( 1)  0.195 +-  0.835
 268 S   0.94717 0.03591 0.01692 ( 1)  0.168 +-  0.714
 269 D   0.94935 0.03515 0.01550 ( 1)  0.159 +-  0.675
 270 A   0.94879 0.03534 0.01586 ( 1)  0.161 +-  0.686
 271 T   0.93824 0.03810 0.02366 ( 1)  0.212 +-  0.900
 272 F   0.95175 0.03433 0.01392 ( 1)  0.149 +-  0.628
 273 G   0.94723 0.03583 0.01694 ( 1)  0.168 +-  0.717
 274 V   0.94753 0.03563 0.01684 ( 1)  0.168 +-  0.718
 275 F   0.94308 0.03699 0.01993 ( 1)  0.187 +-  0.801
 276 L   0.94938 0.03501 0.01561 ( 1)  0.160 +-  0.683
 277 I   0.95059 0.03475 0.01466 ( 1)  0.153 +-  0.650
 278 V   0.94880 0.03521 0.01599 ( 1)  0.162 +-  0.694
 279 W   0.94190 0.03729 0.02082 ( 1)  0.193 +-  0.825
 280 V   0.94880 0.03521 0.01599 ( 1)  0.162 +-  0.694
 281 L   0.94172 0.03721 0.02107 ( 1)  0.195 +-  0.835
 282 S   0.93889 0.03796 0.02314 ( 1)  0.209 +-  0.887
 283 R   0.94485 0.03654 0.01860 ( 1)  0.179 +-  0.763
 284 L   0.93323 0.03903 0.02774 ( 1)  0.240 +-  1.003
 285 V   0.93685 0.03835 0.02480 ( 1)  0.220 +-  0.931
 286 A   0.93943 0.03783 0.02274 ( 1)  0.206 +-  0.877
 287 L   0.93323 0.03903 0.02774 ( 1)  0.240 +-  1.003
 288 P   0.93699 0.03834 0.02466 ( 1)  0.219 +-  0.926
 289 I   0.95059 0.03475 0.01466 ( 1)  0.153 +-  0.650
 290 R   0.93299 0.03908 0.02792 ( 1)  0.241 +-  1.007
 291 V   0.93685 0.03835 0.02480 ( 1)  0.220 +-  0.931
 292 V   0.94753 0.03563 0.01684 ( 1)  0.168 +-  0.718
 293 Y   0.94757 0.03573 0.01671 ( 1)  0.166 +-  0.710
 294 S   0.93478 0.03877 0.02645 ( 1)  0.231 +-  0.971
 295 V   0.94753 0.03563 0.01684 ( 1)  0.168 +-  0.718
 296 Y   0.94757 0.03573 0.01671 ( 1)  0.166 +-  0.710
 297 A   0.94879 0.03534 0.01586 ( 1)  0.161 +-  0.686
 298 H   0.94989 0.03497 0.01514 ( 1)  0.157 +-  0.665
 299 S   0.93898 0.03796 0.02306 ( 1)  0.208 +-  0.884
 300 L   0.93323 0.03903 0.02774 ( 1)  0.240 +-  1.003
 301 P   0.93699 0.03834 0.02466 ( 1)  0.219 +-  0.926
 302 A   0.94747 0.03575 0.01678 ( 1)  0.167 +-  0.713
 303 L   0.94172 0.03721 0.02107 ( 1)  0.195 +-  0.835
 304 E   0.94733 0.03578 0.01690 ( 1)  0.168 +-  0.717
 305 I   0.94169 0.03733 0.02098 ( 1)  0.194 +-  0.830
 306 P   0.93699 0.03834 0.02466 ( 1)  0.219 +-  0.926
 307 P   0.94932 0.03517 0.01551 ( 1)  0.159 +-  0.675
 308 C   0.93919 0.03791 0.02290 ( 1)  0.207 +-  0.880
 309 L   0.94004 0.03765 0.02231 ( 1)  0.203 +-  0.867
 310 V   0.94880 0.03521 0.01599 ( 1)  0.162 +-  0.694
 311 Y   0.94757 0.03573 0.01671 ( 1)  0.166 +-  0.710
 312 Y   0.94684 0.03593 0.01724 ( 1)  0.170 +-  0.726
 313 M   0.95210 0.03426 0.01364 ( 1)  0.147 +-  0.618
 314 F   0.95175 0.03433 0.01392 ( 1)  0.149 +-  0.628
 315 V   0.93959 0.03776 0.02265 ( 1)  0.206 +-  0.876
 316 G   0.94723 0.03583 0.01694 ( 1)  0.168 +-  0.717
 317 M   0.95210 0.03426 0.01364 ( 1)  0.147 +-  0.618
 318 F   0.94308 0.03699 0.01993 ( 1)  0.187 +-  0.801
 319 V   0.94753 0.03563 0.01684 ( 1)  0.168 +-  0.718
 320 L   0.94172 0.03721 0.02107 ( 1)  0.195 +-  0.835
 321 L   0.94172 0.03721 0.02107 ( 1)  0.195 +-  0.835
 322 Q   0.94446 0.03660 0.01894 ( 1)  0.181 +-  0.774
 323 V   0.94753 0.03563 0.01684 ( 1)  0.168 +-  0.718
 324 L   0.94156 0.03732 0.02112 ( 1)  0.195 +-  0.835
 325 H   0.94989 0.03497 0.01514 ( 1)  0.157 +-  0.665
 326 C   0.93919 0.03791 0.02290 ( 1)  0.207 +-  0.880
 327 V   0.94880 0.03521 0.01599 ( 1)  0.162 +-  0.694
 328 W   0.94190 0.03729 0.02082 ( 1)  0.193 +-  0.825
 329 T   0.94726 0.03587 0.01687 ( 1)  0.167 +-  0.713
 330 Y   0.94757 0.03573 0.01671 ( 1)  0.166 +-  0.710
 331 Y   0.94757 0.03573 0.01671 ( 1)  0.166 +-  0.710
 332 I   0.94419 0.03673 0.01908 ( 1)  0.182 +-  0.776
 333 F   0.95175 0.03433 0.01392 ( 1)  0.149 +-  0.628
 334 R   0.94774 0.03567 0.01658 ( 1)  0.166 +-  0.707
 335 I   0.95059 0.03475 0.01466 ( 1)  0.153 +-  0.650
 336 V   0.94753 0.03563 0.01684 ( 1)  0.168 +-  0.718
 337 L   0.94156 0.03732 0.02112 ( 1)  0.195 +-  0.835
 338 Y   0.94757 0.03573 0.01671 ( 1)  0.166 +-  0.710
 339 L   0.94172 0.03721 0.02107 ( 1)  0.195 +-  0.835
 340 L   0.94172 0.03721 0.02107 ( 1)  0.195 +-  0.835
 341 R   0.94260 0.03690 0.02050 ( 1)  0.192 +-  0.826
 342 T   0.94726 0.03587 0.01687 ( 1)  0.167 +-  0.713
 343 G   0.94723 0.03583 0.01694 ( 1)  0.168 +-  0.717
 344 Q   0.94446 0.03660 0.01894 ( 1)  0.181 +-  0.774
 345 T   0.93824 0.03810 0.02366 ( 1)  0.212 +-  0.900
 346 D   0.94127 0.03743 0.02130 ( 1)  0.196 +-  0.838
 347 G   0.93506 0.03872 0.02623 ( 1)  0.230 +-  0.966
 348 D   0.94935 0.03515 0.01550 ( 1)  0.159 +-  0.675
 349 I   0.95059 0.03475 0.01466 ( 1)  0.153 +-  0.650
 350 R   0.94774 0.03567 0.01658 ( 1)  0.166 +-  0.707
 351 S   0.94552 0.03633 0.01815 ( 1)  0.176 +-  0.752
 352 D   0.94127 0.03743 0.02130 ( 1)  0.196 +-  0.838
 353 S   0.94552 0.03633 0.01815 ( 1)  0.176 +-  0.752
 354 E   0.94733 0.03578 0.01690 ( 1)  0.168 +-  0.717
 355 M   0.95210 0.03426 0.01364 ( 1)  0.147 +-  0.618
 356 S   0.94815 0.03559 0.01626 ( 1)  0.163 +-  0.696
 357 D   0.94935 0.03515 0.01550 ( 1)  0.159 +-  0.675
 358 N   0.94016 0.03770 0.02214 ( 1)  0.202 +-  0.860
 359 N   0.94016 0.03770 0.02214 ( 1)  0.202 +-  0.860
 360 E   0.93868 0.03801 0.02331 ( 1)  0.210 +-  0.891
 361 V   0.93959 0.03776 0.02265 ( 1)  0.206 +-  0.876
 362 E   0.94733 0.03578 0.01690 ( 1)  0.168 +-  0.717
 363 D   0.94127 0.03743 0.02130 ( 1)  0.196 +-  0.838
 364 D   0.94935 0.03515 0.01550 ( 1)  0.159 +-  0.675
 365 D   0.94935 0.03515 0.01550 ( 1)  0.159 +-  0.675
 366 D   0.94935 0.03515 0.01550 ( 1)  0.159 +-  0.675
 367 L   0.94156 0.03732 0.02112 ( 1)  0.195 +-  0.835
 368 A   0.94472 0.03651 0.01877 ( 1)  0.180 +-  0.771
 369 D   0.94935 0.03515 0.01550 ( 1)  0.159 +-  0.675
 370 N   0.94016 0.03770 0.02214 ( 1)  0.202 +-  0.860
 371 N   0.94016 0.03770 0.02214 ( 1)  0.202 +-  0.860
 372 A   0.94879 0.03534 0.01586 ( 1)  0.161 +-  0.686
 373 A   0.93943 0.03783 0.02274 ( 1)  0.206 +-  0.877
 374 V   0.93959 0.03776 0.02265 ( 1)  0.206 +-  0.876
 375 S   0.93898 0.03796 0.02306 ( 1)  0.208 +-  0.884
 376 S   0.93898 0.03796 0.02306 ( 1)  0.208 +-  0.884
 377 N   0.94847 0.03549 0.01604 ( 1)  0.162 +-  0.689
 378 G   0.93506 0.03872 0.02623 ( 1)  0.230 +-  0.966
 379 K   0.93737 0.03829 0.02435 ( 1)  0.217 +-  0.918
 380 V   0.94880 0.03521 0.01599 ( 1)  0.162 +-  0.694
 381 V   0.00620 0.07816 0.91563 ( 3)  5.699 +-  2.842
 382 G   0.94594 0.03620 0.01786 ( 1)  0.174 +-  0.744
 383 K   0.94626 0.03613 0.01760 ( 1)  0.172 +-  0.735
 384 T   0.93824 0.03810 0.02366 ( 1)  0.212 +-  0.900
 385 D   0.94935 0.03515 0.01550 ( 1)  0.159 +-  0.675

Positively selected sites

	Prob(w>1)  mean w

    59 L      0.571         3.777 +- 3.478
    86 N      0.906         5.648 +- 2.871
   104 S      0.571         3.769 +- 3.474
   209 R      0.593         3.920 +- 3.485
   381 V      0.916         5.699 +- 2.842

