Supplemental results for CODEML (seqf: algn  treef: tree)


dN/dS (w) for site classes (K=2)

p:   0.69717  0.30283
w:   0.00698  1.00000

Naive Empirical Bayes (NEB) probabilities for 2 classes & postmean_w
(amino acids refer to 1st sequence: Msl.26395)

   1 S   0.97615 0.02385 ( 1)  0.031
   2 A   0.34448 0.65552 ( 2)  0.658
   3 I   0.95677 0.04323 ( 1)  0.050
   4 K   0.79135 0.20865 ( 1)  0.214
   5 T   0.54506 0.45494 ( 1)  0.459
   6 G   0.33986 0.66014 ( 2)  0.663
   7 R   0.00373 0.99627 ( 2)  0.996
   8 F   0.98521 0.01479 ( 1)  0.022
   9 K   0.43122 0.56878 ( 2)  0.572
  10 H   0.69461 0.30539 ( 1)  0.310
  11 P   0.96745 0.03255 ( 1)  0.039
  12 R   0.63788 0.36212 ( 1)  0.367
  13 L   0.95246 0.04754 ( 1)  0.054
  14 R   0.39863 0.60137 ( 2)  0.604
  15 P   0.07342 0.92658 ( 2)  0.927
  16 F   0.70258 0.29742 ( 1)  0.302
  17 K   0.03956 0.96044 ( 2)  0.961
  18 N   0.79121 0.20879 ( 1)  0.214
  19 V   0.95095 0.04905 ( 1)  0.056
  20 R   0.70865 0.29135 ( 1)  0.296
  21 E   0.79986 0.20014 ( 1)  0.206
  22 E   0.97034 0.02966 ( 1)  0.036
  23 L   0.95260 0.04740 ( 1)  0.054
  24 C   0.06790 0.93210 ( 2)  0.933
  25 V   0.95063 0.04937 ( 1)  0.056
  26 Q   0.21007 0.78993 ( 2)  0.791
  27 D   0.96804 0.03196 ( 1)  0.039
  28 D   0.76537 0.23463 ( 1)  0.240
  29 V   0.76443 0.23557 ( 1)  0.241
  30 I   0.95616 0.04384 ( 1)  0.051
  31 L   0.14234 0.85766 ( 2)  0.859
  32 R   0.94995 0.05005 ( 1)  0.057
  33 G   0.14541 0.85459 ( 2)  0.856
  34 H   0.69277 0.30723 ( 1)  0.312
  35 R   0.95098 0.04902 ( 1)  0.056
  36 I   0.95665 0.04335 ( 1)  0.050
  37 I   0.76449 0.23551 ( 1)  0.241
  38 I   0.53193 0.46807 ( 1)  0.472
  39 P   0.96750 0.03250 ( 1)  0.039
  40 K   0.68050 0.31950 ( 1)  0.324
  41 S   0.13716 0.86284 ( 2)  0.864
  42 L   0.95224 0.04776 ( 1)  0.054
  43 R   0.95097 0.04903 ( 1)  0.056
  44 M   0.24088 0.75912 ( 2)  0.761
  45 K   0.53711 0.46289 ( 1)  0.467
  46 A   0.95780 0.04220 ( 1)  0.049
  47 I   0.53438 0.46562 ( 1)  0.469
  48 A   0.95773 0.04227 ( 1)  0.049
  49 A   0.95772 0.04228 ( 1)  0.049
  50 V   0.95096 0.04904 ( 1)  0.056
  51 H   0.97590 0.02410 ( 1)  0.031
  52 E   0.03572 0.96428 ( 2)  0.965
  53 V   0.34658 0.65342 ( 2)  0.656
  54 H   0.97568 0.02432 ( 1)  0.031
  55 L   0.95220 0.04780 ( 1)  0.054
  56 G   0.96151 0.03849 ( 1)  0.045
  57 M   0.77905 0.22095 ( 1)  0.226
  58 S   0.03536 0.96464 ( 2)  0.965
  59 R   0.67625 0.32375 ( 1)  0.328
  60 T   0.56279 0.43721 ( 1)  0.441
  61 K   0.96764 0.03236 ( 1)  0.039
  62 S   0.97773 0.02227 ( 1)  0.029
  63 L   0.52426 0.47574 ( 1)  0.479
  64 A   0.14632 0.85368 ( 2)  0.855
  65 R   0.95076 0.04924 ( 1)  0.056
  66 A   0.55337 0.44663 ( 1)  0.450
  67 E   0.69920 0.30080 ( 1)  0.306
  68 F   0.98506 0.01494 ( 1)  0.022
  69 W   0.99492 0.00508 ( 1)  0.012
  70 W   0.99492 0.00508 ( 1)  0.012
  71 P   0.96751 0.03249 ( 1)  0.039
  72 A   0.06321 0.93679 ( 2)  0.937
  73 M   0.98183 0.01817 ( 1)  0.025
  74 D   0.96798 0.03202 ( 1)  0.039
  75 S   0.69767 0.30233 ( 1)  0.307
  76 D   0.96762 0.03238 ( 1)  0.039
  77 I   0.95659 0.04341 ( 1)  0.050
  78 E   0.54264 0.45736 ( 1)  0.461
  79 R   0.16955 0.83045 ( 2)  0.832
  80 T   0.06314 0.93686 ( 2)  0.937
  81 V   0.76723 0.23277 ( 1)  0.238
  82 G   0.96157 0.03843 ( 1)  0.045
  83 L   0.38326 0.61674 ( 2)  0.619
  84 C   0.98903 0.01097 ( 1)  0.018
  85 Q   0.21043 0.78957 ( 2)  0.791
  86 I   0.76480 0.23520 ( 1)  0.241
  87 C   0.98897 0.01103 ( 1)  0.018
  88 R   0.32246 0.67754 ( 2)  0.680
  89 T   0.76743 0.23257 ( 1)  0.238
  90 A   0.05929 0.94071 ( 2)  0.941
  91 K   0.96753 0.03247 ( 1)  0.039
  92 P   0.78604 0.21396 ( 1)  0.219
  93 Q   0.66909 0.33091 ( 1)  0.336
  94 N   0.96484 0.03516 ( 1)  0.042
  95 R   0.75349 0.24651 ( 1)  0.252
  96 N   0.96479 0.03521 ( 1)  0.042
  97 F   0.98510 0.01490 ( 1)  0.022
  98 R   0.95201 0.04799 ( 1)  0.055
  99 S   0.14626 0.85374 ( 2)  0.855
 100 S   0.05288 0.94712 ( 2)  0.947
 101 W   0.99492 0.00508 ( 1)  0.012
 102 P   0.96745 0.03255 ( 1)  0.039
 103 E   0.97036 0.02964 ( 1)  0.036
 104 A   0.55154 0.44846 ( 1)  0.452
 105 A   0.54544 0.45456 ( 1)  0.458
 106 G   0.36804 0.63196 ( 2)  0.635
 107 P   0.96739 0.03261 ( 1)  0.039
 108 W   0.99492 0.00508 ( 1)  0.012
 109 D   0.80008 0.19992 ( 1)  0.206
 110 R   0.95171 0.04829 ( 1)  0.055
 111 V   0.95068 0.04932 ( 1)  0.056
 112 H   0.97568 0.02432 ( 1)  0.031
 113 I   0.95665 0.04335 ( 1)  0.050
 114 D   0.96804 0.03196 ( 1)  0.039
 115 F   0.98510 0.01490 ( 1)  0.022
 116 A   0.95766 0.04234 ( 1)  0.049
 117 G   0.96152 0.03848 ( 1)  0.045
 118 P   0.96757 0.03243 ( 1)  0.039
 119 I   0.95652 0.04348 ( 1)  0.050
 120 D   0.80203 0.19797 ( 1)  0.204
 121 N   0.37868 0.62132 ( 2)  0.624
 122 H   0.26352 0.73648 ( 2)  0.738
 123 Y   0.98410 0.01590 ( 1)  0.023
 124 M   0.60696 0.39304 ( 1)  0.397
 125 L   0.95273 0.04727 ( 1)  0.054
 126 V   0.76476 0.23524 ( 1)  0.241
 127 L   0.52764 0.47236 ( 1)  0.476
 128 V   0.95077 0.04923 ( 1)  0.056
 129 D   0.96767 0.03233 ( 1)  0.039
 130 S   0.55773 0.44227 ( 1)  0.446
 131 Y   0.86985 0.13015 ( 1)  0.136
 132 S   0.05399 0.94601 ( 2)  0.946
 133 G   0.15544 0.84456 ( 2)  0.846
 134 Y   0.98397 0.01603 ( 1)  0.023
 135 P   0.96744 0.03256 ( 1)  0.039
 136 E   0.97036 0.02964 ( 1)  0.036
 137 V   0.95117 0.04883 ( 1)  0.055
 138 H   0.19042 0.80958 ( 2)  0.811
 139 V   0.76755 0.23245 ( 1)  0.238
 140 T   0.95428 0.04572 ( 1)  0.052
 141 K   0.39014 0.60986 ( 2)  0.613
 142 D   0.96762 0.03238 ( 1)  0.039
 143 M   0.98183 0.01817 ( 1)  0.025
 144 T   0.53297 0.46703 ( 1)  0.471
 145 S   0.55752 0.44248 ( 1)  0.446
 146 R   0.16770 0.83230 ( 2)  0.833
 147 T   0.95379 0.04621 ( 1)  0.053
 148 V   0.95117 0.04883 ( 1)  0.055
 149 I   0.95616 0.04384 ( 1)  0.051
 150 Q   0.08925 0.91075 ( 2)  0.911
 151 C   0.64848 0.35152 ( 1)  0.356
 152 L   0.12204 0.87796 ( 2)  0.879
 153 R   0.95071 0.04929 ( 1)  0.056
 154 R   0.95098 0.04902 ( 1)  0.056
 155 T   0.15501 0.84499 ( 2)  0.846
 156 F   0.98506 0.01494 ( 1)  0.022
 157 S   0.97757 0.02243 ( 1)  0.029
 158 Q   0.97890 0.02110 ( 1)  0.028
 159 L   0.48550 0.51450 ( 2)  0.518
 160 G   0.96151 0.03849 ( 1)  0.045
 161 I   0.76205 0.23795 ( 1)  0.243
 162 P   0.96745 0.03255 ( 1)  0.039
 163 R   0.75449 0.24551 ( 1)  0.251
 164 T   0.06609 0.93391 ( 2)  0.934
 165 L   0.95230 0.04770 ( 1)  0.054
 166 V   0.95094 0.04906 ( 1)  0.056
 167 S   0.97751 0.02249 ( 1)  0.029
 168 D   0.96762 0.03238 ( 1)  0.039
 169 N   0.96520 0.03480 ( 1)  0.042
 170 G   0.96146 0.03854 ( 1)  0.045
 171 P   0.96750 0.03250 ( 1)  0.039
 172 C   0.69494 0.30506 ( 1)  0.310
 173 F   0.98510 0.01490 ( 1)  0.022
 174 I   0.76480 0.23520 ( 1)  0.241
 175 S   0.97615 0.02385 ( 1)  0.031
 176 K   0.85600 0.14400 ( 1)  0.150
 177 E   0.00876 0.99124 ( 2)  0.991
 178 F   0.55569 0.44431 ( 1)  0.448
 179 T   0.95387 0.04613 ( 1)  0.053
 180 E   0.76222 0.23778 ( 1)  0.243
 181 W   0.99492 0.00508 ( 1)  0.012
 182 L   0.95213 0.04787 ( 1)  0.055
 183 A   0.76506 0.23494 ( 1)  0.240
 184 G   0.18443 0.81557 ( 2)  0.817
 185 I   0.95616 0.04384 ( 1)  0.051
 186 D   0.77930 0.22070 ( 1)  0.226
 187 C   0.98900 0.01100 ( 1)  0.018
 188 E   0.03612 0.96388 ( 2)  0.964
 189 H   0.21868 0.78132 ( 2)  0.783
 190 L   0.53168 0.46832 ( 1)  0.472
 191 T   0.95379 0.04621 ( 1)  0.053
 192 I   0.76367 0.23633 ( 1)  0.242
 193 A   0.55271 0.44729 ( 1)  0.451
 194 A   0.95757 0.04243 ( 1)  0.049
 195 Y   0.98397 0.01603 ( 1)  0.023
 196 H   0.97594 0.02406 ( 1)  0.031
 197 P   0.96751 0.03249 ( 1)  0.039
 198 Q   0.97885 0.02115 ( 1)  0.028
 199 S   0.97589 0.02411 ( 1)  0.031
 200 N   0.96479 0.03521 ( 1)  0.042
 201 G   0.96167 0.03833 ( 1)  0.045
 202 V   0.76443 0.23557 ( 1)  0.241
 203 A   0.95773 0.04227 ( 1)  0.049
 204 E   0.97044 0.02956 ( 1)  0.036
 205 R   0.95171 0.04829 ( 1)  0.055
 206 F   0.29612 0.70388 ( 2)  0.706
 207 V   0.95077 0.04923 ( 1)  0.056
 208 R   0.95210 0.04790 ( 1)  0.055
 209 T   0.95396 0.04604 ( 1)  0.053
 210 L   0.54890 0.45110 ( 1)  0.455
 211 K   0.96754 0.03246 ( 1)  0.039
 212 E   0.97034 0.02966 ( 1)  0.036
 213 S   0.55580 0.44420 ( 1)  0.448
 214 I   0.95659 0.04341 ( 1)  0.050
 215 K   0.96750 0.03250 ( 1)  0.039
 216 A   0.76506 0.23494 ( 1)  0.240
 217 N   0.96484 0.03516 ( 1)  0.042
 218 G   0.96195 0.03805 ( 1)  0.045
 219 F   0.79615 0.20385 ( 1)  0.209
 220 S   0.05707 0.94293 ( 2)  0.943
 221 Q   0.97886 0.02114 ( 1)  0.028
 222 E   0.34870 0.65130 ( 2)  0.654
 223 S   0.05485 0.94515 ( 2)  0.946
 224 V   0.76443 0.23557 ( 1)  0.241
 225 D   0.96798 0.03202 ( 1)  0.039
 226 R   0.95097 0.04903 ( 1)  0.056
 227 F   0.98521 0.01479 ( 1)  0.022
 228 L   0.95243 0.04757 ( 1)  0.054
 229 L   0.95244 0.04756 ( 1)  0.054
 230 F   0.98506 0.01494 ( 1)  0.022
 231 Y   0.98397 0.01603 ( 1)  0.023
 232 R   0.95097 0.04903 ( 1)  0.056
 233 A   0.95772 0.04228 ( 1)  0.049
 234 S   0.55665 0.44335 ( 1)  0.447
 235 D   0.43452 0.56548 ( 2)  0.569
 236 N   0.37868 0.62132 ( 2)  0.624
 237 K   0.96753 0.03247 ( 1)  0.039
 238 A   0.06671 0.93329 ( 2)  0.934
 239 G   0.18405 0.81595 ( 2)  0.817
 240 S   0.55752 0.44248 ( 1)  0.446
 241 S   0.97751 0.02249 ( 1)  0.029
 242 P   0.96749 0.03251 ( 1)  0.039
 243 A   0.56252 0.43748 ( 1)  0.441
 244 E   0.97034 0.02966 ( 1)  0.036
 245 Q   0.48854 0.51146 ( 2)  0.515
 246 L   0.95258 0.04742 ( 1)  0.054
 247 L   0.06002 0.93998 ( 2)  0.940
 248 G   0.96167 0.03833 ( 1)  0.045
 249 H   0.63920 0.36080 ( 1)  0.365
 250 K   0.70619 0.29381 ( 1)  0.299
 251 L   0.54494 0.45506 ( 1)  0.459
 252 R   0.95098 0.04902 ( 1)  0.056
 253 V   0.55424 0.44576 ( 1)  0.450
 254 P   0.96753 0.03247 ( 1)  0.039
 255 F   0.61522 0.38478 ( 1)  0.389
 256 T   0.56298 0.43702 ( 1)  0.441
 257 K   0.85608 0.14392 ( 1)  0.150
 258 R   0.72591 0.27409 ( 1)  0.279
 259 Q   0.12478 0.87522 ( 2)  0.876
 260 V   0.34658 0.65342 ( 2)  0.656
 261 G   0.18443 0.81557 ( 2)  0.817
 262 L   0.52902 0.47098 ( 1)  0.475
 263 E   0.85585 0.14415 ( 1)  0.150
 264 N   0.05740 0.94260 ( 2)  0.943
 265 E   0.21483 0.78517 ( 2)  0.787
 266 R   0.07712 0.92288 ( 2)  0.923
 267 D   0.69743 0.30257 ( 1)  0.307
 268 K   0.85608 0.14392 ( 1)  0.150
 269 P   0.96751 0.03249 ( 1)  0.039
 270 I   0.26761 0.73239 ( 2)  0.734
 271 T   0.95378 0.04622 ( 1)  0.053
 272 A   0.76568 0.23432 ( 1)  0.240
 273 K   0.75492 0.24508 ( 1)  0.250
 274 L   0.78967 0.21033 ( 1)  0.216
 275 L   0.14707 0.85293 ( 2)  0.854
 276 L   0.08285 0.91715 ( 2)  0.918
 277 P   0.16943 0.83057 ( 2)  0.832
 278 I   0.54364 0.45636 ( 1)  0.460
 279 G   0.96146 0.03854 ( 1)  0.045
 280 R   0.72591 0.27409 ( 1)  0.279
 281 S   0.85448 0.14552 ( 1)  0.151
 282 M   0.77256 0.22744 ( 1)  0.233
 283 A   0.56474 0.43526 ( 1)  0.439
 284 M   0.76786 0.23214 ( 1)  0.237
 285 I   0.76909 0.23091 ( 1)  0.236
 286 K   0.53817 0.46183 ( 1)  0.466
 287 T   0.95388 0.04612 ( 1)  0.053
 288 D   0.80008 0.19992 ( 1)  0.206
 289 N   0.56566 0.43434 ( 1)  0.438
 290 S   0.04441 0.95559 ( 2)  0.956
 291 K   0.70535 0.29465 ( 1)  0.300
 292 Y   0.69996 0.30004 ( 1)  0.305
 293 R   0.39578 0.60422 ( 2)  0.607
 294 K   0.96764 0.03236 ( 1)  0.039
 295 V   0.34779 0.65221 ( 2)  0.655
 296 H   0.97590 0.02410 ( 1)  0.031
 297 L   0.95213 0.04787 ( 1)  0.055
 298 D   0.96767 0.03233 ( 1)  0.039
 299 Q   0.97890 0.02110 ( 1)  0.028
 300 L   0.95236 0.04764 ( 1)  0.054
 301 H   0.69029 0.30971 ( 1)  0.315
 302 P   0.96753 0.03247 ( 1)  0.039
 303 Y   0.15954 0.84046 ( 2)  0.842
 304 S   0.77497 0.22503 ( 1)  0.230
 305 L   0.06632 0.93368 ( 2)  0.934
 306 T   0.56730 0.43270 ( 1)  0.437
 307 G   0.06510 0.93490 ( 2)  0.935
 308 E   0.21483 0.78517 ( 2)  0.787
 309 E   0.80022 0.19978 ( 1)  0.205
 310 P   0.06757 0.93243 ( 2)  0.933
 311 A   0.55552 0.44448 ( 1)  0.448
 312 E   0.69797 0.30203 ( 1)  0.307
 313 T   0.08077 0.91923 ( 2)  0.920
 314 D   0.17728 0.82272 ( 2)  0.824
 315 R   0.95145 0.04855 ( 1)  0.055
 316 M   0.17871 0.82129 ( 2)  0.823
 317 P   0.78565 0.21435 ( 1)  0.220
 318 P   0.78783 0.21217 ( 1)  0.218


lnL = -2424.606488

