Supplemental results for CODEML (seqf: algn  treef: tree)


dN/dS (w) for site classes (K=2)

p:   0.99999  0.00001
w:   0.30663  1.00000

Naive Empirical Bayes (NEB) probabilities for 2 classes & postmean_w
(amino acids refer to 1st sequence: spe.20512)

   1 A   0.99999 0.00001 ( 1)  0.307
   2 D   0.99999 0.00001 ( 1)  0.307
   3 N   0.99999 0.00001 ( 1)  0.307
   4 Y   0.99997 0.00003 ( 1)  0.307
   5 L   0.99999 0.00001 ( 1)  0.307
   6 T   0.99999 0.00001 ( 1)  0.307
   7 T   0.99999 0.00001 ( 1)  0.307
   8 T   0.99999 0.00001 ( 1)  0.307
   9 T   0.99999 0.00001 ( 1)  0.307
  10 Y   0.99999 0.00001 ( 1)  0.307
  11 N   0.99999 0.00001 ( 1)  0.307
  12 I   0.99997 0.00003 ( 1)  0.307
  13 P   0.99999 0.00001 ( 1)  0.307
  14 K   0.99999 0.00001 ( 1)  0.307
  15 P   0.99999 0.00001 ( 1)  0.307
  16 D   0.99997 0.00003 ( 1)  0.307
  17 F   0.99999 0.00001 ( 1)  0.307
  18 L   0.99999 0.00001 ( 1)  0.307
  19 D   0.99999 0.00001 ( 1)  0.307
  20 E   0.99999 0.00001 ( 1)  0.307
  21 V   0.99999 0.00001 ( 1)  0.307
  22 R   0.99999 0.00001 ( 1)  0.307
  23 N   0.99999 0.00001 ( 1)  0.307
  24 G   0.99999 0.00001 ( 1)  0.307
  25 L   0.99999 0.00001 ( 1)  0.307
  26 Y   0.99999 0.00001 ( 1)  0.307
  27 R   0.99999 0.00001 ( 1)  0.307
  28 G   0.99999 0.00001 ( 1)  0.307
  29 M   0.99999 0.00001 ( 1)  0.307
  30 F   0.99999 0.00001 ( 1)  0.307
  31 N   0.99999 0.00001 ( 1)  0.307
  32 P   0.99999 0.00001 ( 1)  0.307
  33 A   0.99999 0.00001 ( 1)  0.307
  34 R   0.99999 0.00001 ( 1)  0.307
  35 L   0.99999 0.00001 ( 1)  0.307
  36 I   0.99999 0.00001 ( 1)  0.307
  37 T   0.99999 0.00001 ( 1)  0.307
  38 G   0.99999 0.00001 ( 1)  0.307
  39 L   0.99999 0.00001 ( 1)  0.307
  40 E   0.99999 0.00001 ( 1)  0.307
  41 D   0.99999 0.00001 ( 1)  0.307
  42 M   0.99999 0.00001 ( 1)  0.307
  43 A   0.99999 0.00001 ( 1)  0.307
  44 N   0.99999 0.00001 ( 1)  0.307
  45 N   0.99999 0.00001 ( 1)  0.307
  46 F   0.99999 0.00001 ( 1)  0.307
  47 G   0.99999 0.00001 ( 1)  0.307
  48 R   0.99999 0.00001 ( 1)  0.307
  49 G   0.99999 0.00001 ( 1)  0.307
  50 Y   0.99999 0.00001 ( 1)  0.307
  51 Y   0.99999 0.00001 ( 1)  0.307
  52 G   0.99999 0.00001 ( 1)  0.307
  53 C   0.99999 0.00001 ( 1)  0.307
  54 P   0.99999 0.00001 ( 1)  0.307
  55 Q   0.99999 0.00001 ( 1)  0.307
  56 N   0.99999 0.00001 ( 1)  0.307
  57 L   0.99999 0.00001 ( 1)  0.307
  58 V   0.99999 0.00001 ( 1)  0.307
  59 D   0.99999 0.00001 ( 1)  0.307
  60 Q   0.99999 0.00001 ( 1)  0.307
  61 G   0.99999 0.00001 ( 1)  0.307
  62 M   0.99999 0.00001 ( 1)  0.307
  63 N   0.99999 0.00001 ( 1)  0.307
  64 A   0.99999 0.00001 ( 1)  0.307
  65 V   0.99999 0.00001 ( 1)  0.307
  66 R   0.99999 0.00001 ( 1)  0.307
  67 K   0.99999 0.00001 ( 1)  0.307
  68 E   0.99999 0.00001 ( 1)  0.307
  69 A   0.99999 0.00001 ( 1)  0.307
  70 E   0.99999 0.00001 ( 1)  0.307
  71 Q   0.99999 0.00001 ( 1)  0.307
  72 A   0.99999 0.00001 ( 1)  0.307
  73 D   0.99999 0.00001 ( 1)  0.307
  74 K   0.99999 0.00001 ( 1)  0.307
  75 L   0.99999 0.00001 ( 1)  0.307
  76 Q   0.99999 0.00001 ( 1)  0.307
  77 A   0.99999 0.00001 ( 1)  0.307
  78 C   0.99999 0.00001 ( 1)  0.307
  79 L   0.99999 0.00001 ( 1)  0.307
  80 I   0.99999 0.00001 ( 1)  0.307
  81 F   0.99999 0.00001 ( 1)  0.307
  82 H   0.99999 0.00001 ( 1)  0.307
  83 S   0.99999 0.00001 ( 1)  0.307
  84 F   0.99999 0.00001 ( 1)  0.307
  85 G   0.99999 0.00001 ( 1)  0.307
  86 G   0.99999 0.00001 ( 1)  0.307
  87 G   0.99999 0.00001 ( 1)  0.307
  88 T   0.99999 0.00001 ( 1)  0.307
  89 G   0.99999 0.00001 ( 1)  0.307
  90 A   0.99999 0.00001 ( 1)  0.307
  91 G   0.99999 0.00001 ( 1)  0.307
  92 T   0.99999 0.00001 ( 1)  0.307
  93 T   0.99999 0.00001 ( 1)  0.307
  94 C   0.99999 0.00001 ( 1)  0.307
  95 R   0.99999 0.00001 ( 1)  0.307


lnL =  -418.547340

