Supplemental results for CODEML (seqf: algn  treef: tree)


dN/dS (w) for site classes (K=2)

p:   0.99999  0.00001
w:   0.39070  1.00000

Naive Empirical Bayes (NEB) probabilities for 2 classes & postmean_w
(amino acids refer to 1st sequence: Msl.25929)

   1 M   0.99999 0.00001 ( 1)  0.391
   2 A   0.99999 0.00001 ( 1)  0.391
   3 L   0.99999 0.00001 ( 1)  0.391
   4 V   0.99999 0.00001 ( 1)  0.391
   5 L   0.99999 0.00001 ( 1)  0.391
   6 E   0.99999 0.00001 ( 1)  0.391
   7 S   0.99999 0.00001 ( 1)  0.391
   8 E   0.99999 0.00001 ( 1)  0.391
   9 K   0.99999 0.00001 ( 1)  0.391
  10 D   0.99999 0.00001 ( 1)  0.391
  11 A   0.99999 0.00001 ( 1)  0.391
  12 N   0.99999 0.00001 ( 1)  0.391
  13 Y   0.99999 0.00001 ( 1)  0.391
  14 L   0.99999 0.00001 ( 1)  0.391
  15 I   0.99999 0.00001 ( 1)  0.391
  16 N   0.99999 0.00001 ( 1)  0.391
  17 E   0.99999 0.00001 ( 1)  0.391
  18 I   0.99999 0.00001 ( 1)  0.391
  19 N   0.99999 0.00001 ( 1)  0.391
  20 N   0.99999 0.00001 ( 1)  0.391
  21 G   0.99999 0.00001 ( 1)  0.391
  22 L   0.99999 0.00001 ( 1)  0.391
  23 R   0.99999 0.00001 ( 1)  0.391
  24 S   0.99999 0.00001 ( 1)  0.391
  25 N   0.99999 0.00001 ( 1)  0.391
  26 V   0.99999 0.00001 ( 1)  0.391
  27 P   0.99999 0.00001 ( 1)  0.391
  28 A   0.99999 0.00001 ( 1)  0.391
  29 E   0.99999 0.00001 ( 1)  0.391
  30 Q   0.99999 0.00001 ( 1)  0.391
  31 S   0.99999 0.00001 ( 1)  0.391
  32 Q   0.99999 0.00001 ( 1)  0.391
  33 A   0.99999 0.00001 ( 1)  0.391
  34 L   0.99999 0.00001 ( 1)  0.391
  35 L   0.99999 0.00001 ( 1)  0.391
  36 K   0.99999 0.00001 ( 1)  0.391
  37 F   0.99999 0.00001 ( 1)  0.391
  38 P   0.99999 0.00001 ( 1)  0.391
  39 I   0.99999 0.00001 ( 1)  0.391
  40 L   0.99999 0.00001 ( 1)  0.391
  41 V   0.99999 0.00001 ( 1)  0.391
  42 H   0.99999 0.00001 ( 1)  0.391
  43 R   0.99999 0.00001 ( 1)  0.391
  44 Y   0.99999 0.00001 ( 1)  0.391
  45 P   0.99999 0.00001 ( 1)  0.391
  46 F   0.99999 0.00001 ( 1)  0.391
  47 P   0.99999 0.00001 ( 1)  0.391
  48 V   0.99999 0.00001 ( 1)  0.391
  49 V   0.99999 0.00001 ( 1)  0.391
  50 I   0.99999 0.00001 ( 1)  0.391
  51 N   0.99999 0.00001 ( 1)  0.391
  52 A   0.99999 0.00001 ( 1)  0.391
  53 I   0.99999 0.00001 ( 1)  0.391
  54 F   0.99999 0.00001 ( 1)  0.391
  55 S   0.99999 0.00001 ( 1)  0.391
  56 K   0.99999 0.00001 ( 1)  0.391
  57 I   0.99999 0.00001 ( 1)  0.391
  58 V   0.99999 0.00001 ( 1)  0.391
  59 D   0.99999 0.00001 ( 1)  0.391
  60 L   0.99999 0.00001 ( 1)  0.391
  61 F   0.99999 0.00001 ( 1)  0.391
  62 R   0.99999 0.00001 ( 1)  0.391
  63 D   0.99999 0.00001 ( 1)  0.391
  64 G   0.99999 0.00001 ( 1)  0.391
  65 S   0.99999 0.00001 ( 1)  0.391
  66 N   0.99999 0.00001 ( 1)  0.391
  67 F   0.99999 0.00001 ( 1)  0.391
  68 Q   0.99999 0.00001 ( 1)  0.391
  69 R   0.99999 0.00001 ( 1)  0.391
  70 L   0.99999 0.00001 ( 1)  0.391
  71 S   0.99999 0.00001 ( 1)  0.391
  72 I   0.99999 0.00001 ( 1)  0.391
  73 L   0.99999 0.00001 ( 1)  0.391
  74 Y   0.99999 0.00001 ( 1)  0.391
  75 V   0.99999 0.00001 ( 1)  0.391
  76 C   0.99999 0.00001 ( 1)  0.391
  77 Q   0.99999 0.00001 ( 1)  0.391
  78 Q   0.99999 0.00001 ( 1)  0.391
  79 C   0.99999 0.00001 ( 1)  0.391
  80 A   0.99999 0.00001 ( 1)  0.391
  81 Q   0.99999 0.00001 ( 1)  0.391
  82 H   0.99999 0.00001 ( 1)  0.391
  83 L   0.99999 0.00001 ( 1)  0.391
  84 D   0.99999 0.00001 ( 1)  0.391
  85 S   0.99999 0.00001 ( 1)  0.391
  86 S   0.99999 0.00001 ( 1)  0.391
  87 K   0.99999 0.00001 ( 1)  0.391
  88 V   0.99999 0.00001 ( 1)  0.391
  89 R   0.99999 0.00001 ( 1)  0.391
  90 N   0.99999 0.00001 ( 1)  0.391
  91 S   0.99999 0.00001 ( 1)  0.391
  92 D   0.99999 0.00001 ( 1)  0.391
  93 Y   0.99999 0.00001 ( 1)  0.391
  94 V   0.99999 0.00001 ( 1)  0.391
  95 I   0.99999 0.00001 ( 1)  0.391
  96 K   0.99999 0.00001 ( 1)  0.391
  97 I   0.99999 0.00001 ( 1)  0.391
  98 V   0.99999 0.00001 ( 1)  0.391
  99 L   0.99999 0.00001 ( 1)  0.391
 100 G   0.99999 0.00001 ( 1)  0.391
 101 V   0.99999 0.00001 ( 1)  0.391
 102 C   0.99999 0.00001 ( 1)  0.391
 103 H   0.99999 0.00001 ( 1)  0.391
 104 S   0.99999 0.00001 ( 1)  0.391
 105 N   0.99999 0.00001 ( 1)  0.391
 106 D   0.99999 0.00001 ( 1)  0.391
 107 P   0.99999 0.00001 ( 1)  0.391
 108 S   0.99999 0.00001 ( 1)  0.391
 109 A   0.99999 0.00001 ( 1)  0.391
 110 R   0.99999 0.00001 ( 1)  0.391
 111 A   0.99999 0.00001 ( 1)  0.391
 112 L   0.99999 0.00001 ( 1)  0.391
 113 A   0.99999 0.00001 ( 1)  0.391
 114 V   0.99999 0.00001 ( 1)  0.391
 115 R   0.99999 0.00001 ( 1)  0.391
 116 L   0.99999 0.00001 ( 1)  0.391
 117 L   0.99999 0.00001 ( 1)  0.391
 118 A   0.99999 0.00001 ( 1)  0.391
 119 S   0.99999 0.00001 ( 1)  0.391
 120 L   0.99999 0.00001 ( 1)  0.391
 121 P   0.99999 0.00001 ( 1)  0.391
 122 G   0.99999 0.00001 ( 1)  0.391
 123 L   0.99999 0.00001 ( 1)  0.391
 124 T   0.99999 0.00001 ( 1)  0.391
 125 A   0.99999 0.00001 ( 1)  0.391
 126 D   0.99999 0.00001 ( 1)  0.391
 127 N   0.99999 0.00001 ( 1)  0.391
 128 C   0.99999 0.00001 ( 1)  0.391
 129 S   0.99999 0.00001 ( 1)  0.391
 130 V   0.99999 0.00001 ( 1)  0.391
 131 H   0.99999 0.00001 ( 1)  0.391
 132 S   0.99999 0.00001 ( 1)  0.391
 133 A   0.99999 0.00001 ( 1)  0.391
 134 V   0.99999 0.00001 ( 1)  0.391
 135 C   0.99999 0.00001 ( 1)  0.391
 136 S   0.99999 0.00001 ( 1)  0.391
 137 A   0.99999 0.00001 ( 1)  0.391
 138 L   0.99999 0.00001 ( 1)  0.391
 139 D   0.99999 0.00001 ( 1)  0.391
 140 S   0.99999 0.00001 ( 1)  0.391
 141 H   0.99999 0.00001 ( 1)  0.391
 142 W   0.99999 0.00001 ( 1)  0.391
 143 P   0.99999 0.00001 ( 1)  0.391
 144 V   0.99999 0.00001 ( 1)  0.391
 145 E   0.99999 0.00001 ( 1)  0.391
 146 L   0.99999 0.00001 ( 1)  0.391
 147 E   0.99999 0.00001 ( 1)  0.391
 148 A   0.99999 0.00001 ( 1)  0.391
 149 A   0.99999 0.00001 ( 1)  0.391
 150 V   0.99999 0.00001 ( 1)  0.391
 151 W   0.99999 0.00001 ( 1)  0.391
 152 A   0.99999 0.00001 ( 1)  0.391
 153 T   0.99999 0.00001 ( 1)  0.391
 154 H   0.99999 0.00001 ( 1)  0.391
 155 R   0.99999 0.00001 ( 1)  0.391
 156 L   0.99999 0.00001 ( 1)  0.391
 157 A   0.99999 0.00001 ( 1)  0.391
 158 P   0.99999 0.00001 ( 1)  0.391
 159 L   0.99999 0.00001 ( 1)  0.391
 160 S   0.99999 0.00001 ( 1)  0.391
 161 P   0.99999 0.00001 ( 1)  0.391
 162 A   0.99999 0.00001 ( 1)  0.391
 163 L   0.99999 0.00001 ( 1)  0.391
 164 S   0.99999 0.00001 ( 1)  0.391
 165 R   0.99999 0.00001 ( 1)  0.391
 166 G   0.99999 0.00001 ( 1)  0.391
 167 A   0.99999 0.00001 ( 1)  0.391
 168 A   0.99999 0.00001 ( 1)  0.391
 169 D   0.99999 0.00001 ( 1)  0.391
 170 R   0.99999 0.00001 ( 1)  0.391
 171 L   0.99999 0.00001 ( 1)  0.391
 172 L   0.99999 0.00001 ( 1)  0.391
 173 A   0.99999 0.00001 ( 1)  0.391
 174 S   0.99999 0.00001 ( 1)  0.391
 175 V   0.99999 0.00001 ( 1)  0.391
 176 G   0.99999 0.00001 ( 1)  0.391
 177 D   0.99999 0.00001 ( 1)  0.391
 178 L   0.99999 0.00001 ( 1)  0.391
 179 R   0.99999 0.00001 ( 1)  0.391
 180 V   0.99999 0.00001 ( 1)  0.391
 181 D   0.99999 0.00001 ( 1)  0.391
 182 P   0.99999 0.00001 ( 1)  0.391
 183 R   0.99999 0.00001 ( 1)  0.391
 184 T   0.99999 0.00001 ( 1)  0.391
 185 K   0.99999 0.00001 ( 1)  0.391
 186 L   0.99999 0.00001 ( 1)  0.391
 187 A   0.99999 0.00001 ( 1)  0.391
 188 L   0.99999 0.00001 ( 1)  0.391
 189 Y   0.99999 0.00001 ( 1)  0.391
 190 A   0.99999 0.00001 ( 1)  0.391
 191 A   0.99999 0.00001 ( 1)  0.391
 192 C   0.99999 0.00001 ( 1)  0.391
 193 C   0.99999 0.00001 ( 1)  0.391
 194 S   0.99999 0.00001 ( 1)  0.391
 195 L   0.99999 0.00001 ( 1)  0.391
 196 G   0.99999 0.00001 ( 1)  0.391
 197 R   0.99999 0.00001 ( 1)  0.391
 198 A   0.99999 0.00001 ( 1)  0.391
 199 G   0.99999 0.00001 ( 1)  0.391
 200 G   0.99999 0.00001 ( 1)  0.391
 201 D   0.99999 0.00001 ( 1)  0.391
 202 A   0.99999 0.00001 ( 1)  0.391
 203 I   0.99999 0.00001 ( 1)  0.391
 204 G   0.99999 0.00001 ( 1)  0.391
 205 L   0.99999 0.00001 ( 1)  0.391
 206 L   0.99999 0.00001 ( 1)  0.391
 207 L   0.99999 0.00001 ( 1)  0.391
 208 D   0.99999 0.00001 ( 1)  0.391
 209 R   0.99999 0.00001 ( 1)  0.391
 210 L   0.99999 0.00001 ( 1)  0.391
 211 R   0.99999 0.00001 ( 1)  0.391
 212 G   0.99999 0.00001 ( 1)  0.391
 213 E   0.99999 0.00001 ( 1)  0.391
 214 L   0.99999 0.00001 ( 1)  0.391
 215 V   0.99998 0.00002 ( 1)  0.391
 216 D   0.99999 0.00001 ( 1)  0.391
 217 C   0.99999 0.00001 ( 1)  0.391
 218 P   0.99999 0.00001 ( 1)  0.391
 219 A   0.99999 0.00001 ( 1)  0.391
 220 T   0.99999 0.00001 ( 1)  0.391
 221 E   0.99999 0.00001 ( 1)  0.391
 222 A   0.99999 0.00001 ( 1)  0.391
 223 Q   0.99999 0.00001 ( 1)  0.391
 224 S   0.99999 0.00001 ( 1)  0.391
 225 V   0.99999 0.00001 ( 1)  0.391
 226 L   0.99999 0.00001 ( 1)  0.391
 227 L   0.99999 0.00001 ( 1)  0.391
 228 R   0.99999 0.00001 ( 1)  0.391
 229 V   0.99999 0.00001 ( 1)  0.391
 230 L   0.99999 0.00001 ( 1)  0.391
 231 T   0.99999 0.00001 ( 1)  0.391
 232 R   0.99999 0.00001 ( 1)  0.391
 233 L   0.99999 0.00001 ( 1)  0.391
 234 S   0.99999 0.00001 ( 1)  0.391
 235 L   0.99999 0.00001 ( 1)  0.391
 236 M   0.99999 0.00001 ( 1)  0.391
 237 S   0.99999 0.00001 ( 1)  0.391
 238 P   0.99999 0.00001 ( 1)  0.391
 239 A   0.99999 0.00001 ( 1)  0.391
 240 S   0.99999 0.00001 ( 1)  0.391
 241 L   0.99999 0.00001 ( 1)  0.391
 242 P   0.99999 0.00001 ( 1)  0.391
 243 A   0.99999 0.00001 ( 1)  0.391
 244 T   0.99999 0.00001 ( 1)  0.391
 245 L   0.99999 0.00001 ( 1)  0.391
 246 Q   0.99999 0.00001 ( 1)  0.391
 247 L   0.99999 0.00001 ( 1)  0.391
 248 H   0.99999 0.00001 ( 1)  0.391
 249 C   0.99999 0.00001 ( 1)  0.391
 250 R   0.99999 0.00001 ( 1)  0.391
 251 R   0.99999 0.00001 ( 1)  0.391
 252 L   0.99999 0.00001 ( 1)  0.391
 253 L   0.99999 0.00001 ( 1)  0.391
 254 S   0.99999 0.00001 ( 1)  0.391
 255 G   0.99999 0.00001 ( 1)  0.391
 256 K   0.99999 0.00001 ( 1)  0.391
 257 L   0.99999 0.00001 ( 1)  0.391
 258 P   0.99999 0.00001 ( 1)  0.391
 259 D   0.99999 0.00001 ( 1)  0.391
 260 V   0.99997 0.00003 ( 1)  0.391
 261 E   0.99998 0.00002 ( 1)  0.391
 262 N   0.99999 0.00001 ( 1)  0.391
 263 S   0.99999 0.00001 ( 1)  0.391
 264 E   0.99999 0.00001 ( 1)  0.391
 265 A   0.99999 0.00001 ( 1)  0.391
 266 N   0.99999 0.00001 ( 1)  0.391
 267 D   0.99999 0.00001 ( 1)  0.391
 268 G   0.99999 0.00001 ( 1)  0.391
 269 D   0.99999 0.00001 ( 1)  0.391
 270 D   0.99999 0.00001 ( 1)  0.391
 271 R   0.99999 0.00001 ( 1)  0.391
 272 G   0.99999 0.00001 ( 1)  0.391
 273 D   0.99999 0.00001 ( 1)  0.391
 274 S   0.99999 0.00001 ( 1)  0.391
 275 G   0.99999 0.00001 ( 1)  0.391
 276 G   0.99999 0.00001 ( 1)  0.391
 277 E   0.99999 0.00001 ( 1)  0.391
 278 T   0.99999 0.00001 ( 1)  0.391
 279 R   0.99999 0.00001 ( 1)  0.391
 280 P   0.99999 0.00001 ( 1)  0.391
 281 R   0.99999 0.00001 ( 1)  0.391
 282 L   0.99999 0.00001 ( 1)  0.391
 283 R   0.99999 0.00001 ( 1)  0.391
 284 R   0.99999 0.00001 ( 1)  0.391
 285 I   0.99999 0.00001 ( 1)  0.391
 286 L   0.99999 0.00001 ( 1)  0.391
 287 L   0.99999 0.00001 ( 1)  0.391
 288 A   0.99999 0.00001 ( 1)  0.391
 289 N   0.99999 0.00001 ( 1)  0.391
 290 L   0.99999 0.00001 ( 1)  0.391
 291 L   0.99999 0.00001 ( 1)  0.391
 292 A   0.99999 0.00001 ( 1)  0.391
 293 M   0.99999 0.00001 ( 1)  0.391
 294 A   0.99999 0.00001 ( 1)  0.391
 295 G   0.99999 0.00001 ( 1)  0.391
 296 P   0.99999 0.00001 ( 1)  0.391
 297 A   0.99999 0.00001 ( 1)  0.391
 298 A   0.99999 0.00001 ( 1)  0.391
 299 A   0.99999 0.00001 ( 1)  0.391
 300 H   0.99999 0.00001 ( 1)  0.391
 301 H   0.99999 0.00001 ( 1)  0.391
 302 W   0.99999 0.00001 ( 1)  0.391
 303 T   0.99999 0.00001 ( 1)  0.391
 304 L   0.99999 0.00001 ( 1)  0.391
 305 A   0.99999 0.00001 ( 1)  0.391
 306 E   0.99999 0.00001 ( 1)  0.391
 307 V   0.99999 0.00001 ( 1)  0.391
 308 C   0.99999 0.00001 ( 1)  0.391
 309 R   0.99999 0.00001 ( 1)  0.391
 310 L   0.99999 0.00001 ( 1)  0.391
 311 V   0.99999 0.00001 ( 1)  0.391
 312 R   0.99999 0.00001 ( 1)  0.391
 313 F   0.99999 0.00001 ( 1)  0.391
 314 I   0.99999 0.00001 ( 1)  0.391
 315 E   0.99999 0.00001 ( 1)  0.391
 316 A   0.99999 0.00001 ( 1)  0.391
 317 A   0.99999 0.00001 ( 1)  0.391
 318 T   0.99999 0.00001 ( 1)  0.391
 319 A   0.99999 0.00001 ( 1)  0.391
 320 T   0.99999 0.00001 ( 1)  0.391
 321 A   0.99999 0.00001 ( 1)  0.391
 322 A   0.99999 0.00001 ( 1)  0.391
 323 A   0.99999 0.00001 ( 1)  0.391
 324 S   0.99999 0.00001 ( 1)  0.391
 325 S   0.99999 0.00001 ( 1)  0.391
 326 A   0.99999 0.00001 ( 1)  0.391
 327 T   0.99999 0.00001 ( 1)  0.391
 328 P   0.99999 0.00001 ( 1)  0.391
 329 A   0.99999 0.00001 ( 1)  0.391
 330 G   0.99999 0.00001 ( 1)  0.391
 331 A   0.99999 0.00001 ( 1)  0.391
 332 E   0.99999 0.00001 ( 1)  0.391
 333 D   0.99999 0.00001 ( 1)  0.391
 334 A   0.99999 0.00001 ( 1)  0.391
 335 L   0.99999 0.00001 ( 1)  0.391
 336 V   0.99999 0.00001 ( 1)  0.391
 337 V   0.99999 0.00001 ( 1)  0.391
 338 D   0.99999 0.00001 ( 1)  0.391
 339 D   0.99999 0.00001 ( 1)  0.391
 340 G   0.99999 0.00001 ( 1)  0.391
 341 L   0.99999 0.00001 ( 1)  0.391
 342 Q   0.99999 0.00001 ( 1)  0.391
 343 V   0.99999 0.00001 ( 1)  0.391
 344 A   0.99999 0.00001 ( 1)  0.391
 345 G   0.99999 0.00001 ( 1)  0.391
 346 A   0.99999 0.00001 ( 1)  0.391
 347 L   0.99999 0.00001 ( 1)  0.391
 348 A   0.99999 0.00001 ( 1)  0.391
 349 Y   0.99998 0.00002 ( 1)  0.391
 350 G   0.99999 0.00001 ( 1)  0.391
 351 D   0.99999 0.00001 ( 1)  0.391
 352 A   0.99999 0.00001 ( 1)  0.391
 353 Y   0.99999 0.00001 ( 1)  0.391
 354 R   0.99999 0.00001 ( 1)  0.391
 355 L   0.99999 0.00001 ( 1)  0.391
 356 L   0.99999 0.00001 ( 1)  0.391
 357 L   0.99999 0.00001 ( 1)  0.391
 358 E   0.99999 0.00001 ( 1)  0.391
 359 A   0.99999 0.00001 ( 1)  0.391
 360 G   0.99999 0.00001 ( 1)  0.391
 361 L   0.99999 0.00001 ( 1)  0.391
 362 L   0.99999 0.00001 ( 1)  0.391
 363 P   0.99999 0.00001 ( 1)  0.391
 364 L   0.99999 0.00001 ( 1)  0.391
 365 L   0.99999 0.00001 ( 1)  0.391
 366 R   0.99999 0.00001 ( 1)  0.391
 367 R   0.99999 0.00001 ( 1)  0.391
 368 I   0.99999 0.00001 ( 1)  0.391
 369 V   0.99999 0.00001 ( 1)  0.391
 370 Y   0.99999 0.00001 ( 1)  0.391
 371 A   0.99999 0.00001 ( 1)  0.391
 372 D   0.99997 0.00003 ( 1)  0.391
 373 S   0.99999 0.00001 ( 1)  0.391
 374 A   0.99999 0.00001 ( 1)  0.391
 375 D   0.99999 0.00001 ( 1)  0.391
 376 G   0.99999 0.00001 ( 1)  0.391
 377 V   0.99999 0.00001 ( 1)  0.391
 378 G   0.99999 0.00001 ( 1)  0.391
 379 I   0.99999 0.00001 ( 1)  0.391
 380 G   0.99999 0.00001 ( 1)  0.391
 381 V   0.99999 0.00001 ( 1)  0.391
 382 A   0.99999 0.00001 ( 1)  0.391
 383 L   0.99999 0.00001 ( 1)  0.391
 384 A   0.99999 0.00001 ( 1)  0.391
 385 L   0.99999 0.00001 ( 1)  0.391
 386 D   0.99999 0.00001 ( 1)  0.391
 387 V   0.99999 0.00001 ( 1)  0.391
 388 A   0.99999 0.00001 ( 1)  0.391
 389 V   0.99999 0.00001 ( 1)  0.391
 390 R   0.99999 0.00001 ( 1)  0.391
 391 I   0.99999 0.00001 ( 1)  0.391
 392 A   0.99999 0.00001 ( 1)  0.391
 393 V   0.99999 0.00001 ( 1)  0.391
 394 A   0.99999 0.00001 ( 1)  0.391
 395 N   0.99999 0.00001 ( 1)  0.391
 396 G   0.99997 0.00003 ( 1)  0.391
 397 D   0.99999 0.00001 ( 1)  0.391
 398 A   0.99999 0.00001 ( 1)  0.391
 399 D   0.99999 0.00001 ( 1)  0.391
 400 L   0.99999 0.00001 ( 1)  0.391
 401 A   0.99999 0.00001 ( 1)  0.391
 402 E   0.99999 0.00001 ( 1)  0.391
 403 E   0.99999 0.00001 ( 1)  0.391
 404 L   0.99999 0.00001 ( 1)  0.391
 405 A   0.99999 0.00001 ( 1)  0.391
 406 A   0.99999 0.00001 ( 1)  0.391
 407 L   0.99999 0.00001 ( 1)  0.391
 408 L   0.99999 0.00001 ( 1)  0.391
 409 A   0.99998 0.00002 ( 1)  0.391
 410 D   0.99999 0.00001 ( 1)  0.391
 411 R   0.99999 0.00001 ( 1)  0.391
 412 L   0.99999 0.00001 ( 1)  0.391
 413 P   0.99999 0.00001 ( 1)  0.391
 414 R   0.99999 0.00001 ( 1)  0.391
 415 S   0.99999 0.00001 ( 1)  0.391
 416 V   0.99999 0.00001 ( 1)  0.391
 417 A   0.99999 0.00001 ( 1)  0.391
 418 A   0.99999 0.00001 ( 1)  0.391
 419 A   0.99999 0.00001 ( 1)  0.391
 420 V   0.99999 0.00001 ( 1)  0.391
 421 E   0.99999 0.00001 ( 1)  0.391
 422 P   0.99999 0.00001 ( 1)  0.391
 423 A   0.99999 0.00001 ( 1)  0.391
 424 L   0.99999 0.00001 ( 1)  0.391
 425 N   0.99997 0.00003 ( 1)  0.391
 426 R   0.99999 0.00001 ( 1)  0.391
 427 L   0.99999 0.00001 ( 1)  0.391
 428 L   0.99999 0.00001 ( 1)  0.391
 429 G   0.99999 0.00001 ( 1)  0.391
 430 A   0.99999 0.00001 ( 1)  0.391
 431 W   0.99999 0.00001 ( 1)  0.391
 432 H   0.99999 0.00001 ( 1)  0.391
 433 S   0.99999 0.00001 ( 1)  0.391
 434 L   0.99999 0.00001 ( 1)  0.391
 435 L   0.99999 0.00001 ( 1)  0.391
 436 G   0.99999 0.00001 ( 1)  0.391
 437 R   0.99999 0.00001 ( 1)  0.391
 438 F   0.99999 0.00001 ( 1)  0.391
 439 P   0.99999 0.00001 ( 1)  0.391
 440 H   0.99999 0.00001 ( 1)  0.391
 441 L   0.99999 0.00001 ( 1)  0.391
 442 G   0.99999 0.00001 ( 1)  0.391
 443 D   0.99999 0.00001 ( 1)  0.391
 444 V   0.99999 0.00001 ( 1)  0.391
 445 L   0.99999 0.00001 ( 1)  0.391
 446 F   0.99999 0.00001 ( 1)  0.391
 447 T   0.99999 0.00001 ( 1)  0.391
 448 P   0.99999 0.00001 ( 1)  0.391
 449 D   0.99999 0.00001 ( 1)  0.391
 450 L   0.99999 0.00001 ( 1)  0.391
 451 L   0.99999 0.00001 ( 1)  0.391
 452 A   0.99999 0.00001 ( 1)  0.391
 453 D   0.99999 0.00001 ( 1)  0.391
 454 L   0.99999 0.00001 ( 1)  0.391
 455 L   0.99999 0.00001 ( 1)  0.391
 456 N   0.99999 0.00001 ( 1)  0.391
 457 A   0.99998 0.00002 ( 1)  0.391
 458 G   0.99999 0.00001 ( 1)  0.391
 459 G   0.99999 0.00001 ( 1)  0.391
 460 G   0.99999 0.00001 ( 1)  0.391
 461 D   0.99999 0.00001 ( 1)  0.391
 462 A   0.99999 0.00001 ( 1)  0.391
 463 Q   0.99999 0.00001 ( 1)  0.391
 464 R   0.99999 0.00001 ( 1)  0.391
 465 H   0.99997 0.00003 ( 1)  0.391
 466 L   0.99999 0.00001 ( 1)  0.391
 467 G   0.99997 0.00003 ( 1)  0.391
 468 I   0.99999 0.00001 ( 1)  0.391
 469 R   0.99999 0.00001 ( 1)  0.391
 470 A   0.99999 0.00001 ( 1)  0.391
 471 V   0.99999 0.00001 ( 1)  0.391
 472 R   0.99999 0.00001 ( 1)  0.391
 473 C   0.99999 0.00001 ( 1)  0.391
 474 L   0.99999 0.00001 ( 1)  0.391
 475 A   0.99999 0.00001 ( 1)  0.391
 476 S   0.99999 0.00001 ( 1)  0.391
 477 L   0.99999 0.00001 ( 1)  0.391
 478 T   0.99999 0.00001 ( 1)  0.391
 479 V   0.99999 0.00001 ( 1)  0.391
 480 R   0.99999 0.00001 ( 1)  0.391
 481 C   0.99999 0.00001 ( 1)  0.391
 482 R   0.99999 0.00001 ( 1)  0.391
 483 P   0.99999 0.00001 ( 1)  0.391
 484 G   0.99999 0.00001 ( 1)  0.391
 485 I   0.99999 0.00001 ( 1)  0.391
 486 D   0.99999 0.00001 ( 1)  0.391
 487 C   0.99999 0.00001 ( 1)  0.391
 488 A   0.99999 0.00001 ( 1)  0.391
 489 D   0.99999 0.00001 ( 1)  0.391
 490 W   0.99999 0.00001 ( 1)  0.391
 491 L   0.99999 0.00001 ( 1)  0.391
 492 A   0.99999 0.00001 ( 1)  0.391
 493 G   0.99999 0.00001 ( 1)  0.391
 494 W   0.99999 0.00001 ( 1)  0.391
 495 L   0.99999 0.00001 ( 1)  0.391
 496 S   0.99999 0.00001 ( 1)  0.391
 497 K   0.99999 0.00001 ( 1)  0.391
 498 R   0.99999 0.00001 ( 1)  0.391
 499 Q   0.99999 0.00001 ( 1)  0.391
 500 D   0.99999 0.00001 ( 1)  0.391
 501 G   0.99999 0.00001 ( 1)  0.391
 502 A   0.99999 0.00001 ( 1)  0.391
 503 S   0.99997 0.00003 ( 1)  0.391
 504 A   0.99999 0.00001 ( 1)  0.391
 505 E   0.99999 0.00001 ( 1)  0.391
 506 Q   0.99999 0.00001 ( 1)  0.391
 507 I   0.99999 0.00001 ( 1)  0.391
 508 E   0.99999 0.00001 ( 1)  0.391
 509 A   0.99999 0.00001 ( 1)  0.391
 510 A   0.99999 0.00001 ( 1)  0.391
 511 C   0.99999 0.00001 ( 1)  0.391
 512 A   0.99999 0.00001 ( 1)  0.391
 513 L   0.99999 0.00001 ( 1)  0.391
 514 L   0.99999 0.00001 ( 1)  0.391
 515 F   0.99999 0.00001 ( 1)  0.391
 516 K   0.99999 0.00001 ( 1)  0.391
 517 T   0.99999 0.00001 ( 1)  0.391
 518 D   0.99999 0.00001 ( 1)  0.391
 519 C   0.99999 0.00001 ( 1)  0.391
 520 C   0.99999 0.00001 ( 1)  0.391
 521 R   0.99999 0.00001 ( 1)  0.391
 522 V   0.99999 0.00001 ( 1)  0.391
 523 G   0.99999 0.00001 ( 1)  0.391
 524 R   0.99999 0.00001 ( 1)  0.391
 525 P   0.99999 0.00001 ( 1)  0.391
 526 L   0.99999 0.00001 ( 1)  0.391
 527 P   0.99999 0.00001 ( 1)  0.391
 528 S   0.99999 0.00001 ( 1)  0.391
 529 Q   0.99999 0.00001 ( 1)  0.391
 530 D   0.99999 0.00001 ( 1)  0.391
 531 A   0.99999 0.00001 ( 1)  0.391
 532 A   0.99999 0.00001 ( 1)  0.391
 533 V   0.99999 0.00001 ( 1)  0.391
 534 L   0.99999 0.00001 ( 1)  0.391
 535 S   0.99999 0.00001 ( 1)  0.391
 536 S   0.99999 0.00001 ( 1)  0.391
 537 L   0.99999 0.00001 ( 1)  0.391
 538 G   0.99999 0.00001 ( 1)  0.391
 539 G   0.99999 0.00001 ( 1)  0.391
 540 L   0.99999 0.00001 ( 1)  0.391
 541 N   0.99999 0.00001 ( 1)  0.391
 542 N   0.99999 0.00001 ( 1)  0.391
 543 W   0.99999 0.00001 ( 1)  0.391
 544 Q   0.99999 0.00001 ( 1)  0.391
 545 A   0.99999 0.00001 ( 1)  0.391
 546 Y   0.99999 0.00001 ( 1)  0.391
 547 R   0.99999 0.00001 ( 1)  0.391
 548 I   0.99999 0.00001 ( 1)  0.391
 549 A   0.99999 0.00001 ( 1)  0.391
 550 R   0.99999 0.00001 ( 1)  0.391
 551 A   0.99999 0.00001 ( 1)  0.391
 552 A   0.99999 0.00001 ( 1)  0.391
 553 S   0.99999 0.00001 ( 1)  0.391
 554 K   0.99999 0.00001 ( 1)  0.391
 555 H   0.99999 0.00001 ( 1)  0.391
 556 G   0.99999 0.00001 ( 1)  0.391
 557 R   0.99999 0.00001 ( 1)  0.391
 558 L   0.99999 0.00001 ( 1)  0.391
 559 G   0.99999 0.00001 ( 1)  0.391
 560 L   0.99999 0.00001 ( 1)  0.391
 561 A   0.99999 0.00001 ( 1)  0.391
 562 G   0.99999 0.00001 ( 1)  0.391
 563 Q   0.99999 0.00001 ( 1)  0.391
 564 I   0.99999 0.00001 ( 1)  0.391
 565 F   0.99999 0.00001 ( 1)  0.391
 566 D   0.99997 0.00003 ( 1)  0.391
 567 Q   0.99999 0.00001 ( 1)  0.391
 568 L   0.99999 0.00001 ( 1)  0.391
 569 V   0.99999 0.00001 ( 1)  0.391
 570 N   0.99999 0.00001 ( 1)  0.391
 571 S   0.99999 0.00001 ( 1)  0.391
 572 A   0.99999 0.00001 ( 1)  0.391
 573 Q   0.99999 0.00001 ( 1)  0.391
 574 E   0.99999 0.00001 ( 1)  0.391
 575 R   0.99999 0.00001 ( 1)  0.391
 576 P   0.99999 0.00001 ( 1)  0.391
 577 A   0.99999 0.00001 ( 1)  0.391
 578 F   0.99999 0.00001 ( 1)  0.391
 579 W   0.99999 0.00001 ( 1)  0.391
 580 L   0.99999 0.00001 ( 1)  0.391
 581 R   0.99999 0.00001 ( 1)  0.391
 582 G   0.99999 0.00001 ( 1)  0.391
 583 L   0.99999 0.00001 ( 1)  0.391
 584 A   0.99999 0.00001 ( 1)  0.391
 585 L   0.99999 0.00001 ( 1)  0.391
 586 L   0.99999 0.00001 ( 1)  0.391
 587 C   0.99999 0.00001 ( 1)  0.391
 588 Q   0.99999 0.00001 ( 1)  0.391
 589 A   0.99999 0.00001 ( 1)  0.391
 590 E   0.99999 0.00001 ( 1)  0.391
 591 A   0.99999 0.00001 ( 1)  0.391
 592 N   0.99999 0.00001 ( 1)  0.391
 593 G   0.99999 0.00001 ( 1)  0.391
 594 S   0.99999 0.00001 ( 1)  0.391
 595 A   0.99999 0.00001 ( 1)  0.391
 596 G   0.99999 0.00001 ( 1)  0.391
 597 F   0.99999 0.00001 ( 1)  0.391
 598 Q   0.99999 0.00001 ( 1)  0.391
 599 D   0.99999 0.00001 ( 1)  0.391
 600 V   0.99999 0.00001 ( 1)  0.391
 601 N   0.99999 0.00001 ( 1)  0.391
 602 E   0.99999 0.00001 ( 1)  0.391
 603 E   0.99999 0.00001 ( 1)  0.391
 604 D   0.99999 0.00001 ( 1)  0.391
 605 P   0.99999 0.00001 ( 1)  0.391
 606 L   0.99999 0.00001 ( 1)  0.391
 607 A   0.99999 0.00001 ( 1)  0.391
 608 R   0.99999 0.00001 ( 1)  0.391
 609 L   0.99999 0.00001 ( 1)  0.391
 610 D   0.99999 0.00001 ( 1)  0.391
 611 E   0.99999 0.00001 ( 1)  0.391
 612 W   0.99999 0.00001 ( 1)  0.391
 613 C   0.99999 0.00001 ( 1)  0.391
 614 E   0.99999 0.00001 ( 1)  0.391
 615 R   0.99999 0.00001 ( 1)  0.391
 616 L   0.99999 0.00001 ( 1)  0.391
 617 R   0.99999 0.00001 ( 1)  0.391
 618 E   0.99999 0.00001 ( 1)  0.391
 619 A   0.99999 0.00001 ( 1)  0.391
 620 L   0.99999 0.00001 ( 1)  0.391
 621 A   0.99999 0.00001 ( 1)  0.391
 622 S   0.99999 0.00001 ( 1)  0.391
 623 F   0.99999 0.00001 ( 1)  0.391
 624 V   0.99999 0.00001 ( 1)  0.391
 625 S   0.99999 0.00001 ( 1)  0.391
 626 A   0.99999 0.00001 ( 1)  0.391
 627 N   0.99999 0.00001 ( 1)  0.391
 628 G   0.99999 0.00001 ( 1)  0.391
 629 T   0.99999 0.00001 ( 1)  0.391
 630 G   0.99999 0.00001 ( 1)  0.391
 631 G   0.99999 0.00001 ( 1)  0.391
 632 D   0.99999 0.00001 ( 1)  0.391
 633 P   0.99999 0.00001 ( 1)  0.391
 634 G   0.99999 0.00001 ( 1)  0.391
 635 A   0.99999 0.00001 ( 1)  0.391
 636 L   0.99999 0.00001 ( 1)  0.391
 637 W   0.99999 0.00001 ( 1)  0.391
 638 F   0.99999 0.00001 ( 1)  0.391
 639 P   0.99999 0.00001 ( 1)  0.391
 640 V   0.99999 0.00001 ( 1)  0.391
 641 A   0.99999 0.00001 ( 1)  0.391
 642 F   0.99999 0.00001 ( 1)  0.391
 643 A   0.99999 0.00001 ( 1)  0.391
 644 G   0.99999 0.00001 ( 1)  0.391
 645 R   0.99999 0.00001 ( 1)  0.391
 646 R   0.99999 0.00001 ( 1)  0.391
 647 F   0.99999 0.00001 ( 1)  0.391
 648 H   0.99999 0.00001 ( 1)  0.391
 649 F   0.99999 0.00001 ( 1)  0.391
 650 V   0.99999 0.00001 ( 1)  0.391
 651 A   0.99999 0.00001 ( 1)  0.391
 652 A   0.99999 0.00001 ( 1)  0.391
 653 C   0.99999 0.00001 ( 1)  0.391
 654 Q   0.99999 0.00001 ( 1)  0.391
 655 S   0.99999 0.00001 ( 1)  0.391
 656 F   0.99999 0.00001 ( 1)  0.391
 657 A   0.99999 0.00001 ( 1)  0.391
 658 T   0.99999 0.00001 ( 1)  0.391
 659 L   0.99999 0.00001 ( 1)  0.391
 660 A   0.99999 0.00001 ( 1)  0.391
 661 Y   0.99999 0.00001 ( 1)  0.391
 662 Q   0.99999 0.00001 ( 1)  0.391
 663 L   0.99999 0.00001 ( 1)  0.391
 664 Q   0.99999 0.00001 ( 1)  0.391
 665 P   0.99999 0.00001 ( 1)  0.391
 666 G   0.99999 0.00001 ( 1)  0.391
 667 R   0.99999 0.00001 ( 1)  0.391
 668 L   0.99999 0.00001 ( 1)  0.391
 669 A   0.99999 0.00001 ( 1)  0.391
 670 A   0.99999 0.00001 ( 1)  0.391
 671 V   0.99999 0.00001 ( 1)  0.391
 672 Q   0.99999 0.00001 ( 1)  0.391
 673 L   0.99999 0.00001 ( 1)  0.391
 674 A   0.99999 0.00001 ( 1)  0.391
 675 A   0.99999 0.00001 ( 1)  0.391
 676 A   0.99999 0.00001 ( 1)  0.391
 677 A   0.99999 0.00001 ( 1)  0.391
 678 D   0.99999 0.00001 ( 1)  0.391
 679 E   0.99999 0.00001 ( 1)  0.391
 680 A   0.99999 0.00001 ( 1)  0.391
 681 D   0.99999 0.00001 ( 1)  0.391
 682 A   0.99999 0.00001 ( 1)  0.391
 683 E   0.99999 0.00001 ( 1)  0.391
 684 A   0.99999 0.00001 ( 1)  0.391
 685 A   0.99999 0.00001 ( 1)  0.391
 686 A   0.99999 0.00001 ( 1)  0.391
 687 A   0.99999 0.00001 ( 1)  0.391
 688 R   0.99999 0.00001 ( 1)  0.391
 689 R   0.99999 0.00001 ( 1)  0.391
 690 L   0.99999 0.00001 ( 1)  0.391
 691 R   0.99999 0.00001 ( 1)  0.391
 692 A   0.99999 0.00001 ( 1)  0.391
 693 A   0.99999 0.00001 ( 1)  0.391
 694 C   0.99999 0.00001 ( 1)  0.391
 695 V   0.99999 0.00001 ( 1)  0.391
 696 D   0.99999 0.00001 ( 1)  0.391
 697 A   0.99999 0.00001 ( 1)  0.391
 698 D   0.99999 0.00001 ( 1)  0.391
 699 P   0.99999 0.00001 ( 1)  0.391
 700 G   0.99999 0.00001 ( 1)  0.391
 701 S   0.99999 0.00001 ( 1)  0.391
 702 L   0.99999 0.00001 ( 1)  0.391
 703 A   0.99999 0.00001 ( 1)  0.391
 704 Q   0.99999 0.00001 ( 1)  0.391
 705 V   0.99999 0.00001 ( 1)  0.391
 706 D   0.99999 0.00001 ( 1)  0.391
 707 C   0.99999 0.00001 ( 1)  0.391
 708 L   0.99999 0.00001 ( 1)  0.391
 709 A   0.99999 0.00001 ( 1)  0.391
 710 W   0.99999 0.00001 ( 1)  0.391
 711 Q   0.99999 0.00001 ( 1)  0.391
 712 M   0.99999 0.00001 ( 1)  0.391
 713 T   0.99999 0.00001 ( 1)  0.391
 714 A   0.99999 0.00001 ( 1)  0.391
 715 L   0.99999 0.00001 ( 1)  0.391
 716 A   0.99999 0.00001 ( 1)  0.391
 717 S   0.99999 0.00001 ( 1)  0.391
 718 L   0.99999 0.00001 ( 1)  0.391
 719 M   0.99999 0.00001 ( 1)  0.391
 720 R   0.99999 0.00001 ( 1)  0.391
 721 A   0.99999 0.00001 ( 1)  0.391
 722 L   0.99999 0.00001 ( 1)  0.391
 723 A   0.99999 0.00001 ( 1)  0.391
 724 A   0.99999 0.00001 ( 1)  0.391
 725 Y   0.99997 0.00003 ( 1)  0.391
 726 D   0.99999 0.00001 ( 1)  0.391
 727 A   0.99999 0.00001 ( 1)  0.391
 728 A   0.99999 0.00001 ( 1)  0.391
 729 T   0.99999 0.00001 ( 1)  0.391
 730 D   0.99999 0.00001 ( 1)  0.391
 731 N   0.99999 0.00001 ( 1)  0.391
 732 P   0.99999 0.00001 ( 1)  0.391
 733 P   0.99999 0.00001 ( 1)  0.391
 734 P   0.99999 0.00001 ( 1)  0.391
 735 P   0.99999 0.00001 ( 1)  0.391
 736 L   0.99999 0.00001 ( 1)  0.391
 737 P   0.99999 0.00001 ( 1)  0.391
 738 L   0.99999 0.00001 ( 1)  0.391
 739 I   0.99999 0.00001 ( 1)  0.391
 740 I   0.99999 0.00001 ( 1)  0.391
 741 P   0.99999 0.00001 ( 1)  0.391
 742 T   0.99999 0.00001 ( 1)  0.391
 743 P   0.99999 0.00001 ( 1)  0.391
 744 S   0.99999 0.00001 ( 1)  0.391
 745 A   0.99999 0.00001 ( 1)  0.391
 746 S   0.99999 0.00001 ( 1)  0.391
 747 P   0.99999 0.00001 ( 1)  0.391
 748 T   0.99999 0.00001 ( 1)  0.391
 749 E   0.99999 0.00001 ( 1)  0.391
 750 D   0.99999 0.00001 ( 1)  0.391
 751 A   0.99999 0.00001 ( 1)  0.391
 752 D   0.99999 0.00001 ( 1)  0.391
 753 K   0.99999 0.00001 ( 1)  0.391
 754 D   0.99999 0.00001 ( 1)  0.391
 755 D   0.99999 0.00001 ( 1)  0.391
 756 P   0.99999 0.00001 ( 1)  0.391
 757 M   0.99999 0.00001 ( 1)  0.391
 758 L   0.99999 0.00001 ( 1)  0.391
 759 D   0.99999 0.00001 ( 1)  0.391
 760 D   0.99999 0.00001 ( 1)  0.391
 761 A   0.99999 0.00001 ( 1)  0.391
 762 D   0.99999 0.00001 ( 1)  0.391
 763 A   0.99999 0.00001 ( 1)  0.391
 764 G   0.99999 0.00001 ( 1)  0.391
 765 S   0.99999 0.00001 ( 1)  0.391
 766 A   0.99999 0.00001 ( 1)  0.391
 767 E   0.99999 0.00001 ( 1)  0.391
 768 S   0.99999 0.00001 ( 1)  0.391
 769 A   0.99999 0.00001 ( 1)  0.391
 770 G   0.99999 0.00001 ( 1)  0.391
 771 Q   0.99999 0.00001 ( 1)  0.391
 772 V   0.99999 0.00001 ( 1)  0.391
 773 A   0.99999 0.00001 ( 1)  0.391
 774 W   0.99999 0.00001 ( 1)  0.391
 775 Q   0.99999 0.00001 ( 1)  0.391
 776 R   0.99999 0.00001 ( 1)  0.391
 777 S   0.99999 0.00001 ( 1)  0.391
 778 Q   0.99999 0.00001 ( 1)  0.391
 779 L   0.99999 0.00001 ( 1)  0.391
 780 P   0.99999 0.00001 ( 1)  0.391
 781 Y   0.99999 0.00001 ( 1)  0.391
 782 A   0.99999 0.00001 ( 1)  0.391
 783 C   0.99999 0.00001 ( 1)  0.391
 784 A   0.99999 0.00001 ( 1)  0.391
 785 T   0.99999 0.00001 ( 1)  0.391
 786 Q   0.99999 0.00001 ( 1)  0.391
 787 C   0.99999 0.00001 ( 1)  0.391
 788 Q   0.99999 0.00001 ( 1)  0.391
 789 L   0.99999 0.00001 ( 1)  0.391
 790 M   0.99999 0.00001 ( 1)  0.391
 791 Q   0.99999 0.00001 ( 1)  0.391
 792 S   0.99999 0.00001 ( 1)  0.391
 793 I   0.99999 0.00001 ( 1)  0.391
 794 V   0.99999 0.00001 ( 1)  0.391
 795 D   0.99999 0.00001 ( 1)  0.391
 796 T   0.99998 0.00002 ( 1)  0.391
 797 C   0.99999 0.00001 ( 1)  0.391
 798 W   0.99999 0.00001 ( 1)  0.391
 799 D   0.99999 0.00001 ( 1)  0.391
 800 R   0.99999 0.00001 ( 1)  0.391
 801 L   0.99999 0.00001 ( 1)  0.391
 802 T   0.99999 0.00001 ( 1)  0.391
 803 Q   0.99999 0.00001 ( 1)  0.391
 804 L   0.99999 0.00001 ( 1)  0.391
 805 R   0.99999 0.00001 ( 1)  0.391
 806 S   0.99999 0.00001 ( 1)  0.391
 807 Q   0.99999 0.00001 ( 1)  0.391
 808 H   0.99999 0.00001 ( 1)  0.391
 809 S   0.99999 0.00001 ( 1)  0.391
 810 L   0.99999 0.00001 ( 1)  0.391
 811 N   0.99999 0.00001 ( 1)  0.391
 812 S   0.99999 0.00001 ( 1)  0.391
 813 P   0.99999 0.00001 ( 1)  0.391
 814 A   0.99999 0.00001 ( 1)  0.391
 815 G   0.99999 0.00001 ( 1)  0.391
 816 R   0.99999 0.00001 ( 1)  0.391
 817 E   0.99999 0.00001 ( 1)  0.391
 818 L   0.99999 0.00001 ( 1)  0.391
 819 L   0.99999 0.00001 ( 1)  0.391
 820 L   0.99999 0.00001 ( 1)  0.391
 821 E   0.99999 0.00001 ( 1)  0.391
 822 T   0.99999 0.00001 ( 1)  0.391
 823 L   0.99999 0.00001 ( 1)  0.391
 824 W   0.99999 0.00001 ( 1)  0.391
 825 R   0.99999 0.00001 ( 1)  0.391
 826 L   0.99999 0.00001 ( 1)  0.391
 827 L   0.99999 0.00001 ( 1)  0.391
 828 R   0.99999 0.00001 ( 1)  0.391
 829 C   0.99999 0.00001 ( 1)  0.391
 830 P   0.99999 0.00001 ( 1)  0.391
 831 F   0.99999 0.00001 ( 1)  0.391
 832 C   0.99999 0.00001 ( 1)  0.391
 833 L   0.99999 0.00001 ( 1)  0.391
 834 P   0.99999 0.00001 ( 1)  0.391
 835 R   0.99999 0.00001 ( 1)  0.391
 836 Y   0.99999 0.00001 ( 1)  0.391
 837 F   0.99999 0.00001 ( 1)  0.391
 838 F   0.99999 0.00001 ( 1)  0.391
 839 Q   0.99999 0.00001 ( 1)  0.391
 840 R   0.99999 0.00001 ( 1)  0.391
 841 L   0.99999 0.00001 ( 1)  0.391
 842 Q   0.99999 0.00001 ( 1)  0.391
 843 R   0.99999 0.00001 ( 1)  0.391
 844 T   0.99999 0.00001 ( 1)  0.391
 845 R   0.99999 0.00001 ( 1)  0.391
 846 I   0.99999 0.00001 ( 1)  0.391
 847 S   0.99999 0.00001 ( 1)  0.391
 848 L   0.99999 0.00001 ( 1)  0.391
 849 H   0.99999 0.00001 ( 1)  0.391
 850 V   0.99999 0.00001 ( 1)  0.391
 851 T   0.99999 0.00001 ( 1)  0.391
 852 P   0.99999 0.00001 ( 1)  0.391
 853 A   0.99999 0.00001 ( 1)  0.391
 854 R   0.99999 0.00001 ( 1)  0.391
 855 R   0.99999 0.00001 ( 1)  0.391
 856 A   0.99999 0.00001 ( 1)  0.391
 857 A   0.99999 0.00001 ( 1)  0.391
 858 A   0.99999 0.00001 ( 1)  0.391
 859 N   0.99999 0.00001 ( 1)  0.391
 860 P   0.99999 0.00001 ( 1)  0.391
 861 E   0.99999 0.00001 ( 1)  0.391
 862 P   0.99999 0.00001 ( 1)  0.391
 863 V   0.99999 0.00001 ( 1)  0.391
 864 K   0.99999 0.00001 ( 1)  0.391
 865 V   0.99999 0.00001 ( 1)  0.391
 866 G   0.99999 0.00001 ( 1)  0.391
 867 V   0.99999 0.00001 ( 1)  0.391
 868 D   0.99999 0.00001 ( 1)  0.391
 869 Y   0.99999 0.00001 ( 1)  0.391
 870 V   0.99999 0.00001 ( 1)  0.391
 871 L   0.99999 0.00001 ( 1)  0.391
 872 K   0.99999 0.00001 ( 1)  0.391
 873 V   0.99999 0.00001 ( 1)  0.391
 874 E   0.99999 0.00001 ( 1)  0.391
 875 G   0.99999 0.00001 ( 1)  0.391
 876 V   0.99999 0.00001 ( 1)  0.391
 877 V   0.99999 0.00001 ( 1)  0.391
 878 E   0.99999 0.00001 ( 1)  0.391
 879 Q   0.99999 0.00001 ( 1)  0.391
 880 T   0.99999 0.00001 ( 1)  0.391
 881 G   0.99999 0.00001 ( 1)  0.391
 882 P   0.99999 0.00001 ( 1)  0.391
 883 V   0.99999 0.00001 ( 1)  0.391
 884 L   0.99999 0.00001 ( 1)  0.391
 885 L   0.99999 0.00001 ( 1)  0.391
 886 R   0.99999 0.00001 ( 1)  0.391
 887 R   0.99999 0.00001 ( 1)  0.391
 888 L   0.99999 0.00001 ( 1)  0.391
 889 A   0.99999 0.00001 ( 1)  0.391
 890 S   0.99999 0.00001 ( 1)  0.391
 891 V   0.99999 0.00001 ( 1)  0.391
 892 A   0.99999 0.00001 ( 1)  0.391
 893 V   0.99999 0.00001 ( 1)  0.391
 894 V   0.99999 0.00001 ( 1)  0.391
 895 V   0.99999 0.00001 ( 1)  0.391
 896 A   0.99999 0.00001 ( 1)  0.391
 897 V   0.99999 0.00001 ( 1)  0.391
 898 R   0.99999 0.00001 ( 1)  0.391
 899 P   0.99999 0.00001 ( 1)  0.391
 900 H   0.99999 0.00001 ( 1)  0.391
 901 S   0.99999 0.00001 ( 1)  0.391
 902 T   0.99999 0.00001 ( 1)  0.391
 903 A   0.99999 0.00001 ( 1)  0.391
 904 A   0.99999 0.00001 ( 1)  0.391
 905 S   0.99999 0.00001 ( 1)  0.391
 906 G   0.99999 0.00001 ( 1)  0.391
 907 S   0.99999 0.00001 ( 1)  0.391
 908 D   0.99999 0.00001 ( 1)  0.391
 909 I   0.99999 0.00001 ( 1)  0.391
 910 A   0.99999 0.00001 ( 1)  0.391
 911 A   0.99999 0.00001 ( 1)  0.391
 912 G   0.99999 0.00001 ( 1)  0.391
 913 F   0.99999 0.00001 ( 1)  0.391
 914 E   0.99999 0.00001 ( 1)  0.391
 915 S   0.99999 0.00001 ( 1)  0.391
 916 A   0.99999 0.00001 ( 1)  0.391
 917 T   0.99999 0.00001 ( 1)  0.391
 918 S   0.99999 0.00001 ( 1)  0.391
 919 A   0.99999 0.00001 ( 1)  0.391
 920 R   0.99999 0.00001 ( 1)  0.391
 921 G   0.99999 0.00001 ( 1)  0.391
 922 G   0.99999 0.00001 ( 1)  0.391
 923 W   0.99999 0.00001 ( 1)  0.391
 924 Q   0.99999 0.00001 ( 1)  0.391
 925 Q   0.99999 0.00001 ( 1)  0.391
 926 R   0.99999 0.00001 ( 1)  0.391
 927 L   0.99999 0.00001 ( 1)  0.391
 928 T   0.99999 0.00001 ( 1)  0.391
 929 A   0.99999 0.00001 ( 1)  0.391
 930 T   0.99999 0.00001 ( 1)  0.391
 931 L   0.99999 0.00001 ( 1)  0.391
 932 P   0.99999 0.00001 ( 1)  0.391
 933 V   0.99999 0.00001 ( 1)  0.391
 934 P   0.99999 0.00001 ( 1)  0.391
 935 T   0.99999 0.00001 ( 1)  0.391
 936 D   0.99999 0.00001 ( 1)  0.391
 937 Y   0.99999 0.00001 ( 1)  0.391
 938 F   0.99999 0.00001 ( 1)  0.391
 939 S   0.99999 0.00001 ( 1)  0.391
 940 K   0.99999 0.00001 ( 1)  0.391
 941 Q   0.99999 0.00001 ( 1)  0.391
 942 F   0.99999 0.00001 ( 1)  0.391
 943 V   0.99999 0.00001 ( 1)  0.391
 944 L   0.99999 0.00001 ( 1)  0.391
 945 S   0.99999 0.00001 ( 1)  0.391
 946 F   0.99999 0.00001 ( 1)  0.391
 947 N   0.99999 0.00001 ( 1)  0.391
 948 R   0.99999 0.00001 ( 1)  0.391
 949 R   0.99999 0.00001 ( 1)  0.391
 950 P   0.99999 0.00001 ( 1)  0.391
 951 G   0.99999 0.00001 ( 1)  0.391
 952 L   0.99999 0.00001 ( 1)  0.391
 953 Y   0.99999 0.00001 ( 1)  0.391
 954 L   0.99999 0.00001 ( 1)  0.391
 955 I   0.99999 0.00001 ( 1)  0.391
 956 K   0.99999 0.00001 ( 1)  0.391
 957 V   0.99999 0.00001 ( 1)  0.391
 958 H   0.99999 0.00001 ( 1)  0.391
 959 V   0.99999 0.00001 ( 1)  0.391
 960 H   0.99999 0.00001 ( 1)  0.391
 961 P   0.99999 0.00001 ( 1)  0.391
 962 I   0.99999 0.00001 ( 1)  0.391
 963 D   0.99999 0.00001 ( 1)  0.391
 964 K   0.99999 0.00001 ( 1)  0.391
 965 T   0.99999 0.00001 ( 1)  0.391
 966 G   0.99999 0.00001 ( 1)  0.391
 967 A   0.99999 0.00001 ( 1)  0.391
 968 Q   0.99999 0.00001 ( 1)  0.391
 969 W   0.99999 0.00001 ( 1)  0.391
 970 S   0.99999 0.00001 ( 1)  0.391
 971 A   0.99999 0.00001 ( 1)  0.391
 972 V   0.99999 0.00001 ( 1)  0.391
 973 E   0.99999 0.00001 ( 1)  0.391
 974 K   0.99999 0.00001 ( 1)  0.391
 975 E   0.99999 0.00001 ( 1)  0.391
 976 R   0.99999 0.00001 ( 1)  0.391
 977 V   0.99999 0.00001 ( 1)  0.391
 978 Y   0.99999 0.00001 ( 1)  0.391
 979 V   0.99999 0.00001 ( 1)  0.391
 980 R   0.99999 0.00001 ( 1)  0.391
 981 V   0.99999 0.00001 ( 1)  0.391
 982 S   0.99999 0.00001 ( 1)  0.391
 983 N   0.99999 0.00001 ( 1)  0.391


lnL = -4091.165174

