Supplemental results for CODEML (seqf: algn  treef: tree)


dN/dS (w) for site classes (K=3)

p:   0.87910  0.00000  0.12090
w:   0.00000  1.00000  9.01031

Naive Empirical Bayes (NEB) probabilities for 3 classes & postmean_w & P(w>1)
(amino acids refer to 1st sequence: spe.3761)

   1 L   0.90338 0.00000 0.09662 ( 1)  0.871  0.097
   2 A   0.92105 0.00000 0.07895 ( 1)  0.711  0.079
   3 V   0.93699 0.00000 0.06301 ( 1)  0.568  0.063
   4 T   0.93742 0.00000 0.06258 ( 1)  0.564  0.063
   5 T   0.91915 0.00000 0.08085 ( 1)  0.729  0.081
   6 G   0.92183 0.00000 0.07817 ( 1)  0.704  0.078
   7 V   0.91949 0.00000 0.08051 ( 1)  0.725  0.081
   8 Y   0.92268 0.00000 0.07732 ( 1)  0.697  0.077
   9 S   0.92993 0.00000 0.07007 ( 1)  0.631  0.070
  10 L   0.90338 0.00000 0.09662 ( 1)  0.871  0.097
  11 P   0.91432 0.00000 0.08568 ( 1)  0.772  0.086
  12 T   0.90814 0.00000 0.09186 ( 1)  0.828  0.092
  13 Q   0.90438 0.00000 0.09562 ( 1)  0.862  0.096
  14 T   0.93742 0.00000 0.06258 ( 1)  0.564  0.063
  15 L   0.93179 0.00000 0.06821 ( 1)  0.615  0.068
  16 G   0.92927 0.00000 0.07073 ( 1)  0.637  0.071
  17 L   0.90338 0.00000 0.09662 ( 1)  0.871  0.097
  18 A   0.93741 0.00000 0.06259 ( 1)  0.564  0.063
  19 L   0.93179 0.00000 0.06821 ( 1)  0.615  0.068
  20 I   0.93957 0.00000 0.06043 ( 1)  0.545  0.060
  21 S   0.90207 0.00000 0.09793 ( 1)  0.882  0.098
  22 T   0.93742 0.00000 0.06258 ( 1)  0.564  0.063
  23 L   0.93179 0.00000 0.06821 ( 1)  0.615  0.068
  24 A   0.93741 0.00000 0.06259 ( 1)  0.564  0.063
  25 T   0.91915 0.00000 0.08085 ( 1)  0.729  0.081
  26 V   0.93699 0.00000 0.06301 ( 1)  0.568  0.063
  27 L   0.90756 0.00000 0.09244 ( 1)  0.833  0.092
  28 P   0.91574 0.00000 0.08426 ( 1)  0.759  0.084
  29 S   0.93150 0.00000 0.06850 ( 1)  0.617  0.068
  30 S   0.91512 0.00000 0.08488 ( 1)  0.765  0.085
  31 V   0.91949 0.00000 0.08051 ( 1)  0.725  0.081
  32 R   0.90844 0.00000 0.09156 ( 1)  0.825  0.092
  33 S   0.93150 0.00000 0.06850 ( 1)  0.617  0.068
  34 G   0.92927 0.00000 0.07073 ( 1)  0.637  0.071
  35 I   0.93957 0.00000 0.06043 ( 1)  0.545  0.060
  36 S   0.90207 0.00000 0.09793 ( 1)  0.882  0.098
  37 D   0.93202 0.00000 0.06798 ( 1)  0.612  0.068
  38 G   0.92927 0.00000 0.07073 ( 1)  0.637  0.071
  39 H   0.91169 0.00000 0.08831 ( 1)  0.796  0.088
  40 A   0.90865 0.00000 0.09135 ( 1)  0.823  0.091
  41 D   0.91750 0.00000 0.08250 ( 1)  0.743  0.083
  42 D   0.93202 0.00000 0.06798 ( 1)  0.612  0.068
  43 L   0.90338 0.00000 0.09662 ( 1)  0.871  0.097
  44 F   0.91960 0.00000 0.08040 ( 1)  0.724  0.080
  45 E   0.90876 0.00000 0.09124 ( 1)  0.822  0.091
  46 K   0.91518 0.00000 0.08482 ( 1)  0.764  0.085
  47 L   0.93179 0.00000 0.06821 ( 1)  0.615  0.068
  48 P   0.91574 0.00000 0.08426 ( 1)  0.759  0.084
  49 V   0.93699 0.00000 0.06301 ( 1)  0.568  0.063
  50 I   0.93957 0.00000 0.06043 ( 1)  0.545  0.060
  51 L   0.93179 0.00000 0.06821 ( 1)  0.615  0.068
  52 Q   0.90438 0.00000 0.09562 ( 1)  0.862  0.096
  53 H   0.92532 0.00000 0.07468 ( 1)  0.673  0.075
  54 T   0.93742 0.00000 0.06258 ( 1)  0.564  0.063
  55 S   0.92993 0.00000 0.07007 ( 1)  0.631  0.070
  56 G   0.91249 0.00000 0.08751 ( 1)  0.788  0.088
  57 S   0.91560 0.00000 0.08440 ( 1)  0.760  0.084
  58 G   0.92927 0.00000 0.07073 ( 1)  0.637  0.071
  59 A   0.93741 0.00000 0.06259 ( 1)  0.564  0.063
  60 N   0.93078 0.00000 0.06922 ( 1)  0.624  0.069
  61 D   0.93202 0.00000 0.06798 ( 1)  0.612  0.068
  62 D   0.93202 0.00000 0.06798 ( 1)  0.612  0.068
  63 P   0.90440 0.00000 0.09560 ( 1)  0.861  0.096
  64 A   0.92105 0.00000 0.07895 ( 1)  0.711  0.079
  65 K   0.91518 0.00000 0.08482 ( 1)  0.764  0.085
  66 V   0.90862 0.00000 0.09138 ( 1)  0.823  0.091
  67 C   0.92331 0.00000 0.07669 ( 1)  0.691  0.077
  68 S   0.93150 0.00000 0.06850 ( 1)  0.617  0.068
  69 L   0.90338 0.00000 0.09662 ( 1)  0.871  0.097
  70 F   0.00000 0.00000 1.00000 ( 3)  9.010  1.000
  71 S   0.91263 0.00000 0.08737 ( 1)  0.787  0.087
  72 S   0.91560 0.00000 0.08440 ( 1)  0.760  0.084
  73 V   0.93699 0.00000 0.06301 ( 1)  0.568  0.063
  74 R   0.92251 0.00000 0.07749 ( 1)  0.698  0.077
  75 S   0.91263 0.00000 0.08737 ( 1)  0.787  0.087
  76 L   0.93179 0.00000 0.06821 ( 1)  0.615  0.068
  77 P   0.93156 0.00000 0.06844 ( 1)  0.617  0.068
  78 I   0.93957 0.00000 0.06043 ( 1)  0.545  0.060
  79 Y   0.00000 0.00000 1.00000 ( 3)  9.010  1.000
  80 P   0.91574 0.00000 0.08426 ( 1)  0.759  0.084
  81 F   0.91960 0.00000 0.08040 ( 1)  0.724  0.080
  82 G   0.92927 0.00000 0.07073 ( 1)  0.637  0.071
  83 G   0.92927 0.00000 0.07073 ( 1)  0.637  0.071
  84 D   0.91750 0.00000 0.08250 ( 1)  0.743  0.083
  85 R   0.92251 0.00000 0.07749 ( 1)  0.698  0.077
  86 I   0.92125 0.00000 0.07875 ( 1)  0.710  0.079
  87 S   0.90207 0.00000 0.09793 ( 1)  0.882  0.098
  88 H   0.91169 0.00000 0.08831 ( 1)  0.796  0.088
  89 L   0.91602 0.00000 0.08398 ( 1)  0.757  0.084
  90 S   0.91263 0.00000 0.08737 ( 1)  0.787  0.087
  91 G   0.91249 0.00000 0.08751 ( 1)  0.788  0.088
  92 G   0.91382 0.00000 0.08618 ( 1)  0.777  0.086
  93 Y   0.92268 0.00000 0.07732 ( 1)  0.697  0.077
  94 D   0.92199 0.00000 0.07801 ( 1)  0.703  0.078
  95 S   0.90207 0.00000 0.09793 ( 1)  0.882  0.098
  96 W   0.90267 0.00000 0.09733 ( 1)  0.877  0.097
  97 K   0.91518 0.00000 0.08482 ( 1)  0.764  0.085
  98 E   0.91718 0.00000 0.08282 ( 1)  0.746  0.083
  99 R   0.91414 0.00000 0.08586 ( 1)  0.774  0.086
 100 E   0.90876 0.00000 0.09124 ( 1)  0.822  0.091
 101 V   0.91949 0.00000 0.08051 ( 1)  0.725  0.081
 102 E   0.00000 0.00000 1.00000 ( 3)  9.010  1.000
 103 C   0.92331 0.00000 0.07669 ( 1)  0.691  0.077
 104 A   0.92105 0.00000 0.07895 ( 1)  0.711  0.079
 105 F   0.93477 0.00000 0.06523 ( 1)  0.588  0.065
 106 I   0.92339 0.00000 0.07661 ( 1)  0.690  0.077
 107 L   0.90756 0.00000 0.09244 ( 1)  0.833  0.092
 108 S   0.91512 0.00000 0.08488 ( 1)  0.765  0.085
 109 F   0.91960 0.00000 0.08040 ( 1)  0.724  0.080
 110 T   0.90814 0.00000 0.09186 ( 1)  0.828  0.092
 111 Q   0.89858 0.00000 0.10142 ( 1)  0.914  0.101
 112 F   0.91960 0.00000 0.08040 ( 1)  0.724  0.080
 113 L   0.90756 0.00000 0.09244 ( 1)  0.833  0.092
 114 A   0.90865 0.00000 0.09135 ( 1)  0.823  0.091
 115 K   0.90673 0.00000 0.09327 ( 1)  0.840  0.093
 116 N   0.91601 0.00000 0.08399 ( 1)  0.757  0.084
 117 L   0.89621 0.00000 0.10379 ( 1)  0.935  0.104
 118 N   0.00000 0.00000 1.00000 ( 3)  9.010  1.000
 119 D   0.93202 0.00000 0.06798 ( 1)  0.612  0.068
 120 M   0.00000 0.00000 1.00000 ( 3)  9.010  1.000
 121 V   0.90862 0.00000 0.09138 ( 1)  0.823  0.091
 122 L   0.91602 0.00000 0.08398 ( 1)  0.757  0.084
 123 A   0.91957 0.00000 0.08043 ( 1)  0.725  0.080
 124 K   0.90673 0.00000 0.09327 ( 1)  0.840  0.093
 125 C   0.90954 0.00000 0.09046 ( 1)  0.815  0.090
 126 P   0.90440 0.00000 0.09560 ( 1)  0.861  0.096
 127 G   0.00000 0.00000 1.00000 ( 3)  9.010  1.000
 128 S   0.92382 0.00000 0.07618 ( 1)  0.686  0.076
 129 I   0.92339 0.00000 0.07661 ( 1)  0.690  0.077
 130 I   0.92339 0.00000 0.07661 ( 1)  0.690  0.077
 131 A   0.92105 0.00000 0.07895 ( 1)  0.711  0.079
 132 E   0.90876 0.00000 0.09124 ( 1)  0.822  0.091
 133 M   0.93296 0.00000 0.06704 ( 1)  0.604  0.067
 134 S   0.92993 0.00000 0.07007 ( 1)  0.631  0.070
 135 S   0.91512 0.00000 0.08488 ( 1)  0.765  0.085

Positively selected sites

	Prob(w>1)  mean w

    70 F      1.000**       9.010
    79 Y      1.000**       9.010
   102 E      1.000**       9.010
   118 N      1.000**       9.010
   120 M      1.000**       9.010
   127 G      1.000**       9.010


lnL =  -600.449776

Bayes Empirical Bayes (BEB) probabilities for 3 classes (class) & postmean_w
(amino acids refer to 1st sequence: spe.3761)

   1 L   0.46745 0.38569 0.14686 ( 1)  1.102 +-  1.386
   2 A   0.47453 0.38666 0.13881 ( 1)  1.059 +-  1.299
   3 V   0.48244 0.38715 0.13041 ( 1)  1.017 +-  1.211
   4 T   0.48215 0.38732 0.13052 ( 1)  1.016 +-  1.209
   5 T   0.47358 0.38661 0.13981 ( 1)  1.064 +-  1.309
   6 G   0.47475 0.38673 0.13851 ( 1)  1.057 +-  1.295
   7 V   0.47388 0.38658 0.13954 ( 1)  1.063 +-  1.307
   8 Y   0.47502 0.38681 0.13818 ( 1)  1.055 +-  1.291
   9 S   0.47817 0.38716 0.13467 ( 1)  1.037 +-  1.252
  10 L   0.46745 0.38569 0.14686 ( 1)  1.102 +-  1.386
  11 P   0.47162 0.38635 0.14203 ( 1)  1.076 +-  1.334
  12 T   0.46918 0.38600 0.14483 ( 1)  1.091 +-  1.364
  13 Q   0.46772 0.38578 0.14650 ( 1)  1.100 +-  1.382
  14 T   0.48215 0.38732 0.13052 ( 1)  1.016 +-  1.209
  15 L   0.47939 0.38713 0.13348 ( 1)  1.031 +-  1.241
  16 G   0.47805 0.38708 0.13487 ( 1)  1.038 +-  1.255
  17 L   0.46745 0.38569 0.14686 ( 1)  1.102 +-  1.386
  18 A   0.48251 0.38721 0.13028 ( 1)  1.016 +-  1.209
  19 L   0.47939 0.38713 0.13348 ( 1)  1.031 +-  1.241
  20 I   0.48333 0.38737 0.12930 ( 1)  1.010 +-  1.196
  21 S   0.46694 0.38562 0.14744 ( 1)  1.105 +-  1.393
  22 T   0.48215 0.38732 0.13052 ( 1)  1.016 +-  1.209
  23 L   0.47939 0.38713 0.13348 ( 1)  1.031 +-  1.241
  24 A   0.48251 0.38721 0.13028 ( 1)  1.016 +-  1.209
  25 T   0.47358 0.38661 0.13981 ( 1)  1.064 +-  1.309
  26 V   0.48244 0.38715 0.13041 ( 1)  1.017 +-  1.211
  27 L   0.46894 0.38597 0.14509 ( 1)  1.092 +-  1.367
  28 P   0.47218 0.38643 0.14139 ( 1)  1.072 +-  1.326
  29 S   0.47911 0.38716 0.13373 ( 1)  1.032 +-  1.243
  30 S   0.47182 0.38642 0.14176 ( 1)  1.074 +-  1.330
  31 V   0.47388 0.38658 0.13954 ( 1)  1.063 +-  1.307
  32 R   0.46926 0.38603 0.14472 ( 1)  1.090 +-  1.362
  33 S   0.47911 0.38716 0.13373 ( 1)  1.032 +-  1.243
  34 G   0.47805 0.38708 0.13487 ( 1)  1.038 +-  1.255
  35 I   0.48333 0.38737 0.12930 ( 1)  1.010 +-  1.196
  36 S   0.46694 0.38562 0.14744 ( 1)  1.105 +-  1.393
  37 D   0.47938 0.38718 0.13344 ( 1)  1.031 +-  1.240
  38 G   0.47805 0.38708 0.13487 ( 1)  1.038 +-  1.255
  39 H   0.47049 0.38622 0.14328 ( 1)  1.082 +-  1.347
  40 A   0.46943 0.38601 0.14456 ( 1)  1.089 +-  1.361
  41 D   0.47285 0.38654 0.14061 ( 1)  1.068 +-  1.318
  42 D   0.47938 0.38718 0.13344 ( 1)  1.031 +-  1.240
  43 L   0.46745 0.38569 0.14686 ( 1)  1.102 +-  1.386
  44 F   0.47371 0.38665 0.13964 ( 1)  1.063 +-  1.307
  45 E   0.46936 0.38605 0.14459 ( 1)  1.089 +-  1.361
  46 K   0.47185 0.38643 0.14172 ( 1)  1.074 +-  1.329
  47 L   0.47939 0.38713 0.13348 ( 1)  1.031 +-  1.241
  48 P   0.47218 0.38643 0.14139 ( 1)  1.072 +-  1.326
  49 V   0.48244 0.38715 0.13041 ( 1)  1.017 +-  1.211
  50 I   0.48333 0.38737 0.12930 ( 1)  1.010 +-  1.196
  51 L   0.47939 0.38713 0.13348 ( 1)  1.031 +-  1.241
  52 Q   0.46772 0.38578 0.14650 ( 1)  1.100 +-  1.382
  53 H   0.47615 0.38694 0.13691 ( 1)  1.049 +-  1.277
  54 T   0.48215 0.38732 0.13052 ( 1)  1.016 +-  1.209
  55 S   0.47817 0.38716 0.13467 ( 1)  1.037 +-  1.252
  56 G   0.47086 0.38625 0.14289 ( 1)  1.080 +-  1.343
  57 S   0.47210 0.38643 0.14147 ( 1)  1.073 +-  1.327
  58 G   0.47805 0.38708 0.13487 ( 1)  1.038 +-  1.255
  59 A   0.48251 0.38721 0.13028 ( 1)  1.016 +-  1.209
  60 N   0.47863 0.38718 0.13419 ( 1)  1.035 +-  1.247
  61 D   0.47938 0.38718 0.13344 ( 1)  1.031 +-  1.240
  62 D   0.47938 0.38718 0.13344 ( 1)  1.031 +-  1.240
  63 P   0.46778 0.38577 0.14645 ( 1)  1.100 +-  1.382
  64 A   0.47453 0.38666 0.13881 ( 1)  1.059 +-  1.299
  65 K   0.47185 0.38643 0.14172 ( 1)  1.074 +-  1.329
  66 V   0.46943 0.38601 0.14456 ( 1)  1.090 +-  1.362
  67 C   0.47523 0.38686 0.13792 ( 1)  1.054 +-  1.287
  68 S   0.47911 0.38716 0.13373 ( 1)  1.032 +-  1.243
  69 L   0.46745 0.38569 0.14686 ( 1)  1.102 +-  1.386
  70 F   0.21981 0.38320 0.39699 ( 3)  2.432 +-  2.668
  71 S   0.47094 0.38625 0.14280 ( 1)  1.080 +-  1.342
  72 S   0.47210 0.38643 0.14147 ( 1)  1.073 +-  1.327
  73 V   0.48244 0.38715 0.13041 ( 1)  1.017 +-  1.211
  74 R   0.47492 0.38680 0.13827 ( 1)  1.056 +-  1.292
  75 S   0.47094 0.38625 0.14280 ( 1)  1.080 +-  1.342
  76 L   0.47939 0.38713 0.13348 ( 1)  1.031 +-  1.241
  77 P   0.47921 0.38715 0.13365 ( 1)  1.032 +-  1.242
  78 I   0.48333 0.38737 0.12930 ( 1)  1.010 +-  1.196
  79 Y   0.21281 0.37467 0.41252 ( 3)  2.529 +-  2.737
  80 P   0.47218 0.38643 0.14139 ( 1)  1.072 +-  1.326
  81 F   0.47371 0.38665 0.13964 ( 1)  1.063 +-  1.307
  82 G   0.47805 0.38708 0.13487 ( 1)  1.038 +-  1.255
  83 G   0.47805 0.38708 0.13487 ( 1)  1.038 +-  1.255
  84 D   0.47285 0.38654 0.14061 ( 1)  1.068 +-  1.318
  85 R   0.47492 0.38680 0.13827 ( 1)  1.056 +-  1.292
  86 I   0.47435 0.38675 0.13890 ( 1)  1.059 +-  1.298
  87 S   0.46694 0.38562 0.14744 ( 1)  1.105 +-  1.393
  88 H   0.47049 0.38622 0.14328 ( 1)  1.082 +-  1.347
  89 L   0.47232 0.38644 0.14124 ( 1)  1.072 +-  1.325
  90 S   0.47094 0.38625 0.14280 ( 1)  1.080 +-  1.342
  91 G   0.47086 0.38625 0.14289 ( 1)  1.080 +-  1.343
  92 G   0.47138 0.38633 0.14229 ( 1)  1.077 +-  1.336
  93 Y   0.47502 0.38681 0.13818 ( 1)  1.055 +-  1.291
  94 D   0.47550 0.38654 0.13796 ( 1)  1.056 +-  1.294
  95 S   0.46694 0.38562 0.14744 ( 1)  1.105 +-  1.393
  96 W   0.46710 0.38567 0.14723 ( 1)  1.104 +-  1.390
  97 K   0.47185 0.38643 0.14172 ( 1)  1.074 +-  1.329
  98 E   0.47270 0.38653 0.14078 ( 1)  1.069 +-  1.319
  99 R   0.47143 0.38637 0.14220 ( 1)  1.077 +-  1.334
 100 E   0.46936 0.38605 0.14459 ( 1)  1.089 +-  1.361
 101 V   0.47388 0.38658 0.13954 ( 1)  1.063 +-  1.307
 102 E   0.20392 0.36331 0.43277 ( 3)  2.658 +-  2.824
 103 C   0.47523 0.38686 0.13792 ( 1)  1.054 +-  1.287
 104 A   0.47453 0.38666 0.13881 ( 1)  1.059 +-  1.299
 105 F   0.48068 0.38729 0.13203 ( 1)  1.024 +-  1.224
 106 I   0.47540 0.38682 0.13778 ( 1)  1.053 +-  1.287
 107 L   0.46894 0.38597 0.14509 ( 1)  1.092 +-  1.367
 108 S   0.47182 0.38642 0.14176 ( 1)  1.074 +-  1.330
 109 F   0.47371 0.38665 0.13964 ( 1)  1.063 +-  1.307
 110 T   0.46918 0.38600 0.14483 ( 1)  1.091 +-  1.364
 111 Q   0.46564 0.38541 0.14895 ( 1)  1.113 +-  1.409
 112 F   0.47371 0.38665 0.13964 ( 1)  1.063 +-  1.307
 113 L   0.46894 0.38597 0.14509 ( 1)  1.092 +-  1.367
 114 A   0.46943 0.38601 0.14456 ( 1)  1.089 +-  1.361
 115 K   0.46858 0.38593 0.14549 ( 1)  1.094 +-  1.371
 116 N   0.47220 0.38647 0.14133 ( 1)  1.072 +-  1.325
 117 L   0.46485 0.38524 0.14991 ( 1)  1.119 +-  1.419
 118 N   0.21089 0.37218 0.41693 ( 3)  2.558 +-  2.758
 119 D   0.47938 0.38718 0.13344 ( 1)  1.031 +-  1.240
 120 M   0.11449 0.25679 0.62873 ( 3)  3.757 +-  3.201
 121 V   0.46943 0.38601 0.14456 ( 1)  1.090 +-  1.362
 122 L   0.47232 0.38644 0.14124 ( 1)  1.072 +-  1.325
 123 A   0.47389 0.38659 0.13952 ( 1)  1.063 +-  1.307
 124 K   0.46858 0.38593 0.14549 ( 1)  1.094 +-  1.371
 125 C   0.46965 0.38610 0.14425 ( 1)  1.088 +-  1.357
 126 P   0.46778 0.38577 0.14645 ( 1)  1.100 +-  1.382
 127 G   0.20812 0.36876 0.42312 ( 3)  2.596 +-  2.783
 128 S   0.47564 0.38682 0.13754 ( 1)  1.052 +-  1.285
 129 I   0.47540 0.38682 0.13778 ( 1)  1.053 +-  1.287
 130 I   0.47540 0.38682 0.13778 ( 1)  1.053 +-  1.287
 131 A   0.47453 0.38666 0.13881 ( 1)  1.059 +-  1.299
 132 E   0.46936 0.38605 0.14459 ( 1)  1.089 +-  1.361
 133 M   0.47959 0.38729 0.13312 ( 1)  1.029 +-  1.235
 134 S   0.47817 0.38716 0.13467 ( 1)  1.037 +-  1.252
 135 S   0.47182 0.38642 0.14176 ( 1)  1.074 +-  1.330

Positively selected sites

	Prob(w>1)  mean w

   120 M      0.629         3.757 +- 3.201

