Supplemental results for CODEML (seqf: algn  treef: tree)


dN/dS (w) for site classes (K=8)

p:   0.12500  0.12500  0.12500  0.12500  0.12500  0.12500  0.12500  0.12500
w:   0.18201  0.20387  0.21795  0.23003  0.24177  0.25443  0.27001  0.29610

Naive Empirical Bayes (NEB) probabilities for 8 classes & postmean_w
(amino acids refer to 1st sequence: Msl.16877)

   1 M   0.12511 0.12506 0.12504 0.12501 0.12499 0.12497 0.12494 0.12488 ( 1)  0.237
   2 H   0.12514 0.12508 0.12505 0.12502 0.12499 0.12496 0.12492 0.12485 ( 1)  0.237
   3 K   0.12513 0.12508 0.12504 0.12502 0.12499 0.12496 0.12492 0.12486 ( 1)  0.237
   4 Q   0.12514 0.12509 0.12505 0.12502 0.12499 0.12495 0.12491 0.12485 ( 1)  0.237
   5 E   0.12506 0.12503 0.12502 0.12501 0.12500 0.12498 0.12497 0.12494 ( 1)  0.237
   6 E   0.12506 0.12503 0.12502 0.12501 0.12500 0.12498 0.12497 0.12494 ( 1)  0.237
   7 A   0.12510 0.12506 0.12503 0.12501 0.12499 0.12497 0.12494 0.12490 ( 1)  0.237
   8 S   0.12508 0.12505 0.12503 0.12501 0.12499 0.12497 0.12495 0.12491 ( 1)  0.237
   9 L   0.12513 0.12508 0.12504 0.12502 0.12499 0.12496 0.12492 0.12486 ( 1)  0.237
  10 L   0.12513 0.12508 0.12504 0.12502 0.12499 0.12496 0.12492 0.12486 ( 1)  0.237
  11 Y   0.12510 0.12506 0.12504 0.12501 0.12499 0.12497 0.12494 0.12489 ( 1)  0.237
  12 L   0.12505 0.12503 0.12502 0.12501 0.12500 0.12498 0.12497 0.12495 ( 1)  0.237
  13 A   0.12503 0.12502 0.12501 0.12500 0.12500 0.12499 0.12498 0.12496 ( 1)  0.237
  14 I   0.12508 0.12505 0.12503 0.12501 0.12499 0.12497 0.12495 0.12491 ( 1)  0.237
  15 L   0.12504 0.12502 0.12501 0.12500 0.12500 0.12499 0.12498 0.12496 ( 1)  0.237
  16 G   0.12509 0.12506 0.12503 0.12501 0.12499 0.12497 0.12494 0.12490 ( 1)  0.237
  17 D   0.12508 0.12505 0.12503 0.12501 0.12499 0.12498 0.12495 0.12492 ( 1)  0.237
  18 I   0.12508 0.12505 0.12503 0.12501 0.12499 0.12497 0.12495 0.12491 ( 1)  0.237
  19 D   0.12512 0.12507 0.12504 0.12502 0.12499 0.12496 0.12493 0.12487 ( 1)  0.237
  20 A   0.12505 0.12503 0.12502 0.12501 0.12500 0.12498 0.12497 0.12495 ( 1)  0.237
  21 L   0.12506 0.12504 0.12502 0.12501 0.12499 0.12498 0.12497 0.12494 ( 1)  0.237
  22 R   0.12504 0.12502 0.12501 0.12500 0.12500 0.12499 0.12498 0.12496 ( 1)  0.237
  23 A   0.12510 0.12506 0.12503 0.12501 0.12499 0.12497 0.12494 0.12490 ( 1)  0.237
  24 G   0.12509 0.12506 0.12503 0.12501 0.12499 0.12497 0.12494 0.12490 ( 1)  0.237
  25 I   0.12508 0.12505 0.12503 0.12501 0.12499 0.12497 0.12495 0.12491 ( 1)  0.237
  26 E   0.12514 0.12509 0.12505 0.12502 0.12499 0.12496 0.12492 0.12485 ( 1)  0.237
  27 L   0.12511 0.12507 0.12504 0.12501 0.12499 0.12497 0.12493 0.12488 ( 1)  0.237
  28 V   0.12509 0.12506 0.12503 0.12501 0.12499 0.12497 0.12494 0.12490 ( 1)  0.237
  29 R   0.12506 0.12504 0.12502 0.12501 0.12499 0.12498 0.12496 0.12494 ( 1)  0.237
  30 Q   0.12514 0.12509 0.12505 0.12502 0.12499 0.12495 0.12491 0.12485 ( 1)  0.237
  31 R   0.12506 0.12504 0.12502 0.12501 0.12499 0.12498 0.12496 0.12494 ( 1)  0.237
  32 H   0.12514 0.12508 0.12505 0.12502 0.12499 0.12496 0.12492 0.12485 ( 1)  0.237
  33 G   0.12509 0.12506 0.12503 0.12501 0.12499 0.12497 0.12494 0.12490 ( 1)  0.237
  34 S   0.12508 0.12505 0.12503 0.12501 0.12499 0.12497 0.12495 0.12491 ( 1)  0.237
  35 S   0.12508 0.12505 0.12503 0.12501 0.12499 0.12497 0.12495 0.12491 ( 1)  0.237
  36 S   0.12508 0.12505 0.12503 0.12501 0.12499 0.12497 0.12495 0.12491 ( 1)  0.237
  37 L   0.12511 0.12507 0.12504 0.12501 0.12499 0.12497 0.12493 0.12488 ( 1)  0.237
  38 R   0.12503 0.12502 0.12501 0.12500 0.12500 0.12499 0.12498 0.12497 ( 1)  0.237
  39 K   0.12505 0.12503 0.12502 0.12501 0.12500 0.12499 0.12497 0.12495 ( 1)  0.237
  40 L   0.12505 0.12503 0.12502 0.12501 0.12500 0.12498 0.12497 0.12495 ( 1)  0.237
  41 A   0.12510 0.12506 0.12503 0.12501 0.12499 0.12497 0.12494 0.12490 ( 1)  0.237
  42 E   0.12506 0.12503 0.12502 0.12501 0.12500 0.12498 0.12497 0.12494 ( 1)  0.237
  43 V   0.12509 0.12506 0.12503 0.12501 0.12499 0.12497 0.12494 0.12490 ( 1)  0.237
  44 C   0.12507 0.12505 0.12503 0.12501 0.12499 0.12498 0.12496 0.12492 ( 1)  0.237
  45 D   0.12512 0.12507 0.12504 0.12502 0.12499 0.12496 0.12493 0.12487 ( 1)  0.237
  46 E   0.12506 0.12503 0.12502 0.12501 0.12500 0.12498 0.12497 0.12494 ( 1)  0.237
  47 Y   0.12505 0.12503 0.12502 0.12501 0.12500 0.12498 0.12497 0.12494 ( 1)  0.237
  48 G   0.12509 0.12506 0.12503 0.12501 0.12499 0.12497 0.12494 0.12490 ( 1)  0.237
  49 A   0.12510 0.12506 0.12503 0.12501 0.12499 0.12497 0.12494 0.12490 ( 1)  0.237
  50 G   0.12503 0.12502 0.12501 0.12500 0.12500 0.12499 0.12498 0.12496 ( 1)  0.237
  51 L   0.12505 0.12503 0.12502 0.12501 0.12500 0.12498 0.12497 0.12495 ( 1)  0.237
  52 I   0.12505 0.12503 0.12502 0.12501 0.12500 0.12499 0.12497 0.12495 ( 1)  0.237
  53 H   0.12514 0.12508 0.12505 0.12502 0.12499 0.12496 0.12492 0.12485 ( 1)  0.237
  54 Y   0.12510 0.12506 0.12504 0.12501 0.12499 0.12497 0.12494 0.12489 ( 1)  0.237
  55 A   0.12512 0.12507 0.12504 0.12502 0.12499 0.12496 0.12493 0.12487 ( 1)  0.237
  56 A   0.12510 0.12506 0.12503 0.12501 0.12499 0.12497 0.12494 0.12490 ( 1)  0.237
  57 R   0.12509 0.12505 0.12503 0.12501 0.12499 0.12497 0.12495 0.12491 ( 1)  0.237
  58 S   0.12512 0.12507 0.12504 0.12501 0.12499 0.12496 0.12493 0.12488 ( 1)  0.237
  59 P   0.12513 0.12508 0.12505 0.12502 0.12499 0.12496 0.12492 0.12486 ( 1)  0.237
  60 H   0.12514 0.12508 0.12505 0.12502 0.12499 0.12496 0.12492 0.12485 ( 1)  0.237
  61 L   0.12513 0.12508 0.12504 0.12502 0.12499 0.12496 0.12492 0.12486 ( 1)  0.237
  62 P   0.12504 0.12502 0.12501 0.12500 0.12500 0.12499 0.12498 0.12496 ( 1)  0.237
  63 P   0.12513 0.12508 0.12505 0.12502 0.12499 0.12496 0.12492 0.12486 ( 1)  0.237
  64 L   0.12513 0.12508 0.12504 0.12502 0.12499 0.12496 0.12492 0.12486 ( 1)  0.237
  65 Q   0.12514 0.12509 0.12505 0.12502 0.12499 0.12495 0.12491 0.12485 ( 1)  0.237
  66 Y   0.12510 0.12506 0.12504 0.12501 0.12499 0.12497 0.12494 0.12489 ( 1)  0.237
  67 L   0.12513 0.12508 0.12504 0.12502 0.12499 0.12496 0.12492 0.12486 ( 1)  0.237
  68 A   0.12510 0.12506 0.12503 0.12501 0.12499 0.12497 0.12494 0.12490 ( 1)  0.237
  69 S   0.12508 0.12505 0.12503 0.12501 0.12499 0.12497 0.12495 0.12491 ( 1)  0.237
  70 G   0.12509 0.12506 0.12503 0.12501 0.12499 0.12497 0.12494 0.12490 ( 1)  0.237
  71 D   0.12512 0.12507 0.12504 0.12502 0.12499 0.12496 0.12493 0.12487 ( 1)  0.237
  72 F   0.12504 0.12503 0.12502 0.12501 0.12500 0.12499 0.12497 0.12495 ( 1)  0.237
  73 G   0.12509 0.12506 0.12503 0.12501 0.12499 0.12497 0.12494 0.12490 ( 1)  0.237
  74 L   0.12513 0.12508 0.12504 0.12502 0.12499 0.12496 0.12492 0.12486 ( 1)  0.237
  75 S   0.12512 0.12507 0.12504 0.12501 0.12499 0.12496 0.12493 0.12488 ( 1)  0.237
  76 V   0.12505 0.12503 0.12502 0.12501 0.12500 0.12498 0.12497 0.12495 ( 1)  0.237
  77 R   0.12504 0.12502 0.12501 0.12500 0.12500 0.12499 0.12498 0.12496 ( 1)  0.237
  78 A   0.12510 0.12506 0.12503 0.12501 0.12499 0.12497 0.12494 0.12490 ( 1)  0.237
  79 A   0.12503 0.12502 0.12501 0.12500 0.12500 0.12499 0.12498 0.12496 ( 1)  0.237
  80 A   0.12510 0.12506 0.12503 0.12501 0.12499 0.12497 0.12494 0.12490 ( 1)  0.237
  81 E   0.12514 0.12509 0.12505 0.12502 0.12499 0.12496 0.12492 0.12485 ( 1)  0.237
  82 F   0.12508 0.12505 0.12503 0.12501 0.12499 0.12498 0.12495 0.12492 ( 1)  0.237
  83 G   0.12509 0.12506 0.12503 0.12501 0.12499 0.12497 0.12494 0.12490 ( 1)  0.237
  84 N   0.12511 0.12507 0.12504 0.12501 0.12499 0.12497 0.12493 0.12488 ( 1)  0.237
  85 T   0.12512 0.12507 0.12504 0.12502 0.12499 0.12496 0.12493 0.12487 ( 1)  0.237
  86 P   0.12513 0.12508 0.12505 0.12502 0.12499 0.12496 0.12492 0.12486 ( 1)  0.237
  87 A   0.12505 0.12503 0.12502 0.12501 0.12500 0.12498 0.12497 0.12495 ( 1)  0.237
  88 H   0.12514 0.12508 0.12505 0.12502 0.12499 0.12496 0.12492 0.12485 ( 1)  0.237
  89 D   0.12512 0.12507 0.12504 0.12502 0.12499 0.12496 0.12493 0.12487 ( 1)  0.237
  90 A   0.12510 0.12506 0.12503 0.12501 0.12499 0.12497 0.12494 0.12490 ( 1)  0.237
  91 V   0.12512 0.12507 0.12504 0.12502 0.12499 0.12496 0.12493 0.12487 ( 1)  0.237
  92 V   0.12512 0.12507 0.12504 0.12502 0.12499 0.12496 0.12493 0.12487 ( 1)  0.237
  93 S   0.12510 0.12506 0.12503 0.12501 0.12499 0.12497 0.12494 0.12490 ( 1)  0.237
  94 S   0.12508 0.12505 0.12503 0.12501 0.12499 0.12497 0.12495 0.12491 ( 1)  0.237
  95 H   0.12509 0.12505 0.12503 0.12501 0.12499 0.12497 0.12495 0.12490 ( 1)  0.237
  96 P   0.12513 0.12508 0.12505 0.12502 0.12499 0.12496 0.12492 0.12486 ( 1)  0.237
  97 E   0.12514 0.12509 0.12505 0.12502 0.12499 0.12496 0.12492 0.12485 ( 1)  0.237
  98 N   0.12506 0.12504 0.12502 0.12501 0.12499 0.12498 0.12496 0.12493 ( 1)  0.237
  99 V   0.12509 0.12506 0.12503 0.12501 0.12499 0.12497 0.12494 0.12490 ( 1)  0.237
 100 I   0.12508 0.12505 0.12503 0.12501 0.12499 0.12497 0.12495 0.12491 ( 1)  0.237
 101 W   0.12507 0.12504 0.12503 0.12501 0.12499 0.12498 0.12496 0.12492 ( 1)  0.237
 102 L   0.12513 0.12508 0.12504 0.12502 0.12499 0.12496 0.12492 0.12486 ( 1)  0.237
 103 V   0.12512 0.12507 0.12504 0.12502 0.12499 0.12496 0.12493 0.12487 ( 1)  0.237
 104 S   0.12505 0.12503 0.12502 0.12501 0.12500 0.12498 0.12497 0.12495 ( 1)  0.237
 105 E   0.12514 0.12509 0.12505 0.12502 0.12499 0.12496 0.12492 0.12485 ( 1)  0.237
 106 A   0.12505 0.12503 0.12502 0.12501 0.12500 0.12498 0.12497 0.12495 ( 1)  0.237
 107 G   0.12509 0.12506 0.12503 0.12501 0.12499 0.12497 0.12494 0.12490 ( 1)  0.237
 108 A   0.12505 0.12503 0.12502 0.12501 0.12500 0.12498 0.12497 0.12495 ( 1)  0.237
 109 D   0.12512 0.12507 0.12504 0.12502 0.12499 0.12496 0.12493 0.12487 ( 1)  0.237
 110 P   0.12513 0.12508 0.12505 0.12502 0.12499 0.12496 0.12492 0.12486 ( 1)  0.237
 111 L   0.12513 0.12508 0.12504 0.12502 0.12499 0.12496 0.12492 0.12486 ( 1)  0.237
 112 A   0.12505 0.12503 0.12502 0.12501 0.12500 0.12498 0.12497 0.12495 ( 1)  0.237
 113 A   0.12505 0.12503 0.12502 0.12501 0.12500 0.12498 0.12497 0.12495 ( 1)  0.237
 114 D   0.12512 0.12507 0.12504 0.12502 0.12499 0.12496 0.12493 0.12487 ( 1)  0.237
 115 R   0.12503 0.12502 0.12501 0.12500 0.12500 0.12499 0.12498 0.12497 ( 1)  0.237
 116 E   0.12506 0.12503 0.12502 0.12501 0.12500 0.12498 0.12497 0.12494 ( 1)  0.237
 117 G   0.12512 0.12507 0.12504 0.12502 0.12499 0.12496 0.12493 0.12487 ( 1)  0.237
 118 L   0.12513 0.12508 0.12504 0.12502 0.12499 0.12496 0.12492 0.12486 ( 1)  0.237
 119 N   0.12506 0.12504 0.12502 0.12501 0.12499 0.12498 0.12496 0.12493 ( 1)  0.237
 120 L   0.12506 0.12504 0.12502 0.12501 0.12499 0.12498 0.12497 0.12494 ( 1)  0.237
 121 L   0.12513 0.12508 0.12504 0.12502 0.12499 0.12496 0.12492 0.12486 ( 1)  0.237
 122 H   0.12514 0.12508 0.12505 0.12502 0.12499 0.12496 0.12492 0.12485 ( 1)  0.237
 123 L   0.12505 0.12503 0.12502 0.12501 0.12500 0.12498 0.12497 0.12495 ( 1)  0.237
 124 A   0.12510 0.12506 0.12503 0.12501 0.12499 0.12497 0.12494 0.12490 ( 1)  0.237
 125 A   0.12510 0.12506 0.12503 0.12501 0.12499 0.12497 0.12494 0.12490 ( 1)  0.237
 126 Y   0.12505 0.12503 0.12502 0.12501 0.12500 0.12498 0.12497 0.12494 ( 1)  0.237
 127 T   0.12505 0.12503 0.12502 0.12501 0.12500 0.12498 0.12497 0.12495 ( 1)  0.237
 128 G   0.12505 0.12503 0.12502 0.12501 0.12500 0.12498 0.12497 0.12495 ( 1)  0.237
 129 Q   0.12514 0.12509 0.12505 0.12502 0.12499 0.12495 0.12491 0.12485 ( 1)  0.237
 130 R   0.12503 0.12502 0.12501 0.12500 0.12500 0.12499 0.12498 0.12497 ( 1)  0.237
 131 D   0.12512 0.12507 0.12504 0.12502 0.12499 0.12496 0.12493 0.12487 ( 1)  0.237
 132 L   0.12513 0.12508 0.12504 0.12502 0.12499 0.12496 0.12492 0.12486 ( 1)  0.237
 133 T   0.12503 0.12502 0.12501 0.12500 0.12500 0.12499 0.12498 0.12496 ( 1)  0.237
 134 D   0.12512 0.12507 0.12504 0.12502 0.12499 0.12496 0.12493 0.12487 ( 1)  0.237
 135 W   0.12507 0.12504 0.12503 0.12501 0.12499 0.12498 0.12496 0.12492 ( 1)  0.237
 136 L   0.12513 0.12508 0.12504 0.12502 0.12499 0.12496 0.12492 0.12486 ( 1)  0.237
 137 L   0.12513 0.12508 0.12504 0.12502 0.12499 0.12496 0.12492 0.12486 ( 1)  0.237
 138 T   0.12509 0.12506 0.12503 0.12501 0.12499 0.12497 0.12495 0.12490 ( 1)  0.237
 139 N   0.12511 0.12507 0.12504 0.12501 0.12499 0.12497 0.12493 0.12488 ( 1)  0.237
 140 T   0.12509 0.12506 0.12503 0.12501 0.12499 0.12497 0.12495 0.12490 ( 1)  0.237
 141 T   0.12509 0.12506 0.12503 0.12501 0.12499 0.12497 0.12495 0.12490 ( 1)  0.237
 142 C   0.12507 0.12505 0.12503 0.12501 0.12499 0.12498 0.12496 0.12492 ( 1)  0.237
 143 C   0.12507 0.12505 0.12503 0.12501 0.12499 0.12498 0.12496 0.12492 ( 1)  0.237
 144 A   0.12510 0.12506 0.12503 0.12501 0.12499 0.12497 0.12494 0.12490 ( 1)  0.237
 145 D   0.12512 0.12507 0.12504 0.12502 0.12499 0.12496 0.12493 0.12487 ( 1)  0.237
 146 D   0.12508 0.12505 0.12503 0.12501 0.12499 0.12498 0.12495 0.12492 ( 1)  0.237
 147 R   0.12511 0.12507 0.12504 0.12501 0.12499 0.12496 0.12493 0.12488 ( 1)  0.237
 148 A   0.12505 0.12503 0.12502 0.12501 0.12500 0.12498 0.12497 0.12495 ( 1)  0.237
 149 R   0.12503 0.12502 0.12501 0.12500 0.12500 0.12499 0.12498 0.12497 ( 1)  0.237
 150 N   0.12511 0.12507 0.12504 0.12501 0.12499 0.12497 0.12493 0.12488 ( 1)  0.237
 151 G   0.12509 0.12506 0.12503 0.12501 0.12499 0.12497 0.12494 0.12490 ( 1)  0.237
 152 A   0.12510 0.12506 0.12503 0.12501 0.12499 0.12497 0.12494 0.12490 ( 1)  0.237
 153 T   0.12505 0.12503 0.12502 0.12501 0.12500 0.12498 0.12497 0.12495 ( 1)  0.237
 154 A   0.12512 0.12507 0.12504 0.12502 0.12499 0.12496 0.12493 0.12487 ( 1)  0.237
 155 L   0.12506 0.12504 0.12502 0.12501 0.12499 0.12498 0.12497 0.12494 ( 1)  0.237
 156 H   0.12509 0.12505 0.12503 0.12501 0.12499 0.12497 0.12495 0.12490 ( 1)  0.237
 157 F   0.12504 0.12503 0.12502 0.12501 0.12500 0.12499 0.12497 0.12495 ( 1)  0.237
 158 S   0.12508 0.12505 0.12503 0.12501 0.12499 0.12497 0.12495 0.12491 ( 1)  0.237
 159 A   0.12510 0.12506 0.12503 0.12501 0.12499 0.12497 0.12494 0.12490 ( 1)  0.237
 160 M   0.12511 0.12506 0.12504 0.12501 0.12499 0.12497 0.12494 0.12488 ( 1)  0.237
 161 K   0.12505 0.12503 0.12502 0.12501 0.12500 0.12499 0.12497 0.12495 ( 1)  0.237
 162 G   0.12509 0.12506 0.12503 0.12501 0.12499 0.12497 0.12494 0.12490 ( 1)  0.237
 163 K   0.12505 0.12503 0.12502 0.12501 0.12500 0.12499 0.12497 0.12495 ( 1)  0.237
 164 I   0.12505 0.12503 0.12502 0.12501 0.12500 0.12499 0.12497 0.12495 ( 1)  0.237
 165 N   0.12506 0.12504 0.12502 0.12501 0.12499 0.12498 0.12496 0.12493 ( 1)  0.237
 166 V   0.12509 0.12506 0.12503 0.12501 0.12499 0.12497 0.12494 0.12490 ( 1)  0.237
 167 M   0.12511 0.12506 0.12504 0.12501 0.12499 0.12497 0.12494 0.12488 ( 1)  0.237
 168 R   0.12511 0.12507 0.12504 0.12501 0.12499 0.12496 0.12493 0.12488 ( 1)  0.237
 169 S   0.12510 0.12506 0.12503 0.12501 0.12499 0.12497 0.12494 0.12490 ( 1)  0.237
 170 L   0.12513 0.12508 0.12504 0.12502 0.12499 0.12496 0.12492 0.12486 ( 1)  0.237
 171 L   0.12513 0.12508 0.12504 0.12502 0.12499 0.12496 0.12492 0.12486 ( 1)  0.237
 172 S   0.12510 0.12506 0.12503 0.12501 0.12499 0.12497 0.12494 0.12490 ( 1)  0.237
 173 W   0.12507 0.12504 0.12503 0.12501 0.12499 0.12498 0.12496 0.12492 ( 1)  0.237
 174 S   0.12512 0.12507 0.12504 0.12501 0.12499 0.12496 0.12493 0.12488 ( 1)  0.237
 175 L   0.12506 0.12504 0.12502 0.12501 0.12499 0.12498 0.12497 0.12494 ( 1)  0.237
 176 R   0.12506 0.12504 0.12502 0.12501 0.12499 0.12498 0.12496 0.12494 ( 1)  0.237
 177 S   0.12505 0.12503 0.12502 0.12501 0.12500 0.12498 0.12497 0.12495 ( 1)  0.237
 178 L   0.12511 0.12507 0.12504 0.12501 0.12499 0.12497 0.12493 0.12488 ( 1)  0.237
 179 D   0.12512 0.12507 0.12504 0.12502 0.12499 0.12496 0.12493 0.12487 ( 1)  0.237
 180 P   0.12510 0.12506 0.12504 0.12501 0.12499 0.12497 0.12494 0.12489 ( 1)  0.237
 181 D   0.12512 0.12507 0.12504 0.12502 0.12499 0.12496 0.12493 0.12487 ( 1)  0.237
 182 C   0.12507 0.12505 0.12503 0.12501 0.12499 0.12498 0.12496 0.12492 ( 1)  0.237
 183 R   0.12514 0.12508 0.12505 0.12502 0.12499 0.12496 0.12492 0.12485 ( 1)  0.237
 184 M   0.12511 0.12506 0.12504 0.12501 0.12499 0.12497 0.12494 0.12488 ( 1)  0.237
 185 L   0.12513 0.12508 0.12504 0.12502 0.12499 0.12496 0.12492 0.12486 ( 1)  0.237
 186 N   0.12511 0.12507 0.12504 0.12501 0.12499 0.12497 0.12493 0.12488 ( 1)  0.237
 187 G   0.12509 0.12506 0.12503 0.12501 0.12499 0.12497 0.12494 0.12490 ( 1)  0.237
 188 A   0.12505 0.12503 0.12502 0.12501 0.12500 0.12498 0.12497 0.12495 ( 1)  0.237
 189 T   0.12512 0.12507 0.12504 0.12502 0.12499 0.12496 0.12493 0.12487 ( 1)  0.237
 190 P   0.12513 0.12508 0.12505 0.12502 0.12499 0.12496 0.12492 0.12486 ( 1)  0.237
 191 L   0.12513 0.12508 0.12504 0.12502 0.12499 0.12496 0.12492 0.12486 ( 1)  0.237
 192 Y   0.12510 0.12506 0.12504 0.12501 0.12499 0.12497 0.12494 0.12489 ( 1)  0.237
 193 L   0.12513 0.12508 0.12504 0.12502 0.12499 0.12496 0.12492 0.12486 ( 1)  0.237
 194 A   0.12503 0.12502 0.12501 0.12500 0.12500 0.12499 0.12498 0.12496 ( 1)  0.237
 195 C   0.12507 0.12505 0.12503 0.12501 0.12499 0.12498 0.12496 0.12492 ( 1)  0.237
 196 Q   0.12514 0.12509 0.12505 0.12502 0.12499 0.12495 0.12491 0.12485 ( 1)  0.237
 197 E   0.12514 0.12509 0.12505 0.12502 0.12499 0.12496 0.12492 0.12485 ( 1)  0.237
 198 G   0.12509 0.12506 0.12503 0.12501 0.12499 0.12497 0.12494 0.12490 ( 1)  0.237
 199 Y   0.12510 0.12506 0.12504 0.12501 0.12499 0.12497 0.12494 0.12489 ( 1)  0.237
 200 R   0.12506 0.12504 0.12502 0.12501 0.12499 0.12498 0.12496 0.12494 ( 1)  0.237
 201 L   0.12511 0.12507 0.12504 0.12501 0.12499 0.12497 0.12493 0.12488 ( 1)  0.237
 202 A   0.12510 0.12506 0.12503 0.12501 0.12499 0.12497 0.12494 0.12490 ( 1)  0.237
 203 A   0.12510 0.12506 0.12503 0.12501 0.12499 0.12497 0.12494 0.12490 ( 1)  0.237
 204 E   0.12514 0.12509 0.12505 0.12502 0.12499 0.12496 0.12492 0.12485 ( 1)  0.237
 205 C   0.12507 0.12505 0.12503 0.12501 0.12499 0.12498 0.12496 0.12492 ( 1)  0.237
 206 L   0.12511 0.12507 0.12504 0.12501 0.12499 0.12497 0.12493 0.12488 ( 1)  0.237
 207 V   0.12509 0.12506 0.12503 0.12501 0.12499 0.12497 0.12494 0.12490 ( 1)  0.237
 208 D   0.12508 0.12505 0.12503 0.12501 0.12499 0.12498 0.12495 0.12492 ( 1)  0.237
 209 E   0.12514 0.12509 0.12505 0.12502 0.12499 0.12496 0.12492 0.12485 ( 1)  0.237
 210 F   0.12508 0.12505 0.12503 0.12501 0.12499 0.12498 0.12495 0.12492 ( 1)  0.237
 211 R   0.12511 0.12507 0.12504 0.12501 0.12499 0.12496 0.12493 0.12488 ( 1)  0.237
 212 S   0.12512 0.12507 0.12504 0.12501 0.12499 0.12496 0.12493 0.12488 ( 1)  0.237
 213 D   0.12512 0.12507 0.12504 0.12502 0.12499 0.12496 0.12493 0.12487 ( 1)  0.237
 214 L   0.12505 0.12503 0.12502 0.12501 0.12500 0.12498 0.12497 0.12495 ( 1)  0.237
 215 D   0.12512 0.12507 0.12504 0.12502 0.12499 0.12496 0.12493 0.12487 ( 1)  0.237
 216 A   0.12510 0.12506 0.12503 0.12501 0.12499 0.12497 0.12494 0.12490 ( 1)  0.237
 217 R   0.12514 0.12508 0.12505 0.12502 0.12499 0.12496 0.12492 0.12485 ( 1)  0.237
 218 T   0.12509 0.12506 0.12503 0.12501 0.12499 0.12497 0.12495 0.12490 ( 1)  0.237
 219 S   0.12508 0.12505 0.12503 0.12501 0.12499 0.12497 0.12495 0.12491 ( 1)  0.237
 220 R   0.12511 0.12507 0.12504 0.12501 0.12499 0.12496 0.12493 0.12488 ( 1)  0.237
 221 G   0.12509 0.12506 0.12503 0.12501 0.12499 0.12497 0.12494 0.12490 ( 1)  0.237
 222 L   0.12511 0.12507 0.12504 0.12501 0.12499 0.12497 0.12493 0.12488 ( 1)  0.237
 223 S   0.12508 0.12505 0.12503 0.12501 0.12499 0.12497 0.12495 0.12491 ( 1)  0.237
 224 C   0.12507 0.12505 0.12503 0.12501 0.12499 0.12498 0.12496 0.12492 ( 1)  0.237
 225 L   0.12513 0.12508 0.12504 0.12502 0.12499 0.12496 0.12492 0.12486 ( 1)  0.237
 226 H   0.12514 0.12508 0.12505 0.12502 0.12499 0.12496 0.12492 0.12485 ( 1)  0.237
 227 A   0.12510 0.12506 0.12503 0.12501 0.12499 0.12497 0.12494 0.12490 ( 1)  0.237
 228 A   0.12510 0.12506 0.12503 0.12501 0.12499 0.12497 0.12494 0.12490 ( 1)  0.237
 229 A   0.12505 0.12503 0.12502 0.12501 0.12500 0.12498 0.12497 0.12495 ( 1)  0.237
 230 Q   0.12514 0.12509 0.12505 0.12502 0.12499 0.12495 0.12491 0.12485 ( 1)  0.237
 231 G   0.12509 0.12506 0.12503 0.12501 0.12499 0.12497 0.12494 0.12490 ( 1)  0.237
 232 G   0.12505 0.12503 0.12502 0.12501 0.12500 0.12498 0.12497 0.12495 ( 1)  0.237
 233 H   0.12514 0.12508 0.12505 0.12502 0.12499 0.12496 0.12492 0.12485 ( 1)  0.237
 234 V   0.12512 0.12507 0.12504 0.12502 0.12499 0.12496 0.12493 0.12487 ( 1)  0.237
 235 G   0.12509 0.12506 0.12503 0.12501 0.12499 0.12497 0.12494 0.12490 ( 1)  0.237
 236 M   0.12511 0.12506 0.12504 0.12501 0.12499 0.12497 0.12494 0.12488 ( 1)  0.237
 237 V   0.12505 0.12503 0.12502 0.12501 0.12500 0.12498 0.12497 0.12495 ( 1)  0.237
 238 R   0.12514 0.12508 0.12505 0.12502 0.12499 0.12496 0.12492 0.12485 ( 1)  0.237
 239 W   0.12507 0.12504 0.12503 0.12501 0.12499 0.12498 0.12496 0.12492 ( 1)  0.237
 240 L   0.12513 0.12508 0.12504 0.12502 0.12499 0.12496 0.12492 0.12486 ( 1)  0.237
 241 L   0.12513 0.12508 0.12504 0.12502 0.12499 0.12496 0.12492 0.12486 ( 1)  0.237
 242 D   0.12508 0.12505 0.12503 0.12501 0.12499 0.12498 0.12495 0.12492 ( 1)  0.237
 243 R   0.12514 0.12508 0.12505 0.12502 0.12499 0.12496 0.12492 0.12485 ( 1)  0.237
 244 R   0.12511 0.12507 0.12504 0.12501 0.12499 0.12496 0.12493 0.12488 ( 1)  0.237
 245 P   0.12510 0.12506 0.12504 0.12501 0.12499 0.12497 0.12494 0.12489 ( 1)  0.237
 246 D   0.12512 0.12507 0.12504 0.12502 0.12499 0.12496 0.12493 0.12487 ( 1)  0.237
 247 L   0.12505 0.12503 0.12502 0.12501 0.12500 0.12498 0.12497 0.12495 ( 1)  0.237
 248 A   0.12510 0.12506 0.12503 0.12501 0.12499 0.12497 0.12494 0.12490 ( 1)  0.237
 249 R   0.12509 0.12505 0.12503 0.12501 0.12499 0.12497 0.12495 0.12491 ( 1)  0.237
 250 E   0.12514 0.12509 0.12505 0.12502 0.12499 0.12496 0.12492 0.12485 ( 1)  0.237
 251 P   0.12510 0.12506 0.12504 0.12501 0.12499 0.12497 0.12494 0.12489 ( 1)  0.237
 252 D   0.12512 0.12507 0.12504 0.12502 0.12499 0.12496 0.12493 0.12487 ( 1)  0.237
 253 G   0.12503 0.12502 0.12501 0.12500 0.12500 0.12499 0.12498 0.12496 ( 1)  0.237
 254 A   0.12505 0.12503 0.12502 0.12501 0.12500 0.12498 0.12497 0.12495 ( 1)  0.237
 255 G   0.12509 0.12506 0.12503 0.12501 0.12499 0.12497 0.12494 0.12490 ( 1)  0.237
 256 A   0.12510 0.12506 0.12503 0.12501 0.12499 0.12497 0.12494 0.12490 ( 1)  0.237
 257 M   0.12511 0.12506 0.12504 0.12501 0.12499 0.12497 0.12494 0.12488 ( 1)  0.237
 258 P   0.12504 0.12502 0.12501 0.12500 0.12500 0.12499 0.12498 0.12496 ( 1)  0.237
 259 I   0.12505 0.12503 0.12502 0.12501 0.12500 0.12499 0.12497 0.12495 ( 1)  0.237
 260 H   0.12514 0.12508 0.12505 0.12502 0.12499 0.12496 0.12492 0.12485 ( 1)  0.237
 261 Y   0.12510 0.12506 0.12504 0.12501 0.12499 0.12497 0.12494 0.12489 ( 1)  0.237
 262 A   0.12510 0.12506 0.12503 0.12501 0.12499 0.12497 0.12494 0.12490 ( 1)  0.237
 263 A   0.12510 0.12506 0.12503 0.12501 0.12499 0.12497 0.12494 0.12490 ( 1)  0.237
 264 A   0.12505 0.12503 0.12502 0.12501 0.12500 0.12498 0.12497 0.12495 ( 1)  0.237
 265 G   0.12505 0.12503 0.12502 0.12501 0.12500 0.12498 0.12497 0.12495 ( 1)  0.237
 266 G   0.12503 0.12502 0.12501 0.12500 0.12500 0.12499 0.12498 0.12496 ( 1)  0.237
 267 H   0.12514 0.12508 0.12505 0.12502 0.12499 0.12496 0.12492 0.12485 ( 1)  0.237
 268 L   0.12513 0.12508 0.12504 0.12502 0.12499 0.12496 0.12492 0.12486 ( 1)  0.237
 269 D   0.12512 0.12507 0.12504 0.12502 0.12499 0.12496 0.12493 0.12487 ( 1)  0.237
 270 T   0.12505 0.12503 0.12502 0.12501 0.12500 0.12498 0.12497 0.12495 ( 1)  0.237
 271 V   0.12512 0.12507 0.12504 0.12502 0.12499 0.12496 0.12493 0.12487 ( 1)  0.237
 272 A   0.12512 0.12507 0.12504 0.12502 0.12499 0.12496 0.12493 0.12487 ( 1)  0.237
 273 A   0.12505 0.12503 0.12502 0.12501 0.12500 0.12498 0.12497 0.12495 ( 1)  0.237
 274 L   0.12513 0.12508 0.12504 0.12502 0.12499 0.12496 0.12492 0.12486 ( 1)  0.237
 275 A   0.12512 0.12507 0.12504 0.12502 0.12499 0.12496 0.12493 0.12487 ( 1)  0.237
 276 P   0.12513 0.12508 0.12505 0.12502 0.12499 0.12496 0.12492 0.12486 ( 1)  0.237
 277 F   0.12508 0.12505 0.12503 0.12501 0.12499 0.12498 0.12495 0.12492 ( 1)  0.237
 278 S   0.12512 0.12507 0.12504 0.12501 0.12499 0.12496 0.12493 0.12488 ( 1)  0.237
 279 P   0.12510 0.12506 0.12504 0.12501 0.12499 0.12497 0.12494 0.12489 ( 1)  0.237
 280 A   0.12505 0.12503 0.12502 0.12501 0.12500 0.12498 0.12497 0.12495 ( 1)  0.237
 281 L   0.12513 0.12508 0.12504 0.12502 0.12499 0.12496 0.12492 0.12486 ( 1)  0.237
 282 P   0.12513 0.12508 0.12505 0.12502 0.12499 0.12496 0.12492 0.12486 ( 1)  0.237
 283 P   0.12506 0.12503 0.12502 0.12501 0.12500 0.12498 0.12497 0.12494 ( 1)  0.237
 284 N   0.12511 0.12507 0.12504 0.12501 0.12499 0.12497 0.12493 0.12488 ( 1)  0.237
 285 W   0.12507 0.12504 0.12503 0.12501 0.12499 0.12498 0.12496 0.12492 ( 1)  0.237
 286 Q   0.12514 0.12509 0.12505 0.12502 0.12499 0.12495 0.12491 0.12485 ( 1)  0.237
 287 A   0.12512 0.12507 0.12504 0.12502 0.12499 0.12496 0.12493 0.12487 ( 1)  0.237
 288 L   0.12513 0.12508 0.12504 0.12502 0.12499 0.12496 0.12492 0.12486 ( 1)  0.237
 289 S   0.12512 0.12507 0.12504 0.12501 0.12499 0.12496 0.12493 0.12488 ( 1)  0.237
 290 Q   0.12514 0.12509 0.12505 0.12502 0.12499 0.12495 0.12491 0.12485 ( 1)  0.237
 291 K   0.12513 0.12508 0.12504 0.12502 0.12499 0.12496 0.12492 0.12486 ( 1)  0.237
 292 P   0.12513 0.12508 0.12505 0.12502 0.12499 0.12496 0.12492 0.12486 ( 1)  0.237
 293 Q   0.12514 0.12509 0.12505 0.12502 0.12499 0.12495 0.12491 0.12485 ( 1)  0.237
 294 Q   0.12506 0.12504 0.12502 0.12501 0.12499 0.12498 0.12496 0.12493 ( 1)  0.237
 295 Q   0.12514 0.12509 0.12505 0.12502 0.12499 0.12495 0.12491 0.12485 ( 1)  0.237
 296 Q   0.12514 0.12509 0.12505 0.12502 0.12499 0.12495 0.12491 0.12485 ( 1)  0.237
 297 Q   0.12514 0.12509 0.12505 0.12502 0.12499 0.12495 0.12491 0.12485 ( 1)  0.237
 298 Q   0.12514 0.12509 0.12505 0.12502 0.12499 0.12495 0.12491 0.12485 ( 1)  0.237
 299 N   0.12506 0.12504 0.12502 0.12501 0.12499 0.12498 0.12496 0.12493 ( 1)  0.237
 300 Q   0.12514 0.12509 0.12505 0.12502 0.12499 0.12495 0.12491 0.12485 ( 1)  0.237
 301 L   0.12513 0.12508 0.12504 0.12502 0.12499 0.12496 0.12492 0.12486 ( 1)  0.237
 302 M   0.12511 0.12506 0.12504 0.12501 0.12499 0.12497 0.12494 0.12488 ( 1)  0.237
 303 P   0.12504 0.12502 0.12501 0.12500 0.12500 0.12499 0.12498 0.12496 ( 1)  0.237
 304 S   0.12503 0.12502 0.12501 0.12500 0.12500 0.12499 0.12498 0.12497 ( 1)  0.237
 305 P   0.12513 0.12508 0.12505 0.12502 0.12499 0.12496 0.12492 0.12486 ( 1)  0.237
 306 L   0.12506 0.12504 0.12502 0.12501 0.12499 0.12498 0.12497 0.12494 ( 1)  0.237
 307 E   0.12514 0.12509 0.12505 0.12502 0.12499 0.12496 0.12492 0.12485 ( 1)  0.237
 308 L   0.12513 0.12508 0.12504 0.12502 0.12499 0.12496 0.12492 0.12486 ( 1)  0.237
 309 N   0.12511 0.12507 0.12504 0.12501 0.12499 0.12497 0.12493 0.12488 ( 1)  0.237
 310 A   0.12505 0.12503 0.12502 0.12501 0.12500 0.12498 0.12497 0.12495 ( 1)  0.237
 311 A   0.12505 0.12503 0.12502 0.12501 0.12500 0.12498 0.12497 0.12495 ( 1)  0.237
 312 R   0.12503 0.12502 0.12501 0.12500 0.12500 0.12499 0.12498 0.12497 ( 1)  0.237
 313 R   0.12503 0.12502 0.12501 0.12500 0.12500 0.12499 0.12498 0.12497 ( 1)  0.237
 314 S   0.12512 0.12507 0.12504 0.12501 0.12499 0.12496 0.12493 0.12488 ( 1)  0.237
 315 E   0.12514 0.12509 0.12505 0.12502 0.12499 0.12496 0.12492 0.12485 ( 1)  0.237
 316 E   0.12514 0.12509 0.12505 0.12502 0.12499 0.12496 0.12492 0.12485 ( 1)  0.237
 317 N   0.12506 0.12504 0.12502 0.12501 0.12499 0.12498 0.12496 0.12493 ( 1)  0.237
 318 S   0.12512 0.12507 0.12504 0.12501 0.12499 0.12496 0.12493 0.12488 ( 1)  0.237
 319 V   0.12512 0.12507 0.12504 0.12502 0.12499 0.12496 0.12493 0.12487 ( 1)  0.237
 320 F   0.12508 0.12505 0.12503 0.12501 0.12499 0.12498 0.12495 0.12492 ( 1)  0.237
 321 V   0.12512 0.12507 0.12504 0.12502 0.12499 0.12496 0.12493 0.12487 ( 1)  0.237
 322 F   0.12504 0.12503 0.12502 0.12501 0.12500 0.12499 0.12497 0.12495 ( 1)  0.237
 323 N   0.12511 0.12507 0.12504 0.12501 0.12499 0.12497 0.12493 0.12488 ( 1)  0.237
 324 G   0.12509 0.12506 0.12503 0.12501 0.12499 0.12497 0.12494 0.12490 ( 1)  0.237
 325 N   0.09607 0.10757 0.11498 0.12133 0.12751 0.13416 0.14234 0.15604 ( 8)  0.242
 326 N   0.12511 0.12507 0.12504 0.12501 0.12499 0.12497 0.12493 0.12488 ( 1)  0.237
 327 G   0.12509 0.12506 0.12503 0.12501 0.12499 0.12497 0.12494 0.12490 ( 1)  0.237
 328 Y   0.12510 0.12506 0.12504 0.12501 0.12499 0.12497 0.12494 0.12489 ( 1)  0.237
 329 D   0.12512 0.12507 0.12504 0.12502 0.12499 0.12496 0.12493 0.12487 ( 1)  0.237
 330 I   0.12508 0.12505 0.12503 0.12501 0.12499 0.12497 0.12495 0.12491 ( 1)  0.237
 331 P   0.12513 0.12508 0.12505 0.12502 0.12499 0.12496 0.12492 0.12486 ( 1)  0.237
 332 D   0.12508 0.12505 0.12503 0.12501 0.12499 0.12498 0.12495 0.12492 ( 1)  0.237
 333 F   0.12508 0.12505 0.12503 0.12501 0.12499 0.12498 0.12495 0.12492 ( 1)  0.237
 334 A   0.12505 0.12503 0.12502 0.12501 0.12500 0.12498 0.12497 0.12495 ( 1)  0.237
 335 S   0.12510 0.12506 0.12503 0.12501 0.12499 0.12497 0.12494 0.12490 ( 1)  0.237
 336 H   0.12509 0.12505 0.12503 0.12501 0.12499 0.12497 0.12495 0.12490 ( 1)  0.237
 337 Q   0.12514 0.12509 0.12505 0.12502 0.12499 0.12495 0.12491 0.12485 ( 1)  0.237
 338 P   0.12513 0.12508 0.12505 0.12502 0.12499 0.12496 0.12492 0.12486 ( 1)  0.237
 339 G   0.12512 0.12507 0.12504 0.12502 0.12499 0.12496 0.12493 0.12487 ( 1)  0.237
 340 Q   0.12514 0.12509 0.12505 0.12502 0.12499 0.12495 0.12491 0.12485 ( 1)  0.237
 341 Y   0.12505 0.12503 0.12502 0.12501 0.12500 0.12498 0.12497 0.12494 ( 1)  0.237
 342 P   0.12504 0.12502 0.12501 0.12500 0.12500 0.12499 0.12498 0.12496 ( 1)  0.237
 343 Q   0.12506 0.12504 0.12502 0.12501 0.12499 0.12498 0.12496 0.12493 ( 1)  0.237
 344 K   0.12513 0.12508 0.12504 0.12502 0.12499 0.12496 0.12492 0.12486 ( 1)  0.237
 345 H   0.12509 0.12505 0.12503 0.12501 0.12499 0.12497 0.12495 0.12490 ( 1)  0.237
 346 P   0.12513 0.12508 0.12505 0.12502 0.12499 0.12496 0.12492 0.12486 ( 1)  0.237
 347 Q   0.12514 0.12509 0.12505 0.12502 0.12499 0.12495 0.12491 0.12485 ( 1)  0.237
 348 Q   0.12514 0.12509 0.12505 0.12502 0.12499 0.12495 0.12491 0.12485 ( 1)  0.237
 349 H   0.12509 0.12505 0.12503 0.12501 0.12499 0.12497 0.12495 0.12490 ( 1)  0.237
 350 P   0.12506 0.12503 0.12502 0.12501 0.12500 0.12498 0.12497 0.12494 ( 1)  0.237
 351 Q   0.12514 0.12509 0.12505 0.12502 0.12499 0.12495 0.12491 0.12485 ( 1)  0.237
 352 Q   0.12514 0.12509 0.12505 0.12502 0.12499 0.12495 0.12491 0.12485 ( 1)  0.237
 353 H   0.12509 0.12505 0.12503 0.12501 0.12499 0.12497 0.12495 0.12490 ( 1)  0.237
 354 P   0.12513 0.12508 0.12505 0.12502 0.12499 0.12496 0.12492 0.12486 ( 1)  0.237
 355 Q   0.12514 0.12509 0.12505 0.12502 0.12499 0.12495 0.12491 0.12485 ( 1)  0.237
 356 Q   0.12514 0.12509 0.12505 0.12502 0.12499 0.12495 0.12491 0.12485 ( 1)  0.237
 357 N   0.12506 0.12504 0.12502 0.12501 0.12499 0.12498 0.12496 0.12493 ( 1)  0.237
 358 P   0.12504 0.12502 0.12501 0.12500 0.12500 0.12499 0.12498 0.12496 ( 1)  0.237
 359 Q   0.12506 0.12504 0.12502 0.12501 0.12499 0.12498 0.12496 0.12493 ( 1)  0.237
 360 Q   0.12514 0.12509 0.12505 0.12502 0.12499 0.12495 0.12491 0.12485 ( 1)  0.237
 361 H   0.12509 0.12505 0.12503 0.12501 0.12499 0.12497 0.12495 0.12490 ( 1)  0.237
 362 P   0.12513 0.12508 0.12505 0.12502 0.12499 0.12496 0.12492 0.12486 ( 1)  0.237
 363 Q   0.12514 0.12509 0.12505 0.12502 0.12499 0.12495 0.12491 0.12485 ( 1)  0.237
 364 Q   0.12514 0.12509 0.12505 0.12502 0.12499 0.12495 0.12491 0.12485 ( 1)  0.237
 365 R   0.12504 0.12502 0.12501 0.12500 0.12500 0.12499 0.12498 0.12496 ( 1)  0.237
 366 H   0.12509 0.12505 0.12503 0.12501 0.12499 0.12497 0.12495 0.12490 ( 1)  0.237
 367 P   0.12513 0.12508 0.12505 0.12502 0.12499 0.12496 0.12492 0.12486 ( 1)  0.237
 368 Q   0.12514 0.12509 0.12505 0.12502 0.12499 0.12495 0.12491 0.12485 ( 1)  0.237
 369 L   0.12506 0.12504 0.12502 0.12501 0.12499 0.12498 0.12497 0.12494 ( 1)  0.237
 370 H   0.12509 0.12505 0.12503 0.12501 0.12499 0.12497 0.12495 0.12490 ( 1)  0.237
 371 H   0.12509 0.12505 0.12503 0.12501 0.12499 0.12497 0.12495 0.12490 ( 1)  0.237
 372 Y   0.12510 0.12506 0.12504 0.12501 0.12499 0.12497 0.12494 0.12489 ( 1)  0.237
 373 S   0.12505 0.12503 0.12502 0.12501 0.12500 0.12499 0.12497 0.12495 ( 1)  0.237
 374 P   0.12513 0.12508 0.12505 0.12502 0.12499 0.12496 0.12492 0.12486 ( 1)  0.237
 375 G   0.12505 0.12503 0.12502 0.12501 0.12500 0.12498 0.12497 0.12495 ( 1)  0.237
 376 S   0.12503 0.12502 0.12501 0.12500 0.12500 0.12499 0.12498 0.12497 ( 1)  0.237
 377 A   0.12510 0.12506 0.12503 0.12501 0.12499 0.12497 0.12494 0.12490 ( 1)  0.237
 378 A   0.12510 0.12506 0.12503 0.12501 0.12499 0.12497 0.12494 0.12490 ( 1)  0.237
 379 R   0.12514 0.12508 0.12505 0.12502 0.12499 0.12496 0.12492 0.12485 ( 1)  0.237
 380 S   0.12505 0.12503 0.12502 0.12501 0.12500 0.12498 0.12497 0.12495 ( 1)  0.237
 381 E   0.12514 0.12509 0.12505 0.12502 0.12499 0.12496 0.12492 0.12485 ( 1)  0.237
 382 S   0.12503 0.12502 0.12501 0.12500 0.12500 0.12499 0.12498 0.12497 ( 1)  0.237
 383 P   0.12513 0.12508 0.12505 0.12502 0.12499 0.12496 0.12492 0.12486 ( 1)  0.237
 384 Q   0.12514 0.12509 0.12505 0.12502 0.12499 0.12495 0.12491 0.12485 ( 1)  0.237
 385 P   0.12506 0.12503 0.12502 0.12501 0.12500 0.12498 0.12497 0.12494 ( 1)  0.237
 386 P   0.12504 0.12502 0.12501 0.12500 0.12500 0.12499 0.12498 0.12496 ( 1)  0.237
 387 P   0.12513 0.12508 0.12505 0.12502 0.12499 0.12496 0.12492 0.12486 ( 1)  0.237
 388 P   0.12513 0.12508 0.12505 0.12502 0.12499 0.12496 0.12492 0.12486 ( 1)  0.237
 389 P   0.12506 0.12503 0.12502 0.12501 0.12500 0.12498 0.12497 0.12494 ( 1)  0.237
 390 P   0.12504 0.12502 0.12501 0.12500 0.12500 0.12499 0.12498 0.12496 ( 1)  0.237
 391 A   0.12503 0.12502 0.12501 0.12500 0.12500 0.12499 0.12498 0.12496 ( 1)  0.237
 392 A   0.12512 0.12507 0.12504 0.12502 0.12499 0.12496 0.12493 0.12487 ( 1)  0.237
 393 P   0.12513 0.12508 0.12505 0.12502 0.12499 0.12496 0.12492 0.12486 ( 1)  0.237
 394 P   0.12506 0.12503 0.12502 0.12501 0.12500 0.12498 0.12497 0.12494 ( 1)  0.237
 395 P   0.12509 0.12506 0.12503 0.12501 0.12499 0.12497 0.12494 0.12490 ( 1)  0.237
 396 P   0.12504 0.12502 0.12501 0.12500 0.12500 0.12499 0.12498 0.12496 ( 1)  0.237
 397 P   0.12513 0.12508 0.12505 0.12502 0.12499 0.12496 0.12492 0.12486 ( 1)  0.237
 398 P   0.12506 0.12503 0.12502 0.12501 0.12500 0.12498 0.12497 0.12494 ( 1)  0.237
 399 P   0.12504 0.12502 0.12501 0.12500 0.12500 0.12499 0.12498 0.12496 ( 1)  0.237
 400 S   0.12512 0.12507 0.12504 0.12501 0.12499 0.12496 0.12493 0.12488 ( 1)  0.237
 401 V   0.12512 0.12507 0.12504 0.12502 0.12499 0.12496 0.12493 0.12487 ( 1)  0.237
 402 P   0.12513 0.12508 0.12505 0.12502 0.12499 0.12496 0.12492 0.12486 ( 1)  0.237
 403 P   0.12513 0.12508 0.12505 0.12502 0.12499 0.12496 0.12492 0.12486 ( 1)  0.237
 404 P   0.12510 0.12506 0.12504 0.12501 0.12499 0.12497 0.12494 0.12489 ( 1)  0.237
 405 P   0.12513 0.12508 0.12505 0.12502 0.12499 0.12496 0.12492 0.12486 ( 1)  0.237
 406 P   0.12504 0.12502 0.12501 0.12500 0.12500 0.12499 0.12498 0.12496 ( 1)  0.237
 407 P   0.12504 0.12502 0.12501 0.12500 0.12500 0.12499 0.12498 0.12496 ( 1)  0.237
 408 P   0.12513 0.12508 0.12505 0.12502 0.12499 0.12496 0.12492 0.12486 ( 1)  0.237
 409 P   0.12504 0.12502 0.12501 0.12500 0.12500 0.12499 0.12498 0.12496 ( 1)  0.237
 410 E   0.12514 0.12509 0.12505 0.12502 0.12499 0.12496 0.12492 0.12485 ( 1)  0.237
 411 A   0.12505 0.12503 0.12502 0.12501 0.12500 0.12498 0.12497 0.12495 ( 1)  0.237
 412 P   0.12513 0.12508 0.12505 0.12502 0.12499 0.12496 0.12492 0.12486 ( 1)  0.237
 413 R   0.12503 0.12502 0.12501 0.12500 0.12500 0.12499 0.12498 0.12497 ( 1)  0.237
 414 F   0.12508 0.12505 0.12503 0.12501 0.12499 0.12498 0.12495 0.12492 ( 1)  0.237
 415 P   0.12506 0.12503 0.12502 0.12501 0.12500 0.12498 0.12497 0.12494 ( 1)  0.237
 416 L   0.12513 0.12508 0.12504 0.12502 0.12499 0.12496 0.12492 0.12486 ( 1)  0.237
 417 P   0.12510 0.12506 0.12504 0.12501 0.12499 0.12497 0.12494 0.12489 ( 1)  0.237
 418 R   0.12509 0.12505 0.12503 0.12501 0.12499 0.12497 0.12495 0.12491 ( 1)  0.237
 419 Q   0.12514 0.12509 0.12505 0.12502 0.12499 0.12495 0.12491 0.12485 ( 1)  0.237
 420 Y   0.12510 0.12506 0.12504 0.12501 0.12499 0.12497 0.12494 0.12489 ( 1)  0.237
 421 Q   0.12514 0.12509 0.12505 0.12502 0.12499 0.12495 0.12491 0.12485 ( 1)  0.237
 422 Q   0.12514 0.12509 0.12505 0.12502 0.12499 0.12495 0.12491 0.12485 ( 1)  0.237
 423 N   0.12511 0.12507 0.12504 0.12501 0.12499 0.12497 0.12493 0.12488 ( 1)  0.237
 424 H   0.09611 0.10760 0.11500 0.12134 0.12751 0.13415 0.14231 0.15598 ( 8)  0.242
 425 Q   0.12514 0.12509 0.12505 0.12502 0.12499 0.12495 0.12491 0.12485 ( 1)  0.237
 426 P   0.12506 0.12503 0.12502 0.12501 0.12500 0.12498 0.12497 0.12494 ( 1)  0.237
 427 D   0.12512 0.12507 0.12504 0.12502 0.12499 0.12496 0.12493 0.12487 ( 1)  0.237
 428 Q   0.12514 0.12509 0.12505 0.12502 0.12499 0.12495 0.12491 0.12485 ( 1)  0.237
 429 A   0.12505 0.12503 0.12502 0.12501 0.12500 0.12498 0.12497 0.12495 ( 1)  0.237
 430 G   0.12509 0.12506 0.12503 0.12501 0.12499 0.12497 0.12494 0.12490 ( 1)  0.237
 431 G   0.12503 0.12502 0.12501 0.12500 0.12500 0.12499 0.12498 0.12496 ( 1)  0.237
 432 G   0.12509 0.12506 0.12503 0.12501 0.12499 0.12497 0.12494 0.12490 ( 1)  0.237
 433 G   0.12509 0.12506 0.12503 0.12501 0.12499 0.12497 0.12494 0.12490 ( 1)  0.237
 434 G   0.12503 0.12502 0.12501 0.12500 0.12500 0.12499 0.12498 0.12496 ( 1)  0.237
 435 V   0.12509 0.12506 0.12503 0.12501 0.12499 0.12497 0.12494 0.12490 ( 1)  0.237
 436 L   0.12513 0.12508 0.12504 0.12502 0.12499 0.12496 0.12492 0.12486 ( 1)  0.237
 437 Q   0.12514 0.12509 0.12505 0.12502 0.12499 0.12495 0.12491 0.12485 ( 1)  0.237
 438 A   0.12510 0.12506 0.12503 0.12501 0.12499 0.12497 0.12494 0.12490 ( 1)  0.237
 439 I   0.12508 0.12505 0.12503 0.12501 0.12499 0.12497 0.12495 0.12491 ( 1)  0.237
 440 R   0.12511 0.12507 0.12504 0.12501 0.12499 0.12496 0.12493 0.12488 ( 1)  0.237
 441 N   0.12511 0.12507 0.12504 0.12501 0.12499 0.12497 0.12493 0.12488 ( 1)  0.237
 442 Q   0.12514 0.12509 0.12505 0.12502 0.12499 0.12495 0.12491 0.12485 ( 1)  0.237
 443 F   0.12508 0.12505 0.12503 0.12501 0.12499 0.12498 0.12495 0.12492 ( 1)  0.237
 444 R   0.12511 0.12507 0.12504 0.12501 0.12499 0.12496 0.12493 0.12488 ( 1)  0.237
 445 K   0.12513 0.12508 0.12504 0.12502 0.12499 0.12496 0.12492 0.12486 ( 1)  0.237
 446 P   0.12513 0.12508 0.12505 0.12502 0.12499 0.12496 0.12492 0.12486 ( 1)  0.237
 447 P   0.12504 0.12502 0.12501 0.12500 0.12500 0.12499 0.12498 0.12496 ( 1)  0.237
 448 D   0.12508 0.12505 0.12503 0.12501 0.12499 0.12498 0.12495 0.12492 ( 1)  0.237
 449 P   0.12513 0.12508 0.12505 0.12502 0.12499 0.12496 0.12492 0.12486 ( 1)  0.237
 450 H   0.12514 0.12508 0.12505 0.12502 0.12499 0.12496 0.12492 0.12485 ( 1)  0.237
 451 N   0.12511 0.12507 0.12504 0.12501 0.12499 0.12497 0.12493 0.12488 ( 1)  0.237
 452 D   0.12512 0.12507 0.12504 0.12502 0.12499 0.12496 0.12493 0.12487 ( 1)  0.237
 453 L   0.12511 0.12507 0.12504 0.12501 0.12499 0.12497 0.12493 0.12488 ( 1)  0.237
 454 I   0.12506 0.12504 0.12502 0.12501 0.12499 0.12498 0.12496 0.12493 ( 1)  0.237
 455 E   0.12506 0.12503 0.12502 0.12501 0.12500 0.12498 0.12497 0.12494 ( 1)  0.237
 456 E   0.12514 0.12509 0.12505 0.12502 0.12499 0.12496 0.12492 0.12485 ( 1)  0.237
 457 L   0.12505 0.12503 0.12502 0.12501 0.12500 0.12498 0.12497 0.12495 ( 1)  0.237
 458 K   0.12513 0.12508 0.12504 0.12502 0.12499 0.12496 0.12492 0.12486 ( 1)  0.237
 459 K   0.12513 0.12508 0.12504 0.12502 0.12499 0.12496 0.12492 0.12486 ( 1)  0.237
 460 F   0.12508 0.12505 0.12503 0.12501 0.12499 0.12498 0.12495 0.12492 ( 1)  0.237
 461 N   0.12511 0.12507 0.12504 0.12501 0.12499 0.12497 0.12493 0.12488 ( 1)  0.237
 462 T   0.12512 0.12507 0.12504 0.12502 0.12499 0.12496 0.12493 0.12487 ( 1)  0.237
 463 S   0.12512 0.12507 0.12504 0.12501 0.12499 0.12496 0.12493 0.12488 ( 1)  0.237
 464 N   0.12506 0.12504 0.12502 0.12501 0.12499 0.12498 0.12496 0.12493 ( 1)  0.237
 465 L   0.12513 0.12508 0.12504 0.12502 0.12499 0.12496 0.12492 0.12486 ( 1)  0.237
 466 K   0.12513 0.12508 0.12504 0.12502 0.12499 0.12496 0.12492 0.12486 ( 1)  0.237
 467 K   0.12513 0.12508 0.12504 0.12502 0.12499 0.12496 0.12492 0.12486 ( 1)  0.237
 468 T   0.12512 0.12507 0.12504 0.12502 0.12499 0.12496 0.12493 0.12487 ( 1)  0.237
 469 Q   0.12506 0.12504 0.12502 0.12501 0.12499 0.12498 0.12496 0.12493 ( 1)  0.237
 470 R   0.12511 0.12507 0.12504 0.12501 0.12499 0.12496 0.12493 0.12488 ( 1)  0.237
 471 L   0.12513 0.12508 0.12504 0.12502 0.12499 0.12496 0.12492 0.12486 ( 1)  0.237
 472 A   0.12512 0.12507 0.12504 0.12502 0.12499 0.12496 0.12493 0.12487 ( 1)  0.237
 473 A   0.12505 0.12503 0.12502 0.12501 0.12500 0.12498 0.12497 0.12495 ( 1)  0.237
 474 Q   0.12514 0.12509 0.12505 0.12502 0.12499 0.12495 0.12491 0.12485 ( 1)  0.237
 475 G   0.12509 0.12506 0.12503 0.12501 0.12499 0.12497 0.12494 0.12490 ( 1)  0.237
 476 G   0.12509 0.12506 0.12503 0.12501 0.12499 0.12497 0.12494 0.12490 ( 1)  0.237
 477 R   0.12514 0.12508 0.12505 0.12502 0.12499 0.12496 0.12492 0.12485 ( 1)  0.237
 478 Q   0.12514 0.12509 0.12505 0.12502 0.12499 0.12495 0.12491 0.12485 ( 1)  0.237
 479 V   0.12509 0.12506 0.12503 0.12501 0.12499 0.12497 0.12494 0.12490 ( 1)  0.237
 480 R   0.12514 0.12508 0.12505 0.12502 0.12499 0.12496 0.12492 0.12485 ( 1)  0.237
 481 P   0.12504 0.12502 0.12501 0.12500 0.12500 0.12499 0.12498 0.12496 ( 1)  0.237
 482 K   0.12513 0.12508 0.12504 0.12502 0.12499 0.12496 0.12492 0.12486 ( 1)  0.237
 483 S   0.12512 0.12507 0.12504 0.12501 0.12499 0.12496 0.12493 0.12488 ( 1)  0.237
 484 Q   0.12514 0.12509 0.12505 0.12502 0.12499 0.12495 0.12491 0.12485 ( 1)  0.237
 485 P   0.12506 0.12503 0.12502 0.12501 0.12500 0.12498 0.12497 0.12494 ( 1)  0.237
 486 F   0.12508 0.12505 0.12503 0.12501 0.12499 0.12498 0.12495 0.12492 ( 1)  0.237
 487 D   0.12512 0.12507 0.12504 0.12502 0.12499 0.12496 0.12493 0.12487 ( 1)  0.237
 488 S   0.12503 0.12502 0.12501 0.12500 0.12500 0.12499 0.12498 0.12497 ( 1)  0.237
 489 T   0.12505 0.12503 0.12502 0.12501 0.12500 0.12498 0.12497 0.12495 ( 1)  0.237
 490 D   0.12512 0.12507 0.12504 0.12502 0.12499 0.12496 0.12493 0.12487 ( 1)  0.237
 491 G   0.12505 0.12503 0.12502 0.12501 0.12500 0.12498 0.12497 0.12495 ( 1)  0.237
 492 P   0.12504 0.12502 0.12501 0.12500 0.12500 0.12499 0.12498 0.12496 ( 1)  0.237
 493 E   0.12514 0.12509 0.12505 0.12502 0.12499 0.12496 0.12492 0.12485 ( 1)  0.237
 494 Q   0.12514 0.12509 0.12505 0.12502 0.12499 0.12495 0.12491 0.12485 ( 1)  0.237
 495 Q   0.12514 0.12509 0.12505 0.12502 0.12499 0.12495 0.12491 0.12485 ( 1)  0.237
 496 P   0.12513 0.12508 0.12505 0.12502 0.12499 0.12496 0.12492 0.12486 ( 1)  0.237
 497 Q   0.12514 0.12509 0.12505 0.12502 0.12499 0.12495 0.12491 0.12485 ( 1)  0.237
 498 Q   0.12514 0.12509 0.12505 0.12502 0.12499 0.12495 0.12491 0.12485 ( 1)  0.237
 499 Q   0.12514 0.12509 0.12505 0.12502 0.12499 0.12495 0.12491 0.12485 ( 1)  0.237
 500 P   0.12510 0.12506 0.12504 0.12501 0.12499 0.12497 0.12494 0.12489 ( 1)  0.237
 501 T   0.12503 0.12502 0.12501 0.12500 0.12500 0.12499 0.12498 0.12496 ( 1)  0.237
 502 T   0.12512 0.12507 0.12504 0.12502 0.12499 0.12496 0.12493 0.12487 ( 1)  0.237
 503 P   0.12513 0.12508 0.12505 0.12502 0.12499 0.12496 0.12492 0.12486 ( 1)  0.237
 504 G   0.12503 0.12502 0.12501 0.12500 0.12500 0.12499 0.12498 0.12496 ( 1)  0.237
 505 P   0.12513 0.12508 0.12505 0.12502 0.12499 0.12496 0.12492 0.12486 ( 1)  0.237
 506 S   0.12508 0.12505 0.12503 0.12501 0.12499 0.12497 0.12495 0.12491 ( 1)  0.237
 507 I   0.12508 0.12505 0.12503 0.12501 0.12499 0.12497 0.12495 0.12491 ( 1)  0.237
 508 P   0.12504 0.12502 0.12501 0.12500 0.12500 0.12499 0.12498 0.12496 ( 1)  0.237
 509 A   0.12503 0.12502 0.12501 0.12500 0.12500 0.12499 0.12498 0.12496 ( 1)  0.237
 510 S   0.12510 0.12506 0.12503 0.12501 0.12499 0.12497 0.12494 0.12490 ( 1)  0.237
 511 R   0.12506 0.12504 0.12502 0.12501 0.12499 0.12498 0.12496 0.12494 ( 1)  0.237
 512 S   0.12512 0.12507 0.12504 0.12501 0.12499 0.12496 0.12493 0.12488 ( 1)  0.237
 513 H   0.12509 0.12505 0.12503 0.12501 0.12499 0.12497 0.12495 0.12490 ( 1)  0.237
 514 H   0.12509 0.12505 0.12503 0.12501 0.12499 0.12497 0.12495 0.12490 ( 1)  0.237
 515 Q   0.12514 0.12509 0.12505 0.12502 0.12499 0.12495 0.12491 0.12485 ( 1)  0.237
 516 Q   0.12514 0.12509 0.12505 0.12502 0.12499 0.12495 0.12491 0.12485 ( 1)  0.237
 517 L   0.12506 0.12504 0.12502 0.12501 0.12499 0.12498 0.12497 0.12494 ( 1)  0.237
 518 Q   0.12506 0.12504 0.12502 0.12501 0.12499 0.12498 0.12496 0.12493 ( 1)  0.237
 519 Q   0.12514 0.12509 0.12505 0.12502 0.12499 0.12495 0.12491 0.12485 ( 1)  0.237
 520 Q   0.12514 0.12509 0.12505 0.12502 0.12499 0.12495 0.12491 0.12485 ( 1)  0.237
 521 A   0.12512 0.12507 0.12504 0.12502 0.12499 0.12496 0.12493 0.12487 ( 1)  0.237
 522 S   0.12505 0.12503 0.12502 0.12501 0.12500 0.12498 0.12497 0.12495 ( 1)  0.237
 523 Q   0.12514 0.12509 0.12505 0.12502 0.12499 0.12495 0.12491 0.12485 ( 1)  0.237
 524 P   0.12504 0.12502 0.12501 0.12500 0.12500 0.12499 0.12498 0.12496 ( 1)  0.237
 525 P   0.12504 0.12502 0.12501 0.12500 0.12500 0.12499 0.12498 0.12496 ( 1)  0.237
 526 A   0.12510 0.12506 0.12503 0.12501 0.12499 0.12497 0.12494 0.12490 ( 1)  0.237
 527 D   0.12512 0.12507 0.12504 0.12502 0.12499 0.12496 0.12493 0.12487 ( 1)  0.237
 528 D   0.12512 0.12507 0.12504 0.12502 0.12499 0.12496 0.12493 0.12487 ( 1)  0.237
 529 R   0.12509 0.12505 0.12503 0.12501 0.12499 0.12497 0.12495 0.12491 ( 1)  0.237
 530 P   0.12506 0.12503 0.12502 0.12501 0.12500 0.12498 0.12497 0.12494 ( 1)  0.237
 531 Q   0.12514 0.12509 0.12505 0.12502 0.12499 0.12495 0.12491 0.12485 ( 1)  0.237
 532 V   0.12512 0.12507 0.12504 0.12502 0.12499 0.12496 0.12493 0.12487 ( 1)  0.237
 533 P   0.12513 0.12508 0.12505 0.12502 0.12499 0.12496 0.12492 0.12486 ( 1)  0.237
 534 Q   0.12514 0.12509 0.12505 0.12502 0.12499 0.12495 0.12491 0.12485 ( 1)  0.237
 535 W   0.12507 0.12504 0.12503 0.12501 0.12499 0.12498 0.12496 0.12492 ( 1)  0.237
 536 L   0.12505 0.12503 0.12502 0.12501 0.12500 0.12498 0.12497 0.12495 ( 1)  0.237
 537 R   0.12511 0.12507 0.12504 0.12501 0.12499 0.12496 0.12493 0.12488 ( 1)  0.237
 538 E   0.12506 0.12503 0.12502 0.12501 0.12500 0.12498 0.12497 0.12494 ( 1)  0.237
 539 L   0.12508 0.12505 0.12503 0.12501 0.12499 0.12497 0.12495 0.12491 ( 1)  0.237
 540 R   0.12504 0.12502 0.12501 0.12500 0.12500 0.12499 0.12498 0.12496 ( 1)  0.237
 541 A   0.12505 0.12503 0.12502 0.12501 0.12500 0.12498 0.12497 0.12495 ( 1)  0.237
 542 R   0.12514 0.12508 0.12505 0.12502 0.12499 0.12496 0.12492 0.12485 ( 1)  0.237
 543 Q   0.12506 0.12504 0.12502 0.12501 0.12499 0.12498 0.12496 0.12493 ( 1)  0.237
 544 A   0.12505 0.12503 0.12502 0.12501 0.12500 0.12498 0.12497 0.12495 ( 1)  0.237
 545 A   0.12505 0.12503 0.12502 0.12501 0.12500 0.12498 0.12497 0.12495 ( 1)  0.237
 546 E   0.12514 0.12509 0.12505 0.12502 0.12499 0.12496 0.12492 0.12485 ( 1)  0.237
 547 K   0.12505 0.12503 0.12502 0.12501 0.12500 0.12499 0.12497 0.12495 ( 1)  0.237
 548 A   0.12505 0.12503 0.12502 0.12501 0.12500 0.12498 0.12497 0.12495 ( 1)  0.237
 549 S   0.12512 0.12507 0.12504 0.12501 0.12499 0.12496 0.12493 0.12488 ( 1)  0.237
 550 R   0.12511 0.12507 0.12504 0.12501 0.12499 0.12496 0.12493 0.12488 ( 1)  0.237
 551 E   0.12514 0.12509 0.12505 0.12502 0.12499 0.12496 0.12492 0.12485 ( 1)  0.237
 552 A   0.12510 0.12506 0.12503 0.12501 0.12499 0.12497 0.12494 0.12490 ( 1)  0.237
 553 T   0.12503 0.12502 0.12501 0.12500 0.12500 0.12499 0.12498 0.12496 ( 1)  0.237
 554 E   0.12506 0.12503 0.12502 0.12501 0.12500 0.12498 0.12497 0.12494 ( 1)  0.237
 555 A   0.12505 0.12503 0.12502 0.12501 0.12500 0.12498 0.12497 0.12495 ( 1)  0.237
 556 A   0.12512 0.12507 0.12504 0.12502 0.12499 0.12496 0.12493 0.12487 ( 1)  0.237
 557 K   0.12513 0.12508 0.12504 0.12502 0.12499 0.12496 0.12492 0.12486 ( 1)  0.237
 558 A   0.12510 0.12506 0.12503 0.12501 0.12499 0.12497 0.12494 0.12490 ( 1)  0.237
 559 Q   0.12514 0.12509 0.12505 0.12502 0.12499 0.12495 0.12491 0.12485 ( 1)  0.237
 560 E   0.12514 0.12509 0.12505 0.12502 0.12499 0.12496 0.12492 0.12485 ( 1)  0.237
 561 A   0.12510 0.12506 0.12503 0.12501 0.12499 0.12497 0.12494 0.12490 ( 1)  0.237
 562 E   0.12514 0.12509 0.12505 0.12502 0.12499 0.12496 0.12492 0.12485 ( 1)  0.237
 563 D   0.12512 0.12507 0.12504 0.12502 0.12499 0.12496 0.12493 0.12487 ( 1)  0.237
 564 R   0.12514 0.12508 0.12505 0.12502 0.12499 0.12496 0.12492 0.12485 ( 1)  0.237
 565 L   0.12513 0.12508 0.12504 0.12502 0.12499 0.12496 0.12492 0.12486 ( 1)  0.237
 566 A   0.12512 0.12507 0.12504 0.12502 0.12499 0.12496 0.12493 0.12487 ( 1)  0.237
 567 K   0.12505 0.12503 0.12502 0.12501 0.12500 0.12499 0.12497 0.12495 ( 1)  0.237
 568 L   0.12513 0.12508 0.12504 0.12502 0.12499 0.12496 0.12492 0.12486 ( 1)  0.237
 569 P   0.12506 0.12503 0.12502 0.12501 0.12500 0.12498 0.12497 0.12494 ( 1)  0.237
 570 P   0.12513 0.12508 0.12505 0.12502 0.12499 0.12496 0.12492 0.12486 ( 1)  0.237
 571 W   0.12507 0.12504 0.12503 0.12501 0.12499 0.12498 0.12496 0.12492 ( 1)  0.237
 572 K   0.12513 0.12508 0.12504 0.12502 0.12499 0.12496 0.12492 0.12486 ( 1)  0.237
 573 R   0.12509 0.12505 0.12503 0.12501 0.12499 0.12497 0.12495 0.12491 ( 1)  0.237
 574 Q   0.12514 0.12509 0.12505 0.12502 0.12499 0.12495 0.12491 0.12485 ( 1)  0.237
 575 L   0.12513 0.12508 0.12504 0.12502 0.12499 0.12496 0.12492 0.12486 ( 1)  0.237
 576 L   0.12505 0.12503 0.12502 0.12501 0.12500 0.12498 0.12497 0.12495 ( 1)  0.237
 577 Q   0.12514 0.12509 0.12505 0.12502 0.12499 0.12495 0.12491 0.12485 ( 1)  0.237
 578 R   0.12514 0.12508 0.12505 0.12502 0.12499 0.12496 0.12492 0.12485 ( 1)  0.237
 579 Q   0.12514 0.12509 0.12505 0.12502 0.12499 0.12495 0.12491 0.12485 ( 1)  0.237
 580 Q   0.12514 0.12509 0.12505 0.12502 0.12499 0.12495 0.12491 0.12485 ( 1)  0.237
 581 Q   0.12514 0.12509 0.12505 0.12502 0.12499 0.12495 0.12491 0.12485 ( 1)  0.237
 582 Q   0.12514 0.12509 0.12505 0.12502 0.12499 0.12495 0.12491 0.12485 ( 1)  0.237
 583 Q   0.12514 0.12509 0.12505 0.12502 0.12499 0.12495 0.12491 0.12485 ( 1)  0.237
 584 L   0.12505 0.12503 0.12502 0.12501 0.12500 0.12498 0.12497 0.12495 ( 1)  0.237
 585 I   0.12508 0.12505 0.12503 0.12501 0.12499 0.12497 0.12495 0.12491 ( 1)  0.237
 586 Q   0.12514 0.12509 0.12505 0.12502 0.12499 0.12495 0.12491 0.12485 ( 1)  0.237
 587 Q   0.12514 0.12509 0.12505 0.12502 0.12499 0.12495 0.12491 0.12485 ( 1)  0.237
 588 Q   0.12514 0.12509 0.12505 0.12502 0.12499 0.12495 0.12491 0.12485 ( 1)  0.237
 589 L   0.12513 0.12508 0.12504 0.12502 0.12499 0.12496 0.12492 0.12486 ( 1)  0.237
 590 Q   0.12514 0.12509 0.12505 0.12502 0.12499 0.12495 0.12491 0.12485 ( 1)  0.237
 591 Q   0.12514 0.12509 0.12505 0.12502 0.12499 0.12495 0.12491 0.12485 ( 1)  0.237
 592 E   0.12506 0.12503 0.12502 0.12501 0.12500 0.12498 0.12497 0.12494 ( 1)  0.237
 593 V   0.12509 0.12506 0.12503 0.12501 0.12499 0.12497 0.12494 0.12490 ( 1)  0.237
 594 K   0.12513 0.12508 0.12504 0.12502 0.12499 0.12496 0.12492 0.12486 ( 1)  0.237


lnL = -2341.086930

