Supplemental results for CODEML (seqf: algn  treef: tree)


dN/dS (w) for site classes (K=8)

p:   0.12500  0.12500  0.12500  0.12500  0.12500  0.12500  0.12500  0.12500
w:   0.00000  0.00000  0.00000  0.00000  0.00000  0.00000  1.00000  1.00000

Naive Empirical Bayes (NEB) probabilities for 8 classes & postmean_w
(amino acids refer to 1st sequence: tas.11138)

   1 M   0.12969 0.12969 0.12969 0.12969 0.12969 0.12969 0.11094 0.11094 ( 2)  0.222
   2 N   0.12876 0.12876 0.12876 0.12876 0.12876 0.12876 0.11371 0.11371 ( 1)  0.227
   3 Y   0.12749 0.12749 0.12749 0.12749 0.12749 0.12749 0.11754 0.11754 ( 1)  0.235
   4 E   0.12843 0.12843 0.12843 0.12843 0.12843 0.12843 0.11471 0.11471 ( 2)  0.229
   5 S   0.00000 0.00000 0.00000 0.00000 0.00000 0.00000 0.50000 0.50000 ( 8)  1.000
   6 A   0.12747 0.12747 0.12747 0.12747 0.12747 0.12747 0.11758 0.11758 ( 1)  0.235
   7 Y   0.12749 0.12749 0.12749 0.12749 0.12749 0.12749 0.11754 0.11754 ( 2)  0.235
   8 W   0.12697 0.12697 0.12697 0.12697 0.12697 0.12697 0.11910 0.11910 ( 2)  0.238
   9 P   0.12673 0.12673 0.12673 0.12673 0.12673 0.12673 0.11982 0.11982 ( 1)  0.240
  10 F   0.12768 0.12768 0.12768 0.12768 0.12768 0.12768 0.11696 0.11696 ( 2)  0.234
  11 S   0.12713 0.12713 0.12713 0.12713 0.12713 0.12713 0.11860 0.11860 ( 1)  0.237
  12 I   0.12848 0.12848 0.12848 0.12848 0.12848 0.12848 0.11456 0.11456 ( 5)  0.229
  13 A   0.12821 0.12821 0.12821 0.12821 0.12821 0.12821 0.11537 0.11537 ( 1)  0.231
  14 C   0.12760 0.12760 0.12760 0.12760 0.12760 0.12760 0.11719 0.11719 ( 2)  0.234
  15 P   0.12725 0.12725 0.12725 0.12725 0.12725 0.12725 0.11826 0.11826 ( 2)  0.237
  16 E   0.12885 0.12885 0.12885 0.12885 0.12885 0.12885 0.11345 0.11345 ( 2)  0.227
  17 T   0.12798 0.12798 0.12798 0.12798 0.12798 0.12798 0.11606 0.11606 ( 2)  0.232
  18 R   0.12751 0.12751 0.12751 0.12751 0.12751 0.12751 0.11747 0.11747 ( 2)  0.235
  19 T   0.12798 0.12798 0.12798 0.12798 0.12798 0.12798 0.11606 0.11606 ( 2)  0.232
  20 W   0.12697 0.12697 0.12697 0.12697 0.12697 0.12697 0.11910 0.11910 ( 2)  0.238
  21 V   0.12820 0.12820 0.12820 0.12820 0.12820 0.12820 0.11541 0.11541 ( 2)  0.231
  22 I   0.12848 0.12848 0.12848 0.12848 0.12848 0.12848 0.11456 0.11456 ( 2)  0.229
  23 V   0.12820 0.12820 0.12820 0.12820 0.12820 0.12820 0.11541 0.11541 ( 2)  0.231
  24 E   0.12885 0.12885 0.12885 0.12885 0.12885 0.12885 0.11345 0.11345 ( 2)  0.227
  25 E   0.12885 0.12885 0.12885 0.12885 0.12885 0.12885 0.11345 0.11345 ( 2)  0.227
  26 C   0.12760 0.12760 0.12760 0.12760 0.12760 0.12760 0.11719 0.11719 ( 2)  0.234
  27 Q   0.12669 0.12669 0.12669 0.12669 0.12669 0.12669 0.11992 0.11992 ( 2)  0.240
  28 I   0.12848 0.12848 0.12848 0.12848 0.12848 0.12848 0.11456 0.11456 ( 5)  0.229
  29 Q   0.12709 0.12709 0.12709 0.12709 0.12709 0.12709 0.11872 0.11872 ( 2)  0.237
  30 L   0.12740 0.12740 0.12740 0.12740 0.12740 0.12740 0.11779 0.11779 ( 2)  0.236
  31 E   0.12811 0.12811 0.12811 0.12811 0.12811 0.12811 0.11568 0.11568 ( 5)  0.231
  32 Q   0.12669 0.12669 0.12669 0.12669 0.12669 0.12669 0.11992 0.11992 ( 2)  0.240
  33 S   0.12873 0.12873 0.12873 0.12873 0.12873 0.12873 0.11382 0.11382 ( 1)  0.228
  34 R   0.12861 0.12861 0.12861 0.12861 0.12861 0.12861 0.11416 0.11416 ( 1)  0.228
  35 Y   0.12749 0.12749 0.12749 0.12749 0.12749 0.12749 0.11754 0.11754 ( 2)  0.235
  36 G   0.12844 0.12844 0.12844 0.12844 0.12844 0.12844 0.11467 0.11467 ( 1)  0.229
  37 E   0.12811 0.12811 0.12811 0.12811 0.12811 0.12811 0.11568 0.11568 ( 5)  0.231
  38 L   0.12654 0.12654 0.12654 0.12654 0.12654 0.12654 0.12038 0.12038 ( 2)  0.241
  39 A   0.12747 0.12747 0.12747 0.12747 0.12747 0.12747 0.11758 0.11758 ( 1)  0.235
  40 H   0.12783 0.12783 0.12783 0.12783 0.12783 0.12783 0.11651 0.11651 ( 2)  0.233
  41 E   0.12885 0.12885 0.12885 0.12885 0.12885 0.12885 0.11345 0.11345 ( 2)  0.227
  42 G   0.12844 0.12844 0.12844 0.12844 0.12844 0.12844 0.11467 0.11467 ( 1)  0.229
  43 E   0.12811 0.12811 0.12811 0.12811 0.12811 0.12811 0.11568 0.11568 ( 5)  0.231
  44 G   0.12844 0.12844 0.12844 0.12844 0.12844 0.12844 0.11467 0.11467 ( 2)  0.229
  45 N   0.12876 0.12876 0.12876 0.12876 0.12876 0.12876 0.11371 0.11371 ( 1)  0.227
  46 A   0.12747 0.12747 0.12747 0.12747 0.12747 0.12747 0.11758 0.11758 ( 1)  0.235
  47 L   0.12618 0.12618 0.12618 0.12618 0.12618 0.12618 0.12145 0.12145 ( 2)  0.243
  48 L   0.12740 0.12740 0.12740 0.12740 0.12740 0.12740 0.11779 0.11779 ( 2)  0.236
  49 T   0.12729 0.12729 0.12729 0.12729 0.12729 0.12729 0.11812 0.11812 ( 1)  0.236
  50 P   0.12725 0.12725 0.12725 0.12725 0.12725 0.12725 0.11826 0.11826 ( 2)  0.237
  51 R   0.12751 0.12751 0.12751 0.12751 0.12751 0.12751 0.11747 0.11747 ( 2)  0.235
  52 G   0.12844 0.12844 0.12844 0.12844 0.12844 0.12844 0.11467 0.11467 ( 1)  0.229
  53 E   0.12811 0.12811 0.12811 0.12811 0.12811 0.12811 0.11568 0.11568 ( 5)  0.231
  54 E   0.12811 0.12811 0.12811 0.12811 0.12811 0.12811 0.11568 0.11568 ( 5)  0.231
  55 L   0.00000 0.00000 0.00000 0.00000 0.00000 0.00000 0.50000 0.50000 ( 8)  1.000
  56 R   0.12861 0.12861 0.12861 0.12861 0.12861 0.12861 0.11416 0.11416 ( 1)  0.228
  57 N   0.12876 0.12876 0.12876 0.12876 0.12876 0.12876 0.11371 0.11371 ( 1)  0.227
  58 Q   0.12709 0.12709 0.12709 0.12709 0.12709 0.12709 0.11872 0.11872 ( 2)  0.237
  59 L   0.12741 0.12741 0.12741 0.12741 0.12741 0.12741 0.11778 0.11778 ( 2)  0.236
  60 L   0.12740 0.12740 0.12740 0.12740 0.12740 0.12740 0.11779 0.11779 ( 2)  0.236
  61 F   0.12771 0.12771 0.12771 0.12771 0.12771 0.12771 0.11687 0.11687 ( 2)  0.234
  62 S   0.12713 0.12713 0.12713 0.12713 0.12713 0.12713 0.11860 0.11860 ( 1)  0.237
  63 K   0.12867 0.12867 0.12867 0.12867 0.12867 0.12867 0.11399 0.11399 ( 1)  0.228
  64 T   0.12729 0.12729 0.12729 0.12729 0.12729 0.12729 0.11812 0.11812 ( 1)  0.236
  65 L   0.12654 0.12654 0.12654 0.12654 0.12654 0.12654 0.12038 0.12038 ( 2)  0.241
  66 A   0.12747 0.12747 0.12747 0.12747 0.12747 0.12747 0.11758 0.11758 ( 1)  0.235
  67 F   0.12771 0.12771 0.12771 0.12771 0.12771 0.12771 0.11687 0.11687 ( 2)  0.234
  68 L   0.12658 0.12658 0.12658 0.12658 0.12658 0.12658 0.12025 0.12025 ( 2)  0.241
  69 M   0.12969 0.12969 0.12969 0.12969 0.12969 0.12969 0.11094 0.11094 ( 2)  0.222
  70 G   0.12844 0.12844 0.12844 0.12844 0.12844 0.12844 0.11467 0.11467 ( 1)  0.229
  71 E   0.12811 0.12811 0.12811 0.12811 0.12811 0.12811 0.11568 0.11568 ( 5)  0.231
  72 G   0.12800 0.12800 0.12800 0.12800 0.12800 0.12800 0.11600 0.11600 ( 1)  0.232
  73 H   0.12783 0.12783 0.12783 0.12783 0.12783 0.12783 0.11651 0.11651 ( 2)  0.233
  74 C   0.12760 0.12760 0.12760 0.12760 0.12760 0.12760 0.11719 0.11719 ( 2)  0.234
  75 V   0.00000 0.00000 0.00000 0.00000 0.00000 0.00000 0.50000 0.50000 ( 8)  1.000
  76 V   0.12820 0.12820 0.12820 0.12820 0.12820 0.12820 0.11541 0.11541 ( 2)  0.231
  77 E   0.12885 0.12885 0.12885 0.12885 0.12885 0.12885 0.11345 0.11345 ( 2)  0.227
  78 E   0.12811 0.12811 0.12811 0.12811 0.12811 0.12811 0.11568 0.11568 ( 5)  0.231
  79 G   0.12844 0.12844 0.12844 0.12844 0.12844 0.12844 0.11467 0.11467 ( 1)  0.229
  80 A   0.12747 0.12747 0.12747 0.12747 0.12747 0.12747 0.11758 0.11758 ( 1)  0.235
  81 M   0.12969 0.12969 0.12969 0.12969 0.12969 0.12969 0.11094 0.11094 ( 2)  0.222
  82 V   0.12820 0.12820 0.12820 0.12820 0.12820 0.12820 0.11541 0.11541 ( 2)  0.231
  83 T   0.12798 0.12798 0.12798 0.12798 0.12798 0.12798 0.11606 0.11606 ( 2)  0.232
  84 T   0.12729 0.12729 0.12729 0.12729 0.12729 0.12729 0.11812 0.11812 ( 1)  0.236
  85 L   0.12654 0.12654 0.12654 0.12654 0.12654 0.12654 0.12038 0.12038 ( 2)  0.241
  86 A   0.12821 0.12821 0.12821 0.12821 0.12821 0.12821 0.11537 0.11537 ( 1)  0.231
  87 G   0.12844 0.12844 0.12844 0.12844 0.12844 0.12844 0.11467 0.11467 ( 1)  0.229
  88 T   0.12798 0.12798 0.12798 0.12798 0.12798 0.12798 0.11606 0.11606 ( 2)  0.232
  89 N   0.12876 0.12876 0.12876 0.12876 0.12876 0.12876 0.11371 0.11371 ( 1)  0.227
  90 G   0.12844 0.12844 0.12844 0.12844 0.12844 0.12844 0.11467 0.11467 ( 2)  0.229
  91 V   0.12820 0.12820 0.12820 0.12820 0.12820 0.12820 0.11541 0.11541 ( 2)  0.231
  92 L   0.12618 0.12618 0.12618 0.12618 0.12618 0.12618 0.12145 0.12145 ( 2)  0.243
  93 P   0.12725 0.12725 0.12725 0.12725 0.12725 0.12725 0.11826 0.11826 ( 2)  0.237
  94 E   0.12885 0.12885 0.12885 0.12885 0.12885 0.12885 0.11345 0.11345 ( 2)  0.227
  95 E   0.12885 0.12885 0.12885 0.12885 0.12885 0.12885 0.11345 0.11345 ( 2)  0.227
  96 D   0.12893 0.12893 0.12893 0.12893 0.12893 0.12893 0.11322 0.11322 ( 1)  0.226
  97 L   0.12654 0.12654 0.12654 0.12654 0.12654 0.12654 0.12038 0.12038 ( 2)  0.241
  98 D   0.12893 0.12893 0.12893 0.12893 0.12893 0.12893 0.11322 0.11322 ( 1)  0.226
  99 L   0.12740 0.12740 0.12740 0.12740 0.12740 0.12740 0.11779 0.11779 ( 2)  0.236
 100 L   0.12740 0.12740 0.12740 0.12740 0.12740 0.12740 0.11779 0.11779 ( 2)  0.236
 101 G   0.12844 0.12844 0.12844 0.12844 0.12844 0.12844 0.11467 0.11467 ( 1)  0.229
 102 R   0.12618 0.12618 0.12618 0.12618 0.12618 0.12618 0.12146 0.12146 ( 5)  0.243
 103 R   0.12778 0.12778 0.12778 0.12778 0.12778 0.12778 0.11665 0.11665 ( 5)  0.233
 104 V   0.12820 0.12820 0.12820 0.12820 0.12820 0.12820 0.11541 0.11541 ( 2)  0.231
 105 G   0.12844 0.12844 0.12844 0.12844 0.12844 0.12844 0.11467 0.11467 ( 1)  0.229
 106 L   0.12740 0.12740 0.12740 0.12740 0.12740 0.12740 0.11779 0.11779 ( 2)  0.236
 107 V   0.12820 0.12820 0.12820 0.12820 0.12820 0.12820 0.11541 0.11541 ( 2)  0.231
 108 T   0.12798 0.12798 0.12798 0.12798 0.12798 0.12798 0.11606 0.11606 ( 2)  0.232
 109 N   0.12876 0.12876 0.12876 0.12876 0.12876 0.12876 0.11371 0.11371 ( 1)  0.227
 110 T   0.12798 0.12798 0.12798 0.12798 0.12798 0.12798 0.11606 0.11606 ( 2)  0.232
 111 R   0.12778 0.12778 0.12778 0.12778 0.12778 0.12778 0.11665 0.11665 ( 5)  0.233
 112 S   0.12873 0.12873 0.12873 0.12873 0.12873 0.12873 0.11382 0.11382 ( 1)  0.228
 113 I   0.12879 0.12879 0.12879 0.12879 0.12879 0.12879 0.11364 0.11364 ( 1)  0.227
 114 S   0.12873 0.12873 0.12873 0.12873 0.12873 0.12873 0.11382 0.11382 ( 1)  0.228
 115 T   0.12798 0.12798 0.12798 0.12798 0.12798 0.12798 0.11606 0.11606 ( 2)  0.232
 116 S   0.12873 0.12873 0.12873 0.12873 0.12873 0.12873 0.11382 0.11382 ( 1)  0.228
 117 C   0.12760 0.12760 0.12760 0.12760 0.12760 0.12760 0.11719 0.11719 ( 2)  0.234
 118 T   0.12729 0.12729 0.12729 0.12729 0.12729 0.12729 0.11812 0.11812 ( 1)  0.236
 119 N   0.12876 0.12876 0.12876 0.12876 0.12876 0.12876 0.11371 0.11371 ( 1)  0.227
 120 W   0.12697 0.12697 0.12697 0.12697 0.12697 0.12697 0.11910 0.11910 ( 2)  0.238
 121 K   0.12794 0.12794 0.12794 0.12794 0.12794 0.12794 0.11618 0.11618 ( 1)  0.232
 122 S   0.12873 0.12873 0.12873 0.12873 0.12873 0.12873 0.11382 0.11382 ( 1)  0.228
 123 V   0.12820 0.12820 0.12820 0.12820 0.12820 0.12820 0.11541 0.11541 ( 2)  0.231
 124 V   0.12820 0.12820 0.12820 0.12820 0.12820 0.12820 0.11541 0.11541 ( 2)  0.231
 125 R   0.12618 0.12618 0.12618 0.12618 0.12618 0.12618 0.12146 0.12146 ( 5)  0.243
 126 D   0.12893 0.12893 0.12893 0.12893 0.12893 0.12893 0.11322 0.11322 ( 1)  0.226
 127 C   0.12760 0.12760 0.12760 0.12760 0.12760 0.12760 0.11719 0.11719 ( 2)  0.234
 128 G   0.12844 0.12844 0.12844 0.12844 0.12844 0.12844 0.11467 0.11467 ( 1)  0.229
 129 F   0.12771 0.12771 0.12771 0.12771 0.12771 0.12771 0.11687 0.11687 ( 2)  0.234
 130 A   0.12821 0.12821 0.12821 0.12821 0.12821 0.12821 0.11537 0.11537 ( 1)  0.231
 131 F   0.12771 0.12771 0.12771 0.12771 0.12771 0.12771 0.11687 0.11687 ( 2)  0.234
 132 H   0.12783 0.12783 0.12783 0.12783 0.12783 0.12783 0.11651 0.11651 ( 2)  0.233
 133 M   0.12969 0.12969 0.12969 0.12969 0.12969 0.12969 0.11094 0.11094 ( 2)  0.222
 134 Y   0.12749 0.12749 0.12749 0.12749 0.12749 0.12749 0.11754 0.11754 ( 2)  0.235
 135 Y   0.12749 0.12749 0.12749 0.12749 0.12749 0.12749 0.11754 0.11754 ( 2)  0.235
 136 L   0.12654 0.12654 0.12654 0.12654 0.12654 0.12654 0.12038 0.12038 ( 2)  0.241
 137 C   0.12760 0.12760 0.12760 0.12760 0.12760 0.12760 0.11719 0.11719 ( 2)  0.234
 138 L   0.12740 0.12740 0.12740 0.12740 0.12740 0.12740 0.11779 0.11779 ( 2)  0.236
 139 I   0.12848 0.12848 0.12848 0.12848 0.12848 0.12848 0.11456 0.11456 ( 2)  0.229
 140 M   0.12969 0.12969 0.12969 0.12969 0.12969 0.12969 0.11094 0.11094 ( 2)  0.222
 141 L   0.12658 0.12658 0.12658 0.12658 0.12658 0.12658 0.12025 0.12025 ( 2)  0.241
 142 C   0.12760 0.12760 0.12760 0.12760 0.12760 0.12760 0.11719 0.11719 ( 2)  0.234
 143 C   0.12760 0.12760 0.12760 0.12760 0.12760 0.12760 0.11719 0.11719 ( 2)  0.234


lnL =  -628.480090

