Supplemental results for CODEML (seqf: algn  treef: tree)


dN/dS (w) for site classes (K=2)

p:   0.99999  0.00001
w:   0.48219  1.00000

Naive Empirical Bayes (NEB) probabilities for 2 classes & postmean_w
(amino acids refer to 1st sequence: ppx.10182)

   1 M   0.99999 0.00001 ( 1)  0.482
   2 A   0.99999 0.00001 ( 1)  0.482
   3 L   0.99999 0.00001 ( 1)  0.482
   4 H   0.99999 0.00001 ( 1)  0.482
   5 S   0.99999 0.00001 ( 1)  0.482
   6 Q   0.99999 0.00001 ( 1)  0.482
   7 Q   0.99999 0.00001 ( 1)  0.482
   8 H   0.99999 0.00001 ( 1)  0.482
   9 L   0.99999 0.00001 ( 1)  0.482
  10 Q   0.99999 0.00001 ( 1)  0.482
  11 H   0.99999 0.00001 ( 1)  0.482
  12 Q   0.99999 0.00001 ( 1)  0.482
  13 Y   0.99999 0.00001 ( 1)  0.482
  14 H   0.99999 0.00001 ( 1)  0.482
  15 H   0.99999 0.00001 ( 1)  0.482
  16 S   0.99999 0.00001 ( 1)  0.482
  17 H   0.99999 0.00001 ( 1)  0.482
  18 H   0.99999 0.00001 ( 1)  0.482
  19 H   0.99999 0.00001 ( 1)  0.482
  20 N   0.99999 0.00001 ( 1)  0.482
  21 Q   0.99999 0.00001 ( 1)  0.482
  22 Q   0.99999 0.00001 ( 1)  0.482
  23 Q   0.99999 0.00001 ( 1)  0.482
  24 P   0.99999 0.00001 ( 1)  0.482
  25 L   0.99999 0.00001 ( 1)  0.482
  26 H   0.99999 0.00001 ( 1)  0.482
  27 L   0.99999 0.00001 ( 1)  0.482
  28 H   0.99999 0.00001 ( 1)  0.482
  29 Q   0.99999 0.00001 ( 1)  0.482
  30 H   0.99999 0.00001 ( 1)  0.482
  31 L   0.99999 0.00001 ( 1)  0.482
  32 S   0.99999 0.00001 ( 1)  0.482
  33 G   0.99999 0.00001 ( 1)  0.482
  34 S   0.99999 0.00001 ( 1)  0.482
  35 H   0.99999 0.00001 ( 1)  0.482
  36 T   0.99999 0.00001 ( 1)  0.482
  37 L   0.99999 0.00001 ( 1)  0.482
  38 V   0.99999 0.00001 ( 1)  0.482
  39 H   0.99999 0.00001 ( 1)  0.482
  40 Q   0.99999 0.00001 ( 1)  0.482
  41 H   0.99999 0.00001 ( 1)  0.482
  42 K   0.99999 0.00001 ( 1)  0.482
  43 S   0.99999 0.00001 ( 1)  0.482
  44 Q   0.99999 0.00001 ( 1)  0.482
  45 Q   0.99999 0.00001 ( 1)  0.482
  46 P   0.99999 0.00001 ( 1)  0.482
  47 V   0.99998 0.00002 ( 1)  0.482
  48 R   0.99999 0.00001 ( 1)  0.482
  49 L   0.99999 0.00001 ( 1)  0.482
  50 L   0.99999 0.00001 ( 1)  0.482
  51 T   0.99999 0.00001 ( 1)  0.482
  52 T   0.99999 0.00001 ( 1)  0.482
  53 T   0.99999 0.00001 ( 1)  0.482
  54 S   0.99999 0.00001 ( 1)  0.482
  55 L   0.99999 0.00001 ( 1)  0.482
  56 N   0.99999 0.00001 ( 1)  0.482
  57 S   0.99999 0.00001 ( 1)  0.482
  58 S   0.99999 0.00001 ( 1)  0.482
  59 G   0.99999 0.00001 ( 1)  0.482
  60 V   0.99999 0.00001 ( 1)  0.482
  61 P   0.99999 0.00001 ( 1)  0.482
  62 S   0.99999 0.00001 ( 1)  0.482
  63 L   0.99999 0.00001 ( 1)  0.482
  64 S   0.99999 0.00001 ( 1)  0.482
  65 I   0.99998 0.00002 ( 1)  0.482
  66 S   0.99999 0.00001 ( 1)  0.482
  67 N   0.99999 0.00001 ( 1)  0.482
  68 I   0.99999 0.00001 ( 1)  0.482
  69 T   0.99999 0.00001 ( 1)  0.482
  70 T   0.99999 0.00001 ( 1)  0.482
  71 T   0.99999 0.00001 ( 1)  0.482
  72 T   0.99999 0.00001 ( 1)  0.482
  73 T   0.99999 0.00001 ( 1)  0.482
  74 S   0.99999 0.00001 ( 1)  0.482
  75 A   0.99999 0.00001 ( 1)  0.482
  76 A   0.99999 0.00001 ( 1)  0.482
  77 V   0.99999 0.00001 ( 1)  0.482
  78 I   0.99999 0.00001 ( 1)  0.482
  79 N   0.99999 0.00001 ( 1)  0.482
  80 T   0.99999 0.00001 ( 1)  0.482
  81 T   0.99999 0.00001 ( 1)  0.482
  82 N   0.99999 0.00001 ( 1)  0.482
  83 I   0.99999 0.00001 ( 1)  0.482
  84 T   0.99999 0.00001 ( 1)  0.482
  85 S   0.99999 0.00001 ( 1)  0.482
  86 T   0.99999 0.00001 ( 1)  0.482
  87 A   0.99999 0.00001 ( 1)  0.482
  88 G   0.99999 0.00001 ( 1)  0.482
  89 I   0.99999 0.00001 ( 1)  0.482
  90 S   0.99999 0.00001 ( 1)  0.482
  91 P   0.99999 0.00001 ( 1)  0.482
  92 G   0.99999 0.00001 ( 1)  0.482
  93 S   0.99999 0.00001 ( 1)  0.482
  94 A   0.99999 0.00001 ( 1)  0.482
  95 T   0.99999 0.00001 ( 1)  0.482
  96 A   0.99999 0.00001 ( 1)  0.482
  97 L   0.99999 0.00001 ( 1)  0.482
  98 S   0.99999 0.00001 ( 1)  0.482
  99 N   0.99999 0.00001 ( 1)  0.482
 100 V   0.99999 0.00001 ( 1)  0.482
 101 V   0.99999 0.00001 ( 1)  0.482
 102 T   0.99999 0.00001 ( 1)  0.482
 103 G   0.99999 0.00001 ( 1)  0.482
 104 S   0.99999 0.00001 ( 1)  0.482
 105 S   0.99999 0.00001 ( 1)  0.482
 106 N   0.99999 0.00001 ( 1)  0.482
 107 I   0.99999 0.00001 ( 1)  0.482
 108 N   0.99999 0.00001 ( 1)  0.482
 109 G   0.99999 0.00001 ( 1)  0.482
 110 Q   0.99999 0.00001 ( 1)  0.482
 111 A   0.99999 0.00001 ( 1)  0.482
 112 G   0.99999 0.00001 ( 1)  0.482
 113 G   0.99999 0.00001 ( 1)  0.482
 114 L   0.99999 0.00001 ( 1)  0.482
 115 P   0.99999 0.00001 ( 1)  0.482
 116 G   0.99999 0.00001 ( 1)  0.482
 117 L   0.99999 0.00001 ( 1)  0.482
 118 M   0.99999 0.00001 ( 1)  0.482
 119 S   0.99999 0.00001 ( 1)  0.482
 120 C   0.99999 0.00001 ( 1)  0.482
 121 E   0.99999 0.00001 ( 1)  0.482
 122 T   0.99999 0.00001 ( 1)  0.482
 123 G   0.99999 0.00001 ( 1)  0.482
 124 Y   0.99999 0.00001 ( 1)  0.482
 125 Q   0.99999 0.00001 ( 1)  0.482
 126 M   0.99999 0.00001 ( 1)  0.482
 127 A   0.99999 0.00001 ( 1)  0.482
 128 A   0.99999 0.00001 ( 1)  0.482
 129 P   0.99999 0.00001 ( 1)  0.482
 130 G   0.99999 0.00001 ( 1)  0.482
 131 S   0.99999 0.00001 ( 1)  0.482
 132 L   0.99999 0.00001 ( 1)  0.482
 133 T   0.99999 0.00001 ( 1)  0.482
 134 S   0.99999 0.00001 ( 1)  0.482
 135 A   0.99999 0.00001 ( 1)  0.482
 136 S   0.99999 0.00001 ( 1)  0.482
 137 R   0.99999 0.00001 ( 1)  0.482
 138 V   0.99999 0.00001 ( 1)  0.482
 139 Y   0.99999 0.00001 ( 1)  0.482
 140 C   0.99999 0.00001 ( 1)  0.482
 141 R   0.99999 0.00001 ( 1)  0.482
 142 S   0.99999 0.00001 ( 1)  0.482
 143 G   0.99999 0.00001 ( 1)  0.482
 144 G   0.99999 0.00001 ( 1)  0.482
 145 K   0.99999 0.00001 ( 1)  0.482
 146 T   0.99999 0.00001 ( 1)  0.482
 147 S   0.99999 0.00001 ( 1)  0.482
 148 S   0.99999 0.00001 ( 1)  0.482
 149 S   0.99999 0.00001 ( 1)  0.482
 150 L   0.99999 0.00001 ( 1)  0.482
 151 P   0.99999 0.00001 ( 1)  0.482
 152 G   0.99999 0.00001 ( 1)  0.482
 153 V   0.99999 0.00001 ( 1)  0.482
 154 S   0.99999 0.00001 ( 1)  0.482
 155 L   0.99999 0.00001 ( 1)  0.482
 156 K   0.99999 0.00001 ( 1)  0.482
 157 V   0.99999 0.00001 ( 1)  0.482
 158 T   0.99999 0.00001 ( 1)  0.482
 159 S   0.99999 0.00001 ( 1)  0.482
 160 L   0.99999 0.00001 ( 1)  0.482
 161 A   0.99999 0.00001 ( 1)  0.482
 162 S   0.99999 0.00001 ( 1)  0.482
 163 A   0.99999 0.00001 ( 1)  0.482
 164 A   0.99999 0.00001 ( 1)  0.482
 165 A   0.99999 0.00001 ( 1)  0.482
 166 C   0.99999 0.00001 ( 1)  0.482
 167 E   0.99999 0.00001 ( 1)  0.482
 168 P   0.99999 0.00001 ( 1)  0.482
 169 T   0.99999 0.00001 ( 1)  0.482
 170 G   0.99999 0.00001 ( 1)  0.482
 171 M   0.99999 0.00001 ( 1)  0.482
 172 F   0.99999 0.00001 ( 1)  0.482
 173 N   0.99999 0.00001 ( 1)  0.482
 174 L   0.99999 0.00001 ( 1)  0.482
 175 N   0.99999 0.00001 ( 1)  0.482
 176 A   0.99999 0.00001 ( 1)  0.482
 177 S   0.99999 0.00001 ( 1)  0.482
 178 G   0.99999 0.00001 ( 1)  0.482
 179 E   0.99999 0.00001 ( 1)  0.482
 180 L   0.99999 0.00001 ( 1)  0.482
 181 R   0.99999 0.00001 ( 1)  0.482
 182 M   0.99999 0.00001 ( 1)  0.482
 183 A   0.99999 0.00001 ( 1)  0.482
 184 N   0.99999 0.00001 ( 1)  0.482
 185 W   0.99999 0.00001 ( 1)  0.482
 186 I   0.99999 0.00001 ( 1)  0.482


lnL =  -773.091715

