Supplemental results for CODEML (seqf: algn  treef: tree)


dN/dS (w) for site classes (K=2)

p:   0.75420  0.24580
w:   0.00000  1.00000

Naive Empirical Bayes (NEB) probabilities for 2 classes & postmean_w
(amino acids refer to 1st sequence: Msl.2747)

   1 M   0.76962 0.23038 ( 1)  0.230
   2 M   0.76962 0.23038 ( 1)  0.230
   3 S   0.76053 0.23947 ( 1)  0.239
   4 A   0.76114 0.23886 ( 1)  0.239
   5 G   0.76059 0.23941 ( 1)  0.239
   6 S   0.76534 0.23466 ( 1)  0.235
   7 S   0.76251 0.23749 ( 1)  0.237
   8 A   0.76298 0.23702 ( 1)  0.237
   9 A   0.76067 0.23933 ( 1)  0.239
  10 T   0.76134 0.23866 ( 1)  0.239
  11 S   0.75856 0.24144 ( 1)  0.241
  12 M   0.76962 0.23038 ( 1)  0.230
  13 S   0.76534 0.23466 ( 1)  0.235
  14 I   0.76394 0.23606 ( 1)  0.236
  15 L   0.76456 0.23544 ( 1)  0.235
  16 D   0.76441 0.23559 ( 1)  0.236
  17 G   0.76333 0.23667 ( 1)  0.237
  18 G   0.76333 0.23667 ( 1)  0.237
  19 R   0.76116 0.23884 ( 1)  0.239
  20 V   0.76193 0.23807 ( 1)  0.238
  21 E   0.76532 0.23468 ( 1)  0.235
  22 F   0.76401 0.23599 ( 1)  0.236
  23 S   0.75856 0.24144 ( 1)  0.241
  24 T   0.76134 0.23866 ( 1)  0.239
  25 R   0.75805 0.24195 ( 1)  0.242
  26 L   0.76142 0.23858 ( 1)  0.239
  27 D   0.76441 0.23559 ( 1)  0.236
  28 R   0.75805 0.24195 ( 1)  0.242
  29 A   0.76067 0.23933 ( 1)  0.239
  30 R   0.76116 0.23884 ( 1)  0.239
  31 R   0.76236 0.23764 ( 1)  0.238
  32 L   0.76137 0.23863 ( 1)  0.239
  33 L   0.76137 0.23863 ( 1)  0.239
  34 M   0.76962 0.23038 ( 1)  0.230
  35 L   0.76456 0.23544 ( 1)  0.235
  36 L   0.76287 0.23713 ( 1)  0.237
  37 L   0.76137 0.23863 ( 1)  0.239
  38 I   0.76394 0.23606 ( 1)  0.236
  39 A   0.76298 0.23702 ( 1)  0.237
  40 V   0.76193 0.23807 ( 1)  0.238
  41 L   0.76137 0.23863 ( 1)  0.239
  42 S   0.75856 0.24144 ( 1)  0.241
  43 I   0.76394 0.23606 ( 1)  0.236
  44 L   0.76137 0.23863 ( 1)  0.239
  45 L   0.76146 0.23854 ( 1)  0.239
  46 L   0.75948 0.24052 ( 1)  0.241
  47 V   0.76193 0.23807 ( 1)  0.238
  48 F   0.76708 0.23292 ( 1)  0.233
  49 V   0.76193 0.23807 ( 1)  0.238
  50 L   0.76137 0.23863 ( 1)  0.239
  51 L   0.76456 0.23544 ( 1)  0.235
  52 Y   0.76408 0.23592 ( 1)  0.236
  53 A   0.76114 0.23886 ( 1)  0.239
  54 L   0.76456 0.23544 ( 1)  0.235
  55 S   0.76534 0.23466 ( 1)  0.235
  56 T   0.76086 0.23914 ( 1)  0.239
  57 A   0.76114 0.23886 ( 1)  0.239
  58 R   0.76046 0.23954 ( 1)  0.240
  59 L   0.76079 0.23921 ( 1)  0.239
  60 P   0.76008 0.23992 ( 1)  0.240
  61 P   0.76051 0.23949 ( 1)  0.239
  62 G   0.75961 0.24039 ( 1)  0.240
  63 A   0.76067 0.23933 ( 1)  0.239
  64 A   0.76411 0.23589 ( 1)  0.236
  65 T   0.76134 0.23866 ( 1)  0.239
  66 P   0.76322 0.23678 ( 1)  0.237
  67 K   0.76571 0.23429 ( 1)  0.234
  68 H   0.76342 0.23658 ( 1)  0.237
  69 P   0.76322 0.23678 ( 1)  0.237
  70 S   0.76534 0.23466 ( 1)  0.235
  71 L   0.76137 0.23863 ( 1)  0.239
  72 C   0.76312 0.23688 ( 1)  0.237
  73 T   0.76439 0.23561 ( 1)  0.236
  74 S   0.76534 0.23466 ( 1)  0.235
  75 E   0.76532 0.23468 ( 1)  0.235
  76 A   0.76411 0.23589 ( 1)  0.236
  77 C   0.76312 0.23688 ( 1)  0.237
  78 I   0.76414 0.23586 ( 1)  0.236
  79 S   0.76251 0.23749 ( 1)  0.237
  80 A   0.76067 0.23933 ( 1)  0.239
  81 S   0.76534 0.23466 ( 1)  0.235
  82 A   0.76067 0.23933 ( 1)  0.239
  83 L   0.76137 0.23863 ( 1)  0.239
  84 L   0.76137 0.23863 ( 1)  0.239
  85 Q   0.76365 0.23635 ( 1)  0.236
  86 S   0.76534 0.23466 ( 1)  0.235
  87 H   0.76635 0.23365 ( 1)  0.234
  88 I   0.76725 0.23275 ( 1)  0.233
  89 D   0.76753 0.23247 ( 1)  0.232
  90 R   0.75805 0.24195 ( 1)  0.242
  91 S   0.76053 0.23947 ( 1)  0.239
  92 A   0.76298 0.23702 ( 1)  0.237
  93 D   0.76753 0.23247 ( 1)  0.232
  94 P   0.76008 0.23992 ( 1)  0.240
  95 C   0.76312 0.23688 ( 1)  0.237
  96 Q   0.76184 0.23816 ( 1)  0.238
  97 D   0.76753 0.23247 ( 1)  0.232
  98 F   0.76708 0.23292 ( 1)  0.233
  99 Y   0.76408 0.23592 ( 1)  0.236
 100 S   0.76534 0.23466 ( 1)  0.235
 101 F   0.76708 0.23292 ( 1)  0.233
 102 A   0.76411 0.23589 ( 1)  0.236
 103 C   0.76312 0.23688 ( 1)  0.237
 104 G   0.76333 0.23667 ( 1)  0.237
 105 G   0.76059 0.23941 ( 1)  0.239
 106 F   0.76708 0.23292 ( 1)  0.233
 107 H   0.76342 0.23658 ( 1)  0.237
 108 K   0.76358 0.23642 ( 1)  0.236
 109 T   0.76439 0.23561 ( 1)  0.236
 110 H   0.76635 0.23365 ( 1)  0.234
 111 P   0.76322 0.23678 ( 1)  0.237
 112 F   0.76708 0.23292 ( 1)  0.233
 113 T   0.76439 0.23561 ( 1)  0.236
 114 A   0.76411 0.23589 ( 1)  0.236
 115 E   0.76532 0.23468 ( 1)  0.235
 116 T   0.76439 0.23561 ( 1)  0.236
 117 V   0.76398 0.23602 ( 1)  0.236
 118 G   0.76333 0.23667 ( 1)  0.237
 119 S   0.75856 0.24144 ( 1)  0.241
 120 V   0.76141 0.23859 ( 1)  0.239
 121 L   0.75948 0.24052 ( 1)  0.241
 122 Q   0.76365 0.23635 ( 1)  0.236
 123 E   0.76532 0.23468 ( 1)  0.235
 124 D   0.76753 0.23247 ( 1)  0.232
 125 N   0.76791 0.23209 ( 1)  0.232
 126 S   0.76324 0.23676 ( 1)  0.237
 127 I   0.76394 0.23606 ( 1)  0.236
 128 Q   0.76184 0.23816 ( 1)  0.238
 129 G   0.75961 0.24039 ( 1)  0.240
 130 N   0.76474 0.23526 ( 1)  0.235
 131 L   0.75948 0.24052 ( 1)  0.241
 132 F   0.76401 0.23599 ( 1)  0.236
 133 E   0.76532 0.23468 ( 1)  0.235
 134 M   0.76962 0.23038 ( 1)  0.230
 135 M   0.76962 0.23038 ( 1)  0.230
 136 Y   0.76408 0.23592 ( 1)  0.236
 137 F   0.76708 0.23292 ( 1)  0.233
 138 K   0.76571 0.23429 ( 1)  0.234
 139 N   0.76791 0.23209 ( 1)  0.232
 140 L   0.76287 0.23713 ( 1)  0.237
 141 S   0.76324 0.23676 ( 1)  0.237
 142 K   0.76571 0.23429 ( 1)  0.234
 143 P   0.76322 0.23678 ( 1)  0.237
 144 R   0.76116 0.23884 ( 1)  0.239
 145 D   0.76753 0.23247 ( 1)  0.232
 146 A   0.76067 0.23933 ( 1)  0.239
 147 S   0.76534 0.23466 ( 1)  0.235
 148 E   0.76323 0.23677 ( 1)  0.237
 149 A   0.76298 0.23702 ( 1)  0.237
 150 Q   0.76365 0.23635 ( 1)  0.236
 151 L   0.76137 0.23863 ( 1)  0.239
 152 F   0.76708 0.23292 ( 1)  0.233
 153 Q   0.76365 0.23635 ( 1)  0.236
 154 T   0.76134 0.23866 ( 1)  0.239
 155 L   0.76137 0.23863 ( 1)  0.239
 156 R   0.75805 0.24195 ( 1)  0.242
 157 S   0.76324 0.23676 ( 1)  0.237
 158 I   0.76725 0.23275 ( 1)  0.233
 159 Y   0.76408 0.23592 ( 1)  0.236
 160 G   0.76230 0.23770 ( 1)  0.238
 161 T   0.76439 0.23561 ( 1)  0.236
 162 C   0.76312 0.23688 ( 1)  0.237
 163 M   0.76962 0.23038 ( 1)  0.230
 164 D   0.76441 0.23559 ( 1)  0.236
 165 W   0.76101 0.23899 ( 1)  0.239
 166 R   0.76236 0.23764 ( 1)  0.238
 167 G   0.76333 0.23667 ( 1)  0.237
 168 S   0.76324 0.23676 ( 1)  0.237
 169 S   0.76534 0.23466 ( 1)  0.235
 170 V   0.76193 0.23807 ( 1)  0.238
 171 L   0.76137 0.23863 ( 1)  0.239
 172 N   0.76474 0.23526 ( 1)  0.235
 173 S   0.76053 0.23947 ( 1)  0.239
 174 K   0.76571 0.23429 ( 1)  0.234
 175 K   0.76358 0.23642 ( 1)  0.236
 176 E   0.76532 0.23468 ( 1)  0.235
 177 E   0.76323 0.23677 ( 1)  0.237
 178 F   0.76401 0.23599 ( 1)  0.236
 179 L   0.76456 0.23544 ( 1)  0.235
 180 P   0.76219 0.23781 ( 1)  0.238
 181 N   0.76791 0.23209 ( 1)  0.232
 182 S   0.76534 0.23466 ( 1)  0.235
 183 W   0.76101 0.23899 ( 1)  0.239
 184 Q   0.76183 0.23817 ( 1)  0.238
 185 T   0.76134 0.23866 ( 1)  0.239
 186 G   0.75961 0.24039 ( 1)  0.240
 187 E   0.76323 0.23677 ( 1)  0.237
 188 R   0.75805 0.24195 ( 1)  0.242
 189 P   0.76135 0.23865 ( 1)  0.239
 190 F   0.76708 0.23292 ( 1)  0.233
 191 D   0.76753 0.23247 ( 1)  0.232
 192 M   0.76962 0.23038 ( 1)  0.230
 193 K   0.76358 0.23642 ( 1)  0.236
 194 S   0.75856 0.24144 ( 1)  0.241
 195 L   0.76079 0.23921 ( 1)  0.239
 196 V   0.76398 0.23602 ( 1)  0.236
 197 R   0.76116 0.23884 ( 1)  0.239
 198 P   0.76051 0.23949 ( 1)  0.239
 199 L   0.76287 0.23713 ( 1)  0.237
 200 L   0.76287 0.23713 ( 1)  0.237
 201 D   0.76753 0.23247 ( 1)  0.232
 202 F   0.76401 0.23599 ( 1)  0.236
 203 L   0.75948 0.24052 ( 1)  0.241
 204 E   0.76532 0.23468 ( 1)  0.235
 205 G   0.76333 0.23667 ( 1)  0.237
 206 Y   0.76408 0.23592 ( 1)  0.236
 207 S   0.75856 0.24144 ( 1)  0.241
 208 G   0.76333 0.23667 ( 1)  0.237
 209 I   0.76492 0.23508 ( 1)  0.235
 210 E   0.76323 0.23677 ( 1)  0.237
 211 D   0.76753 0.23247 ( 1)  0.232
 212 F   0.76708 0.23292 ( 1)  0.233
 213 L   0.75948 0.24052 ( 1)  0.241
 214 A   0.76298 0.23702 ( 1)  0.237
 215 R   0.76116 0.23884 ( 1)  0.239
 216 L   0.76137 0.23863 ( 1)  0.239
 217 V   0.76270 0.23730 ( 1)  0.237
 218 I   0.76414 0.23586 ( 1)  0.236
 219 T   0.00000 1.00000 ( 2)  1.000
 220 G   0.76059 0.23941 ( 1)  0.239
 221 T   0.76086 0.23914 ( 1)  0.239
 222 S   0.76087 0.23913 ( 1)  0.239
 223 D   0.76441 0.23559 ( 1)  0.236
 224 L   0.76137 0.23863 ( 1)  0.239
 225 F   0.76708 0.23292 ( 1)  0.233
 226 R   0.76116 0.23884 ( 1)  0.239
 227 L   0.76287 0.23713 ( 1)  0.237
 228 S   0.76087 0.23913 ( 1)  0.239
 229 P   0.76008 0.23992 ( 1)  0.240
 230 G   0.76333 0.23667 ( 1)  0.237
 231 S   0.76087 0.23913 ( 1)  0.239
 232 A   0.00000 1.00000 ( 2)  1.000
 233 E   0.76532 0.23468 ( 1)  0.235
 234 R   0.76046 0.23954 ( 1)  0.240
 235 S   0.76251 0.23749 ( 1)  0.237
 236 L   0.76137 0.23863 ( 1)  0.239
 237 R   0.76116 0.23884 ( 1)  0.239
 238 L   0.76287 0.23713 ( 1)  0.237
 239 H   0.76635 0.23365 ( 1)  0.234
 240 S   0.76087 0.23913 ( 1)  0.239
 241 S   0.75856 0.24144 ( 1)  0.241
 242 P   0.76008 0.23992 ( 1)  0.240
 243 Y   0.76408 0.23592 ( 1)  0.236
 244 Y   0.76408 0.23592 ( 1)  0.236
 245 L   0.75948 0.24052 ( 1)  0.241
 246 S   0.76053 0.23947 ( 1)  0.239
 247 T   0.76439 0.23561 ( 1)  0.236
 248 L   0.76137 0.23863 ( 1)  0.239
 249 K   0.76358 0.23642 ( 1)  0.236
 250 S   0.76324 0.23676 ( 1)  0.237
 251 W   0.76101 0.23899 ( 1)  0.239
 252 N   0.76474 0.23526 ( 1)  0.235
 253 H   0.76342 0.23658 ( 1)  0.237
 254 V   0.76193 0.23807 ( 1)  0.238
 255 F   0.76708 0.23292 ( 1)  0.233
 256 N   0.76474 0.23526 ( 1)  0.235
 257 D   0.00000 1.00000 ( 2)  1.000
 258 G   0.75961 0.24039 ( 1)  0.240
 259 I   0.76394 0.23606 ( 1)  0.236
 260 S   0.76053 0.23947 ( 1)  0.239
 261 A   0.76067 0.23933 ( 1)  0.239
 262 L   0.76079 0.23921 ( 1)  0.239
 263 E   0.76323 0.23677 ( 1)  0.237
 264 D   0.76441 0.23559 ( 1)  0.236
 265 F   0.76708 0.23292 ( 1)  0.233
 266 S   0.76251 0.23749 ( 1)  0.237
 267 D   0.76441 0.23559 ( 1)  0.236
 268 L   0.76456 0.23544 ( 1)  0.235
 269 I   0.76414 0.23586 ( 1)  0.236
 270 D   0.76753 0.23247 ( 1)  0.232
 271 L   0.76137 0.23863 ( 1)  0.239
 272 N   0.76474 0.23526 ( 1)  0.235
 273 L   0.76287 0.23713 ( 1)  0.237
 274 T   0.76134 0.23866 ( 1)  0.239
 275 V   0.76193 0.23807 ( 1)  0.238
 276 S   0.76251 0.23749 ( 1)  0.237
 277 I   0.76414 0.23586 ( 1)  0.236
 278 N   0.76474 0.23526 ( 1)  0.235
 279 Q   0.76365 0.23635 ( 1)  0.236
 280 M   0.76962 0.23038 ( 1)  0.230
 281 K   0.76571 0.23429 ( 1)  0.234
 282 P   0.76051 0.23949 ( 1)  0.239
 283 A   0.76067 0.23933 ( 1)  0.239
 284 V   0.76193 0.23807 ( 1)  0.238
 285 Q   0.76365 0.23635 ( 1)  0.236
 286 Q   0.76184 0.23816 ( 1)  0.238
 287 M   0.76962 0.23038 ( 1)  0.230
 288 L   0.76079 0.23921 ( 1)  0.239
 289 N   0.76791 0.23209 ( 1)  0.232
 290 K   0.76358 0.23642 ( 1)  0.236
 291 G   0.76333 0.23667 ( 1)  0.237
 292 E   0.76323 0.23677 ( 1)  0.237
 293 S   0.76087 0.23913 ( 1)  0.239
 294 Y   0.76260 0.23740 ( 1)  0.237
 295 L   0.76287 0.23713 ( 1)  0.237
 296 K   0.76358 0.23642 ( 1)  0.236
 297 V   0.76193 0.23807 ( 1)  0.238
 298 G   0.76059 0.23941 ( 1)  0.239
 299 P   0.76051 0.23949 ( 1)  0.239
 300 Y   0.76408 0.23592 ( 1)  0.236
 301 S   0.00000 1.00000 ( 2)  1.000
 302 L   0.76137 0.23863 ( 1)  0.239
 303 E   0.76323 0.23677 ( 1)  0.237
 304 Q   0.76365 0.23635 ( 1)  0.236
 305 L   0.76137 0.23863 ( 1)  0.239
 306 Q   0.76365 0.23635 ( 1)  0.236
 307 N   0.76474 0.23526 ( 1)  0.235
 308 F   0.76401 0.23599 ( 1)  0.236
 309 T   0.76134 0.23866 ( 1)  0.239
 310 Q   0.76365 0.23635 ( 1)  0.236
 311 V   0.00000 1.00000 ( 2)  1.000
 312 E   0.76532 0.23468 ( 1)  0.235
 313 A   0.76067 0.23933 ( 1)  0.239
 314 D   0.00000 1.00000 ( 2)  1.000
 315 N   0.76474 0.23526 ( 1)  0.235
 316 L   0.76456 0.23544 ( 1)  0.235
 317 N   0.76791 0.23209 ( 1)  0.232
 318 F   0.76401 0.23599 ( 1)  0.236
 319 N   0.76791 0.23209 ( 1)  0.232
 320 W   0.76101 0.23899 ( 1)  0.239
 321 T   0.76324 0.23676 ( 1)  0.237
 322 E   0.76532 0.23468 ( 1)  0.235
 323 F   0.76401 0.23599 ( 1)  0.236
 324 Y   0.76408 0.23592 ( 1)  0.236
 325 S   0.76534 0.23466 ( 1)  0.235
 326 A   0.76114 0.23886 ( 1)  0.239
 327 V   0.76398 0.23602 ( 1)  0.236
 328 N   0.00000 1.00000 ( 2)  1.000
 329 K   0.76571 0.23429 ( 1)  0.234
 330 Y   0.76112 0.23888 ( 1)  0.239
 331 S   0.75856 0.24144 ( 1)  0.241
 332 A   0.76411 0.23589 ( 1)  0.236
 333 N   0.76474 0.23526 ( 1)  0.235
 334 K   0.76571 0.23429 ( 1)  0.234
 335 L   0.76079 0.23921 ( 1)  0.239
 336 P   0.76051 0.23949 ( 1)  0.239
 337 P   0.76322 0.23678 ( 1)  0.237
 338 S   0.75856 0.24144 ( 1)  0.241
 339 M   0.76962 0.23038 ( 1)  0.230
 340 R   0.76116 0.23884 ( 1)  0.239
 341 V   0.76523 0.23477 ( 1)  0.235
 342 K   0.76571 0.23429 ( 1)  0.234
 343 I   0.76394 0.23606 ( 1)  0.236
 344 I   0.76394 0.23606 ( 1)  0.236
 345 R   0.76371 0.23629 ( 1)  0.236
 346 Y   0.76408 0.23592 ( 1)  0.236
 347 P   0.76219 0.23781 ( 1)  0.238
 348 L   0.75948 0.24052 ( 1)  0.241
 349 L   0.76079 0.23921 ( 1)  0.239
 350 F   0.76401 0.23599 ( 1)  0.236
 351 F   0.76401 0.23599 ( 1)  0.236
 352 V   0.76141 0.23859 ( 1)  0.239
 353 L   0.76456 0.23544 ( 1)  0.235
 354 E   0.76532 0.23468 ( 1)  0.235
 355 Q   0.76365 0.23635 ( 1)  0.236
 356 L   0.76456 0.23544 ( 1)  0.235
 357 T   0.76086 0.23914 ( 1)  0.239
 358 T   0.76324 0.23676 ( 1)  0.237
 359 E   0.76532 0.23468 ( 1)  0.235
 360 L   0.76137 0.23863 ( 1)  0.239
 361 E   0.76532 0.23468 ( 1)  0.235
 362 H   0.76635 0.23365 ( 1)  0.234
 363 R   0.76116 0.23884 ( 1)  0.239
 364 Q   0.76365 0.23635 ( 1)  0.236
 365 G   0.75961 0.24039 ( 1)  0.240
 366 P   0.76219 0.23781 ( 1)  0.238
 367 Y   0.76408 0.23592 ( 1)  0.236
 368 Y   0.76408 0.23592 ( 1)  0.236
 369 D   0.76753 0.23247 ( 1)  0.232
 370 F   0.76401 0.23599 ( 1)  0.236
 371 I   0.76394 0.23606 ( 1)  0.236
 372 R   0.76236 0.23764 ( 1)  0.238
 373 M   0.76962 0.23038 ( 1)  0.230
 374 D   0.76753 0.23247 ( 1)  0.232
 375 S   0.76053 0.23947 ( 1)  0.239
 376 A   0.76067 0.23933 ( 1)  0.239
 377 L   0.76287 0.23713 ( 1)  0.237
 378 S   0.76087 0.23913 ( 1)  0.239
 379 A   0.76067 0.23933 ( 1)  0.239
 380 V   0.76523 0.23477 ( 1)  0.235
 381 N   0.76474 0.23526 ( 1)  0.235
 382 F   0.76401 0.23599 ( 1)  0.236
 383 L   0.76146 0.23854 ( 1)  0.239
 384 P   0.76008 0.23992 ( 1)  0.240
 385 D   0.76753 0.23247 ( 1)  0.232
 386 E   0.76323 0.23677 ( 1)  0.237
 387 S   0.76087 0.23913 ( 1)  0.239
 388 F   0.76401 0.23599 ( 1)  0.236
 389 K   0.76358 0.23642 ( 1)  0.236
 390 F   0.76708 0.23292 ( 1)  0.233
 391 F   0.76401 0.23599 ( 1)  0.236
 392 K   0.76358 0.23642 ( 1)  0.236
 393 N   0.76791 0.23209 ( 1)  0.232
 394 L   0.76146 0.23854 ( 1)  0.239
 395 F   0.76708 0.23292 ( 1)  0.233
 396 G   0.76230 0.23770 ( 1)  0.238
 397 Q   0.76184 0.23816 ( 1)  0.238
 398 Q   0.76184 0.23816 ( 1)  0.238
 399 K   0.76571 0.23429 ( 1)  0.234
 400 Y   0.76112 0.23888 ( 1)  0.239
 401 L   0.76456 0.23544 ( 1)  0.235
 402 I   0.76394 0.23606 ( 1)  0.236
 403 H   0.76342 0.23658 ( 1)  0.237
 404 E   0.76532 0.23468 ( 1)  0.235
 405 K   0.76358 0.23642 ( 1)  0.236
 406 E   0.76323 0.23677 ( 1)  0.237
 407 S   0.76534 0.23466 ( 1)  0.235
 408 R   0.76046 0.23954 ( 1)  0.240
 409 N   0.76791 0.23209 ( 1)  0.232
 410 S   0.76534 0.23466 ( 1)  0.235
 411 S   0.75856 0.24144 ( 1)  0.241
 412 R   0.76116 0.23884 ( 1)  0.239
 413 L   0.76137 0.23863 ( 1)  0.239
 414 C   0.76312 0.23688 ( 1)  0.237
 415 M   0.76962 0.23038 ( 1)  0.230
 416 D   0.76753 0.23247 ( 1)  0.232
 417 M   0.76962 0.23038 ( 1)  0.230
 418 M   0.76962 0.23038 ( 1)  0.230
 419 L   0.76287 0.23713 ( 1)  0.237
 420 G   0.76333 0.23667 ( 1)  0.237
 421 S   0.76324 0.23676 ( 1)  0.237
 422 M   0.76962 0.23038 ( 1)  0.230
 423 P   0.76219 0.23781 ( 1)  0.238
 424 P   0.76008 0.23992 ( 1)  0.240
 425 V   0.76398 0.23602 ( 1)  0.236
 426 A   0.76114 0.23886 ( 1)  0.239
 427 L   0.76287 0.23713 ( 1)  0.237
 428 Q   0.76365 0.23635 ( 1)  0.236
 429 M   0.76962 0.23038 ( 1)  0.230
 430 F   0.76708 0.23292 ( 1)  0.233
 431 S   0.76534 0.23466 ( 1)  0.235
 432 S   0.76534 0.23466 ( 1)  0.235
 433 A   0.76411 0.23589 ( 1)  0.236
 434 F   0.76708 0.23292 ( 1)  0.233
 435 V   0.76523 0.23477 ( 1)  0.235
 436 T   0.76086 0.23914 ( 1)  0.239
 437 D   0.76441 0.23559 ( 1)  0.236
 438 D   0.76753 0.23247 ( 1)  0.232
 439 F   0.76708 0.23292 ( 1)  0.233
 440 N   0.76791 0.23209 ( 1)  0.232
 441 S   0.75856 0.24144 ( 1)  0.241
 442 V   0.76398 0.23602 ( 1)  0.236
 443 K   0.76358 0.23642 ( 1)  0.236
 444 A   0.76298 0.23702 ( 1)  0.237
 445 V   0.76141 0.23859 ( 1)  0.239
 446 V   0.76523 0.23477 ( 1)  0.235
 447 G   0.76333 0.23667 ( 1)  0.237
 448 D   0.76753 0.23247 ( 1)  0.232
 449 I   0.76725 0.23275 ( 1)  0.233
 450 K   0.76571 0.23429 ( 1)  0.234
 451 E   0.76532 0.23468 ( 1)  0.235
 452 A   0.76411 0.23589 ( 1)  0.236
 453 M   0.76962 0.23038 ( 1)  0.230
 454 W   0.76101 0.23899 ( 1)  0.239
 455 E   0.76532 0.23468 ( 1)  0.235
 456 N   0.76474 0.23526 ( 1)  0.235
 457 V   0.76398 0.23602 ( 1)  0.236
 458 D   0.76753 0.23247 ( 1)  0.232
 459 S   0.76534 0.23466 ( 1)  0.235
 460 E   0.76532 0.23468 ( 1)  0.235
 461 A   0.76298 0.23702 ( 1)  0.237
 462 W   0.76101 0.23899 ( 1)  0.239
 463 I   0.76394 0.23606 ( 1)  0.236
 464 E   0.76532 0.23468 ( 1)  0.235
 465 Q   0.76365 0.23635 ( 1)  0.236
 466 P   0.76219 0.23781 ( 1)  0.238
 467 S   0.76251 0.23749 ( 1)  0.237
 468 K   0.76571 0.23429 ( 1)  0.234
 469 A   0.76067 0.23933 ( 1)  0.239
 470 A   0.76067 0.23933 ( 1)  0.239
 471 I   0.76394 0.23606 ( 1)  0.236
 472 K   0.76571 0.23429 ( 1)  0.234
 473 K   0.76571 0.23429 ( 1)  0.234
 474 K   0.76571 0.23429 ( 1)  0.234
 475 L   0.76456 0.23544 ( 1)  0.235
 476 D   0.76753 0.23247 ( 1)  0.232
 477 A   0.76411 0.23589 ( 1)  0.236
 478 I   0.76394 0.23606 ( 1)  0.236
 479 R   0.76046 0.23954 ( 1)  0.240
 480 S   0.76534 0.23466 ( 1)  0.235
 481 T   0.76439 0.23561 ( 1)  0.236
 482 V   0.76523 0.23477 ( 1)  0.235
 483 G   0.76333 0.23667 ( 1)  0.237
 484 Y   0.76408 0.23592 ( 1)  0.236
 485 P   0.76322 0.23678 ( 1)  0.237
 486 Q   0.76365 0.23635 ( 1)  0.236
 487 F   0.76708 0.23292 ( 1)  0.233
 488 N   0.76791 0.23209 ( 1)  0.232
 489 I   0.76394 0.23606 ( 1)  0.236
 490 S   0.76324 0.23676 ( 1)  0.237
 491 E   0.76532 0.23468 ( 1)  0.235
 492 F   0.76708 0.23292 ( 1)  0.233
 493 T   0.76439 0.23561 ( 1)  0.236
 494 E   0.76323 0.23677 ( 1)  0.237
 495 G   0.76333 0.23667 ( 1)  0.237
 496 Y   0.76408 0.23592 ( 1)  0.236
 497 S   0.75856 0.24144 ( 1)  0.241
 498 K   0.76358 0.23642 ( 1)  0.236
 499 V   0.76193 0.23807 ( 1)  0.238
 500 A   0.76114 0.23886 ( 1)  0.239
 501 A   0.76114 0.23886 ( 1)  0.239
 502 Q   0.76184 0.23816 ( 1)  0.238
 503 V   0.76193 0.23807 ( 1)  0.238
 504 N   0.76791 0.23209 ( 1)  0.232
 505 Q   0.76184 0.23816 ( 1)  0.238
 506 S   0.76534 0.23466 ( 1)  0.235
 507 R   0.76116 0.23884 ( 1)  0.239
 508 T   0.76086 0.23914 ( 1)  0.239
 509 F   0.76401 0.23599 ( 1)  0.236
 510 G   0.76333 0.23667 ( 1)  0.237
 511 D   0.76441 0.23559 ( 1)  0.236
 512 V   0.76193 0.23807 ( 1)  0.238
 513 V   0.76193 0.23807 ( 1)  0.238
 514 L   0.76287 0.23713 ( 1)  0.237
 515 Q   0.76365 0.23635 ( 1)  0.236
 516 F   0.76401 0.23599 ( 1)  0.236
 517 K   0.76358 0.23642 ( 1)  0.236
 518 S   0.76534 0.23466 ( 1)  0.235
 519 T   0.76134 0.23866 ( 1)  0.239
 520 Q   0.76365 0.23635 ( 1)  0.236
 521 L   0.76146 0.23854 ( 1)  0.239
 522 Q   0.76365 0.23635 ( 1)  0.236
 523 N   0.76474 0.23526 ( 1)  0.235
 524 R   0.75805 0.24195 ( 1)  0.242
 525 L   0.76146 0.23854 ( 1)  0.239
 526 W   0.76101 0.23899 ( 1)  0.239
 527 I   0.76394 0.23606 ( 1)  0.236
 528 L   0.76287 0.23713 ( 1)  0.237
 529 T   0.76086 0.23914 ( 1)  0.239
 530 A   0.76114 0.23886 ( 1)  0.239
 531 D   0.76753 0.23247 ( 1)  0.232
 532 K   0.76358 0.23642 ( 1)  0.236
 533 Q   0.76365 0.23635 ( 1)  0.236
 534 D   0.76753 0.23247 ( 1)  0.232
 535 L   0.76287 0.23713 ( 1)  0.237
 536 M   0.76962 0.23038 ( 1)  0.230
 537 P   0.76008 0.23992 ( 1)  0.240
 538 S   0.76251 0.23749 ( 1)  0.237
 539 D   0.76753 0.23247 ( 1)  0.232
 540 I   0.76394 0.23606 ( 1)  0.236
 541 F   0.76401 0.23599 ( 1)  0.236
 542 S   0.75856 0.24144 ( 1)  0.241
 543 R   0.76116 0.23884 ( 1)  0.239
 544 I   0.76394 0.23606 ( 1)  0.236
 545 F   0.76401 0.23599 ( 1)  0.236
 546 T   0.76134 0.23866 ( 1)  0.239
 547 V   0.76523 0.23477 ( 1)  0.235
 548 N   0.76791 0.23209 ( 1)  0.232
 549 A   0.76114 0.23886 ( 1)  0.239
 550 H   0.76342 0.23658 ( 1)  0.237
 551 Y   0.76408 0.23592 ( 1)  0.236
 552 S   0.76087 0.23913 ( 1)  0.239
 553 L   0.75948 0.24052 ( 1)  0.241
 554 H   0.76635 0.23365 ( 1)  0.234
 555 L   0.76137 0.23863 ( 1)  0.239
 556 N   0.76474 0.23526 ( 1)  0.235
 557 S   0.76087 0.23913 ( 1)  0.239
 558 L   0.76456 0.23544 ( 1)  0.235
 559 F   0.76708 0.23292 ( 1)  0.233
 560 I   0.76725 0.23275 ( 1)  0.233
 561 Y   0.76408 0.23592 ( 1)  0.236
 562 L   0.76137 0.23863 ( 1)  0.239
 563 G   0.76333 0.23667 ( 1)  0.237
 564 L   0.76137 0.23863 ( 1)  0.239
 565 L   0.76137 0.23863 ( 1)  0.239
 566 L   0.76456 0.23544 ( 1)  0.235
 567 T   0.76439 0.23561 ( 1)  0.236
 568 K   0.76358 0.23642 ( 1)  0.236
 569 V   0.76523 0.23477 ( 1)  0.235
 570 Y   0.76408 0.23592 ( 1)  0.236
 571 M   0.76962 0.23038 ( 1)  0.230
 572 K   0.76571 0.23429 ( 1)  0.234
 573 G   0.76333 0.23667 ( 1)  0.237
 574 Y   0.76408 0.23592 ( 1)  0.236
 575 P   0.76270 0.23730 ( 1)  0.237


lnL = -2439.536112

