Supplemental results for CODEML (seqf: algn  treef: tree)


dN/dS (w) for site classes (K=8)

p:   0.12500  0.12500  0.12500  0.12500  0.12500  0.12500  0.12500  0.12500
w:   0.00000  0.00000  0.00000  0.00000  1.00000  1.00000  1.00000  1.00000

Naive Empirical Bayes (NEB) probabilities for 8 classes & postmean_w
(amino acids refer to 1st sequence: spe.21560)

   1 M   0.13687 0.13687 0.13687 0.13687 0.11313 0.11313 0.11313 0.11313 ( 2)  0.453
   2 A   0.12957 0.12957 0.12957 0.12957 0.12043 0.12043 0.12043 0.12043 ( 1)  0.482
   3 V   0.13340 0.13340 0.13340 0.13340 0.11660 0.11660 0.11660 0.11660 ( 2)  0.466
   4 D   0.13302 0.13302 0.13302 0.13302 0.11698 0.11698 0.11698 0.11698 ( 2)  0.468
   5 P   0.13205 0.13205 0.13205 0.13205 0.11795 0.11795 0.11795 0.11795 ( 2)  0.472
   6 L   0.13295 0.13295 0.13295 0.13295 0.11705 0.11705 0.11705 0.11705 ( 2)  0.468
   7 E   0.13062 0.13062 0.13062 0.13062 0.11938 0.11938 0.11938 0.11938 ( 1)  0.478
   8 Q   0.13418 0.13418 0.13418 0.13418 0.11582 0.11582 0.11582 0.11582 ( 2)  0.463
   9 T   0.12893 0.12893 0.12893 0.12893 0.12107 0.12107 0.12107 0.12107 ( 2)  0.484
  10 S   0.13246 0.13246 0.13246 0.13246 0.11754 0.11754 0.11754 0.11754 ( 2)  0.470
  11 P   0.13467 0.13467 0.13467 0.13467 0.11533 0.11533 0.11533 0.11533 ( 2)  0.461
  12 A   0.13218 0.13218 0.13218 0.13218 0.11782 0.11782 0.11782 0.11782 ( 1)  0.471
  13 A   0.13218 0.13218 0.13218 0.13218 0.11782 0.11782 0.11782 0.11782 ( 1)  0.471
  14 G   0.13132 0.13132 0.13132 0.13132 0.11868 0.11868 0.11868 0.11868 ( 2)  0.475
  15 L   0.13053 0.13053 0.13053 0.13053 0.11947 0.11947 0.11947 0.11947 ( 2)  0.478
  16 R   0.13223 0.13223 0.13223 0.13223 0.11777 0.11777 0.11777 0.11777 ( 2)  0.471
  17 P   0.13319 0.13319 0.13319 0.13319 0.11681 0.11681 0.11681 0.11681 ( 2)  0.467
  18 S   0.13111 0.13111 0.13111 0.13111 0.11889 0.11889 0.11889 0.11889 ( 2)  0.476
  19 P   0.13319 0.13319 0.13319 0.13319 0.11681 0.11681 0.11681 0.11681 ( 2)  0.467
  20 L   0.13206 0.13206 0.13206 0.13206 0.11794 0.11794 0.11794 0.11794 ( 2)  0.472
  21 R   0.13122 0.13122 0.13122 0.13122 0.11878 0.11878 0.11878 0.11878 ( 2)  0.475
  22 L   0.13295 0.13295 0.13295 0.13295 0.11705 0.11705 0.11705 0.11705 ( 2)  0.468
  23 R   0.00000 0.00000 0.00000 0.00000 0.25000 0.25000 0.25000 0.25000 ( 6)  1.000
  24 C   0.13034 0.13034 0.13034 0.13034 0.11966 0.11966 0.11966 0.11966 ( 1)  0.479
  25 R   0.12819 0.12819 0.12819 0.12819 0.12181 0.12181 0.12181 0.12181 ( 2)  0.487
  26 V   0.13224 0.13224 0.13224 0.13224 0.11776 0.11776 0.11776 0.11776 ( 2)  0.471
  27 V   0.13224 0.13224 0.13224 0.13224 0.11776 0.11776 0.11776 0.11776 ( 2)  0.471
  28 G   0.13235 0.13235 0.13235 0.13235 0.11765 0.11765 0.11765 0.11765 ( 2)  0.471
  29 G   0.12881 0.12881 0.12881 0.12881 0.12119 0.12119 0.12119 0.12119 ( 1)  0.485
  30 Y   0.13009 0.13009 0.13009 0.13009 0.11991 0.11991 0.11991 0.11991 ( 2)  0.480
  31 P   0.13319 0.13319 0.13319 0.13319 0.11681 0.11681 0.11681 0.11681 ( 2)  0.467
  32 N   0.13225 0.13225 0.13225 0.13225 0.11775 0.11775 0.11775 0.11775 ( 2)  0.471
  33 I   0.13389 0.13389 0.13389 0.13389 0.11611 0.11611 0.11611 0.11611 ( 2)  0.464
  34 F   0.13370 0.13370 0.13370 0.13370 0.11630 0.11630 0.11630 0.11630 ( 2)  0.465
  35 R   0.13122 0.13122 0.13122 0.13122 0.11878 0.11878 0.11878 0.11878 ( 2)  0.475
  36 L   0.13295 0.13295 0.13295 0.13295 0.11705 0.11705 0.11705 0.11705 ( 2)  0.468
  37 Q   0.13418 0.13418 0.13418 0.13418 0.11582 0.11582 0.11582 0.11582 ( 2)  0.463
  38 F   0.13370 0.13370 0.13370 0.13370 0.11630 0.11630 0.11630 0.11630 ( 2)  0.465
  39 M   0.13687 0.13687 0.13687 0.13687 0.11313 0.11313 0.11313 0.11313 ( 2)  0.453
  40 A   0.13221 0.13221 0.13221 0.13221 0.11779 0.11779 0.11779 0.11779 ( 2)  0.471
  41 N   0.13136 0.13136 0.13136 0.13136 0.11864 0.11864 0.11864 0.11864 ( 2)  0.475
  42 P   0.13467 0.13467 0.13467 0.13467 0.11533 0.11533 0.11533 0.11533 ( 2)  0.461
  43 P   0.12949 0.12949 0.12949 0.12949 0.12051 0.12051 0.12051 0.12051 ( 2)  0.482
  44 E   0.00000 0.00000 0.00000 0.00000 0.25000 0.25000 0.25000 0.25000 ( 6)  1.000
  45 E   0.13501 0.13501 0.13501 0.13501 0.11499 0.11499 0.11499 0.11499 ( 1)  0.460
  46 A   0.12957 0.12957 0.12957 0.12957 0.12043 0.12043 0.12043 0.12043 ( 1)  0.482
  47 T   0.13118 0.13118 0.13118 0.13118 0.11882 0.11882 0.11882 0.11882 ( 2)  0.475
  48 R   0.00000 0.00000 0.00000 0.00000 0.25000 0.25000 0.25000 0.25000 ( 6)  1.000
  49 R   0.13223 0.13223 0.13223 0.13223 0.11777 0.11777 0.11777 0.11777 ( 2)  0.471
  50 R   0.12855 0.12855 0.12855 0.12855 0.12145 0.12145 0.12145 0.12145 ( 2)  0.486
  51 R   0.13298 0.13298 0.13298 0.13298 0.11702 0.11702 0.11702 0.11702 ( 2)  0.468
  52 D   0.13404 0.13404 0.13404 0.13404 0.11596 0.11596 0.11596 0.11596 ( 2)  0.464
  53 V   0.13340 0.13340 0.13340 0.13340 0.11660 0.11660 0.11660 0.11660 ( 2)  0.466
  54 G   0.13132 0.13132 0.13132 0.13132 0.11868 0.11868 0.11868 0.11868 ( 2)  0.475
  55 L   0.13295 0.13295 0.13295 0.13295 0.11705 0.11705 0.11705 0.11705 ( 2)  0.468
  56 T   0.13219 0.13219 0.13219 0.13219 0.11781 0.11781 0.11781 0.11781 ( 2)  0.471
  57 Y   0.13092 0.13092 0.13092 0.13092 0.11908 0.11908 0.11908 0.11908 ( 2)  0.476
  58 A   0.13334 0.13334 0.13334 0.13334 0.11666 0.11666 0.11666 0.11666 ( 1)  0.467
  59 I   0.13389 0.13389 0.13389 0.13389 0.11611 0.11611 0.11611 0.11611 ( 2)  0.464
  60 Y   0.13092 0.13092 0.13092 0.13092 0.11908 0.11908 0.11908 0.11908 ( 2)  0.476
  61 L   0.13319 0.13319 0.13319 0.13319 0.11681 0.11681 0.11681 0.11681 ( 2)  0.467
  62 W   0.13124 0.13124 0.13124 0.13124 0.11876 0.11876 0.11876 0.11876 ( 2)  0.475
  63 S   0.13172 0.13172 0.13172 0.13172 0.11828 0.11828 0.11828 0.11828 ( 1)  0.473
  64 L   0.13264 0.13264 0.13264 0.13264 0.11736 0.11736 0.11736 0.11736 ( 1)  0.469
  65 P   0.13467 0.13467 0.13467 0.13467 0.11533 0.11533 0.11533 0.11533 ( 2)  0.461
  66 I   0.13389 0.13389 0.13389 0.13389 0.11611 0.11611 0.11611 0.11611 ( 2)  0.464
  67 A   0.13334 0.13334 0.13334 0.13334 0.11666 0.11666 0.11666 0.11666 ( 1)  0.467
  68 L   0.13295 0.13295 0.13295 0.13295 0.11705 0.11705 0.11705 0.11705 ( 2)  0.468
  69 A   0.13334 0.13334 0.13334 0.13334 0.11666 0.11666 0.11666 0.11666 ( 1)  0.467
  70 S   0.12823 0.12823 0.12823 0.12823 0.12177 0.12177 0.12177 0.12177 ( 1)  0.487
  71 L   0.13295 0.13295 0.13295 0.13295 0.11705 0.11705 0.11705 0.11705 ( 2)  0.468
  72 A   0.13484 0.13484 0.13484 0.13484 0.11516 0.11516 0.11516 0.11516 ( 1)  0.461
  73 M   0.13687 0.13687 0.13687 0.13687 0.11313 0.11313 0.11313 0.11313 ( 2)  0.453
  74 A   0.13218 0.13218 0.13218 0.13218 0.11782 0.11782 0.11782 0.11782 ( 1)  0.471
  75 F   0.13263 0.13263 0.13263 0.13263 0.11737 0.11737 0.11737 0.11737 ( 2)  0.469
  76 L   0.13295 0.13295 0.13295 0.13295 0.11705 0.11705 0.11705 0.11705 ( 2)  0.468
  77 L   0.13053 0.13053 0.13053 0.13053 0.11947 0.11947 0.11947 0.11947 ( 2)  0.478
  78 R   0.13223 0.13223 0.13223 0.13223 0.11777 0.11777 0.11777 0.11777 ( 2)  0.471
  79 R   0.13209 0.13209 0.13209 0.13209 0.11791 0.11791 0.11791 0.11791 ( 1)  0.472
  80 R   0.13223 0.13223 0.13223 0.13223 0.11777 0.11777 0.11777 0.11777 ( 2)  0.471
  81 W   0.13124 0.13124 0.13124 0.13124 0.11876 0.11876 0.11876 0.11876 ( 2)  0.475
  82 L   0.13319 0.13319 0.13319 0.13319 0.11681 0.11681 0.11681 0.11681 ( 2)  0.467
  83 K   0.12922 0.12922 0.12922 0.12922 0.12078 0.12078 0.12078 0.12078 ( 2)  0.483
  84 R   0.13122 0.13122 0.13122 0.13122 0.11878 0.11878 0.11878 0.11878 ( 2)  0.475
  85 A   0.13484 0.13484 0.13484 0.13484 0.11516 0.11516 0.11516 0.11516 ( 1)  0.461
  86 E   0.13501 0.13501 0.13501 0.13501 0.11499 0.11499 0.11499 0.11499 ( 1)  0.460
  87 A   0.13484 0.13484 0.13484 0.13484 0.11516 0.11516 0.11516 0.11516 ( 1)  0.461
  88 G   0.12881 0.12881 0.12881 0.12881 0.12119 0.12119 0.12119 0.12119 ( 1)  0.485
  89 A   0.00000 0.00000 0.00000 0.00000 0.25000 0.25000 0.25000 0.25000 ( 6)  1.000
  90 Q   0.13418 0.13418 0.13418 0.13418 0.11582 0.11582 0.11582 0.11582 ( 2)  0.463
  91 G   0.13235 0.13235 0.13235 0.13235 0.11765 0.11765 0.11765 0.11765 ( 2)  0.471
  92 Q   0.13418 0.13418 0.13418 0.13418 0.11582 0.11582 0.11582 0.11582 ( 2)  0.463
  93 M   0.13687 0.13687 0.13687 0.13687 0.11313 0.11313 0.11313 0.11313 ( 2)  0.453
  94 A   0.13218 0.13218 0.13218 0.13218 0.11782 0.11782 0.11782 0.11782 ( 1)  0.471
  95 D   0.13319 0.13319 0.13319 0.13319 0.11681 0.11681 0.11681 0.11681 ( 1)  0.467
  96 P   0.13319 0.13319 0.13319 0.13319 0.11681 0.11681 0.11681 0.11681 ( 2)  0.467
  97 I   0.13389 0.13389 0.13389 0.13389 0.11611 0.11611 0.11611 0.11611 ( 2)  0.464
  98 Y   0.13092 0.13092 0.13092 0.13092 0.11908 0.11908 0.11908 0.11908 ( 2)  0.476
  99 C   0.13113 0.13113 0.13113 0.13113 0.11887 0.11887 0.11887 0.11887 ( 2)  0.475
 100 E   0.13501 0.13501 0.13501 0.13501 0.11499 0.11499 0.11499 0.11499 ( 1)  0.460
 101 A   0.13484 0.13484 0.13484 0.13484 0.11516 0.11516 0.11516 0.11516 ( 1)  0.461
 102 E   0.13501 0.13501 0.13501 0.13501 0.11499 0.11499 0.11499 0.11499 ( 1)  0.460
 103 K   0.12922 0.12922 0.12922 0.12922 0.12078 0.12078 0.12078 0.12078 ( 2)  0.483
 104 R   0.00000 0.00000 0.00000 0.00000 0.25000 0.25000 0.25000 0.25000 ( 6)  1.000
 105 H   0.13292 0.13292 0.13292 0.13292 0.11708 0.11708 0.11708 0.11708 ( 2)  0.468
 106 P   0.13335 0.13335 0.13335 0.13335 0.11665 0.11665 0.11665 0.11665 ( 2)  0.467
 107 L   0.13206 0.13206 0.13206 0.13206 0.11794 0.11794 0.11794 0.11794 ( 2)  0.472
 108 R   0.13298 0.13298 0.13298 0.13298 0.11702 0.11702 0.11702 0.11702 ( 2)  0.468
 109 L   0.13122 0.13122 0.13122 0.13122 0.11878 0.11878 0.11878 0.11878 ( 1)  0.475
 110 D   0.13302 0.13302 0.13302 0.13302 0.11698 0.11698 0.11698 0.11698 ( 2)  0.468
 111 G   0.13132 0.13132 0.13132 0.13132 0.11868 0.11868 0.11868 0.11868 ( 2)  0.475
 112 P   0.13319 0.13319 0.13319 0.13319 0.11681 0.11681 0.11681 0.11681 ( 2)  0.467
 113 A   0.12957 0.12957 0.12957 0.12957 0.12043 0.12043 0.12043 0.12043 ( 1)  0.482
 114 V   0.13224 0.13224 0.13224 0.13224 0.11776 0.11776 0.11776 0.11776 ( 2)  0.471
 115 E   0.13062 0.13062 0.13062 0.13062 0.11938 0.11938 0.11938 0.11938 ( 1)  0.478
 116 E   0.00000 0.00000 0.00000 0.00000 0.25000 0.25000 0.25000 0.25000 ( 6)  1.000
 117 N   0.13225 0.13225 0.13225 0.13225 0.11775 0.11775 0.11775 0.11775 ( 2)  0.471
 118 D   0.13404 0.13404 0.13404 0.13404 0.11596 0.11596 0.11596 0.11596 ( 2)  0.464
 119 Q   0.13418 0.13418 0.13418 0.13418 0.11582 0.11582 0.11582 0.11582 ( 2)  0.463
 120 L   0.13319 0.13319 0.13319 0.13319 0.11681 0.11681 0.11681 0.11681 ( 2)  0.467
 121 K   0.13298 0.13298 0.13298 0.13298 0.11702 0.11702 0.11702 0.11702 ( 2)  0.468
 122 L   0.12870 0.12870 0.12870 0.12870 0.12130 0.12130 0.12130 0.12130 ( 2)  0.485
 123 S   0.13172 0.13172 0.13172 0.13172 0.11828 0.11828 0.11828 0.11828 ( 1)  0.473
 124 C   0.13034 0.13034 0.13034 0.13034 0.11966 0.11966 0.11966 0.11966 ( 1)  0.479
 125 A   0.13334 0.13334 0.13334 0.13334 0.11666 0.11666 0.11666 0.11666 ( 1)  0.467
 126 V   0.13340 0.13340 0.13340 0.13340 0.11660 0.11660 0.11660 0.11660 ( 2)  0.466
 127 C   0.13113 0.13113 0.13113 0.13113 0.11887 0.11887 0.11887 0.11887 ( 2)  0.475
 128 V   0.13224 0.13224 0.13224 0.13224 0.11776 0.11776 0.11776 0.11776 ( 2)  0.471
 129 L   0.00000 0.00000 0.00000 0.00000 0.25000 0.25000 0.25000 0.25000 ( 6)  1.000
 130 H   0.13292 0.13292 0.13292 0.13292 0.11708 0.11708 0.11708 0.11708 ( 2)  0.468
 131 G   0.13132 0.13132 0.13132 0.13132 0.11868 0.11868 0.11868 0.11868 ( 2)  0.475
 132 L   0.13206 0.13206 0.13206 0.13206 0.11794 0.11794 0.11794 0.11794 ( 2)  0.472
 133 F   0.13263 0.13263 0.13263 0.13263 0.11737 0.11737 0.11737 0.11737 ( 2)  0.469
 134 S   0.13111 0.13111 0.13111 0.13111 0.11889 0.11889 0.11889 0.11889 ( 2)  0.476
 135 L   0.13295 0.13295 0.13295 0.13295 0.11705 0.11705 0.11705 0.11705 ( 2)  0.468
 136 P   0.13319 0.13319 0.13319 0.13319 0.11681 0.11681 0.11681 0.11681 ( 2)  0.467
 137 I   0.13278 0.13278 0.13278 0.13278 0.11722 0.11722 0.11722 0.11722 ( 2)  0.469
 138 A   0.12957 0.12957 0.12957 0.12957 0.12043 0.12043 0.12043 0.12043 ( 1)  0.482
 139 L   0.13295 0.13295 0.13295 0.13295 0.11705 0.11705 0.11705 0.11705 ( 2)  0.468
 140 L   0.13319 0.13319 0.13319 0.13319 0.11681 0.11681 0.11681 0.11681 ( 2)  0.467
 141 F   0.13263 0.13263 0.13263 0.13263 0.11737 0.11737 0.11737 0.11737 ( 2)  0.469
 142 M   0.13687 0.13687 0.13687 0.13687 0.11313 0.11313 0.11313 0.11313 ( 2)  0.453
 143 L   0.13206 0.13206 0.13206 0.13206 0.11794 0.11794 0.11794 0.11794 ( 2)  0.472
 144 L   0.12870 0.12870 0.12870 0.12870 0.12130 0.12130 0.12130 0.12130 ( 2)  0.485
 145 P   0.13467 0.13467 0.13467 0.13467 0.11533 0.11533 0.11533 0.11533 ( 2)  0.461
 146 V   0.13224 0.13224 0.13224 0.13224 0.11776 0.11776 0.11776 0.11776 ( 2)  0.471
 147 S   0.13246 0.13246 0.13246 0.13246 0.11754 0.11754 0.11754 0.11754 ( 2)  0.470
 148 V   0.13490 0.13490 0.13490 0.13490 0.11510 0.11510 0.11510 0.11510 ( 2)  0.460
 149 P   0.13467 0.13467 0.13467 0.13467 0.11533 0.11533 0.11533 0.11533 ( 2)  0.461
 150 G   0.13368 0.13368 0.13368 0.13368 0.11632 0.11632 0.11632 0.11632 ( 1)  0.465
 151 V   0.13490 0.13490 0.13490 0.13490 0.11510 0.11510 0.11510 0.11510 ( 2)  0.460
 152 N   0.13225 0.13225 0.13225 0.13225 0.11775 0.11775 0.11775 0.11775 ( 2)  0.471
 153 E   0.13062 0.13062 0.13062 0.13062 0.11938 0.11938 0.11938 0.11938 ( 1)  0.478
 154 L   0.12870 0.12870 0.12870 0.12870 0.12130 0.12130 0.12130 0.12130 ( 2)  0.485
 155 P   0.13467 0.13467 0.13467 0.13467 0.11533 0.11533 0.11533 0.11533 ( 2)  0.461
 156 D   0.13404 0.13404 0.13404 0.13404 0.11596 0.11596 0.11596 0.11596 ( 2)  0.464
 157 K   0.13089 0.13089 0.13089 0.13089 0.11911 0.11911 0.11911 0.11911 ( 1)  0.476
 158 E   0.13501 0.13501 0.13501 0.13501 0.11499 0.11499 0.11499 0.11499 ( 1)  0.460
 159 V   0.13228 0.13228 0.13228 0.13228 0.11772 0.11772 0.11772 0.11772 ( 2)  0.471
 160 R   0.00000 0.00000 0.00000 0.00000 0.25000 0.25000 0.25000 0.25000 ( 6)  1.000
 161 R   0.12855 0.12855 0.12855 0.12855 0.12145 0.12145 0.12145 0.12145 ( 2)  0.486
 162 A   0.12957 0.12957 0.12957 0.12957 0.12043 0.12043 0.12043 0.12043 ( 1)  0.482
 163 L   0.13206 0.13206 0.13206 0.13206 0.11794 0.11794 0.11794 0.11794 ( 2)  0.472
 164 M   0.00000 0.00000 0.00000 0.00000 0.25000 0.25000 0.25000 0.25000 ( 6)  1.000
 165 Y   0.13009 0.13009 0.13009 0.13009 0.11991 0.11991 0.11991 0.11991 ( 2)  0.480


lnL =  -757.175481

