Supplemental results for CODEML (seqf: algn  treef: tree)


dN/dS (w) for site classes (K=2)

p:   0.99999  0.00001
w:   0.43277  1.00000

Naive Empirical Bayes (NEB) probabilities for 2 classes & postmean_w
(amino acids refer to 1st sequence: spe.21236)

   1 H   0.99999 0.00001 ( 1)  0.433
   2 L   0.99999 0.00001 ( 1)  0.433
   3 P   0.99999 0.00001 ( 1)  0.433
   4 S   0.99999 0.00001 ( 1)  0.433
   5 L   0.99999 0.00001 ( 1)  0.433
   6 P   0.99999 0.00001 ( 1)  0.433
   7 Q   0.99999 0.00001 ( 1)  0.433
   8 K   0.99999 0.00001 ( 1)  0.433
   9 S   0.99999 0.00001 ( 1)  0.433
  10 A   0.99998 0.00002 ( 1)  0.433
  11 E   0.99999 0.00001 ( 1)  0.433
  12 C   0.99999 0.00001 ( 1)  0.433
  13 L   0.99999 0.00001 ( 1)  0.433
  14 D   0.99999 0.00001 ( 1)  0.433
  15 K   0.99999 0.00001 ( 1)  0.433
  16 D   0.99999 0.00001 ( 1)  0.433
  17 S   0.99999 0.00001 ( 1)  0.433
  18 T   0.99999 0.00001 ( 1)  0.433
  19 D   0.99999 0.00001 ( 1)  0.433
  20 F   0.99999 0.00001 ( 1)  0.433
  21 G   0.99999 0.00001 ( 1)  0.433
  22 R   0.99999 0.00001 ( 1)  0.433
  23 Y   0.99999 0.00001 ( 1)  0.433
  24 P   0.99999 0.00001 ( 1)  0.433
  25 Q   0.99999 0.00001 ( 1)  0.433
  26 V   0.99999 0.00001 ( 1)  0.433
  27 K   0.99999 0.00001 ( 1)  0.433
  28 E   0.99999 0.00001 ( 1)  0.433
  29 S   0.99999 0.00001 ( 1)  0.433
  30 P   0.99999 0.00001 ( 1)  0.433
  31 A   0.99999 0.00001 ( 1)  0.433
  32 A   0.99998 0.00002 ( 1)  0.433
  33 A   0.99999 0.00001 ( 1)  0.433
  34 S   0.99999 0.00001 ( 1)  0.433
  35 P   0.99999 0.00001 ( 1)  0.433
  36 P   0.99999 0.00001 ( 1)  0.433
  37 S   0.99999 0.00001 ( 1)  0.433
  38 R   0.99999 0.00001 ( 1)  0.433
  39 P   0.99999 0.00001 ( 1)  0.433
  40 E   0.99999 0.00001 ( 1)  0.433
  41 A   0.99999 0.00001 ( 1)  0.433
  42 F   0.99999 0.00001 ( 1)  0.433
  43 F   0.99999 0.00001 ( 1)  0.433
  44 S   0.99999 0.00001 ( 1)  0.433
  45 S   0.99999 0.00001 ( 1)  0.433
  46 T   0.99999 0.00001 ( 1)  0.433
  47 R   0.99999 0.00001 ( 1)  0.433
  48 R   0.99999 0.00001 ( 1)  0.433
  49 A   0.99999 0.00001 ( 1)  0.433
  50 S   0.99999 0.00001 ( 1)  0.433
  51 D   0.99999 0.00001 ( 1)  0.433
  52 R   0.99999 0.00001 ( 1)  0.433
  53 L   0.99999 0.00001 ( 1)  0.433
  54 E   0.99999 0.00001 ( 1)  0.433
  55 A   0.99999 0.00001 ( 1)  0.433
  56 T   0.99999 0.00001 ( 1)  0.433
  57 N   0.99999 0.00001 ( 1)  0.433
  58 L   0.99999 0.00001 ( 1)  0.433
  59 A   0.99999 0.00001 ( 1)  0.433
  60 S   0.99999 0.00001 ( 1)  0.433
  61 G   0.99999 0.00001 ( 1)  0.433
  62 A   0.99999 0.00001 ( 1)  0.433
  63 G   0.99999 0.00001 ( 1)  0.433
  64 P   0.99999 0.00001 ( 1)  0.433
  65 P   0.99999 0.00001 ( 1)  0.433
  66 K   0.99999 0.00001 ( 1)  0.433
  67 D   0.99999 0.00001 ( 1)  0.433
  68 V   0.99999 0.00001 ( 1)  0.433
  69 A   0.99999 0.00001 ( 1)  0.433
  70 D   0.99999 0.00001 ( 1)  0.433
  71 H   0.99999 0.00001 ( 1)  0.433
  72 V   0.99999 0.00001 ( 1)  0.433
  73 D   0.99999 0.00001 ( 1)  0.433
  74 A   0.99999 0.00001 ( 1)  0.433
  75 R   0.99999 0.00001 ( 1)  0.433
  76 L   0.99999 0.00001 ( 1)  0.433
  77 F   0.99999 0.00001 ( 1)  0.433
  78 E   0.99999 0.00001 ( 1)  0.433
  79 Q   0.99999 0.00001 ( 1)  0.433
  80 P   0.99999 0.00001 ( 1)  0.433
  81 T   0.99999 0.00001 ( 1)  0.433
  82 L   0.99999 0.00001 ( 1)  0.433
  83 L   0.99999 0.00001 ( 1)  0.433
  84 R   0.99999 0.00001 ( 1)  0.433
  85 S   0.99999 0.00001 ( 1)  0.433
  86 P   0.99999 0.00001 ( 1)  0.433
  87 T   0.99999 0.00001 ( 1)  0.433
  88 T   0.99999 0.00001 ( 1)  0.433
  89 P   0.99999 0.00001 ( 1)  0.433
  90 Q   0.99999 0.00001 ( 1)  0.433
  91 S   0.99999 0.00001 ( 1)  0.433
  92 E   0.99999 0.00001 ( 1)  0.433
  93 A   0.99999 0.00001 ( 1)  0.433
  94 Q   0.99999 0.00001 ( 1)  0.433
  95 R   0.99999 0.00001 ( 1)  0.433
  96 L   0.99999 0.00001 ( 1)  0.433
  97 G   0.99999 0.00001 ( 1)  0.433
  98 T   0.99999 0.00001 ( 1)  0.433
  99 L   0.99999 0.00001 ( 1)  0.433
 100 E   0.99999 0.00001 ( 1)  0.433
 101 L   0.99999 0.00001 ( 1)  0.433
 102 P   0.99999 0.00001 ( 1)  0.433
 103 V   0.99999 0.00001 ( 1)  0.433
 104 L   0.99999 0.00001 ( 1)  0.433
 105 T   0.99999 0.00001 ( 1)  0.433
 106 Q   0.99999 0.00001 ( 1)  0.433
 107 P   0.99999 0.00001 ( 1)  0.433
 108 S   0.99999 0.00001 ( 1)  0.433
 109 P   0.99999 0.00001 ( 1)  0.433
 110 S   0.99999 0.00001 ( 1)  0.433
 111 L   0.99999 0.00001 ( 1)  0.433
 112 A   0.99999 0.00001 ( 1)  0.433
 113 S   0.99999 0.00001 ( 1)  0.433
 114 S   0.99999 0.00001 ( 1)  0.433
 115 N   0.99999 0.00001 ( 1)  0.433
 116 S   0.99999 0.00001 ( 1)  0.433
 117 L   0.99999 0.00001 ( 1)  0.433
 118 E   0.99999 0.00001 ( 1)  0.433
 119 T   0.99999 0.00001 ( 1)  0.433
 120 A   0.99999 0.00001 ( 1)  0.433
 121 D   0.99999 0.00001 ( 1)  0.433
 122 S   0.99999 0.00001 ( 1)  0.433
 123 S   0.99999 0.00001 ( 1)  0.433
 124 R   0.99999 0.00001 ( 1)  0.433
 125 L   0.99999 0.00001 ( 1)  0.433
 126 S   0.99999 0.00001 ( 1)  0.433
 127 N   0.99999 0.00001 ( 1)  0.433
 128 Y   0.99999 0.00001 ( 1)  0.433
 129 H   0.99999 0.00001 ( 1)  0.433
 130 T   0.99999 0.00001 ( 1)  0.433
 131 S   0.99999 0.00001 ( 1)  0.433
 132 L   0.99999 0.00001 ( 1)  0.433
 133 T   0.99999 0.00001 ( 1)  0.433
 134 Q   0.99999 0.00001 ( 1)  0.433
 135 P   0.99999 0.00001 ( 1)  0.433
 136 S   0.99999 0.00001 ( 1)  0.433
 137 L   0.99999 0.00001 ( 1)  0.433
 138 D   0.99999 0.00001 ( 1)  0.433
 139 R   0.99999 0.00001 ( 1)  0.433
 140 S   0.99999 0.00001 ( 1)  0.433
 141 G   0.99999 0.00001 ( 1)  0.433
 142 Y   0.99999 0.00001 ( 1)  0.433
 143 P   0.99999 0.00001 ( 1)  0.433
 144 G   0.99999 0.00001 ( 1)  0.433
 145 G   0.99999 0.00001 ( 1)  0.433
 146 D   0.99998 0.00002 ( 1)  0.433
 147 Y   0.99999 0.00001 ( 1)  0.433
 148 N   0.99999 0.00001 ( 1)  0.433
 149 L   0.99999 0.00001 ( 1)  0.433
 150 P   0.99999 0.00001 ( 1)  0.433
 151 T   0.99999 0.00001 ( 1)  0.433
 152 N   0.99999 0.00001 ( 1)  0.433
 153 P   0.99999 0.00001 ( 1)  0.433
 154 L   0.99999 0.00001 ( 1)  0.433
 155 L   0.99999 0.00001 ( 1)  0.433
 156 S   0.99999 0.00001 ( 1)  0.433
 157 P   0.99999 0.00001 ( 1)  0.433
 158 L   0.99998 0.00002 ( 1)  0.433
 159 G   0.99999 0.00001 ( 1)  0.433
 160 S   0.99999 0.00001 ( 1)  0.433
 161 D   0.99999 0.00001 ( 1)  0.433
 162 F   0.99999 0.00001 ( 1)  0.433
 163 D   0.99999 0.00001 ( 1)  0.433
 164 P   0.99999 0.00001 ( 1)  0.433
 165 K   0.99999 0.00001 ( 1)  0.433
 166 I   0.99998 0.00002 ( 1)  0.433
 167 L   0.99998 0.00002 ( 1)  0.433
 168 Q   0.99998 0.00002 ( 1)  0.433
 169 Q   0.99999 0.00001 ( 1)  0.433
 170 G   0.99999 0.00001 ( 1)  0.433
 171 V   0.99999 0.00001 ( 1)  0.433
 172 V   0.99998 0.00002 ( 1)  0.433
 173 A   0.99999 0.00001 ( 1)  0.433
 174 T   0.99999 0.00001 ( 1)  0.433
 175 A   0.99999 0.00001 ( 1)  0.433
 176 R   0.99999 0.00001 ( 1)  0.433
 177 T   0.99999 0.00001 ( 1)  0.433
 178 E   0.99999 0.00001 ( 1)  0.433
 179 G   0.99999 0.00001 ( 1)  0.433
 180 D   0.99999 0.00001 ( 1)  0.433
 181 E   0.99999 0.00001 ( 1)  0.433
 182 G   0.99999 0.00001 ( 1)  0.433
 183 V   0.99999 0.00001 ( 1)  0.433
 184 T   0.99999 0.00001 ( 1)  0.433
 185 I   0.99999 0.00001 ( 1)  0.433
 186 E   0.99999 0.00001 ( 1)  0.433
 187 E   0.99999 0.00001 ( 1)  0.433
 188 C   0.99999 0.00001 ( 1)  0.433
 189 G   0.99999 0.00001 ( 1)  0.433
 190 E   0.99999 0.00001 ( 1)  0.433
 191 I   0.99999 0.00001 ( 1)  0.433
 192 V   0.99999 0.00001 ( 1)  0.433
 193 P   0.99999 0.00001 ( 1)  0.433
 194 A   0.99999 0.00001 ( 1)  0.433
 195 V   0.99999 0.00001 ( 1)  0.433
 196 S   0.99999 0.00001 ( 1)  0.433
 197 V   0.99999 0.00001 ( 1)  0.433
 198 A   0.99999 0.00001 ( 1)  0.433
 199 E   0.99999 0.00001 ( 1)  0.433
 200 A   0.99999 0.00001 ( 1)  0.433
 201 A   0.99999 0.00001 ( 1)  0.433
 202 T   0.99999 0.00001 ( 1)  0.433
 203 T   0.99999 0.00001 ( 1)  0.433
 204 D   0.99999 0.00001 ( 1)  0.433
 205 E   0.99999 0.00001 ( 1)  0.433
 206 D   0.99999 0.00001 ( 1)  0.433
 207 E   0.99999 0.00001 ( 1)  0.433
 208 E   0.99999 0.00001 ( 1)  0.433
 209 N   0.99999 0.00001 ( 1)  0.433
 210 N   0.99999 0.00001 ( 1)  0.433
 211 S   0.99999 0.00001 ( 1)  0.433
 212 A   0.99999 0.00001 ( 1)  0.433
 213 A   0.99999 0.00001 ( 1)  0.433
 214 P   0.99999 0.00001 ( 1)  0.433
 215 R   0.99999 0.00001 ( 1)  0.433
 216 R   0.99999 0.00001 ( 1)  0.433
 217 Y   0.99999 0.00001 ( 1)  0.433
 218 N   0.99999 0.00001 ( 1)  0.433
 219 P   0.99999 0.00001 ( 1)  0.433
 220 T   0.99999 0.00001 ( 1)  0.433
 221 S   0.99999 0.00001 ( 1)  0.433
 222 P   0.99999 0.00001 ( 1)  0.433
 223 S   0.99999 0.00001 ( 1)  0.433
 224 H   0.99999 0.00001 ( 1)  0.433
 225 E   0.99999 0.00001 ( 1)  0.433
 226 S   0.99999 0.00001 ( 1)  0.433
 227 R   0.99999 0.00001 ( 1)  0.433
 228 S   0.99999 0.00001 ( 1)  0.433
 229 S   0.99999 0.00001 ( 1)  0.433
 230 K   0.99999 0.00001 ( 1)  0.433
 231 K   0.99999 0.00001 ( 1)  0.433
 232 M   0.99999 0.00001 ( 1)  0.433
 233 C   0.99999 0.00001 ( 1)  0.433
 234 E   0.99999 0.00001 ( 1)  0.433
 235 G   0.99999 0.00001 ( 1)  0.433
 236 E   0.99999 0.00001 ( 1)  0.433
 237 E   0.99999 0.00001 ( 1)  0.433
 238 E   0.99999 0.00001 ( 1)  0.433
 239 G   0.99999 0.00001 ( 1)  0.433
 240 Y   0.99999 0.00001 ( 1)  0.433
 241 S   0.99999 0.00001 ( 1)  0.433
 242 D   0.99999 0.00001 ( 1)  0.433
 243 V   0.99999 0.00001 ( 1)  0.433
 244 S   0.99999 0.00001 ( 1)  0.433
 245 T   0.99999 0.00001 ( 1)  0.433


lnL = -1083.787128

