Supplemental results for CODEML (seqf: algn  treef: tree)


dN/dS (w) for site classes (K=9)

p:   0.10780  0.10780  0.10780  0.10780  0.10780  0.10780  0.10780  0.10780  0.13762
w:   0.01044  0.01672  0.02169  0.02651  0.03170  0.03784  0.04614  0.06183  1.00000

Naive Empirical Bayes (NEB) probabilities for 9 classes & postmean_w
(amino acids refer to 1st sequence: Msl.13795)

   1 M   0.15106 0.14201 0.13528 0.12909 0.12278 0.11577 0.10700 0.09241 0.00460 ( 1)  0.034
   2 S   0.13561 0.13187 0.12901 0.12629 0.12345 0.12018 0.11592 0.10834 0.00934 ( 1)  0.040
   3 E   0.14101 0.13523 0.13088 0.12682 0.12264 0.11794 0.11194 0.10169 0.01185 ( 1)  0.042
   4 G   0.14320 0.13643 0.13138 0.12670 0.12192 0.11657 0.10984 0.09851 0.01545 ( 1)  0.045
   5 L   0.12931 0.12642 0.12422 0.12213 0.11995 0.11745 0.11420 0.10844 0.03789 ( 1)  0.068
   6 V   0.14223 0.13569 0.13080 0.12628 0.12166 0.11649 0.10997 0.09899 0.01791 ( 1)  0.047
   7 Q   0.13938 0.13432 0.13048 0.12687 0.12312 0.11887 0.11340 0.10389 0.00968 ( 1)  0.040
   8 R   0.13149 0.12880 0.12672 0.12475 0.12267 0.12027 0.11713 0.11148 0.01670 ( 1)  0.047
   9 R   0.14011 0.13458 0.13041 0.12651 0.12249 0.11795 0.11215 0.10219 0.01359 ( 1)  0.043
  10 T   0.03603 0.05566 0.07017 0.08347 0.09693 0.11179 0.13019 0.16017 0.25557 ( 9)  0.284
  11 A   0.04044 0.06207 0.07785 0.09214 0.10645 0.12203 0.14098 0.17092 0.18713 ( 9)  0.218
  12 A   0.02619 0.04108 0.05240 0.06304 0.07411 0.08669 0.10290 0.13115 0.42245 ( 9)  0.445
  13 A   0.00044 0.00111 0.00186 0.00276 0.00392 0.00554 0.00813 0.01426 0.96198 ( 9)  0.964
  14 A   0.13772 0.13284 0.12914 0.12568 0.12209 0.11803 0.11281 0.10379 0.01791 ( 1)  0.048
  15 A   0.02893 0.04517 0.05742 0.06885 0.08064 0.09395 0.11090 0.13989 0.37427 ( 9)  0.398
  16 S   0.00082 0.00207 0.00345 0.00510 0.00720 0.01010 0.01472 0.02544 0.93109 ( 9)  0.934
  17 A   0.03029 0.04727 0.06006 0.07199 0.08428 0.09811 0.11570 0.14565 0.34666 ( 9)  0.372
  18 A   0.02934 0.04577 0.05814 0.06966 0.08153 0.09488 0.11185 0.14075 0.36808 ( 9)  0.392
  19 A   0.02705 0.04232 0.05388 0.06471 0.07592 0.08861 0.10485 0.13288 0.40979 ( 9)  0.432
  20 S   0.00073 0.00183 0.00303 0.00447 0.00629 0.00880 0.01277 0.02191 0.94016 ( 9)  0.943
  21 S   0.00047 0.00118 0.00197 0.00291 0.00411 0.00578 0.00843 0.01461 0.96055 ( 9)  0.962
  22 S   0.04416 0.06742 0.08422 0.09929 0.11423 0.13029 0.14952 0.17901 0.13186 ( 8)  0.164
  23 S   0.00077 0.00195 0.00324 0.00479 0.00675 0.00946 0.01377 0.02374 0.93552 ( 9)  0.938
  24 N   0.00055 0.00140 0.00233 0.00346 0.00490 0.00690 0.01010 0.01761 0.95274 ( 9)  0.955
  25 Q   0.00060 0.00154 0.00257 0.00384 0.00546 0.00774 0.01142 0.02016 0.94668 ( 9)  0.949
  26 L   0.00151 0.00374 0.00613 0.00893 0.01244 0.01717 0.02448 0.04062 0.88499 ( 9)  0.890
  27 A   0.03009 0.04686 0.05945 0.07114 0.08315 0.09663 0.11368 0.14253 0.35646 ( 9)  0.381
  28 A   0.02540 0.03980 0.05074 0.06100 0.07166 0.08376 0.09931 0.12633 0.44201 ( 9)  0.463
  29 A   0.02991 0.04669 0.05933 0.07113 0.08328 0.09698 0.11439 0.14408 0.35421 ( 9)  0.379
  30 G   0.14095 0.13496 0.13046 0.12628 0.12198 0.11715 0.11102 0.10060 0.01658 ( 1)  0.046
  31 S   0.04416 0.06742 0.08422 0.09929 0.11423 0.13029 0.14952 0.17901 0.13186 ( 8)  0.164
  32 G   0.14023 0.13449 0.13017 0.12614 0.12199 0.11732 0.11137 0.10118 0.01710 ( 1)  0.047
  33 A   0.03263 0.05064 0.06407 0.07647 0.08913 0.10324 0.12095 0.15045 0.31243 ( 9)  0.339
  34 A   0.00121 0.00304 0.00502 0.00737 0.01033 0.01438 0.02072 0.03508 0.90285 ( 9)  0.907
  35 N   0.00574 0.01400 0.02265 0.03259 0.04474 0.06076 0.08474 0.13500 0.59979 ( 9)  0.617
  36 Q   0.00200 0.00496 0.00812 0.01183 0.01646 0.02270 0.03233 0.05354 0.84807 ( 9)  0.855
  37 L   0.00056 0.00142 0.00236 0.00350 0.00497 0.00701 0.01028 0.01796 0.95195 ( 9)  0.954
  38 S   0.13322 0.13006 0.12762 0.12532 0.12289 0.12009 0.11644 0.10990 0.01446 ( 1)  0.045
  39 D   0.14811 0.13981 0.13365 0.12799 0.12223 0.11583 0.10784 0.09457 0.00997 ( 1)  0.039
  40 S   0.00155 0.00391 0.00651 0.00960 0.01355 0.01899 0.02759 0.04733 0.87097 ( 9)  0.877
  41 R   0.00285 0.00703 0.01146 0.01662 0.02302 0.03159 0.04468 0.07306 0.78969 ( 9)  0.799
  42 T   0.02579 0.04018 0.05098 0.06102 0.07135 0.08296 0.09769 0.12273 0.44730 ( 9)  0.468
  43 G   0.14320 0.13643 0.13138 0.12670 0.12192 0.11657 0.10984 0.09851 0.01545 ( 1)  0.045
  44 R   0.13107 0.12716 0.12420 0.12142 0.11854 0.11527 0.11107 0.10377 0.04749 ( 1)  0.077
  45 L   0.13913 0.13383 0.12983 0.12609 0.12223 0.11787 0.11229 0.10271 0.01602 ( 1)  0.046
  46 T   0.14211 0.13615 0.13165 0.12744 0.12310 0.11819 0.11192 0.10113 0.00830 ( 1)  0.038
  47 L   0.13791 0.13298 0.12925 0.12576 0.12215 0.11805 0.11279 0.10368 0.01743 ( 1)  0.047
  48 M   0.15106 0.14201 0.13528 0.12909 0.12278 0.11577 0.10700 0.09241 0.00460 ( 1)  0.034
  49 E   0.14930 0.14058 0.13413 0.12821 0.12220 0.11556 0.10728 0.09362 0.00914 ( 1)  0.038
  50 E   0.14930 0.14058 0.13413 0.12821 0.12220 0.11556 0.10728 0.09362 0.00914 ( 1)  0.038
  51 V   0.14296 0.13612 0.13103 0.12634 0.12154 0.11620 0.10950 0.09827 0.01803 ( 1)  0.047
  52 L   0.13667 0.13212 0.12867 0.12543 0.12206 0.11824 0.11333 0.10478 0.01868 ( 1)  0.048
  53 L   0.13667 0.13212 0.12867 0.12543 0.12206 0.11824 0.11333 0.10478 0.01868 ( 1)  0.048
  54 L   0.13772 0.13283 0.12913 0.12567 0.12208 0.11801 0.11278 0.10374 0.01804 ( 1)  0.048
  55 G   0.14391 0.13694 0.13173 0.12691 0.12197 0.11645 0.10948 0.09775 0.01487 ( 1)  0.044
  56 L   0.13667 0.13212 0.12867 0.12543 0.12206 0.11824 0.11333 0.10478 0.01868 ( 1)  0.048
  57 K   0.14163 0.13586 0.13150 0.12743 0.12323 0.11848 0.11241 0.10197 0.00748 ( 1)  0.037
  58 D   0.14323 0.13668 0.13177 0.12720 0.12251 0.11724 0.11057 0.09923 0.01156 ( 1)  0.041
  59 R   0.14011 0.13458 0.13041 0.12651 0.12249 0.11795 0.11215 0.10219 0.01359 ( 1)  0.043
  60 E   0.14930 0.14058 0.13413 0.12821 0.12220 0.11556 0.10728 0.09362 0.00914 ( 1)  0.038
  61 G   0.13852 0.13332 0.12940 0.12573 0.12195 0.11767 0.11220 0.10280 0.01841 ( 1)  0.048
  62 Y   0.14115 0.13571 0.13157 0.12769 0.12367 0.11910 0.11321 0.10299 0.00491 ( 1)  0.035
  63 T   0.13888 0.13399 0.13027 0.12677 0.12314 0.11902 0.11369 0.10442 0.00983 ( 1)  0.040
  64 S   0.13322 0.13006 0.12762 0.12532 0.12289 0.12009 0.11644 0.10990 0.01446 ( 1)  0.045
  65 F   0.13475 0.13135 0.12873 0.12624 0.12362 0.12060 0.11665 0.10958 0.00850 ( 1)  0.039
  66 W   0.13960 0.13477 0.13107 0.12759 0.12395 0.11980 0.11442 0.10496 0.00382 ( 1)  0.034
  67 N   0.14289 0.13670 0.13204 0.12769 0.12320 0.11814 0.11168 0.10061 0.00705 ( 1)  0.037
  68 D   0.14811 0.13981 0.13365 0.12799 0.12223 0.11583 0.10784 0.09457 0.00997 ( 1)  0.039
  69 S   0.13913 0.13435 0.13070 0.12727 0.12368 0.11959 0.11430 0.10500 0.00598 ( 1)  0.036
  70 I   0.14546 0.13837 0.13305 0.12811 0.12303 0.11733 0.11011 0.09785 0.00670 ( 1)  0.036
  71 S   0.14196 0.13615 0.13176 0.12765 0.12339 0.11858 0.11240 0.10174 0.00637 ( 1)  0.036
  72 S   0.13556 0.13179 0.12890 0.12616 0.12329 0.11999 0.11570 0.10806 0.01055 ( 1)  0.041
  73 G   0.13796 0.13294 0.12915 0.12560 0.12192 0.11776 0.11244 0.10324 0.01899 ( 1)  0.049
  74 L   0.13667 0.13212 0.12867 0.12543 0.12206 0.11824 0.11333 0.10478 0.01868 ( 1)  0.048
  75 R   0.14011 0.13458 0.13041 0.12651 0.12249 0.11795 0.11215 0.10219 0.01359 ( 1)  0.043
  76 G   0.14303 0.13629 0.13127 0.12662 0.12186 0.11654 0.10984 0.09857 0.01598 ( 1)  0.045
  77 A   0.14089 0.13499 0.13055 0.12642 0.12216 0.11737 0.11128 0.10086 0.01546 ( 1)  0.045
  78 I   0.14546 0.13837 0.13305 0.12811 0.12303 0.11733 0.11011 0.09785 0.00670 ( 1)  0.036
  79 L   0.13790 0.13298 0.12925 0.12576 0.12214 0.11805 0.11279 0.10368 0.01744 ( 1)  0.047
  80 I   0.14546 0.13837 0.13305 0.12811 0.12303 0.11733 0.11011 0.09785 0.00670 ( 1)  0.036
  81 E   0.14930 0.14058 0.13413 0.12821 0.12220 0.11556 0.10728 0.09362 0.00914 ( 1)  0.038
  82 L   0.13667 0.13212 0.12867 0.12543 0.12206 0.11824 0.11333 0.10478 0.01868 ( 1)  0.048
  83 A   0.14375 0.13688 0.13174 0.12698 0.12211 0.11665 0.10977 0.09818 0.01394 ( 1)  0.043
  84 L   0.13667 0.13212 0.12867 0.12543 0.12206 0.11824 0.11333 0.10478 0.01868 ( 1)  0.048
  85 R   0.13764 0.13292 0.12933 0.12597 0.12248 0.11851 0.11341 0.10455 0.01518 ( 1)  0.045
  86 R   0.03301 0.05099 0.06429 0.07648 0.08883 0.10249 0.11946 0.14732 0.31712 ( 9)  0.343
  87 R   0.13963 0.13419 0.13009 0.12624 0.12227 0.11778 0.11204 0.10215 0.01559 ( 1)  0.045
  88 I   0.04352 0.06651 0.08314 0.09808 0.11291 0.12888 0.14805 0.17758 0.14133 ( 8)  0.174
  89 D   0.14573 0.13830 0.13276 0.12763 0.12240 0.11655 0.10919 0.09683 0.01061 ( 1)  0.040
  90 L   0.13667 0.13212 0.12867 0.12543 0.12206 0.11824 0.11333 0.10478 0.01868 ( 1)  0.048
  91 E   0.14537 0.13808 0.13264 0.12761 0.12247 0.11673 0.10951 0.09737 0.01022 ( 1)  0.040
  92 P   0.13822 0.13336 0.12966 0.12619 0.12259 0.11850 0.11323 0.10407 0.01418 ( 1)  0.044
  93 P   0.03088 0.04785 0.06047 0.07210 0.08396 0.09714 0.11364 0.14105 0.35293 ( 9)  0.378
  94 G   0.14023 0.13449 0.13017 0.12614 0.12199 0.11732 0.11137 0.10118 0.01710 ( 1)  0.047
  95 A   0.14006 0.13443 0.13019 0.12623 0.12215 0.11756 0.11170 0.10166 0.01603 ( 1)  0.046
  96 R   0.14389 0.13723 0.13224 0.12759 0.12282 0.11747 0.11067 0.09912 0.00897 ( 1)  0.039
  97 R   0.13924 0.13381 0.12972 0.12591 0.12198 0.11756 0.11194 0.10232 0.01751 ( 1)  0.047
  98 R   0.14011 0.13458 0.13041 0.12651 0.12249 0.11795 0.11215 0.10219 0.01359 ( 1)  0.043
  99 T   0.03751 0.05783 0.07280 0.08647 0.10027 0.11545 0.13418 0.16451 0.23098 ( 9)  0.260
 100 L   0.13533 0.13119 0.12804 0.12508 0.12199 0.11848 0.11394 0.10601 0.01993 ( 1)  0.050
 101 D   0.00001 0.00004 0.00010 0.00017 0.00029 0.00048 0.00085 0.00195 0.99609 ( 9)  0.996
 102 S   0.13547 0.13172 0.12885 0.12612 0.12326 0.11999 0.11571 0.10811 0.01077 ( 1)  0.041
 103 R   0.13632 0.13196 0.12865 0.12553 0.12229 0.11859 0.11383 0.10551 0.01733 ( 1)  0.047
 104 R   0.13610 0.13178 0.12850 0.12541 0.12220 0.11855 0.11383 0.10557 0.01806 ( 1)  0.048
 105 V   0.13820 0.13299 0.12906 0.12539 0.12160 0.11733 0.11188 0.10252 0.02103 ( 1)  0.051
 106 V   0.04352 0.06651 0.08314 0.09808 0.11291 0.12889 0.14806 0.17758 0.14130 ( 8)  0.174
 107 C   0.14131 0.13585 0.13171 0.12782 0.12377 0.11917 0.11324 0.10292 0.00421 ( 1)  0.034
 108 L   0.13399 0.13024 0.12738 0.12468 0.12186 0.11864 0.11448 0.10715 0.02160 ( 1)  0.051
 109 S   0.04067 0.06250 0.07845 0.09292 0.10743 0.12323 0.14248 0.17289 0.17943 ( 9)  0.210
 110 D   0.00503 0.01232 0.01997 0.02881 0.03966 0.05403 0.07566 0.12146 0.64308 ( 9)  0.659
 111 R   0.00137 0.00343 0.00566 0.00829 0.01161 0.01614 0.02323 0.03920 0.89106 ( 9)  0.896
 112 L   0.13126 0.12827 0.12598 0.12381 0.12153 0.11891 0.11550 0.10942 0.02533 ( 1)  0.055
 113 V   0.13820 0.13299 0.12906 0.12539 0.12160 0.11733 0.11188 0.10252 0.02103 ( 1)  0.051
 114 G   0.14320 0.13643 0.13138 0.12670 0.12192 0.11657 0.10984 0.09851 0.01545 ( 1)  0.045
 115 D   0.14811 0.13981 0.13365 0.12799 0.12223 0.11583 0.10784 0.09457 0.00997 ( 1)  0.039
 116 A   0.04331 0.06611 0.08258 0.09735 0.11198 0.12772 0.14655 0.17544 0.14896 ( 8)  0.181
 117 L   0.13667 0.13212 0.12867 0.12543 0.12206 0.11824 0.11333 0.10478 0.01868 ( 1)  0.048
 118 L   0.13315 0.12963 0.12694 0.12440 0.12174 0.11871 0.11476 0.10779 0.02288 ( 1)  0.053
 119 D   0.14811 0.13981 0.13365 0.12799 0.12223 0.11583 0.10784 0.09457 0.00997 ( 1)  0.039
 120 E   0.14930 0.14058 0.13413 0.12821 0.12220 0.11556 0.10728 0.09362 0.00914 ( 1)  0.038
 121 A   0.14150 0.13540 0.13081 0.12654 0.12215 0.11722 0.11095 0.10028 0.01515 ( 1)  0.045
 122 L   0.13450 0.13063 0.12767 0.12488 0.12197 0.11865 0.11436 0.10681 0.02052 ( 1)  0.050
 123 R   0.02063 0.03199 0.04048 0.04836 0.05645 0.06555 0.07716 0.09723 0.56214 ( 9)  0.579
 124 H   0.14183 0.13590 0.13142 0.12724 0.12293 0.11806 0.11184 0.10116 0.00963 ( 1)  0.039
 125 I   0.14206 0.13615 0.13168 0.12750 0.12318 0.11830 0.11206 0.10131 0.00777 ( 1)  0.038
 126 R   0.02024 0.03147 0.03991 0.04776 0.05585 0.06497 0.07664 0.09687 0.56629 ( 9)  0.583
 127 E   0.04327 0.06596 0.08230 0.09692 0.11137 0.12687 0.14538 0.17365 0.15428 ( 8)  0.186
 128 T   0.14336 0.13697 0.13215 0.12767 0.12304 0.11784 0.11122 0.09990 0.00786 ( 1)  0.038
 129 E   0.04094 0.06256 0.07820 0.09227 0.10624 0.12131 0.13944 0.16752 0.19152 ( 9)  0.222
 130 T   0.03362 0.05210 0.06585 0.07852 0.09143 0.10576 0.12368 0.15334 0.29569 ( 9)  0.323
 131 P   0.13487 0.13105 0.12813 0.12538 0.12249 0.11920 0.11492 0.10737 0.01659 ( 1)  0.047
 132 E   0.14930 0.14058 0.13413 0.12821 0.12220 0.11556 0.10728 0.09362 0.00914 ( 1)  0.038
 133 N   0.02090 0.03287 0.04203 0.05067 0.05969 0.07001 0.08339 0.10698 0.53346 ( 9)  0.551
 134 A   0.14375 0.13688 0.13174 0.12698 0.12211 0.11665 0.10977 0.09817 0.01394 ( 1)  0.043
 135 E   0.00281 0.00691 0.01124 0.01627 0.02248 0.03077 0.04335 0.07043 0.79574 ( 9)  0.805
 136 C   0.00037 0.00093 0.00155 0.00230 0.00327 0.00462 0.00678 0.01190 0.96828 ( 9)  0.970
 137 W   0.13960 0.13477 0.13107 0.12759 0.12395 0.11980 0.11442 0.10496 0.00382 ( 1)  0.034
 138 I   0.14207 0.13615 0.13168 0.12750 0.12318 0.11830 0.11205 0.10130 0.00775 ( 1)  0.038
 139 Q   0.03806 0.05848 0.07342 0.08700 0.10061 0.11548 0.13366 0.16262 0.23066 ( 9)  0.260
 140 Y   0.13728 0.13305 0.12981 0.12675 0.12356 0.11991 0.11517 0.10681 0.00765 ( 1)  0.038
 141 L   0.13790 0.13298 0.12925 0.12576 0.12214 0.11805 0.11279 0.10368 0.01744 ( 1)  0.047
 142 S   0.14185 0.13608 0.13170 0.12761 0.12338 0.11858 0.11244 0.10182 0.00654 ( 1)  0.036
 143 G   0.14021 0.13447 0.13016 0.12613 0.12199 0.11731 0.11137 0.10119 0.01717 ( 1)  0.047
 144 E   0.14930 0.14058 0.13413 0.12821 0.12220 0.11556 0.10728 0.09362 0.00914 ( 1)  0.038
 145 T   0.13758 0.13303 0.12957 0.12631 0.12291 0.11905 0.11406 0.10533 0.01215 ( 1)  0.042
 146 W   0.13960 0.13477 0.13107 0.12759 0.12395 0.11980 0.11442 0.10496 0.00382 ( 1)  0.034
 147 N   0.14289 0.13670 0.13204 0.12769 0.12320 0.11814 0.11168 0.10061 0.00705 ( 1)  0.037
 148 P   0.14141 0.13551 0.13106 0.12691 0.12262 0.11778 0.11162 0.10104 0.01206 ( 1)  0.042
 149 L   0.13551 0.13136 0.12820 0.12523 0.12213 0.11859 0.11403 0.10602 0.01893 ( 1)  0.049
 150 K   0.14706 0.13941 0.13370 0.12841 0.12300 0.11695 0.10933 0.09649 0.00565 ( 1)  0.035
 151 L   0.13790 0.13298 0.12925 0.12576 0.12214 0.11805 0.11279 0.10368 0.01744 ( 1)  0.047
 152 R   0.03301 0.05122 0.06479 0.07733 0.09013 0.10439 0.12227 0.15206 0.30481 ( 9)  0.331
 153 Y   0.13728 0.13305 0.12981 0.12675 0.12356 0.11991 0.11517 0.10681 0.00765 ( 1)  0.038
 154 Q   0.14301 0.13675 0.13203 0.12762 0.12308 0.11796 0.11143 0.10023 0.00790 ( 1)  0.038
 155 L   0.13790 0.13298 0.12925 0.12576 0.12214 0.11805 0.11279 0.10368 0.01744 ( 1)  0.047
 156 R   0.13279 0.12836 0.12501 0.12188 0.11865 0.11500 0.11032 0.10228 0.04570 ( 1)  0.075
 157 N   0.14633 0.13894 0.13340 0.12827 0.12302 0.11713 0.10969 0.09713 0.00608 ( 1)  0.036
 158 V   0.13820 0.13299 0.12906 0.12539 0.12160 0.11733 0.11188 0.10252 0.02103 ( 1)  0.051
 159 R   0.14011 0.13458 0.13041 0.12651 0.12249 0.11795 0.11215 0.10219 0.01359 ( 1)  0.043
 160 E   0.14537 0.13808 0.13264 0.12761 0.12247 0.11673 0.10951 0.09737 0.01022 ( 1)  0.040
 161 R   0.14011 0.13458 0.13041 0.12651 0.12249 0.11795 0.11215 0.10219 0.01359 ( 1)  0.043
 162 L   0.13667 0.13212 0.12867 0.12543 0.12206 0.11824 0.11333 0.10478 0.01868 ( 1)  0.048
 163 A   0.14091 0.13501 0.13056 0.12643 0.12217 0.11737 0.11128 0.10086 0.01541 ( 1)  0.045
 164 K   0.13470 0.13114 0.12842 0.12584 0.12315 0.12007 0.11606 0.10895 0.01168 ( 1)  0.042
 165 S   0.14551 0.13848 0.13320 0.12828 0.12323 0.11755 0.11034 0.09807 0.00534 ( 1)  0.035
 166 L   0.13359 0.12991 0.12709 0.12444 0.12168 0.11852 0.11443 0.10722 0.02312 ( 1)  0.053
 167 V   0.14296 0.13612 0.13103 0.12634 0.12154 0.11620 0.10950 0.09827 0.01803 ( 1)  0.047
 168 E   0.14930 0.14058 0.13413 0.12821 0.12220 0.11556 0.10728 0.09362 0.00914 ( 1)  0.038
 169 K   0.14179 0.13597 0.13159 0.12749 0.12326 0.11848 0.11237 0.10186 0.00720 ( 1)  0.037
 170 S   0.14551 0.13848 0.13320 0.12828 0.12323 0.11755 0.11034 0.09807 0.00534 ( 1)  0.035
 171 V   0.14223 0.13569 0.13080 0.12628 0.12166 0.11649 0.10997 0.09899 0.01791 ( 1)  0.047
 172 C   0.14131 0.13585 0.13171 0.12782 0.12377 0.11917 0.11324 0.10292 0.00421 ( 1)  0.034
 173 T   0.12975 0.12730 0.12542 0.12363 0.12175 0.11958 0.11673 0.11161 0.02423 ( 1)  0.054
 174 T   0.14227 0.13627 0.13174 0.12751 0.12313 0.11819 0.11188 0.10103 0.00797 ( 1)  0.038
 175 E   0.14930 0.14058 0.13413 0.12821 0.12220 0.11556 0.10728 0.09362 0.00914 ( 1)  0.038
 176 K   0.14706 0.13941 0.13370 0.12841 0.12300 0.11695 0.10933 0.09649 0.00565 ( 1)  0.035
 177 Q   0.14301 0.13675 0.13203 0.12762 0.12308 0.11796 0.11143 0.10023 0.00790 ( 1)  0.038
 178 S   0.14551 0.13848 0.13320 0.12828 0.12323 0.11755 0.11034 0.09807 0.00534 ( 1)  0.035
 179 F   0.14265 0.13671 0.13222 0.12800 0.12363 0.11868 0.11233 0.10134 0.00443 ( 1)  0.034
 180 V   0.14296 0.13612 0.13103 0.12634 0.12154 0.11620 0.10950 0.09827 0.01803 ( 1)  0.047
 181 V   0.03003 0.04667 0.05912 0.07066 0.08248 0.09569 0.11236 0.14041 0.36258 ( 9)  0.387
 182 F   0.14265 0.13671 0.13222 0.12800 0.12363 0.11868 0.11233 0.10134 0.00443 ( 1)  0.034
 183 D   0.14811 0.13981 0.13365 0.12799 0.12223 0.11583 0.10784 0.09457 0.00997 ( 1)  0.039
 184 M   0.15106 0.14201 0.13528 0.12909 0.12278 0.11577 0.10700 0.09241 0.00460 ( 1)  0.034
 185 T   0.14227 0.13627 0.13174 0.12751 0.12313 0.11819 0.11188 0.10103 0.00797 ( 1)  0.038
 186 T   0.14227 0.13627 0.13174 0.12751 0.12313 0.11819 0.11188 0.10103 0.00797 ( 1)  0.038
 187 H   0.14195 0.13598 0.13148 0.12729 0.12295 0.11806 0.11181 0.10109 0.00940 ( 1)  0.039
 188 P   0.14141 0.13551 0.13106 0.12691 0.12262 0.11778 0.11162 0.10104 0.01206 ( 1)  0.042
 189 L   0.13379 0.13008 0.12724 0.12456 0.12177 0.11858 0.11445 0.10719 0.02233 ( 1)  0.052
 190 V   0.13820 0.13299 0.12906 0.12539 0.12160 0.11733 0.11188 0.10252 0.02103 ( 1)  0.051
 191 D   0.14811 0.13981 0.13365 0.12799 0.12223 0.11583 0.10784 0.09457 0.00997 ( 1)  0.039
 192 G   0.14097 0.13498 0.13047 0.12629 0.12199 0.11716 0.11102 0.10059 0.01653 ( 1)  0.046
 193 Q   0.13938 0.13432 0.13048 0.12687 0.12312 0.11887 0.11340 0.10389 0.00968 ( 1)  0.040
 194 A   0.04266 0.06521 0.08152 0.09619 0.11076 0.12647 0.14536 0.17453 0.15729 ( 8)  0.189
 195 K   0.14706 0.13941 0.13370 0.12841 0.12300 0.11695 0.10933 0.09649 0.00565 ( 1)  0.035
 196 L   0.03222 0.05020 0.06372 0.07628 0.08920 0.10370 0.12207 0.15318 0.30942 ( 9)  0.336
 197 A   0.00311 0.00767 0.01251 0.01816 0.02516 0.03454 0.04887 0.07998 0.77001 ( 9)  0.780
 198 V   0.04006 0.06155 0.07728 0.09155 0.10586 0.12147 0.14052 0.17077 0.19095 ( 9)  0.221
 199 I   0.03818 0.05904 0.07449 0.08867 0.10305 0.11894 0.13868 0.17092 0.20803 ( 9)  0.238
 200 R   0.03376 0.05195 0.06528 0.07742 0.08964 0.10301 0.11944 0.14583 0.31366 ( 9)  0.340
 201 R   0.01917 0.03011 0.03847 0.04635 0.05459 0.06402 0.07628 0.09802 0.57299 ( 9)  0.589
 202 A   0.04331 0.06611 0.08258 0.09735 0.11198 0.12772 0.14655 0.17544 0.14896 ( 8)  0.181
 203 Q   0.14301 0.13675 0.13203 0.12762 0.12308 0.11796 0.11143 0.10023 0.00790 ( 1)  0.038
 204 D   0.14811 0.13981 0.13365 0.12799 0.12223 0.11583 0.10784 0.09457 0.00997 ( 1)  0.039
 205 C   0.14131 0.13585 0.13171 0.12782 0.12377 0.11917 0.11324 0.10292 0.00421 ( 1)  0.034
 206 L   0.03300 0.05108 0.06451 0.07686 0.08942 0.10335 0.12073 0.14943 0.31162 ( 9)  0.338
 207 L   0.13667 0.13212 0.12867 0.12543 0.12206 0.11824 0.11333 0.10478 0.01868 ( 1)  0.048
 208 S   0.13925 0.13444 0.13077 0.12731 0.12370 0.11959 0.11427 0.10493 0.00576 ( 1)  0.036
 209 R   0.14011 0.13458 0.13041 0.12651 0.12249 0.11795 0.11215 0.10219 0.01359 ( 1)  0.043
 210 W   0.13960 0.13477 0.13107 0.12759 0.12395 0.11980 0.11442 0.10496 0.00382 ( 1)  0.034
 211 Q   0.14301 0.13675 0.13203 0.12762 0.12308 0.11796 0.11143 0.10023 0.00790 ( 1)  0.038
 212 A   0.00001 0.00002 0.00005 0.00008 0.00014 0.00024 0.00043 0.00100 0.99804 ( 9)  0.998
 213 D   0.14323 0.13668 0.13177 0.12720 0.12251 0.11724 0.11057 0.09923 0.01156 ( 1)  0.041
 214 P   0.14141 0.13551 0.13106 0.12691 0.12262 0.11778 0.11162 0.10104 0.01206 ( 1)  0.042
 215 Q   0.14301 0.13675 0.13203 0.12762 0.12308 0.11796 0.11143 0.10023 0.00790 ( 1)  0.038
 216 R   0.13963 0.13419 0.13009 0.12624 0.12227 0.11778 0.11204 0.10215 0.01559 ( 1)  0.045
 217 M   0.04315 0.06620 0.08300 0.09820 0.11338 0.12987 0.14985 0.18116 0.13519 ( 8)  0.168
 218 D   0.14573 0.13830 0.13276 0.12763 0.12240 0.11655 0.10919 0.09683 0.01061 ( 1)  0.040
 219 R   0.02063 0.03199 0.04048 0.04836 0.05645 0.06555 0.07716 0.09723 0.56214 ( 9)  0.579
 220 R   0.13858 0.13280 0.12845 0.12440 0.12024 0.11557 0.10963 0.09953 0.03081 ( 1)  0.060
 221 S   0.13913 0.13435 0.13070 0.12727 0.12368 0.11959 0.11430 0.10500 0.00598 ( 1)  0.036
 222 L   0.03803 0.05854 0.07359 0.08729 0.10107 0.11615 0.13465 0.16425 0.22642 ( 9)  0.256
 223 A   0.14375 0.13688 0.13174 0.12698 0.12211 0.11665 0.10977 0.09818 0.01394 ( 1)  0.043
 224 L   0.13667 0.13212 0.12867 0.12543 0.12206 0.11824 0.11333 0.10478 0.01868 ( 1)  0.048
 225 L   0.13379 0.13008 0.12724 0.12456 0.12177 0.11858 0.11445 0.10719 0.02233 ( 1)  0.052
 226 Y   0.03947 0.06108 0.07710 0.09181 0.10674 0.12325 0.14374 0.17719 0.17962 ( 9)  0.211
 227 L   0.03300 0.05108 0.06451 0.07686 0.08942 0.10335 0.12073 0.14943 0.31162 ( 9)  0.338
 228 A   0.14091 0.13501 0.13056 0.12643 0.12217 0.11737 0.11128 0.10086 0.01541 ( 1)  0.045
 229 H   0.14436 0.13755 0.13244 0.12770 0.12283 0.11735 0.11042 0.09865 0.00870 ( 1)  0.038
 230 A   0.14330 0.13657 0.13154 0.12687 0.12209 0.11674 0.10998 0.09856 0.01434 ( 1)  0.044
 231 S   0.13934 0.13450 0.13081 0.12734 0.12371 0.11958 0.11424 0.10486 0.00562 ( 1)  0.036
 232 D   0.14811 0.13981 0.13365 0.12799 0.12223 0.11583 0.10784 0.09457 0.00997 ( 1)  0.039
 233 V   0.14296 0.13612 0.13103 0.12634 0.12154 0.11620 0.10950 0.09827 0.01803 ( 1)  0.047
 234 L   0.13667 0.13212 0.12867 0.12543 0.12206 0.11824 0.11333 0.10478 0.01868 ( 1)  0.048
 235 E   0.14930 0.14058 0.13413 0.12821 0.12220 0.11556 0.10728 0.09362 0.00914 ( 1)  0.038
 236 N   0.14288 0.13669 0.13203 0.12768 0.12320 0.11814 0.11169 0.10062 0.00707 ( 1)  0.037
 237 A   0.14429 0.13719 0.13188 0.12699 0.12198 0.11639 0.10935 0.09754 0.01439 ( 1)  0.044
 238 F   0.14265 0.13671 0.13222 0.12800 0.12363 0.11868 0.11233 0.10134 0.00443 ( 1)  0.034
 239 G   0.02988 0.04664 0.05927 0.07105 0.08320 0.09688 0.11428 0.14395 0.35486 ( 9)  0.380
 240 S   0.03677 0.05711 0.07230 0.08633 0.10067 0.11664 0.13669 0.17004 0.22345 ( 9)  0.253
 241 L   0.13667 0.13212 0.12867 0.12543 0.12206 0.11824 0.11333 0.10478 0.01868 ( 1)  0.048
 242 S   0.03780 0.05866 0.07422 0.08857 0.10322 0.11951 0.13990 0.17369 0.20443 ( 9)  0.235
 243 D   0.14573 0.13830 0.13276 0.12763 0.12240 0.11655 0.10919 0.09683 0.01061 ( 1)  0.040
 244 E   0.04259 0.06506 0.08130 0.09589 0.11037 0.12596 0.14469 0.17360 0.16054 ( 8)  0.192
 245 D   0.14573 0.13830 0.13276 0.12763 0.12240 0.11655 0.10919 0.09683 0.01061 ( 1)  0.040
 246 Y   0.14115 0.13571 0.13157 0.12769 0.12367 0.11910 0.11321 0.10299 0.00491 ( 1)  0.035
 247 L   0.00136 0.00341 0.00561 0.00822 0.01150 0.01597 0.02294 0.03865 0.89235 ( 9)  0.897
 248 L   0.13667 0.13212 0.12867 0.12543 0.12206 0.11824 0.11333 0.10478 0.01868 ( 1)  0.048
 249 V   0.04328 0.06600 0.08238 0.09705 0.11155 0.12713 0.14574 0.17421 0.15266 ( 8)  0.184
 250 T   0.03751 0.05783 0.07280 0.08647 0.10027 0.11545 0.13418 0.16451 0.23098 ( 9)  0.260
 251 G   0.03759 0.05762 0.07222 0.08542 0.09862 0.11299 0.13046 0.15814 0.24694 ( 9)  0.275
 252 R   0.13963 0.13419 0.13009 0.12625 0.12227 0.11778 0.11204 0.10215 0.01559 ( 1)  0.045
 253 M   0.03849 0.05923 0.07446 0.08832 0.10228 0.11757 0.13634 0.16651 0.21680 ( 9)  0.246
 254 R   0.14389 0.13723 0.13224 0.12759 0.12282 0.11747 0.11067 0.09912 0.00897 ( 1)  0.039
 255 Q   0.04095 0.06258 0.07823 0.09230 0.10627 0.12135 0.13948 0.16757 0.19127 ( 9)  0.222
 256 L   0.13667 0.13212 0.12867 0.12543 0.12206 0.11824 0.11333 0.10478 0.01868 ( 1)  0.048
 257 L   0.13588 0.13159 0.12832 0.12525 0.12205 0.11841 0.11372 0.10552 0.01928 ( 1)  0.049
 258 Q   0.04095 0.06258 0.07823 0.09230 0.10627 0.12135 0.13948 0.16757 0.19127 ( 9)  0.222
 259 L   0.13791 0.13298 0.12925 0.12576 0.12215 0.11805 0.11279 0.10368 0.01743 ( 1)  0.047
 260 D   0.14811 0.13981 0.13365 0.12799 0.12223 0.11583 0.10784 0.09457 0.00997 ( 1)  0.039
 261 F   0.13895 0.13421 0.13060 0.12719 0.12364 0.11958 0.11434 0.10513 0.00637 ( 1)  0.036
 262 D   0.14573 0.13830 0.13276 0.12763 0.12240 0.11655 0.10919 0.09683 0.01061 ( 1)  0.040
 263 A   0.14314 0.13644 0.13144 0.12680 0.12204 0.11672 0.10999 0.09862 0.01482 ( 1)  0.044
 264 E   0.14930 0.14058 0.13413 0.12821 0.12220 0.11556 0.10728 0.09362 0.00914 ( 1)  0.038
 265 G   0.03994 0.06123 0.07673 0.09073 0.10472 0.11990 0.13831 0.16719 0.20125 ( 9)  0.231
 266 A   0.04331 0.06611 0.08258 0.09735 0.11198 0.12772 0.14655 0.17544 0.14896 ( 8)  0.181
 267 K   0.14161 0.13585 0.13149 0.12743 0.12323 0.11848 0.11242 0.10198 0.00751 ( 1)  0.037
 268 D   0.04330 0.06600 0.08234 0.09697 0.11142 0.12693 0.14544 0.17371 0.15391 ( 8)  0.186
 269 G   0.14320 0.13643 0.13138 0.12670 0.12192 0.11657 0.10984 0.09851 0.01545 ( 1)  0.045
 270 A   0.03403 0.05195 0.06490 0.07652 0.08806 0.10050 0.11546 0.13868 0.32989 ( 9)  0.355
 271 C   0.14131 0.13585 0.13171 0.12782 0.12377 0.11917 0.11324 0.10292 0.00421 ( 1)  0.034
 272 A   0.03146 0.04867 0.06143 0.07316 0.08508 0.09828 0.11474 0.14190 0.34527 ( 9)  0.370
 273 M   0.15106 0.14201 0.13528 0.12909 0.12278 0.11577 0.10700 0.09241 0.00460 ( 1)  0.034
 274 I   0.02163 0.03438 0.04430 0.05379 0.06384 0.07549 0.09084 0.11853 0.49720 ( 9)  0.517
 275 W   0.13960 0.13477 0.13107 0.12759 0.12395 0.11980 0.11442 0.10496 0.00382 ( 1)  0.034
 276 A   0.13829 0.13324 0.12941 0.12584 0.12213 0.11794 0.11257 0.10329 0.01729 ( 1)  0.047
 277 V   0.14296 0.13612 0.13103 0.12634 0.12154 0.11620 0.10950 0.09827 0.01803 ( 1)  0.047
 278 A   0.13829 0.13324 0.12941 0.12584 0.12213 0.11794 0.11257 0.10329 0.01729 ( 1)  0.047
 279 K   0.03955 0.06106 0.07693 0.09143 0.10607 0.12217 0.14199 0.17386 0.18695 ( 9)  0.218
 280 A   0.14375 0.13688 0.13174 0.12698 0.12211 0.11665 0.10977 0.09818 0.01394 ( 1)  0.043
 281 F   0.13885 0.13414 0.13054 0.12715 0.12362 0.11959 0.11437 0.10521 0.00654 ( 1)  0.037
 282 A   0.14091 0.13501 0.13056 0.12643 0.12217 0.11737 0.11128 0.10086 0.01541 ( 1)  0.045
 283 K   0.14163 0.13586 0.13150 0.12743 0.12323 0.11848 0.11241 0.10197 0.00748 ( 1)  0.037

Positively selected sites

	Prob(w>1)  mean w



lnL = -1931.120689

Bayes Empirical Bayes (BEB) probabilities for 11 classes (class) & postmean_w
(amino acids refer to 1st sequence: Msl.13795)

   1 M   0.95936 0.02609 0.00726 0.00282 0.00136 0.00076 0.00046 0.00029 0.00017 0.00008 0.00135 ( 1)  0.059 +-  0.082
   2 S   0.92790 0.03973 0.01533 0.00718 0.00370 0.00201 0.00113 0.00064 0.00034 0.00014 0.00189 ( 1)  0.067 +-  0.105
   3 E   0.93574 0.03485 0.01267 0.00592 0.00318 0.00185 0.00113 0.00070 0.00041 0.00018 0.00337 ( 1)  0.068 +-  0.132
   4 G   0.93618 0.03305 0.01202 0.00584 0.00331 0.00205 0.00132 0.00085 0.00052 0.00024 0.00462 ( 1)  0.070 +-  0.147
   5 L   0.89825 0.04326 0.01933 0.01068 0.00655 0.00424 0.00282 0.00186 0.00115 0.00054 0.01134 ( 1)  0.092 +-  0.237
   6 V   0.93262 0.03378 0.01263 0.00629 0.00363 0.00228 0.00149 0.00097 0.00060 0.00028 0.00543 ( 1)  0.073 +-  0.159
   7 Q   0.93579 0.03597 0.01299 0.00591 0.00305 0.00171 0.00101 0.00060 0.00034 0.00015 0.00248 ( 1)  0.066 +-  0.115
   8 R   0.91258 0.04384 0.01887 0.00974 0.00545 0.00318 0.00188 0.00110 0.00060 0.00025 0.00250 ( 1)  0.072 +-  0.118
   9 R   0.93356 0.03535 0.01304 0.00620 0.00339 0.00201 0.00125 0.00078 0.00046 0.00021 0.00375 ( 1)  0.069 +-  0.136
  10 T   0.71777 0.08397 0.05147 0.03349 0.02271 0.01581 0.01106 0.00758 0.00483 0.00230 0.04902 ( 1)  0.205 +-  0.446
  11 A   0.75693 0.08152 0.04686 0.02893 0.01877 0.01257 0.00852 0.00568 0.00354 0.00166 0.03503 ( 1)  0.170 +-  0.392
  12 A   0.60766 0.08731 0.06295 0.04617 0.03405 0.02507 0.01820 0.01278 0.00826 0.00396 0.09360 ( 1)  0.321 +-  0.612
  13 A   0.08954 0.04423 0.05801 0.06291 0.06153 0.05608 0.04809 0.03846 0.02753 0.01413 0.49948 (11)  1.228 +-  1.051
  14 A   0.92635 0.03708 0.01427 0.00701 0.00393 0.00239 0.00151 0.00096 0.00058 0.00027 0.00565 ( 1)  0.075 +-  0.171
  15 A   0.63982 0.08662 0.05960 0.04223 0.03041 0.02205 0.01587 0.01110 0.00717 0.00344 0.08169 ( 1)  0.289 +-  0.573
  16 S   0.14728 0.06664 0.08048 0.08064 0.07321 0.06229 0.05017 0.03795 0.02585 0.01270 0.36278 (11)  0.954 +-  0.957
  17 A   0.65687 0.08753 0.05918 0.04128 0.02933 0.02102 0.01497 0.01037 0.00664 0.00316 0.06966 ( 1)  0.260 +-  0.525
  18 A   0.64348 0.08593 0.05856 0.04126 0.02964 0.02148 0.01547 0.01083 0.00702 0.00338 0.08295 ( 1)  0.291 +-  0.585
  19 A   0.61498 0.08551 0.06015 0.04342 0.03177 0.02335 0.01701 0.01202 0.00785 0.00380 0.10013 ( 1)  0.334 +-  0.648
  20 S   0.13429 0.05904 0.07133 0.07273 0.06778 0.05939 0.04925 0.03827 0.02670 0.01340 0.40783 (11)  1.035 +-  0.983
  21 S   0.08988 0.04213 0.05396 0.05802 0.05677 0.05203 0.04498 0.03635 0.02631 0.01368 0.52589 (11)  1.278 +-  1.071
  22 S   0.79210 0.07904 0.04244 0.02470 0.01525 0.00980 0.00642 0.00417 0.00254 0.00117 0.02236 ( 1)  0.136 +-  0.312
  23 S   0.14492 0.06514 0.07932 0.08067 0.07445 0.06428 0.05237 0.03991 0.02730 0.01341 0.35822 (11)  0.940 +-  0.929
  24 N   0.11144 0.05330 0.06809 0.07207 0.06886 0.06134 0.05141 0.04021 0.02816 0.01414 0.43097 (11)  1.088 +-  0.994
  25 Q   0.12038 0.06034 0.07723 0.08022 0.07457 0.06446 0.05248 0.03999 0.02737 0.01348 0.38950 (11)  1.013 +-  0.970
  26 L   0.19240 0.06942 0.07101 0.06343 0.05358 0.04391 0.03501 0.02675 0.01869 0.00955 0.41623 (11)  1.076 +-  1.134
  27 A   0.65049 0.08509 0.05709 0.03976 0.02835 0.02046 0.01473 0.01033 0.00672 0.00325 0.08372 ( 1)  0.291 +-  0.592
  28 A   0.59233 0.08429 0.06052 0.04445 0.03299 0.02453 0.01806 0.01288 0.00848 0.00414 0.11731 ( 1)  0.374 +-  0.705
  29 A   0.65208 0.08720 0.05916 0.04141 0.02952 0.02123 0.01518 0.01054 0.00677 0.00323 0.07368 ( 1)  0.270 +-  0.544
  30 G   0.93241 0.03458 0.01285 0.00627 0.00355 0.00218 0.00140 0.00090 0.00055 0.00026 0.00504 ( 1)  0.072 +-  0.156
  31 S   0.79210 0.07904 0.04244 0.02470 0.01525 0.00980 0.00642 0.00417 0.00254 0.00117 0.02236 ( 1)  0.136 +-  0.312
  32 G   0.93153 0.03488 0.01294 0.00628 0.00354 0.00218 0.00140 0.00091 0.00056 0.00026 0.00552 ( 1)  0.073 +-  0.165
  33 A   0.68154 0.08524 0.05529 0.03759 0.02633 0.01874 0.01333 0.00924 0.00593 0.00284 0.06392 ( 1)  0.243 +-  0.506
  34 A   0.19543 0.07911 0.08854 0.08431 0.07394 0.06138 0.04853 0.03614 0.02428 0.01178 0.29655 (11)  0.809 +-  0.880
  35 N   0.45085 0.12694 0.10386 0.07583 0.05334 0.03700 0.02533 0.01685 0.01039 0.00476 0.09485 ( 1)  0.362 +-  0.581
  36 Q   0.26082 0.09307 0.09420 0.08287 0.06838 0.05423 0.04147 0.03018 0.01998 0.00963 0.24517 ( 1)  0.697 +-  0.845
  37 L   0.11179 0.05393 0.06885 0.07255 0.06893 0.06107 0.05097 0.03974 0.02777 0.01394 0.43047 (11)  1.088 +-  0.996
  38 S   0.91910 0.04191 0.01723 0.00857 0.00468 0.00269 0.00159 0.00093 0.00051 0.00022 0.00258 ( 1)  0.070 +-  0.118
  39 D   0.94785 0.02930 0.00965 0.00439 0.00239 0.00144 0.00091 0.00058 0.00035 0.00016 0.00297 ( 1)  0.065 +-  0.118
  40 S   0.22513 0.09455 0.10342 0.09387 0.07781 0.06107 0.04585 0.03265 0.02113 0.00995 0.23458 (11)  0.693 +-  0.824
  41 R   0.31949 0.10585 0.10070 0.08405 0.06630 0.05059 0.03744 0.02649 0.01712 0.00810 0.18387 ( 1)  0.565 +-  0.753
  42 T   0.60520 0.08108 0.05693 0.04201 0.03179 0.02423 0.01825 0.01327 0.00885 0.00436 0.11403 ( 1)  0.358 +-  0.665
  43 G   0.93618 0.03305 0.01202 0.00584 0.00331 0.00205 0.00132 0.00085 0.00052 0.00024 0.00462 ( 1)  0.070 +-  0.147
  44 R   0.89700 0.03985 0.01725 0.00961 0.00612 0.00419 0.00296 0.00208 0.00136 0.00067 0.01891 ( 1)  0.107 +-  0.306
  45 L   0.92998 0.03611 0.01367 0.00666 0.00372 0.00224 0.00141 0.00089 0.00053 0.00024 0.00453 ( 1)  0.071 +-  0.148
  46 T   0.94252 0.03338 0.01126 0.00487 0.00245 0.00136 0.00081 0.00049 0.00029 0.00013 0.00245 ( 1)  0.064 +-  0.112
  47 L   0.92731 0.03689 0.01412 0.00690 0.00386 0.00234 0.00148 0.00094 0.00057 0.00026 0.00533 ( 1)  0.074 +-  0.162
  48 M   0.95936 0.02609 0.00726 0.00282 0.00136 0.00076 0.00046 0.00029 0.00017 0.00008 0.00135 ( 1)  0.059 +-  0.082
  49 E   0.94951 0.02870 0.00935 0.00422 0.00228 0.00137 0.00086 0.00055 0.00033 0.00015 0.00269 ( 1)  0.064 +-  0.113
  50 E   0.94951 0.02870 0.00935 0.00422 0.00228 0.00137 0.00086 0.00055 0.00033 0.00015 0.00269 ( 1)  0.064 +-  0.113
  51 V   0.93306 0.03346 0.01253 0.00626 0.00363 0.00229 0.00150 0.00098 0.00060 0.00028 0.00541 ( 1)  0.073 +-  0.158
  52 L   0.92430 0.03799 0.01487 0.00738 0.00416 0.00253 0.00160 0.00101 0.00061 0.00028 0.00527 ( 1)  0.074 +-  0.160
  53 L   0.92430 0.03799 0.01487 0.00738 0.00416 0.00253 0.00160 0.00101 0.00061 0.00028 0.00527 ( 1)  0.074 +-  0.160
  54 L   0.92650 0.03700 0.01421 0.00697 0.00391 0.00238 0.00151 0.00096 0.00058 0.00027 0.00570 ( 1)  0.075 +-  0.169
  55 G   0.93888 0.03203 0.01128 0.00538 0.00303 0.00189 0.00123 0.00080 0.00050 0.00023 0.00475 ( 1)  0.070 +-  0.149
  56 L   0.92430 0.03799 0.01487 0.00738 0.00416 0.00253 0.00160 0.00101 0.00061 0.00028 0.00527 ( 1)  0.074 +-  0.160
  57 K   0.94099 0.03426 0.01188 0.00522 0.00262 0.00143 0.00082 0.00048 0.00027 0.00012 0.00190 ( 1)  0.064 +-  0.102
  58 D   0.94054 0.03266 0.01134 0.00521 0.00281 0.00167 0.00104 0.00066 0.00040 0.00018 0.00350 ( 1)  0.067 +-  0.132
  59 R   0.93356 0.03535 0.01304 0.00620 0.00339 0.00201 0.00125 0.00078 0.00046 0.00021 0.00375 ( 1)  0.069 +-  0.136
  60 E   0.94951 0.02870 0.00935 0.00422 0.00228 0.00137 0.00086 0.00055 0.00033 0.00015 0.00269 ( 1)  0.064 +-  0.113
  61 G   0.92734 0.03643 0.01397 0.00692 0.00392 0.00241 0.00154 0.00099 0.00060 0.00028 0.00560 ( 1)  0.074 +-  0.167
  62 Y   0.94349 0.03435 0.01154 0.00481 0.00227 0.00116 0.00063 0.00035 0.00019 0.00008 0.00115 ( 1)  0.062 +-  0.083
  63 T   0.93496 0.03638 0.01319 0.00598 0.00307 0.00171 0.00100 0.00060 0.00034 0.00015 0.00264 ( 1)  0.067 +-  0.118
  64 S   0.91910 0.04191 0.01723 0.00857 0.00468 0.00269 0.00159 0.00093 0.00051 0.00022 0.00258 ( 1)  0.070 +-  0.118
  65 F   0.92622 0.04075 0.01598 0.00753 0.00387 0.00208 0.00115 0.00063 0.00033 0.00013 0.00134 ( 1)  0.066 +-  0.093
  66 W   0.94170 0.03573 0.01219 0.00505 0.00231 0.00113 0.00058 0.00030 0.00015 0.00006 0.00079 ( 1)  0.061 +-  0.074
  67 N   0.94434 0.03291 0.01097 0.00469 0.00232 0.00126 0.00073 0.00044 0.00025 0.00011 0.00196 ( 1)  0.063 +-  0.102
  68 D   0.94785 0.02930 0.00965 0.00439 0.00239 0.00144 0.00091 0.00058 0.00035 0.00016 0.00297 ( 1)  0.065 +-  0.118
  69 S   0.93892 0.03614 0.01267 0.00546 0.00263 0.00137 0.00075 0.00042 0.00022 0.00009 0.00132 ( 1)  0.063 +-  0.089
  70 I   0.94935 0.03056 0.00964 0.00401 0.00199 0.00110 0.00066 0.00040 0.00024 0.00011 0.00194 ( 1)  0.062 +-  0.099
  71 S   0.94383 0.03356 0.01121 0.00474 0.00230 0.00123 0.00070 0.00041 0.00023 0.00010 0.00169 ( 1)  0.063 +-  0.096
  72 S   0.92731 0.03957 0.01525 0.00716 0.00371 0.00205 0.00117 0.00068 0.00037 0.00016 0.00256 ( 1)  0.068 +-  0.120
  73 G   0.92631 0.03670 0.01409 0.00695 0.00393 0.00242 0.00155 0.00100 0.00061 0.00029 0.00615 ( 1)  0.076 +-  0.177
  74 L   0.92430 0.03799 0.01487 0.00738 0.00416 0.00253 0.00160 0.00101 0.00061 0.00028 0.00527 ( 1)  0.074 +-  0.160
  75 R   0.93356 0.03535 0.01304 0.00620 0.00339 0.00201 0.00125 0.00078 0.00046 0.00021 0.00375 ( 1)  0.069 +-  0.136
  76 G   0.93551 0.03314 0.01210 0.00589 0.00335 0.00208 0.00135 0.00087 0.00054 0.00025 0.00492 ( 1)  0.071 +-  0.153
  77 A   0.93381 0.03447 0.01262 0.00605 0.00338 0.00206 0.00131 0.00084 0.00051 0.00024 0.00471 ( 1)  0.071 +-  0.151
  78 I   0.94935 0.03056 0.00964 0.00401 0.00199 0.00110 0.00066 0.00040 0.00024 0.00011 0.00194 ( 1)  0.062 +-  0.099
  79 L   0.92729 0.03690 0.01412 0.00691 0.00386 0.00234 0.00148 0.00094 0.00057 0.00026 0.00534 ( 1)  0.074 +-  0.162
  80 I   0.94935 0.03056 0.00964 0.00401 0.00199 0.00110 0.00066 0.00040 0.00024 0.00011 0.00194 ( 1)  0.062 +-  0.099
  81 E   0.94951 0.02870 0.00935 0.00422 0.00228 0.00137 0.00086 0.00055 0.00033 0.00015 0.00269 ( 1)  0.064 +-  0.113
  82 L   0.92430 0.03799 0.01487 0.00738 0.00416 0.00253 0.00160 0.00101 0.00061 0.00028 0.00527 ( 1)  0.074 +-  0.160
  83 A   0.93899 0.03233 0.01140 0.00539 0.00300 0.00184 0.00118 0.00076 0.00047 0.00022 0.00443 ( 1)  0.069 +-  0.145
  84 L   0.92430 0.03799 0.01487 0.00738 0.00416 0.00253 0.00160 0.00101 0.00061 0.00028 0.00527 ( 1)  0.074 +-  0.160
  85 R   0.92821 0.03738 0.01430 0.00693 0.00381 0.00226 0.00139 0.00087 0.00051 0.00023 0.00411 ( 1)  0.071 +-  0.144
  86 R   0.68514 0.08265 0.05333 0.03663 0.02605 0.01882 0.01354 0.00947 0.00612 0.00294 0.06532 ( 1)  0.244 +-  0.509
  87 R   0.93206 0.03533 0.01305 0.00626 0.00347 0.00210 0.00133 0.00085 0.00051 0.00024 0.00478 ( 1)  0.072 +-  0.153
  88 I   0.78694 0.07931 0.04298 0.02526 0.01575 0.01023 0.00676 0.00442 0.00272 0.00126 0.02438 ( 1)  0.141 +-  0.325
  89 D   0.94462 0.03086 0.01039 0.00473 0.00256 0.00153 0.00096 0.00061 0.00037 0.00017 0.00321 ( 1)  0.066 +-  0.125
  90 L   0.92430 0.03799 0.01487 0.00738 0.00416 0.00253 0.00160 0.00101 0.00061 0.00028 0.00527 ( 1)  0.074 +-  0.160
  91 E   0.94386 0.03136 0.01067 0.00486 0.00260 0.00154 0.00096 0.00060 0.00036 0.00016 0.00303 ( 1)  0.066 +-  0.122
  92 P   0.93055 0.03664 0.01367 0.00648 0.00351 0.00207 0.00127 0.00079 0.00047 0.00021 0.00433 ( 1)  0.071 +-  0.151
  93 P   0.66252 0.08257 0.05435 0.03789 0.02731 0.02000 0.01459 0.01034 0.00677 0.00329 0.08037 ( 1)  0.280 +-  0.570
  94 G   0.93153 0.03488 0.01294 0.00628 0.00354 0.00218 0.00140 0.00091 0.00056 0.00026 0.00552 ( 1)  0.073 +-  0.165
  95 A   0.93176 0.03518 0.01306 0.00630 0.00351 0.00213 0.00136 0.00087 0.00053 0.00024 0.00508 ( 1)  0.072 +-  0.159
  96 R   0.94396 0.03216 0.01082 0.00478 0.00248 0.00142 0.00087 0.00053 0.00032 0.00014 0.00251 ( 1)  0.064 +-  0.112
  97 R   0.92781 0.03631 0.01410 0.00708 0.00404 0.00248 0.00157 0.00099 0.00059 0.00027 0.00475 ( 1)  0.073 +-  0.151
  98 R   0.93356 0.03535 0.01304 0.00620 0.00339 0.00201 0.00125 0.00078 0.00046 0.00021 0.00375 ( 1)  0.069 +-  0.136
  99 T   0.72653 0.08384 0.05111 0.03299 0.02208 0.01509 0.01035 0.00697 0.00437 0.00205 0.04464 ( 1)  0.196 +-  0.438
 100 L   0.92056 0.03915 0.01568 0.00788 0.00446 0.00271 0.00171 0.00108 0.00065 0.00029 0.00582 ( 1)  0.076 +-  0.172
 101 D   0.00993 0.01264 0.02451 0.03371 0.03895 0.04030 0.03824 0.03328 0.02561 0.01403 0.72881 (11)  1.683 +-  1.077
 102 S   0.92696 0.03964 0.01531 0.00720 0.00374 0.00207 0.00119 0.00069 0.00038 0.00016 0.00266 ( 1)  0.068 +-  0.123
 103 R   0.92451 0.03837 0.01501 0.00739 0.00412 0.00247 0.00154 0.00096 0.00057 0.00026 0.00481 ( 1)  0.073 +-  0.155
 104 R   0.92355 0.03850 0.01513 0.00748 0.00419 0.00252 0.00158 0.00099 0.00059 0.00027 0.00520 ( 1)  0.074 +-  0.163
 105 V   0.92481 0.03656 0.01425 0.00719 0.00417 0.00261 0.00170 0.00110 0.00068 0.00032 0.00661 ( 1)  0.077 +-  0.180
 106 V   0.78696 0.07931 0.04298 0.02526 0.01575 0.01023 0.00676 0.00442 0.00271 0.00126 0.02435 ( 1)  0.141 +-  0.324
 107 C   0.94496 0.03404 0.01122 0.00457 0.00210 0.00105 0.00056 0.00030 0.00016 0.00007 0.00097 ( 1)  0.061 +-  0.078
 108 L   0.91703 0.04034 0.01656 0.00845 0.00483 0.00295 0.00186 0.00117 0.00070 0.00032 0.00579 ( 1)  0.077 +-  0.169
 109 S   0.75037 0.08024 0.04478 0.02656 0.01660 0.01084 0.00729 0.00491 0.00314 0.00153 0.05373 ( 1)  0.214 +-  0.544
 110 D   0.42113 0.12409 0.10545 0.07931 0.05704 0.04020 0.02783 0.01865 0.01155 0.00530 0.10943 ( 1)  0.399 +-  0.624
 111 R   0.20602 0.08186 0.08997 0.08410 0.07247 0.05922 0.04620 0.03406 0.02272 0.01099 0.29239 (11)  0.809 +-  0.911
 112 L   0.90890 0.04276 0.01839 0.00967 0.00562 0.00345 0.00218 0.00137 0.00081 0.00037 0.00648 ( 1)  0.080 +-  0.180
 113 V   0.92481 0.03656 0.01425 0.00719 0.00417 0.00261 0.00170 0.00110 0.00068 0.00032 0.00661 ( 1)  0.077 +-  0.180
 114 G   0.93618 0.03305 0.01202 0.00584 0.00331 0.00205 0.00132 0.00085 0.00052 0.00024 0.00462 ( 1)  0.070 +-  0.147
 115 D   0.94785 0.02930 0.00965 0.00439 0.00239 0.00144 0.00091 0.00058 0.00035 0.00016 0.00297 ( 1)  0.065 +-  0.118
 116 A   0.78468 0.07844 0.04247 0.02508 0.01577 0.01034 0.00691 0.00457 0.00284 0.00133 0.02758 ( 1)  0.148 +-  0.347
 117 L   0.92430 0.03799 0.01487 0.00738 0.00416 0.00253 0.00160 0.00101 0.00061 0.00028 0.00527 ( 1)  0.074 +-  0.160
 118 L   0.91434 0.04099 0.01703 0.00877 0.00503 0.00308 0.00195 0.00123 0.00073 0.00033 0.00652 ( 1)  0.079 +-  0.184
 119 D   0.94785 0.02930 0.00965 0.00439 0.00239 0.00144 0.00091 0.00058 0.00035 0.00016 0.00297 ( 1)  0.065 +-  0.118
 120 E   0.94951 0.02870 0.00935 0.00422 0.00228 0.00137 0.00086 0.00055 0.00033 0.00015 0.00269 ( 1)  0.064 +-  0.113
 121 A   0.93484 0.03399 0.01233 0.00589 0.00327 0.00199 0.00127 0.00082 0.00050 0.00023 0.00486 ( 1)  0.071 +-  0.154
 122 L   0.91878 0.03989 0.01619 0.00820 0.00466 0.00284 0.00178 0.00112 0.00067 0.00030 0.00557 ( 1)  0.076 +-  0.167
 123 R   0.52653 0.07653 0.06112 0.05009 0.04061 0.03221 0.02479 0.01820 0.01218 0.00597 0.15177 ( 1)  0.449 +-  0.731
 124 H   0.94027 0.03375 0.01173 0.00528 0.00275 0.00157 0.00095 0.00058 0.00034 0.00015 0.00262 ( 1)  0.065 +-  0.116
 125 I   0.94272 0.03347 0.01130 0.00488 0.00244 0.00134 0.00079 0.00047 0.00027 0.00012 0.00218 ( 1)  0.064 +-  0.107
 126 R   0.52242 0.07592 0.05980 0.04862 0.03939 0.03137 0.02430 0.01796 0.01211 0.00599 0.16213 ( 1)  0.471 +-  0.766
 127 E   0.78291 0.07781 0.04241 0.02531 0.01609 0.01064 0.00715 0.00475 0.00295 0.00138 0.02859 ( 1)  0.150 +-  0.352
 128 T   0.94486 0.03241 0.01072 0.00459 0.00229 0.00128 0.00076 0.00047 0.00027 0.00012 0.00223 ( 1)  0.064 +-  0.106
 129 E   0.76372 0.07862 0.04431 0.02735 0.01796 0.01225 0.00847 0.00576 0.00365 0.00173 0.03619 ( 1)  0.169 +-  0.387
 130 T   0.69327 0.08495 0.05423 0.03648 0.02539 0.01799 0.01274 0.00880 0.00563 0.00268 0.05783 ( 1)  0.228 +-  0.481
 131 P   0.92209 0.03984 0.01588 0.00784 0.00432 0.00255 0.00156 0.00095 0.00056 0.00025 0.00416 ( 1)  0.073 +-  0.146
 132 E   0.94951 0.02870 0.00935 0.00422 0.00228 0.00137 0.00086 0.00055 0.00033 0.00015 0.00269 ( 1)  0.064 +-  0.113
 133 N   0.53732 0.08055 0.06082 0.04691 0.03646 0.02828 0.02158 0.01587 0.01070 0.00531 0.15620 ( 1)  0.460 +-  0.782
 134 A   0.93899 0.03233 0.01140 0.00539 0.00300 0.00184 0.00118 0.00076 0.00047 0.00022 0.00442 ( 1)  0.069 +-  0.145
 135 E   0.31830 0.10203 0.09552 0.07952 0.06315 0.04881 0.03669 0.02640 0.01735 0.00834 0.20389 ( 1)  0.600 +-  0.789
 136 C   0.07914 0.03972 0.05361 0.05994 0.06032 0.05634 0.04929 0.04005 0.02901 0.01501 0.51756 (11)  1.255 +-  1.032
 137 W   0.94170 0.03573 0.01219 0.00505 0.00231 0.00113 0.00058 0.00030 0.00015 0.00006 0.00079 ( 1)  0.061 +-  0.074
 138 I   0.94276 0.03346 0.01130 0.00488 0.00244 0.00134 0.00079 0.00047 0.00027 0.00012 0.00217 ( 1)  0.064 +-  0.107
 139 Q   0.73467 0.08114 0.04804 0.03061 0.02052 0.01418 0.00990 0.00678 0.00433 0.00207 0.04777 ( 1)  0.199 +-  0.453
 140 Y   0.93269 0.03818 0.01421 0.00646 0.00325 0.00174 0.00097 0.00054 0.00029 0.00012 0.00155 ( 1)  0.065 +-  0.097
 141 L   0.92729 0.03690 0.01412 0.00691 0.00386 0.00234 0.00148 0.00094 0.00057 0.00026 0.00534 ( 1)  0.074 +-  0.162
 142 S   0.94349 0.03365 0.01128 0.00478 0.00233 0.00124 0.00071 0.00041 0.00023 0.00010 0.00177 ( 1)  0.063 +-  0.098
 143 G   0.93144 0.03490 0.01295 0.00629 0.00355 0.00218 0.00141 0.00091 0.00056 0.00026 0.00556 ( 1)  0.073 +-  0.165
 144 E   0.94951 0.02870 0.00935 0.00422 0.00228 0.00137 0.00086 0.00055 0.00033 0.00015 0.00269 ( 1)  0.064 +-  0.113
 145 T   0.93049 0.03749 0.01405 0.00658 0.00347 0.00198 0.00118 0.00071 0.00041 0.00018 0.00345 ( 1)  0.069 +-  0.136
 146 W   0.94170 0.03573 0.01219 0.00505 0.00231 0.00113 0.00058 0.00030 0.00015 0.00006 0.00079 ( 1)  0.061 +-  0.074
 147 N   0.94434 0.03291 0.01097 0.00469 0.00232 0.00126 0.00073 0.00044 0.00025 0.00011 0.00196 ( 1)  0.063 +-  0.102
 148 P   0.93776 0.03400 0.01208 0.00561 0.00303 0.00179 0.00111 0.00070 0.00041 0.00019 0.00333 ( 1)  0.067 +-  0.127
 149 L   0.92222 0.03895 0.01543 0.00767 0.00430 0.00260 0.00163 0.00103 0.00062 0.00028 0.00526 ( 1)  0.075 +-  0.161
 150 K   0.95188 0.02960 0.00914 0.00374 0.00182 0.00100 0.00059 0.00035 0.00021 0.00009 0.00159 ( 1)  0.061 +-  0.090
 151 L   0.92729 0.03690 0.01412 0.00691 0.00386 0.00234 0.00148 0.00094 0.00057 0.00026 0.00534 ( 1)  0.074 +-  0.162
 152 R   0.68305 0.08540 0.05547 0.03772 0.02637 0.01869 0.01320 0.00909 0.00579 0.00275 0.06247 ( 1)  0.242 +-  0.512
 153 Y   0.93269 0.03818 0.01421 0.00646 0.00325 0.00174 0.00097 0.00054 0.00029 0.00012 0.00155 ( 1)  0.065 +-  0.097
 154 Q   0.94418 0.03265 0.01090 0.00472 0.00238 0.00133 0.00079 0.00048 0.00028 0.00012 0.00218 ( 1)  0.064 +-  0.106
 155 L   0.92729 0.03690 0.01412 0.00691 0.00386 0.00234 0.00148 0.00094 0.00057 0.00026 0.00534 ( 1)  0.074 +-  0.162
 156 R   0.90154 0.03854 0.01640 0.00912 0.00583 0.00402 0.00286 0.00202 0.00133 0.00066 0.01767 ( 1)  0.104 +-  0.290
 157 N   0.95068 0.03008 0.00939 0.00387 0.00190 0.00104 0.00062 0.00037 0.00022 0.00010 0.00174 ( 1)  0.061 +-  0.094
 158 V   0.92481 0.03656 0.01425 0.00719 0.00417 0.00261 0.00170 0.00110 0.00068 0.00032 0.00661 ( 1)  0.077 +-  0.180
 159 R   0.93356 0.03535 0.01304 0.00620 0.00339 0.00201 0.00125 0.00078 0.00046 0.00021 0.00375 ( 1)  0.069 +-  0.136
 160 E   0.94386 0.03136 0.01067 0.00486 0.00260 0.00154 0.00096 0.00060 0.00036 0.00016 0.00303 ( 1)  0.066 +-  0.122
 161 R   0.93356 0.03535 0.01304 0.00620 0.00339 0.00201 0.00125 0.00078 0.00046 0.00021 0.00375 ( 1)  0.069 +-  0.136
 162 L   0.92430 0.03799 0.01487 0.00738 0.00416 0.00253 0.00160 0.00101 0.00061 0.00028 0.00527 ( 1)  0.074 +-  0.160
 163 A   0.93386 0.03446 0.01261 0.00605 0.00337 0.00205 0.00131 0.00084 0.00051 0.00024 0.00469 ( 1)  0.071 +-  0.151
 164 K   0.92285 0.04095 0.01653 0.00809 0.00434 0.00245 0.00141 0.00081 0.00043 0.00018 0.00196 ( 1)  0.068 +-  0.108
 165 S   0.95102 0.03041 0.00937 0.00377 0.00179 0.00096 0.00055 0.00033 0.00019 0.00009 0.00152 ( 1)  0.061 +-  0.089
 166 L   0.91520 0.04056 0.01676 0.00862 0.00496 0.00305 0.00194 0.00123 0.00074 0.00034 0.00660 ( 1)  0.079 +-  0.183
 167 V   0.93306 0.03346 0.01253 0.00626 0.00363 0.00229 0.00150 0.00098 0.00060 0.00028 0.00541 ( 1)  0.073 +-  0.158
 168 E   0.94951 0.02870 0.00935 0.00422 0.00228 0.00137 0.00086 0.00055 0.00033 0.00015 0.00269 ( 1)  0.064 +-  0.113
 169 K   0.94151 0.03414 0.01178 0.00516 0.00258 0.00140 0.00081 0.00047 0.00026 0.00011 0.00178 ( 1)  0.063 +-  0.098
 170 S   0.95102 0.03041 0.00937 0.00377 0.00179 0.00096 0.00055 0.00033 0.00019 0.00009 0.00152 ( 1)  0.061 +-  0.089
 171 V   0.93262 0.03378 0.01263 0.00629 0.00363 0.00228 0.00149 0.00097 0.00060 0.00028 0.00543 ( 1)  0.073 +-  0.159
 172 C   0.94496 0.03404 0.01122 0.00457 0.00210 0.00105 0.00056 0.00030 0.00016 0.00007 0.00097 ( 1)  0.061 +-  0.078
 173 T   0.90516 0.04488 0.02003 0.01076 0.00628 0.00383 0.00236 0.00144 0.00082 0.00035 0.00409 ( 1)  0.077 +-  0.142
 174 T   0.94309 0.03326 0.01117 0.00481 0.00241 0.00133 0.00079 0.00048 0.00028 0.00012 0.00226 ( 1)  0.064 +-  0.107
 175 E   0.94951 0.02870 0.00935 0.00422 0.00228 0.00137 0.00086 0.00055 0.00033 0.00015 0.00269 ( 1)  0.064 +-  0.113
 176 K   0.95188 0.02960 0.00914 0.00374 0.00182 0.00100 0.00059 0.00035 0.00021 0.00009 0.00159 ( 1)  0.061 +-  0.090
 177 Q   0.94418 0.03265 0.01090 0.00472 0.00238 0.00133 0.00079 0.00048 0.00028 0.00012 0.00218 ( 1)  0.064 +-  0.106
 178 S   0.95102 0.03041 0.00937 0.00377 0.00179 0.00096 0.00055 0.00033 0.00019 0.00009 0.00152 ( 1)  0.061 +-  0.089
 179 F   0.94754 0.03271 0.01045 0.00420 0.00193 0.00098 0.00053 0.00030 0.00017 0.00007 0.00112 ( 1)  0.061 +-  0.080
 180 V   0.93306 0.03346 0.01253 0.00626 0.00363 0.00229 0.00150 0.00098 0.00060 0.00028 0.00541 ( 1)  0.073 +-  0.158
 181 V   0.65202 0.08418 0.05652 0.03969 0.02861 0.02086 0.01514 0.01067 0.00695 0.00336 0.08201 ( 1)  0.286 +-  0.578
 182 F   0.94754 0.03271 0.01045 0.00420 0.00193 0.00098 0.00053 0.00030 0.00017 0.00007 0.00112 ( 1)  0.061 +-  0.080
 183 D   0.94785 0.02930 0.00965 0.00439 0.00239 0.00144 0.00091 0.00058 0.00035 0.00016 0.00297 ( 1)  0.065 +-  0.118
 184 M   0.95936 0.02609 0.00726 0.00282 0.00136 0.00076 0.00046 0.00029 0.00017 0.00008 0.00135 ( 1)  0.059 +-  0.082
 185 T   0.94309 0.03326 0.01117 0.00481 0.00241 0.00133 0.00079 0.00048 0.00028 0.00012 0.00226 ( 1)  0.064 +-  0.107
 186 T   0.94309 0.03326 0.01117 0.00481 0.00241 0.00133 0.00079 0.00048 0.00028 0.00012 0.00226 ( 1)  0.064 +-  0.107
 187 H   0.94064 0.03367 0.01167 0.00524 0.00272 0.00155 0.00093 0.00057 0.00033 0.00015 0.00252 ( 1)  0.065 +-  0.114
 188 P   0.93776 0.03400 0.01208 0.00561 0.00303 0.00179 0.00111 0.00070 0.00041 0.00019 0.00333 ( 1)  0.067 +-  0.127
 189 L   0.91614 0.04045 0.01666 0.00854 0.00490 0.00300 0.00190 0.00120 0.00072 0.00033 0.00617 ( 1)  0.078 +-  0.175
 190 V   0.92481 0.03656 0.01425 0.00719 0.00417 0.00261 0.00170 0.00110 0.00068 0.00032 0.00661 ( 1)  0.077 +-  0.180
 191 D   0.94785 0.02930 0.00965 0.00439 0.00239 0.00144 0.00091 0.00058 0.00035 0.00016 0.00297 ( 1)  0.065 +-  0.118
 192 G   0.93246 0.03458 0.01285 0.00627 0.00354 0.00218 0.00140 0.00090 0.00055 0.00025 0.00502 ( 1)  0.072 +-  0.156
 193 Q   0.93579 0.03597 0.01299 0.00591 0.00305 0.00171 0.00101 0.00060 0.00034 0.00015 0.00248 ( 1)  0.066 +-  0.115
 194 A   0.77875 0.07932 0.04370 0.02618 0.01663 0.01098 0.00736 0.00487 0.00301 0.00140 0.02780 ( 1)  0.150 +-  0.345
 195 K   0.95188 0.02960 0.00914 0.00374 0.00182 0.00100 0.00059 0.00035 0.00021 0.00009 0.00159 ( 1)  0.061 +-  0.090
 196 L   0.67503 0.08836 0.05875 0.04022 0.02801 0.01967 0.01374 0.00935 0.00589 0.00277 0.05820 ( 1)  0.235 +-  0.485
 197 A   0.33381 0.11060 0.10433 0.08591 0.06670 0.05007 0.03647 0.02543 0.01623 0.00759 0.16287 ( 1)  0.522 +-  0.713
 198 V   0.75396 0.08214 0.04748 0.02937 0.01906 0.01276 0.00865 0.00578 0.00360 0.00169 0.03549 ( 1)  0.171 +-  0.388
 199 I   0.73316 0.08623 0.05232 0.03318 0.02170 0.01447 0.00970 0.00639 0.00393 0.00182 0.03711 ( 1)  0.181 +-  0.405
 200 R   0.67546 0.07667 0.04709 0.03133 0.02198 0.01592 0.01165 0.00838 0.00561 0.00281 0.10310 ( 1)  0.333 +-  0.718
 201 R   0.51085 0.07882 0.06220 0.04986 0.03983 0.03140 0.02417 0.01781 0.01199 0.00592 0.16716 ( 1)  0.489 +-  0.799
 202 A   0.78468 0.07844 0.04247 0.02508 0.01577 0.01034 0.00691 0.00457 0.00284 0.00133 0.02758 ( 1)  0.148 +-  0.347
 203 Q   0.94418 0.03265 0.01090 0.00472 0.00238 0.00133 0.00079 0.00048 0.00028 0.00012 0.00218 ( 1)  0.064 +-  0.106
 204 D   0.94785 0.02930 0.00965 0.00439 0.00239 0.00144 0.00091 0.00058 0.00035 0.00016 0.00297 ( 1)  0.065 +-  0.118
 205 C   0.94496 0.03404 0.01122 0.00457 0.00210 0.00105 0.00056 0.00030 0.00016 0.00007 0.00097 ( 1)  0.061 +-  0.078
 206 L   0.68630 0.08383 0.05391 0.03669 0.02585 0.01854 0.01327 0.00925 0.00596 0.00286 0.06354 ( 1)  0.241 +-  0.504
 207 L   0.92430 0.03799 0.01487 0.00738 0.00416 0.00253 0.00160 0.00101 0.00061 0.00028 0.00527 ( 1)  0.074 +-  0.160
 208 S   0.93922 0.03607 0.01260 0.00540 0.00259 0.00133 0.00072 0.00040 0.00022 0.00009 0.00135 ( 1)  0.063 +-  0.090
 209 R   0.93356 0.03535 0.01304 0.00620 0.00339 0.00201 0.00125 0.00078 0.00046 0.00021 0.00375 ( 1)  0.069 +-  0.136
 210 W   0.94170 0.03573 0.01219 0.00505 0.00231 0.00113 0.00058 0.00030 0.00015 0.00006 0.00079 ( 1)  0.061 +-  0.074
 211 Q   0.94418 0.03265 0.01090 0.00472 0.00238 0.00133 0.00079 0.00048 0.00028 0.00012 0.00218 ( 1)  0.064 +-  0.106
 212 A   0.00461 0.00676 0.01468 0.02216 0.02768 0.03059 0.03072 0.02809 0.02258 0.01287 0.79925 (11)  1.804 +-  1.058
 213 D   0.94054 0.03266 0.01134 0.00521 0.00281 0.00167 0.00104 0.00066 0.00040 0.00018 0.00350 ( 1)  0.067 +-  0.132
 214 P   0.93776 0.03400 0.01208 0.00561 0.00303 0.00179 0.00111 0.00070 0.00041 0.00019 0.00333 ( 1)  0.067 +-  0.127
 215 Q   0.94418 0.03265 0.01090 0.00472 0.00238 0.00133 0.00079 0.00048 0.00028 0.00012 0.00218 ( 1)  0.064 +-  0.106
 216 R   0.93206 0.03533 0.01305 0.00626 0.00347 0.00210 0.00133 0.00085 0.00051 0.00024 0.00478 ( 1)  0.072 +-  0.153
 217 M   0.78318 0.08185 0.04475 0.02601 0.01589 0.01009 0.00654 0.00422 0.00256 0.00118 0.02373 ( 1)  0.141 +-  0.325
 218 D   0.94462 0.03086 0.01039 0.00473 0.00256 0.00153 0.00096 0.00061 0.00037 0.00017 0.00321 ( 1)  0.066 +-  0.125
 219 R   0.52653 0.07653 0.06112 0.05009 0.04061 0.03221 0.02479 0.01820 0.01218 0.00597 0.15177 ( 1)  0.449 +-  0.731
 220 R   0.92125 0.03480 0.01348 0.00706 0.00436 0.00295 0.00207 0.00144 0.00094 0.00046 0.01118 ( 1)  0.086 +-  0.226
 221 S   0.93892 0.03614 0.01267 0.00546 0.00263 0.00137 0.00075 0.00042 0.00022 0.00009 0.00132 ( 1)  0.063 +-  0.089
 222 L   0.73758 0.08220 0.04865 0.03093 0.02067 0.01424 0.00990 0.00675 0.00428 0.00203 0.04276 ( 1)  0.188 +-  0.419
 223 A   0.93899 0.03233 0.01140 0.00539 0.00300 0.00184 0.00118 0.00076 0.00047 0.00022 0.00443 ( 1)  0.069 +-  0.145
 224 L   0.92430 0.03799 0.01487 0.00738 0.00416 0.00253 0.00160 0.00101 0.00061 0.00028 0.00527 ( 1)  0.074 +-  0.160
 225 L   0.91614 0.04045 0.01666 0.00854 0.00490 0.00300 0.00190 0.00120 0.00072 0.00033 0.00617 ( 1)  0.078 +-  0.175
 226 Y   0.73644 0.08591 0.05082 0.03108 0.01953 0.01255 0.00818 0.00529 0.00324 0.00151 0.04544 ( 1)  0.203 +-  0.508
 227 L   0.68630 0.08383 0.05391 0.03669 0.02585 0.01854 0.01327 0.00925 0.00596 0.00286 0.06354 ( 1)  0.241 +-  0.504
 228 A   0.93386 0.03446 0.01261 0.00605 0.00337 0.00205 0.00131 0.00084 0.00051 0.00024 0.00469 ( 1)  0.071 +-  0.151
 229 H   0.94486 0.03174 0.01061 0.00470 0.00245 0.00141 0.00085 0.00053 0.00031 0.00014 0.00240 ( 1)  0.064 +-  0.109
 230 A   0.93810 0.03268 0.01163 0.00554 0.00310 0.00190 0.00122 0.00079 0.00048 0.00022 0.00432 ( 1)  0.069 +-  0.142
 231 S   0.93951 0.03599 0.01254 0.00537 0.00256 0.00132 0.00071 0.00039 0.00021 0.00009 0.00129 ( 1)  0.063 +-  0.088
 232 D   0.94785 0.02930 0.00965 0.00439 0.00239 0.00144 0.00091 0.00058 0.00035 0.00016 0.00297 ( 1)  0.065 +-  0.118
 233 V   0.93306 0.03346 0.01253 0.00626 0.00363 0.00229 0.00150 0.00098 0.00060 0.00028 0.00541 ( 1)  0.073 +-  0.158
 234 L   0.92430 0.03799 0.01487 0.00738 0.00416 0.00253 0.00160 0.00101 0.00061 0.00028 0.00527 ( 1)  0.074 +-  0.160
 235 E   0.94951 0.02870 0.00935 0.00422 0.00228 0.00137 0.00086 0.00055 0.00033 0.00015 0.00269 ( 1)  0.064 +-  0.113
 236 N   0.94431 0.03292 0.01098 0.00469 0.00232 0.00127 0.00074 0.00044 0.00025 0.00011 0.00197 ( 1)  0.063 +-  0.102
 237 A   0.93913 0.03205 0.01136 0.00544 0.00307 0.00190 0.00123 0.00080 0.00049 0.00023 0.00430 ( 1)  0.069 +-  0.141
 238 F   0.94754 0.03271 0.01045 0.00420 0.00193 0.00098 0.00053 0.00030 0.00017 0.00007 0.00112 ( 1)  0.061 +-  0.080
 239 G   0.65169 0.08717 0.05917 0.04142 0.02954 0.02125 0.01519 0.01056 0.00678 0.00324 0.07398 ( 1)  0.271 +-  0.545
 240 S   0.71695 0.08858 0.05542 0.03572 0.02349 0.01566 0.01046 0.00685 0.00419 0.00193 0.04074 ( 1)  0.192 +-  0.428
 241 L   0.92430 0.03799 0.01487 0.00738 0.00416 0.00253 0.00160 0.00101 0.00061 0.00028 0.00527 ( 1)  0.074 +-  0.160
 242 S   0.72677 0.08857 0.05458 0.03463 0.02243 0.01475 0.00973 0.00631 0.00384 0.00176 0.03664 ( 1)  0.182 +-  0.409
 243 D   0.94462 0.03086 0.01039 0.00473 0.00256 0.00153 0.00096 0.00061 0.00037 0.00017 0.00321 ( 1)  0.066 +-  0.125
 244 E   0.77641 0.07903 0.04371 0.02628 0.01675 0.01108 0.00744 0.00493 0.00306 0.00143 0.02987 ( 1)  0.155 +-  0.362
 245 D   0.94462 0.03086 0.01039 0.00473 0.00256 0.00153 0.00096 0.00061 0.00037 0.00017 0.00321 ( 1)  0.066 +-  0.125
 246 Y   0.94349 0.03435 0.01154 0.00481 0.00227 0.00116 0.00063 0.00035 0.00019 0.00008 0.00115 ( 1)  0.062 +-  0.083
 247 L   0.20947 0.08248 0.09043 0.08471 0.07331 0.06023 0.04723 0.03496 0.02339 0.01132 0.28247 (11)  0.779 +-  0.868
 248 L   0.92430 0.03799 0.01487 0.00738 0.00416 0.00253 0.00160 0.00101 0.00061 0.00028 0.00527 ( 1)  0.074 +-  0.160
 249 V   0.78403 0.07815 0.04262 0.02543 0.01615 0.01067 0.00716 0.00474 0.00294 0.00137 0.02673 ( 1)  0.146 +-  0.337
 250 T   0.72653 0.08384 0.05111 0.03299 0.02208 0.01509 0.01035 0.00697 0.00437 0.00205 0.04464 ( 1)  0.196 +-  0.438
 251 G   0.72988 0.07994 0.04811 0.03147 0.02162 0.01523 0.01076 0.00741 0.00474 0.00226 0.04858 ( 1)  0.201 +-  0.445
 252 R   0.93207 0.03533 0.01305 0.00626 0.00347 0.00210 0.00133 0.00085 0.00051 0.00024 0.00478 ( 1)  0.072 +-  0.153
 253 M   0.73679 0.08317 0.04980 0.03169 0.02097 0.01423 0.00973 0.00653 0.00409 0.00192 0.04107 ( 1)  0.186 +-  0.415
 254 R   0.94396 0.03216 0.01082 0.00478 0.00248 0.00142 0.00087 0.00053 0.00032 0.00014 0.00251 ( 1)  0.064 +-  0.112
 255 Q   0.76386 0.07862 0.04430 0.02733 0.01795 0.01224 0.00846 0.00575 0.00364 0.00173 0.03612 ( 1)  0.169 +-  0.387
 256 L   0.92430 0.03799 0.01487 0.00738 0.00416 0.00253 0.00160 0.00101 0.00061 0.00028 0.00527 ( 1)  0.074 +-  0.160
 257 L   0.92234 0.03858 0.01524 0.00758 0.00427 0.00259 0.00163 0.00104 0.00062 0.00029 0.00582 ( 1)  0.076 +-  0.171
 258 Q   0.76386 0.07862 0.04430 0.02733 0.01795 0.01224 0.00846 0.00575 0.00364 0.00173 0.03612 ( 1)  0.169 +-  0.387
 259 L   0.92731 0.03689 0.01412 0.00690 0.00386 0.00234 0.00148 0.00094 0.00057 0.00026 0.00533 ( 1)  0.074 +-  0.162
 260 D   0.94785 0.02930 0.00965 0.00439 0.00239 0.00144 0.00091 0.00058 0.00035 0.00016 0.00297 ( 1)  0.065 +-  0.118
 261 F   0.93802 0.03636 0.01287 0.00560 0.00273 0.00143 0.00079 0.00044 0.00024 0.00010 0.00142 ( 1)  0.063 +-  0.091
 262 D   0.94462 0.03086 0.01039 0.00473 0.00256 0.00153 0.00096 0.00061 0.00037 0.00017 0.00321 ( 1)  0.066 +-  0.125
 263 A   0.93746 0.03278 0.01171 0.00559 0.00314 0.00194 0.00125 0.00081 0.00050 0.00023 0.00459 ( 1)  0.070 +-  0.148
 264 E   0.94951 0.02870 0.00935 0.00422 0.00228 0.00137 0.00086 0.00055 0.00033 0.00015 0.00269 ( 1)  0.064 +-  0.113
 265 G   0.75392 0.07995 0.04578 0.02850 0.01880 0.01283 0.00886 0.00601 0.00380 0.00180 0.03973 ( 1)  0.179 +-  0.413
 266 A   0.78468 0.07844 0.04247 0.02508 0.01577 0.01034 0.00691 0.00457 0.00284 0.00133 0.02758 ( 1)  0.148 +-  0.347
 267 K   0.94094 0.03427 0.01189 0.00523 0.00262 0.00144 0.00083 0.00048 0.00027 0.00012 0.00191 ( 1)  0.064 +-  0.102
 268 D   0.78312 0.07780 0.04239 0.02530 0.01607 0.01062 0.00714 0.00474 0.00295 0.00138 0.02848 ( 1)  0.150 +-  0.352
 269 G   0.93618 0.03305 0.01202 0.00584 0.00331 0.00205 0.00132 0.00085 0.00052 0.00024 0.00462 ( 1)  0.070 +-  0.147
 270 A   0.67520 0.07060 0.04190 0.02795 0.02011 0.01509 0.01147 0.00854 0.00590 0.00304 0.12021 ( 1)  0.364 +-  0.763
 271 C   0.94496 0.03404 0.01122 0.00457 0.00210 0.00105 0.00056 0.00030 0.00016 0.00007 0.00097 ( 1)  0.061 +-  0.078
 272 A   0.66699 0.08147 0.05292 0.03661 0.02629 0.01924 0.01405 0.00999 0.00656 0.00320 0.08267 ( 1)  0.283 +-  0.585
 273 M   0.95936 0.02609 0.00726 0.00282 0.00136 0.00076 0.00046 0.00029 0.00017 0.00008 0.00135 ( 1)  0.059 +-  0.082
 274 I   0.55418 0.08853 0.06706 0.05046 0.03785 0.02826 0.02081 0.01482 0.00972 0.00472 0.12358 ( 1)  0.392 +-  0.692
 275 W   0.94170 0.03573 0.01219 0.00505 0.00231 0.00113 0.00058 0.00030 0.00015 0.00006 0.00079 ( 1)  0.061 +-  0.074
 276 A   0.92819 0.03656 0.01390 0.00679 0.00380 0.00231 0.00146 0.00093 0.00057 0.00026 0.00523 ( 1)  0.073 +-  0.161
 277 V   0.93306 0.03346 0.01253 0.00626 0.00363 0.00229 0.00150 0.00098 0.00060 0.00028 0.00541 ( 1)  0.073 +-  0.158
 278 A   0.92819 0.03656 0.01390 0.00679 0.00380 0.00231 0.00146 0.00093 0.00057 0.00026 0.00523 ( 1)  0.073 +-  0.161
 279 K   0.75386 0.08429 0.04842 0.02942 0.01876 0.01241 0.00836 0.00557 0.00348 0.00163 0.03379 ( 1)  0.167 +-  0.377
 280 A   0.93899 0.03233 0.01140 0.00539 0.00300 0.00184 0.00118 0.00076 0.00047 0.00022 0.00443 ( 1)  0.069 +-  0.145
 281 F   0.93766 0.03645 0.01293 0.00565 0.00276 0.00145 0.00080 0.00045 0.00024 0.00010 0.00149 ( 1)  0.064 +-  0.094
 282 A   0.93386 0.03446 0.01261 0.00605 0.00337 0.00205 0.00131 0.00084 0.00051 0.00024 0.00469 ( 1)  0.071 +-  0.151
 283 K   0.94099 0.03426 0.01188 0.00522 0.00262 0.00143 0.00082 0.00048 0.00027 0.00012 0.00190 ( 1)  0.064 +-  0.102

Positively selected sites

	Prob(w>1)  mean w

    21 S      0.526         1.278 +- 1.071
   101 D      0.729         1.683 +- 1.077
   136 C      0.518         1.255 +- 1.032
   212 A      0.799         1.804 +- 1.058

