Supplemental results for CODEML (seqf: algn  treef: tree)


dN/dS (w) for site classes (K=9)

p:   0.11727  0.11727  0.11727  0.11727  0.11727  0.11727  0.11727  0.11727  0.06184
w:   0.00000  0.00000  0.00000  0.00000  0.00000  0.00000  0.00000  0.00000 11.28838

Naive Empirical Bayes (NEB) probabilities for 9 classes & postmean_w & P(w>1)
(amino acids refer to 1st sequence: spe.14333)

   1 M   0.12253 0.12253 0.12253 0.12253 0.12253 0.12253 0.12253 0.12253 0.01975 ( 2)  0.223  0.020
   2 R   0.12052 0.12052 0.12052 0.12052 0.12052 0.12052 0.12052 0.12052 0.03586 ( 5)  0.405  0.036
   3 E   0.12131 0.12131 0.12131 0.12131 0.12131 0.12131 0.12131 0.12131 0.02954 ( 1)  0.333  0.030
   4 I   0.12154 0.12154 0.12154 0.12154 0.12154 0.12154 0.12154 0.12154 0.02769 ( 2)  0.313  0.028
   5 P   0.12019 0.12019 0.12019 0.12019 0.12019 0.12019 0.12019 0.12019 0.03846 ( 2)  0.434  0.038
   6 N   0.12219 0.12219 0.12219 0.12219 0.12219 0.12219 0.12219 0.12219 0.02248 ( 5)  0.254  0.022
   7 G   0.11970 0.11970 0.11970 0.11970 0.11970 0.11970 0.11970 0.11970 0.04239 ( 2)  0.479  0.042
   8 G   0.12205 0.12205 0.12205 0.12205 0.12205 0.12205 0.12205 0.12205 0.02358 ( 2)  0.266  0.024
   9 G   0.12083 0.12083 0.12083 0.12083 0.12083 0.12083 0.12083 0.12083 0.03335 ( 3)  0.376  0.033
  10 L   0.12110 0.12110 0.12110 0.12110 0.12110 0.12110 0.12110 0.12110 0.03123 ( 5)  0.352  0.031
  11 H   0.12094 0.12094 0.12094 0.12094 0.12094 0.12094 0.12094 0.12094 0.03246 ( 1)  0.366  0.032
  12 Y   0.12117 0.12117 0.12117 0.12117 0.12117 0.12117 0.12117 0.12117 0.03065 ( 5)  0.346  0.031
  13 S   0.11982 0.11982 0.11982 0.11982 0.11982 0.11982 0.11982 0.11982 0.04143 ( 1)  0.468  0.041
  14 D   0.12111 0.12111 0.12111 0.12111 0.12111 0.12111 0.12111 0.12111 0.03111 ( 3)  0.351  0.031
  15 H   0.12094 0.12094 0.12094 0.12094 0.12094 0.12094 0.12094 0.12094 0.03246 ( 1)  0.366  0.032
  16 D   0.12111 0.12111 0.12111 0.12111 0.12111 0.12111 0.12111 0.12111 0.03111 ( 3)  0.351  0.031
  17 G   0.12069 0.12069 0.12069 0.12069 0.12069 0.12069 0.12069 0.12069 0.03448 ( 2)  0.389  0.034
  18 V   0.12238 0.12238 0.12238 0.12238 0.12238 0.12238 0.12238 0.12238 0.02100 ( 3)  0.237  0.021
  19 A   0.12128 0.12128 0.12128 0.12128 0.12128 0.12128 0.12128 0.12128 0.02974 ( 2)  0.336  0.030
  20 G   0.12069 0.12069 0.12069 0.12069 0.12069 0.12069 0.12069 0.12069 0.03448 ( 2)  0.389  0.034
  21 Y   0.12181 0.12181 0.12181 0.12181 0.12181 0.12181 0.12181 0.12181 0.02552 ( 5)  0.288  0.026
  22 F   0.12275 0.12275 0.12275 0.12275 0.12275 0.12275 0.12275 0.12275 0.01802 ( 3)  0.203  0.018
  23 R   0.12052 0.12052 0.12052 0.12052 0.12052 0.12052 0.12052 0.12052 0.03586 ( 5)  0.405  0.036
  24 L   0.12230 0.12230 0.12230 0.12230 0.12230 0.12230 0.12230 0.12230 0.02157 ( 3)  0.244  0.022
  25 S   0.11982 0.11982 0.11982 0.11982 0.11982 0.11982 0.11982 0.11982 0.04143 ( 1)  0.468  0.041
  26 R   0.11972 0.11972 0.11972 0.11972 0.11972 0.11972 0.11972 0.11972 0.04225 ( 2)  0.477  0.042
  27 H   0.12210 0.12210 0.12210 0.12210 0.12210 0.12210 0.12210 0.12210 0.02318 ( 2)  0.262  0.023
  28 S   0.12096 0.12096 0.12096 0.12096 0.12096 0.12096 0.12096 0.12096 0.03231 ( 1)  0.365  0.032
  29 E   0.12051 0.12051 0.12051 0.12051 0.12051 0.12051 0.12051 0.12051 0.03590 ( 1)  0.405  0.036
  30 T   0.12252 0.12252 0.12252 0.12252 0.12252 0.12252 0.12252 0.12252 0.01981 ( 3)  0.224  0.020
  31 V   0.12192 0.12192 0.12192 0.12192 0.12192 0.12192 0.12192 0.12192 0.02464 ( 1)  0.278  0.025
  32 V   0.12238 0.12238 0.12238 0.12238 0.12238 0.12238 0.12238 0.12238 0.02100 ( 3)  0.237  0.021
  33 D   0.12225 0.12225 0.12225 0.12225 0.12225 0.12225 0.12225 0.12225 0.02196 ( 3)  0.248  0.022
  34 P   0.12112 0.12112 0.12112 0.12112 0.12112 0.12112 0.12112 0.12112 0.03100 ( 2)  0.350  0.031
  35 I   0.12154 0.12154 0.12154 0.12154 0.12154 0.12154 0.12154 0.12154 0.02769 ( 2)  0.313  0.028
  36 P   0.12019 0.12019 0.12019 0.12019 0.12019 0.12019 0.12019 0.12019 0.03846 ( 2)  0.434  0.038
  37 P   0.12125 0.12125 0.12125 0.12125 0.12125 0.12125 0.12125 0.12125 0.03001 ( 2)  0.339  0.030
  38 V   0.12121 0.12121 0.12121 0.12121 0.12121 0.12121 0.12121 0.12121 0.03033 ( 3)  0.342  0.030
  39 G   0.12083 0.12083 0.12083 0.12083 0.12083 0.12083 0.12083 0.12083 0.03335 ( 3)  0.376  0.033
  40 A   0.12196 0.12196 0.12196 0.12196 0.12196 0.12196 0.12196 0.12196 0.02430 ( 1)  0.274  0.024
  41 T   0.12022 0.12022 0.12022 0.12022 0.12022 0.12022 0.12022 0.12022 0.03821 ( 3)  0.431  0.038
  42 Q   0.12068 0.12068 0.12068 0.12068 0.12068 0.12068 0.12068 0.12068 0.03454 ( 1)  0.390  0.035
  43 T   0.12252 0.12252 0.12252 0.12252 0.12252 0.12252 0.12252 0.12252 0.01981 ( 3)  0.224  0.020
  44 L   0.12230 0.12230 0.12230 0.12230 0.12230 0.12230 0.12230 0.12230 0.02157 ( 3)  0.244  0.022
  45 D   0.12225 0.12225 0.12225 0.12225 0.12225 0.12225 0.12225 0.12225 0.02196 ( 3)  0.248  0.022
  46 D   0.12225 0.12225 0.12225 0.12225 0.12225 0.12225 0.12225 0.12225 0.02196 ( 3)  0.248  0.022
  47 L   0.12230 0.12230 0.12230 0.12230 0.12230 0.12230 0.12230 0.12230 0.02157 ( 3)  0.244  0.022
  48 L   0.12230 0.12230 0.12230 0.12230 0.12230 0.12230 0.12230 0.12230 0.02157 ( 3)  0.244  0.022
  49 L   0.12230 0.12230 0.12230 0.12230 0.12230 0.12230 0.12230 0.12230 0.02157 ( 3)  0.244  0.022
  50 D   0.12225 0.12225 0.12225 0.12225 0.12225 0.12225 0.12225 0.12225 0.02196 ( 3)  0.248  0.022
  51 A   0.12035 0.12035 0.12035 0.12035 0.12035 0.12035 0.12035 0.12035 0.03723 ( 3)  0.420  0.037
  52 L   0.12110 0.12110 0.12110 0.12110 0.12110 0.12110 0.12110 0.12110 0.03123 ( 5)  0.352  0.031
  53 S   0.12237 0.12237 0.12237 0.12237 0.12237 0.12237 0.12237 0.12237 0.02103 ( 3)  0.237  0.021
  54 I   0.12275 0.12275 0.12275 0.12275 0.12275 0.12275 0.12275 0.12275 0.01802 ( 3)  0.203  0.018
  55 L   0.12030 0.12030 0.12030 0.12030 0.12030 0.12030 0.12030 0.12030 0.03756 ( 3)  0.424  0.038
  56 N   0.12219 0.12219 0.12219 0.12219 0.12219 0.12219 0.12219 0.12219 0.02248 ( 5)  0.254  0.022
  57 T   0.12133 0.12133 0.12133 0.12133 0.12133 0.12133 0.12133 0.12133 0.02938 ( 3)  0.332  0.029
  58 Q   0.12068 0.12068 0.12068 0.12068 0.12068 0.12068 0.12068 0.12068 0.03454 ( 1)  0.390  0.035
  59 I   0.12161 0.12161 0.12161 0.12161 0.12161 0.12161 0.12161 0.12161 0.02715 ( 3)  0.307  0.027
  60 S   0.12096 0.12096 0.12096 0.12096 0.12096 0.12096 0.12096 0.12096 0.03231 ( 1)  0.365  0.032
  61 R   0.12050 0.12050 0.12050 0.12050 0.12050 0.12050 0.12050 0.12050 0.03603 ( 3)  0.407  0.036
  62 A   0.12255 0.12255 0.12255 0.12255 0.12255 0.12255 0.12255 0.12255 0.01957 ( 2)  0.221  0.020
  63 K   0.12026 0.12026 0.12026 0.12026 0.12026 0.12026 0.12026 0.12026 0.03792 ( 5)  0.428  0.038
  64 C   0.12041 0.12041 0.12041 0.12041 0.12041 0.12041 0.12041 0.12041 0.03675 ( 1)  0.415  0.037
  65 Y   0.12181 0.12181 0.12181 0.12181 0.12181 0.12181 0.12181 0.12181 0.02552 ( 5)  0.288  0.026
  66 R   0.11983 0.11983 0.11983 0.11983 0.11983 0.11983 0.11983 0.11983 0.04137 ( 5)  0.467  0.041
  67 A   0.12142 0.12142 0.12142 0.12142 0.12142 0.12142 0.12142 0.12142 0.02862 ( 1)  0.323  0.029
  68 L   0.12030 0.12030 0.12030 0.12030 0.12030 0.12030 0.12030 0.12030 0.03756 ( 3)  0.424  0.038
  69 H   0.12094 0.12094 0.12094 0.12094 0.12094 0.12094 0.12094 0.12094 0.03246 ( 1)  0.366  0.032
  70 F   0.12275 0.12275 0.12275 0.12275 0.12275 0.12275 0.12275 0.12275 0.01802 ( 3)  0.203  0.018
  71 S   0.12237 0.12237 0.12237 0.12237 0.12237 0.12237 0.12237 0.12237 0.02103 ( 3)  0.237  0.021
  72 L   0.12058 0.12058 0.12058 0.12058 0.12058 0.12058 0.12058 0.12058 0.03537 ( 1)  0.399  0.035
  73 A   0.12255 0.12255 0.12255 0.12255 0.12255 0.12255 0.12255 0.12255 0.01957 ( 2)  0.221  0.020
  74 A   0.12255 0.12255 0.12255 0.12255 0.12255 0.12255 0.12255 0.12255 0.01957 ( 2)  0.221  0.020
  75 L   0.12230 0.12230 0.12230 0.12230 0.12230 0.12230 0.12230 0.12230 0.02157 ( 3)  0.244  0.022
  76 I   0.12161 0.12161 0.12161 0.12161 0.12161 0.12161 0.12161 0.12161 0.02715 ( 3)  0.307  0.027
  77 L   0.12110 0.12110 0.12110 0.12110 0.12110 0.12110 0.12110 0.12110 0.03123 ( 5)  0.352  0.031
  78 L   0.12058 0.12058 0.12058 0.12058 0.12058 0.12058 0.12058 0.12058 0.03537 ( 1)  0.399  0.035
  79 L   0.12030 0.12030 0.12030 0.12030 0.12030 0.12030 0.12030 0.12030 0.03756 ( 3)  0.424  0.038
  80 V   0.12136 0.12136 0.12136 0.12136 0.12136 0.12136 0.12136 0.12136 0.02910 ( 2)  0.329  0.029
  81 L   0.12110 0.12110 0.12110 0.12110 0.12110 0.12110 0.12110 0.12110 0.03123 ( 5)  0.352  0.031
  82 F   0.12161 0.12161 0.12161 0.12161 0.12161 0.12161 0.12161 0.12161 0.02710 ( 3)  0.306  0.027
  83 V   0.12136 0.12136 0.12136 0.12136 0.12136 0.12136 0.12136 0.12136 0.02910 ( 2)  0.329  0.029
  84 G   0.12205 0.12205 0.12205 0.12205 0.12205 0.12205 0.12205 0.12205 0.02358 ( 2)  0.266  0.024
  85 T   0.12252 0.12252 0.12252 0.12252 0.12252 0.12252 0.12252 0.12252 0.01981 ( 3)  0.224  0.020
  86 C   0.12041 0.12041 0.12041 0.12041 0.12041 0.12041 0.12041 0.12041 0.03675 ( 1)  0.415  0.037
  87 F   0.12275 0.12275 0.12275 0.12275 0.12275 0.12275 0.12275 0.12275 0.01802 ( 3)  0.203  0.018
  88 P   0.12019 0.12019 0.12019 0.12019 0.12019 0.12019 0.12019 0.12019 0.03846 ( 2)  0.434  0.038
  89 F   0.12275 0.12275 0.12275 0.12275 0.12275 0.12275 0.12275 0.12275 0.01802 ( 3)  0.203  0.018
  90 T   0.12133 0.12133 0.12133 0.12133 0.12133 0.12133 0.12133 0.12133 0.02938 ( 3)  0.332  0.029
  91 H   0.12094 0.12094 0.12094 0.12094 0.12094 0.12094 0.12094 0.12094 0.03246 ( 1)  0.366  0.032
  92 P   0.12125 0.12125 0.12125 0.12125 0.12125 0.12125 0.12125 0.12125 0.03001 ( 2)  0.339  0.030
  93 A   0.12255 0.12255 0.12255 0.12255 0.12255 0.12255 0.12255 0.12255 0.01957 ( 2)  0.221  0.020
  94 L   0.12058 0.12058 0.12058 0.12058 0.12058 0.12058 0.12058 0.12058 0.03537 ( 1)  0.399  0.035
  95 S   0.12237 0.12237 0.12237 0.12237 0.12237 0.12237 0.12237 0.12237 0.02103 ( 3)  0.237  0.021
  96 F   0.12275 0.12275 0.12275 0.12275 0.12275 0.12275 0.12275 0.12275 0.01802 ( 3)  0.203  0.018
  97 V   0.12121 0.12121 0.12121 0.12121 0.12121 0.12121 0.12121 0.12121 0.03033 ( 3)  0.342  0.030
  98 Q   0.11998 0.11998 0.11998 0.11998 0.11998 0.11998 0.11998 0.11998 0.04014 ( 3)  0.453  0.040
  99 T   0.12252 0.12252 0.12252 0.12252 0.12252 0.12252 0.12252 0.12252 0.01981 ( 3)  0.224  0.020
 100 L   0.12230 0.12230 0.12230 0.12230 0.12230 0.12230 0.12230 0.12230 0.02157 ( 3)  0.244  0.022
 101 L   0.12230 0.12230 0.12230 0.12230 0.12230 0.12230 0.12230 0.12230 0.02157 ( 3)  0.244  0.022
 102 V   0.12238 0.12238 0.12238 0.12238 0.12238 0.12238 0.12238 0.12238 0.02100 ( 3)  0.237  0.021
 103 L   0.12030 0.12030 0.12030 0.12030 0.12030 0.12030 0.12030 0.12030 0.03756 ( 3)  0.424  0.038
 104 I   0.12275 0.12275 0.12275 0.12275 0.12275 0.12275 0.12275 0.12275 0.01802 ( 3)  0.203  0.018
 105 S   0.12100 0.12100 0.12100 0.12100 0.12100 0.12100 0.12100 0.12100 0.03203 ( 3)  0.362  0.032
 106 G   0.12069 0.12069 0.12069 0.12069 0.12069 0.12069 0.12069 0.12069 0.03448 ( 2)  0.389  0.034
 107 A   0.12255 0.12255 0.12255 0.12255 0.12255 0.12255 0.12255 0.12255 0.01957 ( 2)  0.221  0.020
 108 I   0.12275 0.12275 0.12275 0.12275 0.12275 0.12275 0.12275 0.12275 0.01802 ( 3)  0.203  0.018
 109 I   0.12275 0.12275 0.12275 0.12275 0.12275 0.12275 0.12275 0.12275 0.01802 ( 3)  0.203  0.018
 110 F   0.12275 0.12275 0.12275 0.12275 0.12275 0.12275 0.12275 0.12275 0.01802 ( 3)  0.203  0.018
 111 S   0.12100 0.12100 0.12100 0.12100 0.12100 0.12100 0.12100 0.12100 0.03203 ( 3)  0.362  0.032
 112 L   0.12230 0.12230 0.12230 0.12230 0.12230 0.12230 0.12230 0.12230 0.02157 ( 3)  0.244  0.022
 113 I   0.12275 0.12275 0.12275 0.12275 0.12275 0.12275 0.12275 0.12275 0.01802 ( 3)  0.203  0.018
 114 W   0.11999 0.11999 0.11999 0.11999 0.11999 0.11999 0.11999 0.11999 0.04004 ( 2)  0.452  0.040
 115 G   0.11970 0.11970 0.11970 0.11970 0.11970 0.11970 0.11970 0.11970 0.04239 ( 2)  0.479  0.042
 116 N   0.12219 0.12219 0.12219 0.12219 0.12219 0.12219 0.12219 0.12219 0.02248 ( 5)  0.254  0.022
 117 V   0.12238 0.12238 0.12238 0.12238 0.12238 0.12238 0.12238 0.12238 0.02100 ( 3)  0.237  0.021
 118 V   0.12033 0.12033 0.12033 0.12033 0.12033 0.12033 0.12033 0.12033 0.03735 ( 2)  0.422  0.037
 119 G   0.12069 0.12069 0.12069 0.12069 0.12069 0.12069 0.12069 0.12069 0.03448 ( 2)  0.389  0.034
 120 R   0.11914 0.11914 0.11914 0.11914 0.11914 0.11914 0.11914 0.11914 0.04689 ( 3)  0.529  0.047
 121 E   0.12051 0.12051 0.12051 0.12051 0.12051 0.12051 0.12051 0.12051 0.03590 ( 1)  0.405  0.036
 122 C   0.12171 0.12171 0.12171 0.12171 0.12171 0.12171 0.12171 0.12171 0.02631 ( 1)  0.297  0.026
 123 E   0.12131 0.12131 0.12131 0.12131 0.12131 0.12131 0.12131 0.12131 0.02954 ( 1)  0.333  0.030
 124 L   0.12058 0.12058 0.12058 0.12058 0.12058 0.12058 0.12058 0.12058 0.03537 ( 1)  0.399  0.035
 125 S   0.12199 0.12199 0.12199 0.12199 0.12199 0.12199 0.12199 0.12199 0.02406 ( 3)  0.272  0.024
 126 A   0.12142 0.12142 0.12142 0.12142 0.12142 0.12142 0.12142 0.12142 0.02862 ( 1)  0.323  0.029
 127 L   0.12030 0.12030 0.12030 0.12030 0.12030 0.12030 0.12030 0.12030 0.03756 ( 3)  0.424  0.038
 128 R   0.11984 0.11984 0.11984 0.11984 0.11984 0.11984 0.11984 0.11984 0.04128 ( 2)  0.466  0.041
 129 N   0.12219 0.12219 0.12219 0.12219 0.12219 0.12219 0.12219 0.12219 0.02248 ( 5)  0.254  0.022
 130 M   0.12253 0.12253 0.12253 0.12253 0.12253 0.12253 0.12253 0.12253 0.01975 ( 2)  0.223  0.020
 131 V   0.12121 0.12121 0.12121 0.12121 0.12121 0.12121 0.12121 0.12121 0.03033 ( 3)  0.342  0.030
 132 N   0.12219 0.12219 0.12219 0.12219 0.12219 0.12219 0.12219 0.12219 0.02248 ( 5)  0.254  0.022
 133 L   0.12058 0.12058 0.12058 0.12058 0.12058 0.12058 0.12058 0.12058 0.03537 ( 1)  0.399  0.035
 134 V   0.12136 0.12136 0.12136 0.12136 0.12136 0.12136 0.12136 0.12136 0.02910 ( 2)  0.329  0.029
 135 E   0.12051 0.12051 0.12051 0.12051 0.12051 0.12051 0.12051 0.12051 0.03590 ( 1)  0.405  0.036
 136 H   0.12210 0.12210 0.12210 0.12210 0.12210 0.12210 0.12210 0.12210 0.02318 ( 2)  0.262  0.023
 137 Y   0.12181 0.12181 0.12181 0.12181 0.12181 0.12181 0.12181 0.12181 0.02552 ( 5)  0.288  0.026
 138 S   0.12070 0.12070 0.12070 0.12070 0.12070 0.12070 0.12070 0.12070 0.03438 ( 3)  0.388  0.034
 139 K   0.00000 0.00000 0.00000 0.00000 0.00000 0.00000 0.00000 0.00000 1.00000 ( 9) 11.288  1.000
 140 M   0.00000 0.00000 0.00000 0.00000 0.00000 0.00000 0.00000 0.00000 1.00000 ( 9) 11.288  1.000
 141 D   0.00000 0.00000 0.00000 0.00000 0.00000 0.00000 0.00000 0.00000 1.00000 ( 9) 11.288  1.000
 142 P   0.12125 0.12125 0.12125 0.12125 0.12125 0.12125 0.12125 0.12125 0.03001 ( 2)  0.339  0.030
 143 T   0.00000 0.00000 0.00000 0.00000 0.00000 0.00000 0.00000 0.00000 1.00000 ( 9) 11.288  1.000
 144 T   0.12117 0.12117 0.12117 0.12117 0.12117 0.12117 0.12117 0.12117 0.03063 ( 3)  0.346  0.031
 145 K   0.12111 0.12111 0.12111 0.12111 0.12111 0.12111 0.12111 0.12111 0.03115 ( 2)  0.352  0.031
 146 A   0.00000 0.00000 0.00000 0.00000 0.00000 0.00000 0.00000 0.00000 1.00000 ( 9) 11.288  1.000
 147 P   0.12019 0.12019 0.12019 0.12019 0.12019 0.12019 0.12019 0.12019 0.03846 ( 2)  0.434  0.038

Positively selected sites

	Prob(w>1)  mean w

   139 K      1.000**       11.288
   140 M      1.000**       11.288
   141 D      1.000**       11.288
   143 T      1.000**       11.288
   146 A      1.000**       11.288


lnL =  -651.513236

Bayes Empirical Bayes (BEB) probabilities for 11 classes (class) & postmean_w
(amino acids refer to 1st sequence: spe.14333)

   1 M   0.37778 0.09650 0.07777 0.06798 0.06110 0.05543 0.05031 0.04551 0.04127 0.05579 0.07056 ( 1)  0.529 +-  1.064
   2 R   0.36785 0.09410 0.07622 0.06700 0.06056 0.05526 0.05045 0.04589 0.04184 0.05668 0.08415 ( 1)  0.607 +-  1.269
   3 E   0.37118 0.09490 0.07675 0.06734 0.06076 0.05534 0.05043 0.04579 0.04168 0.05643 0.07939 ( 1)  0.579 +-  1.198
   4 I   0.37221 0.09515 0.07691 0.06745 0.06082 0.05536 0.05042 0.04576 0.04163 0.05634 0.07794 ( 1)  0.570 +-  1.176
   5 P   0.36677 0.09384 0.07605 0.06688 0.06048 0.05522 0.05044 0.04591 0.04188 0.05675 0.08579 ( 1)  0.617 +-  1.294
   6 N   0.37563 0.09598 0.07744 0.06778 0.06100 0.05541 0.05036 0.04562 0.04142 0.05602 0.07335 ( 1)  0.544 +-  1.106
   7 G   0.36497 0.09340 0.07576 0.06669 0.06036 0.05516 0.05043 0.04595 0.04195 0.05686 0.08846 ( 1)  0.633 +-  1.333
   8 G   0.37485 0.09579 0.07732 0.06770 0.06096 0.05540 0.05038 0.04565 0.04147 0.05609 0.07437 ( 1)  0.550 +-  1.122
   9 G   0.36910 0.09440 0.07642 0.06713 0.06064 0.05529 0.05045 0.04586 0.04179 0.05659 0.08234 ( 1)  0.596 +-  1.242
  10 L   0.37073 0.09479 0.07667 0.06728 0.06071 0.05531 0.05041 0.04578 0.04168 0.05643 0.08021 ( 1)  0.584 +-  1.214
  11 H   0.36960 0.09452 0.07650 0.06718 0.06067 0.05530 0.05044 0.04584 0.04176 0.05655 0.08163 ( 1)  0.592 +-  1.232
  12 Y   0.37067 0.09478 0.07667 0.06729 0.06072 0.05532 0.05043 0.04580 0.04170 0.05646 0.08016 ( 1)  0.583 +-  1.210
  13 S   0.36541 0.09351 0.07583 0.06673 0.06039 0.05517 0.05043 0.04594 0.04193 0.05683 0.08781 ( 1)  0.629 +-  1.324
  14 D   0.37034 0.09470 0.07662 0.06726 0.06071 0.05532 0.05044 0.04582 0.04173 0.05649 0.08059 ( 1)  0.586 +-  1.216
  15 H   0.36960 0.09452 0.07650 0.06718 0.06067 0.05530 0.05044 0.04584 0.04176 0.05655 0.08163 ( 1)  0.592 +-  1.232
  16 D   0.37034 0.09470 0.07662 0.06726 0.06071 0.05532 0.05044 0.04582 0.04173 0.05649 0.08059 ( 1)  0.586 +-  1.216
  17 G   0.36854 0.09426 0.07633 0.06707 0.06060 0.05528 0.05045 0.04587 0.04181 0.05663 0.08315 ( 1)  0.601 +-  1.254
  18 V   0.37876 0.09674 0.07789 0.06801 0.06106 0.05534 0.05018 0.04535 0.04109 0.05554 0.07003 ( 1)  0.528 +-  1.070
  19 A   0.37133 0.09494 0.07677 0.06735 0.06076 0.05533 0.05042 0.04577 0.04166 0.05639 0.07928 ( 1)  0.578 +-  1.198
  20 G   0.36854 0.09426 0.07633 0.06707 0.06060 0.05528 0.05045 0.04587 0.04181 0.05663 0.08315 ( 1)  0.601 +-  1.254
  21 Y   0.37358 0.09548 0.07712 0.06758 0.06089 0.05538 0.05040 0.04571 0.04155 0.05622 0.07609 ( 1)  0.560 +-  1.148
  22 F   0.37979 0.09700 0.07807 0.06815 0.06116 0.05541 0.05022 0.04537 0.04109 0.05552 0.06823 ( 1)  0.516 +-  1.032
  23 R   0.36785 0.09410 0.07622 0.06700 0.06056 0.05526 0.05045 0.04589 0.04184 0.05668 0.08415 ( 1)  0.607 +-  1.269
  24 L   0.37787 0.09653 0.07776 0.06794 0.06104 0.05536 0.05023 0.04542 0.04118 0.05567 0.07100 ( 1)  0.533 +-  1.081
  25 S   0.36541 0.09351 0.07583 0.06673 0.06039 0.05517 0.05043 0.04594 0.04193 0.05683 0.08781 ( 1)  0.629 +-  1.324
  26 R   0.36625 0.09371 0.07594 0.06678 0.06039 0.05514 0.05037 0.04584 0.04182 0.05668 0.08708 ( 1)  0.626 +-  1.322
  27 H   0.37541 0.09593 0.07740 0.06775 0.06098 0.05540 0.05036 0.04561 0.04142 0.05602 0.07372 ( 1)  0.546 +-  1.114
  28 S   0.36971 0.09455 0.07652 0.06719 0.06067 0.05530 0.05044 0.04584 0.04176 0.05654 0.08148 ( 1)  0.591 +-  1.230
  29 E   0.36780 0.09409 0.07622 0.06699 0.06056 0.05526 0.05045 0.04590 0.04185 0.05669 0.08420 ( 1)  0.607 +-  1.270
  30 T   0.37787 0.09652 0.07778 0.06798 0.06109 0.05542 0.05030 0.04549 0.04125 0.05576 0.07054 ( 1)  0.529 +-  1.065
  31 V   0.37530 0.09590 0.07737 0.06771 0.06093 0.05535 0.05031 0.04557 0.04138 0.05597 0.07421 ( 1)  0.550 +-  1.128
  32 V   0.37876 0.09674 0.07789 0.06801 0.06106 0.05534 0.05018 0.04535 0.04109 0.05554 0.07003 ( 1)  0.528 +-  1.070
  33 D   0.37640 0.09617 0.07756 0.06784 0.06102 0.05540 0.05033 0.04556 0.04135 0.05591 0.07246 ( 1)  0.540 +-  1.095
  34 P   0.37055 0.09475 0.07665 0.06727 0.06072 0.05532 0.05043 0.04580 0.04171 0.05646 0.08035 ( 1)  0.584 +-  1.214
  35 I   0.37221 0.09515 0.07691 0.06745 0.06082 0.05536 0.05042 0.04576 0.04163 0.05634 0.07794 ( 1)  0.570 +-  1.176
  36 P   0.36677 0.09384 0.07605 0.06688 0.06048 0.05522 0.05044 0.04591 0.04188 0.05675 0.08579 ( 1)  0.617 +-  1.294
  37 P   0.37118 0.09490 0.07675 0.06733 0.06075 0.05533 0.05042 0.04578 0.04167 0.05641 0.07948 ( 1)  0.579 +-  1.201
  38 V   0.37138 0.09495 0.07677 0.06734 0.06074 0.05531 0.05039 0.04575 0.04164 0.05636 0.07935 ( 1)  0.579 +-  1.202
  39 G   0.36910 0.09440 0.07642 0.06713 0.06064 0.05529 0.05045 0.04586 0.04179 0.05659 0.08234 ( 1)  0.596 +-  1.242
  40 A   0.37515 0.09586 0.07736 0.06771 0.06094 0.05537 0.05033 0.04560 0.04141 0.05601 0.07427 ( 1)  0.550 +-  1.126
  41 T   0.36679 0.09384 0.07605 0.06688 0.06049 0.05522 0.05044 0.04591 0.04189 0.05675 0.08572 ( 1)  0.616 +-  1.293
  42 Q   0.36848 0.09425 0.07632 0.06706 0.06060 0.05528 0.05045 0.04588 0.04182 0.05664 0.08322 ( 1)  0.601 +-  1.255
  43 T   0.37787 0.09652 0.07778 0.06798 0.06109 0.05542 0.05030 0.04549 0.04125 0.05576 0.07054 ( 1)  0.529 +-  1.065
  44 L   0.37787 0.09653 0.07776 0.06794 0.06104 0.05536 0.05023 0.04542 0.04118 0.05567 0.07100 ( 1)  0.533 +-  1.081
  45 D   0.37640 0.09617 0.07756 0.06784 0.06102 0.05540 0.05033 0.04556 0.04135 0.05591 0.07246 ( 1)  0.540 +-  1.095
  46 D   0.37640 0.09617 0.07756 0.06784 0.06102 0.05540 0.05033 0.04556 0.04135 0.05591 0.07246 ( 1)  0.540 +-  1.095
  47 L   0.37787 0.09653 0.07776 0.06794 0.06104 0.05536 0.05023 0.04542 0.04118 0.05567 0.07100 ( 1)  0.533 +-  1.081
  48 L   0.37787 0.09653 0.07776 0.06794 0.06104 0.05536 0.05023 0.04542 0.04118 0.05567 0.07100 ( 1)  0.533 +-  1.081
  49 L   0.37787 0.09653 0.07776 0.06794 0.06104 0.05536 0.05023 0.04542 0.04118 0.05567 0.07100 ( 1)  0.533 +-  1.081
  50 D   0.37640 0.09617 0.07756 0.06784 0.06102 0.05540 0.05033 0.04556 0.04135 0.05591 0.07246 ( 1)  0.540 +-  1.095
  51 A   0.36735 0.09398 0.07614 0.06694 0.06052 0.05523 0.05044 0.04589 0.04186 0.05671 0.08494 ( 1)  0.612 +-  1.282
  52 L   0.37073 0.09479 0.07667 0.06728 0.06071 0.05531 0.05041 0.04578 0.04168 0.05643 0.08021 ( 1)  0.584 +-  1.214
  53 S   0.37671 0.09624 0.07761 0.06788 0.06105 0.05542 0.05034 0.04556 0.04135 0.05590 0.07195 ( 1)  0.536 +-  1.085
  54 I   0.38025 0.09711 0.07813 0.06818 0.06116 0.05539 0.05019 0.04532 0.04103 0.05544 0.06782 ( 1)  0.515 +-  1.029
  55 L   0.36743 0.09400 0.07615 0.06694 0.06051 0.05522 0.05042 0.04588 0.04184 0.05668 0.08493 ( 1)  0.612 +-  1.283
  56 N   0.37563 0.09598 0.07744 0.06778 0.06100 0.05541 0.05036 0.04562 0.04142 0.05602 0.07335 ( 1)  0.544 +-  1.106
  57 T   0.37125 0.09492 0.07676 0.06735 0.06076 0.05534 0.05043 0.04579 0.04168 0.05642 0.07929 ( 1)  0.578 +-  1.196
  58 Q   0.36848 0.09425 0.07632 0.06706 0.06060 0.05528 0.05045 0.04588 0.04182 0.05664 0.08322 ( 1)  0.601 +-  1.255
  59 I   0.37280 0.09529 0.07700 0.06750 0.06084 0.05536 0.05040 0.04572 0.04158 0.05627 0.07723 ( 1)  0.566 +-  1.167
  60 S   0.36971 0.09455 0.07652 0.06719 0.06067 0.05530 0.05044 0.04584 0.04176 0.05654 0.08148 ( 1)  0.591 +-  1.230
  61 R   0.36782 0.09409 0.07622 0.06699 0.06055 0.05525 0.05045 0.04589 0.04184 0.05668 0.08421 ( 1)  0.607 +-  1.270
  62 A   0.37884 0.09676 0.07792 0.06805 0.06111 0.05539 0.05023 0.04540 0.04114 0.05560 0.06955 ( 1)  0.524 +-  1.055
  63 K   0.36684 0.09385 0.07606 0.06689 0.06049 0.05523 0.05045 0.04592 0.04189 0.05676 0.08562 ( 1)  0.615 +-  1.290
  64 C   0.36736 0.09398 0.07615 0.06695 0.06053 0.05524 0.05045 0.04591 0.04187 0.05672 0.08484 ( 1)  0.611 +-  1.279
  65 Y   0.37358 0.09548 0.07712 0.06758 0.06089 0.05538 0.05040 0.04571 0.04155 0.05622 0.07609 ( 1)  0.560 +-  1.148
  66 R   0.36533 0.09349 0.07582 0.06673 0.06039 0.05518 0.05044 0.04594 0.04194 0.05685 0.08788 ( 1)  0.629 +-  1.324
  67 A   0.37201 0.09510 0.07687 0.06742 0.06079 0.05534 0.05041 0.04575 0.04162 0.05633 0.07835 ( 1)  0.573 +-  1.184
  68 L   0.36743 0.09400 0.07615 0.06694 0.06051 0.05522 0.05042 0.04588 0.04184 0.05668 0.08493 ( 1)  0.612 +-  1.283
  69 H   0.36960 0.09452 0.07650 0.06718 0.06067 0.05530 0.05044 0.04584 0.04176 0.05655 0.08163 ( 1)  0.592 +-  1.232
  70 F   0.37979 0.09700 0.07807 0.06815 0.06116 0.05541 0.05022 0.04537 0.04109 0.05552 0.06823 ( 1)  0.516 +-  1.032
  71 S   0.37671 0.09624 0.07761 0.06788 0.06105 0.05542 0.05034 0.04556 0.04135 0.05590 0.07195 ( 1)  0.536 +-  1.085
  72 L   0.36814 0.09417 0.07627 0.06703 0.06057 0.05526 0.05044 0.04588 0.04183 0.05666 0.08375 ( 1)  0.604 +-  1.263
  73 A   0.37884 0.09676 0.07792 0.06805 0.06111 0.05539 0.05023 0.04540 0.04114 0.05560 0.06955 ( 1)  0.524 +-  1.055
  74 A   0.37884 0.09676 0.07792 0.06805 0.06111 0.05539 0.05023 0.04540 0.04114 0.05560 0.06955 ( 1)  0.524 +-  1.055
  75 L   0.37787 0.09653 0.07776 0.06794 0.06104 0.05536 0.05023 0.04542 0.04118 0.05567 0.07100 ( 1)  0.533 +-  1.081
  76 I   0.37280 0.09529 0.07700 0.06750 0.06084 0.05536 0.05040 0.04572 0.04158 0.05627 0.07723 ( 1)  0.566 +-  1.167
  77 L   0.37073 0.09479 0.07667 0.06728 0.06071 0.05531 0.05041 0.04578 0.04168 0.05643 0.08021 ( 1)  0.584 +-  1.214
  78 L   0.36814 0.09417 0.07627 0.06703 0.06057 0.05526 0.05044 0.04588 0.04183 0.05666 0.08375 ( 1)  0.604 +-  1.263
  79 L   0.36743 0.09400 0.07615 0.06694 0.06051 0.05522 0.05042 0.04588 0.04184 0.05668 0.08493 ( 1)  0.612 +-  1.283
  80 V   0.37208 0.09512 0.07688 0.06741 0.06078 0.05532 0.05039 0.04572 0.04160 0.05630 0.07840 ( 1)  0.574 +-  1.188
  81 L   0.37073 0.09479 0.07667 0.06728 0.06071 0.05531 0.05041 0.04578 0.04168 0.05643 0.08021 ( 1)  0.584 +-  1.214
  82 F   0.37266 0.09526 0.07698 0.06749 0.06084 0.05537 0.05041 0.04574 0.04160 0.05630 0.07735 ( 1)  0.567 +-  1.167
  83 V   0.37208 0.09512 0.07688 0.06741 0.06078 0.05532 0.05039 0.04572 0.04160 0.05630 0.07840 ( 1)  0.574 +-  1.188
  84 G   0.37485 0.09579 0.07732 0.06770 0.06096 0.05540 0.05038 0.04565 0.04147 0.05609 0.07437 ( 1)  0.550 +-  1.122
  85 T   0.37787 0.09652 0.07778 0.06798 0.06109 0.05542 0.05030 0.04549 0.04125 0.05576 0.07054 ( 1)  0.529 +-  1.065
  86 C   0.36736 0.09398 0.07615 0.06695 0.06053 0.05524 0.05045 0.04591 0.04187 0.05672 0.08484 ( 1)  0.611 +-  1.279
  87 F   0.37979 0.09700 0.07807 0.06815 0.06116 0.05541 0.05022 0.04537 0.04109 0.05552 0.06823 ( 1)  0.516 +-  1.032
  88 P   0.36677 0.09384 0.07605 0.06688 0.06048 0.05522 0.05044 0.04591 0.04188 0.05675 0.08579 ( 1)  0.617 +-  1.294
  89 F   0.37979 0.09700 0.07807 0.06815 0.06116 0.05541 0.05022 0.04537 0.04109 0.05552 0.06823 ( 1)  0.516 +-  1.032
  90 T   0.37125 0.09492 0.07676 0.06735 0.06076 0.05534 0.05043 0.04579 0.04168 0.05642 0.07929 ( 1)  0.578 +-  1.196
  91 H   0.36960 0.09452 0.07650 0.06718 0.06067 0.05530 0.05044 0.04584 0.04176 0.05655 0.08163 ( 1)  0.592 +-  1.232
  92 P   0.37118 0.09490 0.07675 0.06733 0.06075 0.05533 0.05042 0.04578 0.04167 0.05641 0.07948 ( 1)  0.579 +-  1.201
  93 A   0.37884 0.09676 0.07792 0.06805 0.06111 0.05539 0.05023 0.04540 0.04114 0.05560 0.06955 ( 1)  0.524 +-  1.055
  94 L   0.36814 0.09417 0.07627 0.06703 0.06057 0.05526 0.05044 0.04588 0.04183 0.05666 0.08375 ( 1)  0.604 +-  1.263
  95 S   0.37671 0.09624 0.07761 0.06788 0.06105 0.05542 0.05034 0.04556 0.04135 0.05590 0.07195 ( 1)  0.536 +-  1.085
  96 F   0.37979 0.09700 0.07807 0.06815 0.06116 0.05541 0.05022 0.04537 0.04109 0.05552 0.06823 ( 1)  0.516 +-  1.032
  97 V   0.37138 0.09495 0.07677 0.06734 0.06074 0.05531 0.05039 0.04575 0.04164 0.05636 0.07935 ( 1)  0.579 +-  1.202
  98 Q   0.36587 0.09362 0.07591 0.06679 0.06043 0.05519 0.05044 0.04593 0.04192 0.05682 0.08708 ( 1)  0.624 +-  1.312
  99 T   0.37787 0.09652 0.07778 0.06798 0.06109 0.05542 0.05030 0.04549 0.04125 0.05576 0.07054 ( 1)  0.529 +-  1.065
 100 L   0.37787 0.09653 0.07776 0.06794 0.06104 0.05536 0.05023 0.04542 0.04118 0.05567 0.07100 ( 1)  0.533 +-  1.081
 101 L   0.37787 0.09653 0.07776 0.06794 0.06104 0.05536 0.05023 0.04542 0.04118 0.05567 0.07100 ( 1)  0.533 +-  1.081
 102 V   0.37876 0.09674 0.07789 0.06801 0.06106 0.05534 0.05018 0.04535 0.04109 0.05554 0.07003 ( 1)  0.528 +-  1.070
 103 L   0.36743 0.09400 0.07615 0.06694 0.06051 0.05522 0.05042 0.04588 0.04184 0.05668 0.08493 ( 1)  0.612 +-  1.283
 104 I   0.38025 0.09711 0.07813 0.06818 0.06116 0.05539 0.05019 0.04532 0.04103 0.05544 0.06782 ( 1)  0.515 +-  1.029
 105 S   0.36979 0.09457 0.07653 0.06720 0.06068 0.05531 0.05044 0.04584 0.04176 0.05654 0.08135 ( 1)  0.590 +-  1.227
 106 G   0.36854 0.09426 0.07633 0.06707 0.06060 0.05528 0.05045 0.04587 0.04181 0.05663 0.08315 ( 1)  0.601 +-  1.254
 107 A   0.37884 0.09676 0.07792 0.06805 0.06111 0.05539 0.05023 0.04540 0.04114 0.05560 0.06955 ( 1)  0.524 +-  1.055
 108 I   0.38025 0.09711 0.07813 0.06818 0.06116 0.05539 0.05019 0.04532 0.04103 0.05544 0.06782 ( 1)  0.515 +-  1.029
 109 I   0.38025 0.09711 0.07813 0.06818 0.06116 0.05539 0.05019 0.04532 0.04103 0.05544 0.06782 ( 1)  0.515 +-  1.029
 110 F   0.37979 0.09700 0.07807 0.06815 0.06116 0.05541 0.05022 0.04537 0.04109 0.05552 0.06823 ( 1)  0.516 +-  1.032
 111 S   0.36979 0.09457 0.07653 0.06720 0.06068 0.05531 0.05044 0.04584 0.04176 0.05654 0.08135 ( 1)  0.590 +-  1.227
 112 L   0.37787 0.09653 0.07776 0.06794 0.06104 0.05536 0.05023 0.04542 0.04118 0.05567 0.07100 ( 1)  0.533 +-  1.081
 113 I   0.38025 0.09711 0.07813 0.06818 0.06116 0.05539 0.05019 0.04532 0.04103 0.05544 0.06782 ( 1)  0.515 +-  1.029
 114 W   0.36589 0.09363 0.07591 0.06679 0.06043 0.05520 0.05044 0.04594 0.04192 0.05682 0.08704 ( 1)  0.624 +-  1.311
 115 G   0.36497 0.09340 0.07576 0.06669 0.06036 0.05516 0.05043 0.04595 0.04195 0.05686 0.08846 ( 1)  0.633 +-  1.333
 116 N   0.37563 0.09598 0.07744 0.06778 0.06100 0.05541 0.05036 0.04562 0.04142 0.05602 0.07335 ( 1)  0.544 +-  1.106
 117 V   0.37876 0.09674 0.07789 0.06801 0.06106 0.05534 0.05018 0.04535 0.04109 0.05554 0.07003 ( 1)  0.528 +-  1.070
 118 V   0.36745 0.09400 0.07615 0.06695 0.06052 0.05523 0.05043 0.04588 0.04184 0.05669 0.08486 ( 1)  0.611 +-  1.282
 119 G   0.36854 0.09426 0.07633 0.06707 0.06060 0.05528 0.05045 0.04587 0.04181 0.05663 0.08315 ( 1)  0.601 +-  1.254
 120 R   0.36318 0.09297 0.07547 0.06649 0.06023 0.05509 0.05041 0.04597 0.04201 0.05696 0.09122 ( 1)  0.650 +-  1.374
 121 E   0.36780 0.09409 0.07622 0.06699 0.06056 0.05526 0.05045 0.04590 0.04185 0.05669 0.08420 ( 1)  0.607 +-  1.270
 122 C   0.37282 0.09530 0.07701 0.06751 0.06086 0.05538 0.05043 0.04575 0.04161 0.05631 0.07703 ( 1)  0.565 +-  1.160
 123 E   0.37118 0.09490 0.07675 0.06734 0.06076 0.05534 0.05043 0.04579 0.04168 0.05643 0.07939 ( 1)  0.579 +-  1.198
 124 L   0.36814 0.09417 0.07627 0.06703 0.06057 0.05526 0.05044 0.04588 0.04183 0.05666 0.08375 ( 1)  0.604 +-  1.263
 125 S   0.37424 0.09564 0.07723 0.06765 0.06094 0.05541 0.05040 0.04569 0.04153 0.05617 0.07509 ( 1)  0.553 +-  1.131
 126 A   0.37201 0.09510 0.07687 0.06742 0.06079 0.05534 0.05041 0.04575 0.04162 0.05633 0.07835 ( 1)  0.573 +-  1.184
 127 L   0.36743 0.09400 0.07615 0.06694 0.06051 0.05522 0.05042 0.04588 0.04184 0.05668 0.08493 ( 1)  0.612 +-  1.283
 128 R   0.36552 0.09354 0.07585 0.06674 0.06040 0.05518 0.05043 0.04593 0.04193 0.05682 0.08766 ( 1)  0.628 +-  1.322
 129 N   0.37563 0.09598 0.07744 0.06778 0.06100 0.05541 0.05036 0.04562 0.04142 0.05602 0.07335 ( 1)  0.544 +-  1.106
 130 M   0.37778 0.09650 0.07777 0.06798 0.06110 0.05543 0.05031 0.04551 0.04127 0.05579 0.07056 ( 1)  0.529 +-  1.064
 131 V   0.37138 0.09495 0.07677 0.06734 0.06074 0.05531 0.05039 0.04575 0.04164 0.05636 0.07935 ( 1)  0.579 +-  1.202
 132 N   0.37563 0.09598 0.07744 0.06778 0.06100 0.05541 0.05036 0.04562 0.04142 0.05602 0.07335 ( 1)  0.544 +-  1.106
 133 L   0.36814 0.09417 0.07627 0.06703 0.06057 0.05526 0.05044 0.04588 0.04183 0.05666 0.08375 ( 1)  0.604 +-  1.263
 134 V   0.37208 0.09512 0.07688 0.06741 0.06078 0.05532 0.05039 0.04572 0.04160 0.05630 0.07840 ( 1)  0.574 +-  1.188
 135 E   0.36780 0.09409 0.07622 0.06699 0.06056 0.05526 0.05045 0.04590 0.04185 0.05669 0.08420 ( 1)  0.607 +-  1.270
 136 H   0.37541 0.09593 0.07740 0.06775 0.06098 0.05540 0.05036 0.04561 0.04142 0.05602 0.07372 ( 1)  0.546 +-  1.114
 137 Y   0.37358 0.09548 0.07712 0.06758 0.06089 0.05538 0.05040 0.04571 0.04155 0.05622 0.07609 ( 1)  0.560 +-  1.148
 138 S   0.36847 0.09425 0.07632 0.06707 0.06060 0.05528 0.05045 0.04588 0.04182 0.05665 0.08320 ( 1)  0.601 +-  1.254
 139 K   0.04447 0.02864 0.03683 0.04371 0.04931 0.05356 0.05636 0.05767 0.05783 0.08011 0.49151 (11)  3.101 +-  3.333
 140 M   0.00078 0.00187 0.00423 0.00728 0.01085 0.01474 0.01870 0.02250 0.02607 0.04216 0.85083 (11)  5.222 +-  3.288
 141 D   0.04329 0.02804 0.03612 0.04293 0.04849 0.05272 0.05555 0.05690 0.05712 0.07927 0.49956 (11)  3.158 +-  3.356
 142 P   0.37118 0.09490 0.07675 0.06733 0.06075 0.05533 0.05042 0.04578 0.04167 0.05641 0.07948 ( 1)  0.579 +-  1.201
 143 T   0.03886 0.02572 0.03338 0.03991 0.04532 0.04953 0.05243 0.05396 0.05442 0.07609 0.53038 (11)  3.371 +-  3.426
 144 T   0.37059 0.09476 0.07666 0.06728 0.06072 0.05532 0.05043 0.04581 0.04171 0.05647 0.08023 ( 1)  0.584 +-  1.211
 145 K   0.37019 0.09466 0.07660 0.06724 0.06070 0.05532 0.05044 0.04583 0.04174 0.05651 0.08076 ( 1)  0.586 +-  1.218
 146 A   0.04238 0.02757 0.03556 0.04233 0.04786 0.05210 0.05495 0.05634 0.05661 0.07869 0.50562 (11)  3.199 +-  3.369
 147 P   0.36677 0.09384 0.07605 0.06688 0.06048 0.05522 0.05044 0.04591 0.04188 0.05675 0.08579 ( 1)  0.617 +-  1.294

Positively selected sites

	Prob(w>1)  mean w

   140 M      0.851         5.222 +- 3.288
   143 T      0.530         3.371 +- 3.426
   146 A      0.506         3.199 +- 3.369

