Supplemental results for CODEML (seqf: algn  treef: tree)


dN/dS (w) for site classes (K=2)

p:   0.88316  0.11684
w:   0.00000  1.00000

Naive Empirical Bayes (NEB) probabilities for 2 classes & postmean_w
(amino acids refer to 1st sequence: Msl.25664)

   1 M   0.91524 0.08476 ( 1)  0.085
   2 N   0.91391 0.08609 ( 1)  0.086
   3 L   0.90389 0.09611 ( 1)  0.096
   4 V   0.90318 0.09682 ( 1)  0.097
   5 S   0.89782 0.10218 ( 1)  0.102
   6 G   0.90905 0.09095 ( 1)  0.091
   7 S   0.89140 0.10860 ( 1)  0.109
   8 A   0.89557 0.10443 ( 1)  0.104
   9 V   0.91208 0.08792 ( 1)  0.088
  10 N   0.91391 0.08609 ( 1)  0.086
  11 K   0.92210 0.07790 ( 1)  0.078
  12 L   0.90389 0.09611 ( 1)  0.096
  13 Q   0.90686 0.09314 ( 1)  0.093
  14 Q   0.90686 0.09314 ( 1)  0.093
  15 K   0.92210 0.07790 ( 1)  0.078
  16 Q   0.90686 0.09314 ( 1)  0.093
  17 L   0.90389 0.09611 ( 1)  0.096
  18 L   0.90389 0.09611 ( 1)  0.096
  19 K   0.92210 0.07790 ( 1)  0.078
  20 Q   0.90132 0.09868 ( 1)  0.099
  21 Q   0.90132 0.09868 ( 1)  0.099
  22 E   0.92128 0.07872 ( 1)  0.079
  23 A   0.91194 0.08806 ( 1)  0.088
  24 L   0.90389 0.09611 ( 1)  0.096
  25 D   0.91368 0.08632 ( 1)  0.086
  26 K   0.90309 0.09691 ( 1)  0.097
  27 R   0.91296 0.08704 ( 1)  0.087
  28 R   0.89963 0.10037 ( 1)  0.100
  29 R   0.89956 0.10044 ( 1)  0.100
  30 K   0.90309 0.09691 ( 1)  0.097
  31 G   0.90905 0.09095 ( 1)  0.091
  32 A   0.90292 0.09708 ( 1)  0.097
  33 R   0.00001 0.99999 ( 2)  1.000
  34 L   0.89155 0.10845 ( 1)  0.108
  35 H   0.90232 0.09768 ( 1)  0.098
  36 G   0.90905 0.09095 ( 1)  0.091
  37 E   0.92128 0.07872 ( 1)  0.079
  38 A   0.90292 0.09708 ( 1)  0.097
  39 G   0.89721 0.10279 ( 1)  0.103
  40 A   0.89849 0.10151 ( 1)  0.102
  41 A   0.89557 0.10443 ( 1)  0.104
  42 V   0.90290 0.09710 ( 1)  0.097
  43 C   0.89914 0.10086 ( 1)  0.101
  44 I   0.90366 0.09634 ( 1)  0.096
  45 Q   0.90686 0.09314 ( 1)  0.093
  46 R   0.90458 0.09542 ( 1)  0.095
  47 W   0.89904 0.10096 ( 1)  0.101
  48 F   0.89040 0.10960 ( 1)  0.110
  49 R   0.90458 0.09542 ( 1)  0.095
  50 S   0.91004 0.08996 ( 1)  0.090
  51 N   0.91391 0.08609 ( 1)  0.086
  52 Q   0.90686 0.09314 ( 1)  0.093
  53 K   0.92210 0.07790 ( 1)  0.078
  54 R   0.89956 0.10044 ( 1)  0.100
  55 K   0.92210 0.07790 ( 1)  0.078
  56 Q   0.90686 0.09314 ( 1)  0.093
  57 Q   0.89553 0.10447 ( 1)  0.104
  58 Q   0.90686 0.09314 ( 1)  0.093
  59 Q   0.90686 0.09314 ( 1)  0.093
  60 Q   0.90686 0.09314 ( 1)  0.093
  61 Q   0.89553 0.10447 ( 1)  0.104
  62 E   0.90304 0.09696 ( 1)  0.097
  63 D   0.91368 0.08632 ( 1)  0.086
  64 G   0.90905 0.09095 ( 1)  0.091
  65 T   0.90287 0.09713 ( 1)  0.097
  66 I   0.90366 0.09634 ( 1)  0.096
  67 C   0.89914 0.10086 ( 1)  0.101
  68 G   0.90905 0.09095 ( 1)  0.091
  69 R   0.91296 0.08704 ( 1)  0.087
  70 I   0.89481 0.10519 ( 1)  0.105
  71 R   0.89464 0.10536 ( 1)  0.105
  72 R   0.89458 0.10542 ( 1)  0.105
  73 W   0.89904 0.10096 ( 1)  0.101
  74 W   0.89904 0.10096 ( 1)  0.101
  75 G   0.90905 0.09095 ( 1)  0.091
  76 E   0.92128 0.07872 ( 1)  0.079
  77 V   0.91208 0.08792 ( 1)  0.088
  78 N   0.91391 0.08609 ( 1)  0.086
  79 S   0.90382 0.09618 ( 1)  0.096
  80 S   0.90432 0.09568 ( 1)  0.096
  81 A   0.90292 0.09708 ( 1)  0.097
  82 D   0.91368 0.08632 ( 1)  0.086
  83 T   0.91192 0.08808 ( 1)  0.088
  84 F   0.89633 0.10367 ( 1)  0.104
  85 Y   0.89537 0.10463 ( 1)  0.105
  86 H   0.90656 0.09344 ( 1)  0.093
  87 Q   0.00001 0.99999 ( 2)  1.000
  88 H   0.90656 0.09344 ( 1)  0.093
  89 V   0.91208 0.08792 ( 1)  0.088
  90 S   0.91004 0.08996 ( 1)  0.090
  91 H   0.90656 0.09344 ( 1)  0.093
  92 D   0.91368 0.08632 ( 1)  0.086
  93 A   0.90292 0.09708 ( 1)  0.097
  94 K   0.00001 0.99999 ( 2)  1.000
  95 P   0.89934 0.10066 ( 1)  0.101
  96 T   0.91192 0.08808 ( 1)  0.088
  97 L   0.90389 0.09611 ( 1)  0.096
  98 A   0.89376 0.10624 ( 1)  0.106
  99 D   0.90287 0.09713 ( 1)  0.097
 100 L   0.90389 0.09611 ( 1)  0.096
 101 A   0.89376 0.10624 ( 1)  0.106
 102 K   0.91315 0.08685 ( 1)  0.087
 103 R   0.89492 0.10508 ( 1)  0.105
 104 K   0.92210 0.07790 ( 1)  0.078
 105 P   0.89254 0.10746 ( 1)  0.107
 106 T   0.89551 0.10449 ( 1)  0.104
 107 S   0.91004 0.08996 ( 1)  0.090
 108 S   0.89782 0.10218 ( 1)  0.102
 109 T   0.89371 0.10629 ( 1)  0.106
 110 E   0.92128 0.07872 ( 1)  0.079
 111 Q   0.90686 0.09314 ( 1)  0.093
 112 S   0.89782 0.10218 ( 1)  0.102
 113 T   0.91192 0.08808 ( 1)  0.088
 114 T   0.91192 0.08808 ( 1)  0.088
 115 V   0.90290 0.09710 ( 1)  0.097
 116 D   0.91368 0.08632 ( 1)  0.086
 117 T   0.91192 0.08808 ( 1)  0.088
 118 E   0.92128 0.07872 ( 1)  0.079
 119 K   0.90309 0.09691 ( 1)  0.097
 120 Q   0.90686 0.09314 ( 1)  0.093
 121 K   0.92210 0.07790 ( 1)  0.078
 122 P   0.00000 1.00000 ( 2)  1.000
 123 K   0.91315 0.08685 ( 1)  0.087
 124 E   0.92128 0.07872 ( 1)  0.079
 125 P   0.90552 0.09448 ( 1)  0.094
 126 S   0.90382 0.09618 ( 1)  0.096
 127 L   0.90389 0.09611 ( 1)  0.096
 128 P   0.90552 0.09448 ( 1)  0.094
 129 K   0.90309 0.09691 ( 1)  0.097
 130 T   0.91192 0.08808 ( 1)  0.088
 131 E   0.92128 0.07872 ( 1)  0.079
 132 T   0.89371 0.10629 ( 1)  0.106
 133 V   0.91208 0.08792 ( 1)  0.088
 134 Q   0.90686 0.09314 ( 1)  0.093
 135 V   0.89369 0.10631 ( 1)  0.106
 136 E   0.92128 0.07872 ( 1)  0.079
 137 V   0.91208 0.08792 ( 1)  0.088
 138 A   0.90292 0.09708 ( 1)  0.097
 139 G   0.89934 0.10066 ( 1)  0.101
 140 N   0.91391 0.08609 ( 1)  0.086
 141 L   0.88688 0.11312 ( 1)  0.113
 142 D   0.90287 0.09713 ( 1)  0.097
 143 D   0.90287 0.09713 ( 1)  0.097
 144 A   0.89376 0.10624 ( 1)  0.106
 145 P   0.90552 0.09448 ( 1)  0.094
 146 Q   0.90686 0.09314 ( 1)  0.093
 147 P   0.89116 0.10884 ( 1)  0.109
 148 D   0.90287 0.09713 ( 1)  0.097
 149 E   0.90304 0.09696 ( 1)  0.097
 150 P   0.89254 0.10746 ( 1)  0.107
 151 K   0.92210 0.07790 ( 1)  0.078
 152 K   0.92210 0.07790 ( 1)  0.078
 153 M   0.91524 0.08476 ( 1)  0.085
 154 E   0.90304 0.09696 ( 1)  0.097
 155 T   0.89551 0.10449 ( 1)  0.104
 156 C   0.89184 0.10816 ( 1)  0.108
 157 D   0.90287 0.09713 ( 1)  0.097
 158 E   0.92128 0.07872 ( 1)  0.079
 159 N   0.91391 0.08609 ( 1)  0.086


lnL =  -695.434273

