Supplemental results for CODEML (seqf: algn  treef: tree)


dN/dS (w) for site classes (K=9)

p:   0.12500  0.12500  0.12500  0.12500  0.12500  0.12500  0.12500  0.12500  0.00001
w:   0.06095  0.07554  0.08554  0.09444  0.10340  0.11335  0.12600  0.14815  1.00000

Naive Empirical Bayes (NEB) probabilities for 9 classes & postmean_w
(amino acids refer to 1st sequence: Msl.17663)

   1 S   0.12515 0.12509 0.12506 0.12502 0.12499 0.12495 0.12491 0.12482 0.00001 ( 1)  0.101
   2 P   0.12511 0.12507 0.12504 0.12502 0.12499 0.12496 0.12493 0.12487 0.00001 ( 1)  0.101
   3 K   0.12522 0.12514 0.12508 0.12503 0.12499 0.12493 0.12486 0.12474 0.00001 ( 1)  0.101
   4 R   0.12525 0.12516 0.12510 0.12504 0.12498 0.12492 0.12484 0.12470 0.00001 ( 1)  0.101
   5 P   0.12511 0.12507 0.12504 0.12502 0.12499 0.12496 0.12493 0.12487 0.00001 ( 1)  0.101
   6 N   0.12518 0.12512 0.12507 0.12503 0.12499 0.12494 0.12488 0.12478 0.00001 ( 1)  0.101
   7 N   0.12533 0.12521 0.12512 0.12505 0.12498 0.12490 0.12479 0.12461 0.00001 ( 1)  0.101
   8 D   0.07571 0.09375 0.10609 0.11707 0.12809 0.14033 0.15587 0.18301 0.00009 ( 8)  0.108
   9 R   0.12519 0.12512 0.12507 0.12503 0.12499 0.12494 0.12488 0.12477 0.00001 ( 1)  0.101
  10 I   0.12524 0.12515 0.12509 0.12504 0.12498 0.12492 0.12485 0.12471 0.00001 ( 1)  0.101
  11 D   0.12519 0.12512 0.12507 0.12503 0.12499 0.12494 0.12488 0.12478 0.00001 ( 1)  0.101
  12 S   0.12527 0.12517 0.12510 0.12504 0.12498 0.12491 0.12483 0.12468 0.00001 ( 1)  0.101
  13 L   0.12521 0.12513 0.12508 0.12503 0.12499 0.12493 0.12486 0.12475 0.00001 ( 1)  0.101
  14 S   0.12503 0.12502 0.12501 0.12500 0.12500 0.12499 0.12498 0.12496 0.00001 ( 1)  0.101
  15 N   0.12533 0.12521 0.12512 0.12505 0.12498 0.12490 0.12479 0.12461 0.00001 ( 1)  0.101
  16 S   0.12527 0.12517 0.12510 0.12504 0.12498 0.12491 0.12483 0.12468 0.00001 ( 1)  0.101
  17 N   0.12533 0.12521 0.12512 0.12505 0.12498 0.12490 0.12479 0.12461 0.00001 ( 1)  0.101
  18 N   0.12518 0.12512 0.12507 0.12503 0.12499 0.12494 0.12488 0.12478 0.00001 ( 1)  0.101
  19 K   0.12512 0.12508 0.12505 0.12502 0.12499 0.12496 0.12492 0.12485 0.00001 ( 1)  0.101
  20 K   0.12512 0.12508 0.12505 0.12502 0.12499 0.12496 0.12492 0.12485 0.00001 ( 1)  0.101
  21 I   0.12524 0.12515 0.12509 0.12504 0.12498 0.12492 0.12485 0.12471 0.00001 ( 1)  0.101
  22 M   0.12519 0.12512 0.12507 0.12503 0.12499 0.12494 0.12488 0.12477 0.00001 ( 1)  0.101
  23 S   0.12509 0.12506 0.12503 0.12501 0.12499 0.12497 0.12494 0.12489 0.00001 ( 1)  0.101
  24 R   0.12525 0.12516 0.12510 0.12504 0.12498 0.12492 0.12484 0.12470 0.00001 ( 1)  0.101
  25 F   0.12521 0.12513 0.12508 0.12503 0.12499 0.12493 0.12487 0.12475 0.00001 ( 1)  0.101
  26 V   0.12506 0.12504 0.12502 0.12501 0.12500 0.12498 0.12496 0.12493 0.00001 ( 1)  0.101
  27 L   0.12510 0.12506 0.12504 0.12502 0.12499 0.12497 0.12493 0.12488 0.00001 ( 1)  0.101
  28 A   0.12512 0.12507 0.12504 0.12502 0.12499 0.12496 0.12492 0.12486 0.00001 ( 1)  0.101
  29 L   0.12508 0.12505 0.12503 0.12501 0.12499 0.12497 0.12495 0.12490 0.00001 ( 1)  0.101
  30 S   0.12509 0.12506 0.12503 0.12501 0.12499 0.12497 0.12494 0.12489 0.00001 ( 1)  0.101
  31 G   0.12527 0.12517 0.12510 0.12504 0.12498 0.12491 0.12483 0.12468 0.00001 ( 1)  0.101
  32 R   0.12525 0.12516 0.12510 0.12504 0.12498 0.12492 0.12484 0.12470 0.00001 ( 1)  0.101
  33 A   0.12506 0.12504 0.12502 0.12501 0.12500 0.12498 0.12496 0.12493 0.00001 ( 1)  0.101
  34 T   0.12521 0.12513 0.12508 0.12503 0.12499 0.12493 0.12487 0.12475 0.00001 ( 1)  0.101
  35 G   0.12527 0.12517 0.12510 0.12504 0.12498 0.12491 0.12483 0.12468 0.00001 ( 1)  0.101
  36 A   0.12523 0.12514 0.12509 0.12504 0.12498 0.12493 0.12486 0.12473 0.00001 ( 1)  0.101
  37 F   0.12521 0.12513 0.12508 0.12503 0.12499 0.12493 0.12487 0.12475 0.00001 ( 1)  0.101
  38 L   0.12510 0.12506 0.12504 0.12502 0.12499 0.12497 0.12493 0.12488 0.00001 ( 1)  0.101
  39 T   0.12521 0.12513 0.12508 0.12503 0.12499 0.12493 0.12487 0.12475 0.00001 ( 1)  0.101
  40 G   0.12527 0.12517 0.12510 0.12504 0.12498 0.12491 0.12483 0.12468 0.00001 ( 1)  0.101
  41 R   0.12525 0.12516 0.12510 0.12504 0.12498 0.12492 0.12484 0.12470 0.00001 ( 1)  0.101
  42 A   0.12523 0.12514 0.12509 0.12504 0.12498 0.12493 0.12486 0.12473 0.00001 ( 1)  0.101
  43 S   0.12527 0.12517 0.12510 0.12504 0.12498 0.12491 0.12483 0.12468 0.00001 ( 1)  0.101
  44 L   0.12510 0.12506 0.12504 0.12502 0.12499 0.12497 0.12493 0.12488 0.00001 ( 1)  0.101
  45 Q   0.12518 0.12511 0.12507 0.12503 0.12499 0.12494 0.12489 0.12479 0.00001 ( 1)  0.101
  46 S   0.12503 0.12502 0.12501 0.12500 0.12500 0.12499 0.12498 0.12496 0.00001 ( 1)  0.101
  47 L   0.12521 0.12513 0.12508 0.12503 0.12499 0.12493 0.12486 0.12475 0.00001 ( 1)  0.101
  48 G   0.12507 0.12504 0.12502 0.12501 0.12499 0.12498 0.12496 0.12492 0.00001 ( 1)  0.101
  49 G   0.12514 0.12509 0.12505 0.12502 0.12499 0.12495 0.12491 0.12483 0.00001 ( 1)  0.101
  50 A   0.12523 0.12514 0.12509 0.12504 0.12498 0.12493 0.12486 0.12473 0.00001 ( 1)  0.101
  51 V   0.12512 0.12508 0.12505 0.12502 0.12499 0.12496 0.12492 0.12485 0.00001 ( 1)  0.101
  52 R   0.12525 0.12516 0.12510 0.12504 0.12498 0.12492 0.12484 0.12470 0.00001 ( 1)  0.101
  53 S   0.12527 0.12517 0.12510 0.12504 0.12498 0.12491 0.12483 0.12468 0.00001 ( 1)  0.101
  54 L   0.12510 0.12506 0.12504 0.12502 0.12499 0.12497 0.12493 0.12488 0.00001 ( 1)  0.101
  55 S   0.12527 0.12517 0.12510 0.12504 0.12498 0.12491 0.12483 0.12468 0.00001 ( 1)  0.101
  56 G   0.12527 0.12517 0.12510 0.12504 0.12498 0.12491 0.12483 0.12468 0.00001 ( 1)  0.101
  57 G   0.12514 0.12509 0.12505 0.12502 0.12499 0.12495 0.12491 0.12483 0.00001 ( 1)  0.101
  58 H   0.12530 0.12519 0.12511 0.12505 0.12498 0.12491 0.12481 0.12465 0.00001 ( 1)  0.101
  59 G   0.12514 0.12509 0.12505 0.12502 0.12499 0.12495 0.12491 0.12483 0.00001 ( 1)  0.101
  60 H   0.12530 0.12519 0.12511 0.12505 0.12498 0.12491 0.12481 0.12465 0.00001 ( 1)  0.101
  61 Q   0.12511 0.12507 0.12504 0.12502 0.12499 0.12496 0.12493 0.12487 0.00001 ( 1)  0.101
  62 V   0.12514 0.12509 0.12505 0.12502 0.12499 0.12495 0.12491 0.12483 0.00001 ( 1)  0.101
  63 V   0.12512 0.12508 0.12505 0.12502 0.12499 0.12496 0.12492 0.12485 0.00001 ( 1)  0.101
  64 E   0.12513 0.12508 0.12505 0.12502 0.12499 0.12496 0.12491 0.12484 0.00001 ( 1)  0.101
  65 N   0.12533 0.12521 0.12512 0.12505 0.12498 0.12490 0.12479 0.12461 0.00001 ( 1)  0.101
  66 T   0.12511 0.12507 0.12504 0.12502 0.12499 0.12496 0.12493 0.12487 0.00001 ( 1)  0.101
  67 T   0.12511 0.12507 0.12504 0.12502 0.12499 0.12496 0.12493 0.12487 0.00001 ( 1)  0.101
  68 K   0.12512 0.12508 0.12505 0.12502 0.12499 0.12496 0.12492 0.12485 0.00001 ( 1)  0.101
  69 E   0.12523 0.12515 0.12509 0.12504 0.12498 0.12493 0.12485 0.12473 0.00001 ( 1)  0.101
  70 N   0.12518 0.12512 0.12507 0.12503 0.12499 0.12494 0.12488 0.12478 0.00001 ( 1)  0.101
  71 F   0.12521 0.12513 0.12508 0.12503 0.12499 0.12493 0.12487 0.12475 0.00001 ( 1)  0.101
  72 L   0.12504 0.12503 0.12502 0.12501 0.12500 0.12499 0.12497 0.12495 0.00001 ( 1)  0.101
  73 E   0.12523 0.12515 0.12509 0.12504 0.12498 0.12493 0.12485 0.12473 0.00001 ( 1)  0.101
  74 K   0.12512 0.12508 0.12505 0.12502 0.12499 0.12496 0.12492 0.12485 0.00001 ( 1)  0.101
  75 D   0.12533 0.12521 0.12513 0.12505 0.12498 0.12490 0.12479 0.12461 0.00001 ( 1)  0.101
  76 M   0.12519 0.12512 0.12507 0.12503 0.12499 0.12494 0.12488 0.12477 0.00001 ( 1)  0.101
  77 E   0.12513 0.12508 0.12505 0.12502 0.12499 0.12496 0.12491 0.12484 0.00001 ( 1)  0.101
  78 Y   0.12527 0.12517 0.12510 0.12504 0.12498 0.12491 0.12483 0.12468 0.00001 ( 1)  0.101
  79 L   0.12511 0.12507 0.12504 0.12502 0.12499 0.12496 0.12493 0.12487 0.00001 ( 1)  0.101
  80 D   0.12533 0.12521 0.12513 0.12505 0.12498 0.12490 0.12479 0.12461 0.00001 ( 1)  0.101
  81 M   0.12519 0.12512 0.12507 0.12503 0.12499 0.12494 0.12488 0.12477 0.00001 ( 1)  0.101
  82 H   0.12530 0.12519 0.12511 0.12505 0.12498 0.12491 0.12481 0.12465 0.00001 ( 1)  0.101
  83 K   0.12522 0.12514 0.12508 0.12503 0.12499 0.12493 0.12486 0.12474 0.00001 ( 1)  0.101
  84 G   0.12527 0.12517 0.12510 0.12504 0.12498 0.12491 0.12483 0.12468 0.00001 ( 1)  0.101
  85 K   0.12512 0.12508 0.12505 0.12502 0.12499 0.12496 0.12492 0.12485 0.00001 ( 1)  0.101
  86 Q   0.12518 0.12511 0.12507 0.12503 0.12499 0.12494 0.12489 0.12479 0.00001 ( 1)  0.101
  87 F   0.12512 0.12507 0.12504 0.12502 0.12499 0.12496 0.12493 0.12486 0.00001 ( 1)  0.101
  88 G   0.12527 0.12517 0.12510 0.12504 0.12498 0.12491 0.12483 0.12468 0.00001 ( 1)  0.101
  89 D   0.12533 0.12521 0.12513 0.12505 0.12498 0.12490 0.12479 0.12461 0.00001 ( 1)  0.101
  90 Y   0.12514 0.12509 0.12505 0.12502 0.12499 0.12495 0.12491 0.12483 0.00001 ( 1)  0.101
  91 G   0.12527 0.12517 0.12510 0.12504 0.12498 0.12491 0.12483 0.12468 0.00001 ( 1)  0.101
  92 L   0.12504 0.12503 0.12502 0.12501 0.12500 0.12499 0.12497 0.12495 0.00001 ( 1)  0.101
  93 P   0.12513 0.12508 0.12505 0.12502 0.12499 0.12496 0.12492 0.12485 0.00001 ( 1)  0.101
  94 D   0.12533 0.12521 0.12513 0.12505 0.12498 0.12490 0.12479 0.12461 0.00001 ( 1)  0.101
  95 A   0.12512 0.12507 0.12504 0.12502 0.12499 0.12496 0.12492 0.12486 0.00001 ( 1)  0.101
  96 L   0.12511 0.12507 0.12504 0.12502 0.12499 0.12496 0.12493 0.12487 0.00001 ( 1)  0.101
  97 G   0.12514 0.12509 0.12505 0.12502 0.12499 0.12495 0.12491 0.12483 0.00001 ( 1)  0.101
  98 Y   0.12527 0.12517 0.12510 0.12504 0.12498 0.12491 0.12483 0.12468 0.00001 ( 1)  0.101
  99 A   0.12512 0.12507 0.12504 0.12502 0.12499 0.12496 0.12492 0.12486 0.00001 ( 1)  0.101
 100 V   0.12523 0.12515 0.12509 0.12504 0.12498 0.12493 0.12485 0.12472 0.00001 ( 1)  0.101
 101 G   0.12514 0.12509 0.12505 0.12502 0.12499 0.12495 0.12491 0.12483 0.00001 ( 1)  0.101
 102 R   0.12514 0.12509 0.12505 0.12502 0.12499 0.12495 0.12491 0.12483 0.00001 ( 1)  0.101
 103 S   0.12509 0.12506 0.12503 0.12501 0.12499 0.12497 0.12494 0.12489 0.00001 ( 1)  0.101
 104 R   0.12508 0.12505 0.12503 0.12501 0.12499 0.12497 0.12495 0.12490 0.00001 ( 1)  0.101
 105 L   0.12511 0.12507 0.12504 0.12502 0.12499 0.12497 0.12493 0.12487 0.00001 ( 1)  0.101
 106 E   0.12518 0.12511 0.12507 0.12503 0.12499 0.12494 0.12489 0.12479 0.00001 ( 1)  0.101
 107 K   0.12522 0.12514 0.12508 0.12503 0.12499 0.12493 0.12486 0.12474 0.00001 ( 1)  0.101
 108 L   0.12510 0.12506 0.12504 0.12502 0.12499 0.12497 0.12493 0.12488 0.00001 ( 1)  0.101
 109 A   0.12523 0.12514 0.12509 0.12504 0.12498 0.12493 0.12486 0.12473 0.00001 ( 1)  0.101
 110 E   0.12523 0.12515 0.12509 0.12504 0.12498 0.12493 0.12485 0.12473 0.00001 ( 1)  0.101
 111 M   0.12519 0.12512 0.12507 0.12503 0.12499 0.12494 0.12488 0.12477 0.00001 ( 1)  0.101
 112 A   0.12512 0.12507 0.12504 0.12502 0.12499 0.12496 0.12492 0.12486 0.00001 ( 1)  0.101
 113 G   0.12527 0.12517 0.12510 0.12504 0.12498 0.12491 0.12483 0.12468 0.00001 ( 1)  0.101
 114 N   0.12533 0.12521 0.12512 0.12505 0.12498 0.12490 0.12479 0.12461 0.00001 ( 1)  0.101
 115 D   0.12533 0.12521 0.12513 0.12505 0.12498 0.12490 0.12479 0.12461 0.00001 ( 1)  0.101
 116 Q   0.12518 0.12511 0.12507 0.12503 0.12499 0.12494 0.12489 0.12479 0.00001 ( 1)  0.101
 117 F   0.12521 0.12513 0.12508 0.12503 0.12499 0.12493 0.12487 0.12475 0.00001 ( 1)  0.101
 118 Y   0.12514 0.12509 0.12505 0.12502 0.12499 0.12495 0.12491 0.12483 0.00001 ( 1)  0.101
 119 E   0.12523 0.12515 0.12509 0.12504 0.12498 0.12493 0.12485 0.12473 0.00001 ( 1)  0.101
 120 T   0.12511 0.12507 0.12504 0.12502 0.12499 0.12496 0.12493 0.12487 0.00001 ( 1)  0.101
 121 K   0.12512 0.12508 0.12505 0.12502 0.12499 0.12496 0.12492 0.12485 0.00001 ( 1)  0.101
 122 L   0.12510 0.12506 0.12504 0.12502 0.12499 0.12497 0.12493 0.12488 0.00001 ( 1)  0.101
 123 Y   0.12527 0.12517 0.12510 0.12504 0.12498 0.12491 0.12483 0.12468 0.00001 ( 1)  0.101
 124 R   0.12505 0.12503 0.12502 0.12501 0.12500 0.12498 0.12497 0.12494 0.00001 ( 1)  0.101
 125 F   0.12521 0.12513 0.12508 0.12503 0.12499 0.12493 0.12487 0.12475 0.00001 ( 1)  0.101
 126 F   0.12521 0.12513 0.12508 0.12503 0.12499 0.12493 0.12487 0.12475 0.00001 ( 1)  0.101
 127 P   0.12521 0.12513 0.12508 0.12503 0.12499 0.12493 0.12487 0.12475 0.00001 ( 1)  0.101
 128 N   0.12518 0.12512 0.12507 0.12503 0.12499 0.12494 0.12488 0.12478 0.00001 ( 1)  0.101
 129 T   0.12511 0.12507 0.12504 0.12502 0.12499 0.12496 0.12493 0.12487 0.00001 ( 1)  0.101
 130 K   0.12522 0.12514 0.12508 0.12503 0.12499 0.12493 0.12486 0.12474 0.00001 ( 1)  0.101
 131 E   0.12523 0.12515 0.12509 0.12504 0.12498 0.12493 0.12485 0.12473 0.00001 ( 1)  0.101
 132 R   0.12517 0.12511 0.12506 0.12503 0.12499 0.12495 0.12489 0.12480 0.00001 ( 1)  0.101
 133 P   0.12513 0.12508 0.12505 0.12502 0.12499 0.12496 0.12492 0.12485 0.00001 ( 1)  0.101
 134 H   0.12517 0.12511 0.12507 0.12503 0.12499 0.12495 0.12489 0.12480 0.00001 ( 1)  0.101
 135 L   0.12521 0.12513 0.12508 0.12503 0.12499 0.12493 0.12486 0.12475 0.00001 ( 1)  0.101
 136 V   0.12514 0.12509 0.12505 0.12502 0.12499 0.12495 0.12491 0.12483 0.00001 ( 1)  0.101
 137 P   0.12521 0.12513 0.12508 0.12503 0.12499 0.12493 0.12487 0.12475 0.00001 ( 1)  0.101
 138 S   0.12527 0.12517 0.12510 0.12504 0.12498 0.12491 0.12483 0.12468 0.00001 ( 1)  0.101
 139 H   0.12530 0.12519 0.12511 0.12505 0.12498 0.12491 0.12481 0.12465 0.00001 ( 1)  0.101
 140 S   0.12515 0.12509 0.12506 0.12502 0.12499 0.12495 0.12491 0.12482 0.00001 ( 1)  0.101
 141 H   0.12530 0.12519 0.12511 0.12505 0.12498 0.12491 0.12481 0.12465 0.00001 ( 1)  0.101
 142 Y   0.12514 0.12509 0.12505 0.12502 0.12499 0.12495 0.12491 0.12483 0.00001 ( 1)  0.101
 143 R   0.12513 0.12508 0.12505 0.12502 0.12499 0.12496 0.12492 0.12484 0.00001 ( 1)  0.101
 144 Q   0.12518 0.12511 0.12507 0.12503 0.12499 0.12494 0.12489 0.12479 0.00001 ( 1)  0.101
 145 V   0.12512 0.12508 0.12505 0.12502 0.12499 0.12496 0.12492 0.12485 0.00001 ( 1)  0.101
 146 G   0.12527 0.12517 0.12510 0.12504 0.12498 0.12491 0.12483 0.12468 0.00001 ( 1)  0.101
 147 C   0.12522 0.12514 0.12508 0.12503 0.12499 0.12493 0.12486 0.12474 0.00001 ( 1)  0.101
 148 P   0.12513 0.12508 0.12505 0.12502 0.12499 0.12496 0.12492 0.12485 0.00001 ( 1)  0.101
 149 C   0.12522 0.12514 0.12508 0.12503 0.12499 0.12493 0.12486 0.12474 0.00001 ( 1)  0.101
 150 Q   0.12518 0.12511 0.12507 0.12503 0.12499 0.12494 0.12489 0.12479 0.00001 ( 1)  0.101
 151 E   0.12523 0.12515 0.12509 0.12504 0.12498 0.12493 0.12485 0.12473 0.00001 ( 1)  0.101
 152 T   0.12511 0.12507 0.12504 0.12502 0.12499 0.12496 0.12493 0.12487 0.00001 ( 1)  0.101
 153 Y   0.12527 0.12517 0.12510 0.12504 0.12498 0.12491 0.12483 0.12468 0.00001 ( 1)  0.101
 154 T   0.12511 0.12507 0.12504 0.12502 0.12499 0.12496 0.12493 0.12487 0.00001 ( 1)  0.101
 155 S   0.12518 0.12511 0.12507 0.12503 0.12499 0.12494 0.12489 0.12479 0.00001 ( 1)  0.101
 156 Y   0.12527 0.12517 0.12510 0.12504 0.12498 0.12491 0.12483 0.12468 0.00001 ( 1)  0.101
 157 T   0.12521 0.12513 0.12508 0.12503 0.12499 0.12493 0.12487 0.12475 0.00001 ( 1)  0.101
 158 F   0.12512 0.12507 0.12504 0.12502 0.12499 0.12496 0.12493 0.12486 0.00001 ( 1)  0.101
 159 L   0.12510 0.12506 0.12504 0.12502 0.12499 0.12497 0.12493 0.12488 0.00001 ( 1)  0.101
 160 H   0.12517 0.12511 0.12507 0.12503 0.12499 0.12495 0.12489 0.12480 0.00001 ( 1)  0.101
 161 K   0.12522 0.12514 0.12508 0.12503 0.12499 0.12493 0.12486 0.12474 0.00001 ( 1)  0.101
 162 D   0.12519 0.12512 0.12507 0.12503 0.12499 0.12494 0.12488 0.12478 0.00001 ( 1)  0.101
 163 V   0.12512 0.12508 0.12505 0.12502 0.12499 0.12496 0.12492 0.12485 0.00001 ( 1)  0.101
 164 N   0.12518 0.12512 0.12507 0.12503 0.12499 0.12494 0.12488 0.12478 0.00001 ( 1)  0.101
 165 Q   0.12511 0.12507 0.12504 0.12502 0.12499 0.12496 0.12493 0.12487 0.00001 ( 1)  0.101
 166 R   0.12517 0.12511 0.12506 0.12503 0.12499 0.12495 0.12489 0.12480 0.00001 ( 1)  0.101
 167 C   0.12522 0.12514 0.12508 0.12503 0.12499 0.12493 0.12486 0.12474 0.00001 ( 1)  0.101
 168 Y   0.12527 0.12517 0.12510 0.12504 0.12498 0.12491 0.12483 0.12468 0.00001 ( 1)  0.101
 169 C   0.12522 0.12514 0.12508 0.12503 0.12499 0.12493 0.12486 0.12474 0.00001 ( 1)  0.101
 170 G   0.12527 0.12517 0.12510 0.12504 0.12498 0.12491 0.12483 0.12468 0.00001 ( 1)  0.101
 171 N   0.12533 0.12521 0.12512 0.12505 0.12498 0.12490 0.12479 0.12461 0.00001 ( 1)  0.101
 172 H   0.12530 0.12519 0.12511 0.12505 0.12498 0.12491 0.12481 0.12465 0.00001 ( 1)  0.101
 173 M   0.12519 0.12512 0.12507 0.12503 0.12499 0.12494 0.12488 0.12477 0.00001 ( 1)  0.101
 174 R   0.12513 0.12508 0.12505 0.12502 0.12499 0.12496 0.12492 0.12484 0.00001 ( 1)  0.101
 175 L   0.12504 0.12503 0.12502 0.12501 0.12500 0.12499 0.12497 0.12495 0.00001 ( 1)  0.101
 176 V   0.12514 0.12509 0.12505 0.12502 0.12499 0.12495 0.12491 0.12483 0.00001 ( 1)  0.101
 177 S   0.12509 0.12506 0.12503 0.12501 0.12499 0.12497 0.12494 0.12489 0.00001 ( 1)  0.101
 178 Y   0.12527 0.12517 0.12510 0.12504 0.12498 0.12491 0.12483 0.12468 0.00001 ( 1)  0.101
 179 D   0.12533 0.12521 0.12513 0.12505 0.12498 0.12490 0.12479 0.12461 0.00001 ( 1)  0.101
 180 E   0.12523 0.12515 0.12509 0.12504 0.12498 0.12493 0.12485 0.12473 0.00001 ( 1)  0.101
 181 Y   0.12527 0.12517 0.12510 0.12504 0.12498 0.12491 0.12483 0.12468 0.00001 ( 1)  0.101
 182 F   0.12521 0.12513 0.12508 0.12503 0.12499 0.12493 0.12487 0.12475 0.00001 ( 1)  0.101
 183 Q   0.12518 0.12511 0.12507 0.12503 0.12499 0.12494 0.12489 0.12479 0.00001 ( 1)  0.101
 184 D   0.12533 0.12521 0.12513 0.12505 0.12498 0.12490 0.12479 0.12461 0.00001 ( 1)  0.101
 185 L   0.12510 0.12506 0.12504 0.12502 0.12499 0.12497 0.12493 0.12488 0.00001 ( 1)  0.101
 186 R   0.12525 0.12516 0.12510 0.12504 0.12498 0.12492 0.12484 0.12470 0.00001 ( 1)  0.101
 187 K   0.12522 0.12514 0.12508 0.12503 0.12499 0.12493 0.12486 0.12474 0.00001 ( 1)  0.101
 188 R   0.12525 0.12516 0.12510 0.12504 0.12498 0.12492 0.12484 0.12470 0.00001 ( 1)  0.101
 189 I   0.12524 0.12515 0.12509 0.12504 0.12498 0.12492 0.12485 0.12471 0.00001 ( 1)  0.101
 190 T   0.12521 0.12513 0.12508 0.12503 0.12499 0.12493 0.12487 0.12475 0.00001 ( 1)  0.101
 191 D   0.12533 0.12521 0.12513 0.12505 0.12498 0.12490 0.12479 0.12461 0.00001 ( 1)  0.101
 192 C   0.12522 0.12514 0.12508 0.12503 0.12499 0.12493 0.12486 0.12474 0.00001 ( 1)  0.101
 193 Y   0.12527 0.12517 0.12510 0.12504 0.12498 0.12491 0.12483 0.12468 0.00001 ( 1)  0.101
 194 E   0.12523 0.12515 0.12509 0.12504 0.12498 0.12493 0.12485 0.12473 0.00001 ( 1)  0.101
 195 A   0.12523 0.12514 0.12509 0.12504 0.12498 0.12493 0.12486 0.12473 0.00001 ( 1)  0.101
 196 Y   0.12527 0.12517 0.12510 0.12504 0.12498 0.12491 0.12483 0.12468 0.00001 ( 1)  0.101
 197 H   0.12530 0.12519 0.12511 0.12505 0.12498 0.12491 0.12481 0.12465 0.00001 ( 1)  0.101
 198 K   0.12522 0.12514 0.12508 0.12503 0.12499 0.12493 0.12486 0.12474 0.00001 ( 1)  0.101
 199 L   0.12510 0.12506 0.12504 0.12502 0.12499 0.12497 0.12493 0.12488 0.00001 ( 1)  0.101
 200 P   0.12521 0.12513 0.12508 0.12503 0.12499 0.12493 0.12487 0.12475 0.00001 ( 1)  0.101
 201 E   0.12513 0.12508 0.12505 0.12502 0.12499 0.12496 0.12491 0.12484 0.00001 ( 1)  0.101
 202 G   0.12527 0.12517 0.12510 0.12504 0.12498 0.12491 0.12483 0.12468 0.00001 ( 1)  0.101
 203 K   0.12522 0.12514 0.12508 0.12503 0.12499 0.12493 0.12486 0.12474 0.00001 ( 1)  0.101
 204 R   0.12525 0.12516 0.12510 0.12504 0.12498 0.12492 0.12484 0.12470 0.00001 ( 1)  0.101
 205 S   0.12518 0.12511 0.12507 0.12503 0.12499 0.12494 0.12489 0.12479 0.00001 ( 1)  0.101
 206 F   0.12521 0.12513 0.12508 0.12503 0.12499 0.12493 0.12487 0.12475 0.00001 ( 1)  0.101
 207 D   0.12519 0.12512 0.12507 0.12503 0.12499 0.12494 0.12488 0.12478 0.00001 ( 1)  0.101
 208 Q   0.12518 0.12511 0.12507 0.12503 0.12499 0.12494 0.12489 0.12479 0.00001 ( 1)  0.101
 209 L   0.12511 0.12507 0.12504 0.12502 0.12499 0.12496 0.12493 0.12487 0.00001 ( 1)  0.101
 210 D   0.12533 0.12521 0.12513 0.12505 0.12498 0.12490 0.12479 0.12461 0.00001 ( 1)  0.101
 211 E   0.12513 0.12508 0.12505 0.12502 0.12499 0.12496 0.12491 0.12484 0.00001 ( 1)  0.101
 212 E   0.12523 0.12515 0.12509 0.12504 0.12498 0.12493 0.12485 0.12473 0.00001 ( 1)  0.101
 213 Y   0.12527 0.12517 0.12510 0.12504 0.12498 0.12491 0.12483 0.12468 0.00001 ( 1)  0.101
 214 Q   0.12518 0.12511 0.12507 0.12503 0.12499 0.12494 0.12489 0.12479 0.00001 ( 1)  0.101
 215 V   0.12512 0.12508 0.12505 0.12502 0.12499 0.12496 0.12492 0.12485 0.00001 ( 1)  0.101
 216 L   0.12510 0.12506 0.12504 0.12502 0.12499 0.12497 0.12493 0.12488 0.00001 ( 1)  0.101
 217 V   0.12523 0.12515 0.12509 0.12504 0.12498 0.12493 0.12485 0.12472 0.00001 ( 1)  0.101
 218 Y   0.12527 0.12517 0.12510 0.12504 0.12498 0.12491 0.12483 0.12468 0.00001 ( 1)  0.101
 219 N   0.12533 0.12521 0.12512 0.12505 0.12498 0.12490 0.12479 0.12461 0.00001 ( 1)  0.101
 220 Y   0.12527 0.12517 0.12510 0.12504 0.12498 0.12491 0.12483 0.12468 0.00001 ( 1)  0.101
 221 P   0.12521 0.12513 0.12508 0.12503 0.12499 0.12493 0.12487 0.12475 0.00001 ( 1)  0.101
 222 M   0.12519 0.12512 0.12507 0.12503 0.12499 0.12494 0.12488 0.12477 0.00001 ( 1)  0.101
 223 V   0.12512 0.12508 0.12505 0.12502 0.12499 0.12496 0.12492 0.12485 0.00001 ( 1)  0.101
 224 V   0.12512 0.12508 0.12505 0.12502 0.12499 0.12496 0.12492 0.12485 0.00001 ( 1)  0.101
 225 G   0.12527 0.12517 0.12510 0.12504 0.12498 0.12491 0.12483 0.12468 0.00001 ( 1)  0.101
 226 P   0.12521 0.12513 0.12508 0.12503 0.12499 0.12493 0.12487 0.12475 0.00001 ( 1)  0.101
 227 I   0.12524 0.12515 0.12509 0.12504 0.12498 0.12492 0.12485 0.12471 0.00001 ( 1)  0.101
 228 E   0.12513 0.12508 0.12505 0.12502 0.12499 0.12496 0.12491 0.12484 0.00001 ( 1)  0.101
 229 Q   0.12518 0.12511 0.12507 0.12503 0.12499 0.12494 0.12489 0.12479 0.00001 ( 1)  0.101
 230 G   0.12527 0.12517 0.12510 0.12504 0.12498 0.12491 0.12483 0.12468 0.00001 ( 1)  0.101
 231 N   0.12533 0.12521 0.12512 0.12505 0.12498 0.12490 0.12479 0.12461 0.00001 ( 1)  0.101
 232 L   0.12504 0.12503 0.12502 0.12501 0.12500 0.12499 0.12497 0.12495 0.00001 ( 1)  0.101
 233 E   0.12523 0.12515 0.12509 0.12504 0.12498 0.12493 0.12485 0.12473 0.00001 ( 1)  0.101
 234 A   0.12523 0.12514 0.12509 0.12504 0.12498 0.12493 0.12486 0.12473 0.00001 ( 1)  0.101
 235 A   0.12523 0.12514 0.12509 0.12504 0.12498 0.12493 0.12486 0.12473 0.00001 ( 1)  0.101
 236 L   0.12510 0.12506 0.12504 0.12502 0.12499 0.12497 0.12493 0.12488 0.00001 ( 1)  0.101
 237 P   0.12513 0.12508 0.12505 0.12502 0.12499 0.12496 0.12492 0.12485 0.00001 ( 1)  0.101
 238 P   0.12513 0.12508 0.12505 0.12502 0.12499 0.12496 0.12492 0.12485 0.00001 ( 1)  0.101
 239 K   0.12522 0.12514 0.12508 0.12503 0.12499 0.12493 0.12486 0.12474 0.00001 ( 1)  0.101
 240 T   0.12521 0.12513 0.12508 0.12503 0.12499 0.12493 0.12487 0.12475 0.00001 ( 1)  0.101
 241 W   0.12510 0.12506 0.12504 0.12502 0.12499 0.12497 0.12494 0.12488 0.00001 ( 1)  0.101
 242 K   0.12512 0.12508 0.12505 0.12502 0.12499 0.12496 0.12492 0.12485 0.00001 ( 1)  0.101
 243 E   0.12523 0.12515 0.12509 0.12504 0.12498 0.12493 0.12485 0.12473 0.00001 ( 1)  0.101
 244 L   0.12510 0.12506 0.12504 0.12502 0.12499 0.12497 0.12493 0.12488 0.00001 ( 1)  0.101
 245 E   0.12513 0.12508 0.12505 0.12502 0.12499 0.12496 0.12491 0.12484 0.00001 ( 1)  0.101
 246 D   0.12533 0.12521 0.12513 0.12505 0.12498 0.12490 0.12479 0.12461 0.00001 ( 1)  0.101
 247 S   0.12515 0.12509 0.12506 0.12502 0.12499 0.12495 0.12491 0.12482 0.00001 ( 1)  0.101
 248 L   0.12511 0.12507 0.12504 0.12502 0.12499 0.12496 0.12493 0.12487 0.00001 ( 1)  0.101
 249 G   0.12527 0.12517 0.12510 0.12504 0.12498 0.12491 0.12483 0.12468 0.00001 ( 1)  0.101
 250 N   0.12518 0.12512 0.12507 0.12503 0.12499 0.12494 0.12488 0.12478 0.00001 ( 1)  0.101
 251 L   0.12510 0.12506 0.12504 0.12502 0.12499 0.12497 0.12493 0.12488 0.00001 ( 1)  0.101
 252 R   0.12514 0.12509 0.12505 0.12502 0.12499 0.12495 0.12491 0.12483 0.00001 ( 1)  0.101
 253 S   0.12503 0.12502 0.12501 0.12500 0.12500 0.12499 0.12498 0.12496 0.00001 ( 1)  0.101
 254 P   0.12513 0.12508 0.12505 0.12502 0.12499 0.12496 0.12492 0.12485 0.00001 ( 1)  0.101
 255 L   0.12508 0.12505 0.12503 0.12501 0.12499 0.12497 0.12495 0.12490 0.00001 ( 1)  0.101
 256 V   0.12512 0.12508 0.12505 0.12502 0.12499 0.12496 0.12492 0.12485 0.00001 ( 1)  0.101
 257 N   0.12518 0.12512 0.12507 0.12503 0.12499 0.12494 0.12488 0.12478 0.00001 ( 1)  0.101
 258 L   0.12508 0.12505 0.12503 0.12501 0.12499 0.12497 0.12495 0.12490 0.00001 ( 1)  0.101
 259 H   0.12517 0.12511 0.12507 0.12503 0.12499 0.12495 0.12489 0.12480 0.00001 ( 1)  0.101

Positively selected sites

	Prob(w>1)  mean w



lnL = -1049.952160

Bayes Empirical Bayes (BEB) probabilities for 11 classes (class) & postmean_w
(amino acids refer to 1st sequence: Msl.17663)

   1 S   0.49347 0.09024 0.06710 0.05545 0.04769 0.04169 0.03657 0.03192 0.02769 0.03188 0.07630 ( 1)  0.423 +-  0.863
   2 P   0.49230 0.09004 0.06699 0.05540 0.04768 0.04170 0.03660 0.03198 0.02775 0.03197 0.07759 ( 1)  0.429 +-  0.879
   3 K   0.49558 0.09060 0.06729 0.05554 0.04771 0.04165 0.03649 0.03182 0.02756 0.03172 0.07403 ( 1)  0.414 +-  0.836
   4 R   0.49642 0.09074 0.06737 0.05558 0.04772 0.04164 0.03646 0.03177 0.02751 0.03165 0.07315 ( 1)  0.410 +-  0.825
   5 P   0.49230 0.09004 0.06699 0.05540 0.04768 0.04170 0.03660 0.03198 0.02775 0.03197 0.07759 ( 1)  0.429 +-  0.879
   6 N   0.49454 0.09042 0.06720 0.05550 0.04771 0.04167 0.03653 0.03187 0.02763 0.03180 0.07515 ( 1)  0.419 +-  0.849
   7 N   0.49848 0.09109 0.06755 0.05566 0.04773 0.04159 0.03637 0.03166 0.02738 0.03147 0.07102 ( 1)  0.402 +-  0.800
   8 D   0.08584 0.03787 0.04422 0.04891 0.05209 0.05385 0.05415 0.05296 0.05043 0.05971 0.45996 (11)  1.949 +-  2.274
   9 R   0.49468 0.09044 0.06721 0.05550 0.04771 0.04167 0.03652 0.03186 0.02762 0.03179 0.07501 ( 1)  0.418 +-  0.848
  10 I   0.49617 0.09070 0.06734 0.05557 0.04772 0.04164 0.03647 0.03179 0.02753 0.03167 0.07341 ( 1)  0.411 +-  0.828
  11 D   0.49467 0.09044 0.06721 0.05550 0.04771 0.04167 0.03652 0.03186 0.02762 0.03179 0.07502 ( 1)  0.418 +-  0.848
  12 S   0.49697 0.09083 0.06742 0.05560 0.04773 0.04163 0.03644 0.03175 0.02748 0.03160 0.07255 ( 1)  0.408 +-  0.818
  13 L   0.49539 0.09056 0.06727 0.05553 0.04771 0.04166 0.03650 0.03183 0.02757 0.03173 0.07425 ( 1)  0.415 +-  0.839
  14 S   0.49004 0.08965 0.06678 0.05529 0.04765 0.04173 0.03667 0.03208 0.02787 0.03213 0.08012 ( 1)  0.440 +-  0.910
  15 N   0.49848 0.09109 0.06755 0.05566 0.04773 0.04159 0.03637 0.03166 0.02738 0.03147 0.07102 ( 1)  0.402 +-  0.800
  16 S   0.49697 0.09083 0.06742 0.05560 0.04773 0.04163 0.03644 0.03175 0.02748 0.03160 0.07255 ( 1)  0.408 +-  0.818
  17 N   0.49848 0.09109 0.06755 0.05566 0.04773 0.04159 0.03637 0.03166 0.02738 0.03147 0.07102 ( 1)  0.402 +-  0.800
  18 N   0.49454 0.09042 0.06720 0.05550 0.04771 0.04167 0.03653 0.03187 0.02763 0.03180 0.07515 ( 1)  0.419 +-  0.849
  19 K   0.49274 0.09011 0.06703 0.05542 0.04769 0.04170 0.03659 0.03196 0.02773 0.03194 0.07710 ( 1)  0.427 +-  0.873
  20 K   0.49274 0.09011 0.06703 0.05542 0.04769 0.04170 0.03659 0.03196 0.02773 0.03194 0.07710 ( 1)  0.427 +-  0.873
  21 I   0.49617 0.09070 0.06734 0.05557 0.04772 0.04164 0.03647 0.03179 0.02753 0.03167 0.07341 ( 1)  0.411 +-  0.828
  22 M   0.49476 0.09046 0.06722 0.05551 0.04771 0.04167 0.03652 0.03186 0.02761 0.03178 0.07491 ( 1)  0.417 +-  0.846
  23 S   0.49179 0.08995 0.06694 0.05537 0.04767 0.04171 0.03662 0.03200 0.02778 0.03201 0.07816 ( 1)  0.431 +-  0.886
  24 R   0.49642 0.09074 0.06737 0.05558 0.04772 0.04164 0.03646 0.03177 0.02751 0.03165 0.07315 ( 1)  0.410 +-  0.825
  25 F   0.49534 0.09055 0.06727 0.05553 0.04771 0.04166 0.03650 0.03183 0.02758 0.03174 0.07428 ( 1)  0.415 +-  0.838
  26 V   0.49080 0.08978 0.06685 0.05532 0.04766 0.04172 0.03665 0.03204 0.02783 0.03208 0.07926 ( 1)  0.436 +-  0.900
  27 L   0.49211 0.09000 0.06697 0.05539 0.04768 0.04170 0.03661 0.03199 0.02776 0.03198 0.07780 ( 1)  0.430 +-  0.882
  28 A   0.49259 0.09009 0.06702 0.05541 0.04768 0.04170 0.03659 0.03196 0.02774 0.03195 0.07727 ( 1)  0.428 +-  0.875
  29 L   0.49148 0.08990 0.06691 0.05536 0.04767 0.04171 0.03663 0.03201 0.02780 0.03203 0.07850 ( 1)  0.433 +-  0.890
  30 S   0.49179 0.08995 0.06694 0.05537 0.04767 0.04171 0.03662 0.03200 0.02778 0.03201 0.07816 ( 1)  0.431 +-  0.886
  31 G   0.49703 0.09084 0.06742 0.05560 0.04773 0.04163 0.03643 0.03174 0.02747 0.03160 0.07251 ( 1)  0.407 +-  0.817
  32 R   0.49642 0.09074 0.06737 0.05558 0.04772 0.04164 0.03646 0.03177 0.02751 0.03165 0.07315 ( 1)  0.410 +-  0.825
  33 A   0.49075 0.08977 0.06685 0.05532 0.04766 0.04172 0.03665 0.03205 0.02784 0.03208 0.07932 ( 1)  0.437 +-  0.900
  34 T   0.49537 0.09056 0.06727 0.05553 0.04771 0.04166 0.03650 0.03183 0.02758 0.03173 0.07425 ( 1)  0.415 +-  0.838
  35 G   0.49703 0.09084 0.06742 0.05560 0.04773 0.04163 0.03643 0.03174 0.02747 0.03160 0.07251 ( 1)  0.407 +-  0.817
  36 A   0.49580 0.09063 0.06731 0.05555 0.04772 0.04165 0.03648 0.03181 0.02755 0.03170 0.07380 ( 1)  0.413 +-  0.833
  37 F   0.49534 0.09055 0.06727 0.05553 0.04771 0.04166 0.03650 0.03183 0.02758 0.03174 0.07428 ( 1)  0.415 +-  0.838
  38 L   0.49211 0.09000 0.06697 0.05539 0.04768 0.04170 0.03661 0.03199 0.02776 0.03198 0.07780 ( 1)  0.430 +-  0.882
  39 T   0.49537 0.09056 0.06727 0.05553 0.04771 0.04166 0.03650 0.03183 0.02758 0.03173 0.07425 ( 1)  0.415 +-  0.838
  40 G   0.49703 0.09084 0.06742 0.05560 0.04773 0.04163 0.03643 0.03174 0.02747 0.03160 0.07251 ( 1)  0.407 +-  0.817
  41 R   0.49642 0.09074 0.06737 0.05558 0.04772 0.04164 0.03646 0.03177 0.02751 0.03165 0.07315 ( 1)  0.410 +-  0.825
  42 A   0.49580 0.09063 0.06731 0.05555 0.04772 0.04165 0.03648 0.03181 0.02755 0.03170 0.07380 ( 1)  0.413 +-  0.833
  43 S   0.49697 0.09083 0.06742 0.05560 0.04773 0.04163 0.03644 0.03175 0.02748 0.03160 0.07255 ( 1)  0.408 +-  0.818
  44 L   0.49211 0.09000 0.06697 0.05539 0.04768 0.04170 0.03661 0.03199 0.02776 0.03198 0.07780 ( 1)  0.430 +-  0.882
  45 Q   0.49432 0.09038 0.06718 0.05549 0.04770 0.04167 0.03654 0.03188 0.02764 0.03182 0.07539 ( 1)  0.420 +-  0.852
  46 S   0.49004 0.08965 0.06678 0.05529 0.04765 0.04173 0.03667 0.03208 0.02787 0.03213 0.08012 ( 1)  0.440 +-  0.910
  47 L   0.49539 0.09056 0.06727 0.05553 0.04771 0.04166 0.03650 0.03183 0.02757 0.03173 0.07425 ( 1)  0.415 +-  0.839
  48 G   0.49099 0.08981 0.06687 0.05533 0.04766 0.04172 0.03664 0.03204 0.02782 0.03206 0.07904 ( 1)  0.435 +-  0.897
  49 G   0.49328 0.09020 0.06708 0.05544 0.04769 0.04169 0.03657 0.03193 0.02770 0.03190 0.07652 ( 1)  0.424 +-  0.866
  50 A   0.49580 0.09063 0.06731 0.05555 0.04772 0.04165 0.03648 0.03181 0.02755 0.03170 0.07380 ( 1)  0.413 +-  0.833
  51 V   0.49270 0.09010 0.06703 0.05541 0.04768 0.04170 0.03659 0.03196 0.02773 0.03194 0.07716 ( 1)  0.427 +-  0.874
  52 R   0.49642 0.09074 0.06737 0.05558 0.04772 0.04164 0.03646 0.03177 0.02751 0.03165 0.07315 ( 1)  0.410 +-  0.825
  53 S   0.49697 0.09083 0.06742 0.05560 0.04773 0.04163 0.03644 0.03175 0.02748 0.03160 0.07255 ( 1)  0.408 +-  0.818
  54 L   0.49211 0.09000 0.06697 0.05539 0.04768 0.04170 0.03661 0.03199 0.02776 0.03198 0.07780 ( 1)  0.430 +-  0.882
  55 S   0.49697 0.09083 0.06742 0.05560 0.04773 0.04163 0.03644 0.03175 0.02748 0.03160 0.07255 ( 1)  0.408 +-  0.818
  56 G   0.49703 0.09084 0.06742 0.05560 0.04773 0.04163 0.03643 0.03174 0.02747 0.03160 0.07251 ( 1)  0.407 +-  0.817
  57 G   0.49328 0.09020 0.06708 0.05544 0.04769 0.04169 0.03657 0.03193 0.02770 0.03190 0.07652 ( 1)  0.424 +-  0.866
  58 H   0.49772 0.09096 0.06748 0.05563 0.04773 0.04161 0.03640 0.03170 0.02742 0.03153 0.07182 ( 1)  0.405 +-  0.810
  59 G   0.49328 0.09020 0.06708 0.05544 0.04769 0.04169 0.03657 0.03193 0.02770 0.03190 0.07652 ( 1)  0.424 +-  0.866
  60 H   0.49772 0.09096 0.06748 0.05563 0.04773 0.04161 0.03640 0.03170 0.02742 0.03153 0.07182 ( 1)  0.405 +-  0.810
  61 Q   0.49232 0.09004 0.06699 0.05540 0.04768 0.04170 0.03660 0.03198 0.02775 0.03197 0.07756 ( 1)  0.429 +-  0.879
  62 V   0.49336 0.09022 0.06709 0.05544 0.04769 0.04169 0.03657 0.03193 0.02769 0.03189 0.07643 ( 1)  0.424 +-  0.865
  63 V   0.49270 0.09010 0.06703 0.05541 0.04768 0.04170 0.03659 0.03196 0.02773 0.03194 0.07716 ( 1)  0.427 +-  0.874
  64 E   0.49306 0.09017 0.06706 0.05543 0.04769 0.04169 0.03658 0.03194 0.02771 0.03191 0.07675 ( 1)  0.425 +-  0.869
  65 N   0.49848 0.09109 0.06755 0.05566 0.04773 0.04159 0.03637 0.03166 0.02738 0.03147 0.07102 ( 1)  0.402 +-  0.800
  66 T   0.49236 0.09005 0.06700 0.05540 0.04768 0.04170 0.03660 0.03198 0.02775 0.03196 0.07753 ( 1)  0.429 +-  0.878
  67 T   0.49236 0.09005 0.06700 0.05540 0.04768 0.04170 0.03660 0.03198 0.02775 0.03196 0.07753 ( 1)  0.429 +-  0.878
  68 K   0.49274 0.09011 0.06703 0.05542 0.04769 0.04170 0.03659 0.03196 0.02773 0.03194 0.07710 ( 1)  0.427 +-  0.873
  69 E   0.49584 0.09064 0.06731 0.05555 0.04772 0.04165 0.03648 0.03180 0.02755 0.03169 0.07377 ( 1)  0.413 +-  0.833
  70 N   0.49454 0.09042 0.06720 0.05550 0.04771 0.04167 0.03653 0.03187 0.02763 0.03180 0.07515 ( 1)  0.419 +-  0.849
  71 F   0.49534 0.09055 0.06727 0.05553 0.04771 0.04166 0.03650 0.03183 0.02758 0.03174 0.07428 ( 1)  0.415 +-  0.838
  72 L   0.49026 0.08969 0.06680 0.05530 0.04765 0.04172 0.03666 0.03207 0.02786 0.03211 0.07987 ( 1)  0.439 +-  0.907
  73 E   0.49584 0.09064 0.06731 0.05555 0.04772 0.04165 0.03648 0.03180 0.02755 0.03169 0.07377 ( 1)  0.413 +-  0.833
  74 K   0.49274 0.09011 0.06703 0.05542 0.04769 0.04170 0.03659 0.03196 0.02773 0.03194 0.07710 ( 1)  0.427 +-  0.873
  75 D   0.49854 0.09110 0.06755 0.05566 0.04773 0.04159 0.03637 0.03165 0.02737 0.03146 0.07099 ( 1)  0.401 +-  0.801
  76 M   0.49476 0.09046 0.06722 0.05551 0.04771 0.04167 0.03652 0.03186 0.02761 0.03178 0.07491 ( 1)  0.417 +-  0.846
  77 E   0.49306 0.09017 0.06706 0.05543 0.04769 0.04169 0.03658 0.03194 0.02771 0.03191 0.07675 ( 1)  0.425 +-  0.869
  78 Y   0.49699 0.09083 0.06742 0.05560 0.04773 0.04163 0.03644 0.03174 0.02748 0.03160 0.07255 ( 1)  0.408 +-  0.818
  79 L   0.49237 0.09005 0.06700 0.05540 0.04768 0.04170 0.03660 0.03197 0.02775 0.03196 0.07751 ( 1)  0.429 +-  0.878
  80 D   0.49854 0.09110 0.06755 0.05566 0.04773 0.04159 0.03637 0.03165 0.02737 0.03146 0.07099 ( 1)  0.401 +-  0.801
  81 M   0.49476 0.09046 0.06722 0.05551 0.04771 0.04167 0.03652 0.03186 0.02761 0.03178 0.07491 ( 1)  0.417 +-  0.846
  82 H   0.49772 0.09096 0.06748 0.05563 0.04773 0.04161 0.03640 0.03170 0.02742 0.03153 0.07182 ( 1)  0.405 +-  0.810
  83 K   0.49558 0.09060 0.06729 0.05554 0.04771 0.04165 0.03649 0.03182 0.02756 0.03172 0.07403 ( 1)  0.414 +-  0.836
  84 G   0.49703 0.09084 0.06742 0.05560 0.04773 0.04163 0.03643 0.03174 0.02747 0.03160 0.07251 ( 1)  0.407 +-  0.817
  85 K   0.49274 0.09011 0.06703 0.05542 0.04769 0.04170 0.03659 0.03196 0.02773 0.03194 0.07710 ( 1)  0.427 +-  0.873
  86 Q   0.49432 0.09038 0.06718 0.05549 0.04770 0.04167 0.03654 0.03188 0.02764 0.03182 0.07539 ( 1)  0.420 +-  0.852
  87 F   0.49253 0.09008 0.06701 0.05541 0.04768 0.04170 0.03660 0.03197 0.02774 0.03195 0.07733 ( 1)  0.428 +-  0.876
  88 G   0.49703 0.09084 0.06742 0.05560 0.04773 0.04163 0.03643 0.03174 0.02747 0.03160 0.07251 ( 1)  0.407 +-  0.817
  89 D   0.49854 0.09110 0.06755 0.05566 0.04773 0.04159 0.03637 0.03165 0.02737 0.03146 0.07099 ( 1)  0.401 +-  0.801
  90 Y   0.49325 0.09020 0.06708 0.05544 0.04769 0.04169 0.03657 0.03193 0.02770 0.03190 0.07654 ( 1)  0.424 +-  0.866
  91 G   0.49703 0.09084 0.06742 0.05560 0.04773 0.04163 0.03643 0.03174 0.02747 0.03160 0.07251 ( 1)  0.407 +-  0.817
  92 L   0.49026 0.08969 0.06680 0.05530 0.04765 0.04172 0.03666 0.03207 0.02786 0.03211 0.07987 ( 1)  0.439 +-  0.907
  93 P   0.49290 0.09014 0.06705 0.05542 0.04769 0.04170 0.03658 0.03195 0.02772 0.03192 0.07693 ( 1)  0.426 +-  0.871
  94 D   0.49854 0.09110 0.06755 0.05566 0.04773 0.04159 0.03637 0.03165 0.02737 0.03146 0.07099 ( 1)  0.401 +-  0.801
  95 A   0.49259 0.09009 0.06702 0.05541 0.04768 0.04170 0.03659 0.03196 0.02774 0.03195 0.07727 ( 1)  0.428 +-  0.875
  96 L   0.49237 0.09005 0.06700 0.05540 0.04768 0.04170 0.03660 0.03197 0.02775 0.03196 0.07751 ( 1)  0.429 +-  0.878
  97 G   0.49328 0.09020 0.06708 0.05544 0.04769 0.04169 0.03657 0.03193 0.02770 0.03190 0.07652 ( 1)  0.424 +-  0.866
  98 Y   0.49699 0.09083 0.06742 0.05560 0.04773 0.04163 0.03644 0.03174 0.02748 0.03160 0.07255 ( 1)  0.408 +-  0.818
  99 A   0.49259 0.09009 0.06702 0.05541 0.04768 0.04170 0.03659 0.03196 0.02774 0.03195 0.07727 ( 1)  0.428 +-  0.875
 100 V   0.49597 0.09066 0.06732 0.05556 0.04772 0.04165 0.03647 0.03180 0.02754 0.03168 0.07363 ( 1)  0.412 +-  0.831
 101 G   0.49328 0.09020 0.06708 0.05544 0.04769 0.04169 0.03657 0.03193 0.02770 0.03190 0.07652 ( 1)  0.424 +-  0.866
 102 R   0.49330 0.09021 0.06708 0.05544 0.04769 0.04169 0.03657 0.03193 0.02770 0.03189 0.07649 ( 1)  0.424 +-  0.866
 103 S   0.49179 0.08995 0.06694 0.05537 0.04767 0.04171 0.03662 0.03200 0.02778 0.03201 0.07816 ( 1)  0.431 +-  0.886
 104 R   0.49155 0.08991 0.06692 0.05536 0.04767 0.04171 0.03663 0.03201 0.02779 0.03202 0.07842 ( 1)  0.433 +-  0.889
 105 L   0.49224 0.09003 0.06698 0.05539 0.04768 0.04170 0.03660 0.03198 0.02776 0.03197 0.07767 ( 1)  0.429 +-  0.880
 106 E   0.49359 0.09024 0.06707 0.05540 0.04763 0.04162 0.03649 0.03185 0.02762 0.03180 0.07667 ( 1)  0.427 +-  0.880
 107 K   0.49558 0.09060 0.06729 0.05554 0.04771 0.04165 0.03649 0.03182 0.02756 0.03172 0.07403 ( 1)  0.414 +-  0.836
 108 L   0.49211 0.09000 0.06697 0.05539 0.04768 0.04170 0.03661 0.03199 0.02776 0.03198 0.07780 ( 1)  0.430 +-  0.882
 109 A   0.49580 0.09063 0.06731 0.05555 0.04772 0.04165 0.03648 0.03181 0.02755 0.03170 0.07380 ( 1)  0.413 +-  0.833
 110 E   0.49584 0.09064 0.06731 0.05555 0.04772 0.04165 0.03648 0.03180 0.02755 0.03169 0.07377 ( 1)  0.413 +-  0.833
 111 M   0.49476 0.09046 0.06722 0.05551 0.04771 0.04167 0.03652 0.03186 0.02761 0.03178 0.07491 ( 1)  0.417 +-  0.846
 112 A   0.49259 0.09009 0.06702 0.05541 0.04768 0.04170 0.03659 0.03196 0.02774 0.03195 0.07727 ( 1)  0.428 +-  0.875
 113 G   0.49703 0.09084 0.06742 0.05560 0.04773 0.04163 0.03643 0.03174 0.02747 0.03160 0.07251 ( 1)  0.407 +-  0.817
 114 N   0.49848 0.09109 0.06755 0.05566 0.04773 0.04159 0.03637 0.03166 0.02738 0.03147 0.07102 ( 1)  0.402 +-  0.800
 115 D   0.49854 0.09110 0.06755 0.05566 0.04773 0.04159 0.03637 0.03165 0.02737 0.03146 0.07099 ( 1)  0.401 +-  0.801
 116 Q   0.49432 0.09038 0.06718 0.05549 0.04770 0.04167 0.03654 0.03188 0.02764 0.03182 0.07539 ( 1)  0.420 +-  0.852
 117 F   0.49534 0.09055 0.06727 0.05553 0.04771 0.04166 0.03650 0.03183 0.02758 0.03174 0.07428 ( 1)  0.415 +-  0.838
 118 Y   0.49325 0.09020 0.06708 0.05544 0.04769 0.04169 0.03657 0.03193 0.02770 0.03190 0.07654 ( 1)  0.424 +-  0.866
 119 E   0.49584 0.09064 0.06731 0.05555 0.04772 0.04165 0.03648 0.03180 0.02755 0.03169 0.07377 ( 1)  0.413 +-  0.833
 120 T   0.49236 0.09005 0.06700 0.05540 0.04768 0.04170 0.03660 0.03198 0.02775 0.03196 0.07753 ( 1)  0.429 +-  0.878
 121 K   0.49274 0.09011 0.06703 0.05542 0.04769 0.04170 0.03659 0.03196 0.02773 0.03194 0.07710 ( 1)  0.427 +-  0.873
 122 L   0.49211 0.09000 0.06697 0.05539 0.04768 0.04170 0.03661 0.03199 0.02776 0.03198 0.07780 ( 1)  0.430 +-  0.882
 123 Y   0.49699 0.09083 0.06742 0.05560 0.04773 0.04163 0.03644 0.03174 0.02748 0.03160 0.07255 ( 1)  0.408 +-  0.818
 124 R   0.49046 0.08972 0.06682 0.05531 0.04765 0.04172 0.03666 0.03206 0.02785 0.03210 0.07965 ( 1)  0.438 +-  0.904
 125 F   0.49534 0.09055 0.06727 0.05553 0.04771 0.04166 0.03650 0.03183 0.02758 0.03174 0.07428 ( 1)  0.415 +-  0.838
 126 F   0.49534 0.09055 0.06727 0.05553 0.04771 0.04166 0.03650 0.03183 0.02758 0.03174 0.07428 ( 1)  0.415 +-  0.838
 127 P   0.49527 0.09054 0.06726 0.05553 0.04771 0.04166 0.03650 0.03183 0.02758 0.03174 0.07437 ( 1)  0.415 +-  0.840
 128 N   0.49454 0.09042 0.06720 0.05550 0.04771 0.04167 0.03653 0.03187 0.02763 0.03180 0.07515 ( 1)  0.419 +-  0.849
 129 T   0.49236 0.09005 0.06700 0.05540 0.04768 0.04170 0.03660 0.03198 0.02775 0.03196 0.07753 ( 1)  0.429 +-  0.878
 130 K   0.49558 0.09060 0.06729 0.05554 0.04771 0.04165 0.03649 0.03182 0.02756 0.03172 0.07403 ( 1)  0.414 +-  0.836
 131 E   0.49584 0.09064 0.06731 0.05555 0.04772 0.04165 0.03648 0.03180 0.02755 0.03169 0.07377 ( 1)  0.413 +-  0.833
 132 R   0.49416 0.09035 0.06716 0.05548 0.04770 0.04168 0.03654 0.03189 0.02765 0.03183 0.07555 ( 1)  0.420 +-  0.854
 133 P   0.49290 0.09014 0.06705 0.05542 0.04769 0.04170 0.03658 0.03195 0.02772 0.03192 0.07693 ( 1)  0.426 +-  0.871
 134 H   0.49418 0.09036 0.06716 0.05548 0.04770 0.04168 0.03654 0.03189 0.02765 0.03183 0.07554 ( 1)  0.420 +-  0.854
 135 L   0.49539 0.09056 0.06727 0.05553 0.04771 0.04166 0.03650 0.03183 0.02757 0.03173 0.07425 ( 1)  0.415 +-  0.839
 136 V   0.49336 0.09022 0.06709 0.05544 0.04769 0.04169 0.03657 0.03193 0.02769 0.03189 0.07643 ( 1)  0.424 +-  0.865
 137 P   0.49527 0.09054 0.06726 0.05553 0.04771 0.04166 0.03650 0.03183 0.02758 0.03174 0.07437 ( 1)  0.415 +-  0.840
 138 S   0.49697 0.09083 0.06742 0.05560 0.04773 0.04163 0.03644 0.03175 0.02748 0.03160 0.07255 ( 1)  0.408 +-  0.818
 139 H   0.49772 0.09096 0.06748 0.05563 0.04773 0.04161 0.03640 0.03170 0.02742 0.03153 0.07182 ( 1)  0.405 +-  0.810
 140 S   0.49347 0.09024 0.06710 0.05545 0.04769 0.04169 0.03657 0.03192 0.02769 0.03188 0.07630 ( 1)  0.423 +-  0.863
 141 H   0.49772 0.09096 0.06748 0.05563 0.04773 0.04161 0.03640 0.03170 0.02742 0.03153 0.07182 ( 1)  0.405 +-  0.810
 142 Y   0.49325 0.09020 0.06708 0.05544 0.04769 0.04169 0.03657 0.03193 0.02770 0.03190 0.07654 ( 1)  0.424 +-  0.866
 143 R   0.49294 0.09015 0.06705 0.05543 0.04769 0.04169 0.03658 0.03195 0.02772 0.03192 0.07689 ( 1)  0.426 +-  0.870
 144 Q   0.49432 0.09038 0.06718 0.05549 0.04770 0.04167 0.03654 0.03188 0.02764 0.03182 0.07539 ( 1)  0.420 +-  0.852
 145 V   0.49270 0.09010 0.06703 0.05541 0.04768 0.04170 0.03659 0.03196 0.02773 0.03194 0.07716 ( 1)  0.427 +-  0.874
 146 G   0.49703 0.09084 0.06742 0.05560 0.04773 0.04163 0.03643 0.03174 0.02747 0.03160 0.07251 ( 1)  0.407 +-  0.817
 147 C   0.49549 0.09058 0.06728 0.05554 0.04772 0.04166 0.03650 0.03182 0.02757 0.03173 0.07411 ( 1)  0.414 +-  0.836
 148 P   0.49290 0.09014 0.06705 0.05542 0.04769 0.04170 0.03658 0.03195 0.02772 0.03192 0.07693 ( 1)  0.426 +-  0.871
 149 C   0.49549 0.09058 0.06728 0.05554 0.04772 0.04166 0.03650 0.03182 0.02757 0.03173 0.07411 ( 1)  0.414 +-  0.836
 150 Q   0.49432 0.09038 0.06718 0.05549 0.04770 0.04167 0.03654 0.03188 0.02764 0.03182 0.07539 ( 1)  0.420 +-  0.852
 151 E   0.49584 0.09064 0.06731 0.05555 0.04772 0.04165 0.03648 0.03180 0.02755 0.03169 0.07377 ( 1)  0.413 +-  0.833
 152 T   0.49236 0.09005 0.06700 0.05540 0.04768 0.04170 0.03660 0.03198 0.02775 0.03196 0.07753 ( 1)  0.429 +-  0.878
 153 Y   0.49699 0.09083 0.06742 0.05560 0.04773 0.04163 0.03644 0.03174 0.02748 0.03160 0.07255 ( 1)  0.408 +-  0.818
 154 T   0.49236 0.09005 0.06700 0.05540 0.04768 0.04170 0.03660 0.03198 0.02775 0.03196 0.07753 ( 1)  0.429 +-  0.878
 155 S   0.49433 0.09038 0.06718 0.05549 0.04770 0.04168 0.03654 0.03188 0.02764 0.03182 0.07537 ( 1)  0.419 +-  0.852
 156 Y   0.49699 0.09083 0.06742 0.05560 0.04773 0.04163 0.03644 0.03174 0.02748 0.03160 0.07255 ( 1)  0.408 +-  0.818
 157 T   0.49537 0.09056 0.06727 0.05553 0.04771 0.04166 0.03650 0.03183 0.02758 0.03173 0.07425 ( 1)  0.415 +-  0.838
 158 F   0.49253 0.09008 0.06701 0.05541 0.04768 0.04170 0.03660 0.03197 0.02774 0.03195 0.07733 ( 1)  0.428 +-  0.876
 159 L   0.49211 0.09000 0.06697 0.05539 0.04768 0.04170 0.03661 0.03199 0.02776 0.03198 0.07780 ( 1)  0.430 +-  0.882
 160 H   0.49418 0.09036 0.06716 0.05548 0.04770 0.04168 0.03654 0.03189 0.02765 0.03183 0.07554 ( 1)  0.420 +-  0.854
 161 K   0.49558 0.09060 0.06729 0.05554 0.04771 0.04165 0.03649 0.03182 0.02756 0.03172 0.07403 ( 1)  0.414 +-  0.836
 162 D   0.49467 0.09044 0.06721 0.05550 0.04771 0.04167 0.03652 0.03186 0.02762 0.03179 0.07502 ( 1)  0.418 +-  0.848
 163 V   0.49270 0.09010 0.06703 0.05541 0.04768 0.04170 0.03659 0.03196 0.02773 0.03194 0.07716 ( 1)  0.427 +-  0.874
 164 N   0.49454 0.09042 0.06720 0.05550 0.04771 0.04167 0.03653 0.03187 0.02763 0.03180 0.07515 ( 1)  0.419 +-  0.849
 165 Q   0.49232 0.09004 0.06699 0.05540 0.04768 0.04170 0.03660 0.03198 0.02775 0.03197 0.07756 ( 1)  0.429 +-  0.879
 166 R   0.49416 0.09035 0.06716 0.05548 0.04770 0.04168 0.03654 0.03189 0.02765 0.03183 0.07555 ( 1)  0.420 +-  0.854
 167 C   0.49549 0.09058 0.06728 0.05554 0.04772 0.04166 0.03650 0.03182 0.02757 0.03173 0.07411 ( 1)  0.414 +-  0.836
 168 Y   0.49699 0.09083 0.06742 0.05560 0.04773 0.04163 0.03644 0.03174 0.02748 0.03160 0.07255 ( 1)  0.408 +-  0.818
 169 C   0.49549 0.09058 0.06728 0.05554 0.04772 0.04166 0.03650 0.03182 0.02757 0.03173 0.07411 ( 1)  0.414 +-  0.836
 170 G   0.49703 0.09084 0.06742 0.05560 0.04773 0.04163 0.03643 0.03174 0.02747 0.03160 0.07251 ( 1)  0.407 +-  0.817
 171 N   0.49848 0.09109 0.06755 0.05566 0.04773 0.04159 0.03637 0.03166 0.02738 0.03147 0.07102 ( 1)  0.402 +-  0.800
 172 H   0.49772 0.09096 0.06748 0.05563 0.04773 0.04161 0.03640 0.03170 0.02742 0.03153 0.07182 ( 1)  0.405 +-  0.810
 173 M   0.49476 0.09046 0.06722 0.05551 0.04771 0.04167 0.03652 0.03186 0.02761 0.03178 0.07491 ( 1)  0.417 +-  0.846
 174 R   0.49294 0.09015 0.06705 0.05543 0.04769 0.04169 0.03658 0.03195 0.02772 0.03192 0.07689 ( 1)  0.426 +-  0.870
 175 L   0.49026 0.08969 0.06680 0.05530 0.04765 0.04172 0.03666 0.03207 0.02786 0.03211 0.07987 ( 1)  0.439 +-  0.907
 176 V   0.49336 0.09022 0.06709 0.05544 0.04769 0.04169 0.03657 0.03193 0.02769 0.03189 0.07643 ( 1)  0.424 +-  0.865
 177 S   0.49184 0.08996 0.06695 0.05537 0.04767 0.04171 0.03662 0.03200 0.02778 0.03200 0.07810 ( 1)  0.431 +-  0.885
 178 Y   0.49699 0.09083 0.06742 0.05560 0.04773 0.04163 0.03644 0.03174 0.02748 0.03160 0.07255 ( 1)  0.408 +-  0.818
 179 D   0.49854 0.09110 0.06755 0.05566 0.04773 0.04159 0.03637 0.03165 0.02737 0.03146 0.07099 ( 1)  0.401 +-  0.801
 180 E   0.49584 0.09064 0.06731 0.05555 0.04772 0.04165 0.03648 0.03180 0.02755 0.03169 0.07377 ( 1)  0.413 +-  0.833
 181 Y   0.49699 0.09083 0.06742 0.05560 0.04773 0.04163 0.03644 0.03174 0.02748 0.03160 0.07255 ( 1)  0.408 +-  0.818
 182 F   0.49534 0.09055 0.06727 0.05553 0.04771 0.04166 0.03650 0.03183 0.02758 0.03174 0.07428 ( 1)  0.415 +-  0.838
 183 Q   0.49432 0.09038 0.06718 0.05549 0.04770 0.04167 0.03654 0.03188 0.02764 0.03182 0.07539 ( 1)  0.420 +-  0.852
 184 D   0.49854 0.09110 0.06755 0.05566 0.04773 0.04159 0.03637 0.03165 0.02737 0.03146 0.07099 ( 1)  0.401 +-  0.801
 185 L   0.49211 0.09000 0.06697 0.05539 0.04768 0.04170 0.03661 0.03199 0.02776 0.03198 0.07780 ( 1)  0.430 +-  0.882
 186 R   0.49642 0.09074 0.06737 0.05558 0.04772 0.04164 0.03646 0.03177 0.02751 0.03165 0.07315 ( 1)  0.410 +-  0.825
 187 K   0.49558 0.09060 0.06729 0.05554 0.04771 0.04165 0.03649 0.03182 0.02756 0.03172 0.07403 ( 1)  0.414 +-  0.836
 188 R   0.49642 0.09074 0.06737 0.05558 0.04772 0.04164 0.03646 0.03177 0.02751 0.03165 0.07315 ( 1)  0.410 +-  0.825
 189 I   0.49617 0.09070 0.06734 0.05557 0.04772 0.04164 0.03647 0.03179 0.02753 0.03167 0.07341 ( 1)  0.411 +-  0.828
 190 T   0.49537 0.09056 0.06727 0.05553 0.04771 0.04166 0.03650 0.03183 0.02758 0.03173 0.07425 ( 1)  0.415 +-  0.838
 191 D   0.49854 0.09110 0.06755 0.05566 0.04773 0.04159 0.03637 0.03165 0.02737 0.03146 0.07099 ( 1)  0.401 +-  0.801
 192 C   0.49549 0.09058 0.06728 0.05554 0.04772 0.04166 0.03650 0.03182 0.02757 0.03173 0.07411 ( 1)  0.414 +-  0.836
 193 Y   0.49699 0.09083 0.06742 0.05560 0.04773 0.04163 0.03644 0.03174 0.02748 0.03160 0.07255 ( 1)  0.408 +-  0.818
 194 E   0.49584 0.09064 0.06731 0.05555 0.04772 0.04165 0.03648 0.03180 0.02755 0.03169 0.07377 ( 1)  0.413 +-  0.833
 195 A   0.49580 0.09063 0.06731 0.05555 0.04772 0.04165 0.03648 0.03181 0.02755 0.03170 0.07380 ( 1)  0.413 +-  0.833
 196 Y   0.49699 0.09083 0.06742 0.05560 0.04773 0.04163 0.03644 0.03174 0.02748 0.03160 0.07255 ( 1)  0.408 +-  0.818
 197 H   0.49772 0.09096 0.06748 0.05563 0.04773 0.04161 0.03640 0.03170 0.02742 0.03153 0.07182 ( 1)  0.405 +-  0.810
 198 K   0.49558 0.09060 0.06729 0.05554 0.04771 0.04165 0.03649 0.03182 0.02756 0.03172 0.07403 ( 1)  0.414 +-  0.836
 199 L   0.49211 0.09000 0.06697 0.05539 0.04768 0.04170 0.03661 0.03199 0.02776 0.03198 0.07780 ( 1)  0.430 +-  0.882
 200 P   0.49527 0.09054 0.06726 0.05553 0.04771 0.04166 0.03650 0.03183 0.02758 0.03174 0.07437 ( 1)  0.415 +-  0.840
 201 E   0.49306 0.09017 0.06706 0.05543 0.04769 0.04169 0.03658 0.03194 0.02771 0.03191 0.07675 ( 1)  0.425 +-  0.869
 202 G   0.49703 0.09084 0.06742 0.05560 0.04773 0.04163 0.03643 0.03174 0.02747 0.03160 0.07251 ( 1)  0.407 +-  0.817
 203 K   0.49558 0.09060 0.06729 0.05554 0.04771 0.04165 0.03649 0.03182 0.02756 0.03172 0.07403 ( 1)  0.414 +-  0.836
 204 R   0.49642 0.09074 0.06737 0.05558 0.04772 0.04164 0.03646 0.03177 0.02751 0.03165 0.07315 ( 1)  0.410 +-  0.825
 205 S   0.49433 0.09038 0.06718 0.05549 0.04770 0.04168 0.03654 0.03188 0.02764 0.03182 0.07537 ( 1)  0.419 +-  0.852
 206 F   0.49534 0.09055 0.06727 0.05553 0.04771 0.04166 0.03650 0.03183 0.02758 0.03174 0.07428 ( 1)  0.415 +-  0.838
 207 D   0.49467 0.09044 0.06721 0.05550 0.04771 0.04167 0.03652 0.03186 0.02762 0.03179 0.07502 ( 1)  0.418 +-  0.848
 208 Q   0.49432 0.09038 0.06718 0.05549 0.04770 0.04167 0.03654 0.03188 0.02764 0.03182 0.07539 ( 1)  0.420 +-  0.852
 209 L   0.49237 0.09005 0.06700 0.05540 0.04768 0.04170 0.03660 0.03197 0.02775 0.03196 0.07751 ( 1)  0.429 +-  0.878
 210 D   0.49854 0.09110 0.06755 0.05566 0.04773 0.04159 0.03637 0.03165 0.02737 0.03146 0.07099 ( 1)  0.401 +-  0.801
 211 E   0.49306 0.09017 0.06706 0.05543 0.04769 0.04169 0.03658 0.03194 0.02771 0.03191 0.07675 ( 1)  0.425 +-  0.869
 212 E   0.49584 0.09064 0.06731 0.05555 0.04772 0.04165 0.03648 0.03180 0.02755 0.03169 0.07377 ( 1)  0.413 +-  0.833
 213 Y   0.49699 0.09083 0.06742 0.05560 0.04773 0.04163 0.03644 0.03174 0.02748 0.03160 0.07255 ( 1)  0.408 +-  0.818
 214 Q   0.49432 0.09038 0.06718 0.05549 0.04770 0.04167 0.03654 0.03188 0.02764 0.03182 0.07539 ( 1)  0.420 +-  0.852
 215 V   0.49270 0.09010 0.06703 0.05541 0.04768 0.04170 0.03659 0.03196 0.02773 0.03194 0.07716 ( 1)  0.427 +-  0.874
 216 L   0.49211 0.09000 0.06697 0.05539 0.04768 0.04170 0.03661 0.03199 0.02776 0.03198 0.07780 ( 1)  0.430 +-  0.882
 217 V   0.49597 0.09066 0.06732 0.05556 0.04772 0.04165 0.03647 0.03180 0.02754 0.03168 0.07363 ( 1)  0.412 +-  0.831
 218 Y   0.49699 0.09083 0.06742 0.05560 0.04773 0.04163 0.03644 0.03174 0.02748 0.03160 0.07255 ( 1)  0.408 +-  0.818
 219 N   0.49848 0.09109 0.06755 0.05566 0.04773 0.04159 0.03637 0.03166 0.02738 0.03147 0.07102 ( 1)  0.402 +-  0.800
 220 Y   0.49699 0.09083 0.06742 0.05560 0.04773 0.04163 0.03644 0.03174 0.02748 0.03160 0.07255 ( 1)  0.408 +-  0.818
 221 P   0.49527 0.09054 0.06726 0.05553 0.04771 0.04166 0.03650 0.03183 0.02758 0.03174 0.07437 ( 1)  0.415 +-  0.840
 222 M   0.49476 0.09046 0.06722 0.05551 0.04771 0.04167 0.03652 0.03186 0.02761 0.03178 0.07491 ( 1)  0.417 +-  0.846
 223 V   0.49270 0.09010 0.06703 0.05541 0.04768 0.04170 0.03659 0.03196 0.02773 0.03194 0.07716 ( 1)  0.427 +-  0.874
 224 V   0.49270 0.09010 0.06703 0.05541 0.04768 0.04170 0.03659 0.03196 0.02773 0.03194 0.07716 ( 1)  0.427 +-  0.874
 225 G   0.49703 0.09084 0.06742 0.05560 0.04773 0.04163 0.03643 0.03174 0.02747 0.03160 0.07251 ( 1)  0.407 +-  0.817
 226 P   0.49527 0.09054 0.06726 0.05553 0.04771 0.04166 0.03650 0.03183 0.02758 0.03174 0.07437 ( 1)  0.415 +-  0.840
 227 I   0.49617 0.09070 0.06734 0.05557 0.04772 0.04164 0.03647 0.03179 0.02753 0.03167 0.07341 ( 1)  0.411 +-  0.828
 228 E   0.49306 0.09017 0.06706 0.05543 0.04769 0.04169 0.03658 0.03194 0.02771 0.03191 0.07675 ( 1)  0.425 +-  0.869
 229 Q   0.49432 0.09038 0.06718 0.05549 0.04770 0.04167 0.03654 0.03188 0.02764 0.03182 0.07539 ( 1)  0.420 +-  0.852
 230 G   0.49703 0.09084 0.06742 0.05560 0.04773 0.04163 0.03643 0.03174 0.02747 0.03160 0.07251 ( 1)  0.407 +-  0.817
 231 N   0.49848 0.09109 0.06755 0.05566 0.04773 0.04159 0.03637 0.03166 0.02738 0.03147 0.07102 ( 1)  0.402 +-  0.800
 232 L   0.49026 0.08969 0.06680 0.05530 0.04765 0.04172 0.03666 0.03207 0.02786 0.03211 0.07987 ( 1)  0.439 +-  0.907
 233 E   0.49584 0.09064 0.06731 0.05555 0.04772 0.04165 0.03648 0.03180 0.02755 0.03169 0.07377 ( 1)  0.413 +-  0.833
 234 A   0.49580 0.09063 0.06731 0.05555 0.04772 0.04165 0.03648 0.03181 0.02755 0.03170 0.07380 ( 1)  0.413 +-  0.833
 235 A   0.49580 0.09063 0.06731 0.05555 0.04772 0.04165 0.03648 0.03181 0.02755 0.03170 0.07380 ( 1)  0.413 +-  0.833
 236 L   0.49211 0.09000 0.06697 0.05539 0.04768 0.04170 0.03661 0.03199 0.02776 0.03198 0.07780 ( 1)  0.430 +-  0.882
 237 P   0.49290 0.09014 0.06705 0.05542 0.04769 0.04170 0.03658 0.03195 0.02772 0.03192 0.07693 ( 1)  0.426 +-  0.871
 238 P   0.49290 0.09014 0.06705 0.05542 0.04769 0.04170 0.03658 0.03195 0.02772 0.03192 0.07693 ( 1)  0.426 +-  0.871
 239 K   0.49558 0.09060 0.06729 0.05554 0.04771 0.04165 0.03649 0.03182 0.02756 0.03172 0.07403 ( 1)  0.414 +-  0.836
 240 T   0.49537 0.09056 0.06727 0.05553 0.04771 0.04166 0.03650 0.03183 0.02758 0.03173 0.07425 ( 1)  0.415 +-  0.838
 241 W   0.49206 0.09000 0.06697 0.05539 0.04768 0.04171 0.03661 0.03199 0.02777 0.03199 0.07785 ( 1)  0.430 +-  0.882
 242 K   0.49274 0.09011 0.06703 0.05542 0.04769 0.04170 0.03659 0.03196 0.02773 0.03194 0.07710 ( 1)  0.427 +-  0.873
 243 E   0.49584 0.09064 0.06731 0.05555 0.04772 0.04165 0.03648 0.03180 0.02755 0.03169 0.07377 ( 1)  0.413 +-  0.833
 244 L   0.49211 0.09000 0.06697 0.05539 0.04768 0.04170 0.03661 0.03199 0.02776 0.03198 0.07780 ( 1)  0.430 +-  0.882
 245 E   0.49306 0.09017 0.06706 0.05543 0.04769 0.04169 0.03658 0.03194 0.02771 0.03191 0.07675 ( 1)  0.425 +-  0.869
 246 D   0.49854 0.09110 0.06755 0.05566 0.04773 0.04159 0.03637 0.03165 0.02737 0.03146 0.07099 ( 1)  0.401 +-  0.801
 247 S   0.49347 0.09024 0.06710 0.05545 0.04769 0.04169 0.03657 0.03192 0.02769 0.03188 0.07630 ( 1)  0.423 +-  0.863
 248 L   0.49237 0.09005 0.06700 0.05540 0.04768 0.04170 0.03660 0.03197 0.02775 0.03196 0.07751 ( 1)  0.429 +-  0.878
 249 G   0.49703 0.09084 0.06742 0.05560 0.04773 0.04163 0.03643 0.03174 0.02747 0.03160 0.07251 ( 1)  0.407 +-  0.817
 250 N   0.49454 0.09042 0.06720 0.05550 0.04771 0.04167 0.03653 0.03187 0.02763 0.03180 0.07515 ( 1)  0.419 +-  0.849
 251 L   0.49211 0.09000 0.06697 0.05539 0.04768 0.04170 0.03661 0.03199 0.02776 0.03198 0.07780 ( 1)  0.430 +-  0.882
 252 R   0.49330 0.09021 0.06708 0.05544 0.04769 0.04169 0.03657 0.03193 0.02770 0.03189 0.07649 ( 1)  0.424 +-  0.866
 253 S   0.49004 0.08965 0.06678 0.05529 0.04765 0.04173 0.03667 0.03208 0.02787 0.03213 0.08012 ( 1)  0.440 +-  0.910
 254 P   0.49290 0.09014 0.06705 0.05542 0.04769 0.04170 0.03658 0.03195 0.02772 0.03192 0.07693 ( 1)  0.426 +-  0.871
 255 L   0.49148 0.08990 0.06691 0.05536 0.04767 0.04171 0.03663 0.03201 0.02780 0.03203 0.07850 ( 1)  0.433 +-  0.890
 256 V   0.49270 0.09010 0.06703 0.05541 0.04768 0.04170 0.03659 0.03196 0.02773 0.03194 0.07716 ( 1)  0.427 +-  0.874
 257 N   0.49454 0.09042 0.06720 0.05550 0.04771 0.04167 0.03653 0.03187 0.02763 0.03180 0.07515 ( 1)  0.419 +-  0.849
 258 L   0.49148 0.08990 0.06691 0.05536 0.04767 0.04171 0.03663 0.03201 0.02780 0.03203 0.07850 ( 1)  0.433 +-  0.890
 259 H   0.49418 0.09036 0.06716 0.05548 0.04770 0.04168 0.03654 0.03189 0.02765 0.03183 0.07554 ( 1)  0.420 +-  0.854

Positively selected sites

	Prob(w>1)  mean w


