Supplemental results for CODEML (seqf: algn  treef: tree)


dN/dS (w) for site classes (K=8)

p:   0.12500  0.12500  0.12500  0.12500  0.12500  0.12500  0.12500  0.12500
w:   0.00000  0.00000  0.00000  0.00000  0.00000  0.00000  0.00002  0.20450

Naive Empirical Bayes (NEB) probabilities for 8 classes & postmean_w
(amino acids refer to 1st sequence: Msl.1810)

   1 M   0.13167 0.13167 0.13167 0.13167 0.13167 0.13167 0.13166 0.07831 ( 5)  0.016
   2 L   0.12962 0.12962 0.12962 0.12962 0.12962 0.12962 0.12962 0.09264 ( 1)  0.019
   3 P   0.13073 0.13073 0.13073 0.13073 0.13073 0.13073 0.13072 0.08490 ( 5)  0.017
   4 H   0.13161 0.13161 0.13161 0.13161 0.13161 0.13161 0.13161 0.07871 ( 1)  0.016
   5 K   0.13220 0.13220 0.13220 0.13220 0.13220 0.13220 0.13219 0.07462 ( 2)  0.015
   6 L   0.12980 0.12980 0.12980 0.12980 0.12980 0.12980 0.12980 0.09138 ( 1)  0.019
   7 A   0.12904 0.12904 0.12904 0.12904 0.12904 0.12904 0.12904 0.09669 ( 2)  0.020
   8 R   0.13127 0.13127 0.13127 0.13127 0.13127 0.13127 0.13126 0.08112 ( 2)  0.017
   9 G   0.12968 0.12968 0.12968 0.12968 0.12968 0.12968 0.12968 0.09224 ( 2)  0.019
  10 A   0.13039 0.13039 0.13039 0.13039 0.13039 0.13039 0.13038 0.08729 ( 5)  0.018
  11 E   0.13229 0.13229 0.13229 0.13229 0.13229 0.13229 0.13228 0.07400 ( 5)  0.015
  12 A   0.12735 0.12735 0.12735 0.12735 0.12735 0.12735 0.12735 0.10854 ( 2)  0.022
  13 L   0.12867 0.12867 0.12867 0.12867 0.12867 0.12867 0.12867 0.09932 ( 1)  0.020
  14 D   0.13200 0.13200 0.13200 0.13200 0.13200 0.13200 0.13199 0.07600 ( 2)  0.016
  15 R   0.12770 0.12770 0.12770 0.12770 0.12770 0.12770 0.12770 0.10610 ( 1)  0.022
  16 L   0.12883 0.12883 0.12883 0.12883 0.12883 0.12883 0.12883 0.09817 ( 2)  0.020
  17 K   0.13027 0.13027 0.13027 0.13027 0.13027 0.13027 0.13027 0.08810 ( 1)  0.018
  18 V   0.13089 0.13089 0.13089 0.13089 0.13089 0.13089 0.13088 0.08377 ( 5)  0.017
  19 F   0.13019 0.13019 0.13019 0.13019 0.13019 0.13019 0.13018 0.08870 ( 1)  0.018
  20 E   0.13054 0.13054 0.13054 0.13054 0.13054 0.13054 0.13053 0.08623 ( 2)  0.018
  21 G   0.13110 0.13110 0.13110 0.13110 0.13110 0.13110 0.13109 0.08232 ( 2)  0.017
  22 I   0.12954 0.12954 0.12954 0.12954 0.12954 0.12954 0.12954 0.09322 ( 1)  0.019
  23 P   0.13038 0.13038 0.13038 0.13038 0.13038 0.13038 0.13038 0.08732 ( 5)  0.018
  24 S   0.13128 0.13128 0.13128 0.13128 0.13128 0.13128 0.13127 0.08106 ( 5)  0.017
  25 P   0.12894 0.12894 0.12894 0.12894 0.12894 0.12894 0.12894 0.09741 ( 1)  0.020
  26 Y   0.13095 0.13095 0.13095 0.13095 0.13095 0.13095 0.13094 0.08337 ( 2)  0.017
  27 D   0.13200 0.13200 0.13200 0.13200 0.13200 0.13200 0.13199 0.07600 ( 2)  0.016
  28 K   0.13220 0.13220 0.13220 0.13220 0.13220 0.13220 0.13219 0.07462 ( 2)  0.015
  29 A   0.13039 0.13039 0.13039 0.13039 0.13039 0.13039 0.13038 0.08729 ( 5)  0.018
  30 K   0.13220 0.13220 0.13220 0.13220 0.13220 0.13220 0.13219 0.07462 ( 2)  0.015
  31 R   0.12770 0.12770 0.12770 0.12770 0.12770 0.12770 0.12770 0.10610 ( 1)  0.022
  32 Q   0.13121 0.13121 0.13121 0.13121 0.13121 0.13121 0.13120 0.08155 ( 1)  0.017
  33 V   0.12903 0.12903 0.12903 0.12903 0.12903 0.12903 0.12902 0.09681 ( 5)  0.020
  34 V   0.13089 0.13089 0.13089 0.13089 0.13089 0.13089 0.13088 0.08377 ( 5)  0.017
  35 P   0.13073 0.13073 0.13073 0.13073 0.13073 0.13073 0.13072 0.08490 ( 5)  0.017
  36 S   0.12907 0.12907 0.12907 0.12907 0.12907 0.12907 0.12906 0.09655 ( 1)  0.020
  37 A   0.13089 0.13089 0.13089 0.13089 0.13089 0.13089 0.13088 0.08380 ( 2)  0.017
  38 L   0.13006 0.13006 0.13006 0.13006 0.13006 0.13006 0.13005 0.08960 ( 2)  0.018
  39 K   0.13220 0.13220 0.13220 0.13220 0.13220 0.13220 0.13219 0.07462 ( 2)  0.015
  40 C   0.12889 0.12889 0.12889 0.12889 0.12889 0.12889 0.12888 0.09779 ( 2)  0.020
  41 L   0.13006 0.13006 0.13006 0.13006 0.13006 0.13006 0.13005 0.08960 ( 2)  0.018
  42 R   0.12897 0.12897 0.12897 0.12897 0.12897 0.12897 0.12896 0.09723 ( 5)  0.020
  43 L   0.12888 0.12888 0.12888 0.12888 0.12888 0.12888 0.12888 0.09783 ( 2)  0.020
  44 K   0.13220 0.13220 0.13220 0.13220 0.13220 0.13220 0.13219 0.07462 ( 2)  0.015
  45 T   0.13000 0.13000 0.13000 0.13000 0.13000 0.13000 0.13000 0.08998 ( 5)  0.018
  46 R   0.12950 0.12950 0.12950 0.12950 0.12950 0.12950 0.12950 0.09347 ( 1)  0.019
  47 R   0.13087 0.13087 0.13087 0.13087 0.13087 0.13087 0.13087 0.08391 ( 1)  0.017
  48 K   0.13220 0.13220 0.13220 0.13220 0.13220 0.13220 0.13219 0.07462 ( 2)  0.015
  49 F   0.13019 0.13019 0.13019 0.13019 0.13019 0.13019 0.13018 0.08870 ( 1)  0.018
  50 C   0.13020 0.13020 0.13020 0.13020 0.13020 0.13020 0.13019 0.08861 ( 2)  0.018
  51 V   0.13059 0.13059 0.13059 0.13059 0.13059 0.13059 0.13059 0.08585 ( 5)  0.018
  52 L   0.13006 0.13006 0.13006 0.13006 0.13006 0.13006 0.13005 0.08960 ( 2)  0.018
  53 G   0.13110 0.13110 0.13110 0.13110 0.13110 0.13110 0.13109 0.08232 ( 2)  0.017
  54 R   0.13087 0.13087 0.13087 0.13087 0.13087 0.13087 0.13087 0.08391 ( 1)  0.017
  55 L   0.12962 0.12962 0.12962 0.12962 0.12962 0.12962 0.12962 0.09264 ( 1)  0.019
  56 S   0.12911 0.12911 0.12911 0.12911 0.12911 0.12911 0.12911 0.09620 ( 2)  0.020
  57 H   0.13161 0.13161 0.13161 0.13161 0.13161 0.13161 0.13161 0.07871 ( 1)  0.016
  58 E   0.13229 0.13229 0.13229 0.13229 0.13229 0.13229 0.13228 0.07400 ( 5)  0.015
  59 V   0.13040 0.13040 0.13040 0.13040 0.13040 0.13040 0.13039 0.08721 ( 5)  0.018
  60 G   0.12933 0.12933 0.12933 0.12933 0.12933 0.12933 0.12933 0.09469 ( 5)  0.019
  61 W   0.12947 0.12947 0.12947 0.12947 0.12947 0.12947 0.12946 0.09373 ( 5)  0.019
  62 K   0.12739 0.12739 0.12739 0.12739 0.12739 0.12739 0.12739 0.10827 ( 1)  0.022
  63 Y   0.13095 0.13095 0.13095 0.13095 0.13095 0.13095 0.13094 0.08337 ( 2)  0.017
  64 Q   0.12976 0.12976 0.12976 0.12976 0.12976 0.12976 0.12975 0.09170 ( 1)  0.019
  65 G   0.13110 0.13110 0.13110 0.13110 0.13110 0.13110 0.13109 0.08232 ( 2)  0.017
  66 V   0.12771 0.12771 0.12771 0.12771 0.12771 0.12771 0.12771 0.10604 ( 5)  0.022
  67 I   0.12795 0.12795 0.12795 0.12795 0.12795 0.12795 0.12794 0.10438 ( 1)  0.021
  68 G   0.13110 0.13110 0.13110 0.13110 0.13110 0.13110 0.13109 0.08232 ( 2)  0.017
  69 T   0.13000 0.13000 0.13000 0.13000 0.13000 0.13000 0.13000 0.08998 ( 5)  0.018
  70 L   0.12957 0.12957 0.12957 0.12957 0.12957 0.12957 0.12956 0.09304 ( 2)  0.019
  71 E   0.13229 0.13229 0.13229 0.13229 0.13229 0.13229 0.13228 0.07400 ( 5)  0.015
  72 R   0.13087 0.13087 0.13087 0.13087 0.13087 0.13087 0.13087 0.08391 ( 1)  0.017
  73 R   0.13127 0.13127 0.13127 0.13127 0.13127 0.13127 0.13126 0.08112 ( 2)  0.017
  74 R   0.12950 0.12950 0.12950 0.12950 0.12950 0.12950 0.12950 0.09347 ( 1)  0.019
  75 K   0.13027 0.13027 0.13027 0.13027 0.13027 0.13027 0.13027 0.08810 ( 1)  0.018
  76 V   0.13089 0.13089 0.13089 0.13089 0.13089 0.13089 0.13088 0.08377 ( 5)  0.017
  77 K   0.12739 0.12739 0.12739 0.12739 0.12739 0.12739 0.12739 0.10827 ( 1)  0.022
  78 S   0.12911 0.12911 0.12911 0.12911 0.12911 0.12911 0.12911 0.09620 ( 2)  0.020
  79 A   0.12735 0.12735 0.12735 0.12735 0.12735 0.12735 0.12735 0.10854 ( 2)  0.022
  80 H   0.13161 0.13161 0.13161 0.13161 0.13161 0.13161 0.13161 0.07871 ( 1)  0.016
  81 F   0.12743 0.12743 0.12743 0.12743 0.12743 0.12743 0.12743 0.10800 ( 1)  0.022
  82 H   0.13161 0.13161 0.13161 0.13161 0.13161 0.13161 0.13161 0.07871 ( 1)  0.016
  83 K   0.13220 0.13220 0.13220 0.13220 0.13220 0.13220 0.13219 0.07462 ( 2)  0.015
  84 R   0.12950 0.12950 0.12950 0.12950 0.12950 0.12950 0.12950 0.09347 ( 1)  0.019
  85 Q   0.13121 0.13121 0.13121 0.13121 0.13121 0.13121 0.13120 0.08155 ( 1)  0.017
  86 L   0.00000 0.00000 0.00000 0.00000 0.00000 0.00000 0.00013 0.99987 ( 8)  0.204
  87 R   0.13088 0.13088 0.13088 0.13088 0.13088 0.13088 0.13087 0.08386 ( 1)  0.017
  88 D   0.13078 0.13078 0.13078 0.13078 0.13078 0.13078 0.13077 0.08454 ( 5)  0.017
  89 R   0.12950 0.12950 0.12950 0.12950 0.12950 0.12950 0.12950 0.09347 ( 1)  0.019
  90 Q   0.13121 0.13121 0.13121 0.13121 0.13121 0.13121 0.13120 0.08155 ( 1)  0.017
  91 L   0.12867 0.12867 0.12867 0.12867 0.12867 0.12867 0.12867 0.09932 ( 1)  0.020
  92 R   0.13087 0.13087 0.13087 0.13087 0.13087 0.13087 0.13087 0.08391 ( 1)  0.017
  93 S   0.00000 0.00000 0.00000 0.00000 0.00000 0.00000 0.00012 0.99988 ( 8)  0.204
  94 K   0.13027 0.13027 0.13027 0.13027 0.13027 0.13027 0.13027 0.08810 ( 1)  0.018
  95 A   0.13054 0.13054 0.13054 0.13054 0.13054 0.13054 0.13053 0.08625 ( 5)  0.018
  96 V   0.00000 0.00000 0.00000 0.00000 0.00000 0.00000 0.00000 1.00000 ( 8)  0.205
  97 E   0.13229 0.13229 0.13229 0.13229 0.13229 0.13229 0.13228 0.07400 ( 5)  0.015
  98 K   0.13220 0.13220 0.13220 0.13220 0.13220 0.13220 0.13219 0.07462 ( 2)  0.015
  99 V   0.13059 0.13059 0.13059 0.13059 0.13059 0.13059 0.13059 0.08585 ( 5)  0.018
 100 K   0.13220 0.13220 0.13220 0.13220 0.13220 0.13220 0.13219 0.07462 ( 2)  0.015
 101 D   0.12913 0.12913 0.12913 0.12913 0.12913 0.12913 0.12913 0.09608 ( 5)  0.020
 102 R   0.13088 0.13088 0.13088 0.13088 0.13088 0.13088 0.13088 0.08383 ( 1)  0.017
 103 V   0.13089 0.13089 0.13089 0.13089 0.13089 0.13089 0.13088 0.08377 ( 5)  0.017
 104 A   0.13039 0.13039 0.13039 0.13039 0.13039 0.13039 0.13038 0.08729 ( 5)  0.018
 105 K   0.13220 0.13220 0.13220 0.13220 0.13220 0.13220 0.13219 0.07462 ( 2)  0.015
 106 Y   0.12760 0.12760 0.12760 0.12760 0.12760 0.12760 0.12760 0.10681 ( 2)  0.022
 107 Q   0.13121 0.13121 0.13121 0.13121 0.13121 0.13121 0.13120 0.08155 ( 1)  0.017
 108 K   0.13220 0.13220 0.13220 0.13220 0.13220 0.13220 0.13219 0.07462 ( 2)  0.015
 109 I   0.12795 0.12795 0.12795 0.12795 0.12795 0.12795 0.12794 0.10438 ( 1)  0.021
 110 I   0.13083 0.13083 0.13083 0.13083 0.13083 0.13083 0.13083 0.08419 ( 1)  0.017
 111 E   0.13229 0.13229 0.13229 0.13229 0.13229 0.13229 0.13228 0.07400 ( 5)  0.015
 112 S   0.12912 0.12912 0.12912 0.12912 0.12912 0.12912 0.12911 0.09620 ( 2)  0.020
 113 F   0.00000 0.00000 0.00000 0.00000 0.00000 0.00000 0.00015 0.99985 ( 8)  0.204
 114 G   0.13164 0.13164 0.13164 0.13164 0.13164 0.13164 0.13163 0.07856 ( 2)  0.016
 115 H   0.13049 0.13049 0.13049 0.13049 0.13049 0.13049 0.13049 0.08657 ( 1)  0.018
 116 K   0.13220 0.13220 0.13220 0.13220 0.13220 0.13220 0.13219 0.07462 ( 2)  0.015


lnL =  -582.311048

