Supplemental results for CODEML (seqf: algn  treef: tree)


dN/dS (w) for site classes (K=9)

p:   0.11628  0.11628  0.11628  0.11628  0.11628  0.11628  0.11628  0.11628  0.06975
w:   1.00000  1.00000  1.00000  1.00000  1.00000  1.00000  1.00000  1.00000 25.53835

Naive Empirical Bayes (NEB) probabilities for 9 classes & postmean_w & P(w>1)
(amino acids refer to 1st sequence: trc.11949)

   1 M   0.12446 0.12446 0.12446 0.12446 0.12446 0.12446 0.12446 0.12446 0.00429 ( 1)  1.105  0.004
   2 K   0.12277 0.12277 0.12277 0.12277 0.12277 0.12277 0.12277 0.12277 0.01782 ( 1)  1.437  0.018
   3 L   0.12355 0.12355 0.12355 0.12355 0.12355 0.12355 0.12355 0.12355 0.01159 ( 1)  1.284  0.012
   4 G   0.11521 0.11521 0.11521 0.11521 0.11521 0.11521 0.11521 0.11521 0.07835 ( 1)  2.922  0.078
   5 E   0.12384 0.12384 0.12384 0.12384 0.12384 0.12384 0.12384 0.12384 0.00928 ( 1)  1.228  0.009
   6 A   0.10004 0.10004 0.10004 0.10004 0.10004 0.10004 0.10004 0.10004 0.19964 ( 9)  5.899  0.200
   7 I   0.12400 0.12400 0.12400 0.12400 0.12400 0.12400 0.12400 0.12400 0.00803 ( 1)  1.197  0.008
   8 V   0.12388 0.12388 0.12388 0.12388 0.12388 0.12388 0.12388 0.12388 0.00894 ( 1)  1.219  0.009
   9 P   0.12429 0.12429 0.12429 0.12429 0.12429 0.12429 0.12429 0.12429 0.00569 ( 1)  1.140  0.006
  10 S   0.12446 0.12446 0.12446 0.12446 0.12446 0.12446 0.12446 0.12446 0.00432 ( 1)  1.106  0.004
  11 R   0.10456 0.10456 0.10456 0.10456 0.10456 0.10456 0.10456 0.10456 0.16353 ( 9)  5.013  0.164
  12 E   0.11326 0.11326 0.11326 0.11326 0.11326 0.11326 0.11326 0.11326 0.09390 ( 2)  3.304  0.094
  13 T   0.12006 0.12006 0.12006 0.12006 0.12006 0.12006 0.12006 0.12006 0.03948 ( 8)  1.969  0.039
  14 V   0.12386 0.12386 0.12386 0.12386 0.12386 0.12386 0.12386 0.12386 0.00912 ( 1)  1.224  0.009
  15 V   0.11177 0.11177 0.11177 0.11177 0.11177 0.11177 0.11177 0.11177 0.10582 ( 2)  3.597  0.106
  16 G   0.03351 0.03351 0.03351 0.03351 0.03351 0.03351 0.03351 0.03351 0.73192 ( 9) 18.960  0.732
  17 K   0.12411 0.12411 0.12411 0.12411 0.12411 0.12411 0.12411 0.12411 0.00716 ( 1)  1.176  0.007
  18 S   0.11853 0.11853 0.11853 0.11853 0.11853 0.11853 0.11853 0.11853 0.05175 ( 8)  2.270  0.052
  19 Y   0.10958 0.10958 0.10958 0.10958 0.10958 0.10958 0.10958 0.10958 0.12336 ( 9)  4.027  0.123
  20 L   0.12367 0.12367 0.12367 0.12367 0.12367 0.12367 0.12367 0.12367 0.01066 ( 1)  1.261  0.011
  21 C   0.12450 0.12450 0.12450 0.12450 0.12450 0.12450 0.12450 0.12450 0.00398 ( 1)  1.098  0.004
  22 D   0.12430 0.12430 0.12430 0.12430 0.12430 0.12430 0.12430 0.12430 0.00559 ( 1)  1.137  0.006
  23 T   0.12034 0.12034 0.12034 0.12034 0.12034 0.12034 0.12034 0.12034 0.03727 ( 2)  1.915  0.037
  24 P   0.12405 0.12405 0.12405 0.12405 0.12405 0.12405 0.12405 0.12405 0.00763 ( 1)  1.187  0.008
  25 F   0.12441 0.12441 0.12441 0.12441 0.12441 0.12441 0.12441 0.12441 0.00475 ( 1)  1.117  0.005
  26 P   0.12434 0.12434 0.12434 0.12434 0.12434 0.12434 0.12434 0.12434 0.00529 ( 1)  1.130  0.005
  27 T   0.12223 0.12223 0.12223 0.12223 0.12223 0.12223 0.12223 0.12223 0.02219 ( 1)  1.545  0.022
  28 P   0.11056 0.11056 0.11056 0.11056 0.11056 0.11056 0.11056 0.11056 0.11554 ( 9)  3.835  0.116
  29 Q   0.12418 0.12418 0.12418 0.12418 0.12418 0.12418 0.12418 0.12418 0.00653 ( 1)  1.160  0.007
  30 D   0.12067 0.12067 0.12067 0.12067 0.12067 0.12067 0.12067 0.12067 0.03467 ( 8)  1.851  0.035
  31 G   0.12368 0.12368 0.12368 0.12368 0.12368 0.12368 0.12368 0.12368 0.01057 ( 1)  1.259  0.011
  32 R   0.12428 0.12428 0.12428 0.12428 0.12428 0.12428 0.12428 0.12428 0.00578 ( 1)  1.142  0.006
  33 V   0.12417 0.12417 0.12417 0.12417 0.12417 0.12417 0.12417 0.12417 0.00666 ( 1)  1.163  0.007
  34 K   0.12059 0.12059 0.12059 0.12059 0.12059 0.12059 0.12059 0.12059 0.03528 ( 8)  1.866  0.035
  35 I   0.12400 0.12400 0.12400 0.12400 0.12400 0.12400 0.12400 0.12400 0.00803 ( 1)  1.197  0.008
  36 L   0.12385 0.12385 0.12385 0.12385 0.12385 0.12385 0.12385 0.12385 0.00917 ( 1)  1.225  0.009
  37 I   0.11852 0.11852 0.11852 0.11852 0.11852 0.11852 0.11852 0.11852 0.05188 ( 2)  2.273  0.052
  38 G   0.12423 0.12423 0.12423 0.12423 0.12423 0.12423 0.12423 0.12423 0.00619 ( 1)  1.152  0.006
  39 C   0.12450 0.12450 0.12450 0.12450 0.12450 0.12450 0.12450 0.12450 0.00398 ( 1)  1.098  0.004
  40 S   0.12446 0.12446 0.12446 0.12446 0.12446 0.12446 0.12446 0.12446 0.00432 ( 1)  1.106  0.004
  41 V   0.12210 0.12210 0.12210 0.12210 0.12210 0.12210 0.12210 0.12210 0.02320 ( 1)  1.569  0.023
  42 P   0.12434 0.12434 0.12434 0.12434 0.12434 0.12434 0.12434 0.12434 0.00529 ( 1)  1.130  0.005
  43 E   0.12384 0.12384 0.12384 0.12384 0.12384 0.12384 0.12384 0.12384 0.00928 ( 1)  1.228  0.009
  44 A   0.12409 0.12409 0.12409 0.12409 0.12409 0.12409 0.12409 0.12409 0.00725 ( 1)  1.178  0.007
  45 H   0.12412 0.12412 0.12412 0.12412 0.12412 0.12412 0.12412 0.12412 0.00706 ( 1)  1.173  0.007
  46 K   0.12411 0.12411 0.12411 0.12411 0.12411 0.12411 0.12411 0.12411 0.00716 ( 1)  1.176  0.007
  47 V   0.12388 0.12388 0.12388 0.12388 0.12388 0.12388 0.12388 0.12388 0.00894 ( 1)  1.219  0.009
  48 L   0.12414 0.12414 0.12414 0.12414 0.12414 0.12414 0.12414 0.12414 0.00687 ( 1)  1.169  0.007
  49 Q   0.10772 0.10772 0.10772 0.10772 0.10772 0.10772 0.10772 0.10772 0.13822 ( 9)  4.392  0.138
  50 E   0.12405 0.12405 0.12405 0.12405 0.12405 0.12405 0.12405 0.12405 0.00759 ( 1)  1.186  0.008
  51 R   0.12428 0.12428 0.12428 0.12428 0.12428 0.12428 0.12428 0.12428 0.00578 ( 1)  1.142  0.006
  52 F   0.09294 0.09294 0.09294 0.09294 0.09294 0.09294 0.09294 0.09294 0.25650 ( 9)  7.294  0.257
  53 R   0.12049 0.12049 0.12049 0.12049 0.12049 0.12049 0.12049 0.12049 0.03608 ( 4)  1.885  0.036
  54 G   0.12439 0.12439 0.12439 0.12439 0.12439 0.12439 0.12439 0.12439 0.00491 ( 1)  1.120  0.005
  55 R   0.12428 0.12428 0.12428 0.12428 0.12428 0.12428 0.12428 0.12428 0.00578 ( 1)  1.142  0.006
  56 D   0.12416 0.12416 0.12416 0.12416 0.12416 0.12416 0.12416 0.12416 0.00674 ( 1)  1.165  0.007
  57 Y   0.10644 0.10644 0.10644 0.10644 0.10644 0.10644 0.10644 0.10644 0.14848 ( 9)  4.643  0.148
  58 L   0.11056 0.11056 0.11056 0.11056 0.11056 0.11056 0.11056 0.11056 0.11554 ( 9)  3.835  0.116
  59 F   0.12409 0.12409 0.12409 0.12409 0.12409 0.12409 0.12409 0.12409 0.00731 ( 1)  1.179  0.007
  60 A   0.12424 0.12424 0.12424 0.12424 0.12424 0.12424 0.12424 0.12424 0.00607 ( 1)  1.149  0.006
  61 T   0.12438 0.12438 0.12438 0.12438 0.12438 0.12438 0.12438 0.12438 0.00499 ( 1)  1.122  0.005
  62 K   0.12387 0.12387 0.12387 0.12387 0.12387 0.12387 0.12387 0.12387 0.00902 ( 1)  1.221  0.009
  63 T   0.12416 0.12416 0.12416 0.12416 0.12416 0.12416 0.12416 0.12416 0.00674 ( 1)  1.165  0.007
  64 S   0.10982 0.10982 0.10982 0.10982 0.10982 0.10982 0.10982 0.10982 0.12146 ( 9)  3.980  0.121
  65 L   0.11056 0.11056 0.11056 0.11056 0.11056 0.11056 0.11056 0.11056 0.11554 ( 9)  3.835  0.116
  66 G   0.12043 0.12043 0.12043 0.12043 0.12043 0.12043 0.12043 0.12043 0.03655 ( 8)  1.897  0.037
  67 W   0.03259 0.03259 0.03259 0.03259 0.03259 0.03259 0.03259 0.03259 0.73927 ( 9) 19.140  0.739
  68 T   0.12416 0.12416 0.12416 0.12416 0.12416 0.12416 0.12416 0.12416 0.00674 ( 1)  1.165  0.007
  69 V   0.12417 0.12417 0.12417 0.12417 0.12417 0.12417 0.12417 0.12417 0.00666 ( 1)  1.163  0.007
  70 R   0.12428 0.12428 0.12428 0.12428 0.12428 0.12428 0.12428 0.12428 0.00578 ( 1)  1.142  0.006
  71 R   0.10662 0.10662 0.10662 0.10662 0.10662 0.10662 0.10662 0.10662 0.14707 ( 9)  4.609  0.147
  72 P   0.12429 0.12429 0.12429 0.12429 0.12429 0.12429 0.12429 0.12429 0.00569 ( 1)  1.140  0.006
  73 I   0.12400 0.12400 0.12400 0.12400 0.12400 0.12400 0.12400 0.12400 0.00803 ( 1)  1.197  0.008
  74 H   0.09090 0.09090 0.09090 0.09090 0.09090 0.09090 0.09090 0.09090 0.27279 ( 9)  7.694  0.273
  75 I   0.12148 0.12148 0.12148 0.12148 0.12148 0.12148 0.12148 0.12148 0.02812 ( 2)  1.690  0.028
  76 V   0.12360 0.12360 0.12360 0.12360 0.12360 0.12360 0.12360 0.12360 0.01120 ( 1)  1.275  0.011
  77 H   0.10958 0.10958 0.10958 0.10958 0.10958 0.10958 0.10958 0.10958 0.12336 ( 9)  4.027  0.123
  78 I   0.12400 0.12400 0.12400 0.12400 0.12400 0.12400 0.12400 0.12400 0.00803 ( 1)  1.197  0.008
  79 S   0.11853 0.11853 0.11853 0.11853 0.11853 0.11853 0.11853 0.11853 0.05175 ( 8)  2.270  0.052
  80 S   0.11853 0.11853 0.11853 0.11853 0.11853 0.11853 0.11853 0.11853 0.05175 ( 8)  2.270  0.052
  81 L   0.00345 0.00345 0.00345 0.00345 0.00345 0.00345 0.00345 0.00345 0.97238 ( 9) 24.861  0.972
  82 V   0.11514 0.11514 0.11514 0.11514 0.11514 0.11514 0.11514 0.11514 0.07889 ( 2)  2.936  0.079
  83 A   0.12006 0.12006 0.12006 0.12006 0.12006 0.12006 0.12006 0.12006 0.03948 ( 8)  1.969  0.039
  84 K   0.11266 0.11266 0.11266 0.11266 0.11266 0.11266 0.11266 0.11266 0.09875 ( 8)  3.423  0.099
  85 N   0.10542 0.10542 0.10542 0.10542 0.10542 0.10542 0.10542 0.10542 0.15665 ( 9)  4.844  0.157
  86 G   0.12432 0.12432 0.12432 0.12432 0.12432 0.12432 0.12432 0.12432 0.00548 ( 1)  1.134  0.005
  87 D   0.11859 0.11859 0.11859 0.11859 0.11859 0.11859 0.11859 0.11859 0.05131 ( 8)  2.259  0.051
  88 K   0.12049 0.12049 0.12049 0.12049 0.12049 0.12049 0.12049 0.12049 0.03605 ( 8)  1.885  0.036
  89 L   0.12333 0.12333 0.12333 0.12333 0.12333 0.12333 0.12333 0.12333 0.01339 ( 1)  1.329  0.013
  90 E   0.12405 0.12405 0.12405 0.12405 0.12405 0.12405 0.12405 0.12405 0.00759 ( 1)  1.186  0.008
  91 T   0.12413 0.12413 0.12413 0.12413 0.12413 0.12413 0.12413 0.12413 0.00694 ( 1)  1.170  0.007
  92 L   0.10709 0.10709 0.10709 0.10709 0.10709 0.10709 0.10709 0.10709 0.14327 ( 9)  4.516  0.143
  93 N   0.04005 0.04005 0.04005 0.04005 0.04005 0.04005 0.04005 0.04005 0.67959 ( 9) 17.676  0.680
  94 K   0.11352 0.11352 0.11352 0.11352 0.11352 0.11352 0.11352 0.11352 0.09186 ( 2)  3.254  0.092
  95 S   0.12068 0.12068 0.12068 0.12068 0.12068 0.12068 0.12068 0.12068 0.03459 ( 2)  1.849  0.035
  96 T   0.12438 0.12438 0.12438 0.12438 0.12438 0.12438 0.12438 0.12438 0.00499 ( 1)  1.122  0.005
  97 Y   0.12436 0.12436 0.12436 0.12436 0.12436 0.12436 0.12436 0.12436 0.00511 ( 1)  1.125  0.005
  98 D   0.12430 0.12430 0.12430 0.12430 0.12430 0.12430 0.12430 0.12430 0.00559 ( 1)  1.137  0.006
  99 K   0.12411 0.12411 0.12411 0.12411 0.12411 0.12411 0.12411 0.12411 0.00716 ( 1)  1.176  0.007
 100 E   0.12405 0.12405 0.12405 0.12405 0.12405 0.12405 0.12405 0.12405 0.00759 ( 1)  1.186  0.008
 101 F   0.12441 0.12441 0.12441 0.12441 0.12441 0.12441 0.12441 0.12441 0.00475 ( 1)  1.117  0.005
 102 C   0.12450 0.12450 0.12450 0.12450 0.12450 0.12450 0.12450 0.12450 0.00398 ( 1)  1.098  0.004
 103 D   0.12430 0.12430 0.12430 0.12430 0.12430 0.12430 0.12430 0.12430 0.00559 ( 1)  1.137  0.006
 104 C   0.02212 0.02212 0.02212 0.02212 0.02212 0.02212 0.02212 0.02212 0.82303 ( 9) 21.196  0.823
 105 G   0.12035 0.12035 0.12035 0.12035 0.12035 0.12035 0.12035 0.12035 0.03716 ( 8)  1.912  0.037
 106 I   0.11514 0.11514 0.11514 0.11514 0.11514 0.11514 0.11514 0.11514 0.07889 ( 2)  2.936  0.079
 107 P   0.12434 0.12434 0.12434 0.12434 0.12434 0.12434 0.12434 0.12434 0.00529 ( 1)  1.130  0.005
 108 E   0.12405 0.12405 0.12405 0.12405 0.12405 0.12405 0.12405 0.12405 0.00759 ( 1)  1.186  0.008
 109 K   0.12411 0.12411 0.12411 0.12411 0.12411 0.12411 0.12411 0.12411 0.00716 ( 1)  1.176  0.007
 110 G   0.12439 0.12439 0.12439 0.12439 0.12439 0.12439 0.12439 0.12439 0.00491 ( 1)  1.120  0.005
 111 R   0.12444 0.12444 0.12444 0.12444 0.12444 0.12444 0.12444 0.12444 0.00450 ( 1)  1.110  0.004
 112 S   0.12440 0.12440 0.12440 0.12440 0.12440 0.12440 0.12440 0.12440 0.00483 ( 1)  1.118  0.005
 113 V   0.12388 0.12388 0.12388 0.12388 0.12388 0.12388 0.12388 0.12388 0.00894 ( 1)  1.219  0.009
 114 E   0.12384 0.12384 0.12384 0.12384 0.12384 0.12384 0.12384 0.12384 0.00928 ( 1)  1.228  0.009
 115 D   0.12430 0.12430 0.12430 0.12430 0.12430 0.12430 0.12430 0.12430 0.00559 ( 1)  1.137  0.006
 116 L   0.12414 0.12414 0.12414 0.12414 0.12414 0.12414 0.12414 0.12414 0.00687 ( 1)  1.169  0.007
 117 K   0.11928 0.11928 0.11928 0.11928 0.11928 0.11928 0.11928 0.11928 0.04577 ( 4)  2.123  0.046
 118 A   0.12411 0.12411 0.12411 0.12411 0.12411 0.12411 0.12411 0.12411 0.00712 ( 1)  1.175  0.007
 119 V   0.12386 0.12386 0.12386 0.12386 0.12386 0.12386 0.12386 0.12386 0.00912 ( 1)  1.224  0.009
 120 K   0.12387 0.12387 0.12387 0.12387 0.12387 0.12387 0.12387 0.12387 0.00902 ( 1)  1.221  0.009
 121 I   0.12400 0.12400 0.12400 0.12400 0.12400 0.12400 0.12400 0.12400 0.00803 ( 1)  1.197  0.008
 122 F   0.10164 0.10164 0.10164 0.10164 0.10164 0.10164 0.10164 0.10164 0.18692 ( 9)  5.587  0.187
 123 D   0.06791 0.06791 0.06791 0.06791 0.06791 0.06791 0.06791 0.06791 0.45671 ( 9) 12.207  0.457
 124 E   0.12405 0.12405 0.12405 0.12405 0.12405 0.12405 0.12405 0.12405 0.00759 ( 1)  1.186  0.008
 125 S   0.12440 0.12440 0.12440 0.12440 0.12440 0.12440 0.12440 0.12440 0.00483 ( 1)  1.118  0.005
 126 C   0.12450 0.12450 0.12450 0.12450 0.12450 0.12450 0.12450 0.12450 0.00398 ( 1)  1.098  0.004
 127 K   0.12387 0.12387 0.12387 0.12387 0.12387 0.12387 0.12387 0.12387 0.00902 ( 1)  1.221  0.009

Positively selected sites

	Prob(w>1)  mean w

    16 G      0.732         18.960
    67 W      0.739         19.140
    81 L      0.972*        24.861
    93 N      0.680         17.676
   104 C      0.823         21.196


lnL =  -736.479890

Bayes Empirical Bayes (BEB) probabilities for 11 classes (class) & postmean_w
(amino acids refer to 1st sequence: trc.11949)

   1 M   0.07412 0.05075 0.05269 0.05481 0.05680 0.05890 0.06171 0.06654 0.07799 0.29517 0.15052 (10)  0.978 +-  1.153
   2 K   0.06640 0.04598 0.04826 0.05074 0.05316 0.05575 0.05905 0.06438 0.07628 0.29062 0.18937 (10)  1.170 +-  1.514
   3 L   0.05116 0.03670 0.03977 0.04312 0.04654 0.05022 0.05469 0.06122 0.07435 0.28718 0.25505 (10)  1.473 +-  1.864
   4 G   0.05944 0.04136 0.04377 0.04641 0.04902 0.05181 0.05530 0.06072 0.07243 0.27710 0.24263 (10)  1.501 +-  2.047
   5 E   0.07047 0.04844 0.05041 0.05257 0.05464 0.05687 0.05981 0.06478 0.07630 0.29022 0.17547 (10)  1.103 +-  1.410
   6 A   0.00208 0.00448 0.00805 0.01216 0.01677 0.02199 0.02813 0.03610 0.04934 0.20986 0.61103 (11)  3.484 +-  3.068
   7 I   0.07449 0.05087 0.05256 0.05443 0.05618 0.05806 0.06066 0.06528 0.07643 0.29002 0.16103 (10)  1.038 +-  1.307
   8 V   0.06875 0.04744 0.04960 0.05196 0.05424 0.05668 0.05983 0.06502 0.07680 0.29214 0.17755 (10)  1.107 +-  1.400
   9 P   0.05728 0.04060 0.04354 0.04674 0.04995 0.05339 0.05758 0.06386 0.07684 0.29454 0.21569 (10)  1.265 +-  1.576
  10 S   0.06770 0.04693 0.04935 0.05198 0.05452 0.05723 0.06064 0.06611 0.07827 0.29727 0.17000 (10)  1.055 +-  1.264
  11 R   0.00221 0.00476 0.00854 0.01287 0.01771 0.02316 0.02954 0.03782 0.05154 0.21793 0.59393 (11)  3.371 +-  3.029
  12 E   0.00370 0.00759 0.01317 0.01923 0.02568 0.03260 0.04037 0.05015 0.06621 0.26616 0.47513 (11)  2.656 +-  2.720
  13 T   0.00403 0.00829 0.01438 0.02099 0.02800 0.03551 0.04391 0.05443 0.07165 0.28503 0.43379 (11)  2.373 +-  2.499
  14 V   0.06355 0.04434 0.04688 0.04965 0.05237 0.05528 0.05891 0.06458 0.07690 0.29333 0.19422 (10)  1.179 +-  1.492
  15 V   0.00227 0.00493 0.00886 0.01336 0.01840 0.02409 0.03075 0.03937 0.05366 0.22642 0.57788 (11)  3.251 +-  2.970
  16 G   0.00182 0.00366 0.00643 0.00952 0.01293 0.01670 0.02106 0.02666 0.03594 0.15130 0.71398 (11)  4.273 +-  3.304
  17 K   0.06323 0.04417 0.04677 0.04959 0.05237 0.05533 0.05903 0.06477 0.07718 0.29438 0.19317 (10)  1.169 +-  1.465
  18 S   0.00276 0.00594 0.01060 0.01586 0.02169 0.02817 0.03567 0.04529 0.06114 0.25284 0.52005 (11)  2.872 +-  2.784
  19 Y   0.00195 0.00425 0.00769 0.01167 0.01619 0.02133 0.02741 0.03535 0.04857 0.20806 0.61753 (11)  3.505 +-  3.057
  20 L   0.05140 0.03686 0.03992 0.04326 0.04667 0.05034 0.05480 0.06132 0.07444 0.28745 0.25356 (10)  1.465 +-  1.854
  21 C   0.05783 0.04096 0.04391 0.04711 0.05032 0.05375 0.05794 0.06421 0.07722 0.29575 0.21100 (10)  1.238 +-  1.528
  22 D   0.06010 0.04232 0.04514 0.04821 0.05127 0.05452 0.05853 0.06460 0.07739 0.29577 0.20215 (10)  1.201 +-  1.488
  23 T   0.00444 0.00900 0.01548 0.02241 0.02969 0.03739 0.04592 0.05652 0.07388 0.29119 0.41409 (11)  2.268 +-  2.431
  24 P   0.05486 0.03907 0.04207 0.04535 0.04866 0.05221 0.05653 0.06293 0.07600 0.29214 0.23018 (10)  1.339 +-  1.685
  25 F   0.05940 0.04192 0.04480 0.04792 0.05104 0.05437 0.05845 0.06461 0.07749 0.29632 0.20367 (10)  1.204 +-  1.484
  26 P   0.06126 0.04303 0.04580 0.04880 0.05179 0.05497 0.05889 0.06487 0.07757 0.29612 0.19691 (10)  1.177 +-  1.455
  27 T   0.06365 0.04426 0.04668 0.04932 0.05190 0.05465 0.05811 0.06359 0.07558 0.28834 0.20391 (10)  1.252 +-  1.651
  28 P   0.00198 0.00432 0.00780 0.01183 0.01640 0.02160 0.02774 0.03576 0.04909 0.21001 0.61346 (11)  3.478 +-  3.048
  29 Q   0.05787 0.04093 0.04383 0.04698 0.05013 0.05351 0.05764 0.06384 0.07673 0.29398 0.21456 (10)  1.264 +-  1.584
  30 D   0.00395 0.00818 0.01423 0.02083 0.02786 0.03542 0.04390 0.05453 0.07191 0.28638 0.43281 (11)  2.359 +-  2.480
  31 G   0.06045 0.04250 0.04527 0.04828 0.05128 0.05448 0.05842 0.06442 0.07711 0.29473 0.20305 (10)  1.211 +-  1.515
  32 R   0.07097 0.04883 0.05095 0.05325 0.05546 0.05780 0.06085 0.06593 0.07764 0.29456 0.16376 (10)  1.038 +-  1.267
  33 V   0.06082 0.04273 0.04547 0.04845 0.05141 0.05457 0.05848 0.06445 0.07710 0.29465 0.20187 (10)  1.205 +-  1.505
  34 K   0.00428 0.00873 0.01506 0.02188 0.02907 0.03672 0.04522 0.05581 0.07316 0.28933 0.42074 (11)  2.301 +-  2.450
  35 I   0.07449 0.05087 0.05256 0.05443 0.05618 0.05806 0.06066 0.06528 0.07643 0.29002 0.16103 (10)  1.038 +-  1.307
  36 L   0.05442 0.03879 0.04179 0.04506 0.04838 0.05194 0.05626 0.06267 0.07573 0.29127 0.23370 (10)  1.359 +-  1.715
  37 I   0.00334 0.00703 0.01236 0.01826 0.02466 0.03164 0.03958 0.04964 0.06616 0.26826 0.47910 (11)  2.640 +-  2.671
  38 G   0.07013 0.04833 0.05049 0.05284 0.05510 0.05751 0.06062 0.06577 0.07755 0.29439 0.16728 (10)  1.054 +-  1.296
  39 C   0.05783 0.04096 0.04391 0.04711 0.05032 0.05375 0.05794 0.06421 0.07722 0.29575 0.21100 (10)  1.238 +-  1.528
  40 S   0.06770 0.04693 0.04935 0.05198 0.05452 0.05723 0.06064 0.06611 0.07827 0.29727 0.17000 (10)  1.055 +-  1.264
  41 V   0.06339 0.04407 0.04647 0.04908 0.05163 0.05437 0.05781 0.06326 0.07521 0.28716 0.20755 (10)  1.272 +-  1.684
  42 P   0.06126 0.04303 0.04580 0.04880 0.05179 0.05497 0.05889 0.06487 0.07757 0.29612 0.19691 (10)  1.177 +-  1.455
  43 E   0.07047 0.04844 0.05041 0.05257 0.05464 0.05687 0.05981 0.06478 0.07630 0.29022 0.17547 (10)  1.103 +-  1.410
  44 A   0.06412 0.04473 0.04730 0.05010 0.05284 0.05576 0.05941 0.06511 0.07749 0.29523 0.18790 (10)  1.143 +-  1.423
  45 H   0.05418 0.03866 0.04169 0.04499 0.04834 0.05193 0.05630 0.06274 0.07586 0.29184 0.23346 (10)  1.354 +-  1.701
  46 K   0.06323 0.04417 0.04677 0.04959 0.05237 0.05533 0.05903 0.06477 0.07718 0.29438 0.19317 (10)  1.169 +-  1.465
  47 V   0.06875 0.04744 0.04960 0.05196 0.05424 0.05668 0.05983 0.06502 0.07680 0.29214 0.17755 (10)  1.107 +-  1.400
  48 L   0.05432 0.03873 0.04173 0.04501 0.04833 0.05190 0.05624 0.06265 0.07572 0.29130 0.23407 (10)  1.360 +-  1.713
  49 Q   0.00248 0.00531 0.00947 0.01418 0.01940 0.02522 0.03200 0.04071 0.05514 0.23056 0.56554 (11)  3.192 +-  2.963
  50 E   0.06317 0.04413 0.04672 0.04954 0.05232 0.05527 0.05896 0.06470 0.07710 0.29409 0.19399 (10)  1.174 +-  1.477
  51 R   0.07097 0.04883 0.05095 0.05325 0.05546 0.05780 0.06085 0.06593 0.07764 0.29456 0.16376 (10)  1.038 +-  1.267
  52 F   0.00170 0.00369 0.00669 0.01019 0.01418 0.01875 0.02419 0.03133 0.04325 0.18736 0.65867 (11)  3.786 +-  3.145
  53 R   0.00412 0.00844 0.01462 0.02129 0.02836 0.03591 0.04433 0.05486 0.07211 0.28631 0.42965 (11)  2.350 +-  2.483
  54 G   0.06525 0.04544 0.04799 0.05075 0.05345 0.05633 0.05993 0.06558 0.07794 0.29663 0.18071 (10)  1.104 +-  1.345
  55 R   0.07097 0.04883 0.05095 0.05325 0.05546 0.05780 0.06085 0.06593 0.07764 0.29456 0.16376 (10)  1.038 +-  1.267
  56 D   0.06800 0.04704 0.04933 0.05182 0.05423 0.05680 0.06008 0.06540 0.07736 0.29413 0.17581 (10)  1.093 +-  1.358
  57 Y   0.00221 0.00477 0.00857 0.01291 0.01779 0.02328 0.02972 0.03807 0.05192 0.21961 0.59115 (11)  3.347 +-  3.015
  58 L   0.00198 0.00432 0.00780 0.01183 0.01640 0.02160 0.02774 0.03576 0.04909 0.21001 0.61346 (11)  3.478 +-  3.048
  59 F   0.05310 0.03797 0.04103 0.04436 0.04775 0.05139 0.05581 0.06231 0.07546 0.29070 0.24012 (10)  1.388 +-  1.747
  60 A   0.06096 0.04283 0.04558 0.04858 0.05155 0.05472 0.05863 0.06461 0.07728 0.29519 0.20007 (10)  1.195 +-  1.490
  61 T   0.06118 0.04299 0.04576 0.04877 0.05176 0.05494 0.05887 0.06487 0.07759 0.29629 0.19699 (10)  1.175 +-  1.447
  62 K   0.07057 0.04851 0.05048 0.05264 0.05471 0.05694 0.05988 0.06486 0.07638 0.29048 0.17454 (10)  1.098 +-  1.400
  63 T   0.06970 0.04807 0.05026 0.05265 0.05494 0.05739 0.06054 0.06574 0.07756 0.29452 0.16864 (10)  1.060 +-  1.304
  64 S   0.00240 0.00520 0.00933 0.01405 0.01931 0.02523 0.03214 0.04106 0.05582 0.23420 0.56126 (11)  3.142 +-  2.922
  65 L   0.00198 0.00432 0.00780 0.01183 0.01640 0.02160 0.02774 0.03576 0.04909 0.21001 0.61346 (11)  3.478 +-  3.048
  66 G   0.00421 0.00861 0.01488 0.02163 0.02876 0.03635 0.04481 0.05536 0.07264 0.28776 0.42500 (11)  2.326 +-  2.468
  67 W   0.00003 0.00020 0.00059 0.00124 0.00222 0.00357 0.00544 0.00813 0.01276 0.06457 0.90126 (11)  5.265 +-  3.072
  68 T   0.06970 0.04807 0.05026 0.05265 0.05494 0.05739 0.06054 0.06574 0.07756 0.29452 0.16864 (10)  1.060 +-  1.304
  69 V   0.06082 0.04273 0.04547 0.04845 0.05141 0.05457 0.05848 0.06445 0.07710 0.29465 0.20187 (10)  1.205 +-  1.505
  70 R   0.07097 0.04883 0.05095 0.05325 0.05546 0.05780 0.06085 0.06593 0.07764 0.29456 0.16376 (10)  1.038 +-  1.267
  71 R   0.00283 0.00596 0.01050 0.01558 0.02112 0.02722 0.03423 0.04316 0.05792 0.23900 0.54248 (11)  3.070 +-  2.931
  72 P   0.05728 0.04060 0.04354 0.04674 0.04995 0.05339 0.05758 0.06386 0.07684 0.29454 0.21569 (10)  1.265 +-  1.576
  73 I   0.07449 0.05087 0.05256 0.05443 0.05618 0.05806 0.06066 0.06528 0.07643 0.29002 0.16103 (10)  1.038 +-  1.307
  74 H   0.00166 0.00360 0.00653 0.00995 0.01386 0.01834 0.02368 0.03070 0.04242 0.18411 0.66515 (11)  3.830 +-  3.155
  75 I   0.00501 0.01001 0.01710 0.02461 0.03241 0.04058 0.04953 0.06056 0.07858 0.30540 0.37623 (11)  2.045 +-  2.241
  76 V   0.05524 0.03927 0.04223 0.04545 0.04870 0.05219 0.05645 0.06277 0.07574 0.29106 0.23090 (10)  1.350 +-  1.711
  77 H   0.00195 0.00425 0.00769 0.01167 0.01619 0.02133 0.02741 0.03535 0.04857 0.20806 0.61753 (11)  3.505 +-  3.057
  78 I   0.07449 0.05087 0.05256 0.05443 0.05618 0.05806 0.06066 0.06528 0.07643 0.29002 0.16103 (10)  1.038 +-  1.307
  79 S   0.00276 0.00594 0.01060 0.01586 0.02169 0.02817 0.03567 0.04529 0.06114 0.25284 0.52005 (11)  2.872 +-  2.784
  80 S   0.00276 0.00594 0.01060 0.01586 0.02169 0.02817 0.03567 0.04529 0.06114 0.25284 0.52005 (11)  2.872 +-  2.784
  81 L   0.00011 0.00024 0.00050 0.00086 0.00136 0.00203 0.00294 0.00426 0.00653 0.03191 0.94925 (11)  5.568 +-  2.981
  82 V   0.00282 0.00604 0.01072 0.01599 0.02179 0.02821 0.03561 0.04508 0.06070 0.25047 0.52256 (11)  2.905 +-  2.817
  83 A   0.00403 0.00829 0.01438 0.02099 0.02800 0.03551 0.04391 0.05443 0.07165 0.28503 0.43379 (11)  2.373 +-  2.499
  84 K   0.00322 0.00673 0.01179 0.01738 0.02342 0.03000 0.03748 0.04697 0.06260 0.25516 0.50524 (11)  2.827 +-  2.804
  85 N   0.00254 0.00539 0.00957 0.01429 0.01949 0.02527 0.03196 0.04056 0.05478 0.22857 0.56758 (11)  3.219 +-  2.985
  86 G   0.06181 0.04336 0.04610 0.04907 0.05201 0.05514 0.05901 0.06495 0.07760 0.29613 0.19483 (10)  1.168 +-  1.442
  87 D   0.00277 0.00597 0.01064 0.01591 0.02175 0.02824 0.03575 0.04537 0.06122 0.25309 0.51930 (11)  2.868 +-  2.782
  88 K   0.00443 0.00898 0.01545 0.02238 0.02966 0.03735 0.04588 0.05648 0.07383 0.29104 0.41451 (11)  2.271 +-  2.433
  89 L   0.05373 0.03833 0.04134 0.04462 0.04794 0.05152 0.05586 0.06228 0.07533 0.28998 0.23908 (10)  1.390 +-  1.761
  90 E   0.06317 0.04413 0.04672 0.04954 0.05232 0.05527 0.05896 0.06470 0.07710 0.29409 0.19399 (10)  1.174 +-  1.477
  91 T   0.06415 0.04475 0.04733 0.05013 0.05288 0.05581 0.05946 0.06517 0.07756 0.29548 0.18729 (10)  1.139 +-  1.413
  92 L   0.00247 0.00527 0.00939 0.01405 0.01922 0.02498 0.03167 0.04029 0.05456 0.22837 0.56972 (11)  3.221 +-  2.977
  93 N   0.00042 0.00105 0.00215 0.00364 0.00555 0.00797 0.01107 0.01534 0.02256 0.10616 0.82410 (11)  4.820 +-  3.181
  94 K   0.00358 0.00742 0.01294 0.01897 0.02544 0.03243 0.04031 0.05023 0.06654 0.26809 0.47406 (11)  2.635 +-  2.694
  95 S   0.00381 0.00794 0.01385 0.02032 0.02726 0.03473 0.04315 0.05372 0.07102 0.28384 0.44037 (11)  2.400 +-  2.505
  96 T   0.06118 0.04299 0.04576 0.04877 0.05176 0.05494 0.05887 0.06487 0.07759 0.29629 0.19699 (10)  1.175 +-  1.447
  97 Y   0.05860 0.04141 0.04430 0.04744 0.05058 0.05394 0.05804 0.06423 0.07713 0.29522 0.20911 (10)  1.233 +-  1.531
  98 D   0.06010 0.04232 0.04514 0.04821 0.05127 0.05452 0.05853 0.06460 0.07739 0.29577 0.20215 (10)  1.201 +-  1.488
  99 K   0.06323 0.04417 0.04677 0.04959 0.05237 0.05533 0.05903 0.06477 0.07718 0.29438 0.19317 (10)  1.169 +-  1.465
 100 E   0.06317 0.04413 0.04672 0.04954 0.05232 0.05527 0.05896 0.06470 0.07710 0.29409 0.19399 (10)  1.174 +-  1.477
 101 F   0.05940 0.04192 0.04480 0.04792 0.05104 0.05437 0.05845 0.06461 0.07749 0.29632 0.20367 (10)  1.204 +-  1.484
 102 C   0.05783 0.04096 0.04391 0.04711 0.05032 0.05375 0.05794 0.06421 0.07722 0.29575 0.21100 (10)  1.238 +-  1.528
 103 D   0.06010 0.04232 0.04514 0.04821 0.05127 0.05452 0.05853 0.06460 0.07739 0.29577 0.20215 (10)  1.201 +-  1.488
 104 C   0.00004 0.00022 0.00065 0.00137 0.00244 0.00391 0.00592 0.00881 0.01376 0.06910 0.89379 (11)  5.224 +-  3.087
 105 G   0.00353 0.00741 0.01300 0.01916 0.02581 0.03304 0.04124 0.05159 0.06855 0.27630 0.46037 (11)  2.516 +-  2.582
 106 I   0.00282 0.00604 0.01072 0.01599 0.02179 0.02821 0.03561 0.04508 0.06070 0.25047 0.52256 (11)  2.905 +-  2.817
 107 P   0.06126 0.04303 0.04580 0.04880 0.05179 0.05497 0.05889 0.06487 0.07757 0.29612 0.19691 (10)  1.177 +-  1.455
 108 E   0.06317 0.04413 0.04672 0.04954 0.05232 0.05527 0.05896 0.06470 0.07710 0.29409 0.19399 (10)  1.174 +-  1.477
 109 K   0.06323 0.04417 0.04677 0.04959 0.05237 0.05533 0.05903 0.06477 0.07718 0.29438 0.19317 (10)  1.169 +-  1.465
 110 G   0.06525 0.04544 0.04799 0.05075 0.05345 0.05633 0.05993 0.06558 0.07794 0.29663 0.18071 (10)  1.104 +-  1.345
 111 R   0.05778 0.04092 0.04385 0.04704 0.05024 0.05367 0.05785 0.06411 0.07709 0.29531 0.21214 (10)  1.245 +-  1.542
 112 S   0.05704 0.04046 0.04342 0.04664 0.04988 0.05335 0.05757 0.06388 0.07691 0.29485 0.21600 (10)  1.264 +-  1.569
 113 V   0.06875 0.04744 0.04960 0.05196 0.05424 0.05668 0.05983 0.06502 0.07680 0.29214 0.17755 (10)  1.107 +-  1.400
 114 E   0.07047 0.04844 0.05041 0.05257 0.05464 0.05687 0.05981 0.06478 0.07630 0.29022 0.17547 (10)  1.103 +-  1.410
 115 D   0.06010 0.04232 0.04514 0.04821 0.05127 0.05452 0.05853 0.06460 0.07739 0.29577 0.20215 (10)  1.201 +-  1.488
 116 L   0.05432 0.03873 0.04173 0.04501 0.04833 0.05190 0.05624 0.06265 0.07572 0.29130 0.23407 (10)  1.360 +-  1.713
 117 K   0.00313 0.00666 0.01178 0.01749 0.02373 0.03058 0.03842 0.04839 0.06478 0.26436 0.49067 (11)  2.700 +-  2.697
 118 A   0.06955 0.04797 0.05015 0.05253 0.05481 0.05725 0.06039 0.06558 0.07738 0.29390 0.17050 (10)  1.070 +-  1.327
 119 V   0.06355 0.04434 0.04688 0.04965 0.05237 0.05528 0.05891 0.06458 0.07690 0.29333 0.19422 (10)  1.179 +-  1.492
 120 K   0.07057 0.04851 0.05048 0.05264 0.05471 0.05694 0.05988 0.06486 0.07638 0.29048 0.17454 (10)  1.098 +-  1.400
 121 I   0.07449 0.05087 0.05256 0.05443 0.05618 0.05806 0.06066 0.06528 0.07643 0.29002 0.16103 (10)  1.038 +-  1.307
 122 F   0.00208 0.00450 0.00809 0.01222 0.01687 0.02212 0.02830 0.03633 0.04968 0.21126 0.60854 (11)  3.464 +-  3.059
 123 D   0.00006 0.00037 0.00110 0.00230 0.00405 0.00645 0.00969 0.01429 0.02215 0.10993 0.82960 (11)  4.794 +-  3.139
 124 E   0.06317 0.04413 0.04672 0.04954 0.05232 0.05527 0.05896 0.06470 0.07710 0.29409 0.19399 (10)  1.174 +-  1.477
 125 S   0.05704 0.04046 0.04342 0.04664 0.04988 0.05335 0.05757 0.06388 0.07691 0.29485 0.21600 (10)  1.264 +-  1.569
 126 C   0.05783 0.04096 0.04391 0.04711 0.05032 0.05375 0.05794 0.06421 0.07722 0.29575 0.21100 (10)  1.238 +-  1.528
 127 K   0.07057 0.04851 0.05048 0.05264 0.05471 0.05694 0.05988 0.06486 0.07638 0.29048 0.17454 (10)  1.098 +-  1.400

Positively selected sites

	Prob(w>1)  mean w

     6 A      0.611         3.484 +- 3.068
    11 R      0.594         3.371 +- 3.029
    15 V      0.578         3.251 +- 2.970
    16 G      0.714         4.273 +- 3.304
    18 S      0.520         2.872 +- 2.784
    19 Y      0.618         3.505 +- 3.057
    28 P      0.613         3.478 +- 3.048
    49 Q      0.566         3.192 +- 2.963
    52 F      0.659         3.786 +- 3.145
    57 Y      0.591         3.347 +- 3.015
    58 L      0.613         3.478 +- 3.048
    64 S      0.561         3.142 +- 2.922
    65 L      0.613         3.478 +- 3.048
    67 W      0.901         5.265 +- 3.072
    71 R      0.542         3.070 +- 2.931
    74 H      0.665         3.830 +- 3.155
    77 H      0.618         3.505 +- 3.057
    79 S      0.520         2.872 +- 2.784
    80 S      0.520         2.872 +- 2.784
    81 L      0.949         5.568 +- 2.981
    82 V      0.523         2.905 +- 2.817
    84 K      0.505         2.827 +- 2.804
    85 N      0.568         3.219 +- 2.985
    87 D      0.519         2.868 +- 2.782
    92 L      0.570         3.221 +- 2.977
    93 N      0.824         4.820 +- 3.181
   104 C      0.894         5.224 +- 3.087
   106 I      0.523         2.905 +- 2.817
   122 F      0.609         3.464 +- 3.059
   123 D      0.830         4.794 +- 3.139

