Supplemental results for CODEML (seqf: algn  treef: tree)


dN/dS (w) for site classes (K=3)

p:   0.93278  0.00000  0.06722
w:   0.06580  1.00000 998.99992

Naive Empirical Bayes (NEB) probabilities for 3 classes & postmean_w & P(w>1)
(amino acids refer to 1st sequence: spe.24605)

   1 M   0.99840 0.00000 0.00160 ( 1)  1.665  0.002
   2 G   0.99946 0.00000 0.00054 ( 1)  0.607  0.001
   3 S   0.99884 0.00000 0.00116 ( 1)  1.223  0.001
   4 F   0.99785 0.00000 0.00215 ( 1)  2.210  0.002
   5 D   0.99844 0.00000 0.00156 ( 1)  1.619  0.002
   6 L   0.99807 0.00000 0.00193 ( 1)  1.994  0.002
   7 G   0.99838 0.00000 0.00162 ( 1)  1.681  0.002
   8 T   0.99966 0.00000 0.00034 ( 1)  0.404  0.000
   9 D   0.99844 0.00000 0.00156 ( 1)  1.619  0.002
  10 L   0.99806 0.00000 0.00194 ( 1)  2.004  0.002
  11 L   0.99911 0.00000 0.00089 ( 1)  0.959  0.001
  12 D   0.99844 0.00000 0.00156 ( 1)  1.619  0.002
  13 G   0.99946 0.00000 0.00054 ( 1)  0.607  0.001
  14 F   0.99785 0.00000 0.00215 ( 1)  2.210  0.002
  15 I   0.99810 0.00000 0.00190 ( 1)  1.965  0.002
  16 R   0.99863 0.00000 0.00137 ( 1)  1.430  0.001
  17 Y   0.99888 0.00000 0.00112 ( 1)  1.189  0.001
  18 R   0.99899 0.00000 0.00101 ( 1)  1.076  0.001
  19 G   0.99880 0.00000 0.00120 ( 1)  1.263  0.001
  20 Y   0.99888 0.00000 0.00112 ( 1)  1.189  0.001
  21 S   0.99884 0.00000 0.00116 ( 1)  1.223  0.001
  22 D   0.99844 0.00000 0.00156 ( 1)  1.619  0.002
  23 D   0.99791 0.00000 0.00209 ( 1)  2.154  0.002
  24 P   0.99865 0.00000 0.00135 ( 1)  1.416  0.001
  25 Y   0.99888 0.00000 0.00112 ( 1)  1.189  0.001
  26 S   0.99961 0.00000 0.00039 ( 1)  0.452  0.000
  27 S   0.99899 0.00000 0.00101 ( 1)  1.075  0.001
  28 L   0.99911 0.00000 0.00089 ( 1)  0.959  0.001
  29 E   0.99931 0.00000 0.00069 ( 1)  0.759  0.001
  30 D   0.99791 0.00000 0.00209 ( 1)  2.154  0.002
  31 F   0.99785 0.00000 0.00215 ( 1)  2.210  0.002
  32 S   0.99961 0.00000 0.00039 ( 1)  0.452  0.000
  33 D   0.99844 0.00000 0.00156 ( 1)  1.619  0.002
  34 R   0.99863 0.00000 0.00137 ( 1)  1.430  0.001
  35 L   0.99806 0.00000 0.00194 ( 1)  2.004  0.002
  36 S   0.99925 0.00000 0.00075 ( 1)  0.812  0.001
  37 H   0.99823 0.00000 0.00177 ( 1)  1.834  0.002
  38 F   0.99785 0.00000 0.00215 ( 1)  2.210  0.002
  39 V   0.99731 0.00000 0.00269 ( 1)  2.757  0.003
  40 S   0.99884 0.00000 0.00116 ( 1)  1.223  0.001
  41 S   0.99914 0.00000 0.00086 ( 1)  0.922  0.001
  42 V   0.99731 0.00000 0.00269 ( 1)  2.757  0.003
  43 I   0.99810 0.00000 0.00190 ( 1)  1.965  0.002
  44 I   0.99810 0.00000 0.00190 ( 1)  1.965  0.002
  45 L   0.99806 0.00000 0.00194 ( 1)  2.004  0.002
  46 L   0.99807 0.00000 0.00193 ( 1)  1.994  0.002
  47 L   0.99764 0.00000 0.00236 ( 1)  2.422  0.002
  48 A   0.99881 0.00000 0.00119 ( 1)  1.251  0.001
  49 G   0.99838 0.00000 0.00162 ( 1)  1.681  0.002
  50 V   0.99768 0.00000 0.00232 ( 1)  2.379  0.002
  51 T   0.99898 0.00000 0.00102 ( 1)  1.082  0.001
  52 T   0.99911 0.00000 0.00089 ( 1)  0.953  0.001
  53 T   0.99966 0.00000 0.00034 ( 1)  0.404  0.000
  54 N   0.99866 0.00000 0.00134 ( 1)  1.401  0.001
  55 V   0.99731 0.00000 0.00269 ( 1)  2.757  0.003
  56 Y   0.99848 0.00000 0.00152 ( 1)  1.581  0.002
  57 F   0.99840 0.00000 0.00160 ( 1)  1.661  0.002
  58 L   0.99764 0.00000 0.00236 ( 1)  2.422  0.002
  59 R   0.99879 0.00000 0.00121 ( 1)  1.270  0.001
  60 P   0.99865 0.00000 0.00135 ( 1)  1.416  0.001
  61 I   0.99810 0.00000 0.00190 ( 1)  1.965  0.002
  62 S   0.99884 0.00000 0.00116 ( 1)  1.223  0.001
  63 C   0.99885 0.00000 0.00115 ( 1)  1.213  0.001
  64 T   0.99898 0.00000 0.00102 ( 1)  1.082  0.001
  65 L   0.99764 0.00000 0.00236 ( 1)  2.422  0.002
  66 P   0.99865 0.00000 0.00135 ( 1)  1.416  0.001
  67 T   0.99925 0.00000 0.00075 ( 1)  0.817  0.001
  68 S   0.99884 0.00000 0.00116 ( 1)  1.223  0.001
  69 P   0.99900 0.00000 0.00100 ( 1)  1.066  0.001
  70 D   0.99844 0.00000 0.00156 ( 1)  1.619  0.002
  71 G   0.99838 0.00000 0.00162 ( 1)  1.681  0.002
  72 H   0.99823 0.00000 0.00177 ( 1)  1.834  0.002
  73 F   0.99840 0.00000 0.00160 ( 1)  1.661  0.002
  74 T   0.99911 0.00000 0.00089 ( 1)  0.953  0.001
  75 V   0.99768 0.00000 0.00232 ( 1)  2.379  0.002
  76 F   0.99840 0.00000 0.00160 ( 1)  1.661  0.002
  77 A   0.99840 0.00000 0.00160 ( 1)  1.665  0.002
  78 E   0.99931 0.00000 0.00069 ( 1)  0.759  0.001
  79 S   0.95999 0.00000 0.04001 ( 1) 40.031  0.040
  80 V   0.99731 0.00000 0.00269 ( 1)  2.757  0.003
  81 C   0.99885 0.00000 0.00115 ( 1)  1.213  0.001
  82 W   0.99902 0.00000 0.00098 ( 1)  1.049  0.001
  83 L   0.99807 0.00000 0.00193 ( 1)  1.994  0.002
  84 Q   0.99848 0.00000 0.00152 ( 1)  1.586  0.002
  85 G   0.99838 0.00000 0.00162 ( 1)  1.681  0.002
  86 T   0.96032 0.00000 0.03968 ( 1) 39.707  0.040
  87 I   0.99859 0.00000 0.00141 ( 1)  1.476  0.001
  88 G   0.99946 0.00000 0.00054 ( 1)  0.607  0.001
  89 L   0.99740 0.00000 0.00260 ( 1)  2.664  0.003
  90 N   0.99866 0.00000 0.00134 ( 1)  1.401  0.001
  91 V   0.99768 0.00000 0.00232 ( 1)  2.379  0.002
  92 D   0.95964 0.00000 0.04036 ( 1) 40.379  0.040
  93 D   0.99791 0.00000 0.00209 ( 1)  2.154  0.002
  94 T   0.99898 0.00000 0.00102 ( 1)  1.082  0.001
  95 I   0.99810 0.00000 0.00190 ( 1)  1.965  0.002
  96 P   0.99955 0.00000 0.00045 ( 1)  0.517  0.000
  97 N   0.99901 0.00000 0.00099 ( 1)  1.054  0.001
  98 E   0.99931 0.00000 0.00069 ( 1)  0.759  0.001
  99 P   0.99900 0.00000 0.00100 ( 1)  1.066  0.001
 100 A   0.99946 0.00000 0.00054 ( 1)  0.601  0.001
 101 D   0.99791 0.00000 0.00209 ( 1)  2.154  0.002
 102 W   0.99902 0.00000 0.00098 ( 1)  1.049  0.001
 103 D   0.99844 0.00000 0.00156 ( 1)  1.619  0.002
 104 E   0.99821 0.00000 0.00179 ( 1)  1.858  0.002
 105 L   0.99807 0.00000 0.00193 ( 1)  1.994  0.002
 106 R   0.99911 0.00000 0.00089 ( 1)  0.955  0.001
 107 E   0.99821 0.00000 0.00179 ( 1)  1.858  0.002
 108 R   0.99954 0.00000 0.00046 ( 1)  0.524  0.000
 109 S   0.99961 0.00000 0.00039 ( 1)  0.452  0.000
 110 D   0.99844 0.00000 0.00156 ( 1)  1.619  0.002
 111 I   0.99937 0.00000 0.00063 ( 1)  0.694  0.001
 112 S   0.01254 0.00000 0.98746 ( 3) 986.477  0.987
 113 F   0.00000 0.00000 1.00000 ( 3) 998.998  1.000
 114 Y   0.00005 0.00000 0.99995 ( 3) 998.954  1.000
 115 Q   0.00607 0.00000 0.99393 ( 3) 992.938  0.994
 116 W   0.00088 0.00000 0.99912 ( 3) 998.126  0.999
 117 V   0.03186 0.00000 0.96814 ( 3) 967.173  0.968
 118 P   0.47464 0.00000 0.52536 ( 3) 524.870  0.525
 119 F   0.00004 0.00000 0.99996 ( 3) 998.956  1.000
 120 C   0.00001 0.00000 0.99999 ( 3) 998.989  1.000
 121 L   0.99740 0.00000 0.00260 ( 1)  2.664  0.003
 122 S   0.00003 0.00000 0.99997 ( 3) 998.970  1.000
 123 I   0.00001 0.00000 0.99999 ( 3) 998.988  1.000
 124 Q   0.00607 0.00000 0.99393 ( 3) 992.938  0.994
 125 A   0.00011 0.00000 0.99989 ( 3) 998.890  1.000
 126 M   0.99840 0.00000 0.00160 ( 1)  1.665  0.002
 127 Q   0.99848 0.00000 0.00152 ( 1)  1.586  0.002
 128 D   0.99791 0.00000 0.00209 ( 1)  2.154  0.002
 129 L   0.99740 0.00000 0.00260 ( 1)  2.664  0.003
 130 F   0.99785 0.00000 0.00215 ( 1)  2.210  0.002
 131 N   0.99866 0.00000 0.00134 ( 1)  1.401  0.001
 132 I   0.99810 0.00000 0.00190 ( 1)  1.965  0.002
 133 L   0.99740 0.00000 0.00260 ( 1)  2.664  0.003
 134 K   0.99956 0.00000 0.00044 ( 1)  0.508  0.000
 135 S   0.99899 0.00000 0.00101 ( 1)  1.075  0.001
 136 K   0.99885 0.00000 0.00115 ( 1)  1.219  0.001
 137 R   0.93320 0.00000 0.06680 ( 1) 66.793  0.067
 138 E   0.99821 0.00000 0.00179 ( 1)  1.858  0.002
 139 W   0.99902 0.00000 0.00098 ( 1)  1.049  0.001
 140 G   0.99880 0.00000 0.00120 ( 1)  1.263  0.001
 141 G   0.99838 0.00000 0.00162 ( 1)  1.681  0.002
 142 S   0.99925 0.00000 0.00075 ( 1)  0.812  0.001
 143 E   0.99821 0.00000 0.00179 ( 1)  1.858  0.002
 144 F   0.99785 0.00000 0.00215 ( 1)  2.210  0.002
 145 F   0.99785 0.00000 0.00215 ( 1)  2.210  0.002
 146 P   0.99900 0.00000 0.00100 ( 1)  1.066  0.001
 147 R   0.99954 0.00000 0.00046 ( 1)  0.524  0.000
 148 Q   0.99941 0.00000 0.00059 ( 1)  0.652  0.001
 149 T   0.99898 0.00000 0.00102 ( 1)  1.082  0.001
 150 L   0.99740 0.00000 0.00260 ( 1)  2.664  0.003
 151 C   0.99915 0.00000 0.00085 ( 1)  0.914  0.001
 152 P   0.99900 0.00000 0.00100 ( 1)  1.066  0.001
 153 V   0.99731 0.00000 0.00269 ( 1)  2.757  0.003
 154 R   0.99911 0.00000 0.00089 ( 1)  0.955  0.001
 155 V   0.93146 0.00000 0.06854 ( 1) 68.537  0.069
 156 P   0.99882 0.00000 0.00118 ( 1)  1.245  0.001
 157 H   0.99823 0.00000 0.00177 ( 1)  1.834  0.002
 158 L   0.99764 0.00000 0.00236 ( 1)  2.422  0.002
 159 G   0.99880 0.00000 0.00120 ( 1)  1.263  0.001
 160 V   0.99768 0.00000 0.00232 ( 1)  2.379  0.002
 161 R   0.99899 0.00000 0.00101 ( 1)  1.076  0.001
 162 N   0.99901 0.00000 0.00099 ( 1)  1.054  0.001
 163 Q   0.99848 0.00000 0.00152 ( 1)  1.586  0.002
 164 V   0.99690 0.00000 0.00310 ( 1)  3.159  0.003
 165 Y   0.99848 0.00000 0.00152 ( 1)  1.581  0.002
 166 T   0.99925 0.00000 0.00075 ( 1)  0.817  0.001
 167 A   0.99840 0.00000 0.00160 ( 1)  1.665  0.002
 168 V   0.99690 0.00000 0.00310 ( 1)  3.159  0.003
 169 C   0.99915 0.00000 0.00085 ( 1)  0.914  0.001
 170 A   0.99881 0.00000 0.00119 ( 1)  1.251  0.001
 171 L   0.99764 0.00000 0.00236 ( 1)  2.422  0.002
 172 P   0.99865 0.00000 0.00135 ( 1)  1.416  0.001
 173 V   0.99731 0.00000 0.00269 ( 1)  2.757  0.003
 174 N   0.99866 0.00000 0.00134 ( 1)  1.401  0.001
 175 M   0.99840 0.00000 0.00160 ( 1)  1.665  0.002
 176 F   0.99785 0.00000 0.00215 ( 1)  2.210  0.002
 177 N   0.99901 0.00000 0.00099 ( 1)  1.054  0.001
 178 E   0.99821 0.00000 0.00179 ( 1)  1.858  0.002
 179 K   0.99885 0.00000 0.00115 ( 1)  1.219  0.001
 180 I   0.99810 0.00000 0.00190 ( 1)  1.965  0.002
 181 Y   0.99888 0.00000 0.00112 ( 1)  1.189  0.001
 182 I   0.99937 0.00000 0.00063 ( 1)  0.694  0.001
 183 F   0.99840 0.00000 0.00160 ( 1)  1.661  0.002
 184 L   0.99764 0.00000 0.00236 ( 1)  2.422  0.002
 185 W   0.99902 0.00000 0.00098 ( 1)  1.049  0.001
 186 L   0.99807 0.00000 0.00193 ( 1)  1.994  0.002
 187 W   0.99902 0.00000 0.00098 ( 1)  1.049  0.001
 188 I   0.99810 0.00000 0.00190 ( 1)  1.965  0.002
 189 S   0.99884 0.00000 0.00116 ( 1)  1.223  0.001
 190 L   0.99764 0.00000 0.00236 ( 1)  2.422  0.002
 191 V   0.99731 0.00000 0.00269 ( 1)  2.757  0.003
 192 L   0.99806 0.00000 0.00194 ( 1)  2.004  0.002
 193 L   0.99740 0.00000 0.00260 ( 1)  2.664  0.003
 194 V   0.95767 0.00000 0.04233 ( 1) 42.350  0.042
 195 S   0.99914 0.00000 0.00086 ( 1)  0.922  0.001
 196 V   0.99768 0.00000 0.00232 ( 1)  2.379  0.002
 197 L   0.99740 0.00000 0.00260 ( 1)  2.664  0.003
 198 S   0.99899 0.00000 0.00101 ( 1)  1.075  0.001
 199 L   0.93072 0.00000 0.06928 ( 1) 69.274  0.069
 200 L   0.99740 0.00000 0.00260 ( 1)  2.664  0.003
 201 T   0.99898 0.00000 0.00102 ( 1)  1.082  0.001
 202 W   0.99902 0.00000 0.00098 ( 1)  1.049  0.001
 203 L   0.99806 0.00000 0.00194 ( 1)  2.004  0.002
 204 S   0.99925 0.00000 0.00075 ( 1)  0.812  0.001
 205 R   0.99899 0.00000 0.00101 ( 1)  1.076  0.001
 206 L   0.99764 0.00000 0.00236 ( 1)  2.422  0.002
 207 A   0.99881 0.00000 0.00119 ( 1)  1.251  0.001
 208 L   0.99911 0.00000 0.00089 ( 1)  0.959  0.001
 209 Q   0.99941 0.00000 0.00059 ( 1)  0.652  0.001
 210 R   0.99863 0.00000 0.00137 ( 1)  1.430  0.001
 211 Y   0.99848 0.00000 0.00152 ( 1)  1.581  0.002
 212 S   0.99925 0.00000 0.00075 ( 1)  0.812  0.001
 213 R   0.99863 0.00000 0.00137 ( 1)  1.430  0.001
 214 N   0.99866 0.00000 0.00134 ( 1)  1.401  0.001
 215 F   0.99785 0.00000 0.00215 ( 1)  2.210  0.002
 216 L   0.99764 0.00000 0.00236 ( 1)  2.422  0.002
 217 R   0.99863 0.00000 0.00137 ( 1)  1.430  0.001
 218 E   0.96026 0.00000 0.03974 ( 1) 39.764  0.040
 219 F   0.99785 0.00000 0.00215 ( 1)  2.210  0.002
 220 L   0.99764 0.00000 0.00236 ( 1)  2.422  0.002
 221 A   0.99860 0.00000 0.00140 ( 1)  1.460  0.001
 222 V   0.95793 0.00000 0.04207 ( 1) 42.090  0.042
 223 S   0.99899 0.00000 0.00101 ( 1)  1.075  0.001
 224 L   0.99807 0.00000 0.00193 ( 1)  1.994  0.002
 225 L   0.04490 0.00000 0.95510 ( 3) 954.151  0.955
 226 A   0.99840 0.00000 0.00160 ( 1)  1.665  0.002
 227 P   0.99882 0.00000 0.00118 ( 1)  1.245  0.001
 228 I   0.99859 0.00000 0.00141 ( 1)  1.476  0.001
 229 Q   0.99848 0.00000 0.00152 ( 1)  1.586  0.002
 230 S   0.60882 0.00000 0.39118 ( 1) 390.824  0.391
 231 F   0.60960 0.00000 0.39040 ( 1) 390.045  0.390
 232 G   0.95942 0.00000 0.04058 ( 1) 40.605  0.041
 233 S   0.99925 0.00000 0.00075 ( 1)  0.812  0.001
 234 A   0.02225 0.00000 0.97775 ( 3) 976.777  0.978
 235 E   0.00169 0.00000 0.99831 ( 3) 997.316  0.998
 236 R   0.99879 0.00000 0.00121 ( 1)  1.270  0.001
 237 D   0.99791 0.00000 0.00209 ( 1)  2.154  0.002
 238 D   0.99844 0.00000 0.00156 ( 1)  1.619  0.002
 239 G   0.99859 0.00000 0.00141 ( 1)  1.474  0.001
 240 R   0.99966 0.00000 0.00034 ( 1)  0.402  0.000
 241 G   0.93323 0.00000 0.06677 ( 1) 66.768  0.067
 242 E   0.99931 0.00000 0.00069 ( 1)  0.759  0.001
 243 G   0.99859 0.00000 0.00141 ( 1)  1.474  0.001
 244 E   0.99821 0.00000 0.00179 ( 1)  1.858  0.002
 245 E   0.99821 0.00000 0.00179 ( 1)  1.858  0.002
 246 E   0.99821 0.00000 0.00179 ( 1)  1.858  0.002
 247 G   0.61297 0.00000 0.38703 ( 1) 386.684  0.387
 248 V   0.99731 0.00000 0.00269 ( 1)  2.757  0.003
 249 V   0.99731 0.00000 0.00269 ( 1)  2.757  0.003
 250 D   0.99844 0.00000 0.00156 ( 1)  1.619  0.002
 251 L   0.99764 0.00000 0.00236 ( 1)  2.422  0.002
 252 P   0.99882 0.00000 0.00118 ( 1)  1.245  0.001
 253 D   0.99844 0.00000 0.00156 ( 1)  1.619  0.002
 254 D   0.99844 0.00000 0.00156 ( 1)  1.619  0.002
 255 L   0.99764 0.00000 0.00236 ( 1)  2.422  0.002
 256 V   0.99731 0.00000 0.00269 ( 1)  2.757  0.003
 257 N   0.99866 0.00000 0.00134 ( 1)  1.401  0.001
 258 K   0.99885 0.00000 0.00115 ( 1)  1.219  0.001
 259 F   0.99785 0.00000 0.00215 ( 1)  2.210  0.002
 260 L   0.93061 0.00000 0.06939 ( 1) 69.379  0.069
 261 R   0.93269 0.00000 0.06731 ( 1) 67.300  0.067
 262 E   0.99821 0.00000 0.00179 ( 1)  1.858  0.002

Positively selected sites

	Prob(w>1)  mean w

   112 S      0.987*        986.477
   113 F      1.000**       998.998
   114 Y      1.000**       998.954
   115 Q      0.994**       992.938
   116 W      0.999**       998.126
   117 V      0.968*        967.173
   118 P      0.525         524.870
   119 F      1.000**       998.956
   120 C      1.000**       998.989
   122 S      1.000**       998.970
   123 I      1.000**       998.988
   124 Q      0.994**       992.938
   125 A      1.000**       998.890
   225 L      0.955*        954.151
   234 A      0.978*        976.777
   235 E      0.998**       997.316


lnL = -1254.293095

Bayes Empirical Bayes (BEB) probabilities for 3 classes (class) & postmean_w
(amino acids refer to 1st sequence: spe.24605)

   1 M   0.92335 0.05763 0.01902 ( 1)  0.303 +-  1.353
   2 G   0.86911 0.06379 0.06710 ( 1)  0.785 +-  2.473
   3 S   0.91020 0.06057 0.02923 ( 1)  0.407 +-  1.664
   4 F   0.92132 0.05763 0.02105 ( 1)  0.324 +-  1.423
   5 D   0.91124 0.06013 0.02862 ( 1)  0.400 +-  1.648
   6 L   0.90642 0.06083 0.03275 ( 1)  0.442 +-  1.759
   7 G   0.91239 0.05993 0.02768 ( 1)  0.391 +-  1.622
   8 T   0.86857 0.06385 0.06758 ( 1)  0.790 +-  2.481
   9 D   0.91124 0.06013 0.02862 ( 1)  0.400 +-  1.648
  10 L   0.90309 0.06097 0.03594 ( 1)  0.474 +-  1.840
  11 L   0.86585 0.06384 0.07031 ( 1)  0.817 +-  2.527
  12 D   0.91124 0.06013 0.02862 ( 1)  0.400 +-  1.648
  13 G   0.86911 0.06379 0.06710 ( 1)  0.785 +-  2.473
  14 F   0.92132 0.05763 0.02105 ( 1)  0.324 +-  1.423
  15 I   0.92011 0.05818 0.02171 ( 1)  0.331 +-  1.443
  16 R   0.91032 0.06042 0.02926 ( 1)  0.407 +-  1.666
  17 Y   0.89920 0.06186 0.03894 ( 1)  0.504 +-  1.911
  18 R   0.89847 0.06197 0.03955 ( 1)  0.510 +-  1.925
  19 G   0.90084 0.06165 0.03751 ( 1)  0.490 +-  1.877
  20 Y   0.89920 0.06186 0.03894 ( 1)  0.504 +-  1.911
  21 S   0.91020 0.06057 0.02923 ( 1)  0.407 +-  1.664
  22 D   0.91124 0.06013 0.02862 ( 1)  0.400 +-  1.648
  23 D   0.91954 0.05820 0.02226 ( 1)  0.336 +-  1.461
  24 P   0.91182 0.06016 0.02802 ( 1)  0.394 +-  1.631
  25 Y   0.89920 0.06186 0.03894 ( 1)  0.504 +-  1.911
  26 S   0.86184 0.06400 0.07416 ( 1)  0.855 +-  2.590
  27 S   0.91246 0.06035 0.02719 ( 1)  0.386 +-  1.607
  28 L   0.86585 0.06384 0.07031 ( 1)  0.817 +-  2.527
  29 E   0.89413 0.06253 0.04335 ( 1)  0.548 +-  2.011
  30 D   0.91954 0.05820 0.02226 ( 1)  0.336 +-  1.461
  31 F   0.92132 0.05763 0.02105 ( 1)  0.324 +-  1.423
  32 S   0.86184 0.06400 0.07416 ( 1)  0.855 +-  2.590
  33 D   0.91124 0.06013 0.02862 ( 1)  0.400 +-  1.648
  34 R   0.91032 0.06042 0.02926 ( 1)  0.407 +-  1.666
  35 L   0.90309 0.06097 0.03594 ( 1)  0.474 +-  1.840
  36 S   0.90187 0.06179 0.03634 ( 1)  0.478 +-  1.848
  37 H   0.91793 0.05880 0.02327 ( 1)  0.346 +-  1.492
  38 F   0.92132 0.05763 0.02105 ( 1)  0.324 +-  1.423
  39 V   0.90885 0.05972 0.03142 ( 1)  0.428 +-  1.726
  40 S   0.91020 0.06057 0.02923 ( 1)  0.407 +-  1.664
  41 S   0.89815 0.06207 0.03978 ( 1)  0.512 +-  1.930
  42 V   0.90885 0.05972 0.03142 ( 1)  0.428 +-  1.726
  43 I   0.92011 0.05818 0.02171 ( 1)  0.331 +-  1.443
  44 I   0.92011 0.05818 0.02171 ( 1)  0.331 +-  1.443
  45 L   0.90309 0.06097 0.03594 ( 1)  0.474 +-  1.840
  46 L   0.90642 0.06083 0.03275 ( 1)  0.442 +-  1.759
  47 L   0.89733 0.06159 0.04108 ( 1)  0.525 +-  1.961
  48 A   0.90251 0.06143 0.03606 ( 1)  0.475 +-  1.842
  49 G   0.91239 0.05993 0.02768 ( 1)  0.391 +-  1.622
  50 V   0.90274 0.06079 0.03647 ( 1)  0.479 +-  1.853
  51 T   0.90904 0.06082 0.03014 ( 1)  0.416 +-  1.689
  52 T   0.90386 0.06151 0.03463 ( 1)  0.461 +-  1.806
  53 T   0.86857 0.06385 0.06758 ( 1)  0.790 +-  2.481
  54 N   0.91627 0.05951 0.02422 ( 1)  0.356 +-  1.520
  55 V   0.90885 0.05972 0.03142 ( 1)  0.428 +-  1.726
  56 Y   0.91091 0.06025 0.02884 ( 1)  0.403 +-  1.654
  57 F   0.91321 0.05972 0.02707 ( 1)  0.385 +-  1.605
  58 L   0.89733 0.06159 0.04108 ( 1)  0.525 +-  1.961
  59 R   0.90104 0.06160 0.03735 ( 1)  0.488 +-  1.873
  60 P   0.91182 0.06016 0.02802 ( 1)  0.394 +-  1.631
  61 I   0.92011 0.05818 0.02171 ( 1)  0.331 +-  1.443
  62 S   0.91020 0.06057 0.02923 ( 1)  0.407 +-  1.664
  63 C   0.91248 0.06024 0.02728 ( 1)  0.387 +-  1.610
  64 T   0.90904 0.06082 0.03014 ( 1)  0.416 +-  1.689
  65 L   0.89733 0.06159 0.04108 ( 1)  0.525 +-  1.961
  66 P   0.91182 0.06016 0.02802 ( 1)  0.394 +-  1.631
  67 T   0.89683 0.06224 0.04093 ( 1)  0.524 +-  1.956
  68 S   0.91020 0.06057 0.02923 ( 1)  0.407 +-  1.664
  69 P   0.90002 0.06180 0.03817 ( 1)  0.496 +-  1.893
  70 D   0.91124 0.06013 0.02862 ( 1)  0.400 +-  1.648
  71 G   0.91239 0.05993 0.02768 ( 1)  0.391 +-  1.622
  72 H   0.91793 0.05880 0.02327 ( 1)  0.346 +-  1.492
  73 F   0.91321 0.05972 0.02707 ( 1)  0.385 +-  1.605
  74 T   0.90386 0.06151 0.03463 ( 1)  0.461 +-  1.806
  75 V   0.90274 0.06079 0.03647 ( 1)  0.479 +-  1.853
  76 F   0.91321 0.05972 0.02707 ( 1)  0.385 +-  1.605
  77 A   0.91397 0.05960 0.02642 ( 1)  0.378 +-  1.586
  78 E   0.89413 0.06253 0.04335 ( 1)  0.548 +-  2.011
  79 S   0.90343 0.06129 0.03528 ( 1)  0.467 +-  1.823
  80 V   0.90885 0.05972 0.03142 ( 1)  0.428 +-  1.726
  81 C   0.91248 0.06024 0.02728 ( 1)  0.387 +-  1.610
  82 W   0.90274 0.06164 0.03562 ( 1)  0.471 +-  1.830
  83 L   0.90642 0.06083 0.03275 ( 1)  0.442 +-  1.759
  84 Q   0.91014 0.06043 0.02943 ( 1)  0.409 +-  1.670
  85 G   0.91239 0.05993 0.02768 ( 1)  0.391 +-  1.622
  86 T   0.88482 0.06260 0.05258 ( 1)  0.640 +-  2.207
  87 I   0.91089 0.06025 0.02886 ( 1)  0.403 +-  1.655
  88 G   0.86911 0.06379 0.06710 ( 1)  0.785 +-  2.473
  89 L   0.91362 0.05896 0.02742 ( 1)  0.388 +-  1.616
  90 N   0.91627 0.05951 0.02422 ( 1)  0.356 +-  1.520
  91 V   0.90274 0.06079 0.03647 ( 1)  0.479 +-  1.853
  92 D   0.89468 0.05852 0.04680 ( 1)  0.580 +-  2.092
  93 D   0.91954 0.05820 0.02226 ( 1)  0.336 +-  1.461
  94 T   0.90904 0.06082 0.03014 ( 1)  0.416 +-  1.689
  95 I   0.92011 0.05818 0.02171 ( 1)  0.331 +-  1.443
  96 P   0.87133 0.06373 0.06494 ( 1)  0.764 +-  2.435
  97 N   0.90639 0.06117 0.03244 ( 1)  0.439 +-  1.750
  98 E   0.89413 0.06253 0.04335 ( 1)  0.548 +-  2.011
  99 P   0.90002 0.06180 0.03817 ( 1)  0.496 +-  1.893
 100 A   0.87364 0.06363 0.06273 ( 1)  0.742 +-  2.396
 101 D   0.91954 0.05820 0.02226 ( 1)  0.336 +-  1.461
 102 W   0.90274 0.06164 0.03562 ( 1)  0.471 +-  1.830
 103 D   0.91124 0.06013 0.02862 ( 1)  0.400 +-  1.648
 104 E   0.91562 0.05927 0.02511 ( 1)  0.365 +-  1.548
 105 L   0.90642 0.06083 0.03275 ( 1)  0.442 +-  1.759
 106 R   0.90527 0.06137 0.03336 ( 1)  0.448 +-  1.773
 107 E   0.91562 0.05927 0.02511 ( 1)  0.365 +-  1.548
 108 R   0.86147 0.06400 0.07453 ( 1)  0.859 +-  2.596
 109 S   0.86184 0.06400 0.07416 ( 1)  0.855 +-  2.590
 110 D   0.91124 0.06013 0.02862 ( 1)  0.400 +-  1.648
 111 I   0.89412 0.06250 0.04338 ( 1)  0.548 +-  2.012
 112 S   0.01282 0.03794 0.94924 ( 3)  9.538 +-  2.171
 113 F   0.00002 0.00215 0.99783 ( 3)  9.990 +-  0.895
 114 Y   0.00050 0.00754 0.99196 ( 3)  9.937 +-  1.129
 115 Q   0.00964 0.02972 0.96064 ( 3)  9.645 +-  1.957
 116 W   0.00175 0.02238 0.97587 ( 3)  9.790 +-  1.597
 117 V   0.03870 0.06365 0.89765 ( 3)  9.048 +-  2.935
 118 P   0.12991 0.14398 0.72611 ( 3)  7.409 +-  4.266
 119 F   0.00093 0.01227 0.98680 ( 3)  9.890 +-  1.300
 120 C   0.00062 0.00856 0.99082 ( 3)  9.926 +-  1.169
 121 L   0.91362 0.05896 0.02742 ( 1)  0.388 +-  1.616
 122 S   0.00093 0.01265 0.98643 ( 3)  9.886 +-  1.311
 123 I   0.00009 0.00308 0.99683 ( 3)  9.981 +-  0.939
 124 Q   0.00964 0.02972 0.96064 ( 3)  9.645 +-  1.957
 125 A   0.00138 0.01779 0.98083 ( 3)  9.835 +-  1.470
 126 M   0.92335 0.05763 0.01902 ( 1)  0.303 +-  1.353
 127 Q   0.91014 0.06043 0.02943 ( 1)  0.409 +-  1.670
 128 D   0.91954 0.05820 0.02226 ( 1)  0.336 +-  1.461
 129 L   0.91362 0.05896 0.02742 ( 1)  0.388 +-  1.616
 130 F   0.92132 0.05763 0.02105 ( 1)  0.324 +-  1.423
 131 N   0.91627 0.05951 0.02422 ( 1)  0.356 +-  1.520
 132 I   0.92011 0.05818 0.02171 ( 1)  0.331 +-  1.443
 133 L   0.91362 0.05896 0.02742 ( 1)  0.388 +-  1.616
 134 K   0.88435 0.06322 0.05243 ( 1)  0.639 +-  2.201
 135 S   0.89869 0.06194 0.03937 ( 1)  0.508 +-  1.921
 136 K   0.90995 0.06065 0.02940 ( 1)  0.408 +-  1.669
 137 R   0.89121 0.06127 0.04753 ( 1)  0.590 +-  2.107
 138 E   0.91562 0.05927 0.02511 ( 1)  0.365 +-  1.548
 139 W   0.90274 0.06164 0.03562 ( 1)  0.471 +-  1.830
 140 G   0.90084 0.06165 0.03751 ( 1)  0.490 +-  1.877
 141 G   0.91239 0.05993 0.02768 ( 1)  0.391 +-  1.622
 142 S   0.90187 0.06179 0.03634 ( 1)  0.478 +-  1.848
 143 E   0.91562 0.05927 0.02511 ( 1)  0.365 +-  1.548
 144 F   0.92132 0.05763 0.02105 ( 1)  0.324 +-  1.423
 145 F   0.92132 0.05763 0.02105 ( 1)  0.324 +-  1.423
 146 P   0.90002 0.06180 0.03817 ( 1)  0.496 +-  1.893
 147 R   0.86147 0.06400 0.07453 ( 1)  0.859 +-  2.596
 148 Q   0.88789 0.06300 0.04911 ( 1)  0.606 +-  2.134
 149 T   0.90904 0.06082 0.03014 ( 1)  0.416 +-  1.689
 150 L   0.91362 0.05896 0.02742 ( 1)  0.388 +-  1.616
 151 C   0.90176 0.06174 0.03651 ( 1)  0.480 +-  1.852
 152 P   0.90002 0.06180 0.03817 ( 1)  0.496 +-  1.893
 153 V   0.90885 0.05972 0.03142 ( 1)  0.428 +-  1.726
 154 R   0.90527 0.06137 0.03336 ( 1)  0.448 +-  1.773
 155 V   0.89714 0.05971 0.04315 ( 1)  0.545 +-  2.014
 156 P   0.90647 0.06093 0.03259 ( 1)  0.440 +-  1.755
 157 H   0.91793 0.05880 0.02327 ( 1)  0.346 +-  1.492
 158 L   0.89733 0.06159 0.04108 ( 1)  0.525 +-  1.961
 159 G   0.90084 0.06165 0.03751 ( 1)  0.490 +-  1.877
 160 V   0.90274 0.06079 0.03647 ( 1)  0.479 +-  1.853
 161 R   0.89847 0.06197 0.03955 ( 1)  0.510 +-  1.925
 162 N   0.90639 0.06117 0.03244 ( 1)  0.439 +-  1.750
 163 Q   0.91014 0.06043 0.02943 ( 1)  0.409 +-  1.670
 164 V   0.91284 0.05872 0.02844 ( 1)  0.398 +-  1.646
 165 Y   0.91091 0.06025 0.02884 ( 1)  0.403 +-  1.654
 166 T   0.89683 0.06224 0.04093 ( 1)  0.524 +-  1.956
 167 A   0.91397 0.05960 0.02642 ( 1)  0.378 +-  1.586
 168 V   0.91284 0.05872 0.02844 ( 1)  0.398 +-  1.646
 169 C   0.90176 0.06174 0.03651 ( 1)  0.480 +-  1.852
 170 A   0.90251 0.06143 0.03606 ( 1)  0.475 +-  1.842
 171 L   0.89733 0.06159 0.04108 ( 1)  0.525 +-  1.961
 172 P   0.91182 0.06016 0.02802 ( 1)  0.394 +-  1.631
 173 V   0.90885 0.05972 0.03142 ( 1)  0.428 +-  1.726
 174 N   0.91627 0.05951 0.02422 ( 1)  0.356 +-  1.520
 175 M   0.92335 0.05763 0.01902 ( 1)  0.303 +-  1.353
 176 F   0.92132 0.05763 0.02105 ( 1)  0.324 +-  1.423
 177 N   0.90639 0.06117 0.03244 ( 1)  0.439 +-  1.750
 178 E   0.91562 0.05927 0.02511 ( 1)  0.365 +-  1.548
 179 K   0.90995 0.06065 0.02940 ( 1)  0.408 +-  1.669
 180 I   0.92011 0.05818 0.02171 ( 1)  0.331 +-  1.443
 181 Y   0.89920 0.06186 0.03894 ( 1)  0.504 +-  1.911
 182 I   0.89412 0.06250 0.04338 ( 1)  0.548 +-  2.012
 183 F   0.91321 0.05972 0.02707 ( 1)  0.385 +-  1.605
 184 L   0.89733 0.06159 0.04108 ( 1)  0.525 +-  1.961
 185 W   0.90274 0.06164 0.03562 ( 1)  0.471 +-  1.830
 186 L   0.90642 0.06083 0.03275 ( 1)  0.442 +-  1.759
 187 W   0.90274 0.06164 0.03562 ( 1)  0.471 +-  1.830
 188 I   0.92011 0.05818 0.02171 ( 1)  0.331 +-  1.443
 189 S   0.91020 0.06057 0.02923 ( 1)  0.407 +-  1.664
 190 L   0.89733 0.06159 0.04108 ( 1)  0.525 +-  1.961
 191 V   0.90885 0.05972 0.03142 ( 1)  0.428 +-  1.726
 192 L   0.90309 0.06097 0.03594 ( 1)  0.474 +-  1.840
 193 L   0.91362 0.05896 0.02742 ( 1)  0.388 +-  1.616
 194 V   0.90876 0.05978 0.03145 ( 1)  0.428 +-  1.727
 195 S   0.89815 0.06207 0.03978 ( 1)  0.512 +-  1.930
 196 V   0.90274 0.06079 0.03647 ( 1)  0.479 +-  1.853
 197 L   0.91362 0.05896 0.02742 ( 1)  0.388 +-  1.616
 198 S   0.91246 0.06035 0.02719 ( 1)  0.386 +-  1.607
 199 L   0.89546 0.06097 0.04356 ( 1)  0.550 +-  2.020
 200 L   0.91362 0.05896 0.02742 ( 1)  0.388 +-  1.616
 201 T   0.90904 0.06082 0.03014 ( 1)  0.416 +-  1.689
 202 W   0.90274 0.06164 0.03562 ( 1)  0.471 +-  1.830
 203 L   0.90309 0.06097 0.03594 ( 1)  0.474 +-  1.840
 204 S   0.90187 0.06179 0.03634 ( 1)  0.478 +-  1.848
 205 R   0.89847 0.06197 0.03955 ( 1)  0.510 +-  1.925
 206 L   0.89733 0.06159 0.04108 ( 1)  0.525 +-  1.961
 207 A   0.90251 0.06143 0.03606 ( 1)  0.475 +-  1.842
 208 L   0.86585 0.06384 0.07031 ( 1)  0.817 +-  2.527
 209 Q   0.88789 0.06300 0.04911 ( 1)  0.606 +-  2.134
 210 R   0.91032 0.06042 0.02926 ( 1)  0.407 +-  1.666
 211 Y   0.91091 0.06025 0.02884 ( 1)  0.403 +-  1.654
 212 S   0.90187 0.06179 0.03634 ( 1)  0.478 +-  1.848
 213 R   0.91032 0.06042 0.02926 ( 1)  0.407 +-  1.666
 214 N   0.91627 0.05951 0.02422 ( 1)  0.356 +-  1.520
 215 F   0.92132 0.05763 0.02105 ( 1)  0.324 +-  1.423
 216 L   0.89733 0.06159 0.04108 ( 1)  0.525 +-  1.961
 217 R   0.91032 0.06042 0.02926 ( 1)  0.407 +-  1.666
 218 E   0.87192 0.05969 0.06839 ( 1)  0.796 +-  2.500
 219 F   0.92132 0.05763 0.02105 ( 1)  0.324 +-  1.423
 220 L   0.89733 0.06159 0.04108 ( 1)  0.525 +-  1.961
 221 A   0.90908 0.06048 0.03044 ( 1)  0.419 +-  1.698
 222 V   0.89241 0.06153 0.04606 ( 1)  0.575 +-  2.073
 223 S   0.89869 0.06194 0.03937 ( 1)  0.508 +-  1.921
 224 L   0.90642 0.06083 0.03275 ( 1)  0.442 +-  1.759
 225 L   0.09969 0.11060 0.78971 ( 3)  8.018 +-  3.916
 226 A   0.91397 0.05960 0.02642 ( 1)  0.378 +-  1.586
 227 P   0.90647 0.06093 0.03259 ( 1)  0.440 +-  1.755
 228 I   0.91089 0.06025 0.02886 ( 1)  0.403 +-  1.655
 229 Q   0.91014 0.06043 0.02943 ( 1)  0.409 +-  1.670
 230 S   0.12581 0.14168 0.73251 ( 3)  7.469 +-  4.234
 231 F   0.12950 0.14458 0.72591 ( 3)  7.406 +-  4.266
 232 G   0.90607 0.06076 0.03317 ( 1)  0.446 +-  1.770
 233 S   0.90187 0.06179 0.03634 ( 1)  0.478 +-  1.848
 234 A   0.08025 0.09548 0.82427 ( 3)  8.347 +-  3.663
 235 E   0.00150 0.01953 0.97897 ( 3)  9.818 +-  1.519
 236 R   0.90104 0.06160 0.03735 ( 1)  0.488 +-  1.873
 237 D   0.91954 0.05820 0.02226 ( 1)  0.336 +-  1.461
 238 D   0.91124 0.06013 0.02862 ( 1)  0.400 +-  1.648
 239 G   0.90746 0.06075 0.03179 ( 1)  0.432 +-  1.734
 240 R   0.87549 0.06364 0.06088 ( 1)  0.723 +-  2.362
 241 G   0.89441 0.06061 0.04498 ( 1)  0.564 +-  2.053
 242 E   0.89413 0.06253 0.04335 ( 1)  0.548 +-  2.011
 243 G   0.90746 0.06075 0.03179 ( 1)  0.432 +-  1.734
 244 E   0.91562 0.05927 0.02511 ( 1)  0.365 +-  1.548
 245 E   0.91562 0.05927 0.02511 ( 1)  0.365 +-  1.548
 246 E   0.91562 0.05927 0.02511 ( 1)  0.365 +-  1.548
 247 G   0.14264 0.15642 0.70094 ( 3)  7.167 +-  4.375
 248 V   0.90885 0.05972 0.03142 ( 1)  0.428 +-  1.726
 249 V   0.90885 0.05972 0.03142 ( 1)  0.428 +-  1.726
 250 D   0.91124 0.06013 0.02862 ( 1)  0.400 +-  1.648
 251 L   0.89733 0.06159 0.04108 ( 1)  0.525 +-  1.961
 252 P   0.90647 0.06093 0.03259 ( 1)  0.440 +-  1.755
 253 D   0.91124 0.06013 0.02862 ( 1)  0.400 +-  1.648
 254 D   0.91124 0.06013 0.02862 ( 1)  0.400 +-  1.648
 255 L   0.89733 0.06159 0.04108 ( 1)  0.525 +-  1.961
 256 V   0.90885 0.05972 0.03142 ( 1)  0.428 +-  1.726
 257 N   0.91627 0.05951 0.02422 ( 1)  0.356 +-  1.520
 258 K   0.90995 0.06065 0.02940 ( 1)  0.408 +-  1.669
 259 F   0.92132 0.05763 0.02105 ( 1)  0.324 +-  1.423
 260 L   0.90030 0.05997 0.03972 ( 1)  0.511 +-  1.935
 261 R   0.83128 0.06173 0.10698 ( 1)  1.182 +-  3.065
 262 E   0.91562 0.05927 0.02511 ( 1)  0.365 +-  1.548

Positively selected sites

	Prob(w>1)  mean w

   112 S      0.949         9.538 +- 2.171
   113 F      0.998**       9.990 +- 0.895
   114 Y      0.992**       9.937 +- 1.129
   115 Q      0.961*        9.645 +- 1.957
   116 W      0.976*        9.790 +- 1.597
   117 V      0.898         9.048 +- 2.935
   118 P      0.726         7.409 +- 4.266
   119 F      0.987*        9.890 +- 1.300
   120 C      0.991**       9.926 +- 1.169
   122 S      0.986*        9.886 +- 1.311
   123 I      0.997**       9.981 +- 0.939
   124 Q      0.961*        9.645 +- 1.957
   125 A      0.981*        9.835 +- 1.470
   225 L      0.790         8.018 +- 3.916
   230 S      0.733         7.469 +- 4.234
   231 F      0.726         7.406 +- 4.266
   234 A      0.824         8.347 +- 3.663
   235 E      0.979*        9.818 +- 1.519
   247 G      0.701         7.167 +- 4.375

