Supplemental results for CODEML (seqf: algn  treef: tree)


dN/dS (w) for site classes (K=8)

p:   0.12500  0.12500  0.12500  0.12500  0.12500  0.12500  0.12500  0.12500
w:   0.00107  0.00296  0.00499  0.00733  0.01015  0.01384  0.01930  0.03071

Naive Empirical Bayes (NEB) probabilities for 8 classes & postmean_w
(amino acids refer to 1st sequence: Msl.11249)

   1 H   0.30970 0.22908 0.16783 0.11944 0.08118 0.05141 0.02892 0.01244 ( 1)  0.005
   2 R   0.24730 0.20574 0.16925 0.13565 0.10414 0.07429 0.04577 0.01787 ( 1)  0.006
   3 K   0.05409 0.11793 0.15443 0.17065 0.16939 0.15188 0.11795 0.06366 ( 4)  0.010
   4 E   0.28628 0.22264 0.17106 0.12742 0.09022 0.05868 0.03244 0.01126 ( 1)  0.005
   5 H   0.05639 0.12144 0.15705 0.17130 0.16775 0.14842 0.11426 0.06339 ( 4)  0.010
   6 V   0.03563 0.08459 0.12107 0.14764 0.16430 0.16950 0.15904 0.11823 ( 6)  0.013
   7 A   0.23499 0.19908 0.16701 0.13689 0.10801 0.07984 0.05181 0.02236 ( 1)  0.007
   8 K   0.03848 0.08948 0.12557 0.15019 0.16394 0.16598 0.15312 0.11324 ( 6)  0.012
   9 L   0.22997 0.19550 0.16485 0.13618 0.10877 0.08210 0.05551 0.02713 ( 1)  0.007
  10 E   0.00535 0.03243 0.07178 0.11680 0.16155 0.19906 0.21868 0.19436 ( 7)  0.016
  11 R   0.03715 0.08788 0.12494 0.15085 0.16556 0.16765 0.15361 0.11235 ( 6)  0.012
  12 D   0.05597 0.12079 0.15659 0.17125 0.16818 0.14923 0.11504 0.06296 ( 4)  0.010
  13 L   0.22916 0.19511 0.16476 0.13631 0.10905 0.08245 0.05585 0.02732 ( 1)  0.007
  14 A   0.00211 0.01431 0.03566 0.06634 0.10768 0.16274 0.23929 0.37187 ( 8)  0.020
  15 S   0.00334 0.02139 0.05028 0.08767 0.13189 0.18140 0.23450 0.28953 ( 8)  0.018
  16 V   0.03257 0.07834 0.11371 0.14101 0.16027 0.17016 0.16694 0.13699 ( 6)  0.013
  17 T   0.00088 0.00781 0.02380 0.05202 0.09651 0.16276 0.25897 0.39725 ( 8)  0.021
  18 R   0.24501 0.20450 0.16884 0.13588 0.10486 0.07533 0.04689 0.01870 ( 1)  0.006
  19 E   0.00434 0.02709 0.06187 0.10421 0.15002 0.19425 0.22848 0.22973 ( 8)  0.017
  20 Y   0.03989 0.09182 0.12762 0.15127 0.16374 0.16451 0.15077 0.11038 ( 6)  0.012
  21 Q   0.00449 0.02769 0.06256 0.10450 0.14961 0.19328 0.22785 0.23002 ( 8)  0.017
  22 M   0.00009 0.00179 0.00786 0.02233 0.05228 0.11180 0.23591 0.56793 ( 8)  0.024
  23 N   0.00496 0.03043 0.06820 0.11248 0.15797 0.19821 0.22283 0.20494 ( 7)  0.016
  24 R   0.24436 0.20415 0.16872 0.13594 0.10505 0.07561 0.04721 0.01896 ( 1)  0.006
  25 M   0.00324 0.02109 0.05026 0.08871 0.13484 0.18650 0.23926 0.27610 ( 8)  0.018
  26 K   0.05086 0.11127 0.14661 0.16372 0.16543 0.15309 0.12671 0.08232 ( 5)  0.011
  27 S   0.00255 0.01720 0.04252 0.07806 0.12397 0.18043 0.24641 0.30886 ( 8)  0.019
  28 S   0.21596 0.18870 0.16346 0.13880 0.11406 0.08857 0.06129 0.02916 ( 1)  0.007
  29 E   0.00013 0.00256 0.01091 0.02995 0.06690 0.13407 0.25586 0.49962 ( 8)  0.023
  30 T   0.23956 0.20139 0.16760 0.13620 0.10643 0.07780 0.04982 0.02120 ( 1)  0.006
  31 I   0.25675 0.20996 0.16979 0.13366 0.10066 0.07035 0.04243 0.01641 ( 1)  0.006
  32 P   0.02925 0.07135 0.10527 0.13317 0.15527 0.17064 0.17620 0.15884 ( 7)  0.014
  33 Q   0.05062 0.11152 0.14781 0.16581 0.16786 0.15479 0.12588 0.07570 ( 5)  0.011
  34 I   0.03704 0.08670 0.12249 0.14757 0.16248 0.16635 0.15622 0.12115 ( 6)  0.013
  35 L   0.00274 0.01830 0.04472 0.08111 0.12708 0.18208 0.24407 0.29990 ( 8)  0.019
  36 Q   0.28511 0.22153 0.17023 0.12704 0.09036 0.05939 0.03364 0.01270 ( 1)  0.006
  37 Y   0.28042 0.22099 0.17187 0.12948 0.09257 0.06057 0.03328 0.01082 ( 1)  0.006
  38 I   0.25872 0.21091 0.16999 0.13333 0.09999 0.06951 0.04163 0.01592 ( 1)  0.006
  39 K   0.00487 0.02959 0.06587 0.10816 0.15188 0.19207 0.22188 0.22568 ( 8)  0.017
  40 D   0.00494 0.03060 0.06917 0.11490 0.16214 0.20335 0.22520 0.18970 ( 7)  0.016
  41 H   0.30940 0.22898 0.16784 0.11952 0.08129 0.05151 0.02900 0.01247 ( 1)  0.005
  42 A   0.00209 0.01430 0.03595 0.06743 0.11016 0.16696 0.24385 0.35925 ( 8)  0.020
  43 N   0.00289 0.01857 0.04410 0.07827 0.12105 0.17351 0.23855 0.32307 ( 8)  0.019
  44 E   0.28708 0.22295 0.17106 0.12723 0.08993 0.05839 0.03220 0.01116 ( 1)  0.005
  45 D   0.30822 0.23036 0.17005 0.12145 0.08221 0.05103 0.02706 0.00961 ( 1)  0.005
  46 H   0.00256 0.01698 0.04134 0.07499 0.11817 0.17208 0.23998 0.33390 ( 8)  0.019
  47 L   0.22912 0.19507 0.16472 0.13629 0.10905 0.08247 0.05589 0.02738 ( 1)  0.007
  48 L   0.03204 0.07696 0.11169 0.13866 0.15811 0.16907 0.16850 0.14498 ( 6)  0.013
  49 H   0.05552 0.11868 0.15283 0.16663 0.16415 0.14781 0.11890 0.07549 ( 4)  0.011
  50 P   0.24538 0.20417 0.16815 0.13512 0.10429 0.07521 0.04748 0.02019 ( 1)  0.006
  51 A   0.00219 0.01497 0.03760 0.07038 0.11447 0.17195 0.24636 0.34208 ( 8)  0.020
  52 K   0.29038 0.22388 0.17061 0.12611 0.08865 0.05736 0.03171 0.01131 ( 1)  0.005
  53 E   0.05925 0.12580 0.16047 0.17259 0.16654 0.14510 0.10995 0.06030 ( 4)  0.010
  54 N   0.30789 0.22947 0.16916 0.12089 0.08217 0.05157 0.02809 0.01077 ( 1)  0.005
  55 P   0.24577 0.20435 0.16819 0.13505 0.10415 0.07504 0.04733 0.02011 ( 1)  0.006
  56 F   0.24786 0.20646 0.16994 0.13614 0.10429 0.07398 0.04489 0.01645 ( 1)  0.006
  57 N   0.05091 0.11062 0.14520 0.16203 0.16425 0.15332 0.12890 0.08476 ( 5)  0.011
  58 P   0.24643 0.20469 0.16827 0.13496 0.10393 0.07475 0.04704 0.01992 ( 1)  0.006
  59 K   0.28967 0.22360 0.17061 0.12627 0.08890 0.05762 0.03192 0.01141 ( 1)  0.005
  60 R   0.04269 0.09647 0.13170 0.15323 0.16272 0.16039 0.14475 0.10805 ( 5)  0.012
  61 S   0.21499 0.18812 0.16320 0.13883 0.11432 0.08902 0.06185 0.02968 ( 1)  0.007
  62 C   0.21578 0.18886 0.16380 0.13921 0.11439 0.08869 0.06102 0.02826 ( 1)  0.007
  63 V   0.04272 0.09752 0.13409 0.15663 0.16616 0.16224 0.14253 0.09810 ( 5)  0.012
  64 L   0.03192 0.07672 0.11140 0.13839 0.15793 0.16906 0.16880 0.14578 ( 6)  0.014
  65 L   0.22902 0.19498 0.16466 0.13626 0.10905 0.08252 0.05599 0.02752 ( 1)  0.007


lnL =  -611.205012

