Supplemental results for CODEML (seqf: algn  treef: tree)


dN/dS (w) for site classes (K=2)

p:   0.80525  0.19475
w:   0.19000  1.00000

Naive Empirical Bayes (NEB) probabilities for 2 classes & postmean_w
(amino acids refer to 1st sequence: spe.13441)

   1 M   0.80525 0.19475 ( 1)  0.348
   2 E   0.80525 0.19475 ( 1)  0.348
   3 Q   0.80525 0.19475 ( 1)  0.348
   4 L   0.80525 0.19475 ( 1)  0.348
   5 V   0.80525 0.19475 ( 1)  0.348
   6 E   0.80525 0.19475 ( 1)  0.348
   7 A   0.80525 0.19475 ( 1)  0.348
   8 G   0.80525 0.19475 ( 1)  0.348
   9 L   0.80525 0.19475 ( 1)  0.348
  10 V   0.80525 0.19475 ( 1)  0.348
  11 R   0.80525 0.19475 ( 1)  0.348
  12 S   0.80525 0.19475 ( 1)  0.348
  13 I   0.80525 0.19475 ( 1)  0.348
  14 G   0.80525 0.19475 ( 1)  0.348
  15 V   0.80525 0.19475 ( 1)  0.348
  16 S   0.80525 0.19475 ( 1)  0.348
  17 N   0.80525 0.19475 ( 1)  0.348
  18 F   0.80525 0.19475 ( 1)  0.348
  19 N   0.80525 0.19475 ( 1)  0.348
  20 R   0.80525 0.19475 ( 1)  0.348
  21 A   0.80525 0.19475 ( 1)  0.348
  22 Q   0.80525 0.19475 ( 1)  0.348
  23 I   0.80525 0.19475 ( 1)  0.348
  24 D   0.80525 0.19475 ( 1)  0.348
  25 R   0.80525 0.19475 ( 1)  0.348
  26 L   0.80525 0.19475 ( 1)  0.348
  27 L   0.80525 0.19475 ( 1)  0.348
  28 A   0.80525 0.19475 ( 1)  0.348
  29 S   0.80525 0.19475 ( 1)  0.348
  30 C   0.80525 0.19475 ( 1)  0.348
  31 K   0.80525 0.19475 ( 1)  0.348
  32 I   0.80525 0.19475 ( 1)  0.348
  33 P   0.80525 0.19475 ( 1)  0.348
  34 P   0.80525 0.19475 ( 1)  0.348
  35 A   0.80525 0.19475 ( 1)  0.348
  36 V   0.80525 0.19475 ( 1)  0.348
  37 N   0.80525 0.19475 ( 1)  0.348
  38 Q   0.80525 0.19475 ( 1)  0.348
  39 I   0.80525 0.19475 ( 1)  0.348
  40 E   0.80525 0.19475 ( 1)  0.348
  41 V   0.80525 0.19475 ( 1)  0.348
  42 S   0.80525 0.19475 ( 1)  0.348
  43 V   0.80525 0.19475 ( 1)  0.348
  44 N   0.80525 0.19475 ( 1)  0.348
  45 W   0.80525 0.19475 ( 1)  0.348
  46 L   0.80525 0.19475 ( 1)  0.348
  47 N   0.80525 0.19475 ( 1)  0.348
  48 Q   0.80525 0.19475 ( 1)  0.348
  49 K   0.80525 0.19475 ( 1)  0.348
  50 L   0.80525 0.19475 ( 1)  0.348
  51 I   0.80525 0.19475 ( 1)  0.348
  52 D   0.80525 0.19475 ( 1)  0.348
  53 Y   0.80525 0.19475 ( 1)  0.348
  54 C   0.80525 0.19475 ( 1)  0.348
  55 H   0.80525 0.19475 ( 1)  0.348
  56 S   0.80525 0.19475 ( 1)  0.348
  57 K   0.80525 0.19475 ( 1)  0.348
  58 G   0.80525 0.19475 ( 1)  0.348
  59 I   0.80525 0.19475 ( 1)  0.348
  60 Q   0.80525 0.19475 ( 1)  0.348
  61 I   0.80525 0.19475 ( 1)  0.348
  62 T   0.80525 0.19475 ( 1)  0.348
  63 A   0.80525 0.19475 ( 1)  0.348
  64 Y   0.80525 0.19475 ( 1)  0.348
  65 S   0.80525 0.19475 ( 1)  0.348
  66 P   0.80525 0.19475 ( 1)  0.348
  67 F   0.80525 0.19475 ( 1)  0.348
  68 G   0.80525 0.19475 ( 1)  0.348
  69 S   0.80525 0.19475 ( 1)  0.348
  70 P   0.80525 0.19475 ( 1)  0.348
  71 G   0.80525 0.19475 ( 1)  0.348
  72 V   0.80525 0.19475 ( 1)  0.348
  73 M   0.80525 0.19475 ( 1)  0.348
  74 K   0.80525 0.19475 ( 1)  0.348


lnL =  -300.738583

