Supplemental results for CODEML (seqf: algn  treef: tree)


dN/dS (w) for site classes (K=3)

p:   1.00000  0.00000  0.00000
w:   0.00000  1.00000  1.00000

Naive Empirical Bayes (NEB) probabilities for 3 classes & postmean_w
(amino acids refer to 1st sequence: Msl.18795)

   1 M   1.00000 0.00000 0.00000 ( 1)  0.000
   2 S   1.00000 0.00000 0.00000 ( 1)  0.000
   3 A   1.00000 0.00000 0.00000 ( 1)  0.000
   4 S   1.00000 0.00000 0.00000 ( 1)  0.000
   5 G   1.00000 0.00000 0.00000 ( 1)  0.000
   6 S   1.00000 0.00000 0.00000 ( 1)  0.000
   7 Q   1.00000 0.00000 0.00000 ( 1)  0.000
   8 L   1.00000 0.00000 0.00000 ( 1)  0.000
   9 R   1.00000 0.00000 0.00000 ( 1)  0.000
  10 Q   1.00000 0.00000 0.00000 ( 1)  0.000
  11 R   1.00000 0.00000 0.00000 ( 1)  0.000
  12 S   1.00000 0.00000 0.00000 ( 1)  0.000
  13 N   1.00000 0.00000 0.00000 ( 1)  0.000
  14 L   1.00000 0.00000 0.00000 ( 1)  0.000
  15 S   1.00000 0.00000 0.00000 ( 1)  0.000
  16 S   1.00000 0.00000 0.00000 ( 1)  0.000
  17 E   1.00000 0.00000 0.00000 ( 1)  0.000
  18 P   1.00000 0.00000 0.00000 ( 1)  0.000
  19 A   1.00000 0.00000 0.00000 ( 1)  0.000
  20 Y   1.00000 0.00000 0.00000 ( 1)  0.000
  21 Q   1.00000 0.00000 0.00000 ( 1)  0.000
  22 P   1.00000 0.00000 0.00000 ( 1)  0.000
  23 A   1.00000 0.00000 0.00000 ( 1)  0.000
  24 P   1.00000 0.00000 0.00000 ( 1)  0.000
  25 D   1.00000 0.00000 0.00000 ( 1)  0.000
  26 D   1.00000 0.00000 0.00000 ( 1)  0.000
  27 D   1.00000 0.00000 0.00000 ( 1)  0.000
  28 W   1.00000 0.00000 0.00000 ( 1)  0.000
  29 D   1.00000 0.00000 0.00000 ( 1)  0.000
  30 P   1.00000 0.00000 0.00000 ( 1)  0.000
  31 S   1.00000 0.00000 0.00000 ( 1)  0.000
  32 M   1.00000 0.00000 0.00000 ( 1)  0.000
  33 P   1.00000 0.00000 0.00000 ( 1)  0.000
  34 Y   1.00000 0.00000 0.00000 ( 1)  0.000
  35 G   1.00000 0.00000 0.00000 ( 1)  0.000
  36 G   1.00000 0.00000 0.00000 ( 1)  0.000
  37 K   1.00000 0.00000 0.00000 ( 1)  0.000
  38 V   1.00000 0.00000 0.00000 ( 1)  0.000
  39 F   1.00000 0.00000 0.00000 ( 1)  0.000
  40 L   1.00000 0.00000 0.00000 ( 1)  0.000
  41 A   1.00000 0.00000 0.00000 ( 1)  0.000
  42 R   1.00000 0.00000 0.00000 ( 1)  0.000
  43 R   1.00000 0.00000 0.00000 ( 1)  0.000
  44 K   1.00000 0.00000 0.00000 ( 1)  0.000
  45 K   1.00000 0.00000 0.00000 ( 1)  0.000
  46 P   1.00000 0.00000 0.00000 ( 1)  0.000
  47 D   1.00000 0.00000 0.00000 ( 1)  0.000
  48 P   1.00000 0.00000 0.00000 ( 1)  0.000
  49 W   1.00000 0.00000 0.00000 ( 1)  0.000
  50 W   1.00000 0.00000 0.00000 ( 1)  0.000
  51 V   1.00000 0.00000 0.00000 ( 1)  0.000
  52 T   1.00000 0.00000 0.00000 ( 1)  0.000
  53 A   1.00000 0.00000 0.00000 ( 1)  0.000
  54 I   1.00000 0.00000 0.00000 ( 1)  0.000
  55 E   1.00000 0.00000 0.00000 ( 1)  0.000
  56 I   1.00000 0.00000 0.00000 ( 1)  0.000
  57 T   1.00000 0.00000 0.00000 ( 1)  0.000
  58 V   1.00000 0.00000 0.00000 ( 1)  0.000
  59 L   1.00000 0.00000 0.00000 ( 1)  0.000
  60 V   1.00000 0.00000 0.00000 ( 1)  0.000
  61 G   1.00000 0.00000 0.00000 ( 1)  0.000
  62 T   1.00000 0.00000 0.00000 ( 1)  0.000
  63 A   1.00000 0.00000 0.00000 ( 1)  0.000
  64 C   1.00000 0.00000 0.00000 ( 1)  0.000
  65 F   1.00000 0.00000 0.00000 ( 1)  0.000
  66 A   1.00000 0.00000 0.00000 ( 1)  0.000
  67 Y   1.00000 0.00000 0.00000 ( 1)  0.000
  68 Y   1.00000 0.00000 0.00000 ( 1)  0.000
  69 A   1.00000 0.00000 0.00000 ( 1)  0.000
  70 Y   1.00000 0.00000 0.00000 ( 1)  0.000
  71 Y   1.00000 0.00000 0.00000 ( 1)  0.000
  72 Y   1.00000 0.00000 0.00000 ( 1)  0.000
  73 F   1.00000 0.00000 0.00000 ( 1)  0.000
  74 D   1.00000 0.00000 0.00000 ( 1)  0.000
  75 H   1.00000 0.00000 0.00000 ( 1)  0.000
  76 L   1.00000 0.00000 0.00000 ( 1)  0.000
  77 H   1.00000 0.00000 0.00000 ( 1)  0.000
  78 F   1.00000 0.00000 0.00000 ( 1)  0.000
  79 H   1.00000 0.00000 0.00000 ( 1)  0.000
  80 V   1.00000 0.00000 0.00000 ( 1)  0.000
  81 T   1.00000 0.00000 0.00000 ( 1)  0.000
  82 K   1.00000 0.00000 0.00000 ( 1)  0.000
  83 A   1.00000 0.00000 0.00000 ( 1)  0.000
  84 Y   1.00000 0.00000 0.00000 ( 1)  0.000
  85 A   1.00000 0.00000 0.00000 ( 1)  0.000
  86 H   1.00000 0.00000 0.00000 ( 1)  0.000
  87 M   1.00000 0.00000 0.00000 ( 1)  0.000
  88 G   1.00000 0.00000 0.00000 ( 1)  0.000
  89 F   1.00000 0.00000 0.00000 ( 1)  0.000
  90 K   1.00000 0.00000 0.00000 ( 1)  0.000
  91 E   1.00000 0.00000 0.00000 ( 1)  0.000
  92 A   1.00000 0.00000 0.00000 ( 1)  0.000
  93 Q   1.00000 0.00000 0.00000 ( 1)  0.000
  94 H   1.00000 0.00000 0.00000 ( 1)  0.000
  95 Q   1.00000 0.00000 0.00000 ( 1)  0.000
  96 I   1.00000 0.00000 0.00000 ( 1)  0.000
  97 G   1.00000 0.00000 0.00000 ( 1)  0.000
  98 Q   1.00000 0.00000 0.00000 ( 1)  0.000
  99 R   1.00000 0.00000 0.00000 ( 1)  0.000
 100 Y   1.00000 0.00000 0.00000 ( 1)  0.000
 101 L   1.00000 0.00000 0.00000 ( 1)  0.000
 102 H   1.00000 0.00000 0.00000 ( 1)  0.000
 103 G   1.00000 0.00000 0.00000 ( 1)  0.000
 104 K   1.00000 0.00000 0.00000 ( 1)  0.000
 105 G   1.00000 0.00000 0.00000 ( 1)  0.000
 106 V   1.00000 0.00000 0.00000 ( 1)  0.000
 107 E   1.00000 0.00000 0.00000 ( 1)  0.000
 108 Q   1.00000 0.00000 0.00000 ( 1)  0.000
 109 H   1.00000 0.00000 0.00000 ( 1)  0.000
 110 H   1.00000 0.00000 0.00000 ( 1)  0.000
 111 P   1.00000 0.00000 0.00000 ( 1)  0.000
 112 E   1.00000 0.00000 0.00000 ( 1)  0.000
 113 A   1.00000 0.00000 0.00000 ( 1)  0.000
 114 M   1.00000 0.00000 0.00000 ( 1)  0.000
 115 R   1.00000 0.00000 0.00000 ( 1)  0.000
 116 W   1.00000 0.00000 0.00000 ( 1)  0.000
 117 F   1.00000 0.00000 0.00000 ( 1)  0.000
 118 H   1.00000 0.00000 0.00000 ( 1)  0.000
 119 K   1.00000 0.00000 0.00000 ( 1)  0.000
 120 A   1.00000 0.00000 0.00000 ( 1)  0.000
 121 A   1.00000 0.00000 0.00000 ( 1)  0.000
 122 E   1.00000 0.00000 0.00000 ( 1)  0.000
 123 Q   1.00000 0.00000 0.00000 ( 1)  0.000
 124 G   1.00000 0.00000 0.00000 ( 1)  0.000
 125 H   1.00000 0.00000 0.00000 ( 1)  0.000
 126 P   1.00000 0.00000 0.00000 ( 1)  0.000
 127 H   1.00000 0.00000 0.00000 ( 1)  0.000
 128 A   1.00000 0.00000 0.00000 ( 1)  0.000
 129 S   1.00000 0.00000 0.00000 ( 1)  0.000
 130 Y   1.00000 0.00000 0.00000 ( 1)  0.000
 131 N   1.00000 0.00000 0.00000 ( 1)  0.000
 132 L   1.00000 0.00000 0.00000 ( 1)  0.000
 133 A   1.00000 0.00000 0.00000 ( 1)  0.000
 134 V   1.00000 0.00000 0.00000 ( 1)  0.000
 135 G   1.00000 0.00000 0.00000 ( 1)  0.000
 136 H   1.00000 0.00000 0.00000 ( 1)  0.000
 137 L   1.00000 0.00000 0.00000 ( 1)  0.000
 138 K   1.00000 0.00000 0.00000 ( 1)  0.000
 139 G   1.00000 0.00000 0.00000 ( 1)  0.000
 140 I   1.00000 0.00000 0.00000 ( 1)  0.000
 141 Q   1.00000 0.00000 0.00000 ( 1)  0.000
 142 T   1.00000 0.00000 0.00000 ( 1)  0.000
 143 E   1.00000 0.00000 0.00000 ( 1)  0.000
 144 L   1.00000 0.00000 0.00000 ( 1)  0.000
 145 K   1.00000 0.00000 0.00000 ( 1)  0.000
 146 R   1.00000 0.00000 0.00000 ( 1)  0.000
 147 G   1.00000 0.00000 0.00000 ( 1)  0.000
 148 D   1.00000 0.00000 0.00000 ( 1)  0.000
 149 V   1.00000 0.00000 0.00000 ( 1)  0.000
 150 R   1.00000 0.00000 0.00000 ( 1)  0.000
 151 R   1.00000 0.00000 0.00000 ( 1)  0.000
 152 F   1.00000 0.00000 0.00000 ( 1)  0.000
 153 L   1.00000 0.00000 0.00000 ( 1)  0.000
 154 H   1.00000 0.00000 0.00000 ( 1)  0.000
 155 S   1.00000 0.00000 0.00000 ( 1)  0.000
 156 A   1.00000 0.00000 0.00000 ( 1)  0.000
 157 A   1.00000 0.00000 0.00000 ( 1)  0.000
 158 N   1.00000 0.00000 0.00000 ( 1)  0.000
 159 Q   1.00000 0.00000 0.00000 ( 1)  0.000
 160 G   1.00000 0.00000 0.00000 ( 1)  0.000
 161 I   1.00000 0.00000 0.00000 ( 1)  0.000
 162 A   1.00000 0.00000 0.00000 ( 1)  0.000
 163 Q   1.00000 0.00000 0.00000 ( 1)  0.000
 164 A   1.00000 0.00000 0.00000 ( 1)  0.000
 165 H   1.00000 0.00000 0.00000 ( 1)  0.000
 166 D   1.00000 0.00000 0.00000 ( 1)  0.000
 167 I   1.00000 0.00000 0.00000 ( 1)  0.000
 168 I   1.00000 0.00000 0.00000 ( 1)  0.000
 169 N   1.00000 0.00000 0.00000 ( 1)  0.000
 170 E   1.00000 0.00000 0.00000 ( 1)  0.000
 171 A   1.00000 0.00000 0.00000 ( 1)  0.000
 172 C   1.00000 0.00000 0.00000 ( 1)  0.000
 173 A   1.00000 0.00000 0.00000 ( 1)  0.000
 174 R   1.00000 0.00000 0.00000 ( 1)  0.000
 175 G   1.00000 0.00000 0.00000 ( 1)  0.000
 176 A   1.00000 0.00000 0.00000 ( 1)  0.000
 177 C   1.00000 0.00000 0.00000 ( 1)  0.000
 178 D   1.00000 0.00000 0.00000 ( 1)  0.000
 179 D   1.00000 0.00000 0.00000 ( 1)  0.000

Positively selected sites

	Prob(w>1)  mean w



lnL =  -710.588303

Bayes Empirical Bayes (BEB) probabilities for 3 classes (class) & postmean_w
(amino acids refer to 1st sequence: Msl.18795)

   1 M   0.92650 0.04549 0.02801 ( 1)  0.177 +-  0.552
   2 S   0.91347 0.04950 0.03703 ( 1)  0.219 +-  0.718
   3 A   0.93042 0.04395 0.02563 ( 1)  0.168 +-  0.515
   4 S   0.93255 0.04321 0.02425 ( 1)  0.162 +-  0.487
   5 G   0.91511 0.04906 0.03583 ( 1)  0.213 +-  0.696
   6 S   0.91877 0.04801 0.03322 ( 1)  0.200 +-  0.647
   7 Q   0.92472 0.04606 0.02922 ( 1)  0.183 +-  0.576
   8 L   0.92151 0.04714 0.03135 ( 1)  0.192 +-  0.614
   9 R   0.91756 0.04836 0.03408 ( 1)  0.204 +-  0.663
  10 Q   0.92472 0.04606 0.02922 ( 1)  0.183 +-  0.576
  11 R   0.92729 0.04520 0.02751 ( 1)  0.175 +-  0.543
  12 S   0.93255 0.04321 0.02425 ( 1)  0.162 +-  0.487
  13 N   0.93536 0.04196 0.02268 ( 1)  0.156 +-  0.465
  14 L   0.91812 0.04820 0.03368 ( 1)  0.203 +-  0.656
  15 S   0.93255 0.04321 0.02425 ( 1)  0.162 +-  0.487
  16 S   0.93255 0.04321 0.02425 ( 1)  0.162 +-  0.487
  17 E   0.93031 0.04396 0.02573 ( 1)  0.168 +-  0.518
  18 P   0.92372 0.04641 0.02987 ( 1)  0.185 +-  0.587
  19 A   0.93042 0.04395 0.02563 ( 1)  0.168 +-  0.515
  20 Y   0.93164 0.04353 0.02483 ( 1)  0.164 +-  0.498
  21 Q   0.92472 0.04606 0.02922 ( 1)  0.183 +-  0.576
  22 P   0.92777 0.04498 0.02725 ( 1)  0.174 +-  0.541
  23 A   0.92167 0.04707 0.03126 ( 1)  0.192 +-  0.613
  24 P   0.92777 0.04498 0.02725 ( 1)  0.174 +-  0.541
  25 D   0.92098 0.04732 0.03170 ( 1)  0.194 +-  0.620
  26 D   0.92953 0.04414 0.02633 ( 1)  0.171 +-  0.534
  27 D   0.93475 0.04209 0.02316 ( 1)  0.158 +-  0.479
  28 W   0.92093 0.04735 0.03172 ( 1)  0.194 +-  0.619
  29 D   0.93475 0.04209 0.02316 ( 1)  0.158 +-  0.479
  30 P   0.92777 0.04498 0.02725 ( 1)  0.174 +-  0.541
  31 S   0.93255 0.04321 0.02425 ( 1)  0.162 +-  0.487
  32 M   0.92650 0.04549 0.02801 ( 1)  0.177 +-  0.552
  33 P   0.92777 0.04498 0.02725 ( 1)  0.174 +-  0.541
  34 Y   0.93164 0.04353 0.02483 ( 1)  0.164 +-  0.498
  35 G   0.93417 0.04246 0.02337 ( 1)  0.158 +-  0.476
  36 G   0.93417 0.04246 0.02337 ( 1)  0.158 +-  0.476
  37 K   0.93012 0.04411 0.02577 ( 1)  0.168 +-  0.515
  38 V   0.92595 0.04564 0.02841 ( 1)  0.179 +-  0.562
  39 F   0.91654 0.04867 0.03480 ( 1)  0.208 +-  0.676
  40 L   0.91347 0.04950 0.03703 ( 1)  0.219 +-  0.718
  41 A   0.93042 0.04395 0.02563 ( 1)  0.168 +-  0.515
  42 R   0.92729 0.04520 0.02751 ( 1)  0.175 +-  0.543
  43 R   0.93098 0.04377 0.02525 ( 1)  0.166 +-  0.506
  44 K   0.93012 0.04411 0.02577 ( 1)  0.168 +-  0.515
  45 K   0.93012 0.04411 0.02577 ( 1)  0.168 +-  0.515
  46 P   0.92372 0.04641 0.02987 ( 1)  0.185 +-  0.587
  47 D   0.93475 0.04209 0.02316 ( 1)  0.158 +-  0.479
  48 P   0.92372 0.04641 0.02987 ( 1)  0.185 +-  0.587
  49 W   0.92093 0.04735 0.03172 ( 1)  0.194 +-  0.619
  50 W   0.92093 0.04735 0.03172 ( 1)  0.194 +-  0.619
  51 V   0.92595 0.04564 0.02841 ( 1)  0.179 +-  0.562
  52 T   0.92509 0.04596 0.02894 ( 1)  0.181 +-  0.569
  53 A   0.93042 0.04395 0.02563 ( 1)  0.168 +-  0.515
  54 I   0.92980 0.04427 0.02594 ( 1)  0.169 +-  0.516
  55 E   0.93031 0.04396 0.02573 ( 1)  0.168 +-  0.518
  56 I   0.92980 0.04427 0.02594 ( 1)  0.169 +-  0.516
  57 T   0.92952 0.04436 0.02612 ( 1)  0.169 +-  0.520
  58 V   0.91449 0.04923 0.03628 ( 1)  0.215 +-  0.704
  59 L   0.92783 0.04497 0.02721 ( 1)  0.174 +-  0.540
  60 V   0.92595 0.04564 0.02841 ( 1)  0.179 +-  0.562
  61 G   0.92723 0.04502 0.02775 ( 1)  0.177 +-  0.560
  62 T   0.92509 0.04596 0.02894 ( 1)  0.181 +-  0.569
  63 A   0.93042 0.04395 0.02563 ( 1)  0.168 +-  0.515
  64 C   0.91718 0.04848 0.03434 ( 1)  0.206 +-  0.668
  65 F   0.92691 0.04535 0.02774 ( 1)  0.176 +-  0.547
  66 A   0.93042 0.04395 0.02563 ( 1)  0.168 +-  0.515
  67 Y   0.93164 0.04353 0.02483 ( 1)  0.164 +-  0.498
  68 Y   0.93164 0.04353 0.02483 ( 1)  0.164 +-  0.498
  69 A   0.93042 0.04395 0.02563 ( 1)  0.168 +-  0.515
  70 Y   0.91778 0.04830 0.03392 ( 1)  0.204 +-  0.660
  71 Y   0.91778 0.04830 0.03392 ( 1)  0.204 +-  0.660
  72 Y   0.93164 0.04353 0.02483 ( 1)  0.164 +-  0.498
  73 F   0.92691 0.04535 0.02774 ( 1)  0.176 +-  0.547
  74 D   0.92098 0.04732 0.03170 ( 1)  0.194 +-  0.620
  75 H   0.93189 0.04333 0.02478 ( 1)  0.164 +-  0.502
  76 L   0.91643 0.04869 0.03488 ( 1)  0.208 +-  0.678
  77 H   0.93189 0.04333 0.02478 ( 1)  0.164 +-  0.502
  78 F   0.92691 0.04535 0.02774 ( 1)  0.176 +-  0.547
  79 H   0.93064 0.04378 0.02558 ( 1)  0.168 +-  0.518
  80 V   0.92595 0.04564 0.02841 ( 1)  0.179 +-  0.562
  81 T   0.92952 0.04436 0.02612 ( 1)  0.169 +-  0.520
  82 K   0.93012 0.04411 0.02577 ( 1)  0.168 +-  0.515
  83 A   0.93042 0.04395 0.02563 ( 1)  0.168 +-  0.515
  84 Y   0.93164 0.04353 0.02483 ( 1)  0.164 +-  0.498
  85 A   0.93042 0.04395 0.02563 ( 1)  0.168 +-  0.515
  86 H   0.93189 0.04333 0.02478 ( 1)  0.164 +-  0.502
  87 M   0.92650 0.04549 0.02801 ( 1)  0.177 +-  0.552
  88 G   0.93417 0.04246 0.02337 ( 1)  0.158 +-  0.476
  89 F   0.92691 0.04535 0.02774 ( 1)  0.176 +-  0.547
  90 K   0.93012 0.04411 0.02577 ( 1)  0.168 +-  0.515
  91 E   0.93031 0.04396 0.02573 ( 1)  0.168 +-  0.518
  92 A   0.92586 0.04566 0.02848 ( 1)  0.180 +-  0.563
  93 Q   0.92472 0.04606 0.02922 ( 1)  0.183 +-  0.576
  94 H   0.93189 0.04333 0.02478 ( 1)  0.164 +-  0.502
  95 Q   0.92472 0.04606 0.02922 ( 1)  0.183 +-  0.576
  96 I   0.92980 0.04427 0.02594 ( 1)  0.169 +-  0.516
  97 G   0.93417 0.04246 0.02337 ( 1)  0.158 +-  0.476
  98 Q   0.92472 0.04606 0.02922 ( 1)  0.183 +-  0.576
  99 R   0.93098 0.04377 0.02525 ( 1)  0.166 +-  0.506
 100 Y   0.93164 0.04353 0.02483 ( 1)  0.164 +-  0.498
 101 L   0.92151 0.04714 0.03135 ( 1)  0.192 +-  0.614
 102 H   0.93189 0.04333 0.02478 ( 1)  0.164 +-  0.502
 103 G   0.93417 0.04246 0.02337 ( 1)  0.158 +-  0.476
 104 K   0.91759 0.04836 0.03405 ( 1)  0.204 +-  0.662
 105 G   0.91879 0.04800 0.03321 ( 1)  0.200 +-  0.647
 106 V   0.92595 0.04564 0.02841 ( 1)  0.179 +-  0.562
 107 E   0.93031 0.04396 0.02573 ( 1)  0.168 +-  0.518
 108 Q   0.92472 0.04606 0.02922 ( 1)  0.183 +-  0.576
 109 H   0.93189 0.04333 0.02478 ( 1)  0.164 +-  0.502
 110 H   0.91947 0.04779 0.03274 ( 1)  0.198 +-  0.638
 111 P   0.92372 0.04641 0.02987 ( 1)  0.185 +-  0.587
 112 E   0.93031 0.04396 0.02573 ( 1)  0.168 +-  0.518
 113 A   0.92586 0.04566 0.02848 ( 1)  0.180 +-  0.563
 114 M   0.92650 0.04549 0.02801 ( 1)  0.177 +-  0.552
 115 R   0.93098 0.04377 0.02525 ( 1)  0.166 +-  0.506
 116 W   0.92093 0.04735 0.03172 ( 1)  0.194 +-  0.619
 117 F   0.91654 0.04867 0.03480 ( 1)  0.208 +-  0.676
 118 H   0.93189 0.04333 0.02478 ( 1)  0.164 +-  0.502
 119 K   0.93012 0.04411 0.02577 ( 1)  0.168 +-  0.515
 120 A   0.93042 0.04395 0.02563 ( 1)  0.168 +-  0.515
 121 A   0.93042 0.04395 0.02563 ( 1)  0.168 +-  0.515
 122 E   0.93031 0.04396 0.02573 ( 1)  0.168 +-  0.518
 123 Q   0.92472 0.04606 0.02922 ( 1)  0.183 +-  0.576
 124 G   0.91511 0.04906 0.03583 ( 1)  0.213 +-  0.696
 125 H   0.91947 0.04779 0.03274 ( 1)  0.198 +-  0.638
 126 P   0.92372 0.04641 0.02987 ( 1)  0.185 +-  0.587
 127 H   0.93189 0.04333 0.02478 ( 1)  0.164 +-  0.502
 128 A   0.93042 0.04395 0.02563 ( 1)  0.168 +-  0.515
 129 S   0.92679 0.04538 0.02783 ( 1)  0.176 +-  0.549
 130 Y   0.93164 0.04353 0.02483 ( 1)  0.164 +-  0.498
 131 N   0.93536 0.04196 0.02268 ( 1)  0.156 +-  0.465
 132 L   0.92151 0.04714 0.03135 ( 1)  0.192 +-  0.614
 133 A   0.93042 0.04395 0.02563 ( 1)  0.168 +-  0.515
 134 V   0.93055 0.04391 0.02554 ( 1)  0.167 +-  0.513
 135 G   0.92889 0.04457 0.02655 ( 1)  0.171 +-  0.529
 136 H   0.91947 0.04779 0.03274 ( 1)  0.198 +-  0.638
 137 L   0.92783 0.04497 0.02721 ( 1)  0.174 +-  0.540
 138 K   0.91759 0.04836 0.03405 ( 1)  0.204 +-  0.662
 139 G   0.93417 0.04246 0.02337 ( 1)  0.158 +-  0.476
 140 I   0.92980 0.04427 0.02594 ( 1)  0.169 +-  0.516
 141 Q   0.92472 0.04606 0.02922 ( 1)  0.183 +-  0.576
 142 T   0.92509 0.04596 0.02894 ( 1)  0.181 +-  0.569
 143 E   0.93031 0.04396 0.02573 ( 1)  0.168 +-  0.518
 144 L   0.92151 0.04714 0.03135 ( 1)  0.192 +-  0.614
 145 K   0.91759 0.04836 0.03405 ( 1)  0.204 +-  0.662
 146 R   0.91388 0.04939 0.03672 ( 1)  0.217 +-  0.713
 147 G   0.93417 0.04246 0.02337 ( 1)  0.158 +-  0.476
 148 D   0.93475 0.04209 0.02316 ( 1)  0.158 +-  0.479
 149 V   0.91742 0.04840 0.03418 ( 1)  0.205 +-  0.665
 150 R   0.92561 0.04576 0.02863 ( 1)  0.180 +-  0.565
 151 R   0.91756 0.04836 0.03408 ( 1)  0.204 +-  0.663
 152 F   0.92287 0.04668 0.03045 ( 1)  0.188 +-  0.599
 153 L   0.92151 0.04714 0.03135 ( 1)  0.192 +-  0.614
 154 H   0.93189 0.04333 0.02478 ( 1)  0.164 +-  0.502
 155 S   0.93255 0.04321 0.02425 ( 1)  0.162 +-  0.487
 156 A   0.93042 0.04395 0.02563 ( 1)  0.168 +-  0.515
 157 A   0.91739 0.04841 0.03420 ( 1)  0.205 +-  0.666
 158 N   0.92040 0.04751 0.03209 ( 1)  0.195 +-  0.626
 159 Q   0.92472 0.04606 0.02922 ( 1)  0.183 +-  0.576
 160 G   0.93417 0.04246 0.02337 ( 1)  0.158 +-  0.476
 161 I   0.92980 0.04427 0.02594 ( 1)  0.169 +-  0.516
 162 A   0.92586 0.04566 0.02848 ( 1)  0.180 +-  0.563
 163 Q   0.91691 0.04856 0.03453 ( 1)  0.207 +-  0.671
 164 A   0.92586 0.04566 0.02848 ( 1)  0.180 +-  0.563
 165 H   0.93189 0.04333 0.02478 ( 1)  0.164 +-  0.502
 166 D   0.93475 0.04209 0.02316 ( 1)  0.158 +-  0.479
 167 I   0.91765 0.04834 0.03401 ( 1)  0.204 +-  0.662
 168 I   0.91765 0.04834 0.03401 ( 1)  0.204 +-  0.662
 169 N   0.92040 0.04751 0.03209 ( 1)  0.195 +-  0.626
 170 E   0.93031 0.04396 0.02573 ( 1)  0.168 +-  0.518
 171 A   0.93042 0.04395 0.02563 ( 1)  0.168 +-  0.515
 172 C   0.92894 0.04462 0.02645 ( 1)  0.171 +-  0.524
 173 A   0.93042 0.04395 0.02563 ( 1)  0.168 +-  0.515
 174 R   0.92729 0.04520 0.02751 ( 1)  0.175 +-  0.543
 175 G   0.93417 0.04246 0.02337 ( 1)  0.158 +-  0.476
 176 A   0.93042 0.04395 0.02563 ( 1)  0.168 +-  0.515
 177 C   0.92894 0.04462 0.02645 ( 1)  0.171 +-  0.524
 178 D   0.93475 0.04209 0.02316 ( 1)  0.158 +-  0.479
 179 D   0.93475 0.04209 0.02316 ( 1)  0.158 +-  0.479

Positively selected sites

	Prob(w>1)  mean w


