Supplemental results for CODEML (seqf: algn  treef: tree)


dN/dS (w) for site classes (K=9)

p:   0.10531  0.10531  0.10531  0.10531  0.10531  0.10531  0.10531  0.10531  0.15751
w:   0.05377  0.06759  0.07712  0.08567  0.09428  0.10390  0.11619  0.13779 16.31726

Naive Empirical Bayes (NEB) probabilities for 9 classes & postmean_w & P(w>1)
(amino acids refer to 1st sequence: spe.12367)

   1 L   0.12650 0.12560 0.12499 0.12445 0.12390 0.12330 0.12253 0.12119 0.00754 ( 1)  0.214  0.008
   2 A   0.12658 0.12565 0.12501 0.12444 0.12387 0.12324 0.12243 0.12103 0.00773 ( 1)  0.217  0.008
   3 N   0.12711 0.12612 0.12544 0.12483 0.12422 0.12354 0.12269 0.12120 0.00485 ( 1)  0.170  0.005
   4 V   0.12673 0.12576 0.12510 0.12450 0.12391 0.12325 0.12242 0.12096 0.00736 ( 1)  0.211  0.007
   5 A   0.12541 0.12479 0.12437 0.12399 0.12361 0.12318 0.12264 0.12170 0.01030 ( 1)  0.259  0.010
   6 K   0.12655 0.12587 0.12540 0.12498 0.12456 0.12409 0.12350 0.12246 0.00258 ( 1)  0.134  0.003
   7 G   0.12567 0.12512 0.12473 0.12439 0.12405 0.12367 0.12319 0.12234 0.00684 ( 1)  0.203  0.007
   8 G   0.12563 0.12508 0.12471 0.12437 0.12403 0.12365 0.12317 0.12233 0.00704 ( 1)  0.206  0.007
   9 G   0.12563 0.12508 0.12471 0.12437 0.12403 0.12365 0.12317 0.12233 0.00704 ( 1)  0.206  0.007
  10 V   0.12556 0.12491 0.12447 0.12407 0.12368 0.12324 0.12267 0.12170 0.00970 ( 1)  0.249  0.010
  11 E   0.12793 0.12664 0.12575 0.12497 0.12418 0.12331 0.12221 0.12030 0.00470 ( 1)  0.168  0.005
  12 N   0.12849 0.12693 0.12587 0.12492 0.12398 0.12294 0.12162 0.11934 0.00592 ( 1)  0.187  0.006
  13 V   0.12719 0.12601 0.12521 0.12450 0.12379 0.12299 0.12199 0.12026 0.00806 ( 1)  0.222  0.008
  14 S   0.12716 0.12610 0.12537 0.12472 0.12407 0.12334 0.12243 0.12084 0.00598 ( 1)  0.189  0.006
  15 Y   0.12600 0.12535 0.12491 0.12451 0.12411 0.12366 0.12310 0.12211 0.00624 ( 1)  0.193  0.006
  16 Y   0.12755 0.12636 0.12556 0.12484 0.12412 0.12332 0.12231 0.12055 0.00541 ( 1)  0.179  0.005
  17 R   0.12624 0.12555 0.12507 0.12465 0.12422 0.12375 0.12314 0.12209 0.00528 ( 1)  0.177  0.005
  18 D   0.12845 0.12690 0.12584 0.12491 0.12397 0.12293 0.12162 0.11936 0.00602 ( 1)  0.189  0.006
  19 I   0.12808 0.12666 0.12570 0.12484 0.12398 0.12303 0.12183 0.11975 0.00615 ( 1)  0.191  0.006
  20 T   0.12715 0.12602 0.12525 0.12456 0.12387 0.12310 0.12213 0.12045 0.00746 ( 1)  0.213  0.007
  21 C   0.12734 0.12634 0.12566 0.12505 0.12445 0.12377 0.12291 0.12142 0.00305 ( 1)  0.141  0.003
  22 K   0.12798 0.12668 0.12579 0.12500 0.12421 0.12333 0.12222 0.12029 0.00451 ( 1)  0.165  0.005
  23 F   0.12675 0.12590 0.12532 0.12480 0.12428 0.12371 0.12297 0.12170 0.00458 ( 1)  0.166  0.005
  24 M   0.12842 0.12697 0.12598 0.12509 0.12421 0.12323 0.12200 0.11986 0.00423 ( 1)  0.160  0.004
  25 G   0.12717 0.12617 0.12548 0.12487 0.12425 0.12357 0.12271 0.12120 0.00457 ( 1)  0.166  0.005
  26 I   0.12808 0.12666 0.12570 0.12484 0.12398 0.12303 0.12183 0.11975 0.00615 ( 1)  0.191  0.006
  27 Q   0.12818 0.12681 0.12587 0.12504 0.12421 0.12329 0.12212 0.12010 0.00439 ( 1)  0.163  0.004
  28 N   0.12849 0.12693 0.12587 0.12492 0.12398 0.12294 0.12162 0.11934 0.00592 ( 1)  0.187  0.006
  29 I   0.12808 0.12666 0.12570 0.12484 0.12398 0.12303 0.12183 0.11975 0.00615 ( 1)  0.191  0.006
  30 H   0.12850 0.12695 0.12589 0.12496 0.12402 0.12298 0.12167 0.11941 0.00561 ( 1)  0.182  0.006
  31 A   0.12648 0.12555 0.12492 0.12436 0.12379 0.12316 0.12237 0.12098 0.00839 ( 1)  0.228  0.008
  32 M   0.12842 0.12697 0.12598 0.12509 0.12421 0.12323 0.12200 0.11986 0.00423 ( 1)  0.160  0.004
  33 R   0.12566 0.12512 0.12475 0.12441 0.12408 0.12370 0.12323 0.12240 0.00666 ( 1)  0.200  0.007
  34 A   0.12711 0.12598 0.12521 0.12452 0.12384 0.12307 0.12211 0.12043 0.00773 ( 1)  0.217  0.008
  35 S   0.12716 0.12610 0.12537 0.12472 0.12407 0.12334 0.12243 0.12084 0.00598 ( 1)  0.189  0.006
  36 Q   0.12652 0.12584 0.12537 0.12496 0.12454 0.12407 0.12348 0.12245 0.00276 ( 1)  0.137  0.003
  37 T   0.12715 0.12602 0.12525 0.12456 0.12387 0.12310 0.12213 0.12045 0.00746 ( 1)  0.213  0.007
  38 K   0.12655 0.12587 0.12540 0.12498 0.12456 0.12409 0.12350 0.12246 0.00258 ( 1)  0.134  0.003
  39 F   0.12809 0.12673 0.12581 0.12498 0.12416 0.12325 0.12209 0.12009 0.00479 ( 1)  0.169  0.005
  40 M   0.12842 0.12697 0.12598 0.12509 0.12421 0.12323 0.12200 0.11986 0.00423 ( 1)  0.160  0.004
  41 E   0.12793 0.12664 0.12575 0.12497 0.12418 0.12331 0.12221 0.12030 0.00470 ( 1)  0.168  0.005
  42 A   0.12711 0.12598 0.12521 0.12452 0.12384 0.12307 0.12211 0.12043 0.00773 ( 1)  0.217  0.008
  43 C   0.12734 0.12634 0.12566 0.12505 0.12445 0.12377 0.12291 0.12142 0.00305 ( 1)  0.141  0.003
  44 Y   0.12600 0.12535 0.12491 0.12451 0.12411 0.12366 0.12310 0.12211 0.00624 ( 1)  0.193  0.006
  45 S   0.12602 0.12533 0.12485 0.12442 0.12400 0.12352 0.12292 0.12186 0.00708 ( 1)  0.207  0.007
  46 Q   0.12652 0.12584 0.12537 0.12496 0.12454 0.12407 0.12348 0.12245 0.00276 ( 1)  0.137  0.003
  47 S   0.12602 0.12533 0.12485 0.12442 0.12400 0.12352 0.12292 0.12186 0.00708 ( 1)  0.207  0.007
  48 D   0.12845 0.12690 0.12584 0.12491 0.12397 0.12293 0.12162 0.11936 0.00602 ( 1)  0.189  0.006
  49 K   0.12798 0.12668 0.12579 0.12500 0.12421 0.12333 0.12222 0.12029 0.00451 ( 1)  0.165  0.005
  50 N   0.12711 0.12612 0.12544 0.12483 0.12422 0.12354 0.12269 0.12120 0.00485 ( 1)  0.170  0.005
  51 W   0.12692 0.12609 0.12553 0.12502 0.12451 0.12395 0.12323 0.12198 0.00277 ( 1)  0.137  0.003
  52 F   0.12809 0.12673 0.12581 0.12498 0.12416 0.12325 0.12209 0.12009 0.00479 ( 1)  0.169  0.005
  53 K   0.12798 0.12668 0.12579 0.12500 0.12421 0.12333 0.12222 0.12029 0.00451 ( 1)  0.165  0.005
  54 M   0.12842 0.12697 0.12598 0.12509 0.12421 0.12323 0.12200 0.11986 0.00423 ( 1)  0.160  0.004
  55 I   0.12808 0.12666 0.12570 0.12484 0.12398 0.12303 0.12183 0.11975 0.00615 ( 1)  0.191  0.006
  56 H   0.12708 0.12610 0.12543 0.12483 0.12423 0.12357 0.12272 0.12125 0.00478 ( 1)  0.169  0.005
  57 E   0.12126 0.12036 0.11975 0.11921 0.11868 0.11809 0.11735 0.11608 0.04924 ( 1)  0.891  0.049
  58 S   0.12776 0.12659 0.12578 0.12507 0.12435 0.12355 0.12255 0.12079 0.00356 ( 1)  0.149  0.004
  59 Q   0.12818 0.12681 0.12587 0.12504 0.12421 0.12329 0.12212 0.12010 0.00439 ( 1)  0.163  0.004
  60 W   0.12692 0.12609 0.12553 0.12502 0.12451 0.12395 0.12323 0.12198 0.00277 ( 1)  0.137  0.003
  61 L   0.12650 0.12560 0.12499 0.12445 0.12390 0.12330 0.12253 0.12119 0.00754 ( 1)  0.214  0.008
  62 L   0.12298 0.12222 0.12171 0.12125 0.12078 0.12027 0.11962 0.11848 0.03270 ( 1)  0.622  0.033
  63 H   0.12708 0.12610 0.12543 0.12483 0.12423 0.12357 0.12272 0.12125 0.00478 ( 1)  0.169  0.005
  64 L   0.12650 0.12560 0.12499 0.12445 0.12390 0.12330 0.12253 0.12119 0.00754 ( 1)  0.214  0.008
  65 R   0.12566 0.12512 0.12475 0.12441 0.12408 0.12370 0.12323 0.12240 0.00666 ( 1)  0.200  0.007
  66 L   0.12342 0.12254 0.12193 0.12139 0.12085 0.12025 0.11949 0.11816 0.03196 ( 1)  0.610  0.032
  67 L   0.12418 0.12346 0.12297 0.12252 0.12208 0.12159 0.12096 0.11988 0.02235 ( 1)  0.454  0.022
  68 L   0.12568 0.12503 0.12458 0.12418 0.12378 0.12333 0.12276 0.12177 0.00888 ( 1)  0.236  0.009
  69 L   0.12650 0.12560 0.12499 0.12445 0.12390 0.12330 0.12253 0.12119 0.00754 ( 1)  0.214  0.008
  70 A   0.12658 0.12565 0.12501 0.12444 0.12387 0.12324 0.12243 0.12103 0.00773 ( 1)  0.217  0.008
  71 A   0.12711 0.12598 0.12521 0.12452 0.12384 0.12307 0.12211 0.12043 0.00773 ( 1)  0.217  0.008
  72 K   0.12798 0.12668 0.12579 0.12500 0.12421 0.12333 0.12222 0.12029 0.00451 ( 1)  0.165  0.005
  73 E   0.12793 0.12664 0.12575 0.12497 0.12418 0.12331 0.12221 0.12030 0.00470 ( 1)  0.168  0.005
  74 V   0.12556 0.12491 0.12447 0.12407 0.12368 0.12324 0.12267 0.12170 0.00970 ( 1)  0.249  0.010
  75 A   0.12711 0.12598 0.12521 0.12452 0.12384 0.12307 0.12211 0.12043 0.00773 ( 1)  0.217  0.008
  76 E   0.12650 0.12582 0.12536 0.12494 0.12453 0.12406 0.12347 0.12245 0.00287 ( 1)  0.138  0.003
  77 Q   0.12818 0.12681 0.12587 0.12504 0.12421 0.12329 0.12212 0.12010 0.00439 ( 1)  0.163  0.004
  78 A   0.00912 0.01145 0.01305 0.01448 0.01593 0.01754 0.01959 0.02318 0.87566 ( 9) 14.301  0.876
  79 S   0.12650 0.12578 0.12529 0.12485 0.12440 0.12391 0.12329 0.12220 0.00379 ( 1)  0.153  0.004
  80 Q   0.12818 0.12681 0.12587 0.12504 0.12421 0.12329 0.12212 0.12010 0.00439 ( 1)  0.163  0.004
  81 P   0.12667 0.12573 0.12509 0.12451 0.12394 0.12330 0.12249 0.12107 0.00720 ( 1)  0.209  0.007
  82 S   0.12553 0.12494 0.12454 0.12418 0.12382 0.12342 0.12291 0.12202 0.00863 ( 1)  0.232  0.009
  83 V   0.12719 0.12601 0.12521 0.12450 0.12379 0.12299 0.12199 0.12026 0.00806 ( 1)  0.222  0.008
  84 S   0.12716 0.12610 0.12537 0.12472 0.12407 0.12334 0.12243 0.12084 0.00598 ( 1)  0.189  0.006
  85 I   0.00000 0.00000 0.00001 0.00001 0.00001 0.00001 0.00002 0.00003 0.99991 ( 9) 16.316  1.000
  86 T   0.05037 0.06270 0.07107 0.07847 0.08585 0.09397 0.10418 0.12172 0.33168 ( 9)  5.478  0.332
  87 T   0.04728 0.05896 0.06692 0.07398 0.08103 0.08882 0.09864 0.11558 0.36880 ( 9)  6.080  0.369
  88 P   0.12721 0.12607 0.12529 0.12460 0.12391 0.12314 0.12216 0.12047 0.00716 ( 1)  0.208  0.007
  89 T   0.03493 0.04365 0.04961 0.05491 0.06022 0.06610 0.07354 0.08644 0.53059 ( 9)  8.704  0.531
  90 R   0.04681 0.05841 0.06631 0.07332 0.08033 0.08808 0.09785 0.11473 0.37415 ( 9)  6.167  0.374
  91 C   0.00035 0.00056 0.00072 0.00089 0.00107 0.00130 0.00162 0.00226 0.99123 ( 9) 16.175  0.991
  92 P   0.05005 0.06229 0.07061 0.07795 0.08528 0.09335 0.10349 0.12089 0.33610 ( 9)  5.550  0.336
  93 I   0.00008 0.00013 0.00017 0.00021 0.00025 0.00030 0.00038 0.00053 0.99796 ( 9) 16.284  0.998
  94 F   0.01256 0.01569 0.01782 0.01972 0.02162 0.02372 0.02638 0.03099 0.83151 ( 9) 13.585  0.832
  95 T   0.01779 0.02223 0.02527 0.02798 0.03068 0.03368 0.03748 0.04407 0.76081 ( 9) 12.438  0.761
  96 T   0.00004 0.00006 0.00008 0.00010 0.00012 0.00015 0.00018 0.00026 0.99902 ( 9) 16.301  0.999
  97 A   0.00009 0.00014 0.00019 0.00023 0.00028 0.00034 0.00042 0.00059 0.99773 ( 9) 16.280  0.998
  98 L   0.00033 0.00041 0.00047 0.00053 0.00058 0.00065 0.00073 0.00088 0.99542 ( 9) 16.243  0.995
  99 T   0.00007 0.00011 0.00014 0.00017 0.00021 0.00026 0.00032 0.00044 0.99828 ( 9) 16.289  0.998
 100 G   0.12417 0.12327 0.12266 0.12212 0.12157 0.12096 0.12019 0.11885 0.02621 ( 1)  0.517  0.026
 101 F   0.01067 0.01335 0.01518 0.01681 0.01845 0.02026 0.02256 0.02656 0.85618 ( 9) 13.985  0.856
 102 S   0.00012 0.00019 0.00024 0.00030 0.00036 0.00044 0.00055 0.00077 0.99704 ( 9) 16.269  0.997
 103 S   0.01214 0.01520 0.01731 0.01919 0.02107 0.02317 0.02583 0.03048 0.83560 ( 9) 13.651  0.836
 104 V   0.12556 0.12491 0.12447 0.12407 0.12368 0.12324 0.12267 0.12170 0.00970 ( 1)  0.249  0.010
 105 Y   0.00051 0.00081 0.00105 0.00129 0.00156 0.00188 0.00234 0.00327 0.98730 ( 9) 16.111  0.987
 106 L   0.05566 0.06932 0.07861 0.08683 0.09503 0.10407 0.11544 0.13500 0.26003 ( 9)  4.316  0.260
 107 T   0.00784 0.00992 0.01137 0.01268 0.01400 0.01550 0.01742 0.02084 0.89042 ( 9) 14.540  0.890

Positively selected sites

	Prob(w>1)  mean w

    78 A      0.876         14.301
    85 I      1.000**       16.316
    89 T      0.531         8.704
    91 C      0.991**       16.175
    93 I      0.998**       16.284
    94 F      0.832         13.585
    95 T      0.761         12.438
    96 T      0.999**       16.301
    97 A      0.998**       16.280
    98 L      0.995**       16.243
    99 T      0.998**       16.289
   101 F      0.856         13.985
   102 S      0.997**       16.269
   103 S      0.836         13.651
   105 Y      0.987*        16.111
   107 T      0.890         14.540


lnL =  -611.043357

Bayes Empirical Bayes (BEB) probabilities for 11 classes (class) & postmean_w
(amino acids refer to 1st sequence: spe.12367)

   1 L   0.73652 0.07900 0.04801 0.03353 0.02485 0.01896 0.01467 0.01139 0.00885 0.00848 0.01574 ( 1)  0.263 +-  1.090
   2 A   0.73780 0.07901 0.04790 0.03338 0.02467 0.01878 0.01449 0.01123 0.00871 0.00832 0.01571 ( 1)  0.263 +-  1.093
   3 N   0.74337 0.07941 0.04799 0.03333 0.02455 0.01862 0.01432 0.01105 0.00854 0.00813 0.01070 ( 1)  0.218 +-  0.900
   4 V   0.73944 0.07906 0.04784 0.03328 0.02455 0.01866 0.01438 0.01112 0.00861 0.00822 0.01484 ( 1)  0.255 +-  1.062
   5 A   0.72323 0.07844 0.04834 0.03424 0.02572 0.01989 0.01560 0.01227 0.00966 0.00936 0.02325 ( 1)  0.331 +-  1.314
   6 K   0.73389 0.07940 0.04877 0.03442 0.02577 0.01985 0.01550 0.01215 0.00952 0.00919 0.01153 ( 1)  0.227 +-  0.907
   7 G   0.72285 0.07861 0.04861 0.03455 0.02604 0.02020 0.01589 0.01254 0.00990 0.00962 0.02119 ( 1)  0.312 +-  1.242
   8 G   0.72248 0.07858 0.04860 0.03455 0.02605 0.02021 0.01590 0.01255 0.00991 0.00963 0.02154 ( 1)  0.315 +-  1.253
   9 G   0.72248 0.07858 0.04860 0.03455 0.02605 0.02021 0.01590 0.01255 0.00991 0.00963 0.02154 ( 1)  0.315 +-  1.253
  10 V   0.72462 0.07851 0.04832 0.03418 0.02564 0.01981 0.01551 0.01219 0.00958 0.00928 0.02236 ( 1)  0.323 +-  1.289
  11 E   0.75274 0.07946 0.04730 0.03236 0.02349 0.01756 0.01331 0.01013 0.00772 0.00726 0.00867 ( 1)  0.197 +-  0.821
  12 N   0.75857 0.07922 0.04652 0.03141 0.02251 0.01662 0.01245 0.00937 0.00707 0.00658 0.00968 ( 1)  0.204 +-  0.875
  13 V   0.74570 0.07909 0.04736 0.03261 0.02382 0.01793 0.01368 0.01049 0.00805 0.00762 0.01365 ( 1)  0.243 +-  1.029
  14 S   0.74483 0.07934 0.04777 0.03306 0.02427 0.01834 0.01406 0.01081 0.00833 0.00791 0.01128 ( 1)  0.223 +-  0.931
  15 Y   0.72812 0.07888 0.04854 0.03432 0.02575 0.01988 0.01556 0.01222 0.00960 0.00929 0.01785 ( 1)  0.282 +-  1.143
  16 Y   0.74918 0.07943 0.04754 0.03271 0.02387 0.01794 0.01367 0.01046 0.00801 0.00757 0.00960 ( 1)  0.207 +-  0.864
  17 R   0.73123 0.07907 0.04854 0.03425 0.02563 0.01974 0.01541 0.01208 0.00947 0.00914 0.01544 ( 1)  0.261 +-  1.064
  18 D   0.75819 0.07921 0.04653 0.03143 0.02253 0.01664 0.01247 0.00939 0.00708 0.00660 0.00993 ( 1)  0.206 +-  0.886
  19 I   0.75472 0.07927 0.04689 0.03188 0.02301 0.01711 0.01290 0.00977 0.00741 0.00694 0.01010 ( 1)  0.209 +-  0.892
  20 T   0.74522 0.07916 0.04751 0.03277 0.02398 0.01808 0.01382 0.01061 0.00815 0.00773 0.01297 ( 1)  0.237 +-  1.002
  21 C   0.74603 0.07971 0.04817 0.03345 0.02463 0.01867 0.01435 0.01106 0.00854 0.00812 0.00728 ( 1)  0.188 +-  0.740
  22 K   0.75334 0.07949 0.04729 0.03234 0.02346 0.01753 0.01329 0.01011 0.00770 0.00724 0.00820 ( 1)  0.193 +-  0.799
  23 F   0.73843 0.07936 0.04833 0.03382 0.02510 0.01918 0.01485 0.01154 0.00898 0.00860 0.01180 ( 1)  0.229 +-  0.938
  24 M   0.75771 0.07947 0.04691 0.03182 0.02291 0.01698 0.01277 0.00964 0.00729 0.00681 0.00769 ( 1)  0.187 +-  0.778
  25 G   0.74464 0.07952 0.04803 0.03334 0.02454 0.01860 0.01429 0.01102 0.00850 0.00809 0.00944 ( 1)  0.207 +-  0.847
  26 I   0.75472 0.07927 0.04689 0.03188 0.02301 0.01711 0.01290 0.00977 0.00741 0.00694 0.01010 ( 1)  0.209 +-  0.892
  27 Q   0.75528 0.07948 0.04711 0.03210 0.02321 0.01728 0.01305 0.00990 0.00751 0.00704 0.00804 ( 1)  0.191 +-  0.794
  28 N   0.75857 0.07922 0.04652 0.03141 0.02251 0.01662 0.01245 0.00937 0.00707 0.00658 0.00968 ( 1)  0.204 +-  0.875
  29 I   0.75472 0.07927 0.04689 0.03188 0.02301 0.01711 0.01290 0.00977 0.00741 0.00694 0.01010 ( 1)  0.209 +-  0.892
  30 H   0.75877 0.07928 0.04658 0.03146 0.02255 0.01665 0.01248 0.00939 0.00708 0.00659 0.00918 ( 1)  0.199 +-  0.853
  31 A   0.73702 0.07895 0.04789 0.03339 0.02469 0.01881 0.01452 0.01125 0.00873 0.00835 0.01639 ( 1)  0.269 +-  1.118
  32 M   0.75771 0.07947 0.04691 0.03182 0.02291 0.01698 0.01277 0.00964 0.00729 0.00681 0.00769 ( 1)  0.187 +-  0.778
  33 R   0.72238 0.07859 0.04863 0.03458 0.02608 0.02025 0.01593 0.01258 0.00993 0.00966 0.02138 ( 1)  0.314 +-  1.246
  34 A   0.74473 0.07913 0.04750 0.03277 0.02399 0.01809 0.01383 0.01062 0.00816 0.00773 0.01345 ( 1)  0.241 +-  1.021
  35 S   0.74483 0.07934 0.04777 0.03306 0.02427 0.01834 0.01406 0.01081 0.00833 0.00791 0.01128 ( 1)  0.223 +-  0.931
  36 Q   0.73362 0.07938 0.04877 0.03443 0.02578 0.01987 0.01552 0.01216 0.00953 0.00921 0.01173 ( 1)  0.228 +-  0.915
  37 T   0.74522 0.07916 0.04751 0.03277 0.02398 0.01808 0.01382 0.01061 0.00815 0.00773 0.01297 ( 1)  0.237 +-  1.002
  38 K   0.73389 0.07940 0.04877 0.03442 0.02577 0.01985 0.01550 0.01215 0.00952 0.00919 0.01153 ( 1)  0.227 +-  0.907
  39 F   0.75460 0.07946 0.04713 0.03213 0.02324 0.01731 0.01308 0.00992 0.00753 0.00706 0.00854 ( 1)  0.196 +-  0.819
  40 M   0.75771 0.07947 0.04691 0.03182 0.02291 0.01698 0.01277 0.00964 0.00729 0.00681 0.00769 ( 1)  0.187 +-  0.778
  41 E   0.75274 0.07946 0.04730 0.03236 0.02349 0.01756 0.01331 0.01013 0.00772 0.00726 0.00867 ( 1)  0.197 +-  0.821
  42 A   0.74473 0.07913 0.04750 0.03277 0.02399 0.01809 0.01383 0.01062 0.00816 0.00773 0.01345 ( 1)  0.241 +-  1.021
  43 C   0.74603 0.07971 0.04817 0.03345 0.02463 0.01867 0.01435 0.01106 0.00854 0.00812 0.00728 ( 1)  0.188 +-  0.740
  44 Y   0.72812 0.07888 0.04854 0.03432 0.02575 0.01988 0.01556 0.01222 0.00960 0.00929 0.01785 ( 1)  0.282 +-  1.143
  45 S   0.72907 0.07883 0.04839 0.03414 0.02555 0.01968 0.01537 0.01205 0.00945 0.00913 0.01834 ( 1)  0.287 +-  1.165
  46 Q   0.73362 0.07938 0.04877 0.03443 0.02578 0.01987 0.01552 0.01216 0.00953 0.00921 0.01173 ( 1)  0.228 +-  0.915
  47 S   0.72907 0.07883 0.04839 0.03414 0.02555 0.01968 0.01537 0.01205 0.00945 0.00913 0.01834 ( 1)  0.287 +-  1.165
  48 D   0.75819 0.07921 0.04653 0.03143 0.02253 0.01664 0.01247 0.00939 0.00708 0.00660 0.00993 ( 1)  0.206 +-  0.886
  49 K   0.75334 0.07949 0.04729 0.03234 0.02346 0.01753 0.01329 0.01011 0.00770 0.00724 0.00820 ( 1)  0.193 +-  0.799
  50 N   0.74337 0.07941 0.04799 0.03333 0.02455 0.01862 0.01432 0.01105 0.00854 0.00813 0.01070 ( 1)  0.218 +-  0.900
  51 W   0.73972 0.07956 0.04850 0.03397 0.02524 0.01930 0.01496 0.01163 0.00905 0.00868 0.00938 ( 1)  0.207 +-  0.827
  52 F   0.75460 0.07946 0.04713 0.03213 0.02324 0.01731 0.01308 0.00992 0.00753 0.00706 0.00854 ( 1)  0.196 +-  0.819
  53 K   0.75334 0.07949 0.04729 0.03234 0.02346 0.01753 0.01329 0.01011 0.00770 0.00724 0.00820 ( 1)  0.193 +-  0.799
  54 M   0.75771 0.07947 0.04691 0.03182 0.02291 0.01698 0.01277 0.00964 0.00729 0.00681 0.00769 ( 1)  0.187 +-  0.778
  55 I   0.75472 0.07927 0.04689 0.03188 0.02301 0.01711 0.01290 0.00977 0.00741 0.00694 0.01010 ( 1)  0.209 +-  0.892
  56 H   0.74313 0.07944 0.04804 0.03339 0.02462 0.01868 0.01438 0.01110 0.00858 0.00817 0.01046 ( 1)  0.216 +-  0.890
  57 E   0.68866 0.07373 0.04496 0.03165 0.02374 0.01840 0.01451 0.01152 0.00918 0.00903 0.07460 ( 1)  0.781 +-  2.330
  58 S   0.75117 0.07967 0.04769 0.03281 0.02393 0.01798 0.01369 0.01046 0.00800 0.00755 0.00703 ( 1)  0.184 +-  0.738
  59 Q   0.75528 0.07948 0.04711 0.03210 0.02321 0.01728 0.01305 0.00990 0.00751 0.00704 0.00804 ( 1)  0.191 +-  0.794
  60 W   0.73972 0.07956 0.04850 0.03397 0.02524 0.01930 0.01496 0.01163 0.00905 0.00868 0.00938 ( 1)  0.207 +-  0.827
  61 L   0.73652 0.07900 0.04801 0.03353 0.02485 0.01896 0.01467 0.01139 0.00885 0.00848 0.01574 ( 1)  0.263 +-  1.090
  62 L   0.71788 0.07739 0.04732 0.03325 0.02479 0.01903 0.01480 0.01156 0.00904 0.00871 0.03623 ( 1)  0.450 +-  1.677
  63 H   0.74313 0.07944 0.04804 0.03339 0.02462 0.01868 0.01438 0.01110 0.00858 0.00817 0.01046 ( 1)  0.216 +-  0.890
  64 L   0.73652 0.07900 0.04801 0.03353 0.02485 0.01896 0.01467 0.01139 0.00885 0.00848 0.01574 ( 1)  0.263 +-  1.090
  65 R   0.72238 0.07859 0.04863 0.03458 0.02608 0.02025 0.01593 0.01258 0.00993 0.00966 0.02138 ( 1)  0.314 +-  1.246
  66 L   0.72729 0.07797 0.04734 0.03304 0.02446 0.01865 0.01442 0.01119 0.00869 0.00832 0.02862 ( 1)  0.382 +-  1.504
  67 L   0.72089 0.07783 0.04770 0.03360 0.02512 0.01933 0.01509 0.01182 0.00927 0.00896 0.03039 ( 1)  0.396 +-  1.523
  68 L   0.72581 0.07861 0.04836 0.03419 0.02564 0.01980 0.01549 0.01217 0.00956 0.00926 0.02110 ( 1)  0.312 +-  1.251
  69 L   0.73652 0.07900 0.04801 0.03353 0.02485 0.01896 0.01467 0.01139 0.00885 0.00848 0.01574 ( 1)  0.263 +-  1.090
  70 A   0.73780 0.07901 0.04790 0.03338 0.02467 0.01878 0.01449 0.01123 0.00871 0.00832 0.01571 ( 1)  0.263 +-  1.093
  71 A   0.74473 0.07913 0.04750 0.03277 0.02399 0.01809 0.01383 0.01062 0.00816 0.00773 0.01345 ( 1)  0.241 +-  1.021
  72 K   0.75334 0.07949 0.04729 0.03234 0.02346 0.01753 0.01329 0.01011 0.00770 0.00724 0.00820 ( 1)  0.193 +-  0.799
  73 E   0.75274 0.07946 0.04730 0.03236 0.02349 0.01756 0.01331 0.01013 0.00772 0.00726 0.00867 ( 1)  0.197 +-  0.821
  74 V   0.72462 0.07851 0.04832 0.03418 0.02564 0.01981 0.01551 0.01219 0.00958 0.00928 0.02236 ( 1)  0.323 +-  1.289
  75 A   0.74473 0.07913 0.04750 0.03277 0.02399 0.01809 0.01383 0.01062 0.00816 0.00773 0.01345 ( 1)  0.241 +-  1.021
  76 E   0.73340 0.07936 0.04877 0.03443 0.02578 0.01987 0.01552 0.01217 0.00954 0.00922 0.01193 ( 1)  0.230 +-  0.924
  77 Q   0.75528 0.07948 0.04711 0.03210 0.02321 0.01728 0.01305 0.00990 0.00751 0.00704 0.00804 ( 1)  0.191 +-  0.794
  78 A   0.04400 0.01425 0.01493 0.01512 0.01493 0.01444 0.01368 0.01270 0.01158 0.01273 0.83165 (11)  7.592 +-  3.498
  79 S   0.73411 0.07931 0.04862 0.03426 0.02560 0.01969 0.01535 0.01201 0.00940 0.00906 0.01261 ( 1)  0.236 +-  0.957
  80 Q   0.75528 0.07948 0.04711 0.03210 0.02321 0.01728 0.01305 0.00990 0.00751 0.00704 0.00804 ( 1)  0.191 +-  0.794
  81 P   0.73880 0.07909 0.04793 0.03338 0.02466 0.01876 0.01447 0.01120 0.00868 0.00829 0.01472 ( 1)  0.254 +-  1.059
  82 S   0.72288 0.07851 0.04847 0.03440 0.02589 0.02005 0.01575 0.01241 0.00978 0.00950 0.02236 ( 1)  0.323 +-  1.283
  83 V   0.74570 0.07909 0.04736 0.03261 0.02382 0.01793 0.01368 0.01049 0.00805 0.00762 0.01365 ( 1)  0.243 +-  1.029
  84 S   0.74483 0.07934 0.04777 0.03306 0.02427 0.01834 0.01406 0.01081 0.00833 0.00791 0.01128 ( 1)  0.223 +-  0.931
  85 I   0.00001 0.00004 0.00011 0.00021 0.00033 0.00046 0.00059 0.00071 0.00081 0.00109 0.99564 (11)  9.011 +-  1.555
  86 T   0.21729 0.06092 0.05929 0.05611 0.05191 0.04713 0.04202 0.03677 0.03164 0.03241 0.36450 (11)  3.469 +-  4.239
  87 T   0.19208 0.05491 0.05422 0.05202 0.04877 0.04485 0.04049 0.03585 0.03119 0.03226 0.41336 (11)  3.892 +-  4.336
  88 P   0.74573 0.07921 0.04752 0.03277 0.02397 0.01806 0.01380 0.01059 0.00813 0.00770 0.01253 ( 1)  0.233 +-  0.986
  89 T   0.13995 0.04147 0.04168 0.04065 0.03870 0.03612 0.03307 0.02968 0.02618 0.02753 0.54497 (11)  5.057 +-  4.430
  90 R   0.18994 0.05445 0.05391 0.05185 0.04873 0.04492 0.04063 0.03604 0.03142 0.03253 0.41556 (11)  3.912 +-  4.339
  91 C   0.00142 0.00139 0.00239 0.00334 0.00416 0.00483 0.00531 0.00558 0.00565 0.00683 0.95912 (11)  8.700 +-  2.197
  92 P   0.21573 0.06051 0.05888 0.05570 0.05153 0.04677 0.04170 0.03648 0.03139 0.03215 0.36916 (11)  3.510 +-  4.253
  93 I   0.00046 0.00047 0.00084 0.00121 0.00155 0.00185 0.00209 0.00225 0.00234 0.00292 0.98401 (11)  8.914 +-  1.790
  94 F   0.06602 0.02040 0.02065 0.02027 0.01944 0.01829 0.01691 0.01535 0.01372 0.01478 0.77416 (11)  7.090 +-  3.848
  95 T   0.10048 0.03049 0.03080 0.03017 0.02883 0.02701 0.02482 0.02237 0.01981 0.02104 0.66418 (11)  6.132 +-  4.269
  96 T   0.00029 0.00030 0.00053 0.00077 0.00100 0.00120 0.00136 0.00148 0.00155 0.00194 0.98958 (11)  8.961 +-  1.682
  97 A   0.00075 0.00074 0.00127 0.00177 0.00220 0.00256 0.00281 0.00295 0.00300 0.00364 0.97831 (11)  8.868 +-  1.893
  98 L   0.00204 0.00074 0.00086 0.00099 0.00111 0.00123 0.00134 0.00142 0.00147 0.00184 0.98698 (11)  8.937 +-  1.741
  99 T   0.00057 0.00056 0.00096 0.00134 0.00167 0.00193 0.00213 0.00224 0.00228 0.00278 0.98354 (11)  8.912 +-  1.799
 100 G   0.73010 0.07826 0.04750 0.03313 0.02451 0.01867 0.01441 0.01117 0.00866 0.00828 0.02532 ( 1)  0.352 +-  1.416
 101 F   0.06477 0.02020 0.02062 0.02037 0.01963 0.01854 0.01718 0.01561 0.01395 0.01502 0.77411 (11)  7.099 +-  3.849
 102 S   0.00064 0.00064 0.00111 0.00157 0.00198 0.00232 0.00257 0.00273 0.00280 0.00344 0.98020 (11)  8.882 +-  1.860
 103 S   0.07109 0.02227 0.02293 0.02285 0.02221 0.02114 0.01974 0.01805 0.01623 0.01752 0.74596 (11)  6.846 +-  3.976
 104 V   0.72462 0.07851 0.04832 0.03418 0.02564 0.01981 0.01551 0.01219 0.00958 0.00928 0.02236 ( 1)  0.323 +-  1.289
 105 Y   0.00238 0.00229 0.00390 0.00538 0.00664 0.00761 0.00826 0.00858 0.00858 0.01019 0.93619 (11)  8.506 +-  2.499
 106 L   0.24078 0.06699 0.06534 0.06197 0.05747 0.05230 0.04672 0.04094 0.03526 0.03600 0.29622 (11)  2.861 +-  3.984
 107 T   0.03526 0.01205 0.01322 0.01396 0.01430 0.01429 0.01394 0.01328 0.01239 0.01387 0.84343 (11)  7.689 +-  3.403

Positively selected sites

	Prob(w>1)  mean w

    78 A      0.832         7.592 +- 3.498
    85 I      0.996**       9.011 +- 1.555
    89 T      0.545         5.057 +- 4.430
    91 C      0.959*        8.700 +- 2.197
    93 I      0.984*        8.914 +- 1.790
    94 F      0.774         7.090 +- 3.848
    95 T      0.664         6.132 +- 4.269
    96 T      0.990*        8.961 +- 1.682
    97 A      0.978*        8.868 +- 1.893
    98 L      0.987*        8.937 +- 1.741
    99 T      0.984*        8.912 +- 1.799
   101 F      0.774         7.099 +- 3.849
   102 S      0.980*        8.882 +- 1.860
   103 S      0.746         6.846 +- 3.976
   105 Y      0.936         8.506 +- 2.499
   107 T      0.843         7.689 +- 3.403

