Supplemental results for CODEML (seqf: algn  treef: tree)


dN/dS (w) for site classes (K=2)

p:   0.99999  0.00001
w:   0.19317  1.00000

Naive Empirical Bayes (NEB) probabilities for 2 classes & postmean_w
(amino acids refer to 1st sequence: stm.21449)

   1 M   0.99999 0.00001 ( 1)  0.193
   2 S   0.99999 0.00001 ( 1)  0.193
   3 V   0.99999 0.00001 ( 1)  0.193
   4 E   0.99996 0.00004 ( 1)  0.193
   5 H   0.99999 0.00001 ( 1)  0.193
   6 I   0.99999 0.00001 ( 1)  0.193
   7 D   0.99999 0.00001 ( 1)  0.193
   8 L   0.99999 0.00001 ( 1)  0.193
   9 D   0.99999 0.00001 ( 1)  0.193
  10 Q   0.99999 0.00001 ( 1)  0.193
  11 Q   0.99999 0.00001 ( 1)  0.193
  12 L   0.99999 0.00001 ( 1)  0.193
  13 E   0.99999 0.00001 ( 1)  0.193
  14 Q   0.99999 0.00001 ( 1)  0.193
  15 L   0.99999 0.00001 ( 1)  0.193
  16 K   0.99999 0.00001 ( 1)  0.193
  17 Y   0.99999 0.00001 ( 1)  0.193
  18 C   0.99999 0.00001 ( 1)  0.193
  19 K   0.99999 0.00001 ( 1)  0.193
  20 L   0.99999 0.00001 ( 1)  0.193
  21 I   0.99999 0.00001 ( 1)  0.193
  22 L   0.99999 0.00001 ( 1)  0.193
  23 V   0.99999 0.00001 ( 1)  0.193
  24 M   0.99999 0.00001 ( 1)  0.193
  25 K   0.99999 0.00001 ( 1)  0.193
  26 V   0.99999 0.00001 ( 1)  0.193
  27 K   0.99999 0.00001 ( 1)  0.193
  28 V   0.99999 0.00001 ( 1)  0.193
  29 L   0.99999 0.00001 ( 1)  0.193
  30 C   0.99999 0.00001 ( 1)  0.193
  31 S   0.99999 0.00001 ( 1)  0.193
  32 K   0.99999 0.00001 ( 1)  0.193
  33 A   0.99999 0.00001 ( 1)  0.193
  34 K   0.99999 0.00001 ( 1)  0.193
  35 E   0.99999 0.00001 ( 1)  0.193
  36 I   0.99999 0.00001 ( 1)  0.193
  37 L   0.99999 0.00001 ( 1)  0.193
  38 M   0.99999 0.00001 ( 1)  0.193
  39 E   0.99999 0.00001 ( 1)  0.193
  40 E   0.99999 0.00001 ( 1)  0.193
  41 S   0.99999 0.00001 ( 1)  0.193
  42 N   0.99999 0.00001 ( 1)  0.193
  43 V   0.99999 0.00001 ( 1)  0.193
  44 Q   0.99999 0.00001 ( 1)  0.193
  45 I   0.99999 0.00001 ( 1)  0.193
  46 V   0.99999 0.00001 ( 1)  0.193
  47 E   0.99999 0.00001 ( 1)  0.193
  48 S   0.99999 0.00001 ( 1)  0.193
  49 P   0.99999 0.00001 ( 1)  0.193
  50 V   0.99999 0.00001 ( 1)  0.193
  51 T   0.99999 0.00001 ( 1)  0.193
  52 V   0.99995 0.00005 ( 1)  0.193
  53 C   0.99999 0.00001 ( 1)  0.193
  54 G   0.99999 0.00001 ( 1)  0.193
  55 N   0.99999 0.00001 ( 1)  0.193
  56 T   0.99999 0.00001 ( 1)  0.193
  57 Y   0.99999 0.00001 ( 1)  0.193
  58 G   0.99999 0.00001 ( 1)  0.193
  59 Q   0.99999 0.00001 ( 1)  0.193
  60 F   0.99999 0.00001 ( 1)  0.193
  61 Y   0.99999 0.00001 ( 1)  0.193
  62 D   0.99999 0.00001 ( 1)  0.193
  63 L   0.99999 0.00001 ( 1)  0.193
  64 L   0.99999 0.00001 ( 1)  0.193
  65 E   0.99999 0.00001 ( 1)  0.193
  66 L   0.99999 0.00001 ( 1)  0.193
  67 F   0.99999 0.00001 ( 1)  0.193
  68 K   0.99999 0.00001 ( 1)  0.193
  69 N   0.99999 0.00001 ( 1)  0.193
  70 S   0.99999 0.00001 ( 1)  0.193
  71 R   0.99999 0.00001 ( 1)  0.193
  72 D   0.99999 0.00001 ( 1)  0.193
  73 I   0.99999 0.00001 ( 1)  0.193
  74 L   0.99999 0.00001 ( 1)  0.193
  75 N   0.99999 0.00001 ( 1)  0.193
  76 T   0.99999 0.00001 ( 1)  0.193
  77 N   0.99999 0.00001 ( 1)  0.193
  78 Y   0.99999 0.00001 ( 1)  0.193
  79 L   0.99999 0.00001 ( 1)  0.193
  80 F   0.99999 0.00001 ( 1)  0.193
  81 L   0.99999 0.00001 ( 1)  0.193
  82 G   0.99999 0.00001 ( 1)  0.193
  83 D   0.99999 0.00001 ( 1)  0.193
  84 L   0.99996 0.00004 ( 1)  0.193
  85 V   0.99999 0.00001 ( 1)  0.193
  86 D   0.99999 0.00001 ( 1)  0.193
  87 P   0.99999 0.00001 ( 1)  0.193
  88 G   0.99999 0.00001 ( 1)  0.193
  89 F   0.99999 0.00001 ( 1)  0.193
  90 Y   0.99999 0.00001 ( 1)  0.193
  91 F   0.99999 0.00001 ( 1)  0.193
  92 V   0.99999 0.00001 ( 1)  0.193
  93 E   0.99999 0.00001 ( 1)  0.193
  94 I   0.99999 0.00001 ( 1)  0.193
  95 S   0.99999 0.00001 ( 1)  0.193
  96 I   0.99999 0.00001 ( 1)  0.193
  97 L   0.99999 0.00001 ( 1)  0.193
  98 L   0.99999 0.00001 ( 1)  0.193
  99 L   0.99999 0.00001 ( 1)  0.193
 100 V   0.99999 0.00001 ( 1)  0.193
 101 Y   0.99999 0.00001 ( 1)  0.193
 102 K   0.99999 0.00001 ( 1)  0.193
 103 V   0.99999 0.00001 ( 1)  0.193
 104 R   0.99999 0.00001 ( 1)  0.193
 105 Y   0.99996 0.00004 ( 1)  0.193
 106 P   0.99999 0.00001 ( 1)  0.193
 107 D   0.99999 0.00001 ( 1)  0.193
 108 R   0.99999 0.00001 ( 1)  0.193
 109 I   0.99999 0.00001 ( 1)  0.193
 110 T   0.99999 0.00001 ( 1)  0.193
 111 L   0.99999 0.00001 ( 1)  0.193
 112 I   0.99999 0.00001 ( 1)  0.193
 113 R   0.99999 0.00001 ( 1)  0.193
 114 G   0.99999 0.00001 ( 1)  0.193
 115 N   0.99999 0.00001 ( 1)  0.193
 116 H   0.99999 0.00001 ( 1)  0.193
 117 Q   0.99999 0.00001 ( 1)  0.193
 118 S   0.99999 0.00001 ( 1)  0.193
 119 R   0.99999 0.00001 ( 1)  0.193
 120 Q   0.99999 0.00001 ( 1)  0.193
 121 I   0.99999 0.00001 ( 1)  0.193
 122 T   0.99999 0.00001 ( 1)  0.193
 123 Q   0.99999 0.00001 ( 1)  0.193
 124 V   0.99999 0.00001 ( 1)  0.193
 125 Y   0.99999 0.00001 ( 1)  0.193
 126 G   0.99999 0.00001 ( 1)  0.193
 127 F   0.99999 0.00001 ( 1)  0.193
 128 Y   0.99999 0.00001 ( 1)  0.193
 129 E   0.99999 0.00001 ( 1)  0.193
 130 E   0.99999 0.00001 ( 1)  0.193
 131 C   0.99999 0.00001 ( 1)  0.193
 132 M   0.99999 0.00001 ( 1)  0.193
 133 R   0.99999 0.00001 ( 1)  0.193
 134 K   0.99999 0.00001 ( 1)  0.193
 135 Y   0.99999 0.00001 ( 1)  0.193
 136 R   0.99999 0.00001 ( 1)  0.193
 137 P   0.99999 0.00001 ( 1)  0.193
 138 H   0.99999 0.00001 ( 1)  0.193
 139 H   0.99999 0.00001 ( 1)  0.193
 140 F   0.99999 0.00001 ( 1)  0.193
 141 F   0.99999 0.00001 ( 1)  0.193
 142 Q   0.99999 0.00001 ( 1)  0.193
 143 W   0.99999 0.00001 ( 1)  0.193
 144 L   0.99999 0.00001 ( 1)  0.193
 145 L   0.99999 0.00001 ( 1)  0.193
 146 Y   0.99999 0.00001 ( 1)  0.193
 147 P   0.99999 0.00001 ( 1)  0.193
 148 G   0.99999 0.00001 ( 1)  0.193


lnL =  -594.054013

