Supplemental results for CODEML (seqf: algn  treef: tree)


dN/dS (w) for site classes (K=2)

p:   0.99999  0.00001
w:   0.11381  1.00000

Naive Empirical Bayes (NEB) probabilities for 2 classes & postmean_w
(amino acids refer to 1st sequence: Msl.27203)

   1 M   0.99999 0.00001 ( 1)  0.114
   2 V   0.99999 0.00001 ( 1)  0.114
   3 K   0.99999 0.00001 ( 1)  0.114
   4 L   0.99999 0.00001 ( 1)  0.114
   5 P   0.99999 0.00001 ( 1)  0.114
   6 T   0.99999 0.00001 ( 1)  0.114
   7 P   0.99999 0.00001 ( 1)  0.114
   8 S   0.99999 0.00001 ( 1)  0.114
   9 A   0.99999 0.00001 ( 1)  0.114
  10 Y   0.99999 0.00001 ( 1)  0.114
  11 L   0.99999 0.00001 ( 1)  0.114
  12 D   0.99999 0.00001 ( 1)  0.114
  13 P   0.99999 0.00001 ( 1)  0.114
  14 L   0.99999 0.00001 ( 1)  0.114
  15 Y   0.99999 0.00001 ( 1)  0.114
  16 G   0.99999 0.00001 ( 1)  0.114
  17 L   0.99999 0.00001 ( 1)  0.114
  18 D   0.99999 0.00001 ( 1)  0.114
  19 T   0.99999 0.00001 ( 1)  0.114
  20 C   0.99999 0.00001 ( 1)  0.114
  21 F   0.99999 0.00001 ( 1)  0.114
  22 Y   0.99999 0.00001 ( 1)  0.114
  23 Y   0.99999 0.00001 ( 1)  0.114
  24 A   0.99999 0.00001 ( 1)  0.114
  25 I   0.99999 0.00001 ( 1)  0.114
  26 P   0.99999 0.00001 ( 1)  0.114
  27 K   0.99999 0.00001 ( 1)  0.114
  28 Y   0.99999 0.00001 ( 1)  0.114
  29 Y   0.99999 0.00001 ( 1)  0.114
  30 T   0.99999 0.00001 ( 1)  0.114
  31 L   0.99999 0.00001 ( 1)  0.114
  32 D   0.99999 0.00001 ( 1)  0.114
  33 H   0.99999 0.00001 ( 1)  0.114
  34 P   0.99999 0.00001 ( 1)  0.114
  35 N   0.99999 0.00001 ( 1)  0.114
  36 T   0.99999 0.00001 ( 1)  0.114
  37 R   0.99999 0.00001 ( 1)  0.114
  38 W   0.99999 0.00001 ( 1)  0.114
  39 L   0.99999 0.00001 ( 1)  0.114
  40 A   0.99999 0.00001 ( 1)  0.114
  41 S   0.99999 0.00001 ( 1)  0.114
  42 M   0.99999 0.00001 ( 1)  0.114
  43 L   0.99999 0.00001 ( 1)  0.114
  44 K   0.99999 0.00001 ( 1)  0.114
  45 N   0.99999 0.00001 ( 1)  0.114
  46 Q   0.99999 0.00001 ( 1)  0.114
  47 D   0.99999 0.00001 ( 1)  0.114
  48 V   0.99999 0.00001 ( 1)  0.114
  49 D   0.99999 0.00001 ( 1)  0.114
  50 R   0.99999 0.00001 ( 1)  0.114
  51 I   0.99999 0.00001 ( 1)  0.114
  52 R   0.99999 0.00001 ( 1)  0.114
  53 R   0.99999 0.00001 ( 1)  0.114
  54 K   0.99999 0.00001 ( 1)  0.114
  55 M   0.99999 0.00001 ( 1)  0.114
  56 E   0.99999 0.00001 ( 1)  0.114
  57 L   0.99999 0.00001 ( 1)  0.114
  58 K   0.99999 0.00001 ( 1)  0.114
  59 P   0.99999 0.00001 ( 1)  0.114
  60 E   0.99999 0.00001 ( 1)  0.114
  61 A   0.99999 0.00001 ( 1)  0.114
  62 F   0.99999 0.00001 ( 1)  0.114
  63 K   0.99999 0.00001 ( 1)  0.114
  64 T   0.99999 0.00001 ( 1)  0.114
  65 S   0.99999 0.00001 ( 1)  0.114
  66 Y   0.99999 0.00001 ( 1)  0.114
  67 F   0.99999 0.00001 ( 1)  0.114
  68 Q   0.99999 0.00001 ( 1)  0.114
  69 L   0.99999 0.00001 ( 1)  0.114
  70 L   0.99999 0.00001 ( 1)  0.114
  71 D   0.99999 0.00001 ( 1)  0.114
  72 H   0.99999 0.00001 ( 1)  0.114
  73 P   0.99999 0.00001 ( 1)  0.114
  74 Q   0.99999 0.00001 ( 1)  0.114
  75 M   0.99999 0.00001 ( 1)  0.114
  76 Y   0.99999 0.00001 ( 1)  0.114
  77 N   0.99999 0.00001 ( 1)  0.114
  78 S   0.99999 0.00001 ( 1)  0.114
  79 A   0.99999 0.00001 ( 1)  0.114
  80 D   0.99999 0.00001 ( 1)  0.114
  81 P   0.99999 0.00001 ( 1)  0.114
  82 S   0.99999 0.00001 ( 1)  0.114
  83 A   0.99999 0.00001 ( 1)  0.114
  84 N   0.99999 0.00001 ( 1)  0.114
  85 S   0.99999 0.00001 ( 1)  0.114
  86 L   0.99999 0.00001 ( 1)  0.114
  87 F   0.99999 0.00001 ( 1)  0.114
  88 H   0.99999 0.00001 ( 1)  0.114
  89 K   0.99999 0.00001 ( 1)  0.114
  90 Q   0.99999 0.00001 ( 1)  0.114
  91 A   0.99999 0.00001 ( 1)  0.114
  92 I   0.99999 0.00001 ( 1)  0.114
  93 I   0.99999 0.00001 ( 1)  0.114
  94 Y   0.99999 0.00001 ( 1)  0.114
  95 L   0.99999 0.00001 ( 1)  0.114
  96 T   0.99999 0.00001 ( 1)  0.114
  97 V   0.99999 0.00001 ( 1)  0.114
  98 L   0.99999 0.00001 ( 1)  0.114
  99 G   0.99999 0.00001 ( 1)  0.114
 100 M   0.99999 0.00001 ( 1)  0.114
 101 A   0.99999 0.00001 ( 1)  0.114
 102 F   0.99999 0.00001 ( 1)  0.114
 103 Y   0.99999 0.00001 ( 1)  0.114
 104 L   0.99999 0.00001 ( 1)  0.114
 105 K   0.99999 0.00001 ( 1)  0.114
 106 S   0.99999 0.00001 ( 1)  0.114
 107 V   0.99999 0.00001 ( 1)  0.114
 108 D   0.99999 0.00001 ( 1)  0.114
 109 V   0.99999 0.00001 ( 1)  0.114
 110 V   0.99999 0.00001 ( 1)  0.114
 111 K   0.99999 0.00001 ( 1)  0.114
 112 M   0.99999 0.00001 ( 1)  0.114
 113 A   0.99999 0.00001 ( 1)  0.114
 114 L   0.99999 0.00001 ( 1)  0.114
 115 A   0.99999 0.00001 ( 1)  0.114
 116 Y   0.99999 0.00001 ( 1)  0.114
 117 R   0.99999 0.00001 ( 1)  0.114
 118 D   0.99999 0.00001 ( 1)  0.114
 119 P   0.99999 0.00001 ( 1)  0.114
 120 I   0.99999 0.00001 ( 1)  0.114
 121 G   0.99999 0.00001 ( 1)  0.114
 122 D   0.99999 0.00001 ( 1)  0.114
 123 A   0.99999 0.00001 ( 1)  0.114
 124 L   0.99999 0.00001 ( 1)  0.114
 125 Y   0.99999 0.00001 ( 1)  0.114
 126 T   0.99999 0.00001 ( 1)  0.114
 127 L   0.99999 0.00001 ( 1)  0.114
 128 K   0.99999 0.00001 ( 1)  0.114
 129 E   0.99999 0.00001 ( 1)  0.114
 130 P   0.99999 0.00001 ( 1)  0.114
 131 Q   0.99999 0.00001 ( 1)  0.114
 132 Y   0.99999 0.00001 ( 1)  0.114
 133 A   0.99999 0.00001 ( 1)  0.114
 134 T   0.99999 0.00001 ( 1)  0.114
 135 H   0.99999 0.00001 ( 1)  0.114
 136 V   0.99999 0.00001 ( 1)  0.114
 137 Q   0.99999 0.00001 ( 1)  0.114
 138 D   0.99999 0.00001 ( 1)  0.114
 139 T   0.99999 0.00001 ( 1)  0.114
 140 V   0.99999 0.00001 ( 1)  0.114
 141 T   0.99999 0.00001 ( 1)  0.114
 142 G   0.99999 0.00001 ( 1)  0.114
 143 D   0.99999 0.00001 ( 1)  0.114
 144 F   0.99999 0.00001 ( 1)  0.114
 145 H   0.99999 0.00001 ( 1)  0.114
 146 A   0.99999 0.00001 ( 1)  0.114
 147 Y   0.99999 0.00001 ( 1)  0.114
 148 P   0.99999 0.00001 ( 1)  0.114
 149 L   0.99999 0.00001 ( 1)  0.114
 150 S   0.99999 0.00001 ( 1)  0.114
 151 V   0.99999 0.00001 ( 1)  0.114
 152 I   0.99999 0.00001 ( 1)  0.114
 153 V   0.99999 0.00001 ( 1)  0.114
 154 L   0.99999 0.00001 ( 1)  0.114
 155 R   0.99999 0.00001 ( 1)  0.114
 156 S   0.99999 0.00001 ( 1)  0.114
 157 G   0.99999 0.00001 ( 1)  0.114
 158 C   0.99999 0.00001 ( 1)  0.114
 159 Y   0.99999 0.00001 ( 1)  0.114
 160 E   0.99999 0.00001 ( 1)  0.114
 161 Y   0.99999 0.00001 ( 1)  0.114
 162 V   0.99999 0.00001 ( 1)  0.114
 163 P   0.99999 0.00001 ( 1)  0.114
 164 D   0.99999 0.00001 ( 1)  0.114
 165 M   0.99999 0.00001 ( 1)  0.114
 166 L   0.99999 0.00001 ( 1)  0.114
 167 M   0.99999 0.00001 ( 1)  0.114
 168 N   0.99999 0.00001 ( 1)  0.114
 169 K   0.99999 0.00001 ( 1)  0.114
 170 W   0.99999 0.00001 ( 1)  0.114
 171 E   0.99999 0.00001 ( 1)  0.114
 172 A   0.99999 0.00001 ( 1)  0.114
 173 L   0.99999 0.00001 ( 1)  0.114
 174 E   0.99999 0.00001 ( 1)  0.114
 175 P   0.99999 0.00001 ( 1)  0.114
 176 I   0.99999 0.00001 ( 1)  0.114
 177 C   0.99999 0.00001 ( 1)  0.114
 178 M   0.99999 0.00001 ( 1)  0.114
 179 P   0.99999 0.00001 ( 1)  0.114
 180 A   0.99999 0.00001 ( 1)  0.114
 181 R   0.99999 0.00001 ( 1)  0.114
 182 R   0.99999 0.00001 ( 1)  0.114
 183 R   0.99999 0.00001 ( 1)  0.114
 184 Y   0.99999 0.00001 ( 1)  0.114
 185 E   0.99999 0.00001 ( 1)  0.114
 186 R   0.99999 0.00001 ( 1)  0.114
 187 R   0.99999 0.00001 ( 1)  0.114
 188 A   0.99999 0.00001 ( 1)  0.114
 189 Y   0.99999 0.00001 ( 1)  0.114
 190 Y   0.99999 0.00001 ( 1)  0.114
 191 F   0.99999 0.00001 ( 1)  0.114
 192 T   0.99999 0.00001 ( 1)  0.114
 193 D   0.99999 0.00001 ( 1)  0.114
 194 W   0.99999 0.00001 ( 1)  0.114
 195 L   0.99999 0.00001 ( 1)  0.114
 196 D   0.99999 0.00001 ( 1)  0.114
 197 Y   0.99999 0.00001 ( 1)  0.114
 198 C   0.99999 0.00001 ( 1)  0.114
 199 L   0.99999 0.00001 ( 1)  0.114
 200 W   0.99999 0.00001 ( 1)  0.114
 201 L   0.99999 0.00001 ( 1)  0.114
 202 M   0.99999 0.00001 ( 1)  0.114
 203 N   0.99999 0.00001 ( 1)  0.114
 204 E   0.99999 0.00001 ( 1)  0.114
 205 R   0.99999 0.00001 ( 1)  0.114
 206 P   0.99999 0.00001 ( 1)  0.114
 207 L   0.99999 0.00001 ( 1)  0.114
 208 L   0.99999 0.00001 ( 1)  0.114
 209 P   0.99999 0.00001 ( 1)  0.114
 210 L   0.99999 0.00001 ( 1)  0.114
 211 A   0.99999 0.00001 ( 1)  0.114
 212 R   0.99999 0.00001 ( 1)  0.114
 213 L   0.99999 0.00001 ( 1)  0.114
 214 V   0.99999 0.00001 ( 1)  0.114
 215 H   0.99999 0.00001 ( 1)  0.114
 216 N   0.99999 0.00001 ( 1)  0.114
 217 M   0.99999 0.00001 ( 1)  0.114
 218 T   0.99999 0.00001 ( 1)  0.114
 219 F   0.99999 0.00001 ( 1)  0.114
 220 D   0.99999 0.00001 ( 1)  0.114
 221 P   0.99999 0.00001 ( 1)  0.114
 222 A   0.99999 0.00001 ( 1)  0.114
 223 F   0.99999 0.00001 ( 1)  0.114
 224 Y   0.99999 0.00001 ( 1)  0.114
 225 K   0.99999 0.00001 ( 1)  0.114
 226 F   0.99999 0.00001 ( 1)  0.114
 227 Q   0.99999 0.00001 ( 1)  0.114
 228 R   0.99999 0.00001 ( 1)  0.114
 229 L   0.99999 0.00001 ( 1)  0.114
 230 P   0.99999 0.00001 ( 1)  0.114
 231 M   0.99999 0.00001 ( 1)  0.114
 232 S   0.99999 0.00001 ( 1)  0.114
 233 I   0.99999 0.00001 ( 1)  0.114
 234 V   0.99999 0.00001 ( 1)  0.114
 235 N   0.99999 0.00001 ( 1)  0.114
 236 P   0.99999 0.00001 ( 1)  0.114
 237 K   0.99999 0.00001 ( 1)  0.114
 238 N   0.99999 0.00001 ( 1)  0.114
 239 E   0.99999 0.00001 ( 1)  0.114
 240 N   0.99999 0.00001 ( 1)  0.114
 241 Q   0.99999 0.00001 ( 1)  0.114
 242 R   0.99999 0.00001 ( 1)  0.114
 243 V   0.99999 0.00001 ( 1)  0.114
 244 Q   0.99999 0.00001 ( 1)  0.114
 245 T   0.99999 0.00001 ( 1)  0.114
 246 G   0.99999 0.00001 ( 1)  0.114
 247 L   0.99999 0.00001 ( 1)  0.114
 248 I   0.99999 0.00001 ( 1)  0.114
 249 E   0.99999 0.00001 ( 1)  0.114
 250 V   0.99999 0.00001 ( 1)  0.114
 251 D   0.99999 0.00001 ( 1)  0.114
 252 N   0.99999 0.00001 ( 1)  0.114
 253 L   0.99999 0.00001 ( 1)  0.114
 254 P   0.99999 0.00001 ( 1)  0.114
 255 H   0.99999 0.00001 ( 1)  0.114
 256 G   0.99999 0.00001 ( 1)  0.114
 257 A   0.99999 0.00001 ( 1)  0.114
 258 R   0.99999 0.00001 ( 1)  0.114
 259 M   0.99999 0.00001 ( 1)  0.114
 260 I   0.99999 0.00001 ( 1)  0.114
 261 G   0.99999 0.00001 ( 1)  0.114
 262 T   0.99999 0.00001 ( 1)  0.114
 263 K   0.99999 0.00001 ( 1)  0.114
 264 S   0.99999 0.00001 ( 1)  0.114
 265 L   0.99999 0.00001 ( 1)  0.114
 266 M   0.99999 0.00001 ( 1)  0.114
 267 E   0.99999 0.00001 ( 1)  0.114
 268 I   0.99999 0.00001 ( 1)  0.114
 269 A   0.99999 0.00001 ( 1)  0.114
 270 E   0.99999 0.00001 ( 1)  0.114
 271 D   0.99999 0.00001 ( 1)  0.114
 272 Y   0.99999 0.00001 ( 1)  0.114
 273 A   0.99999 0.00001 ( 1)  0.114
 274 S   0.99999 0.00001 ( 1)  0.114
 275 Y   0.99999 0.00001 ( 1)  0.114
 276 Q   0.99999 0.00001 ( 1)  0.114
 277 Q   0.99999 0.00001 ( 1)  0.114
 278 T   0.99999 0.00001 ( 1)  0.114
 279 R   0.99999 0.00001 ( 1)  0.114
 280 V   0.99999 0.00001 ( 1)  0.114
 281 R   0.99999 0.00001 ( 1)  0.114
 282 Y   0.99999 0.00001 ( 1)  0.114
 283 E   0.99999 0.00001 ( 1)  0.114
 284 E   0.99999 0.00001 ( 1)  0.114
 285 V   0.99999 0.00001 ( 1)  0.114
 286 R   0.99999 0.00001 ( 1)  0.114
 287 N   0.99999 0.00001 ( 1)  0.114
 288 C   0.99999 0.00001 ( 1)  0.114
 289 I   0.99999 0.00001 ( 1)  0.114
 290 K   0.99999 0.00001 ( 1)  0.114
 291 E   0.99999 0.00001 ( 1)  0.114
 292 M   0.99999 0.00001 ( 1)  0.114
 293 I   0.99999 0.00001 ( 1)  0.114
 294 A   0.99999 0.00001 ( 1)  0.114
 295 D   0.99999 0.00001 ( 1)  0.114
 296 G   0.99999 0.00001 ( 1)  0.114
 297 Y   0.99999 0.00001 ( 1)  0.114
 298 N   0.99999 0.00001 ( 1)  0.114
 299 P   0.99999 0.00001 ( 1)  0.114
 300 Q   0.99999 0.00001 ( 1)  0.114
 301 I   0.99999 0.00001 ( 1)  0.114
 302 V   0.99999 0.00001 ( 1)  0.114
 303 M   0.99999 0.00001 ( 1)  0.114
 304 A   0.99999 0.00001 ( 1)  0.114
 305 Q   0.99999 0.00001 ( 1)  0.114
 306 A   0.99999 0.00001 ( 1)  0.114
 307 Q   0.99999 0.00001 ( 1)  0.114
 308 D   0.99999 0.00001 ( 1)  0.114
 309 Y   0.99999 0.00001 ( 1)  0.114
 310 D   0.99999 0.00001 ( 1)  0.114
 311 A   0.99999 0.00001 ( 1)  0.114
 312 G   0.99999 0.00001 ( 1)  0.114
 313 Y   0.99999 0.00001 ( 1)  0.114
 314 E   0.99999 0.00001 ( 1)  0.114
 315 A   0.99999 0.00001 ( 1)  0.114
 316 E   0.99999 0.00001 ( 1)  0.114
 317 D   0.99999 0.00001 ( 1)  0.114
 318 P   0.99999 0.00001 ( 1)  0.114
 319 G   0.99999 0.00001 ( 1)  0.114
 320 A   0.99999 0.00001 ( 1)  0.114
 321 N   0.99999 0.00001 ( 1)  0.114
 322 A   0.99999 0.00001 ( 1)  0.114
 323 N   0.99999 0.00001 ( 1)  0.114
 324 N   0.99999 0.00001 ( 1)  0.114
 325 N   0.99999 0.00001 ( 1)  0.114
 326 A   0.99999 0.00001 ( 1)  0.114
 327 A   0.99999 0.00001 ( 1)  0.114
 328 A   0.99999 0.00001 ( 1)  0.114
 329 A   0.99999 0.00001 ( 1)  0.114
 330 K   0.99999 0.00001 ( 1)  0.114
 331 K   0.99999 0.00001 ( 1)  0.114
 332 G   0.99999 0.00001 ( 1)  0.114
 333 K   0.99999 0.00001 ( 1)  0.114
 334 N   0.99999 0.00001 ( 1)  0.114
 335 S   0.99999 0.00001 ( 1)  0.114
 336 A   0.99999 0.00001 ( 1)  0.114
 337 S   0.99999 0.00001 ( 1)  0.114
 338 D   0.99999 0.00001 ( 1)  0.114
 339 P   0.99999 0.00001 ( 1)  0.114
 340 G   0.99999 0.00001 ( 1)  0.114
 341 P   0.99999 0.00001 ( 1)  0.114
 342 Y   0.99999 0.00001 ( 1)  0.114
 343 A   0.99999 0.00001 ( 1)  0.114
 344 S   0.99999 0.00001 ( 1)  0.114
 345 E   0.99999 0.00001 ( 1)  0.114
 346 A   0.99999 0.00001 ( 1)  0.114
 347 T   0.99999 0.00001 ( 1)  0.114
 348 R   0.99999 0.00001 ( 1)  0.114
 349 V   0.99999 0.00001 ( 1)  0.114
 350 L   0.99999 0.00001 ( 1)  0.114
 351 L   0.99999 0.00001 ( 1)  0.114
 352 H   0.99999 0.00001 ( 1)  0.114
 353 A   0.99999 0.00001 ( 1)  0.114
 354 L   0.99999 0.00001 ( 1)  0.114
 355 K   0.99999 0.00001 ( 1)  0.114
 356 T   0.99999 0.00001 ( 1)  0.114
 357 G   0.99999 0.00001 ( 1)  0.114
 358 A   0.99999 0.00001 ( 1)  0.114
 359 K   0.99999 0.00001 ( 1)  0.114
 360 V   0.99999 0.00001 ( 1)  0.114
 361 A   0.99999 0.00001 ( 1)  0.114
 362 N   0.99999 0.00001 ( 1)  0.114
 363 K   0.99999 0.00001 ( 1)  0.114
 364 T   0.99999 0.00001 ( 1)  0.114
 365 P   0.99999 0.00001 ( 1)  0.114
 366 L   0.99999 0.00001 ( 1)  0.114
 367 Q   0.99999 0.00001 ( 1)  0.114
 368 P   0.99999 0.00001 ( 1)  0.114
 369 L   0.99999 0.00001 ( 1)  0.114
 370 L   0.99999 0.00001 ( 1)  0.114
 371 D   0.99999 0.00001 ( 1)  0.114
 372 T   0.99999 0.00001 ( 1)  0.114
 373 V   0.99999 0.00001 ( 1)  0.114
 374 D   0.99999 0.00001 ( 1)  0.114
 375 V   0.99999 0.00001 ( 1)  0.114
 376 Y   0.99999 0.00001 ( 1)  0.114
 377 I   0.99999 0.00001 ( 1)  0.114
 378 K   0.99999 0.00001 ( 1)  0.114
 379 R   0.99999 0.00001 ( 1)  0.114
 380 G   0.99999 0.00001 ( 1)  0.114
 381 L   0.99999 0.00001 ( 1)  0.114
 382 F   0.99999 0.00001 ( 1)  0.114
 383 V   0.99999 0.00001 ( 1)  0.114
 384 I   0.99999 0.00001 ( 1)  0.114
 385 E   0.99999 0.00001 ( 1)  0.114
 386 P   0.99999 0.00001 ( 1)  0.114
 387 P   0.99999 0.00001 ( 1)  0.114
 388 P   0.99999 0.00001 ( 1)  0.114
 389 K   0.99999 0.00001 ( 1)  0.114
 390 K   0.99999 0.00001 ( 1)  0.114
 391 K   0.99999 0.00001 ( 1)  0.114
 392 K   0.99999 0.00001 ( 1)  0.114
 393 G   0.99999 0.00001 ( 1)  0.114
 394 K   0.99999 0.00001 ( 1)  0.114
 395 G   0.99999 0.00001 ( 1)  0.114
 396 G   0.99999 0.00001 ( 1)  0.114
 397 N   0.99999 0.00001 ( 1)  0.114
 398 N   0.99999 0.00001 ( 1)  0.114
 399 L   0.99999 0.00001 ( 1)  0.114
 400 P   0.99999 0.00001 ( 1)  0.114
 401 P   0.99999 0.00001 ( 1)  0.114
 402 D   0.99999 0.00001 ( 1)  0.114
 403 A   0.99999 0.00001 ( 1)  0.114
 404 V   0.99999 0.00001 ( 1)  0.114
 405 K   0.99999 0.00001 ( 1)  0.114
 406 A   0.99999 0.00001 ( 1)  0.114
 407 K   0.99999 0.00001 ( 1)  0.114
 408 K   0.99999 0.00001 ( 1)  0.114
 409 K   0.99999 0.00001 ( 1)  0.114
 410 L   0.99999 0.00001 ( 1)  0.114
 411 V   0.99999 0.00001 ( 1)  0.114
 412 E   0.99999 0.00001 ( 1)  0.114
 413 M   0.99999 0.00001 ( 1)  0.114
 414 Q   0.99999 0.00001 ( 1)  0.114
 415 N   0.99999 0.00001 ( 1)  0.114
 416 R   0.99999 0.00001 ( 1)  0.114
 417 D   0.99999 0.00001 ( 1)  0.114
 418 A   0.99999 0.00001 ( 1)  0.114
 419 R   0.99999 0.00001 ( 1)  0.114
 420 N   0.99999 0.00001 ( 1)  0.114
 421 A   0.99999 0.00001 ( 1)  0.114
 422 A   0.99999 0.00001 ( 1)  0.114
 423 V   0.99999 0.00001 ( 1)  0.114
 424 L   0.99999 0.00001 ( 1)  0.114
 425 L   0.99999 0.00001 ( 1)  0.114
 426 L   0.99999 0.00001 ( 1)  0.114
 427 N   0.99999 0.00001 ( 1)  0.114
 428 L   0.99999 0.00001 ( 1)  0.114
 429 L   0.99999 0.00001 ( 1)  0.114
 430 Q   0.99999 0.00001 ( 1)  0.114
 431 Q   0.99999 0.00001 ( 1)  0.114
 432 Q   0.99999 0.00001 ( 1)  0.114
 433 F   0.99999 0.00001 ( 1)  0.114
 434 D   0.99999 0.00001 ( 1)  0.114
 435 N   0.99999 0.00001 ( 1)  0.114
 436 I   0.99999 0.00001 ( 1)  0.114
 437 D   0.99999 0.00001 ( 1)  0.114
 438 K   0.99999 0.00001 ( 1)  0.114
 439 L   0.99999 0.00001 ( 1)  0.114
 440 N   0.99999 0.00001 ( 1)  0.114
 441 K   0.99999 0.00001 ( 1)  0.114
 442 M   0.99999 0.00001 ( 1)  0.114
 443 Q   0.99999 0.00001 ( 1)  0.114
 444 K   0.99999 0.00001 ( 1)  0.114
 445 G   0.99999 0.00001 ( 1)  0.114
 446 D   0.99999 0.00001 ( 1)  0.114
 447 K   0.99992 0.00008 ( 1)  0.114
 448 K   0.99999 0.00001 ( 1)  0.114
 449 Q   0.99999 0.00001 ( 1)  0.114
 450 K   0.99999 0.00001 ( 1)  0.114
 451 H   0.99999 0.00001 ( 1)  0.114
 452 A   0.99999 0.00001 ( 1)  0.114
 453 H   0.99999 0.00001 ( 1)  0.114
 454 V   0.99999 0.00001 ( 1)  0.114
 455 D   0.99992 0.00008 ( 1)  0.114
 456 P   0.99999 0.00001 ( 1)  0.114
 457 T   0.99999 0.00001 ( 1)  0.114
 458 K   0.99999 0.00001 ( 1)  0.114
 459 K   0.99999 0.00001 ( 1)  0.114
 460 A   0.99999 0.00001 ( 1)  0.114
 461 N   0.99999 0.00001 ( 1)  0.114
 462 N   0.99999 0.00001 ( 1)  0.114
 463 K   0.99999 0.00001 ( 1)  0.114
 464 R   0.99999 0.00001 ( 1)  0.114
 465 L   0.99999 0.00001 ( 1)  0.114
 466 I   0.99999 0.00001 ( 1)  0.114
 467 L   0.99999 0.00001 ( 1)  0.114
 468 A   0.99999 0.00001 ( 1)  0.114
 469 R   0.99999 0.00001 ( 1)  0.114
 470 T   0.99999 0.00001 ( 1)  0.114
 471 I   0.99999 0.00001 ( 1)  0.114
 472 K   0.99999 0.00001 ( 1)  0.114
 473 R   0.99999 0.00001 ( 1)  0.114
 474 L   0.99999 0.00001 ( 1)  0.114
 475 I   0.99999 0.00001 ( 1)  0.114
 476 G   0.99999 0.00001 ( 1)  0.114
 477 I   0.99999 0.00001 ( 1)  0.114
 478 L   0.99999 0.00001 ( 1)  0.114
 479 Y   0.99999 0.00001 ( 1)  0.114
 480 H   0.99999 0.00001 ( 1)  0.114
 481 V   0.99999 0.00001 ( 1)  0.114
 482 L   0.99999 0.00001 ( 1)  0.114
 483 L   0.99999 0.00001 ( 1)  0.114
 484 H   0.99999 0.00001 ( 1)  0.114
 485 S   0.99999 0.00001 ( 1)  0.114
 486 R   0.99999 0.00001 ( 1)  0.114
 487 Q   0.99999 0.00001 ( 1)  0.114
 488 L   0.99999 0.00001 ( 1)  0.114
 489 I   0.99999 0.00001 ( 1)  0.114
 490 R   0.99999 0.00001 ( 1)  0.114
 491 F   0.99999 0.00001 ( 1)  0.114
 492 L   0.99999 0.00001 ( 1)  0.114
 493 E   0.99999 0.00001 ( 1)  0.114
 494 A   0.99999 0.00001 ( 1)  0.114
 495 E   0.99999 0.00001 ( 1)  0.114
 496 F   0.99999 0.00001 ( 1)  0.114
 497 P   0.99999 0.00001 ( 1)  0.114
 498 P   0.99999 0.00001 ( 1)  0.114
 499 Y   0.99999 0.00001 ( 1)  0.114
 500 S   0.99999 0.00001 ( 1)  0.114
 501 F   0.99999 0.00001 ( 1)  0.114
 502 D   0.99999 0.00001 ( 1)  0.114
 503 E   0.99999 0.00001 ( 1)  0.114
 504 I   0.99999 0.00001 ( 1)  0.114
 505 D   0.99999 0.00001 ( 1)  0.114
 506 F   0.99999 0.00001 ( 1)  0.114
 507 Q   0.99999 0.00001 ( 1)  0.114
 508 L   0.99999 0.00001 ( 1)  0.114
 509 N   0.99999 0.00001 ( 1)  0.114
 510 P   0.99999 0.00001 ( 1)  0.114
 511 N   0.99999 0.00001 ( 1)  0.114
 512 L   0.99999 0.00001 ( 1)  0.114
 513 Q   0.99999 0.00001 ( 1)  0.114
 514 N   0.99999 0.00001 ( 1)  0.114
 515 T   0.99999 0.00001 ( 1)  0.114
 516 F   0.99999 0.00001 ( 1)  0.114
 517 A   0.99999 0.00001 ( 1)  0.114
 518 D   0.99999 0.00001 ( 1)  0.114
 519 V   0.99999 0.00001 ( 1)  0.114
 520 R   0.99999 0.00001 ( 1)  0.114
 521 L   0.99999 0.00001 ( 1)  0.114
 522 G   0.99999 0.00001 ( 1)  0.114
 523 V   0.99999 0.00001 ( 1)  0.114
 524 I   0.99999 0.00001 ( 1)  0.114
 525 L   0.99999 0.00001 ( 1)  0.114
 526 D   0.99999 0.00001 ( 1)  0.114
 527 L   0.99999 0.00001 ( 1)  0.114
 528 N   0.99999 0.00001 ( 1)  0.114
 529 R   0.99999 0.00001 ( 1)  0.114
 530 S   0.99999 0.00001 ( 1)  0.114
 531 E   0.99999 0.00001 ( 1)  0.114
 532 K   0.99999 0.00001 ( 1)  0.114
 533 A   0.99999 0.00001 ( 1)  0.114
 534 S   0.99999 0.00001 ( 1)  0.114
 535 N   0.99999 0.00001 ( 1)  0.114
 536 Y   0.99999 0.00001 ( 1)  0.114
 537 M   0.99999 0.00001 ( 1)  0.114
 538 I   0.99999 0.00001 ( 1)  0.114
 539 R   0.99999 0.00001 ( 1)  0.114
 540 S   0.99999 0.00001 ( 1)  0.114
 541 E   0.99999 0.00001 ( 1)  0.114
 542 M   0.99999 0.00001 ( 1)  0.114
 543 E   0.99999 0.00001 ( 1)  0.114
 544 K   0.99999 0.00001 ( 1)  0.114
 545 L   0.99999 0.00001 ( 1)  0.114
 546 A   0.99999 0.00001 ( 1)  0.114
 547 D   0.99999 0.00001 ( 1)  0.114
 548 I   0.99999 0.00001 ( 1)  0.114
 549 K   0.99999 0.00001 ( 1)  0.114
 550 S   0.99999 0.00001 ( 1)  0.114
 551 V   0.99999 0.00001 ( 1)  0.114
 552 Y   0.99999 0.00001 ( 1)  0.114
 553 L   0.99999 0.00001 ( 1)  0.114
 554 N   0.99999 0.00001 ( 1)  0.114
 555 L   0.99999 0.00001 ( 1)  0.114
 556 R   0.99999 0.00001 ( 1)  0.114
 557 L   0.99999 0.00001 ( 1)  0.114
 558 G   0.99999 0.00001 ( 1)  0.114
 559 K   0.99999 0.00001 ( 1)  0.114
 560 P   0.99999 0.00001 ( 1)  0.114
 561 P   0.99999 0.00001 ( 1)  0.114
 562 T   0.99999 0.00001 ( 1)  0.114
 563 A   0.99999 0.00001 ( 1)  0.114
 564 D   0.99999 0.00001 ( 1)  0.114
 565 P   0.99999 0.00001 ( 1)  0.114
 566 Q   0.99999 0.00001 ( 1)  0.114
 567 A   0.99999 0.00001 ( 1)  0.114
 568 L   0.99999 0.00001 ( 1)  0.114
 569 L   0.99999 0.00001 ( 1)  0.114
 570 K   0.99999 0.00001 ( 1)  0.114
 571 H   0.99999 0.00001 ( 1)  0.114
 572 N   0.99999 0.00001 ( 1)  0.114
 573 K   0.99999 0.00001 ( 1)  0.114
 574 N   0.99999 0.00001 ( 1)  0.114
 575 R   0.99999 0.00001 ( 1)  0.114
 576 D   0.99999 0.00001 ( 1)  0.114
 577 A   0.99999 0.00001 ( 1)  0.114
 578 R   0.99999 0.00001 ( 1)  0.114
 579 R   0.99999 0.00001 ( 1)  0.114
 580 N   0.99999 0.00001 ( 1)  0.114
 581 A   0.99999 0.00001 ( 1)  0.114
 582 K   0.99999 0.00001 ( 1)  0.114
 583 N   0.99999 0.00001 ( 1)  0.114
 584 A   0.99999 0.00001 ( 1)  0.114
 585 S   0.99999 0.00001 ( 1)  0.114
 586 N   0.99999 0.00001 ( 1)  0.114
 587 I   0.99999 0.00001 ( 1)  0.114
 588 N   0.99999 0.00001 ( 1)  0.114
 589 I   0.99999 0.00001 ( 1)  0.114
 590 S   0.99999 0.00001 ( 1)  0.114
 591 S   0.99999 0.00001 ( 1)  0.114
 592 D   0.99999 0.00001 ( 1)  0.114
 593 A   0.99999 0.00001 ( 1)  0.114
 594 N   0.99999 0.00001 ( 1)  0.114
 595 Q   0.99999 0.00001 ( 1)  0.114
 596 Q   0.99999 0.00001 ( 1)  0.114
 597 Q   0.99999 0.00001 ( 1)  0.114
 598 Q   0.99999 0.00001 ( 1)  0.114
 599 Q   0.99999 0.00001 ( 1)  0.114
 600 Q   0.99999 0.00001 ( 1)  0.114
 601 V   0.99999 0.00001 ( 1)  0.114
 602 E   0.99999 0.00001 ( 1)  0.114
 603 Q   0.99999 0.00001 ( 1)  0.114
 604 L   0.99999 0.00001 ( 1)  0.114
 605 V   0.99999 0.00001 ( 1)  0.114
 606 S   0.99999 0.00001 ( 1)  0.114
 607 V   0.99999 0.00001 ( 1)  0.114
 608 S   0.99999 0.00001 ( 1)  0.114
 609 D   0.99999 0.00001 ( 1)  0.114
 610 S   0.99999 0.00001 ( 1)  0.114
 611 P   0.99999 0.00001 ( 1)  0.114
 612 Y   0.99999 0.00001 ( 1)  0.114
 613 L   0.99999 0.00001 ( 1)  0.114
 614 F   0.99999 0.00001 ( 1)  0.114
 615 V   0.99999 0.00001 ( 1)  0.114
 616 N   0.99999 0.00001 ( 1)  0.114
 617 E   0.99999 0.00001 ( 1)  0.114
 618 G   0.99999 0.00001 ( 1)  0.114
 619 D   0.99999 0.00001 ( 1)  0.114
 620 S   0.99999 0.00001 ( 1)  0.114
 621 P   0.99999 0.00001 ( 1)  0.114
 622 Q   0.99999 0.00001 ( 1)  0.114
 623 L   0.99999 0.00001 ( 1)  0.114
 624 C   0.99999 0.00001 ( 1)  0.114
 625 D   0.99999 0.00001 ( 1)  0.114
 626 S   0.99999 0.00001 ( 1)  0.114
 627 V   0.99999 0.00001 ( 1)  0.114
 628 K   0.99999 0.00001 ( 1)  0.114
 629 P   0.99999 0.00001 ( 1)  0.114
 630 G   0.99999 0.00001 ( 1)  0.114
 631 H   0.99999 0.00001 ( 1)  0.114
 632 V   0.99999 0.00001 ( 1)  0.114
 633 S   0.99999 0.00001 ( 1)  0.114
 634 F   0.99999 0.00001 ( 1)  0.114
 635 V   0.99999 0.00001 ( 1)  0.114
 636 K   0.99999 0.00001 ( 1)  0.114
 637 I   0.99999 0.00001 ( 1)  0.114
 638 K   0.99999 0.00001 ( 1)  0.114
 639 R   0.99999 0.00001 ( 1)  0.114
 640 R   0.99999 0.00001 ( 1)  0.114
 641 P   0.99999 0.00001 ( 1)  0.114
 642 R   0.99999 0.00001 ( 1)  0.114
 643 K   0.99999 0.00001 ( 1)  0.114
 644 N   0.99999 0.00001 ( 1)  0.114
 645 L   0.99999 0.00001 ( 1)  0.114
 646 T   0.99999 0.00001 ( 1)  0.114
 647 E   0.99999 0.00001 ( 1)  0.114
 648 D   0.99999 0.00001 ( 1)  0.114
 649 A   0.99992 0.00008 ( 1)  0.114
 650 N   0.99999 0.00001 ( 1)  0.114
 651 E   0.99999 0.00001 ( 1)  0.114
 652 E   0.99999 0.00001 ( 1)  0.114
 653 K   0.99999 0.00001 ( 1)  0.114
 654 F   0.99992 0.00008 ( 1)  0.114
 655 V   0.99999 0.00001 ( 1)  0.114
 656 A   0.99999 0.00001 ( 1)  0.114
 657 N   0.99999 0.00001 ( 1)  0.114
 658 E   0.99999 0.00001 ( 1)  0.114
 659 E   0.99999 0.00001 ( 1)  0.114
 660 T   0.99999 0.00001 ( 1)  0.114
 661 E   0.99999 0.00001 ( 1)  0.114
 662 Q   0.99999 0.00001 ( 1)  0.114
 663 E   0.99999 0.00001 ( 1)  0.114
 664 D   0.99999 0.00001 ( 1)  0.114
 665 E   0.99999 0.00001 ( 1)  0.114
 666 I   0.99999 0.00001 ( 1)  0.114
 667 A   0.99999 0.00001 ( 1)  0.114
 668 A   0.99999 0.00001 ( 1)  0.114
 669 E   0.99999 0.00001 ( 1)  0.114
 670 H   0.99999 0.00001 ( 1)  0.114
 671 D   0.99999 0.00001 ( 1)  0.114
 672 L   0.99999 0.00001 ( 1)  0.114
 673 I   0.99999 0.00001 ( 1)  0.114
 674 R   0.99999 0.00001 ( 1)  0.114
 675 C   0.99999 0.00001 ( 1)  0.114
 676 E   0.99999 0.00001 ( 1)  0.114
 677 S   0.99999 0.00001 ( 1)  0.114
 678 V   0.99999 0.00001 ( 1)  0.114
 679 S   0.99999 0.00001 ( 1)  0.114
 680 E   0.99999 0.00001 ( 1)  0.114
 681 A   0.99999 0.00001 ( 1)  0.114
 682 E   0.99999 0.00001 ( 1)  0.114
 683 D   0.99999 0.00001 ( 1)  0.114
 684 K   0.99999 0.00001 ( 1)  0.114
 685 V   0.99999 0.00001 ( 1)  0.114
 686 G   0.99999 0.00001 ( 1)  0.114
 687 L   0.99999 0.00001 ( 1)  0.114
 688 D   0.99999 0.00001 ( 1)  0.114
 689 E   0.99999 0.00001 ( 1)  0.114
 690 L   0.99999 0.00001 ( 1)  0.114
 691 E   0.99999 0.00001 ( 1)  0.114
 692 Q   0.99999 0.00001 ( 1)  0.114
 693 E   0.99999 0.00001 ( 1)  0.114
 694 A   0.99999 0.00001 ( 1)  0.114
 695 Q   0.99999 0.00001 ( 1)  0.114
 696 H   0.99999 0.00001 ( 1)  0.114
 697 W   0.99999 0.00001 ( 1)  0.114
 698 Q   0.99999 0.00001 ( 1)  0.114
 699 A   0.99999 0.00001 ( 1)  0.114
 700 A   0.99999 0.00001 ( 1)  0.114
 701 Q   0.99999 0.00001 ( 1)  0.114
 702 E   0.99999 0.00001 ( 1)  0.114
 703 V   0.99999 0.00001 ( 1)  0.114
 704 E   0.99999 0.00001 ( 1)  0.114
 705 Q   0.99999 0.00001 ( 1)  0.114
 706 D   0.99999 0.00001 ( 1)  0.114
 707 H   0.99999 0.00001 ( 1)  0.114
 708 Q   0.99999 0.00001 ( 1)  0.114
 709 N   0.99999 0.00001 ( 1)  0.114
 710 V   0.99999 0.00001 ( 1)  0.114
 711 N   0.99999 0.00001 ( 1)  0.114
 712 E   0.99999 0.00001 ( 1)  0.114
 713 D   0.99999 0.00001 ( 1)  0.114
 714 V   0.99999 0.00001 ( 1)  0.114
 715 A   0.99999 0.00001 ( 1)  0.114
 716 E   0.99999 0.00001 ( 1)  0.114
 717 T   0.99999 0.00001 ( 1)  0.114
 718 L   0.99999 0.00001 ( 1)  0.114
 719 A   0.99999 0.00001 ( 1)  0.114
 720 N   0.99999 0.00001 ( 1)  0.114
 721 Q   0.99999 0.00001 ( 1)  0.114
 722 I   0.99999 0.00001 ( 1)  0.114
 723 A   0.99999 0.00001 ( 1)  0.114
 724 Q   0.99999 0.00001 ( 1)  0.114
 725 L   0.99999 0.00001 ( 1)  0.114
 726 R   0.99999 0.00001 ( 1)  0.114
 727 E   0.99999 0.00001 ( 1)  0.114
 728 R   0.99999 0.00001 ( 1)  0.114
 729 S   0.99999 0.00001 ( 1)  0.114
 730 V   0.99999 0.00001 ( 1)  0.114
 731 L   0.99999 0.00001 ( 1)  0.114
 732 E   0.99999 0.00001 ( 1)  0.114
 733 G   0.99999 0.00001 ( 1)  0.114
 734 N   0.99999 0.00001 ( 1)  0.114
 735 A   0.99999 0.00001 ( 1)  0.114
 736 A   0.99999 0.00001 ( 1)  0.114
 737 D   0.99999 0.00001 ( 1)  0.114
 738 A   0.99999 0.00001 ( 1)  0.114
 739 A   0.99999 0.00001 ( 1)  0.114
 740 L   0.99999 0.00001 ( 1)  0.114
 741 A   0.99999 0.00001 ( 1)  0.114
 742 D   0.99999 0.00001 ( 1)  0.114
 743 I   0.99999 0.00001 ( 1)  0.114
 744 Y   0.99999 0.00001 ( 1)  0.114
 745 S   0.99999 0.00001 ( 1)  0.114
 746 R   0.99999 0.00001 ( 1)  0.114
 747 I   0.99999 0.00001 ( 1)  0.114
 748 L   0.99999 0.00001 ( 1)  0.114
 749 E   0.99999 0.00001 ( 1)  0.114
 750 D   0.99999 0.00001 ( 1)  0.114
 751 L   0.99999 0.00001 ( 1)  0.114
 752 K   0.99999 0.00001 ( 1)  0.114
 753 R   0.99999 0.00001 ( 1)  0.114
 754 Q   0.99999 0.00001 ( 1)  0.114
 755 A   0.99999 0.00001 ( 1)  0.114
 756 A   0.99999 0.00001 ( 1)  0.114
 757 E   0.99999 0.00001 ( 1)  0.114
 758 A   0.99999 0.00001 ( 1)  0.114
 759 E   0.99999 0.00001 ( 1)  0.114
 760 V   0.99999 0.00001 ( 1)  0.114
 761 K   0.99999 0.00001 ( 1)  0.114
 762 A   0.99999 0.00001 ( 1)  0.114
 763 A   0.99999 0.00001 ( 1)  0.114
 764 R   0.99999 0.00001 ( 1)  0.114
 765 T   0.99999 0.00001 ( 1)  0.114
 766 R   0.99999 0.00001 ( 1)  0.114
 767 T   0.99999 0.00001 ( 1)  0.114
 768 A   0.99999 0.00001 ( 1)  0.114
 769 T   0.99999 0.00001 ( 1)  0.114
 770 N   0.99999 0.00001 ( 1)  0.114
 771 K   0.99999 0.00001 ( 1)  0.114
 772 P   0.99999 0.00001 ( 1)  0.114
 773 I   0.99999 0.00001 ( 1)  0.114
 774 A   0.99999 0.00001 ( 1)  0.114
 775 P   0.99999 0.00001 ( 1)  0.114
 776 I   0.99999 0.00001 ( 1)  0.114
 777 T   0.99999 0.00001 ( 1)  0.114
 778 T   0.99999 0.00001 ( 1)  0.114
 779 T   0.99999 0.00001 ( 1)  0.114
 780 D   0.99999 0.00001 ( 1)  0.114
 781 T   0.99999 0.00001 ( 1)  0.114
 782 A   0.99999 0.00001 ( 1)  0.114
 783 F   0.99999 0.00001 ( 1)  0.114
 784 E   0.99999 0.00001 ( 1)  0.114
 785 T   0.99999 0.00001 ( 1)  0.114
 786 I   0.99999 0.00001 ( 1)  0.114
 787 E   0.99999 0.00001 ( 1)  0.114
 788 D   0.99999 0.00001 ( 1)  0.114
 789 A   0.99999 0.00001 ( 1)  0.114
 790 D   0.99999 0.00001 ( 1)  0.114
 791 E   0.99992 0.00008 ( 1)  0.114
 792 D   0.99999 0.00001 ( 1)  0.114
 793 E   0.99999 0.00001 ( 1)  0.114
 794 Q   0.99999 0.00001 ( 1)  0.114
 795 L   0.99999 0.00001 ( 1)  0.114
 796 P   0.99999 0.00001 ( 1)  0.114
 797 I   0.99999 0.00001 ( 1)  0.114
 798 V   0.99999 0.00001 ( 1)  0.114
 799 P   0.99999 0.00001 ( 1)  0.114
 800 T   0.99999 0.00001 ( 1)  0.114
 801 Q   0.99999 0.00001 ( 1)  0.114
 802 E   0.99999 0.00001 ( 1)  0.114
 803 A   0.99999 0.00001 ( 1)  0.114
 804 A   0.99999 0.00001 ( 1)  0.114
 805 V   0.99999 0.00001 ( 1)  0.114
 806 A   0.99999 0.00001 ( 1)  0.114
 807 T   0.99999 0.00001 ( 1)  0.114
 808 G   0.99999 0.00001 ( 1)  0.114
 809 S   0.99999 0.00001 ( 1)  0.114
 810 Q   0.99999 0.00001 ( 1)  0.114
 811 T   0.99999 0.00001 ( 1)  0.114
 812 N   0.99999 0.00001 ( 1)  0.114
 813 A   0.99999 0.00001 ( 1)  0.114
 814 S   0.99999 0.00001 ( 1)  0.114
 815 S   0.99999 0.00001 ( 1)  0.114
 816 A   0.99999 0.00001 ( 1)  0.114
 817 R   0.99999 0.00001 ( 1)  0.114
 818 S   0.99999 0.00001 ( 1)  0.114
 819 A   0.99999 0.00001 ( 1)  0.114
 820 T   0.99999 0.00001 ( 1)  0.114
 821 R   0.99999 0.00001 ( 1)  0.114
 822 Q   0.99999 0.00001 ( 1)  0.114
 823 R   0.99999 0.00001 ( 1)  0.114
 824 R   0.99999 0.00001 ( 1)  0.114
 825 P   0.99999 0.00001 ( 1)  0.114
 826 G   0.99999 0.00001 ( 1)  0.114
 827 N   0.99999 0.00001 ( 1)  0.114
 828 K   0.99999 0.00001 ( 1)  0.114
 829 T   0.99999 0.00001 ( 1)  0.114
 830 G   0.99999 0.00001 ( 1)  0.114
 831 R   0.99999 0.00001 ( 1)  0.114
 832 R   0.99999 0.00001 ( 1)  0.114
 833 I   0.99999 0.00001 ( 1)  0.114
 834 G   0.99999 0.00001 ( 1)  0.114
 835 K   0.99999 0.00001 ( 1)  0.114
 836 R   0.99999 0.00001 ( 1)  0.114
 837 R   0.99999 0.00001 ( 1)  0.114
 838 L   0.99999 0.00001 ( 1)  0.114
 839 S   0.99999 0.00001 ( 1)  0.114
 840 K   0.99999 0.00001 ( 1)  0.114
 841 G   0.99999 0.00001 ( 1)  0.114
 842 K   0.99999 0.00001 ( 1)  0.114
 843 A   0.99999 0.00001 ( 1)  0.114
 844 Q   0.99999 0.00001 ( 1)  0.114
 845 I   0.99999 0.00001 ( 1)  0.114
 846 L   0.99999 0.00001 ( 1)  0.114
 847 H   0.99999 0.00001 ( 1)  0.114
 848 V   0.99999 0.00001 ( 1)  0.114
 849 G   0.99999 0.00001 ( 1)  0.114
 850 G   0.99999 0.00001 ( 1)  0.114
 851 G   0.99999 0.00001 ( 1)  0.114
 852 N   0.99999 0.00001 ( 1)  0.114
 853 V   0.99999 0.00001 ( 1)  0.114
 854 R   0.99999 0.00001 ( 1)  0.114
 855 R   0.99999 0.00001 ( 1)  0.114
 856 P   0.99999 0.00001 ( 1)  0.114
 857 K   0.99999 0.00001 ( 1)  0.114
 858 C   0.99999 0.00001 ( 1)  0.114
 859 Y   0.99999 0.00001 ( 1)  0.114
 860 Q   0.99999 0.00001 ( 1)  0.114
 861 M   0.99999 0.00001 ( 1)  0.114
 862 V   0.99999 0.00001 ( 1)  0.114
 863 R   0.99999 0.00001 ( 1)  0.114
 864 V   0.99999 0.00001 ( 1)  0.114
 865 F   0.99999 0.00001 ( 1)  0.114
 866 D   0.99999 0.00001 ( 1)  0.114
 867 T   0.99999 0.00001 ( 1)  0.114
 868 P   0.99999 0.00001 ( 1)  0.114
 869 L   0.99999 0.00001 ( 1)  0.114
 870 E   0.99999 0.00001 ( 1)  0.114
 871 G   0.99999 0.00001 ( 1)  0.114
 872 T   0.99999 0.00001 ( 1)  0.114
 873 E   0.99999 0.00001 ( 1)  0.114
 874 F   0.99999 0.00001 ( 1)  0.114
 875 I   0.99999 0.00001 ( 1)  0.114


lnL = -3645.457891

