Supplemental results for CODEML (seqf: algn  treef: tree)


dN/dS (w) for site classes (K=8)

p:   0.12500  0.12500  0.12500  0.12500  0.12500  0.12500  0.12500  0.12500
w:   0.00000  0.00000  0.00000  0.00000  0.00000  0.00000  0.04444  1.00000

Naive Empirical Bayes (NEB) probabilities for 8 classes & postmean_w
(amino acids refer to 1st sequence: spe.28107)

   1 S   0.12542 0.12542 0.12542 0.12542 0.12542 0.12542 0.12527 0.12222 ( 5)  0.128
   2 A   0.12563 0.12563 0.12563 0.12563 0.12563 0.12563 0.12541 0.12081 ( 2)  0.126
   3 Q   0.12551 0.12551 0.12551 0.12551 0.12551 0.12551 0.12533 0.12163 ( 2)  0.127
   4 L   0.12557 0.12557 0.12557 0.12557 0.12557 0.12557 0.12537 0.12123 ( 5)  0.127
   5 A   0.12553 0.12553 0.12553 0.12553 0.12553 0.12553 0.12535 0.12145 ( 2)  0.127
   6 G   0.12606 0.12606 0.12606 0.12606 0.12606 0.12606 0.12568 0.11799 ( 1)  0.124
   7 S   0.12558 0.12558 0.12558 0.12558 0.12558 0.12558 0.12538 0.12117 ( 2)  0.127
   8 P   0.12558 0.12558 0.12558 0.12558 0.12558 0.12558 0.12538 0.12111 ( 1)  0.127
   9 A   0.12609 0.12609 0.12609 0.12609 0.12609 0.12609 0.12570 0.11774 ( 1)  0.123
  10 N   0.12574 0.12574 0.12574 0.12574 0.12574 0.12574 0.12548 0.12007 ( 2)  0.126
  11 G   0.12558 0.12558 0.12558 0.12558 0.12558 0.12558 0.12538 0.12113 ( 1)  0.127
  12 K   0.12565 0.12565 0.12565 0.12565 0.12565 0.12565 0.12542 0.12068 ( 1)  0.126
  13 S   0.12542 0.12542 0.12542 0.12542 0.12542 0.12542 0.12527 0.12222 ( 5)  0.128
  14 R   0.12592 0.12592 0.12592 0.12592 0.12592 0.12592 0.12560 0.11886 ( 5)  0.124
  15 S   0.12554 0.12554 0.12554 0.12554 0.12554 0.12554 0.12535 0.12141 ( 2)  0.127
  16 P   0.12550 0.12550 0.12550 0.12550 0.12550 0.12550 0.12532 0.12171 ( 5)  0.127
  17 N   0.12621 0.12621 0.12621 0.12621 0.12621 0.12621 0.12578 0.11698 ( 2)  0.123
  18 A   0.12560 0.12560 0.12560 0.12560 0.12560 0.12560 0.12539 0.12099 ( 5)  0.127
  19 Q   0.12551 0.12551 0.12551 0.12551 0.12551 0.12551 0.12533 0.12163 ( 2)  0.127
  20 D   0.12622 0.12622 0.12622 0.12622 0.12622 0.12622 0.12578 0.11691 ( 5)  0.122
  21 A   0.12609 0.12609 0.12609 0.12609 0.12609 0.12609 0.12570 0.11774 ( 1)  0.123
  22 Y   0.12603 0.12603 0.12603 0.12603 0.12603 0.12603 0.12567 0.11813 ( 1)  0.124
  23 D   0.12577 0.12577 0.12577 0.12577 0.12577 0.12577 0.12550 0.11988 ( 2)  0.125
  24 G   0.12583 0.12583 0.12583 0.12583 0.12583 0.12583 0.12554 0.11947 ( 5)  0.125
  25 Q   0.12555 0.12555 0.12555 0.12555 0.12555 0.12555 0.12536 0.12137 ( 2)  0.127
  26 V   0.12609 0.12609 0.12609 0.12609 0.12609 0.12609 0.12570 0.11777 ( 2)  0.123
  27 N   0.12621 0.12621 0.12621 0.12621 0.12621 0.12621 0.12578 0.11698 ( 2)  0.123
  28 F   0.12600 0.12600 0.12600 0.12600 0.12600 0.12600 0.12565 0.11832 ( 2)  0.124
  29 L   0.12598 0.12598 0.12598 0.12598 0.12598 0.12598 0.12564 0.11846 ( 2)  0.124
  30 N   0.12621 0.12621 0.12621 0.12621 0.12621 0.12621 0.12578 0.11698 ( 2)  0.123
  31 S   0.12600 0.12600 0.12600 0.12600 0.12600 0.12600 0.12565 0.11834 ( 5)  0.124
  32 I   0.12602 0.12602 0.12602 0.12602 0.12602 0.12602 0.12566 0.11824 ( 1)  0.124
  33 I   0.12560 0.12560 0.12560 0.12560 0.12560 0.12560 0.12539 0.12101 ( 1)  0.127
  34 V   0.12609 0.12609 0.12609 0.12609 0.12609 0.12609 0.12570 0.11777 ( 2)  0.123
  35 D   0.12598 0.12598 0.12598 0.12598 0.12598 0.12598 0.12563 0.11851 ( 1)  0.124
  36 L   0.12557 0.12557 0.12557 0.12557 0.12557 0.12557 0.12537 0.12123 ( 5)  0.127
  37 H   0.12614 0.12614 0.12614 0.12614 0.12614 0.12614 0.12574 0.11742 ( 2)  0.123
  38 A   0.12560 0.12560 0.12560 0.12560 0.12560 0.12560 0.12539 0.12099 ( 5)  0.127
  39 K   0.12565 0.12565 0.12565 0.12565 0.12565 0.12565 0.12542 0.12068 ( 1)  0.126
  40 N   0.12621 0.12621 0.12621 0.12621 0.12621 0.12621 0.12578 0.11698 ( 2)  0.123
  41 A   0.12609 0.12609 0.12609 0.12609 0.12609 0.12609 0.12570 0.11774 ( 1)  0.123
  42 K   0.12565 0.12565 0.12565 0.12565 0.12565 0.12565 0.12542 0.12068 ( 1)  0.126
  43 L   0.12541 0.12541 0.12541 0.12541 0.12541 0.12541 0.12527 0.12230 ( 2)  0.128
  44 E   0.12577 0.12577 0.12577 0.12577 0.12577 0.12577 0.12550 0.11987 ( 2)  0.125
  45 E   0.12577 0.12577 0.12577 0.12577 0.12577 0.12577 0.12550 0.11987 ( 2)  0.125
  46 Q   0.12555 0.12555 0.12555 0.12555 0.12555 0.12555 0.12536 0.12137 ( 2)  0.127
  47 L   0.12541 0.12541 0.12541 0.12541 0.12541 0.12541 0.12527 0.12230 ( 2)  0.128
  48 R   0.12592 0.12592 0.12592 0.12592 0.12592 0.12592 0.12560 0.11886 ( 5)  0.124
  49 E   0.12577 0.12577 0.12577 0.12577 0.12577 0.12577 0.12550 0.11987 ( 2)  0.125
  50 A   0.12553 0.12553 0.12553 0.12553 0.12553 0.12553 0.12535 0.12145 ( 2)  0.127
  51 L   0.12541 0.12541 0.12541 0.12541 0.12541 0.12541 0.12527 0.12230 ( 2)  0.128
  52 D   0.12577 0.12577 0.12577 0.12577 0.12577 0.12577 0.12550 0.11988 ( 2)  0.125
  53 P   0.12558 0.12558 0.12558 0.12558 0.12558 0.12558 0.12538 0.12111 ( 1)  0.127
  54 H   0.12614 0.12614 0.12614 0.12614 0.12614 0.12614 0.12574 0.11742 ( 2)  0.123
  55 K   0.12565 0.12565 0.12565 0.12565 0.12565 0.12565 0.12542 0.12068 ( 1)  0.126
  56 N   0.12574 0.12574 0.12574 0.12574 0.12574 0.12574 0.12548 0.12007 ( 2)  0.126
  57 S   0.12600 0.12600 0.12600 0.12600 0.12600 0.12600 0.12565 0.11834 ( 5)  0.124
  58 R   0.12592 0.12592 0.12592 0.12592 0.12592 0.12592 0.12560 0.11886 ( 5)  0.124
  59 L   0.12598 0.12598 0.12598 0.12598 0.12598 0.12598 0.12564 0.11846 ( 2)  0.124
  60 N   0.12574 0.12574 0.12574 0.12574 0.12574 0.12574 0.12548 0.12007 ( 2)  0.126
  61 T   0.12561 0.12561 0.12561 0.12561 0.12561 0.12561 0.12540 0.12093 ( 5)  0.127
  62 S   0.12550 0.12550 0.12550 0.12550 0.12550 0.12550 0.12532 0.12170 ( 5)  0.127
  63 K   0.12565 0.12565 0.12565 0.12565 0.12565 0.12565 0.12542 0.12068 ( 1)  0.126
  64 K   0.12571 0.12571 0.12571 0.12571 0.12571 0.12571 0.12546 0.12025 ( 1)  0.126
  65 Q   0.12551 0.12551 0.12551 0.12551 0.12551 0.12551 0.12533 0.12163 ( 2)  0.127
  66 V   0.12563 0.12563 0.12563 0.12563 0.12563 0.12563 0.12541 0.12083 ( 5)  0.126
  67 C   0.12587 0.12587 0.12587 0.12587 0.12587 0.12587 0.12556 0.11924 ( 2)  0.125
  68 L   0.12534 0.12534 0.12534 0.12534 0.12534 0.12534 0.12523 0.12271 ( 2)  0.128
  69 A   0.12563 0.12563 0.12563 0.12563 0.12563 0.12563 0.12541 0.12081 ( 2)  0.126
  70 I   0.12560 0.12560 0.12560 0.12560 0.12560 0.12560 0.12539 0.12101 ( 1)  0.127
  71 L   0.12541 0.12541 0.12541 0.12541 0.12541 0.12541 0.12527 0.12230 ( 2)  0.128
  72 V   0.12553 0.12553 0.12553 0.12553 0.12553 0.12553 0.12535 0.12146 ( 5)  0.127
  73 A   0.12560 0.12560 0.12560 0.12560 0.12560 0.12560 0.12539 0.12099 ( 5)  0.127
  74 P   0.12558 0.12558 0.12558 0.12558 0.12558 0.12558 0.12538 0.12111 ( 1)  0.127
  75 F   0.00000 0.00000 0.00000 0.00000 0.00000 0.00000 0.04367 0.95633 ( 8)  0.958
  76 D   0.12622 0.12622 0.12622 0.12622 0.12622 0.12622 0.12578 0.11691 ( 5)  0.122
  77 V   0.12553 0.12553 0.12553 0.12553 0.12553 0.12553 0.12535 0.12146 ( 5)  0.127
  78 P   0.12550 0.12550 0.12550 0.12550 0.12550 0.12550 0.12532 0.12171 ( 5)  0.127
  79 F   0.12561 0.12561 0.12561 0.12561 0.12561 0.12561 0.12540 0.12096 ( 2)  0.127
  80 F   0.12561 0.12561 0.12561 0.12561 0.12561 0.12561 0.12540 0.12096 ( 2)  0.127
  81 F   0.12600 0.12600 0.12600 0.12600 0.12600 0.12600 0.12565 0.11832 ( 2)  0.124
  82 Q   0.12555 0.12555 0.12555 0.12555 0.12555 0.12555 0.12536 0.12137 ( 2)  0.127
  83 A   0.12560 0.12560 0.12560 0.12560 0.12560 0.12560 0.12539 0.12099 ( 5)  0.127
  84 S   0.12591 0.12591 0.12591 0.12591 0.12591 0.12591 0.12559 0.11895 ( 2)  0.125
  85 S   0.12542 0.12542 0.12542 0.12542 0.12542 0.12542 0.12527 0.12222 ( 5)  0.128
  86 M   0.12576 0.12576 0.12576 0.12576 0.12576 0.12576 0.12549 0.11995 ( 1)  0.126
  87 E   0.12577 0.12577 0.12577 0.12577 0.12577 0.12577 0.12550 0.11987 ( 2)  0.125
  88 A   0.12560 0.12560 0.12560 0.12560 0.12560 0.12560 0.12539 0.12099 ( 5)  0.127
  89 S   0.12542 0.12542 0.12542 0.12542 0.12542 0.12542 0.12527 0.12222 ( 5)  0.128
  90 K   0.12571 0.12571 0.12571 0.12571 0.12571 0.12571 0.12546 0.12025 ( 1)  0.126
  91 P   0.12556 0.12556 0.12556 0.12556 0.12556 0.12556 0.12537 0.12127 ( 1)  0.127
  92 T   0.12559 0.12559 0.12559 0.12559 0.12559 0.12559 0.12538 0.12110 ( 5)  0.127
  93 A   0.12609 0.12609 0.12609 0.12609 0.12609 0.12609 0.12570 0.11774 ( 1)  0.123
  94 K   0.12571 0.12571 0.12571 0.12571 0.12571 0.12571 0.12546 0.12025 ( 1)  0.126
  95 L   0.12598 0.12598 0.12598 0.12598 0.12598 0.12598 0.12564 0.11846 ( 2)  0.124
  96 R   0.12553 0.12553 0.12553 0.12553 0.12553 0.12553 0.12535 0.12147 ( 5)  0.127
  97 F   0.12600 0.12600 0.12600 0.12600 0.12600 0.12600 0.12565 0.11832 ( 2)  0.124
  98 W   0.12532 0.12532 0.12532 0.12532 0.12532 0.12532 0.12521 0.12289 ( 1)  0.128
  99 C   0.12587 0.12587 0.12587 0.12587 0.12587 0.12587 0.12556 0.11924 ( 2)  0.125
 100 D   0.12577 0.12577 0.12577 0.12577 0.12577 0.12577 0.12550 0.11988 ( 2)  0.125
 101 Y   0.12603 0.12603 0.12603 0.12603 0.12603 0.12603 0.12567 0.11813 ( 1)  0.124
 102 C   0.12551 0.12551 0.12551 0.12551 0.12551 0.12551 0.12533 0.12163 ( 1)  0.127
 103 E   0.12577 0.12577 0.12577 0.12577 0.12577 0.12577 0.12550 0.11987 ( 2)  0.125
 104 V   0.12609 0.12609 0.12609 0.12609 0.12609 0.12609 0.12570 0.11777 ( 2)  0.123
 105 F   0.12600 0.12600 0.12600 0.12600 0.12600 0.12600 0.12565 0.11832 ( 2)  0.124
 106 D   0.12622 0.12622 0.12622 0.12622 0.12622 0.12622 0.12578 0.11691 ( 5)  0.122
 107 L   0.12598 0.12598 0.12598 0.12598 0.12598 0.12598 0.12564 0.11846 ( 2)  0.124
 108 H   0.12571 0.12571 0.12571 0.12571 0.12571 0.12571 0.12546 0.12026 ( 2)  0.126
 109 D   0.12622 0.12622 0.12622 0.12622 0.12622 0.12622 0.12578 0.11691 ( 5)  0.122
 110 T   0.12606 0.12606 0.12606 0.12606 0.12606 0.12606 0.12569 0.11794 ( 5)  0.124
 111 D   0.12577 0.12577 0.12577 0.12577 0.12577 0.12577 0.12550 0.11988 ( 2)  0.125
 112 S   0.12558 0.12558 0.12558 0.12558 0.12558 0.12558 0.12538 0.12117 ( 2)  0.127
 113 C   0.12587 0.12587 0.12587 0.12587 0.12587 0.12587 0.12556 0.11924 ( 2)  0.125
 114 P   0.12601 0.12601 0.12601 0.12601 0.12601 0.12601 0.12566 0.11825 ( 5)  0.124
 115 S   0.12600 0.12600 0.12600 0.12600 0.12600 0.12600 0.12565 0.11834 ( 5)  0.124
 116 V   0.12609 0.12609 0.12609 0.12609 0.12609 0.12609 0.12570 0.11777 ( 2)  0.123
 117 S   0.12600 0.12600 0.12600 0.12600 0.12600 0.12600 0.12565 0.11834 ( 5)  0.124
 118 T   0.12559 0.12559 0.12559 0.12559 0.12559 0.12559 0.12538 0.12110 ( 5)  0.127
 119 G   0.12606 0.12606 0.12606 0.12606 0.12606 0.12606 0.12568 0.11799 ( 1)  0.124
 120 P   0.12550 0.12550 0.12550 0.12550 0.12550 0.12550 0.12532 0.12171 ( 5)  0.127
 121 R   0.12549 0.12549 0.12549 0.12549 0.12549 0.12549 0.12532 0.12177 ( 5)  0.127
 122 H   0.12614 0.12614 0.12614 0.12614 0.12614 0.12614 0.12574 0.11742 ( 2)  0.123
 123 S   0.12558 0.12558 0.12558 0.12558 0.12558 0.12558 0.12538 0.12117 ( 2)  0.127
 124 N   0.12621 0.12621 0.12621 0.12621 0.12621 0.12621 0.12578 0.11698 ( 2)  0.123
 125 Q   0.12551 0.12551 0.12551 0.12551 0.12551 0.12551 0.12533 0.12163 ( 2)  0.127
 126 P   0.12550 0.12550 0.12550 0.12550 0.12550 0.12550 0.12532 0.12171 ( 5)  0.127
 127 P   0.12601 0.12601 0.12601 0.12601 0.12601 0.12601 0.12566 0.11825 ( 5)  0.124
 128 R   0.12549 0.12549 0.12549 0.12549 0.12549 0.12549 0.12532 0.12177 ( 5)  0.127
 129 L   0.12557 0.12557 0.12557 0.12557 0.12557 0.12557 0.12537 0.12123 ( 5)  0.127
 130 A   0.12609 0.12609 0.12609 0.12609 0.12609 0.12609 0.12570 0.11774 ( 1)  0.123
 131 R   0.12551 0.12551 0.12551 0.12551 0.12551 0.12551 0.12534 0.12158 ( 1)  0.127
 132 T   0.12606 0.12606 0.12606 0.12606 0.12606 0.12606 0.12569 0.11794 ( 5)  0.124
 133 L   0.12534 0.12534 0.12534 0.12534 0.12534 0.12534 0.12523 0.12271 ( 2)  0.128
 134 G   0.12549 0.12549 0.12549 0.12549 0.12549 0.12549 0.12532 0.12171 ( 2)  0.127
 135 P   0.12556 0.12556 0.12556 0.12556 0.12556 0.12556 0.12537 0.12127 ( 1)  0.127
 136 S   0.12542 0.12542 0.12542 0.12542 0.12542 0.12542 0.12527 0.12222 ( 5)  0.128
 137 V   0.12553 0.12553 0.12553 0.12553 0.12553 0.12553 0.12535 0.12146 ( 5)  0.127
 138 N   0.12621 0.12621 0.12621 0.12621 0.12621 0.12621 0.12578 0.11698 ( 2)  0.123
 139 R   0.12551 0.12551 0.12551 0.12551 0.12551 0.12551 0.12534 0.12158 ( 1)  0.127
 140 A   0.12609 0.12609 0.12609 0.12609 0.12609 0.12609 0.12570 0.11774 ( 1)  0.123
 141 Y   0.12603 0.12603 0.12603 0.12603 0.12603 0.12603 0.12567 0.11813 ( 1)  0.124
 142 C   0.12551 0.12551 0.12551 0.12551 0.12551 0.12551 0.12533 0.12163 ( 1)  0.127
 143 D   0.12622 0.12622 0.12622 0.12622 0.12622 0.12622 0.12578 0.11691 ( 5)  0.122
 144 H   0.12571 0.12571 0.12571 0.12571 0.12571 0.12571 0.12546 0.12026 ( 2)  0.126
 145 C   0.12587 0.12587 0.12587 0.12587 0.12587 0.12587 0.12556 0.11924 ( 2)  0.125
 146 E   0.12571 0.12571 0.12571 0.12571 0.12571 0.12571 0.12546 0.12027 ( 2)  0.126
 147 V   0.12609 0.12609 0.12609 0.12609 0.12609 0.12609 0.12570 0.11777 ( 2)  0.123
 148 F   0.12561 0.12561 0.12561 0.12561 0.12561 0.12561 0.12540 0.12096 ( 2)  0.127
 149 D   0.12577 0.12577 0.12577 0.12577 0.12577 0.12577 0.12550 0.11988 ( 2)  0.125
 150 M   0.12576 0.12576 0.12576 0.12576 0.12576 0.12576 0.12549 0.11995 ( 1)  0.126
 151 H   0.12614 0.12614 0.12614 0.12614 0.12614 0.12614 0.12574 0.11742 ( 2)  0.123
 152 N   0.12621 0.12621 0.12621 0.12621 0.12621 0.12621 0.12578 0.11698 ( 2)  0.123
 153 T   0.12606 0.12606 0.12606 0.12606 0.12606 0.12606 0.12569 0.11794 ( 5)  0.124
 154 E   0.12577 0.12577 0.12577 0.12577 0.12577 0.12577 0.12550 0.11987 ( 2)  0.125
 155 D   0.12622 0.12622 0.12622 0.12622 0.12622 0.12622 0.12578 0.11691 ( 5)  0.122
 156 C   0.12568 0.12568 0.12568 0.12568 0.12568 0.12568 0.12544 0.12046 ( 1)  0.126
 157 P   0.12558 0.12558 0.12558 0.12558 0.12558 0.12558 0.12538 0.12111 ( 1)  0.127
 158 E   0.12571 0.12571 0.12571 0.12571 0.12571 0.12571 0.12546 0.12027 ( 2)  0.126
 159 V   0.12553 0.12553 0.12553 0.12553 0.12553 0.12553 0.12535 0.12146 ( 5)  0.127
 160 K   0.12565 0.12565 0.12565 0.12565 0.12565 0.12565 0.12542 0.12068 ( 1)  0.126
 161 A   0.12609 0.12609 0.12609 0.12609 0.12609 0.12609 0.12570 0.11774 ( 1)  0.123
 162 Y   0.12603 0.12603 0.12603 0.12603 0.12603 0.12603 0.12567 0.11813 ( 1)  0.124


lnL =  -675.119196

