Supplemental results for CODEML (seqf: algn  treef: tree)


dN/dS (w) for site classes (K=9)

p:   0.12089  0.12089  0.12089  0.12089  0.12089  0.12089  0.12089  0.12089  0.03291
w:   0.29630  0.32015  0.33517  0.34785  0.36001  0.37296  0.38868  0.41452  3.38026

Naive Empirical Bayes (NEB) probabilities for 9 classes & postmean_w & P(w>1)
(amino acids refer to 1st sequence: ecp.4486)

   1 T   0.12867 0.12671 0.12549 0.12447 0.12350 0.12249 0.12126 0.11929 0.00812 ( 1)  0.378  0.008
   2 Q   0.12641 0.12521 0.12447 0.12385 0.12325 0.12262 0.12186 0.12062 0.01171 ( 1)  0.389  0.012
   3 S   0.12666 0.12535 0.12453 0.12385 0.12320 0.12251 0.12168 0.12034 0.01188 ( 1)  0.390  0.012
   4 E   0.12938 0.12714 0.12575 0.12460 0.12351 0.12235 0.12098 0.11875 0.00754 ( 1)  0.376  0.008
   5 D   0.12854 0.12666 0.12550 0.12453 0.12360 0.12263 0.12145 0.11956 0.00754 ( 1)  0.377  0.008
   6 F   0.12716 0.12575 0.12487 0.12414 0.12344 0.12270 0.12181 0.12036 0.00976 ( 1)  0.383  0.010
   7 V   0.12700 0.12563 0.12477 0.12406 0.12337 0.12265 0.12178 0.12037 0.01035 ( 1)  0.385  0.010
   8 T   0.10272 0.10917 0.11311 0.11636 0.11943 0.12262 0.12642 0.13246 0.05771 ( 8)  0.532  0.058
   9 Y   0.12637 0.12516 0.12441 0.12378 0.12318 0.12255 0.12178 0.12054 0.01223 ( 1)  0.391  0.012
  10 A   0.12853 0.12664 0.12546 0.12448 0.12355 0.12256 0.12138 0.11947 0.00792 ( 1)  0.378  0.008
  11 G   0.12689 0.12557 0.12475 0.12406 0.12340 0.12271 0.12187 0.12051 0.01023 ( 1)  0.385  0.010
  12 R   0.12885 0.12688 0.12566 0.12463 0.12366 0.12264 0.12141 0.11942 0.00685 ( 1)  0.374  0.007
  13 I   0.12733 0.12585 0.12492 0.12415 0.12342 0.12264 0.12171 0.12019 0.00979 ( 1)  0.383  0.010
  14 N   0.12901 0.12695 0.12566 0.12460 0.12358 0.12251 0.12123 0.11916 0.00729 ( 1)  0.376  0.007
  15 L   0.12566 0.12466 0.12404 0.12352 0.12302 0.12249 0.12185 0.12080 0.01397 ( 1)  0.396  0.014
  16 E   0.10092 0.10752 0.11158 0.11494 0.11811 0.12144 0.12540 0.13173 0.06837 ( 8)  0.564  0.068
  17 A   0.12629 0.12512 0.12440 0.12379 0.12320 0.12259 0.12184 0.12063 0.01213 ( 1)  0.391  0.012
  18 E   0.10104 0.10760 0.11164 0.11498 0.11813 0.12143 0.12536 0.13164 0.06819 ( 8)  0.563  0.068
  19 R   0.12575 0.12475 0.12413 0.12360 0.12310 0.12257 0.12193 0.12088 0.01328 ( 1)  0.394  0.013
  20 F   0.12741 0.12592 0.12500 0.12422 0.12348 0.12270 0.12176 0.12024 0.00927 ( 1)  0.382  0.009
  21 K   0.12938 0.12710 0.12570 0.12453 0.12342 0.12225 0.12086 0.11861 0.00816 ( 1)  0.378  0.008
  22 L   0.12566 0.12466 0.12404 0.12352 0.12302 0.12249 0.12185 0.12080 0.01397 ( 1)  0.396  0.014
  23 K   0.12820 0.12638 0.12526 0.12432 0.12342 0.12248 0.12135 0.11952 0.00908 ( 1)  0.381  0.009
  24 E   0.10210 0.10856 0.11251 0.11578 0.11886 0.12207 0.12589 0.13198 0.06224 ( 8)  0.545  0.062
  25 I   0.09372 0.10049 0.10470 0.10823 0.11158 0.11512 0.11937 0.12627 0.12053 ( 8)  0.722  0.121
  26 S   0.12666 0.12535 0.12453 0.12385 0.12320 0.12251 0.12168 0.12034 0.01188 ( 1)  0.390  0.012
  27 M   0.10142 0.10801 0.11205 0.11540 0.11856 0.12187 0.12580 0.13210 0.06479 ( 8)  0.553  0.065
  28 D   0.12880 0.12683 0.12561 0.12459 0.12362 0.12259 0.12136 0.11937 0.00723 ( 1)  0.376  0.007
  29 Q   0.03765 0.04365 0.04764 0.05112 0.05457 0.05835 0.06309 0.07122 0.57271 ( 9)  2.090  0.573
  30 F   0.12741 0.12592 0.12500 0.12422 0.12348 0.12270 0.12176 0.12024 0.00927 ( 1)  0.382  0.009
  31 K   0.12938 0.12710 0.12570 0.12453 0.12342 0.12225 0.12086 0.11861 0.00816 ( 1)  0.378  0.008
  32 C   0.12627 0.12514 0.12443 0.12383 0.12326 0.12266 0.12193 0.12075 0.01173 ( 1)  0.389  0.012
  33 L   0.12570 0.12470 0.12407 0.12355 0.12305 0.12252 0.12188 0.12083 0.01370 ( 1)  0.396  0.014
  34 L   0.12559 0.12448 0.12379 0.12321 0.12266 0.12208 0.12139 0.12025 0.01654 ( 1)  0.404  0.017
  35 F   0.12690 0.12549 0.12462 0.12389 0.12319 0.12246 0.12158 0.12014 0.01172 ( 1)  0.389  0.012
  36 V   0.12657 0.12532 0.12455 0.12390 0.12328 0.12262 0.12183 0.12054 0.01140 ( 1)  0.388  0.011
  37 S   0.12733 0.12582 0.12488 0.12409 0.12334 0.12255 0.12160 0.12006 0.01032 ( 1)  0.385  0.010
  38 G   0.12736 0.12587 0.12495 0.12417 0.12343 0.12265 0.12171 0.12019 0.00967 ( 1)  0.383  0.010
  39 L   0.12619 0.12504 0.12432 0.12372 0.12314 0.12253 0.12180 0.12060 0.01266 ( 1)  0.392  0.013
  40 Q   0.12641 0.12521 0.12447 0.12385 0.12325 0.12262 0.12186 0.12062 0.01171 ( 1)  0.389  0.012
  41 S   0.12666 0.12535 0.12453 0.12385 0.12320 0.12251 0.12168 0.12034 0.01188 ( 1)  0.390  0.012
  42 S   0.12624 0.12509 0.12437 0.12377 0.12319 0.12258 0.12185 0.12065 0.01226 ( 1)  0.391  0.012
  43 A   0.12643 0.12522 0.12447 0.12383 0.12323 0.12259 0.12182 0.12056 0.01185 ( 1)  0.390  0.012
  44 D   0.12854 0.12666 0.12550 0.12453 0.12360 0.12263 0.12145 0.11956 0.00754 ( 1)  0.377  0.008
  45 A   0.12853 0.12664 0.12546 0.12448 0.12355 0.12256 0.12138 0.11947 0.00792 ( 1)  0.378  0.008
  46 E   0.12938 0.12714 0.12575 0.12460 0.12351 0.12235 0.12098 0.11875 0.00754 ( 1)  0.376  0.008
  47 L   0.12561 0.12457 0.12391 0.12337 0.12284 0.12229 0.12163 0.12055 0.01523 ( 1)  0.400  0.015
  48 R   0.12583 0.12482 0.12419 0.12366 0.12315 0.12261 0.12196 0.12090 0.01287 ( 1)  0.393  0.013
  49 N   0.12876 0.12679 0.12557 0.12455 0.12358 0.12256 0.12133 0.11934 0.00753 ( 1)  0.376  0.008
  50 R   0.12557 0.12462 0.12403 0.12354 0.12307 0.12257 0.12196 0.12097 0.01366 ( 1)  0.395  0.014
  51 I   0.08984 0.09704 0.10156 0.10537 0.10901 0.11288 0.11757 0.12523 0.14149 ( 9)  0.786  0.141
  52 L   0.12512 0.12428 0.12375 0.12331 0.12288 0.12243 0.12189 0.12101 0.01533 ( 1)  0.400  0.015
  53 L   0.09472 0.10152 0.10574 0.10927 0.11263 0.11617 0.12042 0.12731 0.11223 ( 8)  0.697  0.112
  54 Q   0.12744 0.12592 0.12497 0.12418 0.12342 0.12263 0.12167 0.12011 0.00967 ( 1)  0.383  0.010
  55 N   0.09551 0.10215 0.10626 0.10968 0.11293 0.11635 0.12044 0.12705 0.10963 ( 8)  0.689  0.110
  56 E   0.12938 0.12714 0.12575 0.12460 0.12351 0.12235 0.12098 0.11875 0.00754 ( 1)  0.376  0.008
  57 K   0.10144 0.10796 0.11196 0.11526 0.11838 0.12164 0.12552 0.13171 0.06613 ( 8)  0.557  0.066
  58 S   0.12624 0.12509 0.12437 0.12377 0.12319 0.12258 0.12185 0.12065 0.01226 ( 1)  0.391  0.012
  59 P   0.12649 0.12527 0.12451 0.12387 0.12326 0.12262 0.12184 0.12058 0.01154 ( 1)  0.389  0.012
  60 D   0.12821 0.12635 0.12520 0.12424 0.12333 0.12237 0.12122 0.11936 0.00973 ( 1)  0.383  0.010
  61 L   0.12541 0.12447 0.12389 0.12339 0.12293 0.12243 0.12183 0.12085 0.01481 ( 1)  0.399  0.015
  62 T   0.12643 0.12521 0.12445 0.12381 0.12321 0.12256 0.12179 0.12053 0.01201 ( 1)  0.390  0.012
  63 L   0.12512 0.12428 0.12375 0.12331 0.12288 0.12243 0.12189 0.12101 0.01533 ( 1)  0.400  0.015
  64 H   0.12814 0.12641 0.12533 0.12443 0.12357 0.12266 0.12157 0.11981 0.00808 ( 1)  0.378  0.008
  65 N   0.12901 0.12695 0.12566 0.12460 0.12358 0.12251 0.12123 0.11916 0.00729 ( 1)  0.376  0.007
  66 I   0.12996 0.12754 0.12604 0.12479 0.12361 0.12237 0.12088 0.11849 0.00632 ( 1)  0.373  0.006
  67 T   0.12867 0.12671 0.12549 0.12447 0.12350 0.12249 0.12126 0.11929 0.00812 ( 1)  0.378  0.008
  68 E   0.10210 0.10856 0.11251 0.11578 0.11886 0.12207 0.12589 0.13198 0.06224 ( 8)  0.545  0.062
  69 E   0.12938 0.12714 0.12575 0.12460 0.12351 0.12235 0.12098 0.11875 0.00754 ( 1)  0.376  0.008
  70 C   0.12655 0.12533 0.12457 0.12394 0.12333 0.12269 0.12191 0.12065 0.01103 ( 1)  0.387  0.011
  71 Q   0.12744 0.12592 0.12497 0.12418 0.12342 0.12263 0.12167 0.12011 0.00967 ( 1)  0.383  0.010
  72 R   0.12575 0.12475 0.12413 0.12360 0.12310 0.12257 0.12193 0.12088 0.01328 ( 1)  0.394  0.013
  73 I   0.12733 0.12585 0.12492 0.12415 0.12342 0.12264 0.12171 0.12019 0.00979 ( 1)  0.383  0.010
  74 K   0.09863 0.10529 0.10939 0.11280 0.11604 0.11943 0.12348 0.12999 0.08495 ( 8)  0.614  0.085
  75 I   0.09757 0.10425 0.10837 0.11181 0.11506 0.11848 0.12258 0.12917 0.09271 ( 8)  0.638  0.093
  76 I   0.12996 0.12754 0.12604 0.12479 0.12361 0.12237 0.12088 0.11849 0.00632 ( 1)  0.373  0.006
  77 K   0.10349 0.10986 0.11373 0.11693 0.11993 0.12306 0.12677 0.13265 0.05357 ( 8)  0.519  0.054
  78 M   0.13000 0.12761 0.12613 0.12490 0.12373 0.12250 0.12103 0.11865 0.00543 ( 1)  0.370  0.005
  79 D   0.12880 0.12683 0.12561 0.12459 0.12362 0.12259 0.12136 0.11937 0.00723 ( 1)  0.376  0.007
  80 S   0.12624 0.12509 0.12437 0.12377 0.12319 0.12258 0.12185 0.12065 0.01226 ( 1)  0.391  0.012
  81 A   0.12853 0.12664 0.12546 0.12448 0.12355 0.12256 0.12138 0.11947 0.00792 ( 1)  0.378  0.008
  82 L   0.12570 0.12470 0.12407 0.12355 0.12305 0.12252 0.12188 0.12083 0.01370 ( 1)  0.396  0.014
  83 I   0.12750 0.12575 0.12467 0.12377 0.12292 0.12203 0.12095 0.11923 0.01317 ( 1)  0.394  0.013
  84 A   0.12701 0.12562 0.12476 0.12404 0.12335 0.12262 0.12175 0.12032 0.01052 ( 1)  0.386  0.011
  85 K   0.12847 0.12647 0.12523 0.12420 0.12322 0.12219 0.12096 0.11897 0.01030 ( 1)  0.385  0.010
  86 C   0.04065 0.04708 0.05135 0.05507 0.05875 0.06278 0.06783 0.07649 0.54000 ( 9)  1.991  0.540
  87 S   0.12583 0.12477 0.12412 0.12357 0.12304 0.12249 0.12181 0.12072 0.01365 ( 1)  0.395  0.014
  88 E   0.12938 0.12714 0.12575 0.12460 0.12351 0.12235 0.12098 0.11875 0.00754 ( 1)  0.376  0.008
  89 Y   0.12666 0.12536 0.12456 0.12388 0.12324 0.12256 0.12174 0.12041 0.01159 ( 1)  0.389  0.012
  90 N   0.12876 0.12679 0.12557 0.12455 0.12358 0.12256 0.12133 0.11934 0.00753 ( 1)  0.376  0.008
  91 N   0.12901 0.12695 0.12566 0.12460 0.12358 0.12251 0.12123 0.11916 0.00729 ( 1)  0.376  0.007
  92 V   0.12700 0.12563 0.12477 0.12406 0.12337 0.12265 0.12178 0.12037 0.01035 ( 1)  0.385  0.010
  93 N   0.12876 0.12679 0.12557 0.12455 0.12358 0.12256 0.12133 0.11934 0.00753 ( 1)  0.376  0.008
  94 R   0.09768 0.10444 0.10861 0.11209 0.11539 0.11886 0.12302 0.12972 0.09018 ( 8)  0.630  0.090
  95 L   0.12619 0.12504 0.12432 0.12372 0.12314 0.12253 0.12180 0.12060 0.01266 ( 1)  0.392  0.013
  96 Q   0.12744 0.12592 0.12497 0.12418 0.12342 0.12263 0.12167 0.12011 0.00967 ( 1)  0.383  0.010
  97 V   0.12628 0.12512 0.12439 0.12379 0.12321 0.12260 0.12186 0.12066 0.01211 ( 1)  0.391  0.012
  98 S   0.12666 0.12535 0.12453 0.12385 0.12320 0.12251 0.12168 0.12034 0.01188 ( 1)  0.390  0.012
  99 P   0.12649 0.12527 0.12451 0.12387 0.12326 0.12262 0.12184 0.12058 0.01154 ( 1)  0.389  0.012
 100 N   0.10166 0.10815 0.11213 0.11542 0.11853 0.12177 0.12563 0.13178 0.06494 ( 8)  0.554  0.065
 101 K   0.12938 0.12710 0.12570 0.12453 0.12342 0.12225 0.12086 0.11861 0.00816 ( 1)  0.378  0.008
 102 R   0.12577 0.12475 0.12411 0.12358 0.12307 0.12253 0.12188 0.12082 0.01351 ( 1)  0.395  0.014
 103 K   0.12938 0.12710 0.12570 0.12453 0.12342 0.12225 0.12086 0.11861 0.00816 ( 1)  0.378  0.008
 104 A   0.12736 0.12584 0.12490 0.12411 0.12335 0.12256 0.12160 0.12005 0.01024 ( 1)  0.385  0.010
 105 C   0.12627 0.12514 0.12443 0.12383 0.12326 0.12266 0.12193 0.12075 0.01173 ( 1)  0.389  0.012
 106 N   0.12876 0.12679 0.12557 0.12455 0.12358 0.12256 0.12133 0.11934 0.00753 ( 1)  0.376  0.008
 107 A   0.10130 0.10785 0.11187 0.11519 0.11833 0.12162 0.12553 0.13177 0.06654 ( 8)  0.558  0.067
 108 P   0.12793 0.12625 0.12521 0.12434 0.12351 0.12263 0.12158 0.11987 0.00870 ( 1)  0.380  0.009
 109 I   0.08191 0.08908 0.09362 0.09747 0.10118 0.10514 0.10996 0.11793 0.20371 ( 9)  0.974  0.204
 110 N   0.10166 0.10815 0.11213 0.11542 0.11853 0.12177 0.12563 0.13178 0.06494 ( 8)  0.554  0.065
 111 S   0.09259 0.09935 0.10357 0.10709 0.11045 0.11399 0.11826 0.12519 0.12951 ( 9)  0.749  0.130
 112 K   0.12847 0.12647 0.12523 0.12420 0.12322 0.12219 0.12096 0.11897 0.01030 ( 1)  0.385  0.010
 113 S   0.12596 0.12489 0.12422 0.12366 0.12312 0.12255 0.12187 0.12075 0.01297 ( 1)  0.393  0.013
 114 R   0.12885 0.12688 0.12566 0.12463 0.12366 0.12264 0.12141 0.11942 0.00685 ( 1)  0.374  0.007
 115 P   0.12719 0.12575 0.12485 0.12409 0.12338 0.12262 0.12171 0.12023 0.01020 ( 1)  0.385  0.010
 116 P   0.09535 0.10214 0.10635 0.10987 0.11322 0.11675 0.12098 0.12783 0.10751 ( 8)  0.683  0.108
 117 T   0.12867 0.12671 0.12549 0.12447 0.12350 0.12249 0.12126 0.11929 0.00812 ( 1)  0.378  0.008
 118 A   0.12736 0.12584 0.12490 0.12411 0.12335 0.12256 0.12160 0.12005 0.01024 ( 1)  0.385  0.010
 119 C   0.09541 0.10221 0.10643 0.10996 0.11331 0.11684 0.12108 0.12794 0.10683 ( 8)  0.680  0.107
 120 W   0.12511 0.12428 0.12376 0.12333 0.12291 0.12247 0.12193 0.12106 0.01515 ( 1)  0.400  0.015
 121 K   0.12938 0.12710 0.12570 0.12453 0.12342 0.12225 0.12086 0.11861 0.00816 ( 1)  0.378  0.008
 122 C   0.12627 0.12514 0.12443 0.12383 0.12326 0.12266 0.12193 0.12075 0.01173 ( 1)  0.389  0.012
 123 G   0.12629 0.12507 0.12431 0.12367 0.12306 0.12242 0.12165 0.12039 0.01314 ( 1)  0.394  0.013
 124 D   0.12880 0.12683 0.12561 0.12459 0.12362 0.12259 0.12136 0.11937 0.00723 ( 1)  0.376  0.007
 125 W   0.12511 0.12428 0.12376 0.12333 0.12291 0.12247 0.12193 0.12106 0.01515 ( 1)  0.400  0.015
 126 H   0.12788 0.12624 0.12521 0.12436 0.12354 0.12268 0.12165 0.11997 0.00848 ( 1)  0.379  0.008
 127 F   0.12716 0.12575 0.12487 0.12414 0.12344 0.12270 0.12181 0.12036 0.00976 ( 1)  0.383  0.010
 128 V   0.12700 0.12563 0.12477 0.12406 0.12337 0.12265 0.12178 0.12037 0.01035 ( 1)  0.385  0.010
 129 K   0.12938 0.12710 0.12570 0.12453 0.12342 0.12225 0.12086 0.11861 0.00816 ( 1)  0.378  0.008
 130 Y   0.12666 0.12536 0.12456 0.12388 0.12324 0.12256 0.12174 0.12041 0.01159 ( 1)  0.389  0.012
 131 C   0.09337 0.10016 0.10438 0.10791 0.11127 0.11481 0.11908 0.12601 0.12302 ( 8)  0.729  0.123
 132 P   0.12793 0.12625 0.12521 0.12434 0.12351 0.12263 0.12158 0.11987 0.00870 ( 1)  0.380  0.009

Positively selected sites

	Prob(w>1)  mean w

    29 Q      0.573         2.090
    86 C      0.540         1.991


lnL =  -717.475728

Bayes Empirical Bayes (BEB) probabilities for 11 classes (class) & postmean_w
(amino acids refer to 1st sequence: ecp.4486)

   1 T   0.29127 0.13296 0.10942 0.09366 0.08079 0.06942 0.05893 0.04902 0.03955 0.03777 0.03722 ( 1)  0.391 +-  0.499
   2 Q   0.27120 0.12612 0.10622 0.09303 0.08208 0.07209 0.06251 0.05308 0.04369 0.04251 0.04746 ( 1)  0.425 +-  0.538
   3 S   0.27389 0.12697 0.10653 0.09297 0.08175 0.07158 0.06190 0.05243 0.04306 0.04182 0.04710 ( 1)  0.424 +-  0.558
   4 E   0.29786 0.13511 0.11029 0.09366 0.08018 0.06838 0.05765 0.04765 0.03821 0.03627 0.03474 ( 1)  0.381 +-  0.489
   5 D   0.28948 0.13247 0.10936 0.09387 0.08117 0.06988 0.05942 0.04949 0.03998 0.03820 0.03667 ( 1)  0.388 +-  0.472
   6 F   0.27726 0.12829 0.10738 0.09345 0.08193 0.07149 0.06160 0.05196 0.04250 0.04110 0.04305 ( 1)  0.410 +-  0.502
   7 V   0.27618 0.12787 0.10711 0.09330 0.08189 0.07154 0.06171 0.05214 0.04270 0.04135 0.04421 ( 1)  0.413 +-  0.515
   8 T   0.04624 0.05717 0.07577 0.08852 0.09613 0.09911 0.09779 0.09243 0.08334 0.08785 0.17564 (11)  0.896 +-  1.121
   9 Y   0.27121 0.12607 0.10612 0.09291 0.08195 0.07197 0.06241 0.05300 0.04364 0.04247 0.04826 ( 1)  0.428 +-  0.556
  10 A   0.28972 0.13249 0.10930 0.09375 0.08103 0.06974 0.05929 0.04939 0.03989 0.03813 0.03726 ( 1)  0.391 +-  0.489
  11 G   0.27493 0.12748 0.10698 0.09335 0.08205 0.07179 0.06201 0.05245 0.04300 0.04168 0.04429 ( 1)  0.413 +-  0.502
  12 R   0.29215 0.13341 0.10983 0.09400 0.08105 0.06958 0.05899 0.04899 0.03945 0.03759 0.03496 ( 1)  0.382 +-  0.454
  13 I   0.27902 0.12885 0.10759 0.09342 0.08173 0.07118 0.06121 0.05156 0.04210 0.04066 0.04268 ( 1)  0.409 +-  0.511
  14 N   0.29405 0.13396 0.10996 0.09385 0.08072 0.06913 0.05850 0.04850 0.03901 0.03712 0.03520 ( 1)  0.383 +-  0.476
  15 L   0.26539 0.12401 0.10503 0.09253 0.08213 0.07255 0.06329 0.05406 0.04475 0.04379 0.05247 ( 1)  0.443 +-  0.596
  16 E   0.04289 0.05402 0.07243 0.08554 0.09387 0.09775 0.09737 0.09287 0.08444 0.08942 0.18938 (11)  0.937 +-  1.168
  17 A   0.27034 0.12580 0.10602 0.09293 0.08207 0.07214 0.06261 0.05321 0.04383 0.04269 0.04835 ( 1)  0.428 +-  0.551
  18 E   0.04319 0.05426 0.07262 0.08562 0.09382 0.09756 0.09706 0.09247 0.08400 0.08891 0.19051 (11)  0.949 +-  1.208
  19 R   0.26582 0.12423 0.10523 0.09270 0.08227 0.07266 0.06337 0.05410 0.04477 0.04378 0.05106 ( 1)  0.436 +-  0.558
  20 F   0.27941 0.12903 0.10775 0.09356 0.08183 0.07123 0.06123 0.05154 0.04206 0.04059 0.04178 ( 1)  0.405 +-  0.495
  21 K   0.29833 0.13516 0.11017 0.09344 0.07993 0.06814 0.05744 0.04748 0.03810 0.03619 0.03564 ( 1)  0.384 +-  0.508
  22 L   0.26539 0.12401 0.10503 0.09253 0.08213 0.07255 0.06329 0.05406 0.04475 0.04379 0.05247 ( 1)  0.443 +-  0.596
  23 K   0.28722 0.13155 0.10873 0.09348 0.08100 0.06991 0.05961 0.04981 0.04037 0.03872 0.03959 ( 1)  0.399 +-  0.512
  24 E   0.04525 0.05619 0.07464 0.08738 0.09512 0.09828 0.09721 0.09209 0.08323 0.08786 0.18275 (11)  0.926 +-  1.185
  25 I   0.03354 0.04433 0.06127 0.07447 0.08400 0.08984 0.09184 0.08981 0.08359 0.08985 0.25746 (11)  1.219 +-  1.612
  26 S   0.27389 0.12697 0.10653 0.09297 0.08175 0.07158 0.06190 0.05243 0.04306 0.04182 0.04710 ( 1)  0.424 +-  0.558
  27 M   0.04364 0.05476 0.07327 0.08635 0.09457 0.09828 0.09772 0.09302 0.08443 0.08929 0.18465 (11)  0.919 +-  1.137
  28 D   0.29192 0.13329 0.10972 0.09391 0.08098 0.06953 0.05897 0.04899 0.03947 0.03762 0.03560 ( 1)  0.385 +-  0.468
  29 Q   0.00143 0.00603 0.01410 0.02424 0.03543 0.04659 0.05654 0.06394 0.06736 0.07881 0.60553 (11)  2.710 +-  2.636
  30 F   0.27941 0.12903 0.10775 0.09356 0.08183 0.07123 0.06123 0.05154 0.04206 0.04059 0.04178 ( 1)  0.405 +-  0.495
  31 K   0.29833 0.13516 0.11017 0.09344 0.07993 0.06814 0.05744 0.04748 0.03810 0.03619 0.03564 ( 1)  0.384 +-  0.508
  32 C   0.26986 0.12569 0.10604 0.09303 0.08222 0.07232 0.06280 0.05340 0.04400 0.04286 0.04777 ( 1)  0.425 +-  0.528
  33 L   0.26560 0.12411 0.10512 0.09260 0.08218 0.07260 0.06333 0.05408 0.04477 0.04380 0.05180 ( 1)  0.439 +-  0.573
  34 L   0.26649 0.12408 0.10469 0.09191 0.08134 0.07170 0.06244 0.05327 0.04408 0.04313 0.05687 ( 1)  0.467 +-  0.723
  35 F   0.27613 0.12771 0.10685 0.09299 0.08155 0.07122 0.06144 0.05192 0.04255 0.04124 0.04641 ( 1)  0.423 +-  0.570
  36 V   0.27256 0.12659 0.10645 0.09309 0.08201 0.07192 0.06228 0.05281 0.04341 0.04219 0.04669 ( 1)  0.422 +-  0.535
  37 S   0.27936 0.12888 0.10750 0.09326 0.08153 0.07097 0.06102 0.05138 0.04196 0.04053 0.04360 ( 1)  0.413 +-  0.542
  38 G   0.27920 0.12890 0.10761 0.09342 0.08171 0.07114 0.06117 0.05151 0.04205 0.04060 0.04270 ( 1)  0.410 +-  0.525
  39 L   0.26977 0.12556 0.10585 0.09281 0.08200 0.07212 0.06263 0.05327 0.04393 0.04282 0.04925 ( 1)  0.431 +-  0.561
  40 Q   0.27120 0.12612 0.10622 0.09303 0.08208 0.07209 0.06251 0.05308 0.04369 0.04251 0.04746 ( 1)  0.425 +-  0.538
  41 S   0.27389 0.12697 0.10653 0.09297 0.08175 0.07158 0.06190 0.05243 0.04306 0.04182 0.04710 ( 1)  0.424 +-  0.558
  42 S   0.26992 0.12565 0.10595 0.09291 0.08208 0.07218 0.06267 0.05329 0.04392 0.04279 0.04864 ( 1)  0.429 +-  0.552
  43 A   0.27154 0.12621 0.10623 0.09299 0.08200 0.07198 0.06240 0.05296 0.04358 0.04240 0.04771 ( 1)  0.426 +-  0.553
  44 D   0.28948 0.13247 0.10936 0.09387 0.08117 0.06988 0.05942 0.04949 0.03998 0.03820 0.03667 ( 1)  0.388 +-  0.472
  45 A   0.28972 0.13249 0.10930 0.09375 0.08103 0.06974 0.05929 0.04939 0.03989 0.03813 0.03726 ( 1)  0.391 +-  0.489
  46 E   0.29786 0.13511 0.11029 0.09366 0.08018 0.06838 0.05765 0.04765 0.03821 0.03627 0.03474 ( 1)  0.381 +-  0.489
  47 L   0.26586 0.12403 0.10486 0.09224 0.08177 0.07218 0.06294 0.05375 0.04451 0.04357 0.05430 ( 1)  0.451 +-  0.639
  48 R   0.26631 0.12443 0.10536 0.09279 0.08232 0.07268 0.06335 0.05406 0.04471 0.04370 0.05029 ( 1)  0.433 +-  0.543
  49 N   0.29174 0.13319 0.10963 0.09383 0.08092 0.06949 0.05895 0.04899 0.03949 0.03766 0.03611 ( 1)  0.386 +-  0.478
  50 R   0.26423 0.12367 0.10495 0.09262 0.08234 0.07286 0.06364 0.05443 0.04511 0.04418 0.05197 ( 1)  0.439 +-  0.558
  51 I   0.02774 0.03856 0.05525 0.06927 0.08030 0.08793 0.09177 0.09134 0.08628 0.09335 0.27822 (11)  1.284 +-  1.656
  52 L   0.26104 0.12248 0.10423 0.09226 0.08227 0.07302 0.06399 0.05490 0.04565 0.04485 0.05531 ( 1)  0.451 +-  0.600
  53 L   0.03461 0.04560 0.06288 0.07624 0.08581 0.09157 0.09340 0.09113 0.08463 0.09080 0.24333 (11)  1.142 +-  1.476
  54 Q   0.28004 0.12919 0.10774 0.09345 0.08165 0.07103 0.06102 0.05134 0.04188 0.04041 0.04225 ( 1)  0.408 +-  0.512
  55 N   0.03591 0.04654 0.06353 0.07634 0.08521 0.09023 0.09140 0.08863 0.08188 0.08769 0.25265 (11)  1.236 +-  1.695
  56 E   0.29786 0.13511 0.11029 0.09366 0.08018 0.06838 0.05765 0.04765 0.03821 0.03627 0.03474 ( 1)  0.381 +-  0.489
  57 K   0.04403 0.05503 0.07341 0.08628 0.09426 0.09775 0.09700 0.09218 0.08355 0.08834 0.18816 (11)  0.945 +-  1.212
  58 S   0.26992 0.12565 0.10595 0.09291 0.08208 0.07218 0.06267 0.05329 0.04392 0.04279 0.04864 ( 1)  0.429 +-  0.552
  59 P   0.27192 0.12637 0.10634 0.09307 0.08205 0.07200 0.06239 0.05293 0.04353 0.04232 0.04708 ( 1)  0.424 +-  0.540
  60 D   0.28776 0.13162 0.10862 0.09327 0.08074 0.06962 0.05934 0.04957 0.04018 0.03853 0.04074 ( 1)  0.404 +-  0.553
  61 L   0.26336 0.12326 0.10460 0.09233 0.08210 0.07267 0.06351 0.05435 0.04508 0.04418 0.05457 ( 1)  0.453 +-  0.635
  62 T   0.27161 0.12622 0.10621 0.09295 0.08196 0.07194 0.06236 0.05293 0.04356 0.04237 0.04787 ( 1)  0.427 +-  0.554
  63 L   0.26104 0.12248 0.10423 0.09226 0.08227 0.07302 0.06399 0.05490 0.04565 0.04485 0.05531 ( 1)  0.451 +-  0.600
  64 H   0.28593 0.13128 0.10882 0.09379 0.08143 0.07038 0.06008 0.05022 0.04071 0.03903 0.03834 ( 1)  0.394 +-  0.479
  65 N   0.29405 0.13396 0.10996 0.09385 0.08072 0.06913 0.05850 0.04850 0.03901 0.03712 0.03520 ( 1)  0.383 +-  0.476
  66 I   0.30274 0.13684 0.11117 0.09391 0.07996 0.06782 0.05685 0.04670 0.03724 0.03513 0.03164 ( 1)  0.370 +-  0.460
  67 T   0.29127 0.13296 0.10942 0.09366 0.08079 0.06942 0.05893 0.04902 0.03955 0.03777 0.03722 ( 1)  0.391 +-  0.499
  68 E   0.04525 0.05619 0.07464 0.08738 0.09512 0.09828 0.09721 0.09209 0.08323 0.08786 0.18275 (11)  0.926 +-  1.185
  69 E   0.29786 0.13511 0.11029 0.09366 0.08018 0.06838 0.05765 0.04765 0.03821 0.03627 0.03474 ( 1)  0.381 +-  0.489
  70 C   0.27208 0.12648 0.10646 0.09318 0.08216 0.07210 0.06246 0.05298 0.04356 0.04234 0.04619 ( 1)  0.420 +-  0.516
  71 Q   0.28004 0.12919 0.10774 0.09345 0.08165 0.07103 0.06102 0.05134 0.04188 0.04041 0.04225 ( 1)  0.408 +-  0.512
  72 R   0.26582 0.12423 0.10523 0.09270 0.08227 0.07266 0.06337 0.05410 0.04477 0.04378 0.05106 ( 1)  0.436 +-  0.558
  73 I   0.27902 0.12885 0.10759 0.09342 0.08173 0.07118 0.06121 0.05156 0.04210 0.04066 0.04268 ( 1)  0.409 +-  0.511
  74 K   0.03961 0.05064 0.06853 0.08164 0.09036 0.09488 0.09530 0.09162 0.08394 0.08933 0.21416 (11)  1.046 +-  1.376
  75 I   0.03824 0.04923 0.06690 0.08002 0.08892 0.09372 0.09449 0.09118 0.08383 0.08941 0.22406 (11)  1.086 +-  1.435
  76 I   0.30274 0.13684 0.11117 0.09391 0.07996 0.06782 0.05685 0.04670 0.03724 0.03513 0.03164 ( 1)  0.370 +-  0.460
  77 K   0.04791 0.05872 0.07739 0.08993 0.09718 0.09971 0.09794 0.09217 0.08278 0.08707 0.16920 (11)  0.874 +-  1.086
  78 M   0.30253 0.13692 0.11140 0.09421 0.08027 0.06809 0.05706 0.04684 0.03730 0.03515 0.03022 ( 1)  0.365 +-  0.429
  79 D   0.29192 0.13329 0.10972 0.09391 0.08098 0.06953 0.05897 0.04899 0.03947 0.03762 0.03560 ( 1)  0.385 +-  0.468
  80 S   0.26992 0.12565 0.10595 0.09291 0.08208 0.07218 0.06267 0.05329 0.04392 0.04279 0.04864 ( 1)  0.429 +-  0.552
  81 A   0.28972 0.13249 0.10930 0.09375 0.08103 0.06974 0.05929 0.04939 0.03989 0.03813 0.03726 ( 1)  0.391 +-  0.489
  82 L   0.26560 0.12411 0.10512 0.09260 0.08218 0.07260 0.06333 0.05408 0.04477 0.04380 0.05180 ( 1)  0.439 +-  0.573
  83 I   0.28320 0.12968 0.10723 0.09234 0.08025 0.06955 0.05962 0.05013 0.04093 0.03954 0.04754 ( 1)  0.430 +-  0.652
  84 A   0.27633 0.12790 0.10710 0.09327 0.08183 0.07147 0.06164 0.05206 0.04263 0.04128 0.04446 ( 1)  0.415 +-  0.526
  85 K   0.29080 0.13249 0.10882 0.09303 0.08021 0.06893 0.05858 0.04882 0.03950 0.03782 0.04100 ( 1)  0.406 +-  0.580
  86 C   0.00157 0.00660 0.01537 0.02629 0.03824 0.05004 0.06042 0.06798 0.07125 0.08281 0.57944 (11)  2.580 +-  2.575
  87 S   0.26682 0.12451 0.10529 0.09261 0.08207 0.07240 0.06306 0.05379 0.04448 0.04347 0.05151 ( 1)  0.439 +-  0.584
  88 E   0.29786 0.13511 0.11029 0.09366 0.08018 0.06838 0.05765 0.04765 0.03821 0.03627 0.03474 ( 1)  0.381 +-  0.489
  89 Y   0.27362 0.12691 0.10655 0.09304 0.08186 0.07170 0.06202 0.05254 0.04315 0.04191 0.04670 ( 1)  0.423 +-  0.545
  90 N   0.29174 0.13319 0.10963 0.09383 0.08092 0.06949 0.05895 0.04899 0.03949 0.03766 0.03611 ( 1)  0.386 +-  0.478
  91 N   0.29405 0.13396 0.10996 0.09385 0.08072 0.06913 0.05850 0.04850 0.03901 0.03712 0.03520 ( 1)  0.383 +-  0.476
  92 V   0.27618 0.12787 0.10711 0.09330 0.08189 0.07154 0.06171 0.05214 0.04270 0.04135 0.04421 ( 1)  0.413 +-  0.515
  93 N   0.29174 0.13319 0.10963 0.09383 0.08092 0.06949 0.05895 0.04899 0.03949 0.03766 0.03611 ( 1)  0.386 +-  0.478
  94 R   0.03811 0.04928 0.06717 0.08056 0.08972 0.09476 0.09570 0.09248 0.08512 0.09078 0.21631 (11)  1.032 +-  1.307
  95 L   0.26977 0.12556 0.10585 0.09281 0.08200 0.07212 0.06263 0.05327 0.04393 0.04282 0.04925 ( 1)  0.431 +-  0.561
  96 Q   0.28004 0.12919 0.10774 0.09345 0.08165 0.07103 0.06102 0.05134 0.04188 0.04041 0.04225 ( 1)  0.408 +-  0.512
  97 V   0.27016 0.12574 0.10600 0.09294 0.08209 0.07218 0.06266 0.05326 0.04389 0.04275 0.04833 ( 1)  0.428 +-  0.547
  98 S   0.27389 0.12697 0.10653 0.09297 0.08175 0.07158 0.06190 0.05243 0.04306 0.04182 0.04710 ( 1)  0.424 +-  0.558
  99 P   0.27192 0.12637 0.10634 0.09307 0.08205 0.07200 0.06239 0.05293 0.04353 0.04232 0.04708 ( 1)  0.424 +-  0.540
 100 N   0.04444 0.05541 0.07381 0.08664 0.09453 0.09790 0.09703 0.09211 0.08340 0.08813 0.18661 (11)  0.940 +-  1.207
 101 K   0.29833 0.13516 0.11017 0.09344 0.07993 0.06814 0.05744 0.04748 0.03810 0.03619 0.03564 ( 1)  0.384 +-  0.508
 102 R   0.26609 0.12428 0.10521 0.09263 0.08217 0.07255 0.06324 0.05398 0.04466 0.04367 0.05151 ( 1)  0.439 +-  0.578
 103 K   0.29833 0.13516 0.11017 0.09344 0.07993 0.06814 0.05744 0.04748 0.03810 0.03619 0.03564 ( 1)  0.384 +-  0.508
 104 A   0.27955 0.12894 0.10753 0.09327 0.08150 0.07091 0.06094 0.05129 0.04186 0.04041 0.04379 ( 1)  0.416 +-  0.569
 105 C   0.26986 0.12569 0.10604 0.09303 0.08222 0.07232 0.06280 0.05340 0.04400 0.04286 0.04777 ( 1)  0.425 +-  0.528
 106 N   0.29174 0.13319 0.10963 0.09383 0.08092 0.06949 0.05895 0.04899 0.03949 0.03766 0.03611 ( 1)  0.386 +-  0.478
 107 A   0.04367 0.05472 0.07313 0.08610 0.09421 0.09783 0.09721 0.09250 0.08393 0.08878 0.18791 (11)  0.938 +-  1.187
 108 P   0.28421 0.13065 0.10848 0.09365 0.08146 0.07053 0.06031 0.05052 0.04103 0.03941 0.03976 ( 1)  0.399 +-  0.497
 109 I   0.02127 0.03104 0.04603 0.05949 0.07087 0.07957 0.08497 0.08638 0.08319 0.09124 0.34596 (11)  1.593 +-  2.011
 110 N   0.04444 0.05541 0.07381 0.08664 0.09453 0.09790 0.09703 0.09211 0.08340 0.08813 0.18661 (11)  0.940 +-  1.207
 111 S   0.03241 0.04306 0.05972 0.07282 0.08241 0.08841 0.09065 0.08891 0.08299 0.08939 0.26925 (11)  1.275 +-  1.691
 112 K   0.29080 0.13249 0.10882 0.09303 0.08021 0.06893 0.05858 0.04882 0.03950 0.03782 0.04100 ( 1)  0.406 +-  0.580
 113 S   0.26768 0.12485 0.10552 0.09276 0.08214 0.07240 0.06302 0.05370 0.04436 0.04331 0.05025 ( 1)  0.434 +-  0.564
 114 R   0.29215 0.13341 0.10983 0.09400 0.08105 0.06958 0.05899 0.04899 0.03945 0.03759 0.03496 ( 1)  0.382 +-  0.454
 115 P   0.27789 0.12844 0.10736 0.09333 0.08174 0.07126 0.06135 0.05173 0.04229 0.04089 0.04372 ( 1)  0.413 +-  0.532
 116 P   0.03529 0.04631 0.06371 0.07708 0.08656 0.09217 0.09382 0.09136 0.08469 0.09075 0.23826 (11)  1.124 +-  1.453
 117 T   0.29127 0.13296 0.10942 0.09366 0.08079 0.06942 0.05893 0.04902 0.03955 0.03777 0.03722 ( 1)  0.391 +-  0.499
 118 A   0.27955 0.12894 0.10753 0.09327 0.08150 0.07091 0.06094 0.05129 0.04186 0.04041 0.04379 ( 1)  0.416 +-  0.569
 119 C   0.03537 0.04643 0.06388 0.07729 0.08681 0.09244 0.09410 0.09163 0.08494 0.09100 0.23611 (11)  1.109 +-  1.421
 120 W   0.26080 0.12242 0.10423 0.09230 0.08234 0.07311 0.06409 0.05500 0.04574 0.04494 0.05503 ( 1)  0.450 +-  0.588
 121 K   0.29833 0.13516 0.11017 0.09344 0.07993 0.06814 0.05744 0.04748 0.03810 0.03619 0.03564 ( 1)  0.384 +-  0.508
 122 C   0.26986 0.12569 0.10604 0.09303 0.08222 0.07232 0.06280 0.05340 0.04400 0.04286 0.04777 ( 1)  0.425 +-  0.528
 123 G   0.27085 0.12586 0.10591 0.09269 0.08172 0.07171 0.06215 0.05275 0.04340 0.04223 0.05075 ( 1)  0.445 +-  0.658
 124 D   0.29192 0.13329 0.10972 0.09391 0.08098 0.06953 0.05897 0.04899 0.03947 0.03762 0.03560 ( 1)  0.385 +-  0.468
 125 W   0.26080 0.12242 0.10423 0.09230 0.08234 0.07311 0.06409 0.05500 0.04574 0.04494 0.05503 ( 1)  0.450 +-  0.588
 126 H   0.28358 0.13047 0.10844 0.09371 0.08158 0.07069 0.06050 0.05070 0.04119 0.03959 0.03954 ( 1)  0.398 +-  0.484
 127 F   0.27726 0.12829 0.10738 0.09345 0.08193 0.07149 0.06160 0.05196 0.04250 0.04110 0.04305 ( 1)  0.410 +-  0.502
 128 V   0.27618 0.12787 0.10711 0.09330 0.08189 0.07154 0.06171 0.05214 0.04270 0.04135 0.04421 ( 1)  0.413 +-  0.515
 129 K   0.29833 0.13516 0.11017 0.09344 0.07993 0.06814 0.05744 0.04748 0.03810 0.03619 0.03564 ( 1)  0.384 +-  0.508
 130 Y   0.27362 0.12691 0.10655 0.09304 0.08186 0.07170 0.06202 0.05254 0.04315 0.04191 0.04670 ( 1)  0.423 +-  0.545
 131 C   0.03318 0.04397 0.06087 0.07408 0.08368 0.08962 0.09173 0.08980 0.08367 0.09000 0.25940 (11)  1.223 +-  1.611
 132 P   0.28421 0.13065 0.10848 0.09365 0.08146 0.07053 0.06031 0.05052 0.04103 0.03941 0.03976 ( 1)  0.399 +-  0.497

Positively selected sites

	Prob(w>1)  mean w

    29 Q      0.606         2.710 +- 2.636
    86 C      0.579         2.580 +- 2.575

