Supplemental results for CODEML (seqf: algn  treef: tree)


dN/dS (w) for site classes (K=3)

p:   1.00000  0.00000  0.00000
w:   0.13247  1.00000  1.00000

Naive Empirical Bayes (NEB) probabilities for 3 classes & postmean_w
(amino acids refer to 1st sequence: Msl.45473)

   1 M   1.00000 0.00000 0.00000 ( 1)  0.132
   2 D   1.00000 0.00000 0.00000 ( 1)  0.132
   3 S   1.00000 0.00000 0.00000 ( 1)  0.132
   4 S   1.00000 0.00000 0.00000 ( 1)  0.132
   5 A   1.00000 0.00000 0.00000 ( 1)  0.132
   6 A   1.00000 0.00000 0.00000 ( 1)  0.132
   7 A   1.00000 0.00000 0.00000 ( 1)  0.132
   8 A   1.00000 0.00000 0.00000 ( 1)  0.132
   9 N   1.00000 0.00000 0.00000 ( 1)  0.132
  10 R   1.00000 0.00000 0.00000 ( 1)  0.132
  11 R   1.00000 0.00000 0.00000 ( 1)  0.132
  12 K   1.00000 0.00000 0.00000 ( 1)  0.132
  13 A   1.00000 0.00000 0.00000 ( 1)  0.132
  14 Q   1.00000 0.00000 0.00000 ( 1)  0.132
  15 A   1.00000 0.00000 0.00000 ( 1)  0.132
  16 P   1.00000 0.00000 0.00000 ( 1)  0.132
  17 K   1.00000 0.00000 0.00000 ( 1)  0.132
  18 R   1.00000 0.00000 0.00000 ( 1)  0.132
  19 L   1.00000 0.00000 0.00000 ( 1)  0.132
  20 M   1.00000 0.00000 0.00000 ( 1)  0.132
  21 P   1.00000 0.00000 0.00000 ( 1)  0.132
  22 Q   1.00000 0.00000 0.00000 ( 1)  0.132
  23 S   1.00000 0.00000 0.00000 ( 1)  0.132
  24 W   1.00000 0.00000 0.00000 ( 1)  0.132
  25 A   1.00000 0.00000 0.00000 ( 1)  0.132
  26 G   1.00000 0.00000 0.00000 ( 1)  0.132
  27 Q   1.00000 0.00000 0.00000 ( 1)  0.132
  28 Q   1.00000 0.00000 0.00000 ( 1)  0.132
  29 Q   1.00000 0.00000 0.00000 ( 1)  0.132
  30 P   1.00000 0.00000 0.00000 ( 1)  0.132
  31 Q   1.00000 0.00000 0.00000 ( 1)  0.132
  32 Q   1.00000 0.00000 0.00000 ( 1)  0.132
  33 R   1.00000 0.00000 0.00000 ( 1)  0.132
  34 R   1.00000 0.00000 0.00000 ( 1)  0.132
  35 Q   1.00000 0.00000 0.00000 ( 1)  0.132
  36 I   1.00000 0.00000 0.00000 ( 1)  0.132
  37 R   1.00000 0.00000 0.00000 ( 1)  0.132
  38 S   1.00000 0.00000 0.00000 ( 1)  0.132
  39 G   1.00000 0.00000 0.00000 ( 1)  0.132
  40 S   1.00000 0.00000 0.00000 ( 1)  0.132
  41 I   1.00000 0.00000 0.00000 ( 1)  0.132
  42 S   1.00000 0.00000 0.00000 ( 1)  0.132
  43 E   1.00000 0.00000 0.00000 ( 1)  0.132
  44 E   1.00000 0.00000 0.00000 ( 1)  0.132
  45 E   1.00000 0.00000 0.00000 ( 1)  0.132
  46 G   1.00000 0.00000 0.00000 ( 1)  0.132
  47 S   1.00000 0.00000 0.00000 ( 1)  0.132
  48 S   1.00000 0.00000 0.00000 ( 1)  0.132
  49 S   1.00000 0.00000 0.00000 ( 1)  0.132
  50 T   1.00000 0.00000 0.00000 ( 1)  0.132
  51 P   1.00000 0.00000 0.00000 ( 1)  0.132
  52 T   1.00000 0.00000 0.00000 ( 1)  0.132
  53 E   1.00000 0.00000 0.00000 ( 1)  0.132
  54 A   1.00000 0.00000 0.00000 ( 1)  0.132
  55 A   1.00000 0.00000 0.00000 ( 1)  0.132
  56 D   1.00000 0.00000 0.00000 ( 1)  0.132
  57 E   1.00000 0.00000 0.00000 ( 1)  0.132
  58 M   1.00000 0.00000 0.00000 ( 1)  0.132
  59 Q   1.00000 0.00000 0.00000 ( 1)  0.132
  60 R   1.00000 0.00000 0.00000 ( 1)  0.132
  61 Q   1.00000 0.00000 0.00000 ( 1)  0.132
  62 S   1.00000 0.00000 0.00000 ( 1)  0.132
  63 N   1.00000 0.00000 0.00000 ( 1)  0.132
  64 S   1.00000 0.00000 0.00000 ( 1)  0.132
  65 D   1.00000 0.00000 0.00000 ( 1)  0.132
  66 R   1.00000 0.00000 0.00000 ( 1)  0.132
  67 Q   1.00000 0.00000 0.00000 ( 1)  0.132
  68 S   1.00000 0.00000 0.00000 ( 1)  0.132
  69 S   1.00000 0.00000 0.00000 ( 1)  0.132
  70 R   1.00000 0.00000 0.00000 ( 1)  0.132
  71 M   1.00000 0.00000 0.00000 ( 1)  0.132
  72 S   1.00000 0.00000 0.00000 ( 1)  0.132
  73 L   1.00000 0.00000 0.00000 ( 1)  0.132
  74 K   1.00000 0.00000 0.00000 ( 1)  0.132
  75 D   1.00000 0.00000 0.00000 ( 1)  0.132
  76 Y   1.00000 0.00000 0.00000 ( 1)  0.132
  77 F   1.00000 0.00000 0.00000 ( 1)  0.132
  78 A   1.00000 0.00000 0.00000 ( 1)  0.132
  79 G   1.00000 0.00000 0.00000 ( 1)  0.132
  80 V   1.00000 0.00000 0.00000 ( 1)  0.132
  81 Q   1.00000 0.00000 0.00000 ( 1)  0.132
  82 A   1.00000 0.00000 0.00000 ( 1)  0.132
  83 I   1.00000 0.00000 0.00000 ( 1)  0.132
  84 A   1.00000 0.00000 0.00000 ( 1)  0.132
  85 Q   1.00000 0.00000 0.00000 ( 1)  0.132
  86 Q   1.00000 0.00000 0.00000 ( 1)  0.132
  87 A   1.00000 0.00000 0.00000 ( 1)  0.132
  88 T   1.00000 0.00000 0.00000 ( 1)  0.132
  89 A   1.00000 0.00000 0.00000 ( 1)  0.132
  90 A   1.00000 0.00000 0.00000 ( 1)  0.132
  91 A   1.00000 0.00000 0.00000 ( 1)  0.132
  92 T   1.00000 0.00000 0.00000 ( 1)  0.132
  93 A   1.00000 0.00000 0.00000 ( 1)  0.132
  94 A   1.00000 0.00000 0.00000 ( 1)  0.132
  95 A   1.00000 0.00000 0.00000 ( 1)  0.132
  96 A   1.00000 0.00000 0.00000 ( 1)  0.132
  97 A   1.00000 0.00000 0.00000 ( 1)  0.132
  98 P   1.00000 0.00000 0.00000 ( 1)  0.132
  99 L   1.00000 0.00000 0.00000 ( 1)  0.132
 100 D   1.00000 0.00000 0.00000 ( 1)  0.132
 101 L   1.00000 0.00000 0.00000 ( 1)  0.132
 102 T   1.00000 0.00000 0.00000 ( 1)  0.132
 103 K   1.00000 0.00000 0.00000 ( 1)  0.132
 104 T   1.00000 0.00000 0.00000 ( 1)  0.132
 105 S   1.00000 0.00000 0.00000 ( 1)  0.132
 106 T   1.00000 0.00000 0.00000 ( 1)  0.132
 107 I   1.00000 0.00000 0.00000 ( 1)  0.132
 108 S   1.00000 0.00000 0.00000 ( 1)  0.132
 109 A   1.00000 0.00000 0.00000 ( 1)  0.132
 110 N   1.00000 0.00000 0.00000 ( 1)  0.132
 111 G   1.00000 0.00000 0.00000 ( 1)  0.132
 112 G   1.00000 0.00000 0.00000 ( 1)  0.132
 113 S   1.00000 0.00000 0.00000 ( 1)  0.132
 114 D   1.00000 0.00000 0.00000 ( 1)  0.132
 115 G   1.00000 0.00000 0.00000 ( 1)  0.132
 116 G   1.00000 0.00000 0.00000 ( 1)  0.132
 117 G   1.00000 0.00000 0.00000 ( 1)  0.132
 118 S   1.00000 0.00000 0.00000 ( 1)  0.132
 119 S   1.00000 0.00000 0.00000 ( 1)  0.132
 120 G   1.00000 0.00000 0.00000 ( 1)  0.132
 121 N   1.00000 0.00000 0.00000 ( 1)  0.132
 122 L   1.00000 0.00000 0.00000 ( 1)  0.132
 123 P   1.00000 0.00000 0.00000 ( 1)  0.132
 124 A   1.00000 0.00000 0.00000 ( 1)  0.132
 125 S   1.00000 0.00000 0.00000 ( 1)  0.132
 126 L   1.00000 0.00000 0.00000 ( 1)  0.132
 127 P   1.00000 0.00000 0.00000 ( 1)  0.132
 128 P   1.00000 0.00000 0.00000 ( 1)  0.132
 129 L   1.00000 0.00000 0.00000 ( 1)  0.132
 130 G   1.00000 0.00000 0.00000 ( 1)  0.132
 131 P   1.00000 0.00000 0.00000 ( 1)  0.132
 132 T   1.00000 0.00000 0.00000 ( 1)  0.132
 133 V   1.00000 0.00000 0.00000 ( 1)  0.132
 134 F   1.00000 0.00000 0.00000 ( 1)  0.132
 135 L   1.00000 0.00000 0.00000 ( 1)  0.132
 136 P   1.00000 0.00000 0.00000 ( 1)  0.132
 137 F   1.00000 0.00000 0.00000 ( 1)  0.132
 138 P   1.00000 0.00000 0.00000 ( 1)  0.132
 139 L   1.00000 0.00000 0.00000 ( 1)  0.132
 140 G   1.00000 0.00000 0.00000 ( 1)  0.132
 141 G   1.00000 0.00000 0.00000 ( 1)  0.132
 142 A   1.00000 0.00000 0.00000 ( 1)  0.132
 143 P   1.00000 0.00000 0.00000 ( 1)  0.132
 144 H   1.00000 0.00000 0.00000 ( 1)  0.132
 145 Q   1.00000 0.00000 0.00000 ( 1)  0.132
 146 S   1.00000 0.00000 0.00000 ( 1)  0.132
 147 P   1.00000 0.00000 0.00000 ( 1)  0.132
 148 R   1.00000 0.00000 0.00000 ( 1)  0.132
 149 P   1.00000 0.00000 0.00000 ( 1)  0.132
 150 Q   1.00000 0.00000 0.00000 ( 1)  0.132
 151 S   1.00000 0.00000 0.00000 ( 1)  0.132
 152 S   1.00000 0.00000 0.00000 ( 1)  0.132
 153 S   1.00000 0.00000 0.00000 ( 1)  0.132
 154 S   1.00000 0.00000 0.00000 ( 1)  0.132
 155 P   1.00000 0.00000 0.00000 ( 1)  0.132
 156 S   1.00000 0.00000 0.00000 ( 1)  0.132
 157 S   1.00000 0.00000 0.00000 ( 1)  0.132
 158 S   1.00000 0.00000 0.00000 ( 1)  0.132
 159 T   1.00000 0.00000 0.00000 ( 1)  0.132
 160 S   1.00000 0.00000 0.00000 ( 1)  0.132
 161 G   1.00000 0.00000 0.00000 ( 1)  0.132
 162 I   1.00000 0.00000 0.00000 ( 1)  0.132
 163 G   1.00000 0.00000 0.00000 ( 1)  0.132
 164 G   1.00000 0.00000 0.00000 ( 1)  0.132
 165 A   1.00000 0.00000 0.00000 ( 1)  0.132
 166 A   1.00000 0.00000 0.00000 ( 1)  0.132
 167 N   1.00000 0.00000 0.00000 ( 1)  0.132
 168 G   1.00000 0.00000 0.00000 ( 1)  0.132
 169 S   1.00000 0.00000 0.00000 ( 1)  0.132
 170 Q   1.00000 0.00000 0.00000 ( 1)  0.132
 171 A   1.00000 0.00000 0.00000 ( 1)  0.132
 172 P   1.00000 0.00000 0.00000 ( 1)  0.132
 173 R   1.00000 0.00000 0.00000 ( 1)  0.132
 174 T   1.00000 0.00000 0.00000 ( 1)  0.132
 175 L   1.00000 0.00000 0.00000 ( 1)  0.132
 176 E   1.00000 0.00000 0.00000 ( 1)  0.132
 177 K   1.00000 0.00000 0.00000 ( 1)  0.132
 178 C   1.00000 0.00000 0.00000 ( 1)  0.132
 179 A   1.00000 0.00000 0.00000 ( 1)  0.132
 180 E   1.00000 0.00000 0.00000 ( 1)  0.132
 181 A   1.00000 0.00000 0.00000 ( 1)  0.132
 182 A   1.00000 0.00000 0.00000 ( 1)  0.132
 183 L   1.00000 0.00000 0.00000 ( 1)  0.132
 184 E   1.00000 0.00000 0.00000 ( 1)  0.132
 185 E   1.00000 0.00000 0.00000 ( 1)  0.132
 186 T   1.00000 0.00000 0.00000 ( 1)  0.132
 187 A   1.00000 0.00000 0.00000 ( 1)  0.132
 188 G   1.00000 0.00000 0.00000 ( 1)  0.132
 189 L   1.00000 0.00000 0.00000 ( 1)  0.132
 190 A   1.00000 0.00000 0.00000 ( 1)  0.132
 191 S   1.00000 0.00000 0.00000 ( 1)  0.132
 192 A   1.00000 0.00000 0.00000 ( 1)  0.132
 193 V   1.00000 0.00000 0.00000 ( 1)  0.132
 194 S   1.00000 0.00000 0.00000 ( 1)  0.132
 195 R   1.00000 0.00000 0.00000 ( 1)  0.132
 196 M   1.00000 0.00000 0.00000 ( 1)  0.132
 197 L   1.00000 0.00000 0.00000 ( 1)  0.132
 198 R   1.00000 0.00000 0.00000 ( 1)  0.132
 199 G   1.00000 0.00000 0.00000 ( 1)  0.132
 200 L   1.00000 0.00000 0.00000 ( 1)  0.132
 201 Q   1.00000 0.00000 0.00000 ( 1)  0.132
 202 Q   1.00000 0.00000 0.00000 ( 1)  0.132
 203 P   1.00000 0.00000 0.00000 ( 1)  0.132
 204 S   1.00000 0.00000 0.00000 ( 1)  0.132
 205 L   1.00000 0.00000 0.00000 ( 1)  0.132
 206 S   1.00000 0.00000 0.00000 ( 1)  0.132
 207 E   1.00000 0.00000 0.00000 ( 1)  0.132
 208 V   1.00000 0.00000 0.00000 ( 1)  0.132
 209 Q   1.00000 0.00000 0.00000 ( 1)  0.132
 210 K   1.00000 0.00000 0.00000 ( 1)  0.132
 211 A   1.00000 0.00000 0.00000 ( 1)  0.132
 212 R   1.00000 0.00000 0.00000 ( 1)  0.132
 213 G   1.00000 0.00000 0.00000 ( 1)  0.132
 214 F   1.00000 0.00000 0.00000 ( 1)  0.132
 215 I   1.00000 0.00000 0.00000 ( 1)  0.132
 216 D   1.00000 0.00000 0.00000 ( 1)  0.132
 217 G   1.00000 0.00000 0.00000 ( 1)  0.132
 218 A   1.00000 0.00000 0.00000 ( 1)  0.132
 219 Q   1.00000 0.00000 0.00000 ( 1)  0.132
 220 Q   1.00000 0.00000 0.00000 ( 1)  0.132
 221 Q   1.00000 0.00000 0.00000 ( 1)  0.132
 222 L   1.00000 0.00000 0.00000 ( 1)  0.132
 223 A   1.00000 0.00000 0.00000 ( 1)  0.132
 224 E   1.00000 0.00000 0.00000 ( 1)  0.132
 225 A   1.00000 0.00000 0.00000 ( 1)  0.132
 226 Q   1.00000 0.00000 0.00000 ( 1)  0.132
 227 Q   1.00000 0.00000 0.00000 ( 1)  0.132
 228 V   1.00000 0.00000 0.00000 ( 1)  0.132
 229 L   1.00000 0.00000 0.00000 ( 1)  0.132
 230 A   1.00000 0.00000 0.00000 ( 1)  0.132
 231 E   1.00000 0.00000 0.00000 ( 1)  0.132
 232 Y   1.00000 0.00000 0.00000 ( 1)  0.132
 233 E   1.00000 0.00000 0.00000 ( 1)  0.132
 234 R   1.00000 0.00000 0.00000 ( 1)  0.132
 235 L   1.00000 0.00000 0.00000 ( 1)  0.132
 236 L   1.00000 0.00000 0.00000 ( 1)  0.132
 237 Q   1.00000 0.00000 0.00000 ( 1)  0.132
 238 T   1.00000 0.00000 0.00000 ( 1)  0.132
 239 L   1.00000 0.00000 0.00000 ( 1)  0.132
 240 Q   1.00000 0.00000 0.00000 ( 1)  0.132
 241 A   1.00000 0.00000 0.00000 ( 1)  0.132
 242 A   1.00000 0.00000 0.00000 ( 1)  0.132
 243 Q   1.00000 0.00000 0.00000 ( 1)  0.132
 244 Q   1.00000 0.00000 0.00000 ( 1)  0.132
 245 Q   1.00000 0.00000 0.00000 ( 1)  0.132
 246 R   1.00000 0.00000 0.00000 ( 1)  0.132
 247 Q   1.00000 0.00000 0.00000 ( 1)  0.132
 248 L   1.00000 0.00000 0.00000 ( 1)  0.132
 249 Q   1.00000 0.00000 0.00000 ( 1)  0.132
 250 M   1.00000 0.00000 0.00000 ( 1)  0.132
 251 Q   1.00000 0.00000 0.00000 ( 1)  0.132
 252 E   1.00000 0.00000 0.00000 ( 1)  0.132
 253 M   1.00000 0.00000 0.00000 ( 1)  0.132
 254 A   1.00000 0.00000 0.00000 ( 1)  0.132
 255 V   1.00000 0.00000 0.00000 ( 1)  0.132
 256 A   1.00000 0.00000 0.00000 ( 1)  0.132
 257 A   1.00000 0.00000 0.00000 ( 1)  0.132
 258 A   1.00000 0.00000 0.00000 ( 1)  0.132
 259 A   1.00000 0.00000 0.00000 ( 1)  0.132
 260 A   1.00000 0.00000 0.00000 ( 1)  0.132
 261 A   1.00000 0.00000 0.00000 ( 1)  0.132
 262 T   1.00000 0.00000 0.00000 ( 1)  0.132
 263 V   1.00000 0.00000 0.00000 ( 1)  0.132
 264 G   1.00000 0.00000 0.00000 ( 1)  0.132
 265 V   1.00000 0.00000 0.00000 ( 1)  0.132
 266 S   1.00000 0.00000 0.00000 ( 1)  0.132
 267 A   1.00000 0.00000 0.00000 ( 1)  0.132
 268 V   1.00000 0.00000 0.00000 ( 1)  0.132
 269 P   1.00000 0.00000 0.00000 ( 1)  0.132
 270 I   1.00000 0.00000 0.00000 ( 1)  0.132
 271 S   1.00000 0.00000 0.00000 ( 1)  0.132
 272 G   1.00000 0.00000 0.00000 ( 1)  0.132
 273 H   1.00000 0.00000 0.00000 ( 1)  0.132
 274 Q   1.00000 0.00000 0.00000 ( 1)  0.132
 275 Q   1.00000 0.00000 0.00000 ( 1)  0.132
 276 Q   1.00000 0.00000 0.00000 ( 1)  0.132
 277 P   1.00000 0.00000 0.00000 ( 1)  0.132
 278 P   1.00000 0.00000 0.00000 ( 1)  0.132
 279 L   1.00000 0.00000 0.00000 ( 1)  0.132
 280 P   1.00000 0.00000 0.00000 ( 1)  0.132
 281 L   1.00000 0.00000 0.00000 ( 1)  0.132
 282 T   1.00000 0.00000 0.00000 ( 1)  0.132
 283 S   1.00000 0.00000 0.00000 ( 1)  0.132
 284 L   1.00000 0.00000 0.00000 ( 1)  0.132
 285 S   1.00000 0.00000 0.00000 ( 1)  0.132
 286 N   1.00000 0.00000 0.00000 ( 1)  0.132
 287 Q   1.00000 0.00000 0.00000 ( 1)  0.132
 288 S   1.00000 0.00000 0.00000 ( 1)  0.132
 289 R   1.00000 0.00000 0.00000 ( 1)  0.132
 290 H   1.00000 0.00000 0.00000 ( 1)  0.132
 291 R   1.00000 0.00000 0.00000 ( 1)  0.132
 292 L   1.00000 0.00000 0.00000 ( 1)  0.132
 293 M   1.00000 0.00000 0.00000 ( 1)  0.132
 294 N   1.00000 0.00000 0.00000 ( 1)  0.132
 295 P   1.00000 0.00000 0.00000 ( 1)  0.132
 296 T   1.00000 0.00000 0.00000 ( 1)  0.132
 297 Y   1.00000 0.00000 0.00000 ( 1)  0.132
 298 Q   1.00000 0.00000 0.00000 ( 1)  0.132
 299 Q   1.00000 0.00000 0.00000 ( 1)  0.132
 300 Q   1.00000 0.00000 0.00000 ( 1)  0.132
 301 H   1.00000 0.00000 0.00000 ( 1)  0.132
 302 Q   1.00000 0.00000 0.00000 ( 1)  0.132
 303 L   1.00000 0.00000 0.00000 ( 1)  0.132
 304 E   1.00000 0.00000 0.00000 ( 1)  0.132
 305 P   1.00000 0.00000 0.00000 ( 1)  0.132
 306 H   1.00000 0.00000 0.00000 ( 1)  0.132
 307 Q   1.00000 0.00000 0.00000 ( 1)  0.132
 308 Q   1.00000 0.00000 0.00000 ( 1)  0.132
 309 H   1.00000 0.00000 0.00000 ( 1)  0.132
 310 H   1.00000 0.00000 0.00000 ( 1)  0.132
 311 Q   1.00000 0.00000 0.00000 ( 1)  0.132
 312 Q   1.00000 0.00000 0.00000 ( 1)  0.132
 313 Q   1.00000 0.00000 0.00000 ( 1)  0.132
 314 Q   1.00000 0.00000 0.00000 ( 1)  0.132
 315 Q   1.00000 0.00000 0.00000 ( 1)  0.132
 316 Q   1.00000 0.00000 0.00000 ( 1)  0.132
 317 Q   1.00000 0.00000 0.00000 ( 1)  0.132
 318 Q   1.00000 0.00000 0.00000 ( 1)  0.132
 319 Q   1.00000 0.00000 0.00000 ( 1)  0.132
 320 S   1.00000 0.00000 0.00000 ( 1)  0.132
 321 A   1.00000 0.00000 0.00000 ( 1)  0.132
 322 A   1.00000 0.00000 0.00000 ( 1)  0.132
 323 A   1.00000 0.00000 0.00000 ( 1)  0.132
 324 K   1.00000 0.00000 0.00000 ( 1)  0.132
 325 K   1.00000 0.00000 0.00000 ( 1)  0.132
 326 P   1.00000 0.00000 0.00000 ( 1)  0.132
 327 R   1.00000 0.00000 0.00000 ( 1)  0.132
 328 K   1.00000 0.00000 0.00000 ( 1)  0.132
 329 D   1.00000 0.00000 0.00000 ( 1)  0.132
 330 P   1.00000 0.00000 0.00000 ( 1)  0.132
 331 R   1.00000 0.00000 0.00000 ( 1)  0.132
 332 C   1.00000 0.00000 0.00000 ( 1)  0.132
 333 Q   1.00000 0.00000 0.00000 ( 1)  0.132
 334 D   1.00000 0.00000 0.00000 ( 1)  0.132
 335 G   1.00000 0.00000 0.00000 ( 1)  0.132
 336 P   1.00000 0.00000 0.00000 ( 1)  0.132
 337 E   1.00000 0.00000 0.00000 ( 1)  0.132
 338 K   1.00000 0.00000 0.00000 ( 1)  0.132
 339 D   1.00000 0.00000 0.00000 ( 1)  0.132
 340 W   1.00000 0.00000 0.00000 ( 1)  0.132
 341 V   1.00000 0.00000 0.00000 ( 1)  0.132
 342 D   1.00000 0.00000 0.00000 ( 1)  0.132
 343 P   1.00000 0.00000 0.00000 ( 1)  0.132
 344 S   1.00000 0.00000 0.00000 ( 1)  0.132
 345 F   1.00000 0.00000 0.00000 ( 1)  0.132
 346 V   1.00000 0.00000 0.00000 ( 1)  0.132
 347 P   1.00000 0.00000 0.00000 ( 1)  0.132
 348 T   1.00000 0.00000 0.00000 ( 1)  0.132
 349 V   1.00000 0.00000 0.00000 ( 1)  0.132
 350 S   1.00000 0.00000 0.00000 ( 1)  0.132
 351 E   1.00000 0.00000 0.00000 ( 1)  0.132
 352 D   1.00000 0.00000 0.00000 ( 1)  0.132
 353 G   1.00000 0.00000 0.00000 ( 1)  0.132
 354 K   1.00000 0.00000 0.00000 ( 1)  0.132
 355 F   1.00000 0.00000 0.00000 ( 1)  0.132
 356 V   1.00000 0.00000 0.00000 ( 1)  0.132
 357 I   1.00000 0.00000 0.00000 ( 1)  0.132
 358 L   1.00000 0.00000 0.00000 ( 1)  0.132
 359 S   1.00000 0.00000 0.00000 ( 1)  0.132
 360 D   1.00000 0.00000 0.00000 ( 1)  0.132
 361 A   1.00000 0.00000 0.00000 ( 1)  0.132
 362 H   1.00000 0.00000 0.00000 ( 1)  0.132
 363 P   1.00000 0.00000 0.00000 ( 1)  0.132
 364 A   1.00000 0.00000 0.00000 ( 1)  0.132
 365 V   1.00000 0.00000 0.00000 ( 1)  0.132
 366 S   1.00000 0.00000 0.00000 ( 1)  0.132
 367 M   1.00000 0.00000 0.00000 ( 1)  0.132
 368 T   1.00000 0.00000 0.00000 ( 1)  0.132
 369 L   1.00000 0.00000 0.00000 ( 1)  0.132
 370 A   1.00000 0.00000 0.00000 ( 1)  0.132
 371 D   1.00000 0.00000 0.00000 ( 1)  0.132
 372 Y   1.00000 0.00000 0.00000 ( 1)  0.132
 373 Q   1.00000 0.00000 0.00000 ( 1)  0.132
 374 E   1.00000 0.00000 0.00000 ( 1)  0.132
 375 S   1.00000 0.00000 0.00000 ( 1)  0.132
 376 I   1.00000 0.00000 0.00000 ( 1)  0.132
 377 S   1.00000 0.00000 0.00000 ( 1)  0.132
 378 R   1.00000 0.00000 0.00000 ( 1)  0.132
 379 A   1.00000 0.00000 0.00000 ( 1)  0.132
 380 S   1.00000 0.00000 0.00000 ( 1)  0.132
 381 G   1.00000 0.00000 0.00000 ( 1)  0.132
 382 S   1.00000 0.00000 0.00000 ( 1)  0.132
 383 A   1.00000 0.00000 0.00000 ( 1)  0.132
 384 T   1.00000 0.00000 0.00000 ( 1)  0.132
 385 R   1.00000 0.00000 0.00000 ( 1)  0.132
 386 H   1.00000 0.00000 0.00000 ( 1)  0.132
 387 L   1.00000 0.00000 0.00000 ( 1)  0.132
 388 R   1.00000 0.00000 0.00000 ( 1)  0.132
 389 I   1.00000 0.00000 0.00000 ( 1)  0.132
 390 L   1.00000 0.00000 0.00000 ( 1)  0.132
 391 M   1.00000 0.00000 0.00000 ( 1)  0.132
 392 K   1.00000 0.00000 0.00000 ( 1)  0.132
 393 H   1.00000 0.00000 0.00000 ( 1)  0.132
 394 F   1.00000 0.00000 0.00000 ( 1)  0.132
 395 F   1.00000 0.00000 0.00000 ( 1)  0.132
 396 S   1.00000 0.00000 0.00000 ( 1)  0.132
 397 Q   1.00000 0.00000 0.00000 ( 1)  0.132
 398 G   1.00000 0.00000 0.00000 ( 1)  0.132
 399 T   1.00000 0.00000 0.00000 ( 1)  0.132
 400 L   1.00000 0.00000 0.00000 ( 1)  0.132
 401 A   1.00000 0.00000 0.00000 ( 1)  0.132
 402 K   1.00000 0.00000 0.00000 ( 1)  0.132
 403 S   1.00000 0.00000 0.00000 ( 1)  0.132
 404 S   1.00000 0.00000 0.00000 ( 1)  0.132
 405 L   1.00000 0.00000 0.00000 ( 1)  0.132
 406 T   1.00000 0.00000 0.00000 ( 1)  0.132
 407 G   1.00000 0.00000 0.00000 ( 1)  0.132
 408 N   1.00000 0.00000 0.00000 ( 1)  0.132
 409 G   1.00000 0.00000 0.00000 ( 1)  0.132
 410 Q   1.00000 0.00000 0.00000 ( 1)  0.132
 411 Y   1.00000 0.00000 0.00000 ( 1)  0.132
 412 K   1.00000 0.00000 0.00000 ( 1)  0.132
 413 E   1.00000 0.00000 0.00000 ( 1)  0.132
 414 V   1.00000 0.00000 0.00000 ( 1)  0.132
 415 L   1.00000 0.00000 0.00000 ( 1)  0.132
 416 D   1.00000 0.00000 0.00000 ( 1)  0.132
 417 E   1.00000 0.00000 0.00000 ( 1)  0.132
 418 N   1.00000 0.00000 0.00000 ( 1)  0.132
 419 L   1.00000 0.00000 0.00000 ( 1)  0.132
 420 T   1.00000 0.00000 0.00000 ( 1)  0.132
 421 M   1.00000 0.00000 0.00000 ( 1)  0.132
 422 G   1.00000 0.00000 0.00000 ( 1)  0.132
 423 I   1.00000 0.00000 0.00000 ( 1)  0.132
 424 R   1.00000 0.00000 0.00000 ( 1)  0.132
 425 D   1.00000 0.00000 0.00000 ( 1)  0.132
 426 Y   1.00000 0.00000 0.00000 ( 1)  0.132
 427 I   1.00000 0.00000 0.00000 ( 1)  0.132
 428 Q   1.00000 0.00000 0.00000 ( 1)  0.132
 429 H   1.00000 0.00000 0.00000 ( 1)  0.132
 430 R   1.00000 0.00000 0.00000 ( 1)  0.132
 431 Y   1.00000 0.00000 0.00000 ( 1)  0.132
 432 P   1.00000 0.00000 0.00000 ( 1)  0.132
 433 K   1.00000 0.00000 0.00000 ( 1)  0.132
 434 L   1.00000 0.00000 0.00000 ( 1)  0.132
 435 K   1.00000 0.00000 0.00000 ( 1)  0.132
 436 S   1.00000 0.00000 0.00000 ( 1)  0.132
 437 A   1.00000 0.00000 0.00000 ( 1)  0.132
 438 K   1.00000 0.00000 0.00000 ( 1)  0.132
 439 I   1.00000 0.00000 0.00000 ( 1)  0.132
 440 N   1.00000 0.00000 0.00000 ( 1)  0.132
 441 L   1.00000 0.00000 0.00000 ( 1)  0.132
 442 C   1.00000 0.00000 0.00000 ( 1)  0.132
 443 C   1.00000 0.00000 0.00000 ( 1)  0.132
 444 T   1.00000 0.00000 0.00000 ( 1)  0.132
 445 D   1.00000 0.00000 0.00000 ( 1)  0.132
 446 V   1.00000 0.00000 0.00000 ( 1)  0.132
 447 C   1.00000 0.00000 0.00000 ( 1)  0.132
 448 V   1.00000 0.00000 0.00000 ( 1)  0.132
 449 Q   1.00000 0.00000 0.00000 ( 1)  0.132
 450 A   1.00000 0.00000 0.00000 ( 1)  0.132
 451 R   1.00000 0.00000 0.00000 ( 1)  0.132
 452 R   1.00000 0.00000 0.00000 ( 1)  0.132
 453 V   1.00000 0.00000 0.00000 ( 1)  0.132
 454 I   1.00000 0.00000 0.00000 ( 1)  0.132
 455 E   1.00000 0.00000 0.00000 ( 1)  0.132
 456 K   1.00000 0.00000 0.00000 ( 1)  0.132
 457 Q   1.00000 0.00000 0.00000 ( 1)  0.132
 458 A   1.00000 0.00000 0.00000 ( 1)  0.132
 459 R   1.00000 0.00000 0.00000 ( 1)  0.132
 460 G   1.00000 0.00000 0.00000 ( 1)  0.132
 461 T   1.00000 0.00000 0.00000 ( 1)  0.132
 462 S   1.00000 0.00000 0.00000 ( 1)  0.132
 463 G   1.00000 0.00000 0.00000 ( 1)  0.132
 464 G   1.00000 0.00000 0.00000 ( 1)  0.132
 465 G   1.00000 0.00000 0.00000 ( 1)  0.132
 466 V   1.00000 0.00000 0.00000 ( 1)  0.132
 467 V   1.00000 0.00000 0.00000 ( 1)  0.132
 468 V   1.00000 0.00000 0.00000 ( 1)  0.132
 469 G   1.00000 0.00000 0.00000 ( 1)  0.132
 470 V   1.00000 0.00000 0.00000 ( 1)  0.132
 471 T   1.00000 0.00000 0.00000 ( 1)  0.132
 472 S   1.00000 0.00000 0.00000 ( 1)  0.132
 473 L   1.00000 0.00000 0.00000 ( 1)  0.132
 474 G   1.00000 0.00000 0.00000 ( 1)  0.132
 475 R   1.00000 0.00000 0.00000 ( 1)  0.132
 476 P   1.00000 0.00000 0.00000 ( 1)  0.132
 477 R   1.00000 0.00000 0.00000 ( 1)  0.132
 478 S   1.00000 0.00000 0.00000 ( 1)  0.132
 479 N   1.00000 0.00000 0.00000 ( 1)  0.132
 480 D   1.00000 0.00000 0.00000 ( 1)  0.132
 481 A   1.00000 0.00000 0.00000 ( 1)  0.132
 482 A   1.00000 0.00000 0.00000 ( 1)  0.132
 483 A   1.00000 0.00000 0.00000 ( 1)  0.132
 484 V   1.00000 0.00000 0.00000 ( 1)  0.132
 485 A   1.00000 0.00000 0.00000 ( 1)  0.132
 486 A   1.00000 0.00000 0.00000 ( 1)  0.132
 487 S   1.00000 0.00000 0.00000 ( 1)  0.132
 488 A   1.00000 0.00000 0.00000 ( 1)  0.132
 489 K   1.00000 0.00000 0.00000 ( 1)  0.132
 490 V   1.00000 0.00000 0.00000 ( 1)  0.132
 491 Q   1.00000 0.00000 0.00000 ( 1)  0.132
 492 R   1.00000 0.00000 0.00000 ( 1)  0.132
 493 S   1.00000 0.00000 0.00000 ( 1)  0.132
 494 M   1.00000 0.00000 0.00000 ( 1)  0.132
 495 S   1.00000 0.00000 0.00000 ( 1)  0.132
 496 P   1.00000 0.00000 0.00000 ( 1)  0.132
 497 S   1.00000 0.00000 0.00000 ( 1)  0.132
 498 T   1.00000 0.00000 0.00000 ( 1)  0.132
 499 E   1.00000 0.00000 0.00000 ( 1)  0.132
 500 S   1.00000 0.00000 0.00000 ( 1)  0.132
 501 A   1.00000 0.00000 0.00000 ( 1)  0.132
 502 A   1.00000 0.00000 0.00000 ( 1)  0.132
 503 G   1.00000 0.00000 0.00000 ( 1)  0.132
 504 A   1.00000 0.00000 0.00000 ( 1)  0.132
 505 A   1.00000 0.00000 0.00000 ( 1)  0.132
 506 A   1.00000 0.00000 0.00000 ( 1)  0.132
 507 V   1.00000 0.00000 0.00000 ( 1)  0.132
 508 A   1.00000 0.00000 0.00000 ( 1)  0.132
 509 N   1.00000 0.00000 0.00000 ( 1)  0.132
 510 Y   1.00000 0.00000 0.00000 ( 1)  0.132
 511 R   1.00000 0.00000 0.00000 ( 1)  0.132
 512 D   1.00000 0.00000 0.00000 ( 1)  0.132
 513 S   1.00000 0.00000 0.00000 ( 1)  0.132
 514 S   1.00000 0.00000 0.00000 ( 1)  0.132
 515 S   1.00000 0.00000 0.00000 ( 1)  0.132
 516 M   1.00000 0.00000 0.00000 ( 1)  0.132
 517 D   1.00000 0.00000 0.00000 ( 1)  0.132
 518 Y   1.00000 0.00000 0.00000 ( 1)  0.132
 519 G   1.00000 0.00000 0.00000 ( 1)  0.132
 520 E   1.00000 0.00000 0.00000 ( 1)  0.132
 521 D   1.00000 0.00000 0.00000 ( 1)  0.132
 522 Q   1.00000 0.00000 0.00000 ( 1)  0.132
 523 A   1.00000 0.00000 0.00000 ( 1)  0.132
 524 E   1.00000 0.00000 0.00000 ( 1)  0.132
 525 D   1.00000 0.00000 0.00000 ( 1)  0.132
 526 G   1.00000 0.00000 0.00000 ( 1)  0.132
 527 S   1.00000 0.00000 0.00000 ( 1)  0.132
 528 E   1.00000 0.00000 0.00000 ( 1)  0.132
 529 A   1.00000 0.00000 0.00000 ( 1)  0.132
 530 S   1.00000 0.00000 0.00000 ( 1)  0.132
 531 S   1.00000 0.00000 0.00000 ( 1)  0.132
 532 H   1.00000 0.00000 0.00000 ( 1)  0.132
 533 D   1.00000 0.00000 0.00000 ( 1)  0.132
 534 L   1.00000 0.00000 0.00000 ( 1)  0.132
 535 T   1.00000 0.00000 0.00000 ( 1)  0.132
 536 P   1.00000 0.00000 0.00000 ( 1)  0.132
 537 D   1.00000 0.00000 0.00000 ( 1)  0.132
 538 L   1.00000 0.00000 0.00000 ( 1)  0.132
 539 N   1.00000 0.00000 0.00000 ( 1)  0.132
 540 P   1.00000 0.00000 0.00000 ( 1)  0.132
 541 S   1.00000 0.00000 0.00000 ( 1)  0.132
 542 S   1.00000 0.00000 0.00000 ( 1)  0.132
 543 L   1.00000 0.00000 0.00000 ( 1)  0.132
 544 N   1.00000 0.00000 0.00000 ( 1)  0.132
 545 L   1.00000 0.00000 0.00000 ( 1)  0.132
 546 H   1.00000 0.00000 0.00000 ( 1)  0.132
 547 R   1.00000 0.00000 0.00000 ( 1)  0.132
 548 L   1.00000 0.00000 0.00000 ( 1)  0.132
 549 H   1.00000 0.00000 0.00000 ( 1)  0.132
 550 P   1.00000 0.00000 0.00000 ( 1)  0.132
 551 I   1.00000 0.00000 0.00000 ( 1)  0.132
 552 D   1.00000 0.00000 0.00000 ( 1)  0.132
 553 S   1.00000 0.00000 0.00000 ( 1)  0.132
 554 P   1.00000 0.00000 0.00000 ( 1)  0.132
 555 I   1.00000 0.00000 0.00000 ( 1)  0.132
 556 D   1.00000 0.00000 0.00000 ( 1)  0.132

Positively selected sites

	Prob(w>1)  mean w



lnL = -2265.157323

Bayes Empirical Bayes (BEB) probabilities for 3 classes (class) & postmean_w
(amino acids refer to 1st sequence: Msl.45473)

   1 M   0.90497 0.06034 0.03469 ( 1)  0.217 +-  0.576
   2 D   0.90422 0.06056 0.03522 ( 1)  0.220 +-  0.585
   3 S   0.90199 0.06143 0.03659 ( 1)  0.225 +-  0.603
   4 S   0.90314 0.06100 0.03585 ( 1)  0.222 +-  0.592
   5 A   0.90282 0.06105 0.03613 ( 1)  0.224 +-  0.599
   6 A   0.89668 0.06322 0.04010 ( 1)  0.240 +-  0.654
   7 A   0.89668 0.06322 0.04010 ( 1)  0.240 +-  0.654
   8 A   0.90445 0.06043 0.03512 ( 1)  0.220 +-  0.586
   9 N   0.89677 0.06320 0.04003 ( 1)  0.240 +-  0.652
  10 R   0.90297 0.06104 0.03600 ( 1)  0.223 +-  0.596
  11 R   0.90190 0.06143 0.03666 ( 1)  0.226 +-  0.605
  12 K   0.90511 0.06024 0.03464 ( 1)  0.217 +-  0.577
  13 A   0.90282 0.06105 0.03613 ( 1)  0.224 +-  0.599
  14 Q   0.90144 0.06158 0.03698 ( 1)  0.227 +-  0.610
  15 A   0.90445 0.06043 0.03512 ( 1)  0.220 +-  0.586
  16 P   0.90123 0.06164 0.03713 ( 1)  0.228 +-  0.613
  17 K   0.90511 0.06024 0.03464 ( 1)  0.217 +-  0.577
  18 R   0.90297 0.06104 0.03600 ( 1)  0.223 +-  0.596
  19 L   0.90220 0.06132 0.03648 ( 1)  0.225 +-  0.602
  20 M   0.90497 0.06034 0.03469 ( 1)  0.217 +-  0.576
  21 P   0.90123 0.06164 0.03713 ( 1)  0.228 +-  0.613
  22 Q   0.89631 0.06335 0.04034 ( 1)  0.241 +-  0.657
  23 S   0.90314 0.06100 0.03585 ( 1)  0.222 +-  0.592
  24 W   0.89894 0.06249 0.03857 ( 1)  0.233 +-  0.631
  25 A   0.90282 0.06105 0.03613 ( 1)  0.224 +-  0.599
  26 G   0.90316 0.06098 0.03587 ( 1)  0.222 +-  0.593
  27 Q   0.90144 0.06158 0.03698 ( 1)  0.227 +-  0.610
  28 Q   0.90144 0.06158 0.03698 ( 1)  0.227 +-  0.610
  29 Q   0.90144 0.06158 0.03698 ( 1)  0.227 +-  0.610
  30 P   0.90265 0.06111 0.03624 ( 1)  0.224 +-  0.601
  31 Q   0.90144 0.06158 0.03698 ( 1)  0.227 +-  0.610
  32 Q   0.90144 0.06158 0.03698 ( 1)  0.227 +-  0.610
  33 R   0.89543 0.06363 0.04094 ( 1)  0.243 +-  0.666
  34 R   0.90190 0.06143 0.03666 ( 1)  0.226 +-  0.605
  35 Q   0.89631 0.06335 0.04034 ( 1)  0.241 +-  0.657
  36 I   0.89918 0.06241 0.03841 ( 1)  0.233 +-  0.628
  37 R   0.89645 0.06331 0.04024 ( 1)  0.240 +-  0.656
  38 S   0.90262 0.06120 0.03618 ( 1)  0.223 +-  0.597
  39 G   0.90316 0.06098 0.03587 ( 1)  0.222 +-  0.593
  40 S   0.90262 0.06120 0.03618 ( 1)  0.223 +-  0.597
  41 I   0.90249 0.06125 0.03626 ( 1)  0.224 +-  0.598
  42 S   0.90262 0.06120 0.03618 ( 1)  0.223 +-  0.597
  43 E   0.89786 0.06284 0.03930 ( 1)  0.237 +-  0.642
  44 E   0.90516 0.06018 0.03466 ( 1)  0.218 +-  0.579
  45 E   0.89786 0.06284 0.03930 ( 1)  0.237 +-  0.642
  46 G   0.90316 0.06098 0.03587 ( 1)  0.222 +-  0.593
  47 S   0.90262 0.06120 0.03618 ( 1)  0.223 +-  0.597
  48 S   0.89598 0.06346 0.04056 ( 1)  0.242 +-  0.660
  49 S   0.90314 0.06100 0.03585 ( 1)  0.222 +-  0.592
  50 T   0.89685 0.06317 0.03997 ( 1)  0.239 +-  0.652
  51 P   0.90265 0.06111 0.03624 ( 1)  0.224 +-  0.601
  52 T   0.89685 0.06317 0.03997 ( 1)  0.239 +-  0.652
  53 E   0.90137 0.06152 0.03711 ( 1)  0.228 +-  0.615
  54 A   0.90282 0.06105 0.03613 ( 1)  0.224 +-  0.599
  55 A   0.89668 0.06322 0.04010 ( 1)  0.240 +-  0.654
  56 D   0.89728 0.06303 0.03968 ( 1)  0.238 +-  0.647
  57 E   0.30586 0.26219 0.43195 ( 3)  1.803 +-  2.078
  58 M   0.90497 0.06034 0.03469 ( 1)  0.217 +-  0.576
  59 Q   0.90144 0.06158 0.03698 ( 1)  0.227 +-  0.610
  60 R   0.89543 0.06363 0.04094 ( 1)  0.243 +-  0.666
  61 Q   0.89631 0.06335 0.04034 ( 1)  0.241 +-  0.657
  62 S   0.90314 0.06100 0.03585 ( 1)  0.222 +-  0.592
  63 N   0.89677 0.06320 0.04003 ( 1)  0.240 +-  0.652
  64 S   0.90262 0.06120 0.03618 ( 1)  0.223 +-  0.597
  65 D   0.89728 0.06303 0.03968 ( 1)  0.238 +-  0.647
  66 R   0.89645 0.06331 0.04024 ( 1)  0.240 +-  0.656
  67 Q   0.89631 0.06335 0.04034 ( 1)  0.241 +-  0.657
  68 S   0.90262 0.06120 0.03618 ( 1)  0.223 +-  0.597
  69 S   0.89921 0.06234 0.03845 ( 1)  0.233 +-  0.631
  70 R   0.90190 0.06143 0.03666 ( 1)  0.226 +-  0.605
  71 M   0.90497 0.06034 0.03469 ( 1)  0.217 +-  0.576
  72 S   0.90262 0.06120 0.03618 ( 1)  0.223 +-  0.597
  73 L   0.90220 0.06132 0.03648 ( 1)  0.225 +-  0.602
  74 K   0.90511 0.06024 0.03464 ( 1)  0.217 +-  0.577
  75 D   0.90422 0.06056 0.03522 ( 1)  0.220 +-  0.585
  76 Y   0.89515 0.06372 0.04113 ( 1)  0.244 +-  0.669
  77 F   0.89492 0.06380 0.04128 ( 1)  0.245 +-  0.671
  78 A   0.89668 0.06322 0.04010 ( 1)  0.240 +-  0.654
  79 G   0.90316 0.06098 0.03587 ( 1)  0.222 +-  0.593
  80 V   0.89577 0.06353 0.04071 ( 1)  0.242 +-  0.663
  81 Q   0.90144 0.06158 0.03698 ( 1)  0.227 +-  0.610
  82 A   0.90282 0.06105 0.03613 ( 1)  0.224 +-  0.599
  83 I   0.90249 0.06125 0.03626 ( 1)  0.224 +-  0.598
  84 A   0.89563 0.06356 0.04081 ( 1)  0.243 +-  0.664
  85 Q   0.90144 0.06158 0.03698 ( 1)  0.227 +-  0.610
  86 Q   0.90144 0.06158 0.03698 ( 1)  0.227 +-  0.610
  87 A   0.90282 0.06105 0.03613 ( 1)  0.224 +-  0.599
  88 T   0.89576 0.06353 0.04071 ( 1)  0.243 +-  0.663
  89 A   0.90445 0.06043 0.03512 ( 1)  0.220 +-  0.586
  90 A   0.89563 0.06356 0.04081 ( 1)  0.243 +-  0.664
  91 A   0.90282 0.06105 0.03613 ( 1)  0.224 +-  0.599
  92 T   0.89685 0.06317 0.03997 ( 1)  0.239 +-  0.652
  93 A   0.90445 0.06043 0.03512 ( 1)  0.220 +-  0.586
  94 A   0.90445 0.06043 0.03512 ( 1)  0.220 +-  0.586
  95 A   0.90445 0.06043 0.03512 ( 1)  0.220 +-  0.586
  96 A   0.90282 0.06105 0.03613 ( 1)  0.224 +-  0.599
  97 A   0.89563 0.06356 0.04081 ( 1)  0.243 +-  0.664
  98 P   0.90265 0.06111 0.03624 ( 1)  0.224 +-  0.601
  99 L   0.90220 0.06132 0.03648 ( 1)  0.225 +-  0.602
 100 D   0.90422 0.06056 0.03522 ( 1)  0.220 +-  0.585
 101 L   0.90210 0.06136 0.03654 ( 1)  0.225 +-  0.603
 102 T   0.90502 0.06027 0.03471 ( 1)  0.218 +-  0.578
 103 K   0.90511 0.06024 0.03464 ( 1)  0.217 +-  0.577
 104 T   0.89685 0.06317 0.03997 ( 1)  0.239 +-  0.652
 105 S   0.89596 0.06346 0.04057 ( 1)  0.242 +-  0.661
 106 T   0.89685 0.06317 0.03997 ( 1)  0.239 +-  0.652
 107 I   0.90249 0.06125 0.03626 ( 1)  0.224 +-  0.598
 108 S   0.90262 0.06120 0.03618 ( 1)  0.223 +-  0.597
 109 A   0.90445 0.06043 0.03512 ( 1)  0.220 +-  0.586
 110 N   0.90401 0.06067 0.03532 ( 1)  0.220 +-  0.585
 111 G   0.89570 0.06355 0.04075 ( 1)  0.243 +-  0.663
 112 G   0.90316 0.06098 0.03587 ( 1)  0.222 +-  0.593
 113 S   0.89598 0.06346 0.04056 ( 1)  0.242 +-  0.660
 114 D   0.90422 0.06056 0.03522 ( 1)  0.220 +-  0.585
 115 G   0.90316 0.06098 0.03587 ( 1)  0.222 +-  0.593
 116 G   0.90316 0.06098 0.03587 ( 1)  0.222 +-  0.593
 117 G   0.90316 0.06098 0.03587 ( 1)  0.222 +-  0.593
 118 S   0.90262 0.06120 0.03618 ( 1)  0.223 +-  0.597
 119 S   0.90262 0.06120 0.03618 ( 1)  0.223 +-  0.597
 120 G   0.89668 0.06323 0.04009 ( 1)  0.240 +-  0.654
 121 N   0.89677 0.06320 0.04003 ( 1)  0.240 +-  0.652
 122 L   0.90220 0.06132 0.03648 ( 1)  0.225 +-  0.602
 123 P   0.89594 0.06346 0.04060 ( 1)  0.242 +-  0.661
 124 A   0.90445 0.06043 0.03512 ( 1)  0.220 +-  0.586
 125 S   0.90314 0.06100 0.03585 ( 1)  0.222 +-  0.592
 126 L   0.90220 0.06132 0.03648 ( 1)  0.225 +-  0.602
 127 P   0.90123 0.06164 0.03713 ( 1)  0.228 +-  0.613
 128 P   0.90265 0.06111 0.03624 ( 1)  0.224 +-  0.601
 129 L   0.90210 0.06136 0.03654 ( 1)  0.225 +-  0.603
 130 G   0.89570 0.06355 0.04075 ( 1)  0.243 +-  0.663
 131 P   0.90265 0.06111 0.03624 ( 1)  0.224 +-  0.601
 132 T   0.90502 0.06027 0.03471 ( 1)  0.218 +-  0.578
 133 V   0.89577 0.06353 0.04071 ( 1)  0.242 +-  0.663
 134 F   0.90023 0.06205 0.03771 ( 1)  0.230 +-  0.618
 135 L   0.90220 0.06132 0.03648 ( 1)  0.225 +-  0.602
 136 P   0.90265 0.06111 0.03624 ( 1)  0.224 +-  0.601
 137 F   0.90023 0.06205 0.03771 ( 1)  0.230 +-  0.618
 138 P   0.90265 0.06111 0.03624 ( 1)  0.224 +-  0.601
 139 L   0.90220 0.06132 0.03648 ( 1)  0.225 +-  0.602
 140 G   0.90316 0.06098 0.03587 ( 1)  0.222 +-  0.593
 141 G   0.89668 0.06323 0.04009 ( 1)  0.240 +-  0.654
 142 A   0.90445 0.06043 0.03512 ( 1)  0.220 +-  0.586
 143 P   0.90265 0.06111 0.03624 ( 1)  0.224 +-  0.601
 144 H   0.90262 0.06116 0.03622 ( 1)  0.224 +-  0.599
 145 Q   0.90144 0.06158 0.03698 ( 1)  0.227 +-  0.610
 146 S   0.90314 0.06100 0.03585 ( 1)  0.222 +-  0.592
 147 P   0.90265 0.06111 0.03624 ( 1)  0.224 +-  0.601
 148 R   0.90297 0.06104 0.03600 ( 1)  0.223 +-  0.596
 149 P   0.90265 0.06111 0.03624 ( 1)  0.224 +-  0.601
 150 Q   0.90144 0.06158 0.03698 ( 1)  0.227 +-  0.610
 151 S   0.90314 0.06100 0.03585 ( 1)  0.222 +-  0.592
 152 S   0.90199 0.06143 0.03659 ( 1)  0.225 +-  0.603
 153 S   0.90314 0.06100 0.03585 ( 1)  0.222 +-  0.592
 154 S   0.90314 0.06100 0.03585 ( 1)  0.222 +-  0.592
 155 P   0.90123 0.06164 0.03713 ( 1)  0.228 +-  0.613
 156 S   0.90199 0.06143 0.03659 ( 1)  0.225 +-  0.603
 157 S   0.90314 0.06100 0.03585 ( 1)  0.222 +-  0.592
 158 S   0.90199 0.06143 0.03659 ( 1)  0.225 +-  0.603
 159 T   0.90502 0.06027 0.03471 ( 1)  0.218 +-  0.578
 160 S   0.90199 0.06143 0.03659 ( 1)  0.225 +-  0.603
 161 G   0.90316 0.06098 0.03587 ( 1)  0.222 +-  0.593
 162 I   0.90249 0.06125 0.03626 ( 1)  0.224 +-  0.598
 163 G   0.90316 0.06098 0.03587 ( 1)  0.222 +-  0.593
 164 G   0.90316 0.06098 0.03587 ( 1)  0.222 +-  0.593
 165 A   0.90282 0.06105 0.03613 ( 1)  0.224 +-  0.599
 166 A   0.89937 0.06229 0.03833 ( 1)  0.233 +-  0.629
 167 N   0.90401 0.06067 0.03532 ( 1)  0.220 +-  0.585
 168 G   0.90316 0.06098 0.03587 ( 1)  0.222 +-  0.593
 169 S   0.90199 0.06143 0.03659 ( 1)  0.225 +-  0.603
 170 Q   0.90144 0.06158 0.03698 ( 1)  0.227 +-  0.610
 171 A   0.90445 0.06043 0.03512 ( 1)  0.220 +-  0.586
 172 P   0.89594 0.06346 0.04060 ( 1)  0.242 +-  0.661
 173 R   0.90340 0.06091 0.03569 ( 1)  0.222 +-  0.590
 174 T   0.90502 0.06027 0.03471 ( 1)  0.218 +-  0.578
 175 L   0.90210 0.06136 0.03654 ( 1)  0.225 +-  0.603
 176 E   0.89786 0.06284 0.03930 ( 1)  0.237 +-  0.642
 177 K   0.90511 0.06024 0.03464 ( 1)  0.217 +-  0.577
 178 C   0.90019 0.06207 0.03774 ( 1)  0.230 +-  0.619
 179 A   0.90445 0.06043 0.03512 ( 1)  0.220 +-  0.586
 180 E   0.89786 0.06284 0.03930 ( 1)  0.237 +-  0.642
 181 A   0.90282 0.06105 0.03613 ( 1)  0.224 +-  0.599
 182 A   0.31181 0.26424 0.42394 ( 3)  1.767 +-  2.055
 183 L   0.89907 0.06225 0.03868 ( 1)  0.235 +-  0.642
 184 E   0.90516 0.06018 0.03466 ( 1)  0.218 +-  0.579
 185 E   0.90516 0.06018 0.03466 ( 1)  0.218 +-  0.579
 186 T   0.90502 0.06027 0.03471 ( 1)  0.218 +-  0.578
 187 A   0.90074 0.06181 0.03745 ( 1)  0.229 +-  0.617
 188 G   0.90316 0.06098 0.03587 ( 1)  0.222 +-  0.593
 189 L   0.90205 0.06135 0.03659 ( 1)  0.225 +-  0.605
 190 A   0.90445 0.06043 0.03512 ( 1)  0.220 +-  0.586
 191 S   0.90314 0.06100 0.03585 ( 1)  0.222 +-  0.592
 192 A   0.90445 0.06043 0.03512 ( 1)  0.220 +-  0.586
 193 V   0.90334 0.06091 0.03575 ( 1)  0.222 +-  0.592
 194 S   0.90262 0.06120 0.03618 ( 1)  0.223 +-  0.597
 195 R   0.89543 0.06363 0.04094 ( 1)  0.243 +-  0.666
 196 M   0.90497 0.06034 0.03469 ( 1)  0.217 +-  0.576
 197 L   0.90220 0.06132 0.03648 ( 1)  0.225 +-  0.602
 198 R   0.90190 0.06143 0.03666 ( 1)  0.226 +-  0.605
 199 G   0.90316 0.06098 0.03587 ( 1)  0.222 +-  0.593
 200 L   0.90220 0.06132 0.03648 ( 1)  0.225 +-  0.602
 201 Q   0.90144 0.06158 0.03698 ( 1)  0.227 +-  0.610
 202 Q   0.90144 0.06158 0.03698 ( 1)  0.227 +-  0.610
 203 P   0.90265 0.06111 0.03624 ( 1)  0.224 +-  0.601
 204 S   0.90262 0.06120 0.03618 ( 1)  0.223 +-  0.597
 205 L   0.89382 0.06414 0.04204 ( 1)  0.248 +-  0.682
 206 S   0.90314 0.06100 0.03585 ( 1)  0.222 +-  0.592
 207 E   0.90516 0.06018 0.03466 ( 1)  0.218 +-  0.579
 208 V   0.90507 0.06026 0.03466 ( 1)  0.217 +-  0.577
 209 Q   0.90144 0.06158 0.03698 ( 1)  0.227 +-  0.610
 210 K   0.89748 0.06297 0.03955 ( 1)  0.238 +-  0.646
 211 A   0.90445 0.06043 0.03512 ( 1)  0.220 +-  0.586
 212 R   0.90190 0.06143 0.03666 ( 1)  0.226 +-  0.605
 213 G   0.90316 0.06098 0.03587 ( 1)  0.222 +-  0.593
 214 F   0.89492 0.06380 0.04128 ( 1)  0.245 +-  0.671
 215 I   0.90249 0.06125 0.03626 ( 1)  0.224 +-  0.598
 216 D   0.90422 0.06056 0.03522 ( 1)  0.220 +-  0.585
 217 G   0.90486 0.06034 0.03480 ( 1)  0.218 +-  0.579
 218 A   0.89563 0.06356 0.04081 ( 1)  0.243 +-  0.664
 219 Q   0.90144 0.06158 0.03698 ( 1)  0.227 +-  0.610
 220 Q   0.90144 0.06158 0.03698 ( 1)  0.227 +-  0.610
 221 Q   0.90144 0.06158 0.03698 ( 1)  0.227 +-  0.610
 222 L   0.90220 0.06132 0.03648 ( 1)  0.225 +-  0.602
 223 A   0.90282 0.06105 0.03613 ( 1)  0.224 +-  0.599
 224 E   0.90516 0.06018 0.03466 ( 1)  0.218 +-  0.579
 225 A   0.90445 0.06043 0.03512 ( 1)  0.220 +-  0.586
 226 Q   0.90144 0.06158 0.03698 ( 1)  0.227 +-  0.610
 227 Q   0.90144 0.06158 0.03698 ( 1)  0.227 +-  0.610
 228 V   0.90334 0.06091 0.03575 ( 1)  0.222 +-  0.592
 229 L   0.89907 0.06225 0.03868 ( 1)  0.235 +-  0.642
 230 A   0.90282 0.06105 0.03613 ( 1)  0.224 +-  0.599
 231 E   0.90516 0.06018 0.03466 ( 1)  0.218 +-  0.579
 232 Y   0.90166 0.06154 0.03679 ( 1)  0.226 +-  0.606
 233 E   0.90516 0.06018 0.03466 ( 1)  0.218 +-  0.579
 234 R   0.90340 0.06091 0.03569 ( 1)  0.222 +-  0.590
 235 L   0.90220 0.06132 0.03648 ( 1)  0.225 +-  0.602
 236 L   0.90220 0.06132 0.03648 ( 1)  0.225 +-  0.602
 237 Q   0.90144 0.06158 0.03698 ( 1)  0.227 +-  0.610
 238 T   0.89576 0.06353 0.04071 ( 1)  0.243 +-  0.663
 239 L   0.90220 0.06132 0.03648 ( 1)  0.225 +-  0.602
 240 Q   0.90144 0.06158 0.03698 ( 1)  0.227 +-  0.610
 241 A   0.90282 0.06105 0.03613 ( 1)  0.224 +-  0.599
 242 A   0.90282 0.06105 0.03613 ( 1)  0.224 +-  0.599
 243 Q   0.89631 0.06335 0.04034 ( 1)  0.241 +-  0.657
 244 Q   0.90144 0.06158 0.03698 ( 1)  0.227 +-  0.610
 245 Q   0.90144 0.06158 0.03698 ( 1)  0.227 +-  0.610
 246 R   0.90190 0.06143 0.03666 ( 1)  0.226 +-  0.605
 247 Q   0.89631 0.06335 0.04034 ( 1)  0.241 +-  0.657
 248 L   0.90210 0.06136 0.03654 ( 1)  0.225 +-  0.603
 249 Q   0.90144 0.06158 0.03698 ( 1)  0.227 +-  0.610
 250 M   0.90497 0.06034 0.03469 ( 1)  0.217 +-  0.576
 251 Q   0.90144 0.06158 0.03698 ( 1)  0.227 +-  0.610
 252 E   0.89786 0.06284 0.03930 ( 1)  0.237 +-  0.642
 253 M   0.90497 0.06034 0.03469 ( 1)  0.217 +-  0.576
 254 A   0.89668 0.06322 0.04010 ( 1)  0.240 +-  0.654
 255 V   0.90507 0.06026 0.03466 ( 1)  0.217 +-  0.577
 256 A   0.89668 0.06322 0.04010 ( 1)  0.240 +-  0.654
 257 A   0.90445 0.06043 0.03512 ( 1)  0.220 +-  0.586
 258 A   0.89668 0.06322 0.04010 ( 1)  0.240 +-  0.654
 259 A   0.90445 0.06043 0.03512 ( 1)  0.220 +-  0.586
 260 A   0.90445 0.06043 0.03512 ( 1)  0.220 +-  0.586
 261 A   0.90445 0.06043 0.03512 ( 1)  0.220 +-  0.586
 262 T   0.89685 0.06317 0.03997 ( 1)  0.239 +-  0.652
 263 V   0.31767 0.26597 0.41635 ( 3)  1.735 +-  2.034
 264 G   0.89570 0.06355 0.04075 ( 1)  0.243 +-  0.663
 265 V   0.90507 0.06026 0.03466 ( 1)  0.217 +-  0.577
 266 S   0.89526 0.06369 0.04105 ( 1)  0.244 +-  0.668
 267 A   0.90282 0.06105 0.03613 ( 1)  0.224 +-  0.599
 268 V   0.90507 0.06026 0.03466 ( 1)  0.217 +-  0.577
 269 P   0.90123 0.06164 0.03713 ( 1)  0.228 +-  0.613
 270 I   0.89918 0.06241 0.03841 ( 1)  0.233 +-  0.628
 271 S   0.90262 0.06120 0.03618 ( 1)  0.223 +-  0.597
 272 G   0.89668 0.06323 0.04009 ( 1)  0.240 +-  0.654
 273 H   0.89663 0.06325 0.04012 ( 1)  0.240 +-  0.654
 274 Q   0.90144 0.06158 0.03698 ( 1)  0.227 +-  0.610
 275 Q   0.90144 0.06158 0.03698 ( 1)  0.227 +-  0.610
 276 Q   0.90144 0.06158 0.03698 ( 1)  0.227 +-  0.610
 277 P   0.89594 0.06346 0.04060 ( 1)  0.242 +-  0.661
 278 P   0.90265 0.06111 0.03624 ( 1)  0.224 +-  0.601
 279 L   0.90220 0.06132 0.03648 ( 1)  0.225 +-  0.602
 280 P   0.90123 0.06164 0.03713 ( 1)  0.228 +-  0.613
 281 L   0.90220 0.06132 0.03648 ( 1)  0.225 +-  0.602
 282 T   0.89964 0.06221 0.03815 ( 1)  0.232 +-  0.626
 283 S   0.90262 0.06120 0.03618 ( 1)  0.223 +-  0.597
 284 L   0.90220 0.06132 0.03648 ( 1)  0.225 +-  0.602
 285 S   0.90262 0.06120 0.03618 ( 1)  0.223 +-  0.597
 286 N   0.90401 0.06067 0.03532 ( 1)  0.220 +-  0.585
 287 Q   0.89631 0.06335 0.04034 ( 1)  0.241 +-  0.657
 288 S   0.90262 0.06120 0.03618 ( 1)  0.223 +-  0.597
 289 R   0.89543 0.06363 0.04094 ( 1)  0.243 +-  0.666
 290 H   0.90262 0.06116 0.03622 ( 1)  0.224 +-  0.599
 291 R   0.90297 0.06104 0.03600 ( 1)  0.223 +-  0.596
 292 L   0.90220 0.06132 0.03648 ( 1)  0.225 +-  0.602
 293 M   0.90497 0.06034 0.03469 ( 1)  0.217 +-  0.576
 294 N   0.90401 0.06067 0.03532 ( 1)  0.220 +-  0.585
 295 P   0.90265 0.06111 0.03624 ( 1)  0.224 +-  0.601
 296 T   0.89576 0.06353 0.04071 ( 1)  0.243 +-  0.663
 297 Y   0.89515 0.06372 0.04113 ( 1)  0.244 +-  0.669
 298 Q   0.90144 0.06158 0.03698 ( 1)  0.227 +-  0.610
 299 Q   0.90144 0.06158 0.03698 ( 1)  0.227 +-  0.610
 300 Q   0.90144 0.06158 0.03698 ( 1)  0.227 +-  0.610
 301 H   0.90262 0.06116 0.03622 ( 1)  0.224 +-  0.599
 302 Q   0.90144 0.06158 0.03698 ( 1)  0.227 +-  0.610
 303 L   0.90220 0.06132 0.03648 ( 1)  0.225 +-  0.602
 304 E   0.90516 0.06018 0.03466 ( 1)  0.218 +-  0.579
 305 P   0.89505 0.06375 0.04120 ( 1)  0.245 +-  0.670
 306 H   0.89663 0.06325 0.04012 ( 1)  0.240 +-  0.654
 307 Q   0.89866 0.06248 0.03886 ( 1)  0.235 +-  0.639
 308 Q   0.89866 0.06248 0.03886 ( 1)  0.235 +-  0.639
 309 H   0.30016 0.26050 0.43934 ( 3)  1.833 +-  2.096
 310 H   0.30016 0.26050 0.43934 ( 3)  1.833 +-  2.096
 311 Q   0.89866 0.06248 0.03886 ( 1)  0.235 +-  0.639
 312 Q   0.89866 0.06248 0.03886 ( 1)  0.235 +-  0.639
 313 Q   0.90144 0.06158 0.03698 ( 1)  0.227 +-  0.610
 314 Q   0.90144 0.06158 0.03698 ( 1)  0.227 +-  0.610
 315 Q   0.90144 0.06158 0.03698 ( 1)  0.227 +-  0.610
 316 Q   0.90144 0.06158 0.03698 ( 1)  0.227 +-  0.610
 317 Q   0.90144 0.06158 0.03698 ( 1)  0.227 +-  0.610
 318 Q   0.90144 0.06158 0.03698 ( 1)  0.227 +-  0.610
 319 Q   0.90144 0.06158 0.03698 ( 1)  0.227 +-  0.610
 320 S   0.90314 0.06100 0.03585 ( 1)  0.222 +-  0.592
 321 A   0.90282 0.06105 0.03613 ( 1)  0.224 +-  0.599
 322 A   0.89563 0.06356 0.04081 ( 1)  0.243 +-  0.664
 323 A   0.90282 0.06105 0.03613 ( 1)  0.224 +-  0.599
 324 K   0.90511 0.06024 0.03464 ( 1)  0.217 +-  0.577
 325 K   0.90511 0.06024 0.03464 ( 1)  0.217 +-  0.577
 326 P   0.89505 0.06375 0.04120 ( 1)  0.245 +-  0.670
 327 R   0.90190 0.06143 0.03666 ( 1)  0.226 +-  0.605
 328 K   0.89748 0.06297 0.03955 ( 1)  0.238 +-  0.646
 329 D   0.90422 0.06056 0.03522 ( 1)  0.220 +-  0.585
 330 P   0.90123 0.06164 0.03713 ( 1)  0.228 +-  0.613
 331 R   0.89543 0.06363 0.04094 ( 1)  0.243 +-  0.666
 332 C   0.90019 0.06207 0.03774 ( 1)  0.230 +-  0.619
 333 Q   0.90144 0.06158 0.03698 ( 1)  0.227 +-  0.610
 334 D   0.90422 0.06056 0.03522 ( 1)  0.220 +-  0.585
 335 G   0.90486 0.06034 0.03480 ( 1)  0.218 +-  0.579
 336 P   0.90265 0.06111 0.03624 ( 1)  0.224 +-  0.601
 337 E   0.90516 0.06018 0.03466 ( 1)  0.218 +-  0.579
 338 K   0.90511 0.06024 0.03464 ( 1)  0.217 +-  0.577
 339 D   0.90422 0.06056 0.03522 ( 1)  0.220 +-  0.585
 340 W   0.89894 0.06249 0.03857 ( 1)  0.233 +-  0.631
 341 V   0.90507 0.06026 0.03466 ( 1)  0.217 +-  0.577
 342 D   0.89728 0.06303 0.03968 ( 1)  0.238 +-  0.647
 343 P   0.90265 0.06111 0.03624 ( 1)  0.224 +-  0.601
 344 S   0.90262 0.06120 0.03618 ( 1)  0.223 +-  0.597
 345 F   0.89492 0.06380 0.04128 ( 1)  0.245 +-  0.671
 346 V   0.89686 0.06317 0.03997 ( 1)  0.239 +-  0.652
 347 P   0.90123 0.06164 0.03713 ( 1)  0.228 +-  0.613
 348 T   0.90502 0.06027 0.03471 ( 1)  0.218 +-  0.578
 349 V   0.90507 0.06026 0.03466 ( 1)  0.217 +-  0.577
 350 S   0.89526 0.06369 0.04105 ( 1)  0.244 +-  0.668
 351 E   0.90516 0.06018 0.03466 ( 1)  0.218 +-  0.579
 352 D   0.90422 0.06056 0.03522 ( 1)  0.220 +-  0.585
 353 G   0.90486 0.06034 0.03480 ( 1)  0.218 +-  0.579
 354 K   0.90511 0.06024 0.03464 ( 1)  0.217 +-  0.577
 355 F   0.90023 0.06205 0.03771 ( 1)  0.230 +-  0.618
 356 V   0.90507 0.06026 0.03466 ( 1)  0.217 +-  0.577
 357 I   0.90249 0.06125 0.03626 ( 1)  0.224 +-  0.598
 358 L   0.90210 0.06136 0.03654 ( 1)  0.225 +-  0.603
 359 S   0.90314 0.06100 0.03585 ( 1)  0.222 +-  0.592
 360 D   0.90422 0.06056 0.03522 ( 1)  0.220 +-  0.585
 361 A   0.90445 0.06043 0.03512 ( 1)  0.220 +-  0.586
 362 H   0.90262 0.06116 0.03622 ( 1)  0.224 +-  0.599
 363 P   0.90265 0.06111 0.03624 ( 1)  0.224 +-  0.601
 364 A   0.89668 0.06322 0.04010 ( 1)  0.240 +-  0.654
 365 V   0.89686 0.06317 0.03997 ( 1)  0.239 +-  0.652
 366 S   0.90262 0.06120 0.03618 ( 1)  0.223 +-  0.597
 367 M   0.90497 0.06034 0.03469 ( 1)  0.217 +-  0.576
 368 T   0.90330 0.06092 0.03578 ( 1)  0.222 +-  0.593
 369 L   0.90220 0.06132 0.03648 ( 1)  0.225 +-  0.602
 370 A   0.90282 0.06105 0.03613 ( 1)  0.224 +-  0.599
 371 D   0.90422 0.06056 0.03522 ( 1)  0.220 +-  0.585
 372 Y   0.89515 0.06372 0.04113 ( 1)  0.244 +-  0.669
 373 Q   0.89631 0.06335 0.04034 ( 1)  0.241 +-  0.657
 374 E   0.90516 0.06018 0.03466 ( 1)  0.218 +-  0.579
 375 S   0.90199 0.06143 0.03659 ( 1)  0.225 +-  0.603
 376 I   0.89580 0.06352 0.04068 ( 1)  0.242 +-  0.662
 377 S   0.89598 0.06346 0.04056 ( 1)  0.242 +-  0.660
 378 R   0.90190 0.06143 0.03666 ( 1)  0.226 +-  0.605
 379 A   0.89668 0.06322 0.04010 ( 1)  0.240 +-  0.654
 380 S   0.90199 0.06143 0.03659 ( 1)  0.225 +-  0.603
 381 G   0.90316 0.06098 0.03587 ( 1)  0.222 +-  0.593
 382 S   0.90262 0.06120 0.03618 ( 1)  0.223 +-  0.597
 383 A   0.89668 0.06322 0.04010 ( 1)  0.240 +-  0.654
 384 T   0.89576 0.06353 0.04071 ( 1)  0.243 +-  0.663
 385 R   0.89543 0.06363 0.04094 ( 1)  0.243 +-  0.666
 386 H   0.89663 0.06325 0.04012 ( 1)  0.240 +-  0.654
 387 L   0.90220 0.06132 0.03648 ( 1)  0.225 +-  0.602
 388 R   0.90190 0.06143 0.03666 ( 1)  0.226 +-  0.605
 389 I   0.90249 0.06125 0.03626 ( 1)  0.224 +-  0.598
 390 L   0.89572 0.06354 0.04074 ( 1)  0.243 +-  0.663
 391 M   0.90497 0.06034 0.03469 ( 1)  0.217 +-  0.576
 392 K   0.90511 0.06024 0.03464 ( 1)  0.217 +-  0.577
 393 H   0.90262 0.06116 0.03622 ( 1)  0.224 +-  0.599
 394 F   0.90023 0.06205 0.03771 ( 1)  0.230 +-  0.618
 395 F   0.90023 0.06205 0.03771 ( 1)  0.230 +-  0.618
 396 S   0.90199 0.06143 0.03659 ( 1)  0.225 +-  0.603
 397 Q   0.90144 0.06158 0.03698 ( 1)  0.227 +-  0.610
 398 G   0.90316 0.06098 0.03587 ( 1)  0.222 +-  0.593
 399 T   0.90502 0.06027 0.03471 ( 1)  0.218 +-  0.578
 400 L   0.90220 0.06132 0.03648 ( 1)  0.225 +-  0.602
 401 A   0.90282 0.06105 0.03613 ( 1)  0.224 +-  0.599
 402 K   0.89748 0.06297 0.03955 ( 1)  0.238 +-  0.646
 403 S   0.89526 0.06369 0.04105 ( 1)  0.244 +-  0.668
 404 S   0.90314 0.06100 0.03585 ( 1)  0.222 +-  0.592
 405 L   0.89572 0.06354 0.04074 ( 1)  0.243 +-  0.663
 406 T   0.89576 0.06353 0.04071 ( 1)  0.243 +-  0.663
 407 G   0.90316 0.06098 0.03587 ( 1)  0.222 +-  0.593
 408 N   0.90401 0.06067 0.03532 ( 1)  0.220 +-  0.585
 409 G   0.90316 0.06098 0.03587 ( 1)  0.222 +-  0.593
 410 Q   0.90144 0.06158 0.03698 ( 1)  0.227 +-  0.610
 411 Y   0.90166 0.06154 0.03679 ( 1)  0.226 +-  0.606
 412 K   0.90511 0.06024 0.03464 ( 1)  0.217 +-  0.577
 413 E   0.90516 0.06018 0.03466 ( 1)  0.218 +-  0.579
 414 V   0.90507 0.06026 0.03466 ( 1)  0.217 +-  0.577
 415 L   0.90220 0.06132 0.03648 ( 1)  0.225 +-  0.602
 416 D   0.89728 0.06303 0.03968 ( 1)  0.238 +-  0.647
 417 E   0.90516 0.06018 0.03466 ( 1)  0.218 +-  0.579
 418 N   0.89677 0.06320 0.04003 ( 1)  0.240 +-  0.652
 419 L   0.90210 0.06136 0.03654 ( 1)  0.225 +-  0.603
 420 T   0.90330 0.06092 0.03578 ( 1)  0.222 +-  0.593
 421 M   0.90497 0.06034 0.03469 ( 1)  0.217 +-  0.576
 422 G   0.89668 0.06323 0.04009 ( 1)  0.240 +-  0.654
 423 I   0.90249 0.06125 0.03626 ( 1)  0.224 +-  0.598
 424 R   0.89543 0.06363 0.04094 ( 1)  0.243 +-  0.666
 425 D   0.90422 0.06056 0.03522 ( 1)  0.220 +-  0.585
 426 Y   0.90166 0.06154 0.03679 ( 1)  0.226 +-  0.606
 427 I   0.90249 0.06125 0.03626 ( 1)  0.224 +-  0.598
 428 Q   0.90144 0.06158 0.03698 ( 1)  0.227 +-  0.610
 429 H   0.90262 0.06116 0.03622 ( 1)  0.224 +-  0.599
 430 R   0.89543 0.06363 0.04094 ( 1)  0.243 +-  0.666
 431 Y   0.89515 0.06372 0.04113 ( 1)  0.244 +-  0.669
 432 P   0.90265 0.06111 0.03624 ( 1)  0.224 +-  0.601
 433 K   0.90511 0.06024 0.03464 ( 1)  0.217 +-  0.577
 434 L   0.90220 0.06132 0.03648 ( 1)  0.225 +-  0.602
 435 K   0.90511 0.06024 0.03464 ( 1)  0.217 +-  0.577
 436 S   0.90314 0.06100 0.03585 ( 1)  0.222 +-  0.592
 437 A   0.90282 0.06105 0.03613 ( 1)  0.224 +-  0.599
 438 K   0.89748 0.06297 0.03955 ( 1)  0.238 +-  0.646
 439 I   0.89580 0.06352 0.04068 ( 1)  0.242 +-  0.662
 440 N   0.89677 0.06320 0.04003 ( 1)  0.240 +-  0.652
 441 L   0.90210 0.06136 0.03654 ( 1)  0.225 +-  0.603
 442 C   0.90019 0.06207 0.03774 ( 1)  0.230 +-  0.619
 443 C   0.90019 0.06207 0.03774 ( 1)  0.230 +-  0.619
 444 T   0.90502 0.06027 0.03471 ( 1)  0.218 +-  0.578
 445 D   0.90422 0.06056 0.03522 ( 1)  0.220 +-  0.585
 446 V   0.90334 0.06091 0.03575 ( 1)  0.222 +-  0.592
 447 C   0.90019 0.06207 0.03774 ( 1)  0.230 +-  0.619
 448 V   0.90507 0.06026 0.03466 ( 1)  0.217 +-  0.577
 449 Q   0.90144 0.06158 0.03698 ( 1)  0.227 +-  0.610
 450 A   0.90282 0.06105 0.03613 ( 1)  0.224 +-  0.599
 451 R   0.89645 0.06331 0.04024 ( 1)  0.240 +-  0.656
 452 R   0.90190 0.06143 0.03666 ( 1)  0.226 +-  0.605
 453 V   0.90334 0.06091 0.03575 ( 1)  0.222 +-  0.592
 454 I   0.89580 0.06352 0.04068 ( 1)  0.242 +-  0.662
 455 E   0.90516 0.06018 0.03466 ( 1)  0.218 +-  0.579
 456 K   0.90511 0.06024 0.03464 ( 1)  0.217 +-  0.577
 457 Q   0.90144 0.06158 0.03698 ( 1)  0.227 +-  0.610
 458 A   0.90282 0.06105 0.03613 ( 1)  0.224 +-  0.599
 459 R   0.90190 0.06143 0.03666 ( 1)  0.226 +-  0.605
 460 G   0.90486 0.06034 0.03480 ( 1)  0.218 +-  0.579
 461 T   0.89576 0.06353 0.04071 ( 1)  0.243 +-  0.663
 462 S   0.89596 0.06346 0.04057 ( 1)  0.242 +-  0.661
 463 G   0.90316 0.06098 0.03587 ( 1)  0.222 +-  0.593
 464 G   0.90316 0.06098 0.03587 ( 1)  0.222 +-  0.593
 465 G   0.90316 0.06098 0.03587 ( 1)  0.222 +-  0.593
 466 V   0.90334 0.06091 0.03575 ( 1)  0.222 +-  0.592
 467 V   0.89577 0.06353 0.04071 ( 1)  0.242 +-  0.663
 468 V   0.90334 0.06091 0.03575 ( 1)  0.222 +-  0.592
 469 G   0.90316 0.06098 0.03587 ( 1)  0.222 +-  0.593
 470 V   0.90334 0.06091 0.03575 ( 1)  0.222 +-  0.592
 471 T   0.90330 0.06092 0.03578 ( 1)  0.222 +-  0.593
 472 S   0.90262 0.06120 0.03618 ( 1)  0.223 +-  0.597
 473 L   0.89691 0.06316 0.03993 ( 1)  0.239 +-  0.651
 474 G   0.89668 0.06323 0.04009 ( 1)  0.240 +-  0.654
 475 R   0.89525 0.06369 0.04106 ( 1)  0.244 +-  0.668
 476 P   0.90265 0.06111 0.03624 ( 1)  0.224 +-  0.601
 477 R   0.90190 0.06143 0.03666 ( 1)  0.226 +-  0.605
 478 S   0.90199 0.06143 0.03659 ( 1)  0.225 +-  0.603
 479 N   0.89677 0.06320 0.04003 ( 1)  0.240 +-  0.652
 480 D   0.90422 0.06056 0.03522 ( 1)  0.220 +-  0.585
 481 A   0.89563 0.06356 0.04081 ( 1)  0.243 +-  0.664
 482 A   0.90282 0.06105 0.03613 ( 1)  0.224 +-  0.599
 483 A   0.89563 0.06356 0.04081 ( 1)  0.243 +-  0.664
 484 V   0.90334 0.06091 0.03575 ( 1)  0.222 +-  0.592
 485 A   0.90282 0.06105 0.03613 ( 1)  0.224 +-  0.599
 486 A   0.90282 0.06105 0.03613 ( 1)  0.224 +-  0.599
 487 S   0.90199 0.06143 0.03659 ( 1)  0.225 +-  0.603
 488 A   0.90282 0.06105 0.03613 ( 1)  0.224 +-  0.599
 489 K   0.89748 0.06297 0.03955 ( 1)  0.238 +-  0.646
 490 V   0.90507 0.06026 0.03466 ( 1)  0.217 +-  0.577
 491 Q   0.90144 0.06158 0.03698 ( 1)  0.227 +-  0.610
 492 R   0.89645 0.06331 0.04024 ( 1)  0.240 +-  0.656
 493 S   0.89596 0.06346 0.04057 ( 1)  0.242 +-  0.661
 494 M   0.90497 0.06034 0.03469 ( 1)  0.217 +-  0.576
 495 S   0.90314 0.06100 0.03585 ( 1)  0.222 +-  0.592
 496 P   0.89505 0.06375 0.04120 ( 1)  0.245 +-  0.670
 497 S   0.89596 0.06346 0.04057 ( 1)  0.242 +-  0.661
 498 T   0.89685 0.06317 0.03997 ( 1)  0.239 +-  0.652
 499 E   0.89786 0.06284 0.03930 ( 1)  0.237 +-  0.642
 500 S   0.89596 0.06346 0.04057 ( 1)  0.242 +-  0.661
 501 A   0.90445 0.06043 0.03512 ( 1)  0.220 +-  0.586
 502 A   0.90445 0.06043 0.03512 ( 1)  0.220 +-  0.586
 503 G   0.90486 0.06034 0.03480 ( 1)  0.218 +-  0.579
 504 A   0.90445 0.06043 0.03512 ( 1)  0.220 +-  0.586
 505 A   0.90445 0.06043 0.03512 ( 1)  0.220 +-  0.586
 506 A   0.90445 0.06043 0.03512 ( 1)  0.220 +-  0.586
 507 V   0.90334 0.06091 0.03575 ( 1)  0.222 +-  0.592
 508 A   0.90282 0.06105 0.03613 ( 1)  0.224 +-  0.599
 509 N   0.90401 0.06067 0.03532 ( 1)  0.220 +-  0.585
 510 Y   0.89515 0.06372 0.04113 ( 1)  0.244 +-  0.669
 511 R   0.90190 0.06143 0.03666 ( 1)  0.226 +-  0.605
 512 D   0.90422 0.06056 0.03522 ( 1)  0.220 +-  0.585
 513 S   0.90314 0.06100 0.03585 ( 1)  0.222 +-  0.592
 514 S   0.90314 0.06100 0.03585 ( 1)  0.222 +-  0.592
 515 S   0.90314 0.06100 0.03585 ( 1)  0.222 +-  0.592
 516 M   0.90497 0.06034 0.03469 ( 1)  0.217 +-  0.576
 517 D   0.90422 0.06056 0.03522 ( 1)  0.220 +-  0.585
 518 Y   0.90166 0.06154 0.03679 ( 1)  0.226 +-  0.606
 519 G   0.90316 0.06098 0.03587 ( 1)  0.222 +-  0.593
 520 E   0.89786 0.06284 0.03930 ( 1)  0.237 +-  0.642
 521 D   0.89728 0.06303 0.03968 ( 1)  0.238 +-  0.647
 522 Q   0.90144 0.06158 0.03698 ( 1)  0.227 +-  0.610
 523 A   0.89668 0.06322 0.04010 ( 1)  0.240 +-  0.654
 524 E   0.90516 0.06018 0.03466 ( 1)  0.218 +-  0.579
 525 D   0.90422 0.06056 0.03522 ( 1)  0.220 +-  0.585
 526 G   0.90316 0.06098 0.03587 ( 1)  0.222 +-  0.593
 527 S   0.90262 0.06120 0.03618 ( 1)  0.223 +-  0.597
 528 E   0.90516 0.06018 0.03466 ( 1)  0.218 +-  0.579
 529 A   0.90445 0.06043 0.03512 ( 1)  0.220 +-  0.586
 530 S   0.89598 0.06346 0.04056 ( 1)  0.242 +-  0.660
 531 S   0.90314 0.06100 0.03585 ( 1)  0.222 +-  0.592
 532 H   0.90262 0.06116 0.03622 ( 1)  0.224 +-  0.599
 533 D   0.90422 0.06056 0.03522 ( 1)  0.220 +-  0.585
 534 L   0.90220 0.06132 0.03648 ( 1)  0.225 +-  0.602
 535 T   0.89576 0.06353 0.04071 ( 1)  0.243 +-  0.663
 536 P   0.90265 0.06111 0.03624 ( 1)  0.224 +-  0.601
 537 D   0.90422 0.06056 0.03522 ( 1)  0.220 +-  0.585
 538 L   0.90210 0.06136 0.03654 ( 1)  0.225 +-  0.603
 539 N   0.90401 0.06067 0.03532 ( 1)  0.220 +-  0.585
 540 P   0.90265 0.06111 0.03624 ( 1)  0.224 +-  0.601
 541 S   0.90262 0.06120 0.03618 ( 1)  0.223 +-  0.597
 542 S   0.90262 0.06120 0.03618 ( 1)  0.223 +-  0.597
 543 L   0.90210 0.06136 0.03654 ( 1)  0.225 +-  0.603
 544 N   0.90401 0.06067 0.03532 ( 1)  0.220 +-  0.585
 545 L   0.90220 0.06132 0.03648 ( 1)  0.225 +-  0.602
 546 H   0.90262 0.06116 0.03622 ( 1)  0.224 +-  0.599
 547 R   0.90297 0.06104 0.03600 ( 1)  0.223 +-  0.596
 548 L   0.89691 0.06316 0.03993 ( 1)  0.239 +-  0.651
 549 H   0.90262 0.06116 0.03622 ( 1)  0.224 +-  0.599
 550 P   0.90265 0.06111 0.03624 ( 1)  0.224 +-  0.601
 551 I   0.89918 0.06241 0.03841 ( 1)  0.233 +-  0.628
 552 D   0.89728 0.06303 0.03968 ( 1)  0.238 +-  0.647
 553 S   0.90314 0.06100 0.03585 ( 1)  0.222 +-  0.592
 554 P   0.89594 0.06346 0.04060 ( 1)  0.242 +-  0.661
 555 I   0.89918 0.06241 0.03841 ( 1)  0.233 +-  0.628
 556 D   0.90422 0.06056 0.03522 ( 1)  0.220 +-  0.585

Positively selected sites

	Prob(w>1)  mean w


