Supplemental results for CODEML (seqf: algn  treef: tree)


dN/dS (w) for site classes (K=9)

p:   0.12500  0.12500  0.12500  0.12500  0.12500  0.12500  0.12500  0.12500  0.00001
w:   0.00000  0.00000  0.00000  0.00000  0.00000  0.00000  0.00000  0.00000  1.00000

Naive Empirical Bayes (NEB) probabilities for 9 classes & postmean_w
(amino acids refer to 1st sequence: Msl.20291)

   1 M   0.12500 0.12500 0.12500 0.12500 0.12500 0.12500 0.12500 0.12500 0.00001 ( 1)  0.000
   2 S   0.12500 0.12500 0.12500 0.12500 0.12500 0.12500 0.12500 0.12500 0.00001 ( 6)  0.000
   3 S   0.12500 0.12500 0.12500 0.12500 0.12500 0.12500 0.12500 0.12500 0.00001 ( 6)  0.000
   4 T   0.12500 0.12500 0.12500 0.12500 0.12500 0.12500 0.12500 0.12500 0.00001 ( 5)  0.000
   5 R   0.12500 0.12500 0.12500 0.12500 0.12500 0.12500 0.12500 0.12500 0.00001 ( 3)  0.000
   6 Q   0.12500 0.12500 0.12500 0.12500 0.12500 0.12500 0.12500 0.12500 0.00001 ( 1)  0.000
   7 T   0.12500 0.12500 0.12500 0.12500 0.12500 0.12500 0.12500 0.12500 0.00001 ( 1)  0.000
   8 P   0.12500 0.12500 0.12500 0.12500 0.12500 0.12500 0.12500 0.12500 0.00001 ( 1)  0.000
   9 S   0.12500 0.12500 0.12500 0.12500 0.12500 0.12500 0.12500 0.12500 0.00001 ( 6)  0.000
  10 D   0.12500 0.12500 0.12500 0.12500 0.12500 0.12500 0.12500 0.12500 0.00001 ( 5)  0.000
  11 F   0.12500 0.12500 0.12500 0.12500 0.12500 0.12500 0.12500 0.12500 0.00001 ( 2)  0.000
  12 L   0.12500 0.12500 0.12500 0.12500 0.12500 0.12500 0.12500 0.12500 0.00001 ( 1)  0.000
  13 K   0.12500 0.12500 0.12500 0.12500 0.12500 0.12500 0.12500 0.12500 0.00001 ( 3)  0.000
  14 Q   0.12500 0.12500 0.12500 0.12500 0.12500 0.12500 0.12500 0.12500 0.00001 ( 3)  0.000
  15 I   0.12500 0.12500 0.12500 0.12500 0.12500 0.12500 0.12500 0.12500 0.00001 ( 5)  0.000
  16 I   0.12500 0.12500 0.12500 0.12500 0.12500 0.12500 0.12500 0.12500 0.00001 ( 1)  0.000
  17 H   0.12500 0.12500 0.12500 0.12500 0.12500 0.12500 0.12500 0.12500 0.00001 ( 6)  0.000
  18 R   0.12500 0.12500 0.12500 0.12500 0.12500 0.12500 0.12500 0.12500 0.00001 ( 3)  0.000
  19 P   0.12500 0.12500 0.12500 0.12500 0.12500 0.12500 0.12500 0.12500 0.00001 ( 1)  0.000
  20 V   0.12500 0.12500 0.12500 0.12500 0.12500 0.12500 0.12500 0.12500 0.00001 ( 3)  0.000
  21 V   0.12500 0.12500 0.12500 0.12500 0.12500 0.12500 0.12500 0.12500 0.00001 ( 3)  0.000
  22 V   0.12500 0.12500 0.12500 0.12500 0.12500 0.12500 0.12500 0.12500 0.00001 ( 3)  0.000
  23 K   0.12500 0.12500 0.12500 0.12500 0.12500 0.12500 0.12500 0.12500 0.00001 ( 3)  0.000
  24 L   0.12500 0.12500 0.12500 0.12500 0.12500 0.12500 0.12500 0.12500 0.00001 ( 1)  0.000
  25 N   0.12500 0.12500 0.12500 0.12500 0.12500 0.12500 0.12500 0.12500 0.00001 ( 2)  0.000
  26 S   0.12500 0.12500 0.12500 0.12500 0.12500 0.12500 0.12500 0.12500 0.00001 ( 1)  0.000
  27 G   0.12500 0.12500 0.12500 0.12500 0.12500 0.12500 0.12500 0.12500 0.00001 ( 6)  0.000
  28 V   0.12500 0.12500 0.12500 0.12500 0.12500 0.12500 0.12500 0.12500 0.00001 ( 5)  0.000
  29 D   0.12500 0.12500 0.12500 0.12500 0.12500 0.12500 0.12500 0.12500 0.00001 ( 5)  0.000
  30 Y   0.12500 0.12500 0.12500 0.12500 0.12500 0.12500 0.12500 0.12500 0.00001 ( 6)  0.000
  31 R   0.12500 0.12500 0.12500 0.12500 0.12500 0.12500 0.12500 0.12500 0.00001 ( 5)  0.000
  32 G   0.12500 0.12500 0.12500 0.12500 0.12500 0.12500 0.12500 0.12500 0.00001 ( 6)  0.000
  33 V   0.12500 0.12500 0.12500 0.12500 0.12500 0.12500 0.12500 0.12500 0.00001 ( 1)  0.000
  34 L   0.12500 0.12500 0.12500 0.12500 0.12500 0.12500 0.12500 0.12500 0.00001 ( 1)  0.000
  35 V   0.12500 0.12500 0.12500 0.12500 0.12500 0.12500 0.12500 0.12500 0.00001 ( 5)  0.000
  36 C   0.12500 0.12500 0.12500 0.12500 0.12500 0.12500 0.12500 0.12500 0.00001 ( 1)  0.000
  37 L   0.12500 0.12500 0.12500 0.12500 0.12500 0.12500 0.12500 0.12500 0.00001 ( 1)  0.000
  38 D   0.12500 0.12500 0.12500 0.12500 0.12500 0.12500 0.12500 0.12500 0.00001 ( 5)  0.000
  39 G   0.12500 0.12500 0.12500 0.12500 0.12500 0.12500 0.12500 0.12500 0.00001 ( 6)  0.000
  40 F   0.12500 0.12500 0.12500 0.12500 0.12500 0.12500 0.12500 0.12500 0.00001 ( 6)  0.000
  41 M   0.12500 0.12500 0.12500 0.12500 0.12500 0.12500 0.12500 0.12500 0.00001 ( 1)  0.000
  42 N   0.12500 0.12500 0.12500 0.12500 0.12500 0.12500 0.12500 0.12500 0.00001 ( 3)  0.000
  43 I   0.12500 0.12500 0.12500 0.12500 0.12500 0.12500 0.12500 0.12500 0.00001 ( 1)  0.000
  44 V   0.12500 0.12500 0.12500 0.12500 0.12500 0.12500 0.12500 0.12500 0.00001 ( 5)  0.000
  45 L   0.12500 0.12500 0.12500 0.12500 0.12500 0.12500 0.12500 0.12500 0.00001 ( 2)  0.000
  46 D   0.12500 0.12500 0.12500 0.12500 0.12500 0.12500 0.12500 0.12500 0.00001 ( 5)  0.000
  47 Q   0.12500 0.12500 0.12500 0.12500 0.12500 0.12500 0.12500 0.12500 0.00001 ( 1)  0.000
  48 T   0.12500 0.12500 0.12500 0.12500 0.12500 0.12500 0.12500 0.12500 0.00001 ( 5)  0.000
  49 E   0.12500 0.12500 0.12500 0.12500 0.12500 0.12500 0.12500 0.12500 0.00001 ( 1)  0.000
  50 E   0.12500 0.12500 0.12500 0.12500 0.12500 0.12500 0.12500 0.12500 0.00001 ( 1)  0.000
  51 Y   0.12500 0.12500 0.12500 0.12500 0.12500 0.12500 0.12500 0.12500 0.00001 ( 1)  0.000
  52 I   0.12500 0.12500 0.12500 0.12500 0.12500 0.12500 0.12500 0.12500 0.00001 ( 1)  0.000
  53 N   0.12500 0.12500 0.12500 0.12500 0.12500 0.12500 0.12500 0.12500 0.00001 ( 3)  0.000
  54 G   0.12500 0.12500 0.12500 0.12500 0.12500 0.12500 0.12500 0.12500 0.00001 ( 6)  0.000
  55 Q   0.12500 0.12500 0.12500 0.12500 0.12500 0.12500 0.12500 0.12500 0.00001 ( 1)  0.000
  56 L   0.12500 0.12500 0.12500 0.12500 0.12500 0.12500 0.12500 0.12500 0.00001 ( 1)  0.000
  57 K   0.12500 0.12500 0.12500 0.12500 0.12500 0.12500 0.12500 0.12500 0.00001 ( 2)  0.000
  58 A   0.12500 0.12500 0.12500 0.12500 0.12500 0.12500 0.12500 0.12500 0.00001 ( 3)  0.000
  59 K   0.12500 0.12500 0.12500 0.12500 0.12500 0.12500 0.12500 0.12500 0.00001 ( 2)  0.000
  60 Y   0.12500 0.12500 0.12500 0.12500 0.12500 0.12500 0.12500 0.12500 0.00001 ( 6)  0.000
  61 G   0.12500 0.12500 0.12500 0.12500 0.12500 0.12500 0.12500 0.12500 0.00001 ( 6)  0.000
  62 I   0.12500 0.12500 0.12500 0.12500 0.12500 0.12500 0.12500 0.12500 0.00001 ( 1)  0.000
  63 A   0.12500 0.12500 0.12500 0.12500 0.12500 0.12500 0.12500 0.12500 0.00001 ( 3)  0.000
  64 F   0.12500 0.12500 0.12500 0.12500 0.12500 0.12500 0.12500 0.12500 0.00001 ( 6)  0.000
  65 L   0.12500 0.12500 0.12500 0.12500 0.12500 0.12500 0.12500 0.12500 0.00001 ( 1)  0.000
  66 R   0.12500 0.12500 0.12500 0.12500 0.12500 0.12500 0.12500 0.12500 0.00001 ( 5)  0.000
  67 G   0.12500 0.12500 0.12500 0.12500 0.12500 0.12500 0.12500 0.12500 0.00001 ( 6)  0.000
  68 N   0.12500 0.12500 0.12500 0.12500 0.12500 0.12500 0.12500 0.12500 0.00001 ( 2)  0.000
  69 N   0.12500 0.12500 0.12500 0.12500 0.12500 0.12500 0.12500 0.12500 0.00001 ( 3)  0.000
  70 V   0.12500 0.12500 0.12500 0.12500 0.12500 0.12500 0.12500 0.12500 0.00001 ( 5)  0.000
  71 L   0.12500 0.12500 0.12500 0.12500 0.12500 0.12500 0.12500 0.12500 0.00001 ( 1)  0.000
  72 Y   0.12500 0.12500 0.12500 0.12500 0.12500 0.12500 0.12500 0.12500 0.00001 ( 1)  0.000
  73 I   0.12500 0.12500 0.12500 0.12500 0.12500 0.12500 0.12500 0.12500 0.00001 ( 1)  0.000
  74 S   0.12500 0.12500 0.12500 0.12500 0.12500 0.12500 0.12500 0.12500 0.00001 ( 6)  0.000
  75 A   0.12500 0.12500 0.12500 0.12500 0.12500 0.12500 0.12500 0.12500 0.00001 ( 3)  0.000
  76 Q   0.12500 0.12500 0.12500 0.12500 0.12500 0.12500 0.12500 0.12500 0.00001 ( 1)  0.000
  77 K   0.12500 0.12500 0.12500 0.12500 0.12500 0.12500 0.12500 0.12500 0.00001 ( 2)  0.000
  78 R   0.12500 0.12500 0.12500 0.12500 0.12500 0.12500 0.12500 0.12500 0.00001 ( 5)  0.000
  79 K   0.12500 0.12500 0.12500 0.12500 0.12500 0.12500 0.12500 0.12500 0.00001 ( 2)  0.000
  80 A   0.12500 0.12500 0.12500 0.12500 0.12500 0.12500 0.12500 0.12500 0.00001 ( 2)  0.000

Positively selected sites

	Prob(w>1)  mean w



lnL =  -329.673013

Bayes Empirical Bayes (BEB) probabilities for 11 classes (class) & postmean_w
(amino acids refer to 1st sequence: Msl.20291)

   1 M   0.43943 0.09024 0.06982 0.05950 0.05255 0.04706 0.04230 0.03796 0.03421 0.04626 0.08067 ( 1)  0.473 +-  0.924
   2 S   0.44256 0.09088 0.07020 0.05972 0.05264 0.04705 0.04221 0.03781 0.03402 0.04599 0.07691 ( 1)  0.456 +-  0.873
   3 S   0.44356 0.09108 0.07032 0.05979 0.05267 0.04704 0.04217 0.03776 0.03394 0.04588 0.07579 ( 1)  0.451 +-  0.859
   4 T   0.44089 0.09054 0.07001 0.05962 0.05261 0.04708 0.04228 0.03792 0.03414 0.04616 0.07876 ( 1)  0.464 +-  0.894
   5 R   0.42982 0.08828 0.06863 0.05879 0.05220 0.04701 0.04249 0.03834 0.03473 0.04700 0.09271 ( 1)  0.531 +-  1.080
   6 Q   0.43070 0.08845 0.06874 0.05886 0.05224 0.04702 0.04247 0.03831 0.03468 0.04694 0.09158 ( 1)  0.525 +-  1.066
   7 T   0.43721 0.08978 0.06956 0.05936 0.05250 0.04708 0.04238 0.03809 0.03437 0.04648 0.08318 ( 1)  0.484 +-  0.952
   8 P   0.43408 0.08914 0.06917 0.05913 0.05238 0.04706 0.04244 0.03821 0.03454 0.04672 0.08712 ( 1)  0.503 +-  1.005
   9 S   0.44356 0.09108 0.07032 0.05979 0.05267 0.04704 0.04217 0.03776 0.03394 0.04588 0.07579 ( 1)  0.451 +-  0.859
  10 D   0.44230 0.09082 0.07016 0.05969 0.05261 0.04703 0.04219 0.03780 0.03401 0.04598 0.07740 ( 1)  0.459 +-  0.884
  11 F   0.43724 0.08979 0.06956 0.05936 0.05249 0.04707 0.04237 0.03808 0.03436 0.04647 0.08322 ( 1)  0.485 +-  0.955
  12 L   0.43457 0.08924 0.06922 0.05915 0.05239 0.04705 0.04241 0.03817 0.03449 0.04666 0.08665 ( 1)  0.501 +-  1.002
  13 K   0.43229 0.08878 0.06894 0.05899 0.05231 0.04704 0.04246 0.03827 0.03462 0.04684 0.08946 ( 1)  0.515 +-  1.037
  14 Q   0.42885 0.08808 0.06850 0.05871 0.05216 0.04699 0.04249 0.03836 0.03476 0.04706 0.09402 ( 1)  0.537 +-  1.098
  15 I   0.43857 0.09006 0.06972 0.05946 0.05254 0.04708 0.04235 0.03803 0.03429 0.04637 0.08153 ( 1)  0.477 +-  0.931
  16 I   0.44084 0.09052 0.06998 0.05958 0.05257 0.04703 0.04223 0.03787 0.03409 0.04610 0.07918 ( 1)  0.467 +-  0.909
  17 H   0.43675 0.08969 0.06949 0.05931 0.05246 0.04706 0.04236 0.03808 0.03437 0.04648 0.08396 ( 1)  0.489 +-  0.968
  18 R   0.43749 0.08984 0.06959 0.05938 0.05250 0.04707 0.04236 0.03807 0.03434 0.04645 0.08290 ( 1)  0.483 +-  0.950
  19 P   0.43408 0.08914 0.06917 0.05913 0.05238 0.04706 0.04244 0.03821 0.03454 0.04672 0.08712 ( 1)  0.503 +-  1.005
  20 V   0.44049 0.09045 0.06994 0.05957 0.05257 0.04704 0.04225 0.03790 0.03413 0.04615 0.07952 ( 1)  0.469 +-  0.911
  21 V   0.44049 0.09045 0.06994 0.05957 0.05257 0.04704 0.04225 0.03790 0.03413 0.04615 0.07952 ( 1)  0.469 +-  0.911
  22 V   0.44049 0.09045 0.06994 0.05957 0.05257 0.04704 0.04225 0.03790 0.03413 0.04615 0.07952 ( 1)  0.469 +-  0.911
  23 K   0.43229 0.08878 0.06894 0.05899 0.05231 0.04704 0.04246 0.03827 0.03462 0.04684 0.08946 ( 1)  0.515 +-  1.037
  24 L   0.42793 0.08789 0.06838 0.05864 0.05212 0.04698 0.04250 0.03839 0.03480 0.04711 0.09527 ( 1)  0.544 +-  1.115
  25 N   0.44292 0.09095 0.07023 0.05972 0.05262 0.04702 0.04216 0.03775 0.03395 0.04590 0.07678 ( 1)  0.457 +-  0.878
  26 S   0.43482 0.08930 0.06926 0.05919 0.05241 0.04707 0.04243 0.03819 0.03450 0.04667 0.08617 ( 1)  0.498 +-  0.992
  27 G   0.44231 0.09083 0.07017 0.05971 0.05264 0.04706 0.04222 0.03783 0.03404 0.04601 0.07717 ( 1)  0.457 +-  0.876
  28 V   0.44135 0.09063 0.07004 0.05962 0.05259 0.04703 0.04222 0.03785 0.03407 0.04606 0.07855 ( 1)  0.464 +-  0.900
  29 D   0.44327 0.09102 0.07027 0.05975 0.05263 0.04702 0.04215 0.03774 0.03394 0.04587 0.07633 ( 1)  0.455 +-  0.871
  30 Y   0.43750 0.08984 0.06959 0.05938 0.05250 0.04708 0.04236 0.03807 0.03434 0.04645 0.08289 ( 1)  0.483 +-  0.950
  31 R   0.43819 0.08998 0.06967 0.05943 0.05252 0.04707 0.04234 0.03803 0.03430 0.04639 0.08206 ( 1)  0.479 +-  0.940
  32 G   0.44330 0.09103 0.07029 0.05977 0.05266 0.04705 0.04219 0.03777 0.03397 0.04591 0.07605 ( 1)  0.452 +-  0.862
  33 V   0.44121 0.09060 0.07003 0.05961 0.05258 0.04703 0.04222 0.03785 0.03408 0.04607 0.07871 ( 1)  0.465 +-  0.902
  34 L   0.43457 0.08924 0.06922 0.05915 0.05239 0.04705 0.04241 0.03817 0.03449 0.04666 0.08665 ( 1)  0.501 +-  1.002
  35 V   0.44135 0.09063 0.07004 0.05962 0.05259 0.04703 0.04222 0.03785 0.03407 0.04606 0.07855 ( 1)  0.464 +-  0.900
  36 C   0.43639 0.08962 0.06945 0.05930 0.05247 0.04708 0.04240 0.03812 0.03441 0.04655 0.08421 ( 1)  0.489 +-  0.966
  37 L   0.42948 0.08821 0.06858 0.05876 0.05218 0.04700 0.04249 0.03834 0.03474 0.04702 0.09321 ( 1)  0.533 +-  1.088
  38 D   0.44230 0.09082 0.07016 0.05969 0.05261 0.04703 0.04219 0.03780 0.03401 0.04598 0.07740 ( 1)  0.459 +-  0.884
  39 G   0.44330 0.09103 0.07029 0.05977 0.05266 0.04705 0.04219 0.03777 0.03397 0.04591 0.07605 ( 1)  0.452 +-  0.862
  40 F   0.43660 0.08966 0.06948 0.05931 0.05247 0.04707 0.04238 0.03810 0.03439 0.04652 0.08400 ( 1)  0.488 +-  0.965
  41 M   0.43943 0.09024 0.06982 0.05950 0.05255 0.04706 0.04230 0.03796 0.03421 0.04626 0.08067 ( 1)  0.473 +-  0.924
  42 N   0.44197 0.09075 0.07012 0.05966 0.05260 0.04703 0.04220 0.03781 0.03402 0.04600 0.07782 ( 1)  0.461 +-  0.890
  43 I   0.44002 0.09035 0.06988 0.05953 0.05255 0.04704 0.04226 0.03791 0.03415 0.04618 0.08011 ( 1)  0.471 +-  0.920
  44 V   0.43699 0.08974 0.06952 0.05933 0.05247 0.04706 0.04236 0.03808 0.03436 0.04647 0.08360 ( 1)  0.487 +-  0.962
  45 L   0.42830 0.08797 0.06843 0.05867 0.05213 0.04698 0.04250 0.03838 0.03479 0.04709 0.09477 ( 1)  0.541 +-  1.108
  46 D   0.44327 0.09102 0.07027 0.05975 0.05263 0.04702 0.04215 0.03774 0.03394 0.04587 0.07633 ( 1)  0.455 +-  0.871
  47 Q   0.43070 0.08845 0.06874 0.05886 0.05224 0.04702 0.04247 0.03831 0.03468 0.04694 0.09158 ( 1)  0.525 +-  1.066
  48 T   0.44180 0.09072 0.07012 0.05968 0.05264 0.04707 0.04225 0.03787 0.03408 0.04608 0.07770 ( 1)  0.459 +-  0.881
  49 E   0.43836 0.09002 0.06969 0.05943 0.05252 0.04706 0.04233 0.03802 0.03428 0.04636 0.08194 ( 1)  0.479 +-  0.940
  50 E   0.43836 0.09002 0.06969 0.05943 0.05252 0.04706 0.04233 0.03802 0.03428 0.04636 0.08194 ( 1)  0.479 +-  0.940
  51 Y   0.43820 0.08999 0.06967 0.05943 0.05252 0.04708 0.04235 0.03803 0.03430 0.04639 0.08204 ( 1)  0.479 +-  0.939
  52 I   0.44084 0.09052 0.06998 0.05958 0.05257 0.04703 0.04223 0.03787 0.03409 0.04610 0.07918 ( 1)  0.467 +-  0.909
  53 N   0.44197 0.09075 0.07012 0.05966 0.05260 0.04703 0.04220 0.03781 0.03402 0.04600 0.07782 ( 1)  0.461 +-  0.890
  54 G   0.44231 0.09083 0.07017 0.05971 0.05264 0.04706 0.04222 0.03783 0.03404 0.04601 0.07717 ( 1)  0.457 +-  0.876
  55 Q   0.43070 0.08845 0.06874 0.05886 0.05224 0.04702 0.04247 0.03831 0.03468 0.04694 0.09158 ( 1)  0.525 +-  1.066
  56 L   0.43507 0.08934 0.06928 0.05919 0.05240 0.04705 0.04240 0.03815 0.03446 0.04662 0.08604 ( 1)  0.499 +-  0.995
  57 K   0.43812 0.08997 0.06966 0.05941 0.05251 0.04706 0.04233 0.03802 0.03429 0.04638 0.08224 ( 1)  0.481 +-  0.944
  58 A   0.44135 0.09063 0.07006 0.05965 0.05262 0.04708 0.04227 0.03789 0.03411 0.04612 0.07820 ( 1)  0.462 +-  0.887
  59 K   0.43812 0.08997 0.06966 0.05941 0.05251 0.04706 0.04233 0.03802 0.03429 0.04638 0.08224 ( 1)  0.481 +-  0.944
  60 Y   0.43750 0.08984 0.06959 0.05938 0.05250 0.04708 0.04236 0.03807 0.03434 0.04645 0.08289 ( 1)  0.483 +-  0.950
  61 G   0.44231 0.09083 0.07017 0.05971 0.05264 0.04706 0.04222 0.03783 0.03404 0.04601 0.07717 ( 1)  0.457 +-  0.876
  62 I   0.44084 0.09052 0.06998 0.05958 0.05257 0.04703 0.04223 0.03787 0.03409 0.04610 0.07918 ( 1)  0.467 +-  0.909
  63 A   0.44047 0.09045 0.06996 0.05959 0.05260 0.04708 0.04229 0.03794 0.03417 0.04620 0.07925 ( 1)  0.466 +-  0.900
  64 F   0.43660 0.08966 0.06948 0.05931 0.05247 0.04707 0.04238 0.03810 0.03439 0.04652 0.08400 ( 1)  0.488 +-  0.965
  65 L   0.43457 0.08924 0.06922 0.05915 0.05239 0.04705 0.04241 0.03817 0.03449 0.04666 0.08665 ( 1)  0.501 +-  1.002
  66 R   0.43819 0.08998 0.06967 0.05943 0.05252 0.04707 0.04234 0.03803 0.03430 0.04639 0.08206 ( 1)  0.479 +-  0.940
  67 G   0.44330 0.09103 0.07029 0.05977 0.05266 0.04705 0.04219 0.03777 0.03397 0.04591 0.07605 ( 1)  0.452 +-  0.862
  68 N   0.44292 0.09095 0.07023 0.05972 0.05262 0.04702 0.04216 0.03775 0.03395 0.04590 0.07678 ( 1)  0.457 +-  0.878
  69 N   0.44197 0.09075 0.07012 0.05966 0.05260 0.04703 0.04220 0.03781 0.03402 0.04600 0.07782 ( 1)  0.461 +-  0.890
  70 V   0.43699 0.08974 0.06952 0.05933 0.05247 0.04706 0.04236 0.03808 0.03436 0.04647 0.08360 ( 1)  0.487 +-  0.962
  71 L   0.42863 0.08803 0.06847 0.05870 0.05215 0.04699 0.04249 0.03837 0.03477 0.04707 0.09432 ( 1)  0.539 +-  1.102
  72 Y   0.43820 0.08999 0.06967 0.05943 0.05252 0.04708 0.04235 0.03803 0.03430 0.04639 0.08204 ( 1)  0.479 +-  0.939
  73 I   0.44084 0.09052 0.06998 0.05958 0.05257 0.04703 0.04223 0.03787 0.03409 0.04610 0.07918 ( 1)  0.467 +-  0.909
  74 S   0.44356 0.09108 0.07032 0.05979 0.05267 0.04704 0.04217 0.03776 0.03394 0.04588 0.07579 ( 1)  0.451 +-  0.859
  75 A   0.44135 0.09063 0.07006 0.05965 0.05262 0.04708 0.04227 0.03789 0.03411 0.04612 0.07820 ( 1)  0.462 +-  0.887
  76 Q   0.42948 0.08821 0.06858 0.05877 0.05219 0.04700 0.04249 0.03835 0.03474 0.04702 0.09318 ( 1)  0.533 +-  1.087
  77 K   0.43812 0.08997 0.06966 0.05941 0.05251 0.04706 0.04233 0.03802 0.03429 0.04638 0.08224 ( 1)  0.481 +-  0.944
  78 R   0.43819 0.08998 0.06967 0.05943 0.05252 0.04707 0.04234 0.03803 0.03430 0.04639 0.08206 ( 1)  0.479 +-  0.940
  79 K   0.43812 0.08997 0.06966 0.05941 0.05251 0.04706 0.04233 0.03802 0.03429 0.04638 0.08224 ( 1)  0.481 +-  0.944
  80 A   0.44068 0.09049 0.06998 0.05960 0.05260 0.04707 0.04228 0.03792 0.03415 0.04617 0.07906 ( 1)  0.466 +-  0.900

Positively selected sites

	Prob(w>1)  mean w


