Supplemental results for CODEML (seqf: algn  treef: tree)


dN/dS (w) for site classes (K=3)

p:   0.63092  0.20293  0.16615
w:   0.05913  1.00000  1.00000

Naive Empirical Bayes (NEB) probabilities for 3 classes & postmean_w
(amino acids refer to 1st sequence: stm.14546)

   1 F   0.96382 0.01990 0.01629 ( 1)  0.093
   2 T   0.46396 0.29473 0.24131 ( 1)  0.563
   3 H   0.97587 0.01327 0.01086 ( 1)  0.082
   4 F   0.60428 0.21758 0.17814 ( 1)  0.431
   5 P   0.05212 0.52117 0.42671 ( 2)  0.951
   6 C   0.02546 0.53583 0.43871 ( 2)  0.976
   7 C   0.97678 0.01277 0.01045 ( 1)  0.081
   8 D   0.74990 0.13751 0.11259 ( 1)  0.294
   9 E   0.01310 0.54263 0.44428 ( 2)  0.988
  10 F   0.96038 0.02179 0.01784 ( 1)  0.096
  11 N   0.75243 0.13612 0.11145 ( 1)  0.292
  12 K   0.18432 0.44848 0.36720 ( 2)  0.827
  13 K   0.43933 0.30827 0.25240 ( 1)  0.587
  14 T   0.55727 0.24342 0.19930 ( 1)  0.476
  15 E   0.96573 0.01884 0.01543 ( 1)  0.091
  16 E   0.09921 0.49528 0.40551 ( 2)  0.907
  17 Q   0.61728 0.21043 0.17229 ( 1)  0.419
  18 F   0.96382 0.01990 0.01629 ( 1)  0.093
  19 P   0.97012 0.01643 0.01345 ( 1)  0.087
  20 I   0.45226 0.30116 0.24658 ( 1)  0.574
  21 A   0.46609 0.29356 0.24035 ( 1)  0.561
  22 F   0.96382 0.01990 0.01629 ( 1)  0.093
  23 A   0.97137 0.01574 0.01289 ( 1)  0.086
  24 V   0.10872 0.49005 0.40123 ( 2)  0.898
  25 K   0.77091 0.12596 0.10313 ( 1)  0.275
  26 I   0.70196 0.16387 0.13417 ( 1)  0.340
  27 I   0.36005 0.35186 0.28809 ( 1)  0.661
  28 A   0.08944 0.50065 0.40991 ( 2)  0.916
  29 D   0.66640 0.18342 0.15018 ( 1)  0.373
  30 L   0.94039 0.03278 0.02684 ( 1)  0.115
  31 K   0.95220 0.02628 0.02152 ( 1)  0.104
  32 E   0.18346 0.44895 0.36758 ( 2)  0.827
  33 N   0.93985 0.03307 0.02708 ( 1)  0.116
  34 F   0.96382 0.01990 0.01629 ( 1)  0.093
  35 Q   0.18063 0.45051 0.36886 ( 2)  0.830
  36 K   0.43206 0.31227 0.25567 ( 1)  0.593
  37 R   0.38413 0.33862 0.27725 ( 1)  0.639
  38 F   0.96038 0.02179 0.01784 ( 1)  0.096
  39 S   0.95357 0.02553 0.02090 ( 1)  0.103
  40 D   0.95851 0.02281 0.01868 ( 1)  0.098
  41 L   0.72692 0.15015 0.12293 ( 1)  0.316
  42 D   0.96040 0.02177 0.01783 ( 1)  0.096
  43 M   0.08128 0.50514 0.41358 ( 2)  0.924
  44 N   0.65216 0.19125 0.15659 ( 1)  0.386
  45 S   0.44448 0.30544 0.25008 ( 1)  0.582
  46 K   0.77392 0.12431 0.10178 ( 1)  0.272
  47 E   0.67346 0.17954 0.14700 ( 1)  0.366
  48 I   0.93939 0.03332 0.02728 ( 1)  0.116
  49 R   0.27141 0.40060 0.32799 ( 2)  0.745
  50 L   0.44625 0.30447 0.24928 ( 1)  0.580
  51 F   0.96018 0.02189 0.01792 ( 1)  0.097
  52 Q   0.96701 0.01814 0.01485 ( 1)  0.090
  53 N   0.94612 0.02963 0.02426 ( 1)  0.110
  54 P   0.97047 0.01624 0.01329 ( 1)  0.087
  55 F   0.96382 0.01990 0.01629 ( 1)  0.093
  56 D   0.96470 0.01941 0.01589 ( 1)  0.092
  57 C   0.04359 0.52586 0.43055 ( 2)  0.959
  58 N   0.73849 0.14379 0.11773 ( 1)  0.305
  59 V   0.73505 0.14567 0.11927 ( 1)  0.308
  60 A   0.41434 0.32201 0.26365 ( 1)  0.610
  61 E   0.00541 0.54685 0.44774 ( 2)  0.995
  62 I   0.52951 0.25869 0.21180 ( 1)  0.502
  63 S   0.51117 0.26877 0.22006 ( 1)  0.519
  64 I   0.45765 0.29820 0.24415 ( 1)  0.569
  65 I   0.93939 0.03332 0.02728 ( 1)  0.116
  66 D   0.96470 0.01941 0.01589 ( 1)  0.092
  67 L   0.93801 0.03408 0.02791 ( 1)  0.117
  68 Q   0.96701 0.01814 0.01485 ( 1)  0.090
  69 A   0.02150 0.53801 0.44050 ( 2)  0.980
  70 N   0.79222 0.11425 0.09354 ( 1)  0.255
  71 E   0.16730 0.45784 0.37486 ( 2)  0.843
  72 Q   0.09868 0.49557 0.40575 ( 2)  0.907
  73 I   0.93261 0.03705 0.03034 ( 1)  0.123
  74 K   0.94769 0.02876 0.02355 ( 1)  0.108
  75 D   0.13895 0.47343 0.38762 ( 2)  0.869
  76 K   0.95220 0.02628 0.02152 ( 1)  0.104
  77 Y   0.94699 0.02915 0.02386 ( 1)  0.109
  78 K   0.63398 0.20125 0.16477 ( 1)  0.404
  79 E   0.33522 0.36552 0.29927 ( 2)  0.685
  80 G   0.02901 0.53388 0.43711 ( 2)  0.973
  81 N   0.07795 0.50697 0.41508 ( 2)  0.927
  82 L   0.94039 0.03278 0.02684 ( 1)  0.115
  83 I   0.50143 0.27413 0.22444 ( 1)  0.528
  84 D   0.77692 0.12266 0.10043 ( 1)  0.269
  85 F   0.96382 0.01990 0.01629 ( 1)  0.093
  86 Y   0.95359 0.02552 0.02089 ( 1)  0.103
  87 K   0.95061 0.02715 0.02223 ( 1)  0.106
  88 Y   0.02093 0.53832 0.44075 ( 2)  0.980
  89 L   0.87885 0.06661 0.05454 ( 1)  0.173
  90 D   0.03727 0.52933 0.43339 ( 2)  0.965
  91 A   0.06561 0.51375 0.42064 ( 2)  0.938
  92 K   0.59709 0.22153 0.18138 ( 1)  0.438
  93 E   0.61744 0.21034 0.17222 ( 1)  0.419
  94 F   0.96382 0.01990 0.01629 ( 1)  0.093
  95 P   0.04849 0.52316 0.42834 ( 2)  0.954
  96 N   0.94612 0.02963 0.02426 ( 1)  0.110
  97 L   0.93872 0.03369 0.02759 ( 1)  0.117
  98 K   0.22470 0.42628 0.34902 ( 2)  0.789
  99 K   0.95220 0.02628 0.02152 ( 1)  0.104
 100 F   0.96382 0.01990 0.01629 ( 1)  0.093
 101 A   0.97500 0.01375 0.01126 ( 1)  0.083
 102 R   0.82634 0.09548 0.07818 ( 1)  0.223
 103 K   0.14807 0.46841 0.38351 ( 2)  0.861
 104 F   0.67822 0.17692 0.14485 ( 1)  0.362
 105 I   0.65109 0.19184 0.15707 ( 1)  0.387
 106 S   0.53870 0.25364 0.20767 ( 1)  0.493
 107 M   0.56121 0.24126 0.19753 ( 1)  0.472
 108 F   0.96382 0.01990 0.01629 ( 1)  0.093
 109 G   0.21491 0.43166 0.35343 ( 2)  0.798
 110 T   0.59505 0.22265 0.18230 ( 1)  0.440
 111 T   0.95894 0.02258 0.01848 ( 1)  0.098
 112 Y   0.94699 0.02915 0.02386 ( 1)  0.109
 113 V   0.47197 0.29032 0.23770 ( 1)  0.556
 114 C   0.68975 0.17058 0.13967 ( 1)  0.351
 115 E   0.96573 0.01884 0.01543 ( 1)  0.091
 116 Q   0.63242 0.20211 0.16548 ( 1)  0.405
 117 T   0.95481 0.02484 0.02034 ( 1)  0.102
 118 F   0.96038 0.02179 0.01784 ( 1)  0.096
 119 P   0.55554 0.24438 0.20009 ( 1)  0.477
 120 R   0.41048 0.32414 0.26539 ( 1)  0.614
 121 M   0.98551 0.00797 0.00652 ( 1)  0.073
 122 K   0.94769 0.02876 0.02355 ( 1)  0.108
 123 Y   0.50227 0.27367 0.22407 ( 1)  0.527
 124 L   0.08974 0.50048 0.40977 ( 2)  0.916
 125 K   0.95220 0.02628 0.02152 ( 1)  0.104
 126 S   0.00933 0.54470 0.44597 ( 2)  0.991
 127 K   0.12667 0.48018 0.39315 ( 2)  0.881
 128 Y   0.95106 0.02691 0.02203 ( 1)  0.105
 129 R   0.98773 0.00675 0.00552 ( 1)  0.071

Positively selected sites

	Prob(w>1)  mean w



lnL = -1063.154231

Bayes Empirical Bayes (BEB) probabilities for 3 classes (class) & postmean_w
(amino acids refer to 1st sequence: stm.14546)

   1 F   0.96444 0.03077 0.00479 ( 1)  0.087 +-  0.203
   2 T   0.41628 0.48254 0.10118 ( 2)  0.691 +-  0.676
   3 H   0.97649 0.02043 0.00308 ( 1)  0.075 +-  0.165
   4 F   0.55107 0.35285 0.09608 ( 1)  0.571 +-  0.732
   5 P   0.03728 0.77346 0.18926 ( 2)  1.131 +-  0.598
   6 C   0.01764 0.77644 0.20592 ( 2)  1.170 +-  0.618
   7 C   0.97695 0.02036 0.00268 ( 1)  0.074 +-  0.167
   8 D   0.71865 0.23865 0.04269 ( 1)  0.350 +-  0.528
   9 E   0.00806 0.75837 0.23357 ( 2)  1.244 +-  0.782
  10 F   0.96050 0.03399 0.00551 ( 1)  0.092 +-  0.218
  11 N   0.72309 0.23661 0.04030 ( 1)  0.342 +-  0.511
  12 K   0.14326 0.71586 0.14087 ( 2)  0.971 +-  0.545
  13 K   0.39173 0.50713 0.10115 ( 2)  0.707 +-  0.631
  14 T   0.49843 0.39073 0.11084 ( 1)  0.636 +-  0.754
  15 E   0.96556 0.02970 0.00474 ( 1)  0.087 +-  0.205
  16 E   0.07376 0.77439 0.15185 ( 2)  1.041 +-  0.472
  17 Q   0.57433 0.36009 0.06558 ( 1)  0.507 +-  0.606
  18 F   0.96444 0.03077 0.00479 ( 1)  0.087 +-  0.203
  19 P   0.96927 0.02626 0.00447 ( 1)  0.083 +-  0.202
  20 I   0.39067 0.46445 0.14489 ( 2)  0.792 +-  0.875
  21 A   0.42094 0.48328 0.09578 ( 2)  0.672 +-  0.618
  22 F   0.96444 0.03077 0.00479 ( 1)  0.087 +-  0.203
  23 A   0.97105 0.02508 0.00387 ( 1)  0.081 +-  0.189
  24 V   0.07408 0.68685 0.23907 ( 2)  1.235 +-  0.998
  25 K   0.74201 0.22035 0.03764 ( 1)  0.324 +-  0.505
  26 I   0.66555 0.28153 0.05293 ( 1)  0.409 +-  0.565
  27 I   0.31208 0.56622 0.12170 ( 2)  0.808 +-  0.674
  28 A   0.06595 0.77036 0.16369 ( 2)  1.068 +-  0.530
  29 D   0.63246 0.31312 0.05442 ( 1)  0.437 +-  0.550
  30 L   0.93925 0.05248 0.00827 ( 1)  0.115 +-  0.274
  31 K   0.95246 0.04100 0.00654 ( 1)  0.100 +-  0.237
  32 E   0.14324 0.71930 0.13746 ( 2)  0.965 +-  0.524
  33 N   0.94050 0.05097 0.00853 ( 1)  0.113 +-  0.266
  34 F   0.96444 0.03077 0.00479 ( 1)  0.087 +-  0.203
  35 Q   0.14008 0.72146 0.13847 ( 2)  0.970 +-  0.530
  36 K   0.38470 0.51554 0.09977 ( 2)  0.710 +-  0.614
  37 R   0.29648 0.48073 0.22279 ( 2)  1.210 +-  1.618
  38 F   0.96050 0.03399 0.00551 ( 1)  0.092 +-  0.218
  39 S   0.95260 0.04075 0.00665 ( 1)  0.101 +-  0.244
  40 D   0.95823 0.03568 0.00609 ( 1)  0.095 +-  0.231
  41 L   0.69303 0.26106 0.04590 ( 1)  0.377 +-  0.544
  42 D   0.96072 0.03368 0.00560 ( 1)  0.092 +-  0.218
  43 M   0.05984 0.77883 0.16133 ( 2)  1.069 +-  0.505
  44 N   0.61972 0.32526 0.05502 ( 1)  0.449 +-  0.550
  45 S   0.39723 0.50047 0.10230 ( 2)  0.710 +-  0.673
  46 K   0.74889 0.21531 0.03580 ( 1)  0.314 +-  0.489
  47 E   0.63526 0.31150 0.05324 ( 1)  0.437 +-  0.563
  48 I   0.93978 0.05171 0.00851 ( 1)  0.113 +-  0.264
  49 R   0.23111 0.62522 0.14367 ( 2)  0.908 +-  0.687
  50 L   0.39786 0.49978 0.10236 ( 2)  0.706 +-  0.654
  51 F   0.96022 0.03415 0.00563 ( 1)  0.092 +-  0.222
  52 Q   0.96690 0.02917 0.00392 ( 1)  0.085 +-  0.201
  53 N   0.94764 0.04542 0.00694 ( 1)  0.105 +-  0.243
  54 P   0.96968 0.02595 0.00437 ( 1)  0.083 +-  0.199
  55 F   0.96444 0.03077 0.00479 ( 1)  0.087 +-  0.203
  56 D   0.96578 0.02972 0.00450 ( 1)  0.086 +-  0.197
  57 C   0.03125 0.78901 0.17975 ( 2)  1.119 +-  0.538
  58 N   0.70697 0.24776 0.04527 ( 1)  0.364 +-  0.539
  59 V   0.70411 0.25177 0.04412 ( 1)  0.363 +-  0.525
  60 A   0.36809 0.52783 0.10408 ( 2)  0.728 +-  0.612
  61 E   0.00322 0.73693 0.25985 ( 2)  1.315 +-  0.933
  62 I   0.48447 0.43145 0.08407 ( 1)  0.604 +-  0.619
  63 S   0.46116 0.44316 0.09568 ( 1)  0.644 +-  0.673
  64 I   0.40093 0.46610 0.13297 ( 2)  0.750 +-  0.773
  65 I   0.93978 0.05171 0.00851 ( 1)  0.113 +-  0.264
  66 D   0.96578 0.02972 0.00450 ( 1)  0.086 +-  0.197
  67 L   0.93616 0.05408 0.00977 ( 1)  0.119 +-  0.284
  68 Q   0.96690 0.02917 0.00392 ( 1)  0.085 +-  0.201
  69 A   0.01474 0.77049 0.21478 ( 2)  1.186 +-  0.644
  70 N   0.76664 0.19874 0.03461 ( 1)  0.297 +-  0.484
  71 E   0.12281 0.68420 0.19299 ( 2)  1.076 +-  0.749
  72 Q   0.07395 0.76625 0.15980 ( 2)  1.055 +-  0.522
  73 I   0.93172 0.05781 0.01047 ( 1)  0.123 +-  0.293
  74 K   0.94720 0.04516 0.00765 ( 1)  0.106 +-  0.255
  75 D   0.09751 0.67791 0.22458 ( 2)  1.190 +-  0.978
  76 K   0.95246 0.04100 0.00654 ( 1)  0.100 +-  0.237
  77 Y   0.94618 0.04596 0.00786 ( 1)  0.108 +-  0.262
  78 K   0.59299 0.34410 0.06292 ( 1)  0.486 +-  0.594
  79 E   0.27465 0.61166 0.11368 ( 2)  0.824 +-  0.587
  80 G   0.02055 0.78764 0.19181 ( 2)  1.147 +-  0.579
  81 N   0.05689 0.76501 0.17810 ( 2)  1.097 +-  0.575
  82 L   0.93925 0.05248 0.00827 ( 1)  0.115 +-  0.274
  83 I   0.45516 0.45803 0.08681 ( 2)  0.635 +-  0.621
  84 D   0.75142 0.21333 0.03525 ( 1)  0.311 +-  0.484
  85 F   0.96444 0.03077 0.00479 ( 1)  0.087 +-  0.203
  86 Y   0.95363 0.03998 0.00639 ( 1)  0.099 +-  0.234
  87 K   0.95054 0.04249 0.00697 ( 1)  0.102 +-  0.244
  88 Y   0.01296 0.76089 0.22615 ( 2)  1.225 +-  0.751
  89 L   0.87470 0.10596 0.01934 ( 1)  0.185 +-  0.389
  90 D   0.02670 0.79370 0.17960 ( 2)  1.117 +-  0.503
  91 A   0.04783 0.77659 0.17558 ( 2)  1.106 +-  0.582
  92 K   0.55602 0.37595 0.06802 ( 1)  0.522 +-  0.588
  93 E   0.57451 0.35997 0.06552 ( 1)  0.507 +-  0.605
  94 F   0.96444 0.03077 0.00479 ( 1)  0.087 +-  0.203
  95 P   0.03506 0.78884 0.17610 ( 2)  1.107 +-  0.510
  96 N   0.94764 0.04542 0.00694 ( 1)  0.105 +-  0.243
  97 L   0.93761 0.05413 0.00827 ( 1)  0.116 +-  0.278
  98 K   0.17776 0.69067 0.13157 ( 2)  0.928 +-  0.544
  99 K   0.95246 0.04100 0.00654 ( 1)  0.100 +-  0.237
 100 F   0.96444 0.03077 0.00479 ( 1)  0.087 +-  0.203
 101 A   0.97479 0.02162 0.00359 ( 1)  0.077 +-  0.176
 102 R   0.80010 0.17229 0.02761 ( 1)  0.271 +-  0.532
 103 K   0.11369 0.74024 0.14606 ( 2)  1.006 +-  0.542
 104 F   0.63938 0.30463 0.05600 ( 1)  0.436 +-  0.576
 105 I   0.61644 0.32717 0.05639 ( 1)  0.454 +-  0.557
 106 S   0.46742 0.40164 0.13094 ( 1)  0.726 +-  0.952
 107 M   0.51316 0.41343 0.07341 ( 1)  0.565 +-  0.587
 108 F   0.96444 0.03077 0.00479 ( 1)  0.087 +-  0.203
 109 G   0.16053 0.59777 0.24171 ( 2)  1.242 +-  1.298
 110 T   0.55588 0.37588 0.06824 ( 1)  0.521 +-  0.583
 111 T   0.95893 0.03522 0.00586 ( 1)  0.093 +-  0.221
 112 Y   0.94618 0.04596 0.00786 ( 1)  0.108 +-  0.262
 113 V   0.42425 0.48042 0.09533 ( 2)  0.678 +-  0.664
 114 C   0.63704 0.28947 0.07349 ( 1)  0.488 +-  0.787
 115 E   0.96556 0.02970 0.00474 ( 1)  0.087 +-  0.205
 116 Q   0.59114 0.34533 0.06354 ( 1)  0.489 +-  0.598
 117 T   0.95401 0.03914 0.00684 ( 1)  0.099 +-  0.240
 118 F   0.96050 0.03399 0.00551 ( 1)  0.092 +-  0.218
 119 P   0.48616 0.39009 0.12375 ( 1)  0.706 +-  0.967
 120 R   0.36676 0.52794 0.10530 ( 2)  0.737 +-  0.649
 121 M   0.98579 0.01230 0.00191 ( 1)  0.065 +-  0.130
 122 K   0.94720 0.04516 0.00765 ( 1)  0.106 +-  0.255
 123 Y   0.43936 0.43251 0.12813 ( 1)  0.730 +-  0.868
 124 L   0.06589 0.75938 0.17473 ( 2)  1.088 +-  0.593
 125 K   0.95246 0.04100 0.00654 ( 1)  0.100 +-  0.237
 126 S   0.00567 0.70913 0.28520 ( 2)  1.376 +-  1.064
 127 K   0.09611 0.75661 0.14729 ( 2)  1.016 +-  0.487
 128 Y   0.95079 0.04241 0.00680 ( 1)  0.102 +-  0.243
 129 R   0.98781 0.01063 0.00155 ( 1)  0.063 +-  0.121

Positively selected sites

	Prob(w>1)  mean w


