Supplemental results for CODEML (seqf: algn  treef: tree)


dN/dS (w) for site classes (K=2)

p:   0.00001  0.99999
w:   1.00000  1.00000

Naive Empirical Bayes (NEB) probabilities for 2 classes & postmean_w
(amino acids refer to 1st sequence: spe.7232)

   1 M   0.00001 0.99999 ( 2)  1.000
   2 R   0.00001 0.99999 ( 2)  1.000
   3 Y   0.00001 0.99999 ( 2)  1.000
   4 V   0.00001 0.99999 ( 2)  1.000
   5 A   0.00001 0.99999 ( 2)  1.000
   6 V   0.00001 0.99999 ( 2)  1.000
   7 Q   0.00001 0.99999 ( 2)  1.000
   8 L   0.00001 0.99999 ( 2)  1.000
   9 L   0.00001 0.99999 ( 2)  1.000
  10 A   0.00001 0.99999 ( 2)  1.000
  11 L   0.00001 0.99999 ( 2)  1.000
  12 L   0.00001 0.99999 ( 2)  1.000
  13 L   0.00001 0.99999 ( 2)  1.000
  14 F   0.00001 0.99999 ( 2)  1.000
  15 S   0.00001 0.99999 ( 2)  1.000
  16 D   0.00001 0.99999 ( 2)  1.000
  17 L   0.00001 0.99999 ( 2)  1.000
  18 I   0.00001 0.99999 ( 2)  1.000
  19 S   0.00001 0.99999 ( 2)  1.000
  20 S   0.00001 0.99999 ( 2)  1.000
  21 E   0.00001 0.99999 ( 2)  1.000
  22 L   0.00001 0.99999 ( 2)  1.000
  23 H   0.00001 0.99999 ( 2)  1.000
  24 P   0.00001 0.99999 ( 2)  1.000
  25 A   0.00001 0.99999 ( 2)  1.000
  26 S   0.00001 0.99999 ( 2)  1.000
  27 E   0.00001 0.99999 ( 2)  1.000
  28 I   0.00001 0.99999 ( 2)  1.000
  29 P   0.00001 0.99999 ( 2)  1.000
  30 A   0.00001 0.99999 ( 2)  1.000
  31 V   0.00001 0.99999 ( 2)  1.000
  32 S   0.00001 0.99999 ( 2)  1.000
  33 Q   0.00001 0.99999 ( 2)  1.000
  34 E   0.00001 0.99999 ( 2)  1.000
  35 D   0.00001 0.99999 ( 2)  1.000
  36 E   0.00001 0.99999 ( 2)  1.000
  37 V   0.00001 0.99999 ( 2)  1.000
  38 D   0.00001 0.99999 ( 2)  1.000
  39 E   0.00001 0.99999 ( 2)  1.000
  40 G   0.00001 0.99999 ( 2)  1.000
  41 Y   0.00001 0.99999 ( 2)  1.000
  42 L   0.00001 0.99999 ( 2)  1.000
  43 A   0.00001 0.99999 ( 2)  1.000
  44 D   0.00001 0.99999 ( 2)  1.000
  45 A   0.00001 0.99999 ( 2)  1.000
  46 A   0.00001 0.99999 ( 2)  1.000
  47 S   0.00001 0.99999 ( 2)  1.000
  48 H   0.00001 0.99999 ( 2)  1.000
  49 L   0.00001 0.99999 ( 2)  1.000
  50 G   0.00001 0.99999 ( 2)  1.000
  51 A   0.00001 0.99999 ( 2)  1.000
  52 E   0.00001 0.99999 ( 2)  1.000
  53 D   0.00001 0.99999 ( 2)  1.000
  54 R   0.00001 0.99999 ( 2)  1.000
  55 Q   0.00001 0.99999 ( 2)  1.000
  56 L   0.00001 0.99999 ( 2)  1.000
  57 E   0.00001 0.99999 ( 2)  1.000
  58 S   0.00001 0.99999 ( 2)  1.000
  59 T   0.00001 0.99999 ( 2)  1.000
  60 S   0.00001 0.99999 ( 2)  1.000
  61 N   0.00001 0.99999 ( 2)  1.000
  62 A   0.00001 0.99999 ( 2)  1.000
  63 I   0.00001 0.99999 ( 2)  1.000
  64 K   0.00001 0.99999 ( 2)  1.000
  65 S   0.00001 0.99999 ( 2)  1.000
  66 A   0.00001 0.99999 ( 2)  1.000
  67 S   0.00001 0.99999 ( 2)  1.000
  68 S   0.00001 0.99999 ( 2)  1.000
  69 V   0.00001 0.99999 ( 2)  1.000
  70 R   0.00001 0.99999 ( 2)  1.000
  71 A   0.00001 0.99999 ( 2)  1.000
  72 S   0.00001 0.99999 ( 2)  1.000
  73 V   0.00001 0.99999 ( 2)  1.000
  74 L   0.00001 0.99999 ( 2)  1.000
  75 V   0.00001 0.99999 ( 2)  1.000
  76 A   0.00001 0.99999 ( 2)  1.000
  77 T   0.00001 0.99999 ( 2)  1.000
  78 Q   0.00001 0.99999 ( 2)  1.000
  79 Y   0.00001 0.99999 ( 2)  1.000
  80 R   0.00001 0.99999 ( 2)  1.000
  81 S   0.00001 0.99999 ( 2)  1.000
  82 D   0.00001 0.99999 ( 2)  1.000
  83 K   0.00001 0.99999 ( 2)  1.000
  84 I   0.00001 0.99999 ( 2)  1.000
  85 I   0.00001 0.99999 ( 2)  1.000
  86 R   0.00001 0.99999 ( 2)  1.000
  87 L   0.00001 0.99999 ( 2)  1.000
  88 P   0.00001 0.99999 ( 2)  1.000
  89 Y   0.00001 0.99999 ( 2)  1.000
  90 V   0.00001 0.99999 ( 2)  1.000
  91 I   0.00001 0.99999 ( 2)  1.000
  92 R   0.00001 0.99999 ( 2)  1.000
  93 R   0.00001 0.99999 ( 2)  1.000
  94 R   0.00001 0.99999 ( 2)  1.000
  95 G   0.00001 0.99999 ( 2)  1.000
  96 F   0.00001 0.99999 ( 2)  1.000
  97 R   0.00001 0.99999 ( 2)  1.000
  98 R   0.00001 0.99999 ( 2)  1.000
  99 R   0.00001 0.99999 ( 2)  1.000
 100 E   0.00001 0.99999 ( 2)  1.000
 101 R   0.00001 0.99999 ( 2)  1.000
 102 P   0.00001 0.99999 ( 2)  1.000
 103 R   0.00001 0.99999 ( 2)  1.000
 104 I   0.00001 0.99999 ( 2)  1.000
 105 I   0.00001 0.99999 ( 2)  1.000
 106 Y   0.00001 0.99999 ( 2)  1.000
 107 L   0.00001 0.99999 ( 2)  1.000


lnL =  -505.920881

