Supplemental results for CODEML (seqf: algn  treef: tree)


dN/dS (w) for site classes (K=2)

p:   0.07571  0.92429
w:   0.50098  1.00000

Naive Empirical Bayes (NEB) probabilities for 2 classes & postmean_w
(amino acids refer to 1st sequence: ppx.12156)

   1 M   0.07708 0.92292 ( 2)  0.962
   2 A   0.03979 0.96021 ( 2)  0.980
   3 R   0.07630 0.92370 ( 2)  0.962
   4 F   0.07718 0.92282 ( 2)  0.961
   5 N   0.07731 0.92269 ( 2)  0.961
   6 R   0.07678 0.92322 ( 2)  0.962
   7 S   0.07623 0.92377 ( 2)  0.962
   8 C   0.07632 0.92368 ( 2)  0.962
   9 N   0.07731 0.92269 ( 2)  0.961
  10 L   0.07623 0.92377 ( 2)  0.962
  11 R   0.07678 0.92322 ( 2)  0.962
  12 R   0.07678 0.92322 ( 2)  0.962
  13 H   0.07648 0.92352 ( 2)  0.962
  14 L   0.07623 0.92377 ( 2)  0.962
  15 T   0.07664 0.92336 ( 2)  0.962
  16 N   0.07697 0.92303 ( 2)  0.962
  17 V   0.07662 0.92338 ( 2)  0.962
  18 H   0.07702 0.92298 ( 2)  0.962
  19 H   0.07702 0.92298 ( 2)  0.962
  20 I   0.07702 0.92298 ( 2)  0.962
  21 K   0.07651 0.92349 ( 2)  0.962
  22 S   0.07643 0.92357 ( 2)  0.962
  23 D   0.07730 0.92270 ( 2)  0.961
  24 D   0.07730 0.92270 ( 2)  0.961
  25 L   0.07707 0.92293 ( 2)  0.962
  26 V   0.07662 0.92338 ( 2)  0.962
  27 I   0.07670 0.92330 ( 2)  0.962
  28 F   0.07718 0.92282 ( 2)  0.961
  29 P   0.07707 0.92293 ( 2)  0.962
  30 V   0.07669 0.92331 ( 2)  0.962
  31 D   0.07730 0.92270 ( 2)  0.961
  32 A   0.07640 0.92360 ( 2)  0.962
  33 T   0.07740 0.92260 ( 2)  0.961
  34 L   0.07608 0.92392 ( 2)  0.962
  35 S   0.07643 0.92357 ( 2)  0.962
  36 S   0.07707 0.92293 ( 2)  0.962
  37 T   0.07740 0.92260 ( 2)  0.961
  38 S   0.07623 0.92377 ( 2)  0.962
  39 A   0.07735 0.92265 ( 2)  0.961
  40 A   0.07735 0.92265 ( 2)  0.961
  41 H   0.07648 0.92352 ( 2)  0.962
  42 E   0.07671 0.92329 ( 2)  0.962
  43 E   0.07671 0.92329 ( 2)  0.962
  44 Q   0.07616 0.92384 ( 2)  0.962
  45 V   0.07736 0.92264 ( 2)  0.961
  46 I   0.07670 0.92330 ( 2)  0.962
  47 G   0.07700 0.92300 ( 2)  0.962
  48 E   0.07671 0.92329 ( 2)  0.962
  49 R   0.07630 0.92370 ( 2)  0.962
  50 L   0.07623 0.92377 ( 2)  0.962
  51 Q   0.07629 0.92371 ( 2)  0.962
  52 A   0.07640 0.92360 ( 2)  0.962
  53 P   0.07652 0.92348 ( 2)  0.962
  54 S   0.07722 0.92278 ( 2)  0.961
  55 N   0.07731 0.92269 ( 2)  0.961
  56 K   0.07651 0.92349 ( 2)  0.962
  57 R   0.07640 0.92360 ( 2)  0.962
  58 T   0.07740 0.92260 ( 2)  0.961
  59 V   0.07736 0.92264 ( 2)  0.961
  60 P   0.07707 0.92293 ( 2)  0.962
  61 T   0.07642 0.92358 ( 2)  0.962
  62 R   0.07678 0.92322 ( 2)  0.962
  63 P   0.07707 0.92293 ( 2)  0.962
  64 R   0.07662 0.92338 ( 2)  0.962
  65 N   0.07666 0.92334 ( 2)  0.962
  66 C   0.07681 0.92319 ( 2)  0.962
  67 S   0.07646 0.92354 ( 2)  0.962
  68 I   0.07746 0.92254 ( 2)  0.961
  69 K   0.07651 0.92349 ( 2)  0.962
  70 K   0.07651 0.92349 ( 2)  0.962
  71 L   0.07646 0.92354 ( 2)  0.962
  72 S   0.07646 0.92354 ( 2)  0.962
  73 N   0.07731 0.92269 ( 2)  0.961
  74 G   0.07642 0.92358 ( 2)  0.962
  75 R   0.07630 0.92370 ( 2)  0.962
  76 G   0.07625 0.92375 ( 2)  0.962
  77 Q   0.03968 0.96032 ( 2)  0.980
  78 C   0.07632 0.92368 ( 2)  0.962
  79 K   0.07651 0.92349 ( 2)  0.962
  80 T   0.07664 0.92336 ( 2)  0.962
  81 S   0.07707 0.92293 ( 2)  0.962
  82 I   0.07670 0.92330 ( 2)  0.962
  83 P   0.07707 0.92293 ( 2)  0.962
  84 K   0.03997 0.96003 ( 2)  0.980
  85 D   0.07730 0.92270 ( 2)  0.961
  86 L   0.07707 0.92293 ( 2)  0.962
  87 S   0.07646 0.92354 ( 2)  0.962
  88 S   0.07707 0.92293 ( 2)  0.962
  89 G   0.07625 0.92375 ( 2)  0.962
  90 D   0.07664 0.92336 ( 2)  0.962
  91 V   0.07662 0.92338 ( 2)  0.962
  92 I   0.07670 0.92330 ( 2)  0.962
  93 D   0.07695 0.92305 ( 2)  0.962
  94 K   0.07675 0.92325 ( 2)  0.962
  95 R   0.07640 0.92360 ( 2)  0.962
  96 E   0.07647 0.92353 ( 2)  0.962
  97 K   0.07675 0.92325 ( 2)  0.962
  98 D   0.07730 0.92270 ( 2)  0.961
  99 L   0.07630 0.92370 ( 2)  0.962
 100 T   0.07740 0.92260 ( 2)  0.961
 101 Q   0.07629 0.92371 ( 2)  0.962
 102 I   0.07670 0.92330 ( 2)  0.962
 103 T   0.07664 0.92336 ( 2)  0.962
 104 V   0.07736 0.92264 ( 2)  0.961
 105 S   0.07643 0.92357 ( 2)  0.962
 106 S   0.07623 0.92377 ( 2)  0.962
 107 N   0.07731 0.92269 ( 2)  0.961
 108 S   0.07707 0.92293 ( 2)  0.962
 109 A   0.07669 0.92331 ( 2)  0.962
 110 V   0.07662 0.92338 ( 2)  0.962
 111 P   0.07652 0.92348 ( 2)  0.962
 112 M   0.07708 0.92292 ( 2)  0.962
 113 P   0.07646 0.92354 ( 2)  0.962
 114 P   0.07646 0.92354 ( 2)  0.962
 115 H   0.07648 0.92352 ( 2)  0.962
 116 K   0.07675 0.92325 ( 2)  0.962
 117 G   0.07700 0.92300 ( 2)  0.962
 118 L   0.03991 0.96009 ( 2)  0.980
 119 S   0.07643 0.92357 ( 2)  0.962
 120 T   0.07642 0.92358 ( 2)  0.962
 121 N   0.07731 0.92269 ( 2)  0.961
 122 T   0.07664 0.92336 ( 2)  0.962
 123 L   0.07619 0.92381 ( 2)  0.962
 124 K   0.07675 0.92325 ( 2)  0.962
 125 V   0.07736 0.92264 ( 2)  0.961
 126 K   0.07675 0.92325 ( 2)  0.962
 127 N   0.07731 0.92269 ( 2)  0.961
 128 G   0.07645 0.92355 ( 2)  0.962
 129 E   0.07671 0.92329 ( 2)  0.962
 130 K   0.07675 0.92325 ( 2)  0.962
 131 N   0.07731 0.92269 ( 2)  0.961
 132 H   0.07702 0.92298 ( 2)  0.962
 133 L   0.07707 0.92293 ( 2)  0.962
 134 T   0.07672 0.92328 ( 2)  0.962
 135 E   0.07671 0.92329 ( 2)  0.962
 136 L   0.07707 0.92293 ( 2)  0.962
 137 A   0.07735 0.92265 ( 2)  0.961
 138 S   0.07707 0.92293 ( 2)  0.962
 139 A   0.07669 0.92331 ( 2)  0.962
 140 K   0.07675 0.92325 ( 2)  0.962
 141 K   0.07675 0.92325 ( 2)  0.962
 142 S   0.07623 0.92377 ( 2)  0.962
 143 F   0.07718 0.92282 ( 2)  0.961
 144 R   0.07630 0.92370 ( 2)  0.962
 145 Y   0.07692 0.92308 ( 2)  0.962
 146 E   0.07671 0.92329 ( 2)  0.962
 147 V   0.07640 0.92360 ( 2)  0.962
 148 S   0.07722 0.92278 ( 2)  0.961
 149 S   0.07657 0.92343 ( 2)  0.962
 150 I   0.07670 0.92330 ( 2)  0.962
 151 E   0.07647 0.92353 ( 2)  0.962
 152 F   0.07718 0.92282 ( 2)  0.961
 153 F   0.07718 0.92282 ( 2)  0.961
 154 V   0.07662 0.92338 ( 2)  0.962
 155 R   0.07662 0.92338 ( 2)  0.962
 156 F   0.07718 0.92282 ( 2)  0.961
 157 A   0.07735 0.92265 ( 2)  0.961
 158 L   0.07619 0.92381 ( 2)  0.962
 159 L   0.07707 0.92293 ( 2)  0.962
 160 F   0.07656 0.92344 ( 2)  0.962
 161 E   0.07647 0.92353 ( 2)  0.962
 162 F   0.07656 0.92344 ( 2)  0.962
 163 T   0.07672 0.92328 ( 2)  0.962
 164 L   0.07630 0.92370 ( 2)  0.962
 165 C   0.07681 0.92319 ( 2)  0.962
 166 L   0.03977 0.96023 ( 2)  0.980
 167 F   0.07718 0.92282 ( 2)  0.961
 168 L   0.07630 0.92370 ( 2)  0.962
 169 T   0.07740 0.92260 ( 2)  0.961
 170 F   0.07718 0.92282 ( 2)  0.961
 171 A   0.07735 0.92265 ( 2)  0.961
 172 I   0.07746 0.92254 ( 2)  0.961


lnL =  -734.368167

