Supplemental results for CODEML (seqf: algn  treef: tree)


dN/dS (w) for site classes (K=2)

p:   0.99999  0.00001
w:   0.00202  1.00000

Naive Empirical Bayes (NEB) probabilities for 2 classes & postmean_w
(amino acids refer to 1st sequence: Msl.11051)

   1 M   1.00000 0.00000 ( 1)  0.002
   2 P   1.00000 0.00000 ( 1)  0.002
   3 P   1.00000 0.00000 ( 1)  0.002
   4 K   1.00000 0.00000 ( 1)  0.002
   5 V   1.00000 0.00000 ( 1)  0.002
   6 S   1.00000 0.00000 ( 1)  0.002
   7 G   1.00000 0.00000 ( 1)  0.002
   8 K   0.99999 0.00001 ( 1)  0.002
   9 A   1.00000 0.00000 ( 1)  0.002
  10 A   1.00000 0.00000 ( 1)  0.002
  11 K   1.00000 0.00000 ( 1)  0.002
  12 K   1.00000 0.00000 ( 1)  0.002
  13 A   1.00000 0.00000 ( 1)  0.002
  14 S   1.00000 0.00000 ( 1)  0.002
  15 K   1.00000 0.00000 ( 1)  0.002
  16 A   1.00000 0.00000 ( 1)  0.002
  17 K   1.00000 0.00000 ( 1)  0.002
  18 A   1.00000 0.00000 ( 1)  0.002
  19 P   1.00000 0.00000 ( 1)  0.002
  20 K   1.00000 0.00000 ( 1)  0.002
  21 T   1.00000 0.00000 ( 1)  0.002
  22 D   1.00000 0.00000 ( 1)  0.002
  23 K   1.00000 0.00000 ( 1)  0.002
  24 K   1.00000 0.00000 ( 1)  0.002
  25 R   1.00000 0.00000 ( 1)  0.002
  26 K   1.00000 0.00000 ( 1)  0.002
  27 R   1.00000 0.00000 ( 1)  0.002
  28 R   1.00000 0.00000 ( 1)  0.002
  29 R   1.00000 0.00000 ( 1)  0.002
  30 K   1.00000 0.00000 ( 1)  0.002
  31 E   1.00000 0.00000 ( 1)  0.002
  32 S   1.00000 0.00000 ( 1)  0.002
  33 Y   1.00000 0.00000 ( 1)  0.002
  34 A   1.00000 0.00000 ( 1)  0.002
  35 I   1.00000 0.00000 ( 1)  0.002
  36 Y   1.00000 0.00000 ( 1)  0.002
  37 I   1.00000 0.00000 ( 1)  0.002
  38 Y   1.00000 0.00000 ( 1)  0.002
  39 K   1.00000 0.00000 ( 1)  0.002
  40 V   1.00000 0.00000 ( 1)  0.002
  41 L   1.00000 0.00000 ( 1)  0.002
  42 R   1.00000 0.00000 ( 1)  0.002
  43 Q   1.00000 0.00000 ( 1)  0.002
  44 V   1.00000 0.00000 ( 1)  0.002
  45 H   1.00000 0.00000 ( 1)  0.002
  46 P   1.00000 0.00000 ( 1)  0.002
  47 D   1.00000 0.00000 ( 1)  0.002
  48 T   1.00000 0.00000 ( 1)  0.002
  49 G   1.00000 0.00000 ( 1)  0.002
  50 I   1.00000 0.00000 ( 1)  0.002
  51 S   1.00000 0.00000 ( 1)  0.002
  52 S   1.00000 0.00000 ( 1)  0.002
  53 K   1.00000 0.00000 ( 1)  0.002
  54 A   1.00000 0.00000 ( 1)  0.002
  55 M   1.00000 0.00000 ( 1)  0.002
  56 M   1.00000 0.00000 ( 1)  0.002
  57 I   1.00000 0.00000 ( 1)  0.002
  58 M   1.00000 0.00000 ( 1)  0.002
  59 N   1.00000 0.00000 ( 1)  0.002
  60 S   1.00000 0.00000 ( 1)  0.002
  61 F   1.00000 0.00000 ( 1)  0.002
  62 V   1.00000 0.00000 ( 1)  0.002
  63 N   1.00000 0.00000 ( 1)  0.002
  64 D   1.00000 0.00000 ( 1)  0.002
  65 V   1.00000 0.00000 ( 1)  0.002
  66 F   1.00000 0.00000 ( 1)  0.002
  67 E   1.00000 0.00000 ( 1)  0.002
  68 R   1.00000 0.00000 ( 1)  0.002
  69 I   1.00000 0.00000 ( 1)  0.002
  70 A   1.00000 0.00000 ( 1)  0.002
  71 G   0.99997 0.00003 ( 1)  0.002
  72 E   1.00000 0.00000 ( 1)  0.002
  73 A   1.00000 0.00000 ( 1)  0.002
  74 S   1.00000 0.00000 ( 1)  0.002
  75 R   1.00000 0.00000 ( 1)  0.002
  76 L   1.00000 0.00000 ( 1)  0.002
  77 A   1.00000 0.00000 ( 1)  0.002
  78 H   1.00000 0.00000 ( 1)  0.002
  79 Y   1.00000 0.00000 ( 1)  0.002
  80 N   1.00000 0.00000 ( 1)  0.002
  81 K   1.00000 0.00000 ( 1)  0.002
  82 R   1.00000 0.00000 ( 1)  0.002
  83 S   1.00000 0.00000 ( 1)  0.002
  84 T   1.00000 0.00000 ( 1)  0.002
  85 I   1.00000 0.00000 ( 1)  0.002
  86 S   1.00000 0.00000 ( 1)  0.002
  87 S   1.00000 0.00000 ( 1)  0.002
  88 R   1.00000 0.00000 ( 1)  0.002
  89 E   1.00000 0.00000 ( 1)  0.002
  90 I   1.00000 0.00000 ( 1)  0.002
  91 Q   1.00000 0.00000 ( 1)  0.002
  92 T   1.00000 0.00000 ( 1)  0.002
  93 A   1.00000 0.00000 ( 1)  0.002
  94 V   1.00000 0.00000 ( 1)  0.002
  95 R   1.00000 0.00000 ( 1)  0.002
  96 L   1.00000 0.00000 ( 1)  0.002
  97 L   1.00000 0.00000 ( 1)  0.002
  98 L   1.00000 0.00000 ( 1)  0.002
  99 P   1.00000 0.00000 ( 1)  0.002
 100 G   1.00000 0.00000 ( 1)  0.002
 101 E   1.00000 0.00000 ( 1)  0.002
 102 L   1.00000 0.00000 ( 1)  0.002
 103 A   1.00000 0.00000 ( 1)  0.002
 104 K   1.00000 0.00000 ( 1)  0.002
 105 H   1.00000 0.00000 ( 1)  0.002
 106 A   1.00000 0.00000 ( 1)  0.002
 107 V   1.00000 0.00000 ( 1)  0.002
 108 S   1.00000 0.00000 ( 1)  0.002
 109 E   1.00000 0.00000 ( 1)  0.002
 110 G   1.00000 0.00000 ( 1)  0.002
 111 T   1.00000 0.00000 ( 1)  0.002
 112 K   1.00000 0.00000 ( 1)  0.002
 113 A   1.00000 0.00000 ( 1)  0.002
 114 V   1.00000 0.00000 ( 1)  0.002
 115 T   1.00000 0.00000 ( 1)  0.002
 116 K   1.00000 0.00000 ( 1)  0.002
 117 Y   1.00000 0.00000 ( 1)  0.002
 118 T   1.00000 0.00000 ( 1)  0.002
 119 S   1.00000 0.00000 ( 1)  0.002
 120 A   1.00000 0.00000 ( 1)  0.002
 121 K   1.00000 0.00000 ( 1)  0.002


lnL =  -769.540464

