Supplemental results for CODEML (seqf: algn  treef: tree)


dN/dS (w) for site classes (K=8)

p:   0.12500  0.12500  0.12500  0.12500  0.12500  0.12500  0.12500  0.12500
w:   0.00000  0.00000  0.00000  1.00000  1.00000  1.00000  1.00000  1.00000

Naive Empirical Bayes (NEB) probabilities for 8 classes & postmean_w
(amino acids refer to 1st sequence: stm.10486)

   1 S   0.00000 0.00000 0.00000 0.20000 0.20000 0.20000 0.20000 0.20000 ( 5)  1.000
   2 D   0.00000 0.00000 0.00000 0.20000 0.20000 0.20000 0.20000 0.20000 ( 5)  1.000
   3 Q   0.00000 0.00000 0.00000 0.20000 0.20000 0.20000 0.20000 0.20000 ( 5)  1.000
   4 D   0.00000 0.00000 0.00000 0.20000 0.20000 0.20000 0.20000 0.20000 ( 5)  1.000
   5 L   0.00000 0.00000 0.00000 0.20000 0.20000 0.20000 0.20000 0.20000 ( 5)  1.000
   6 H   0.00000 0.00000 0.00000 0.20000 0.20000 0.20000 0.20000 0.20000 ( 5)  1.000
   7 I   0.00000 0.00000 0.00000 0.20000 0.20000 0.20000 0.20000 0.20000 ( 5)  1.000
   8 S   0.00000 0.00000 0.00000 0.20000 0.20000 0.20000 0.20000 0.20000 ( 5)  1.000
   9 N   0.17599 0.17599 0.17599 0.09441 0.09441 0.09441 0.09441 0.09441 ( 1)  0.472
  10 I   0.16975 0.16975 0.16975 0.09815 0.09815 0.09815 0.09815 0.09815 ( 1)  0.491
  11 P   0.15561 0.15561 0.15561 0.10663 0.10663 0.10663 0.10663 0.10663 ( 1)  0.533
  12 L   0.14830 0.14830 0.14830 0.11102 0.11102 0.11102 0.11102 0.11102 ( 1)  0.555
  13 F   0.16949 0.16949 0.16949 0.09830 0.09830 0.09830 0.09830 0.09830 ( 1)  0.492
  14 C   0.15626 0.15626 0.15626 0.10624 0.10624 0.10624 0.10624 0.10624 ( 1)  0.531
  15 E   0.16467 0.16467 0.16467 0.10120 0.10120 0.10120 0.10120 0.10120 ( 1)  0.506
  16 T   0.16476 0.16476 0.16476 0.10115 0.10115 0.10115 0.10115 0.10115 ( 1)  0.506
  17 R   0.15014 0.15014 0.15014 0.10992 0.10992 0.10992 0.10992 0.10992 ( 1)  0.550
  18 W   0.00000 0.00000 0.00000 0.20000 0.20000 0.20000 0.20000 0.20000 ( 5)  1.000
  19 T   0.16607 0.16607 0.16607 0.10036 0.10036 0.10036 0.10036 0.10036 ( 1)  0.502
  20 A   0.16125 0.16125 0.16125 0.10325 0.10325 0.10325 0.10325 0.10325 ( 1)  0.516
  21 K   0.00000 0.00000 0.00000 0.20000 0.20000 0.20000 0.20000 0.20000 ( 5)  1.000
  22 Y   0.13549 0.13549 0.13549 0.11871 0.11871 0.11871 0.11871 0.11871 ( 1)  0.594
  23 K   0.14575 0.14575 0.14575 0.11255 0.11255 0.11255 0.11255 0.11255 ( 1)  0.563
  24 S   0.00000 0.00000 0.00000 0.20000 0.20000 0.20000 0.20000 0.20000 ( 5)  1.000
  25 V   0.00000 0.00000 0.00000 0.20000 0.20000 0.20000 0.20000 0.20000 ( 5)  1.000
  26 R   0.14103 0.14103 0.14103 0.11538 0.11538 0.11538 0.11538 0.11538 ( 1)  0.577
  27 I   0.16975 0.16975 0.16975 0.09815 0.09815 0.09815 0.09815 0.09815 ( 1)  0.491
  28 F   0.16949 0.16949 0.16949 0.09830 0.09830 0.09830 0.09830 0.09830 ( 1)  0.492
  29 K   0.16912 0.16912 0.16912 0.09853 0.09853 0.09853 0.09853 0.09853 ( 1)  0.493
  30 T   0.00000 0.00000 0.00000 0.20000 0.20000 0.20000 0.20000 0.20000 ( 5)  1.000
  31 N   0.17599 0.17599 0.17599 0.09441 0.09441 0.09441 0.09441 0.09441 ( 1)  0.472
  32 I   0.16975 0.16975 0.16975 0.09815 0.09815 0.09815 0.09815 0.09815 ( 1)  0.491
  33 I   0.00000 0.00000 0.00000 0.20000 0.20000 0.20000 0.20000 0.20000 ( 5)  1.000
  34 V   0.13674 0.13674 0.13674 0.11795 0.11795 0.11795 0.11795 0.11795 ( 1)  0.590
  35 I   0.17067 0.17067 0.17067 0.09760 0.09760 0.09760 0.09760 0.09760 ( 1)  0.488
  36 I   0.17067 0.17067 0.17067 0.09760 0.09760 0.09760 0.09760 0.09760 ( 1)  0.488
  37 E   0.16467 0.16467 0.16467 0.10120 0.10120 0.10120 0.10120 0.10120 ( 1)  0.506
  38 A   0.16009 0.16009 0.16009 0.10395 0.10395 0.10395 0.10395 0.10395 ( 1)  0.520
  39 L   0.15269 0.15269 0.15269 0.10839 0.10839 0.10839 0.10839 0.10839 ( 1)  0.542
  40 H   0.00000 0.00000 0.00000 0.20000 0.20000 0.20000 0.20000 0.20000 ( 5)  1.000
  41 K   0.16912 0.16912 0.16912 0.09853 0.09853 0.09853 0.09853 0.09853 ( 1)  0.493
  42 L   0.15269 0.15269 0.15269 0.10839 0.10839 0.10839 0.10839 0.10839 ( 1)  0.542
  43 S   0.15937 0.15937 0.15937 0.10438 0.10438 0.10438 0.10438 0.10438 ( 1)  0.522
  44 L   0.15269 0.15269 0.15269 0.10839 0.10839 0.10839 0.10839 0.10839 ( 1)  0.542
  45 T   0.00000 0.00000 0.00000 0.20000 0.20000 0.20000 0.20000 0.20000 ( 5)  1.000
  46 G   0.15615 0.15615 0.15615 0.10631 0.10631 0.10631 0.10631 0.10631 ( 1)  0.532
  47 N   0.17599 0.17599 0.17599 0.09441 0.09441 0.09441 0.09441 0.09441 ( 1)  0.472
  48 I   0.16975 0.16975 0.16975 0.09815 0.09815 0.09815 0.09815 0.09815 ( 1)  0.491
  49 N   0.17599 0.17599 0.17599 0.09441 0.09441 0.09441 0.09441 0.09441 ( 1)  0.472
  50 T   0.16476 0.16476 0.16476 0.10115 0.10115 0.10115 0.10115 0.10115 ( 1)  0.506
  51 T   0.16476 0.16476 0.16476 0.10115 0.10115 0.10115 0.10115 0.10115 ( 1)  0.506
  52 Q   0.13706 0.13706 0.13706 0.11777 0.11777 0.11777 0.11777 0.11777 ( 1)  0.589
  53 R   0.16218 0.16218 0.16218 0.10269 0.10269 0.10269 0.10269 0.10269 ( 1)  0.513
  54 S   0.00000 0.00000 0.00000 0.20000 0.20000 0.20000 0.20000 0.20000 ( 5)  1.000
  55 S   0.16757 0.16757 0.16757 0.09946 0.09946 0.09946 0.09946 0.09946 ( 1)  0.497
  56 Q   0.13706 0.13706 0.13706 0.11777 0.11777 0.11777 0.11777 0.11777 ( 1)  0.589
  57 L   0.14817 0.14817 0.14817 0.11110 0.11110 0.11110 0.11110 0.11110 ( 1)  0.555
  58 Y   0.16096 0.16096 0.16096 0.10343 0.10343 0.10343 0.10343 0.10343 ( 1)  0.517
  59 H   0.14021 0.14021 0.14021 0.11587 0.11587 0.11587 0.11587 0.11587 ( 1)  0.579
  60 A   0.16009 0.16009 0.16009 0.10395 0.10395 0.10395 0.10395 0.10395 ( 1)  0.520
  61 C   0.13464 0.13464 0.13464 0.11922 0.11922 0.11922 0.11922 0.11922 ( 1)  0.596
  62 T   0.16476 0.16476 0.16476 0.10115 0.10115 0.10115 0.10115 0.10115 ( 1)  0.506
  63 D   0.17159 0.17159 0.17159 0.09705 0.09705 0.09705 0.09705 0.09705 ( 1)  0.485
  64 S   0.14995 0.14995 0.14995 0.11003 0.11003 0.11003 0.11003 0.11003 ( 1)  0.550
  65 T   0.16607 0.16607 0.16607 0.10036 0.10036 0.10036 0.10036 0.10036 ( 1)  0.502
  66 F   0.16949 0.16949 0.16949 0.09830 0.09830 0.09830 0.09830 0.09830 ( 1)  0.492
  67 S   0.14995 0.14995 0.14995 0.11003 0.11003 0.11003 0.11003 0.11003 ( 1)  0.550
  68 V   0.00000 0.00000 0.00000 0.20000 0.20000 0.20000 0.20000 0.20000 ( 5)  1.000
  69 C   0.15466 0.15466 0.15466 0.10721 0.10721 0.10721 0.10721 0.10721 ( 1)  0.536
  70 L   0.15269 0.15269 0.15269 0.10839 0.10839 0.10839 0.10839 0.10839 ( 1)  0.542
  71 Y   0.16096 0.16096 0.16096 0.10343 0.10343 0.10343 0.10343 0.10343 ( 1)  0.517
  72 T   0.00000 0.00000 0.00000 0.20000 0.20000 0.20000 0.20000 0.20000 ( 5)  1.000
  73 M   0.16285 0.16285 0.16285 0.10229 0.10229 0.10229 0.10229 0.10229 ( 1)  0.511
  74 S   0.15937 0.15937 0.15937 0.10438 0.10438 0.10438 0.10438 0.10438 ( 1)  0.522
  75 E   0.14215 0.14215 0.14215 0.11471 0.11471 0.11471 0.11471 0.11471 ( 1)  0.574
  76 Y   0.16096 0.16096 0.16096 0.10343 0.10343 0.10343 0.10343 0.10343 ( 1)  0.517
  77 S   0.13411 0.13411 0.13411 0.11954 0.11954 0.11954 0.11954 0.11954 ( 1)  0.598
  78 S   0.15937 0.15937 0.15937 0.10438 0.10438 0.10438 0.10438 0.10438 ( 1)  0.522
  79 M   0.16285 0.16285 0.16285 0.10229 0.10229 0.10229 0.10229 0.10229 ( 1)  0.511
  80 L   0.14814 0.14814 0.14814 0.11111 0.11111 0.11111 0.11111 0.11111 ( 1)  0.556
  81 E   0.16467 0.16467 0.16467 0.10120 0.10120 0.10120 0.10120 0.10120 ( 1)  0.506
  82 P   0.15561 0.15561 0.15561 0.10663 0.10663 0.10663 0.10663 0.10663 ( 1)  0.533
  83 V   0.16399 0.16399 0.16399 0.10160 0.10160 0.10160 0.10160 0.10160 ( 1)  0.508
  84 A   0.00000 0.00000 0.00000 0.20000 0.20000 0.20000 0.20000 0.20000 ( 5)  1.000
  85 N   0.17599 0.17599 0.17599 0.09441 0.09441 0.09441 0.09441 0.09441 ( 1)  0.472
  86 N   0.17599 0.17599 0.17599 0.09441 0.09441 0.09441 0.09441 0.09441 ( 1)  0.472
  87 L   0.14174 0.14174 0.14174 0.11496 0.11496 0.11496 0.11496 0.11496 ( 1)  0.575
  88 Q   0.00000 0.00000 0.00000 0.20000 0.20000 0.20000 0.20000 0.20000 ( 5)  1.000
  89 G   0.00000 0.00000 0.00000 0.20000 0.20000 0.20000 0.20000 0.20000 ( 5)  1.000
  90 V   0.16528 0.16528 0.16528 0.10083 0.10083 0.10083 0.10083 0.10083 ( 1)  0.504
  91 D   0.17159 0.17159 0.17159 0.09705 0.09705 0.09705 0.09705 0.09705 ( 1)  0.485
  92 Q   0.15279 0.15279 0.15279 0.10833 0.10833 0.10833 0.10833 0.10833 ( 1)  0.542
  93 N   0.17599 0.17599 0.17599 0.09441 0.09441 0.09441 0.09441 0.09441 ( 1)  0.472
  94 L   0.15140 0.15140 0.15140 0.10916 0.10916 0.10916 0.10916 0.10916 ( 1)  0.546
  95 L   0.15269 0.15269 0.15269 0.10839 0.10839 0.10839 0.10839 0.10839 ( 1)  0.542
  96 T   0.16607 0.16607 0.16607 0.10036 0.10036 0.10036 0.10036 0.10036 ( 1)  0.502
  97 I   0.16975 0.16975 0.16975 0.09815 0.09815 0.09815 0.09815 0.09815 ( 1)  0.491
  98 T   0.16607 0.16607 0.16607 0.10036 0.10036 0.10036 0.10036 0.10036 ( 1)  0.502
  99 S   0.00000 0.00000 0.00000 0.20000 0.20000 0.20000 0.20000 0.20000 ( 5)  1.000
 100 L   0.16043 0.16043 0.16043 0.10374 0.10374 0.10374 0.10374 0.10374 ( 1)  0.519
 101 V   0.16528 0.16528 0.16528 0.10083 0.10083 0.10083 0.10083 0.10083 ( 1)  0.504
 102 E   0.16467 0.16467 0.16467 0.10120 0.10120 0.10120 0.10120 0.10120 ( 1)  0.506
 103 L   0.14830 0.14830 0.14830 0.11102 0.11102 0.11102 0.11102 0.11102 ( 1)  0.555
 104 I   0.17067 0.17067 0.17067 0.09760 0.09760 0.09760 0.09760 0.09760 ( 1)  0.488
 105 K   0.16912 0.16912 0.16912 0.09853 0.09853 0.09853 0.09853 0.09853 ( 1)  0.493
 106 N   0.00000 0.00000 0.00000 0.20000 0.20000 0.20000 0.20000 0.20000 ( 5)  1.000
 107 H   0.00000 0.00000 0.00000 0.20000 0.20000 0.20000 0.20000 0.20000 ( 5)  1.000
 108 R   0.14103 0.14103 0.14103 0.11538 0.11538 0.11538 0.11538 0.11538 ( 1)  0.577
 109 K   0.14575 0.14575 0.14575 0.11255 0.11255 0.11255 0.11255 0.11255 ( 1)  0.563
 110 F   0.16949 0.16949 0.16949 0.09830 0.09830 0.09830 0.09830 0.09830 ( 1)  0.492
 111 A   0.16009 0.16009 0.16009 0.10395 0.10395 0.10395 0.10395 0.10395 ( 1)  0.520
 112 K   0.16912 0.16912 0.16912 0.09853 0.09853 0.09853 0.09853 0.09853 ( 1)  0.493
 113 D   0.14355 0.14355 0.14355 0.11387 0.11387 0.11387 0.11387 0.11387 ( 1)  0.569
 114 N   0.17599 0.17599 0.17599 0.09441 0.09441 0.09441 0.09441 0.09441 ( 1)  0.472
 115 F   0.14308 0.14308 0.14308 0.11415 0.11415 0.11415 0.11415 0.11415 ( 1)  0.571
 116 H   0.00000 0.00000 0.00000 0.20000 0.20000 0.20000 0.20000 0.20000 ( 5)  1.000
 117 N   0.17599 0.17599 0.17599 0.09441 0.09441 0.09441 0.09441 0.09441 ( 1)  0.472
 118 L   0.13532 0.13532 0.13532 0.11881 0.11881 0.11881 0.11881 0.11881 ( 1)  0.594
 119 W   0.13390 0.13390 0.13390 0.11966 0.11966 0.11966 0.11966 0.11966 ( 1)  0.598
 120 D   0.00000 0.00000 0.00000 0.20000 0.20000 0.20000 0.20000 0.20000 ( 5)  1.000
 121 K   0.16912 0.16912 0.16912 0.09853 0.09853 0.09853 0.09853 0.09853 ( 1)  0.493
 122 M   0.16285 0.16285 0.16285 0.10229 0.10229 0.10229 0.10229 0.10229 ( 1)  0.511
 123 D   0.00000 0.00000 0.00000 0.20000 0.20000 0.20000 0.20000 0.20000 ( 5)  1.000
 124 T   0.00000 0.00000 0.00000 0.20000 0.20000 0.20000 0.20000 0.20000 ( 5)  1.000
 125 R   0.14182 0.14182 0.14182 0.11491 0.11491 0.11491 0.11491 0.11491 ( 1)  0.575
 126 S   0.14995 0.14995 0.14995 0.11003 0.11003 0.11003 0.11003 0.11003 ( 1)  0.550
 127 I   0.00000 0.00000 0.00000 0.20000 0.20000 0.20000 0.20000 0.20000 ( 5)  1.000
 128 F   0.16949 0.16949 0.16949 0.09830 0.09830 0.09830 0.09830 0.09830 ( 1)  0.492
 129 I   0.00000 0.00000 0.00000 0.20000 0.20000 0.20000 0.20000 0.20000 ( 5)  1.000
 130 P   0.15462 0.15462 0.15462 0.10723 0.10723 0.10723 0.10723 0.10723 ( 1)  0.536
 131 Y   0.13549 0.13549 0.13549 0.11871 0.11871 0.11871 0.11871 0.11871 ( 1)  0.594
 132 L   0.13438 0.13438 0.13438 0.11937 0.11937 0.11937 0.11937 0.11937 ( 1)  0.597
 133 D   0.17159 0.17159 0.17159 0.09705 0.09705 0.09705 0.09705 0.09705 ( 1)  0.485
 134 S   0.14995 0.14995 0.14995 0.11003 0.11003 0.11003 0.11003 0.11003 ( 1)  0.550
 135 L   0.15269 0.15269 0.15269 0.10839 0.10839 0.10839 0.10839 0.10839 ( 1)  0.542
 136 I   0.17067 0.17067 0.17067 0.09760 0.09760 0.09760 0.09760 0.09760 ( 1)  0.488
 137 T   0.16476 0.16476 0.16476 0.10115 0.10115 0.10115 0.10115 0.10115 ( 1)  0.506
 138 S   0.15937 0.15937 0.15937 0.10438 0.10438 0.10438 0.10438 0.10438 ( 1)  0.522
 139 L   0.13219 0.13219 0.13219 0.12069 0.12069 0.12069 0.12069 0.12069 ( 1)  0.603
 140 E   0.00000 0.00000 0.00000 0.20000 0.20000 0.20000 0.20000 0.20000 ( 5)  1.000
 141 E   0.00000 0.00000 0.00000 0.20000 0.20000 0.20000 0.20000 0.20000 ( 5)  1.000
 142 R   0.15014 0.15014 0.15014 0.10992 0.10992 0.10992 0.10992 0.10992 ( 1)  0.550
 143 F   0.16949 0.16949 0.16949 0.09830 0.09830 0.09830 0.09830 0.09830 ( 1)  0.492
 144 P   0.15561 0.15561 0.15561 0.10663 0.10663 0.10663 0.10663 0.10663 ( 1)  0.533
 145 E   0.00000 0.00000 0.00000 0.20000 0.20000 0.20000 0.20000 0.20000 ( 5)  1.000
 146 E   0.16467 0.16467 0.16467 0.10120 0.10120 0.10120 0.10120 0.10120 ( 1)  0.506
 147 N   0.17599 0.17599 0.17599 0.09441 0.09441 0.09441 0.09441 0.09441 ( 1)  0.472
 148 D   0.00000 0.00000 0.00000 0.20000 0.20000 0.20000 0.20000 0.20000 ( 5)  1.000
 149 V   0.16528 0.16528 0.16528 0.10083 0.10083 0.10083 0.10083 0.10083 ( 1)  0.504
 150 S   0.14995 0.14995 0.14995 0.11003 0.11003 0.11003 0.11003 0.11003 ( 1)  0.550
 151 Y   0.16096 0.16096 0.16096 0.10343 0.10343 0.10343 0.10343 0.10343 ( 1)  0.517
 152 S   0.13347 0.13347 0.13347 0.11992 0.11992 0.11992 0.11992 0.11992 ( 1)  0.600
 153 I   0.17067 0.17067 0.17067 0.09760 0.09760 0.09760 0.09760 0.09760 ( 1)  0.488
 154 F   0.16949 0.16949 0.16949 0.09830 0.09830 0.09830 0.09830 0.09830 ( 1)  0.492
 155 N   0.17599 0.17599 0.17599 0.09441 0.09441 0.09441 0.09441 0.09441 ( 1)  0.472
 156 L   0.15269 0.15269 0.15269 0.10839 0.10839 0.10839 0.10839 0.10839 ( 1)  0.542
 157 A   0.16009 0.16009 0.16009 0.10395 0.10395 0.10395 0.10395 0.10395 ( 1)  0.520
 158 P   0.15561 0.15561 0.15561 0.10663 0.10663 0.10663 0.10663 0.10663 ( 1)  0.533
 159 S   0.14049 0.14049 0.14049 0.11571 0.11571 0.11571 0.11571 0.11571 ( 1)  0.579
 160 S   0.00000 0.00000 0.00000 0.20000 0.20000 0.20000 0.20000 0.20000 ( 5)  1.000
 161 M   0.16285 0.16285 0.16285 0.10229 0.10229 0.10229 0.10229 0.10229 ( 1)  0.511
 162 K   0.16912 0.16912 0.16912 0.09853 0.09853 0.09853 0.09853 0.09853 ( 1)  0.493
 163 N   0.00000 0.00000 0.00000 0.20000 0.20000 0.20000 0.20000 0.20000 ( 5)  1.000
 164 L   0.14830 0.14830 0.14830 0.11102 0.11102 0.11102 0.11102 0.11102 ( 1)  0.555
 165 D   0.17159 0.17159 0.17159 0.09705 0.09705 0.09705 0.09705 0.09705 ( 1)  0.485
 166 Q   0.15279 0.15279 0.15279 0.10833 0.10833 0.10833 0.10833 0.10833 ( 1)  0.542
 167 D   0.14355 0.14355 0.14355 0.11387 0.11387 0.11387 0.11387 0.11387 ( 1)  0.569
 168 E   0.16467 0.16467 0.16467 0.10120 0.10120 0.10120 0.10120 0.10120 ( 1)  0.506
 169 Y   0.16096 0.16096 0.16096 0.10343 0.10343 0.10343 0.10343 0.10343 ( 1)  0.517
 170 E   0.00000 0.00000 0.00000 0.20000 0.20000 0.20000 0.20000 0.20000 ( 5)  1.000
 171 R   0.16218 0.16218 0.16218 0.10269 0.10269 0.10269 0.10269 0.10269 ( 1)  0.513
 172 I   0.00000 0.00000 0.00000 0.20000 0.20000 0.20000 0.20000 0.20000 ( 5)  1.000
 173 T   0.13723 0.13723 0.13723 0.11766 0.11766 0.11766 0.11766 0.11766 ( 1)  0.588
 174 N   0.17599 0.17599 0.17599 0.09441 0.09441 0.09441 0.09441 0.09441 ( 1)  0.472
 175 D   0.17159 0.17159 0.17159 0.09705 0.09705 0.09705 0.09705 0.09705 ( 1)  0.485
 176 A   0.16125 0.16125 0.16125 0.10325 0.10325 0.10325 0.10325 0.10325 ( 1)  0.516
 177 S   0.14049 0.14049 0.14049 0.11571 0.11571 0.11571 0.11571 0.11571 ( 1)  0.579
 178 E   0.16467 0.16467 0.16467 0.10120 0.10120 0.10120 0.10120 0.10120 ( 1)  0.506
 179 S   0.00000 0.00000 0.00000 0.20000 0.20000 0.20000 0.20000 0.20000 ( 5)  1.000
 180 I   0.16975 0.16975 0.16975 0.09815 0.09815 0.09815 0.09815 0.09815 ( 1)  0.491
 181 S   0.14995 0.14995 0.14995 0.11003 0.11003 0.11003 0.11003 0.11003 ( 1)  0.550
 182 N   0.17599 0.17599 0.17599 0.09441 0.09441 0.09441 0.09441 0.09441 ( 1)  0.472
 183 V   0.16399 0.16399 0.16399 0.10160 0.10160 0.10160 0.10160 0.10160 ( 1)  0.508
 184 F   0.14927 0.14927 0.14927 0.11044 0.11044 0.11044 0.11044 0.11044 ( 1)  0.552
 185 D   0.17159 0.17159 0.17159 0.09705 0.09705 0.09705 0.09705 0.09705 ( 1)  0.485
 186 A   0.16125 0.16125 0.16125 0.10325 0.10325 0.10325 0.10325 0.10325 ( 1)  0.516
 187 L   0.15269 0.15269 0.15269 0.10839 0.10839 0.10839 0.10839 0.10839 ( 1)  0.542
 188 K   0.14575 0.14575 0.14575 0.11255 0.11255 0.11255 0.11255 0.11255 ( 1)  0.563
 189 A   0.16009 0.16009 0.16009 0.10395 0.10395 0.10395 0.10395 0.10395 ( 1)  0.520
 190 A   0.16009 0.16009 0.16009 0.10395 0.10395 0.10395 0.10395 0.10395 ( 1)  0.520
 191 E   0.16467 0.16467 0.16467 0.10120 0.10120 0.10120 0.10120 0.10120 ( 1)  0.506
 192 L   0.15269 0.15269 0.15269 0.10839 0.10839 0.10839 0.10839 0.10839 ( 1)  0.542
 193 F   0.16949 0.16949 0.16949 0.09830 0.09830 0.09830 0.09830 0.09830 ( 1)  0.492
 194 Y   0.16096 0.16096 0.16096 0.10343 0.10343 0.10343 0.10343 0.10343 ( 1)  0.517
 195 P   0.13547 0.13547 0.13547 0.11872 0.11872 0.11872 0.11872 0.11872 ( 1)  0.594
 196 S   0.14995 0.14995 0.14995 0.11003 0.11003 0.11003 0.11003 0.11003 ( 1)  0.550
 197 V   0.16399 0.16399 0.16399 0.10160 0.10160 0.10160 0.10160 0.10160 ( 1)  0.508
 198 F   0.00000 0.00000 0.00000 0.20000 0.20000 0.20000 0.20000 0.20000 ( 5)  1.000
 199 R   0.00000 0.00000 0.00000 0.20000 0.20000 0.20000 0.20000 0.20000 ( 5)  1.000
 200 A   0.16009 0.16009 0.16009 0.10395 0.10395 0.10395 0.10395 0.10395 ( 1)  0.520
 201 L   0.16043 0.16043 0.16043 0.10374 0.10374 0.10374 0.10374 0.10374 ( 1)  0.519
 202 C   0.00000 0.00000 0.00000 0.20000 0.20000 0.20000 0.20000 0.20000 ( 5)  1.000
 203 I   0.16944 0.16944 0.16944 0.09834 0.09834 0.09834 0.09834 0.09834 ( 1)  0.492
 204 G   0.15615 0.15615 0.15615 0.10631 0.10631 0.10631 0.10631 0.10631 ( 1)  0.532
 205 L   0.16043 0.16043 0.16043 0.10374 0.10374 0.10374 0.10374 0.10374 ( 1)  0.519
 206 I   0.16975 0.16975 0.16975 0.09815 0.09815 0.09815 0.09815 0.09815 ( 1)  0.491
 207 I   0.16975 0.16975 0.16975 0.09815 0.09815 0.09815 0.09815 0.09815 ( 1)  0.491
 208 P   0.13411 0.13411 0.13411 0.11954 0.11954 0.11954 0.11954 0.11954 ( 1)  0.598
 209 A   0.13556 0.13556 0.13556 0.11867 0.11867 0.11867 0.11867 0.11867 ( 1)  0.593
 210 T   0.16607 0.16607 0.16607 0.10036 0.10036 0.10036 0.10036 0.10036 ( 1)  0.502
 211 T   0.16607 0.16607 0.16607 0.10036 0.10036 0.10036 0.10036 0.10036 ( 1)  0.502
 212 C   0.15626 0.15626 0.15626 0.10624 0.10624 0.10624 0.10624 0.10624 ( 1)  0.531
 213 T   0.13698 0.13698 0.13698 0.11781 0.11781 0.11781 0.11781 0.11781 ( 1)  0.589
 214 T   0.00000 0.00000 0.00000 0.20000 0.20000 0.20000 0.20000 0.20000 ( 5)  1.000
 215 E   0.00000 0.00000 0.00000 0.20000 0.20000 0.20000 0.20000 0.20000 ( 5)  1.000
 216 R   0.00000 0.00000 0.00000 0.20000 0.20000 0.20000 0.20000 0.20000 ( 5)  1.000
 217 S   0.14995 0.14995 0.14995 0.11003 0.11003 0.11003 0.11003 0.11003 ( 1)  0.550
 218 F   0.16949 0.16949 0.16949 0.09830 0.09830 0.09830 0.09830 0.09830 ( 1)  0.492
 219 S   0.14049 0.14049 0.14049 0.11571 0.11571 0.11571 0.11571 0.11571 ( 1)  0.579
 220 T   0.16476 0.16476 0.16476 0.10115 0.10115 0.10115 0.10115 0.10115 ( 1)  0.506
 221 L   0.13219 0.13219 0.13219 0.12069 0.12069 0.12069 0.12069 0.12069 ( 1)  0.603
 222 R   0.00000 0.00000 0.00000 0.20000 0.20000 0.20000 0.20000 0.20000 ( 5)  1.000
 223 K   0.16912 0.16912 0.16912 0.09853 0.09853 0.09853 0.09853 0.09853 ( 1)  0.493
 224 V   0.16528 0.16528 0.16528 0.10083 0.10083 0.10083 0.10083 0.10083 ( 1)  0.504
 225 K   0.16912 0.16912 0.16912 0.09853 0.09853 0.09853 0.09853 0.09853 ( 1)  0.493
 226 T   0.16607 0.16607 0.16607 0.10036 0.10036 0.10036 0.10036 0.10036 ( 1)  0.502
 227 W   0.13390 0.13390 0.13390 0.11966 0.11966 0.11966 0.11966 0.11966 ( 1)  0.598
 228 L   0.13219 0.13219 0.13219 0.12069 0.12069 0.12069 0.12069 0.12069 ( 1)  0.603
 229 R   0.00000 0.00000 0.00000 0.20000 0.20000 0.20000 0.20000 0.20000 ( 5)  1.000
 230 S   0.00000 0.00000 0.00000 0.20000 0.20000 0.20000 0.20000 0.20000 ( 5)  1.000
 231 T   0.16476 0.16476 0.16476 0.10115 0.10115 0.10115 0.10115 0.10115 ( 1)  0.506
 232 M   0.16285 0.16285 0.16285 0.10229 0.10229 0.10229 0.10229 0.10229 ( 1)  0.511
 233 S   0.13347 0.13347 0.13347 0.11992 0.11992 0.11992 0.11992 0.11992 ( 1)  0.600
 234 E   0.00000 0.00000 0.00000 0.20000 0.20000 0.20000 0.20000 0.20000 ( 5)  1.000
 235 G   0.13515 0.13515 0.13515 0.11891 0.11891 0.11891 0.11891 0.11891 ( 1)  0.595
 236 R   0.16218 0.16218 0.16218 0.10269 0.10269 0.10269 0.10269 0.10269 ( 1)  0.513
 237 L   0.16043 0.16043 0.16043 0.10374 0.10374 0.10374 0.10374 0.10374 ( 1)  0.519
 238 D   0.17159 0.17159 0.17159 0.09705 0.09705 0.09705 0.09705 0.09705 ( 1)  0.485
 239 A   0.00000 0.00000 0.00000 0.20000 0.20000 0.20000 0.20000 0.20000 ( 5)  1.000
 240 L   0.00000 0.00000 0.00000 0.20000 0.20000 0.20000 0.20000 0.20000 ( 5)  1.000
 241 C   0.15626 0.15626 0.15626 0.10624 0.10624 0.10624 0.10624 0.10624 ( 1)  0.531
 242 M   0.16285 0.16285 0.16285 0.10229 0.10229 0.10229 0.10229 0.10229 ( 1)  0.511
 243 M   0.16285 0.16285 0.16285 0.10229 0.10229 0.10229 0.10229 0.10229 ( 1)  0.511
 244 Y   0.00000 0.00000 0.00000 0.20000 0.20000 0.20000 0.20000 0.20000 ( 5)  1.000
 245 L   0.00000 0.00000 0.00000 0.20000 0.20000 0.20000 0.20000 0.20000 ( 5)  1.000
 246 H   0.16512 0.16512 0.16512 0.10093 0.10093 0.10093 0.10093 0.10093 ( 1)  0.505
 247 R   0.13233 0.13233 0.13233 0.12060 0.12060 0.12060 0.12060 0.12060 ( 1)  0.603
 248 N   0.17599 0.17599 0.17599 0.09441 0.09441 0.09441 0.09441 0.09441 ( 1)  0.472
 249 V   0.00000 0.00000 0.00000 0.20000 0.20000 0.20000 0.20000 0.20000 ( 5)  1.000
 250 V   0.13674 0.13674 0.13674 0.11795 0.11795 0.11795 0.11795 0.11795 ( 1)  0.590
 251 N   0.17599 0.17599 0.17599 0.09441 0.09441 0.09441 0.09441 0.09441 ( 1)  0.472
 252 E   0.14215 0.14215 0.14215 0.11471 0.11471 0.11471 0.11471 0.11471 ( 1)  0.574
 253 L   0.15269 0.15269 0.15269 0.10839 0.10839 0.10839 0.10839 0.10839 ( 1)  0.542
 254 I   0.16975 0.16975 0.16975 0.09815 0.09815 0.09815 0.09815 0.09815 ( 1)  0.491
 255 E   0.16467 0.16467 0.16467 0.10120 0.10120 0.10120 0.10120 0.10120 ( 1)  0.506
 256 K   0.16912 0.16912 0.16912 0.09853 0.09853 0.09853 0.09853 0.09853 ( 1)  0.493
 257 G   0.15262 0.15262 0.15262 0.10843 0.10843 0.10843 0.10843 0.10843 ( 1)  0.542
 258 F   0.16949 0.16949 0.16949 0.09830 0.09830 0.09830 0.09830 0.09830 ( 1)  0.492
 259 Y   0.13549 0.13549 0.13549 0.11871 0.11871 0.11871 0.11871 0.11871 ( 1)  0.594
 260 S   0.14995 0.14995 0.14995 0.11003 0.11003 0.11003 0.11003 0.11003 ( 1)  0.550
 261 E   0.16467 0.16467 0.16467 0.10120 0.10120 0.10120 0.10120 0.10120 ( 1)  0.506
 262 I   0.13974 0.13974 0.13974 0.11616 0.11616 0.11616 0.11616 0.11616 ( 1)  0.581
 263 I   0.17067 0.17067 0.17067 0.09760 0.09760 0.09760 0.09760 0.09760 ( 1)  0.488
 264 D   0.17159 0.17159 0.17159 0.09705 0.09705 0.09705 0.09705 0.09705 ( 1)  0.485
 265 R   0.13233 0.13233 0.13233 0.12060 0.12060 0.12060 0.12060 0.12060 ( 1)  0.603
 266 F   0.14308 0.14308 0.14308 0.11415 0.11415 0.11415 0.11415 0.11415 ( 1)  0.571
 267 G   0.15262 0.15262 0.15262 0.10843 0.10843 0.10843 0.10843 0.10843 ( 1)  0.542
 268 R   0.14103 0.14103 0.14103 0.11538 0.11538 0.11538 0.11538 0.11538 ( 1)  0.577
 269 D   0.17159 0.17159 0.17159 0.09705 0.09705 0.09705 0.09705 0.09705 ( 1)  0.485
 270 R   0.00000 0.00000 0.00000 0.20000 0.20000 0.20000 0.20000 0.20000 ( 5)  1.000
 271 E   0.00000 0.00000 0.00000 0.20000 0.20000 0.20000 0.20000 0.20000 ( 5)  1.000


lnL = -1581.847817

