Supplemental results for CODEML (seqf: algn  treef: tree)


dN/dS (w) for site classes (K=8)

p:   0.12500  0.12500  0.12500  0.12500  0.12500  0.12500  0.12500  0.12500
w:   0.00000  0.00000  0.00000  0.00000  0.00000  1.00000  1.00000  1.00000

Naive Empirical Bayes (NEB) probabilities for 8 classes & postmean_w
(amino acids refer to 1st sequence: hyn.11050)

   1 L   0.12826 0.12826 0.12826 0.12826 0.12826 0.11957 0.11957 0.11957 ( 1)  0.359
   2 D   0.12976 0.12976 0.12976 0.12976 0.12976 0.11706 0.11706 0.11706 ( 1)  0.351
   3 I   0.13403 0.13403 0.13403 0.13403 0.13403 0.10995 0.10995 0.10995 ( 2)  0.330
   4 E   0.13198 0.13198 0.13198 0.13198 0.13198 0.11337 0.11337 0.11337 ( 1)  0.340
   5 P   0.13141 0.13141 0.13141 0.13141 0.13141 0.11431 0.11431 0.11431 ( 2)  0.343
   6 R   0.12827 0.12827 0.12827 0.12827 0.12827 0.11955 0.11955 0.11955 ( 1)  0.359
   7 N   0.13341 0.13341 0.13341 0.13341 0.13341 0.11099 0.11099 0.11099 ( 2)  0.333
   8 S   0.13088 0.13088 0.13088 0.13088 0.13088 0.11520 0.11520 0.11520 ( 1)  0.346
   9 A   0.13172 0.13172 0.13172 0.13172 0.13172 0.11380 0.11380 0.11380 ( 1)  0.341
  10 A   0.13261 0.13261 0.13261 0.13261 0.13261 0.11231 0.11231 0.11231 ( 1)  0.337
  11 L   0.12903 0.12903 0.12903 0.12903 0.12903 0.11828 0.11828 0.11828 ( 1)  0.355
  12 K   0.13195 0.13195 0.13195 0.13195 0.13195 0.11341 0.11341 0.11341 ( 1)  0.340
  13 D   0.12976 0.12976 0.12976 0.12976 0.12976 0.11706 0.11706 0.11706 ( 1)  0.351
  14 L   0.12878 0.12878 0.12878 0.12878 0.12878 0.11871 0.11871 0.11871 ( 1)  0.356
  15 S   0.12885 0.12885 0.12885 0.12885 0.12885 0.11859 0.11859 0.11859 ( 2)  0.356
  16 A   0.13381 0.13381 0.13381 0.13381 0.13381 0.11032 0.11032 0.11032 ( 1)  0.331
  17 W   0.12778 0.12778 0.12778 0.12778 0.12778 0.12037 0.12037 0.12037 ( 2)  0.361
  18 T   0.13212 0.13212 0.13212 0.13212 0.13212 0.11313 0.11313 0.11313 ( 1)  0.339
  19 G   0.13135 0.13135 0.13135 0.13135 0.13135 0.11441 0.11441 0.11441 ( 1)  0.343
  20 E   0.13198 0.13198 0.13198 0.13198 0.13198 0.11337 0.11337 0.11337 ( 1)  0.340
  21 V   0.13262 0.13262 0.13262 0.13262 0.13262 0.11230 0.11230 0.11230 ( 2)  0.337
  22 D   0.13342 0.13342 0.13342 0.13342 0.13342 0.11097 0.11097 0.11097 ( 1)  0.333
  23 L   0.12878 0.12878 0.12878 0.12878 0.12878 0.11871 0.11871 0.11871 ( 1)  0.356
  24 C   0.13157 0.13157 0.13157 0.13157 0.13157 0.11405 0.11405 0.11405 ( 2)  0.342
  25 A   0.13381 0.13381 0.13381 0.13381 0.13381 0.11032 0.11032 0.11032 ( 1)  0.331
  26 G   0.13077 0.13077 0.13077 0.13077 0.13077 0.11538 0.11538 0.11538 ( 2)  0.346
  27 S   0.13088 0.13088 0.13088 0.13088 0.13088 0.11520 0.11520 0.11520 ( 1)  0.346
  28 I   0.13403 0.13403 0.13403 0.13403 0.13403 0.10995 0.10995 0.10995 ( 2)  0.330
  29 N   0.13341 0.13341 0.13341 0.13341 0.13341 0.11099 0.11099 0.11099 ( 2)  0.333
  30 S   0.13069 0.13069 0.13069 0.13069 0.13069 0.11552 0.11552 0.11552 ( 1)  0.347
  31 L   0.12878 0.12878 0.12878 0.12878 0.12878 0.11871 0.11871 0.11871 ( 1)  0.356
  32 Y   0.12832 0.12832 0.12832 0.12832 0.12832 0.11947 0.11947 0.11947 ( 1)  0.358
  33 K   0.13195 0.13195 0.13195 0.13195 0.13195 0.11341 0.11341 0.11341 ( 1)  0.340
  34 L   0.12826 0.12826 0.12826 0.12826 0.12826 0.11957 0.11957 0.11957 ( 1)  0.359
  35 I   0.12982 0.12982 0.12982 0.12982 0.12982 0.11697 0.11697 0.11697 ( 2)  0.351
  36 D   0.13342 0.13342 0.13342 0.13342 0.13342 0.11097 0.11097 0.11097 ( 1)  0.333
  37 I   0.13403 0.13403 0.13403 0.13403 0.13403 0.10995 0.10995 0.10995 ( 2)  0.330
  38 S   0.12885 0.12885 0.12885 0.12885 0.12885 0.11859 0.11859 0.11859 ( 2)  0.356
  39 E   0.13198 0.13198 0.13198 0.13198 0.13198 0.11337 0.11337 0.11337 ( 1)  0.340
  40 A   0.12956 0.12956 0.12956 0.12956 0.12956 0.11740 0.11740 0.11740 ( 1)  0.352
  41 T   0.12952 0.12952 0.12952 0.12952 0.12952 0.11746 0.11746 0.11746 ( 1)  0.352
  42 G   0.00000 0.00000 0.00000 0.00000 0.00000 0.33333 0.33333 0.33333 ( 7)  1.000
  43 S   0.12885 0.12885 0.12885 0.12885 0.12885 0.11859 0.11859 0.11859 ( 2)  0.356
  44 S   0.13088 0.13088 0.13088 0.13088 0.13088 0.11520 0.11520 0.11520 ( 1)  0.346
  45 D   0.13342 0.13342 0.13342 0.13342 0.13342 0.11097 0.11097 0.11097 ( 1)  0.333
  46 L   0.12903 0.12903 0.12903 0.12903 0.12903 0.11828 0.11828 0.11828 ( 1)  0.355
  47 R   0.13106 0.13106 0.13106 0.13106 0.13106 0.11490 0.11490 0.11490 ( 1)  0.345
  48 R   0.12827 0.12827 0.12827 0.12827 0.12827 0.11955 0.11955 0.11955 ( 1)  0.359
  49 I   0.13403 0.13403 0.13403 0.13403 0.13403 0.10995 0.10995 0.10995 ( 2)  0.330
  50 K   0.13195 0.13195 0.13195 0.13195 0.13195 0.11341 0.11341 0.11341 ( 1)  0.340
  51 I   0.12982 0.12982 0.12982 0.12982 0.12982 0.11697 0.11697 0.11697 ( 2)  0.351
  52 S   0.13088 0.13088 0.13088 0.13088 0.13088 0.11520 0.11520 0.11520 ( 1)  0.346
  53 E   0.13198 0.13198 0.13198 0.13198 0.13198 0.11337 0.11337 0.11337 ( 1)  0.340
  54 V   0.13381 0.13381 0.13381 0.13381 0.13381 0.11031 0.11031 0.11031 ( 1)  0.331
  55 G   0.13263 0.13263 0.13263 0.13263 0.13263 0.11229 0.11229 0.11229 ( 1)  0.337
  56 S   0.12885 0.12885 0.12885 0.12885 0.12885 0.11859 0.11859 0.11859 ( 2)  0.356
  57 K   0.13121 0.13121 0.13121 0.13121 0.13121 0.11465 0.11465 0.11465 ( 1)  0.344
  58 E   0.13198 0.13198 0.13198 0.13198 0.13198 0.11337 0.11337 0.11337 ( 1)  0.340
  59 V   0.13381 0.13381 0.13381 0.13381 0.13381 0.11031 0.11031 0.11031 ( 1)  0.331
  60 S   0.13037 0.13037 0.13037 0.13037 0.13037 0.11604 0.11604 0.11604 ( 1)  0.348
  61 V   0.13172 0.13172 0.13172 0.13172 0.13172 0.11380 0.11380 0.11380 ( 2)  0.341
  62 K   0.13195 0.13195 0.13195 0.13195 0.13195 0.11341 0.11341 0.11341 ( 1)  0.340
  63 S   0.13248 0.13248 0.13248 0.13248 0.13248 0.11253 0.11253 0.11253 ( 1)  0.338
  64 E   0.13198 0.13198 0.13198 0.13198 0.13198 0.11337 0.11337 0.11337 ( 1)  0.340
  65 Q   0.12810 0.12810 0.12810 0.12810 0.12810 0.11984 0.11984 0.11984 ( 1)  0.360
  66 K   0.13121 0.13121 0.13121 0.13121 0.13121 0.11465 0.11465 0.11465 ( 1)  0.344
  67 S   0.13037 0.13037 0.13037 0.13037 0.13037 0.11604 0.11604 0.11604 ( 1)  0.348
  68 M   0.13501 0.13501 0.13501 0.13501 0.13501 0.10832 0.10832 0.10832 ( 2)  0.325
  69 K   0.13195 0.13195 0.13195 0.13195 0.13195 0.11341 0.11341 0.11341 ( 1)  0.340
  70 S   0.13088 0.13088 0.13088 0.13088 0.13088 0.11520 0.11520 0.11520 ( 1)  0.346
  71 T   0.00000 0.00000 0.00000 0.00000 0.00000 0.33333 0.33333 0.33333 ( 7)  1.000
  72 T   0.13377 0.13377 0.13377 0.13377 0.13377 0.11039 0.11039 0.11039 ( 1)  0.331
  73 S   0.12885 0.12885 0.12885 0.12885 0.12885 0.11859 0.11859 0.11859 ( 2)  0.356
  74 V   0.13381 0.13381 0.13381 0.13381 0.13381 0.11031 0.11031 0.11031 ( 1)  0.331
  75 D   0.13342 0.13342 0.13342 0.13342 0.13342 0.11097 0.11097 0.11097 ( 1)  0.333
  76 G   0.13263 0.13263 0.13263 0.13263 0.13263 0.11229 0.11229 0.11229 ( 1)  0.337
  77 S   0.13248 0.13248 0.13248 0.13248 0.13248 0.11253 0.11253 0.11253 ( 1)  0.338
  78 T   0.00000 0.00000 0.00000 0.00000 0.00000 0.33333 0.33333 0.33333 ( 7)  1.000
  79 S   0.13088 0.13088 0.13088 0.13088 0.13088 0.11520 0.11520 0.11520 ( 1)  0.346
  80 Q   0.12810 0.12810 0.12810 0.12810 0.12810 0.11984 0.11984 0.11984 ( 1)  0.360
  81 S   0.13272 0.13272 0.13272 0.13272 0.13272 0.11214 0.11214 0.11214 ( 1)  0.336
  82 P   0.13244 0.13244 0.13244 0.13244 0.13244 0.11260 0.11260 0.11260 ( 1)  0.338
  83 N   0.13341 0.13341 0.13341 0.13341 0.13341 0.11099 0.11099 0.11099 ( 2)  0.333
  84 P   0.13141 0.13141 0.13141 0.13141 0.13141 0.11431 0.11431 0.11431 ( 2)  0.343
  85 R   0.13128 0.13128 0.13128 0.13128 0.13128 0.11454 0.11454 0.11454 ( 1)  0.344
  86 L   0.12911 0.12911 0.12911 0.12911 0.12911 0.11815 0.11815 0.11815 ( 1)  0.354
  87 L   0.12826 0.12826 0.12826 0.12826 0.12826 0.11957 0.11957 0.11957 ( 1)  0.359
  88 K   0.13195 0.13195 0.13195 0.13195 0.13195 0.11341 0.11341 0.11341 ( 1)  0.340
  89 D   0.13342 0.13342 0.13342 0.13342 0.13342 0.11097 0.11097 0.11097 ( 1)  0.333
  90 P   0.13244 0.13244 0.13244 0.13244 0.13244 0.11260 0.11260 0.11260 ( 1)  0.338
  91 P   0.13244 0.13244 0.13244 0.13244 0.13244 0.11260 0.11260 0.11260 ( 1)  0.338
  92 A   0.13261 0.13261 0.13261 0.13261 0.13261 0.11231 0.11231 0.11231 ( 1)  0.337
  93 N   0.13341 0.13341 0.13341 0.13341 0.13341 0.11099 0.11099 0.11099 ( 2)  0.333
  94 W   0.12778 0.12778 0.12778 0.12778 0.12778 0.12037 0.12037 0.12037 ( 2)  0.361
  95 F   0.12950 0.12950 0.12950 0.12950 0.12950 0.11751 0.11751 0.11751 ( 1)  0.353
  96 Q   0.12845 0.12845 0.12845 0.12845 0.12845 0.11925 0.11925 0.11925 ( 1)  0.358
  97 L   0.12878 0.12878 0.12878 0.12878 0.12878 0.11871 0.11871 0.11871 ( 1)  0.356
  98 E   0.13125 0.13125 0.13125 0.13125 0.13125 0.11458 0.11458 0.11458 ( 2)  0.344
  99 R   0.12827 0.12827 0.12827 0.12827 0.12827 0.11955 0.11955 0.11955 ( 1)  0.359
 100 D   0.13342 0.13342 0.13342 0.13342 0.13342 0.11097 0.11097 0.11097 ( 1)  0.333
 101 L   0.12872 0.12872 0.12872 0.12872 0.12872 0.11880 0.11880 0.11880 ( 2)  0.356
 102 R   0.00000 0.00000 0.00000 0.00000 0.00000 0.33333 0.33333 0.33333 ( 7)  1.000
 103 E   0.13198 0.13198 0.13198 0.13198 0.13198 0.11337 0.11337 0.11337 ( 1)  0.340
 104 L   0.12871 0.12871 0.12871 0.12871 0.12871 0.11882 0.11882 0.11882 ( 1)  0.356
 105 I   0.13403 0.13403 0.13403 0.13403 0.13403 0.10995 0.10995 0.10995 ( 2)  0.330
 106 P   0.13064 0.13064 0.13064 0.13064 0.13064 0.11560 0.11560 0.11560 ( 1)  0.347
 107 F   0.00000 0.00000 0.00000 0.00000 0.00000 0.33333 0.33333 0.33333 ( 7)  1.000
 108 G   0.12891 0.12891 0.12891 0.12891 0.12891 0.11849 0.11849 0.11849 ( 2)  0.355
 109 D   0.13342 0.13342 0.13342 0.13342 0.13342 0.11097 0.11097 0.11097 ( 1)  0.333
 110 S   0.00000 0.00000 0.00000 0.00000 0.00000 0.33333 0.33333 0.33333 ( 7)  1.000
 111 L   0.12871 0.12871 0.12871 0.12871 0.12871 0.11882 0.11882 0.11882 ( 1)  0.356
 112 S   0.13272 0.13272 0.13272 0.13272 0.13272 0.11214 0.11214 0.11214 ( 1)  0.336
 113 P   0.13244 0.13244 0.13244 0.13244 0.13244 0.11260 0.11260 0.11260 ( 1)  0.338
 114 Q   0.12824 0.12824 0.12824 0.12824 0.12824 0.11960 0.11960 0.11960 ( 1)  0.359
 115 A   0.13381 0.13381 0.13381 0.13381 0.13381 0.11032 0.11032 0.11032 ( 1)  0.331
 116 I   0.12982 0.12982 0.12982 0.12982 0.12982 0.11697 0.11697 0.11697 ( 2)  0.351
 117 D   0.12976 0.12976 0.12976 0.12976 0.12976 0.11706 0.11706 0.11706 ( 1)  0.351
 118 Y   0.12832 0.12832 0.12832 0.12832 0.12832 0.11947 0.11947 0.11947 ( 1)  0.358
 119 L   0.12903 0.12903 0.12903 0.12903 0.12903 0.11828 0.11828 0.11828 ( 1)  0.355
 120 C   0.12845 0.12845 0.12845 0.12845 0.12845 0.11925 0.11925 0.11925 ( 2)  0.358
 121 S   0.13248 0.13248 0.13248 0.13248 0.13248 0.11253 0.11253 0.11253 ( 1)  0.338
 122 L   0.12878 0.12878 0.12878 0.12878 0.12878 0.11871 0.11871 0.11871 ( 1)  0.356
 123 E   0.13198 0.13198 0.13198 0.13198 0.13198 0.11337 0.11337 0.11337 ( 1)  0.340
 124 P   0.13141 0.13141 0.13141 0.13141 0.13141 0.11431 0.11431 0.11431 ( 2)  0.343
 125 Q   0.12810 0.12810 0.12810 0.12810 0.12810 0.11984 0.11984 0.11984 ( 1)  0.360
 126 N   0.13341 0.13341 0.13341 0.13341 0.13341 0.11099 0.11099 0.11099 ( 2)  0.333
 127 Y   0.13148 0.13148 0.13148 0.13148 0.13148 0.11420 0.11420 0.11420 ( 2)  0.343
 128 K   0.13195 0.13195 0.13195 0.13195 0.13195 0.11341 0.11341 0.11341 ( 1)  0.340
 129 S   0.13088 0.13088 0.13088 0.13088 0.13088 0.11520 0.11520 0.11520 ( 1)  0.346
 130 V   0.13172 0.13172 0.13172 0.13172 0.13172 0.11380 0.11380 0.11380 ( 2)  0.341
 131 I   0.13403 0.13403 0.13403 0.13403 0.13403 0.10995 0.10995 0.10995 ( 2)  0.330
 132 G   0.13263 0.13263 0.13263 0.13263 0.13263 0.11229 0.11229 0.11229 ( 1)  0.337
 133 G   0.13263 0.13263 0.13263 0.13263 0.13263 0.11229 0.11229 0.11229 ( 1)  0.337
 134 S   0.13272 0.13272 0.13272 0.13272 0.13272 0.11214 0.11214 0.11214 ( 1)  0.336
 135 L   0.12878 0.12878 0.12878 0.12878 0.12878 0.11871 0.11871 0.11871 ( 1)  0.356
 136 T   0.13257 0.13257 0.13257 0.13257 0.13257 0.11238 0.11238 0.11238 ( 1)  0.337
 137 S   0.13248 0.13248 0.13248 0.13248 0.13248 0.11253 0.11253 0.11253 ( 1)  0.338
 138 S   0.12885 0.12885 0.12885 0.12885 0.12885 0.11859 0.11859 0.11859 ( 2)  0.356
 139 C   0.13157 0.13157 0.13157 0.13157 0.13157 0.11405 0.11405 0.11405 ( 2)  0.342
 140 L   0.12903 0.12903 0.12903 0.12903 0.12903 0.11828 0.11828 0.11828 ( 1)  0.355
 141 G   0.13079 0.13079 0.13079 0.13079 0.13079 0.11535 0.11535 0.11535 ( 1)  0.346
 142 R   0.00000 0.00000 0.00000 0.00000 0.00000 0.33333 0.33333 0.33333 ( 7)  1.000
 143 F   0.13311 0.13311 0.13311 0.13311 0.13311 0.11148 0.11148 0.11148 ( 1)  0.334
 144 V   0.13262 0.13262 0.13262 0.13262 0.13262 0.11230 0.11230 0.11230 ( 2)  0.337
 145 R   0.13128 0.13128 0.13128 0.13128 0.13128 0.11454 0.11454 0.11454 ( 1)  0.344
 146 A   0.13261 0.13261 0.13261 0.13261 0.13261 0.11231 0.11231 0.11231 ( 1)  0.337
 147 M   0.13501 0.13501 0.13501 0.13501 0.13501 0.10832 0.10832 0.10832 ( 2)  0.325
 148 V   0.13381 0.13381 0.13381 0.13381 0.13381 0.11031 0.11031 0.11031 ( 1)  0.331
 149 A   0.12956 0.12956 0.12956 0.12956 0.12956 0.11740 0.11740 0.11740 ( 1)  0.352
 150 S   0.13272 0.13272 0.13272 0.13272 0.13272 0.11214 0.11214 0.11214 ( 1)  0.336
 151 S   0.13037 0.13037 0.13037 0.13037 0.13037 0.11604 0.11604 0.11604 ( 1)  0.348
 152 S   0.13272 0.13272 0.13272 0.13272 0.13272 0.11214 0.11214 0.11214 ( 1)  0.336
 153 L   0.12826 0.12826 0.12826 0.12826 0.12826 0.11957 0.11957 0.11957 ( 1)  0.359
 154 S   0.13037 0.13037 0.13037 0.13037 0.13037 0.11604 0.11604 0.11604 ( 1)  0.348
 155 S   0.13037 0.13037 0.13037 0.13037 0.13037 0.11604 0.11604 0.11604 ( 1)  0.348
 156 T   0.13377 0.13377 0.13377 0.13377 0.13377 0.11039 0.11039 0.11039 ( 1)  0.331
 157 E   0.13125 0.13125 0.13125 0.13125 0.13125 0.11458 0.11458 0.11458 ( 2)  0.344
 158 K   0.13195 0.13195 0.13195 0.13195 0.13195 0.11341 0.11341 0.11341 ( 1)  0.340
 159 A   0.13381 0.13381 0.13381 0.13381 0.13381 0.11032 0.11032 0.11032 ( 1)  0.331
 160 E   0.13125 0.13125 0.13125 0.13125 0.13125 0.11458 0.11458 0.11458 ( 2)  0.344
 161 R   0.13128 0.13128 0.13128 0.13128 0.13128 0.11454 0.11454 0.11454 ( 1)  0.344
 162 L   0.12903 0.12903 0.12903 0.12903 0.12903 0.11828 0.11828 0.11828 ( 1)  0.355
 163 K   0.13121 0.13121 0.13121 0.13121 0.13121 0.11465 0.11465 0.11465 ( 1)  0.344
 164 S   0.13272 0.13272 0.13272 0.13272 0.13272 0.11214 0.11214 0.11214 ( 1)  0.336
 165 L   0.12903 0.12903 0.12903 0.12903 0.12903 0.11828 0.11828 0.11828 ( 1)  0.355
 166 A   0.13261 0.13261 0.13261 0.13261 0.13261 0.11231 0.11231 0.11231 ( 1)  0.337
 167 N   0.12969 0.12969 0.12969 0.12969 0.12969 0.11719 0.11719 0.11719 ( 2)  0.352
 168 L   0.13237 0.13237 0.13237 0.13237 0.13237 0.11271 0.11271 0.11271 ( 1)  0.338
 169 P   0.13244 0.13244 0.13244 0.13244 0.13244 0.11260 0.11260 0.11260 ( 1)  0.338
 170 R   0.13128 0.13128 0.13128 0.13128 0.13128 0.11454 0.11454 0.11454 ( 1)  0.344
 171 F   0.12950 0.12950 0.12950 0.12950 0.12950 0.11751 0.11751 0.11751 ( 1)  0.353
 172 S   0.13272 0.13272 0.13272 0.13272 0.13272 0.11214 0.11214 0.11214 ( 1)  0.336
 173 V   0.13172 0.13172 0.13172 0.13172 0.13172 0.11380 0.11380 0.11380 ( 2)  0.341
 174 A   0.13381 0.13381 0.13381 0.13381 0.13381 0.11032 0.11032 0.11032 ( 1)  0.331
 175 W   0.12778 0.12778 0.12778 0.12778 0.12778 0.12037 0.12037 0.12037 ( 2)  0.361
 176 M   0.13501 0.13501 0.13501 0.13501 0.13501 0.10832 0.10832 0.10832 ( 2)  0.325
 177 L   0.12903 0.12903 0.12903 0.12903 0.12903 0.11828 0.11828 0.11828 ( 1)  0.355
 178 A   0.13172 0.13172 0.13172 0.13172 0.13172 0.11380 0.11380 0.11380 ( 1)  0.341
 179 E   0.13125 0.13125 0.13125 0.13125 0.13125 0.11458 0.11458 0.11458 ( 2)  0.344
 180 D   0.13342 0.13342 0.13342 0.13342 0.13342 0.11097 0.11097 0.11097 ( 1)  0.333
 181 S   0.13088 0.13088 0.13088 0.13088 0.13088 0.11520 0.11520 0.11520 ( 1)  0.346
 182 D   0.13342 0.13342 0.13342 0.13342 0.13342 0.11097 0.11097 0.11097 ( 1)  0.333
 183 R   0.12827 0.12827 0.12827 0.12827 0.12827 0.11955 0.11955 0.11955 ( 1)  0.359
 184 Q   0.12810 0.12810 0.12810 0.12810 0.12810 0.11984 0.11984 0.11984 ( 1)  0.360
 185 A   0.13381 0.13381 0.13381 0.13381 0.13381 0.11032 0.11032 0.11032 ( 1)  0.331
 186 V   0.13172 0.13172 0.13172 0.13172 0.13172 0.11380 0.11380 0.11380 ( 2)  0.341
 187 D   0.12976 0.12976 0.12976 0.12976 0.12976 0.11706 0.11706 0.11706 ( 1)  0.351
 188 R   0.13077 0.13077 0.13077 0.13077 0.13077 0.11538 0.11538 0.11538 ( 1)  0.346
 189 L   0.12927 0.12927 0.12927 0.12927 0.12927 0.11788 0.11788 0.11788 ( 1)  0.354
 190 L   0.12826 0.12826 0.12826 0.12826 0.12826 0.11957 0.11957 0.11957 ( 1)  0.359
 191 Q   0.12845 0.12845 0.12845 0.12845 0.12845 0.11925 0.11925 0.11925 ( 1)  0.358
 192 E   0.13125 0.13125 0.13125 0.13125 0.13125 0.11458 0.11458 0.11458 ( 2)  0.344
 193 M   0.13501 0.13501 0.13501 0.13501 0.13501 0.10832 0.10832 0.10832 ( 2)  0.325
 194 P   0.13141 0.13141 0.13141 0.13141 0.13141 0.11431 0.11431 0.11431 ( 2)  0.343
 195 T   0.13257 0.13257 0.13257 0.13257 0.13257 0.11238 0.11238 0.11238 ( 1)  0.337
 196 G   0.13135 0.13135 0.13135 0.13135 0.13135 0.11441 0.11441 0.11441 ( 1)  0.343
 197 L   0.12826 0.12826 0.12826 0.12826 0.12826 0.11957 0.11957 0.11957 ( 1)  0.359
 198 Q   0.12810 0.12810 0.12810 0.12810 0.12810 0.11984 0.11984 0.11984 ( 1)  0.360
 199 E   0.13198 0.13198 0.13198 0.13198 0.13198 0.11337 0.11337 0.11337 ( 1)  0.340
 200 S   0.13248 0.13248 0.13248 0.13248 0.13248 0.11253 0.11253 0.11253 ( 1)  0.338
 201 L   0.12878 0.12878 0.12878 0.12878 0.12878 0.11871 0.11871 0.11871 ( 1)  0.356
 202 K   0.13121 0.13121 0.13121 0.13121 0.13121 0.11465 0.11465 0.11465 ( 1)  0.344
 203 S   0.00000 0.00000 0.00000 0.00000 0.00000 0.33333 0.33333 0.33333 ( 7)  1.000
 204 F   0.00000 0.00000 0.00000 0.00000 0.00000 0.33333 0.33333 0.33333 ( 7)  1.000
 205 F   0.13128 0.13128 0.13128 0.13128 0.13128 0.11453 0.11453 0.11453 ( 1)  0.344


lnL =  -936.281506

