Supplemental results for CODEML (seqf: algn  treef: tree)


dN/dS (w) for site classes (K=2)

p:   0.59730  0.40270
w:   0.00000  1.00000

Naive Empirical Bayes (NEB) probabilities for 2 classes & postmean_w
(amino acids refer to 1st sequence: scj.3150)

   1 M   0.64901 0.35099 ( 1)  0.351
   2 F   0.61597 0.38403 ( 1)  0.384
   3 T   0.63177 0.36823 ( 1)  0.368
   4 F   0.63878 0.36122 ( 1)  0.361
   5 S   0.64542 0.35458 ( 1)  0.355
   6 K   0.62459 0.37541 ( 1)  0.375
   7 H   0.63570 0.36430 ( 1)  0.364
   8 K   0.62906 0.37094 ( 1)  0.371
   9 F   0.61597 0.38403 ( 1)  0.384
  10 K   0.62459 0.37541 ( 1)  0.375
  11 L   0.61166 0.38834 ( 1)  0.388
  12 K   0.62459 0.37541 ( 1)  0.375
  13 N   0.64403 0.35597 ( 1)  0.356
  14 S   0.61890 0.38110 ( 1)  0.381
  15 W   0.60763 0.39237 ( 1)  0.392
  16 W   0.60763 0.39237 ( 1)  0.392
  17 A   0.62398 0.37602 ( 1)  0.376
  18 L   0.61309 0.38691 ( 1)  0.387
  19 S   0.61890 0.38110 ( 1)  0.381
  20 R   0.62917 0.37083 ( 1)  0.371
  21 K   0.62459 0.37541 ( 1)  0.375
  22 H   0.63570 0.36430 ( 1)  0.364
  23 D   0.64539 0.35461 ( 1)  0.355
  24 R   0.62505 0.37495 ( 1)  0.375
  25 D   0.64539 0.35461 ( 1)  0.355
  26 R   0.61253 0.38747 ( 1)  0.387
  27 W   0.60763 0.39237 ( 1)  0.392
  28 T   0.63177 0.36823 ( 1)  0.368
  29 F   0.63878 0.36122 ( 1)  0.361
  30 M   0.64901 0.35099 ( 1)  0.351
  31 K   0.62906 0.37094 ( 1)  0.371
  32 R   0.60990 0.39010 ( 1)  0.390
  33 L   0.63847 0.36153 ( 1)  0.362
  34 A   0.62908 0.37092 ( 1)  0.371
  35 M   0.64901 0.35099 ( 1)  0.351
  36 E   0.62946 0.37054 ( 1)  0.371
  37 A   0.62398 0.37602 ( 1)  0.376
  38 E   0.62946 0.37054 ( 1)  0.371
  39 L   0.61421 0.38579 ( 1)  0.386
  40 Y   0.62244 0.37756 ( 1)  0.378
  41 E   0.62946 0.37054 ( 1)  0.371
  42 D   0.64539 0.35461 ( 1)  0.355
  43 M   0.64901 0.35099 ( 1)  0.351
  44 L   0.61166 0.38834 ( 1)  0.388
  45 I   0.64699 0.35301 ( 1)  0.353
  46 T   0.00000 1.00000 ( 2)  1.000
  47 S   0.63763 0.36237 ( 1)  0.362
  48 F   0.62754 0.37246 ( 1)  0.372
  49 H   0.63570 0.36430 ( 1)  0.364
  50 D   0.64539 0.35461 ( 1)  0.355
  51 T   0.64861 0.35139 ( 1)  0.351
  52 Y   0.61183 0.38817 ( 1)  0.388
  53 F   0.61597 0.38403 ( 1)  0.384
  54 N   0.64403 0.35597 ( 1)  0.356
  55 L   0.61421 0.38579 ( 1)  0.386
  56 T   0.61854 0.38146 ( 1)  0.381
  57 T   0.63177 0.36823 ( 1)  0.368
  58 K   0.62906 0.37094 ( 1)  0.371
  59 L   0.63847 0.36153 ( 1)  0.362
  60 I   0.64679 0.35321 ( 1)  0.353
  61 F   0.63878 0.36122 ( 1)  0.361
  62 T   0.63177 0.36823 ( 1)  0.368
  63 F   0.63878 0.36122 ( 1)  0.361
  64 R   0.63093 0.36907 ( 1)  0.369
  65 W   0.60763 0.39237 ( 1)  0.392
  66 L   0.61309 0.38691 ( 1)  0.387
  67 S   0.61890 0.38110 ( 1)  0.381
  68 A   0.62908 0.37092 ( 1)  0.371
  69 L   0.63847 0.36153 ( 1)  0.362
  70 C   0.63427 0.36573 ( 1)  0.366
  71 P   0.63465 0.36535 ( 1)  0.365
  72 S   0.64542 0.35458 ( 1)  0.355
  73 A   0.62645 0.37355 ( 1)  0.374
  74 V   0.63181 0.36819 ( 1)  0.368
  75 P   0.61814 0.38186 ( 1)  0.382
  76 L   0.61097 0.38903 ( 1)  0.389
  77 F   0.63878 0.36122 ( 1)  0.361
  78 V   0.64854 0.35146 ( 1)  0.351
  79 F   0.63878 0.36122 ( 1)  0.361
  80 V   0.62905 0.37095 ( 1)  0.371
  81 D   0.64539 0.35461 ( 1)  0.355
  82 S   0.64542 0.35458 ( 1)  0.355
  83 D   0.61845 0.38155 ( 1)  0.382
  84 Y   0.63263 0.36737 ( 1)  0.367
  85 D   0.64539 0.35461 ( 1)  0.355
  86 L   0.61166 0.38834 ( 1)  0.388
  87 V   0.61861 0.38139 ( 1)  0.381
  88 P   0.62215 0.37785 ( 1)  0.378
  89 Q   0.00000 1.00000 ( 2)  1.000
  90 N   0.64403 0.35597 ( 1)  0.356
  91 V   0.62635 0.37365 ( 1)  0.374
  92 I   0.63345 0.36655 ( 1)  0.367
  93 K   0.00000 1.00000 ( 2)  1.000
  94 Y   0.63263 0.36737 ( 1)  0.367
  95 Y   0.00000 1.00000 ( 2)  1.000
  96 K   0.62459 0.37541 ( 1)  0.375
  97 N   0.64403 0.35597 ( 1)  0.356
  98 Q   0.00000 1.00000 ( 2)  1.000
  99 S   0.63763 0.36237 ( 1)  0.362
 100 T   0.63177 0.36823 ( 1)  0.368
 101 D   0.00000 1.00000 ( 2)  1.000
 102 Q   0.60823 0.39177 ( 1)  0.392
 103 L   0.61309 0.38691 ( 1)  0.387
 104 R   0.62917 0.37083 ( 1)  0.371
 105 D   0.64539 0.35461 ( 1)  0.355
 106 L   0.61166 0.38834 ( 1)  0.388
 107 T   0.62628 0.37372 ( 1)  0.374
 108 A   0.61680 0.38320 ( 1)  0.383
 109 G   0.64015 0.35985 ( 1)  0.360
 110 H   0.00000 1.00000 ( 2)  1.000
 111 G   0.62515 0.37485 ( 1)  0.375
 112 S   0.00000 1.00000 ( 2)  1.000
 113 D   0.64539 0.35461 ( 1)  0.355
 114 Y   0.63263 0.36737 ( 1)  0.367
 115 R   0.63093 0.36907 ( 1)  0.369
 116 F   0.63878 0.36122 ( 1)  0.361
 117 V   0.61861 0.38139 ( 1)  0.381
 118 I   0.00000 1.00000 ( 2)  1.000
 119 R   0.62505 0.37495 ( 1)  0.375
 120 P   0.62215 0.37785 ( 1)  0.378
 121 R   0.63093 0.36907 ( 1)  0.369
 122 H   0.00000 1.00000 ( 2)  1.000
 123 D   0.64539 0.35461 ( 1)  0.355
 124 G   0.62129 0.37871 ( 1)  0.379
 125 N   0.64403 0.35597 ( 1)  0.356
 126 I   0.64679 0.35321 ( 1)  0.353
 127 S   0.63186 0.36814 ( 1)  0.368
 128 N   0.61851 0.38149 ( 1)  0.381
 129 I   0.64699 0.35301 ( 1)  0.353
 130 W   0.60763 0.39237 ( 1)  0.392
 131 A   0.62908 0.37092 ( 1)  0.371
 132 V   0.62635 0.37365 ( 1)  0.374
 133 T   0.62628 0.37372 ( 1)  0.374
 134 L   0.61166 0.38834 ( 1)  0.388
 135 R   0.62917 0.37083 ( 1)  0.371
 136 E   0.62946 0.37054 ( 1)  0.371
 137 F   0.62754 0.37246 ( 1)  0.372
 138 P   0.62215 0.37785 ( 1)  0.378
 139 W   0.60763 0.39237 ( 1)  0.392
 140 A   0.62908 0.37092 ( 1)  0.371
 141 I   0.64699 0.35301 ( 1)  0.353
 142 Y   0.63263 0.36737 ( 1)  0.367
 143 P   0.63465 0.36535 ( 1)  0.365
 144 A   0.61680 0.38320 ( 1)  0.383
 145 Y   0.61183 0.38817 ( 1)  0.388
 146 F   0.63878 0.36122 ( 1)  0.361
 147 Y   0.63263 0.36737 ( 1)  0.367
 148 G   0.62129 0.37871 ( 1)  0.379
 149 A   0.63086 0.36914 ( 1)  0.369
 150 T   0.63177 0.36823 ( 1)  0.368
 151 F   0.63878 0.36122 ( 1)  0.361
 152 M   0.64901 0.35099 ( 1)  0.351
 153 L   0.61166 0.38834 ( 1)  0.388
 154 G   0.62129 0.37871 ( 1)  0.379
 155 S   0.61890 0.38110 ( 1)  0.381
 156 N   0.64403 0.35597 ( 1)  0.356
 157 V   0.64854 0.35146 ( 1)  0.351
 158 V   0.00000 1.00000 ( 2)  1.000
 159 K   0.62906 0.37094 ( 1)  0.371
 160 R   0.60990 0.39010 ( 1)  0.390
 161 L   0.60905 0.39095 ( 1)  0.391
 162 A   0.64482 0.35518 ( 1)  0.355
 163 I   0.64699 0.35301 ( 1)  0.353
 164 A   0.61680 0.38320 ( 1)  0.383
 165 S   0.64542 0.35458 ( 1)  0.355
 166 A   0.61680 0.38320 ( 1)  0.383
 167 F   0.63878 0.36122 ( 1)  0.361
 168 T   0.61854 0.38146 ( 1)  0.381
 169 Q   0.60998 0.39002 ( 1)  0.390
 170 H   0.63570 0.36430 ( 1)  0.364
 171 I   0.64679 0.35321 ( 1)  0.353
 172 R   0.63093 0.36907 ( 1)  0.369
 173 I   0.64699 0.35301 ( 1)  0.353
 174 D   0.61845 0.38155 ( 1)  0.382
 175 D   0.64539 0.35461 ( 1)  0.355
 176 A   0.61680 0.38320 ( 1)  0.383
 177 Y   0.61183 0.38817 ( 1)  0.388
 178 L   0.61309 0.38691 ( 1)  0.387
 179 G   0.62515 0.37485 ( 1)  0.375
 180 I   0.64679 0.35321 ( 1)  0.353
 181 L   0.60905 0.39095 ( 1)  0.391
 182 F   0.61597 0.38403 ( 1)  0.384
 183 S   0.61823 0.38177 ( 1)  0.382
 184 K   0.62906 0.37094 ( 1)  0.371
 185 L   0.60714 0.39286 ( 1)  0.393
 186 N   0.61851 0.38149 ( 1)  0.381
 187 I   0.64699 0.35301 ( 1)  0.353
 188 L   0.63847 0.36153 ( 1)  0.362
 189 P   0.63465 0.36535 ( 1)  0.365
 190 Q   0.60823 0.39177 ( 1)  0.392
 191 N   0.64403 0.35597 ( 1)  0.356
 192 L   0.61421 0.38579 ( 1)  0.386
 193 D   0.61845 0.38155 ( 1)  0.382
 194 I   0.64699 0.35301 ( 1)  0.353
 195 I   0.64679 0.35321 ( 1)  0.353
 196 S   0.63763 0.36237 ( 1)  0.362
 197 L   0.63847 0.36153 ( 1)  0.362
 198 G   0.62515 0.37485 ( 1)  0.375
 199 N   0.61851 0.38149 ( 1)  0.381
 200 G   0.62515 0.37485 ( 1)  0.375
 201 V   0.62635 0.37365 ( 1)  0.374
 202 C   0.63427 0.36573 ( 1)  0.366
 203 N   0.64403 0.35597 ( 1)  0.356
 204 I   0.64679 0.35321 ( 1)  0.353
 205 Q   0.60998 0.39002 ( 1)  0.390
 206 S   0.62229 0.37771 ( 1)  0.378
 207 G   0.64015 0.35985 ( 1)  0.360
 208 A   0.62908 0.37092 ( 1)  0.371
 209 I   0.61908 0.38092 ( 1)  0.381
 210 N   0.64403 0.35597 ( 1)  0.356
 211 I   0.64679 0.35321 ( 1)  0.353
 212 P   0.62215 0.37785 ( 1)  0.378
 213 L   0.61421 0.38579 ( 1)  0.386
 214 S   0.63763 0.36237 ( 1)  0.362
 215 K   0.62906 0.37094 ( 1)  0.371
 216 S   0.64542 0.35458 ( 1)  0.355


lnL =  -968.804236

