Supplemental results for CODEML (seqf: algn  treef: tree)


dN/dS (w) for site classes (K=2)

p:   0.99999  0.00001
w:   0.11475  1.00000

Naive Empirical Bayes (NEB) probabilities for 2 classes & postmean_w
(amino acids refer to 1st sequence: Msl.12637)

   1 M   0.99999 0.00001 ( 1)  0.115
   2 A   0.99999 0.00001 ( 1)  0.115
   3 T   0.99999 0.00001 ( 1)  0.115
   4 I   0.99999 0.00001 ( 1)  0.115
   5 K   0.99999 0.00001 ( 1)  0.115
   6 K   0.99999 0.00001 ( 1)  0.115
   7 L   0.99999 0.00001 ( 1)  0.115
   8 T   0.99999 0.00001 ( 1)  0.115
   9 R   0.99999 0.00001 ( 1)  0.115
  10 R   0.99999 0.00001 ( 1)  0.115
  11 Q   0.99999 0.00001 ( 1)  0.115
  12 R   0.99999 0.00001 ( 1)  0.115
  13 R   0.99999 0.00001 ( 1)  0.115
  14 W   0.99999 0.00001 ( 1)  0.115
  15 R   0.99999 0.00001 ( 1)  0.115
  16 T   0.99999 0.00001 ( 1)  0.115
  17 A   0.99999 0.00001 ( 1)  0.115
  18 A   0.99999 0.00001 ( 1)  0.115
  19 A   0.99999 0.00001 ( 1)  0.115
  20 T   0.99999 0.00001 ( 1)  0.115
  21 A   0.99999 0.00001 ( 1)  0.115
  22 V   0.99999 0.00001 ( 1)  0.115
  23 A   0.99999 0.00001 ( 1)  0.115
  24 T   0.99999 0.00001 ( 1)  0.115
  25 V   0.99999 0.00001 ( 1)  0.115
  26 A   0.99999 0.00001 ( 1)  0.115
  27 S   0.99999 0.00001 ( 1)  0.115
  28 V   0.99999 0.00001 ( 1)  0.115
  29 G   0.99999 0.00001 ( 1)  0.115
  30 V   0.99999 0.00001 ( 1)  0.115
  31 T   0.99999 0.00001 ( 1)  0.115
  32 G   0.99999 0.00001 ( 1)  0.115
  33 W   0.99999 0.00001 ( 1)  0.115
  34 F   0.99999 0.00001 ( 1)  0.115
  35 A   0.99999 0.00001 ( 1)  0.115
  36 V   0.99999 0.00001 ( 1)  0.115
  37 A   0.99999 0.00001 ( 1)  0.115
  38 M   0.99999 0.00001 ( 1)  0.115
  39 A   0.99999 0.00001 ( 1)  0.115
  40 I   0.99999 0.00001 ( 1)  0.115
  41 D   0.99999 0.00001 ( 1)  0.115
  42 G   0.99999 0.00001 ( 1)  0.115
  43 L   0.99999 0.00001 ( 1)  0.115
  44 A   0.99999 0.00001 ( 1)  0.115
  45 T   0.99999 0.00001 ( 1)  0.115
  46 A   0.99999 0.00001 ( 1)  0.115
  47 R   0.99999 0.00001 ( 1)  0.115
  48 L   0.99999 0.00001 ( 1)  0.115
  49 A   0.99999 0.00001 ( 1)  0.115
  50 G   0.99999 0.00001 ( 1)  0.115
  51 G   0.99999 0.00001 ( 1)  0.115
  52 D   0.99999 0.00001 ( 1)  0.115
  53 G   0.99999 0.00001 ( 1)  0.115
  54 S   0.99999 0.00001 ( 1)  0.115
  55 L   0.99999 0.00001 ( 1)  0.115
  56 E   0.99999 0.00001 ( 1)  0.115
  57 A   0.99999 0.00001 ( 1)  0.115
  58 A   0.99992 0.00008 ( 1)  0.115
  59 T   0.99999 0.00001 ( 1)  0.115
  60 S   0.99999 0.00001 ( 1)  0.115
  61 L   0.99999 0.00001 ( 1)  0.115
  62 G   0.99999 0.00001 ( 1)  0.115
  63 S   0.99999 0.00001 ( 1)  0.115
  64 R   0.99999 0.00001 ( 1)  0.115
  65 R   0.99992 0.00008 ( 1)  0.115
  66 L   0.99999 0.00001 ( 1)  0.115
  67 L   0.99999 0.00001 ( 1)  0.115
  68 S   0.99999 0.00001 ( 1)  0.115
  69 L   0.99999 0.00001 ( 1)  0.115
  70 P   0.99999 0.00001 ( 1)  0.115
  71 Q   0.99999 0.00001 ( 1)  0.115
  72 L   0.99999 0.00001 ( 1)  0.115
  73 A   0.99999 0.00001 ( 1)  0.115
  74 P   0.99999 0.00001 ( 1)  0.115
  75 S   0.99999 0.00001 ( 1)  0.115
  76 N   0.99999 0.00001 ( 1)  0.115
  77 A   0.99999 0.00001 ( 1)  0.115
  78 C   0.99999 0.00001 ( 1)  0.115
  79 T   0.99999 0.00001 ( 1)  0.115
  80 P   0.99999 0.00001 ( 1)  0.115
  81 R   0.99999 0.00001 ( 1)  0.115
  82 S   0.99999 0.00001 ( 1)  0.115
  83 I   0.99999 0.00001 ( 1)  0.115
  84 E   0.99999 0.00001 ( 1)  0.115
  85 T   0.99992 0.00008 ( 1)  0.115
  86 F   0.99999 0.00001 ( 1)  0.115
  87 P   0.99999 0.00001 ( 1)  0.115
  88 P   0.99999 0.00001 ( 1)  0.115
  89 D   0.99999 0.00001 ( 1)  0.115
  90 L   0.99999 0.00001 ( 1)  0.115
  91 F   0.99999 0.00001 ( 1)  0.115
  92 S   0.99999 0.00001 ( 1)  0.115
  93 L   0.99999 0.00001 ( 1)  0.115
  94 A   0.99999 0.00001 ( 1)  0.115
  95 D   0.99999 0.00001 ( 1)  0.115
  96 K   0.99999 0.00001 ( 1)  0.115
  97 R   0.99999 0.00001 ( 1)  0.115
  98 R   0.99999 0.00001 ( 1)  0.115
  99 G   0.99999 0.00001 ( 1)  0.115
 100 A   0.99999 0.00001 ( 1)  0.115
 101 V   0.99999 0.00001 ( 1)  0.115
 102 A   0.99999 0.00001 ( 1)  0.115
 103 L   0.99999 0.00001 ( 1)  0.115
 104 H   0.99999 0.00001 ( 1)  0.115
 105 G   0.99999 0.00001 ( 1)  0.115
 106 L   0.99999 0.00001 ( 1)  0.115
 107 A   0.99999 0.00001 ( 1)  0.115
 108 A   0.99999 0.00001 ( 1)  0.115
 109 L   0.99999 0.00001 ( 1)  0.115
 110 W   0.99999 0.00001 ( 1)  0.115
 111 L   0.99999 0.00001 ( 1)  0.115
 112 F   0.99999 0.00001 ( 1)  0.115
 113 A   0.99999 0.00001 ( 1)  0.115
 114 G   0.99999 0.00001 ( 1)  0.115
 115 L   0.99999 0.00001 ( 1)  0.115
 116 A   0.99999 0.00001 ( 1)  0.115
 117 I   0.99999 0.00001 ( 1)  0.115
 118 V   0.99999 0.00001 ( 1)  0.115
 119 C   0.99999 0.00001 ( 1)  0.115
 120 D   0.99999 0.00001 ( 1)  0.115
 121 D   0.99999 0.00001 ( 1)  0.115
 122 Y   0.99999 0.00001 ( 1)  0.115
 123 F   0.99999 0.00001 ( 1)  0.115
 124 V   0.99999 0.00001 ( 1)  0.115
 125 A   0.99999 0.00001 ( 1)  0.115
 126 S   0.99999 0.00001 ( 1)  0.115
 127 L   0.99999 0.00001 ( 1)  0.115
 128 E   0.99999 0.00001 ( 1)  0.115
 129 V   0.99999 0.00001 ( 1)  0.115
 130 L   0.99999 0.00001 ( 1)  0.115
 131 C   0.99999 0.00001 ( 1)  0.115
 132 E   0.99999 0.00001 ( 1)  0.115
 133 V   0.99999 0.00001 ( 1)  0.115
 134 L   0.99999 0.00001 ( 1)  0.115
 135 H   0.99999 0.00001 ( 1)  0.115
 136 L   0.99999 0.00001 ( 1)  0.115
 137 K   0.99999 0.00001 ( 1)  0.115
 138 P   0.99999 0.00001 ( 1)  0.115
 139 D   0.99999 0.00001 ( 1)  0.115
 140 V   0.99999 0.00001 ( 1)  0.115
 141 A   0.99999 0.00001 ( 1)  0.115
 142 G   0.99999 0.00001 ( 1)  0.115
 143 A   0.99999 0.00001 ( 1)  0.115
 144 T   0.99999 0.00001 ( 1)  0.115
 145 F   0.99999 0.00001 ( 1)  0.115
 146 M   0.99999 0.00001 ( 1)  0.115
 147 A   0.99999 0.00001 ( 1)  0.115
 148 A   0.99999 0.00001 ( 1)  0.115
 149 G   0.99999 0.00001 ( 1)  0.115
 150 S   0.99999 0.00001 ( 1)  0.115
 151 S   0.99999 0.00001 ( 1)  0.115
 152 A   0.99999 0.00001 ( 1)  0.115
 153 P   0.99999 0.00001 ( 1)  0.115
 154 E   0.99999 0.00001 ( 1)  0.115
 155 L   0.99999 0.00001 ( 1)  0.115
 156 F   0.99999 0.00001 ( 1)  0.115
 157 T   0.99999 0.00001 ( 1)  0.115
 158 S   0.99999 0.00001 ( 1)  0.115
 159 V   0.99999 0.00001 ( 1)  0.115
 160 I   0.99999 0.00001 ( 1)  0.115
 161 G   0.99999 0.00001 ( 1)  0.115
 162 V   0.99999 0.00001 ( 1)  0.115
 163 F   0.99999 0.00001 ( 1)  0.115
 164 L   0.99999 0.00001 ( 1)  0.115
 165 T   0.99999 0.00001 ( 1)  0.115
 166 Q   0.99999 0.00001 ( 1)  0.115
 167 S   0.99999 0.00001 ( 1)  0.115
 168 D   0.99999 0.00001 ( 1)  0.115
 169 V   0.99999 0.00001 ( 1)  0.115
 170 G   0.99999 0.00001 ( 1)  0.115
 171 V   0.99999 0.00001 ( 1)  0.115
 172 S   0.99999 0.00001 ( 1)  0.115
 173 T   0.99999 0.00001 ( 1)  0.115
 174 I   0.99999 0.00001 ( 1)  0.115
 175 V   0.99999 0.00001 ( 1)  0.115
 176 G   0.99999 0.00001 ( 1)  0.115
 177 S   0.99999 0.00001 ( 1)  0.115
 178 A   0.99999 0.00001 ( 1)  0.115
 179 V   0.99999 0.00001 ( 1)  0.115
 180 F   0.99999 0.00001 ( 1)  0.115
 181 N   0.99999 0.00001 ( 1)  0.115
 182 L   0.99999 0.00001 ( 1)  0.115
 183 L   0.99999 0.00001 ( 1)  0.115
 184 F   0.99999 0.00001 ( 1)  0.115
 185 I   0.99999 0.00001 ( 1)  0.115
 186 V   0.99999 0.00001 ( 1)  0.115
 187 S   0.99999 0.00001 ( 1)  0.115
 188 L   0.99999 0.00001 ( 1)  0.115
 189 C   0.99999 0.00001 ( 1)  0.115
 190 G   0.99999 0.00001 ( 1)  0.115
 191 L   0.99999 0.00001 ( 1)  0.115
 192 F   0.99999 0.00001 ( 1)  0.115
 193 A   0.99999 0.00001 ( 1)  0.115
 194 T   0.99999 0.00001 ( 1)  0.115
 195 Q   0.99999 0.00001 ( 1)  0.115
 196 I   0.99999 0.00001 ( 1)  0.115
 197 I   0.99999 0.00001 ( 1)  0.115
 198 F   0.99999 0.00001 ( 1)  0.115
 199 L   0.99999 0.00001 ( 1)  0.115
 200 S   0.99999 0.00001 ( 1)  0.115
 201 W   0.99999 0.00001 ( 1)  0.115
 202 W   0.99999 0.00001 ( 1)  0.115
 203 P   0.99999 0.00001 ( 1)  0.115
 204 I   0.99999 0.00001 ( 1)  0.115
 205 V   0.99999 0.00001 ( 1)  0.115
 206 R   0.99999 0.00001 ( 1)  0.115
 207 D   0.99999 0.00001 ( 1)  0.115
 208 C   0.99999 0.00001 ( 1)  0.115
 209 S   0.99999 0.00001 ( 1)  0.115
 210 Y   0.99999 0.00001 ( 1)  0.115
 211 Y   0.99999 0.00001 ( 1)  0.115
 212 S   0.99999 0.00001 ( 1)  0.115
 213 L   0.99999 0.00001 ( 1)  0.115
 214 S   0.99999 0.00001 ( 1)  0.115
 215 V   0.99999 0.00001 ( 1)  0.115
 216 V   0.99999 0.00001 ( 1)  0.115
 217 S   0.99999 0.00001 ( 1)  0.115
 218 L   0.99999 0.00001 ( 1)  0.115
 219 I   0.99999 0.00001 ( 1)  0.115
 220 L   0.99999 0.00001 ( 1)  0.115
 221 V   0.99999 0.00001 ( 1)  0.115
 222 I   0.99999 0.00001 ( 1)  0.115
 223 Y   0.99999 0.00001 ( 1)  0.115
 224 D   0.99999 0.00001 ( 1)  0.115
 225 E   0.99999 0.00001 ( 1)  0.115
 226 K   0.99999 0.00001 ( 1)  0.115
 227 V   0.99999 0.00001 ( 1)  0.115
 228 H   0.99999 0.00001 ( 1)  0.115
 229 W   0.99999 0.00001 ( 1)  0.115
 230 Y   0.99999 0.00001 ( 1)  0.115
 231 E   0.99999 0.00001 ( 1)  0.115
 232 A   0.99999 0.00001 ( 1)  0.115
 233 A   0.99999 0.00001 ( 1)  0.115
 234 A   0.99999 0.00001 ( 1)  0.115
 235 L   0.99999 0.00001 ( 1)  0.115
 236 L   0.99999 0.00001 ( 1)  0.115
 237 M   0.99999 0.00001 ( 1)  0.115
 238 L   0.99999 0.00001 ( 1)  0.115
 239 Y   0.99999 0.00001 ( 1)  0.115
 240 A   0.99999 0.00001 ( 1)  0.115
 241 M   0.99999 0.00001 ( 1)  0.115
 242 Y   0.99999 0.00001 ( 1)  0.115
 243 I   0.99999 0.00001 ( 1)  0.115
 244 V   0.99999 0.00001 ( 1)  0.115
 245 I   0.99999 0.00001 ( 1)  0.115
 246 M   0.99999 0.00001 ( 1)  0.115
 247 Y   0.99999 0.00001 ( 1)  0.115
 248 F   0.99999 0.00001 ( 1)  0.115
 249 N   0.99999 0.00001 ( 1)  0.115
 250 E   0.99999 0.00001 ( 1)  0.115
 251 S   0.99999 0.00001 ( 1)  0.115
 252 I   0.99999 0.00001 ( 1)  0.115
 253 D   0.99999 0.00001 ( 1)  0.115
 254 Q   0.99999 0.00001 ( 1)  0.115
 255 W   0.99999 0.00001 ( 1)  0.115
 256 I   0.99999 0.00001 ( 1)  0.115
 257 A   0.99999 0.00001 ( 1)  0.115
 258 E   0.99999 0.00001 ( 1)  0.115
 259 R   0.99999 0.00001 ( 1)  0.115
 260 W   0.99999 0.00001 ( 1)  0.115
 261 P   0.99999 0.00001 ( 1)  0.115
 262 N   0.99999 0.00001 ( 1)  0.115
 263 L   0.99999 0.00001 ( 1)  0.115
 264 A   0.99999 0.00001 ( 1)  0.115
 265 T   0.99999 0.00001 ( 1)  0.115
 266 G   0.99999 0.00001 ( 1)  0.115
 267 G   0.99999 0.00001 ( 1)  0.115
 268 N   0.99999 0.00001 ( 1)  0.115
 269 Q   0.99999 0.00001 ( 1)  0.115
 270 R   0.99999 0.00001 ( 1)  0.115
 271 L   0.99999 0.00001 ( 1)  0.115
 272 R   0.99999 0.00001 ( 1)  0.115
 273 K   0.99999 0.00001 ( 1)  0.115
 274 A   0.99999 0.00001 ( 1)  0.115
 275 G   0.99999 0.00001 ( 1)  0.115
 276 G   0.99999 0.00001 ( 1)  0.115
 277 P   0.99999 0.00001 ( 1)  0.115
 278 A   0.99999 0.00001 ( 1)  0.115
 279 A   0.99999 0.00001 ( 1)  0.115
 280 K   0.99999 0.00001 ( 1)  0.115
 281 A   0.99999 0.00001 ( 1)  0.115
 282 A   0.99992 0.00008 ( 1)  0.115
 283 A   0.99999 0.00001 ( 1)  0.115
 284 A   0.99999 0.00001 ( 1)  0.115
 285 S   0.99999 0.00001 ( 1)  0.115
 286 S   0.99999 0.00001 ( 1)  0.115
 287 N   0.99999 0.00001 ( 1)  0.115
 288 G   0.99999 0.00001 ( 1)  0.115
 289 S   0.99999 0.00001 ( 1)  0.115
 290 H   0.99999 0.00001 ( 1)  0.115
 291 R   0.99999 0.00001 ( 1)  0.115
 292 G   0.99999 0.00001 ( 1)  0.115
 293 G   0.99999 0.00001 ( 1)  0.115
 294 P   0.99999 0.00001 ( 1)  0.115
 295 A   0.99999 0.00001 ( 1)  0.115
 296 A   0.99999 0.00001 ( 1)  0.115
 297 A   0.99999 0.00001 ( 1)  0.115
 298 S   0.99999 0.00001 ( 1)  0.115
 299 G   0.99999 0.00001 ( 1)  0.115
 300 L   0.99999 0.00001 ( 1)  0.115
 301 V   0.99999 0.00001 ( 1)  0.115
 302 S   0.99999 0.00001 ( 1)  0.115
 303 L   0.99999 0.00001 ( 1)  0.115
 304 Q   0.99999 0.00001 ( 1)  0.115
 305 D   0.99999 0.00001 ( 1)  0.115
 306 F   0.99999 0.00001 ( 1)  0.115
 307 G   0.99999 0.00001 ( 1)  0.115
 308 P   0.99999 0.00001 ( 1)  0.115
 309 P   0.99999 0.00001 ( 1)  0.115
 310 A   0.99999 0.00001 ( 1)  0.115
 311 A   0.99999 0.00001 ( 1)  0.115
 312 K   0.99999 0.00001 ( 1)  0.115
 313 R   0.99999 0.00001 ( 1)  0.115
 314 S   0.99999 0.00001 ( 1)  0.115
 315 A   0.99999 0.00001 ( 1)  0.115
 316 M   0.99999 0.00001 ( 1)  0.115
 317 S   0.99999 0.00001 ( 1)  0.115
 318 G   0.99999 0.00001 ( 1)  0.115
 319 K   0.99999 0.00001 ( 1)  0.115
 320 T   0.99999 0.00001 ( 1)  0.115
 321 G   0.99999 0.00001 ( 1)  0.115
 322 A   0.99999 0.00001 ( 1)  0.115
 323 A   0.99999 0.00001 ( 1)  0.115
 324 Y   0.99999 0.00001 ( 1)  0.115
 325 W   0.99999 0.00001 ( 1)  0.115
 326 H   0.99999 0.00001 ( 1)  0.115
 327 L   0.99999 0.00001 ( 1)  0.115
 328 R   0.99999 0.00001 ( 1)  0.115
 329 D   0.99999 0.00001 ( 1)  0.115
 330 L   0.99999 0.00001 ( 1)  0.115
 331 E   0.99999 0.00001 ( 1)  0.115
 332 D   0.99999 0.00001 ( 1)  0.115
 333 E   0.99999 0.00001 ( 1)  0.115
 334 Q   0.99999 0.00001 ( 1)  0.115
 335 A   0.99999 0.00001 ( 1)  0.115
 336 E   0.99999 0.00001 ( 1)  0.115
 337 E   0.99999 0.00001 ( 1)  0.115
 338 F   0.99992 0.00008 ( 1)  0.115
 339 D   0.99999 0.00001 ( 1)  0.115
 340 D   0.99999 0.00001 ( 1)  0.115
 341 S   0.99999 0.00001 ( 1)  0.115
 342 D   0.99999 0.00001 ( 1)  0.115
 343 F   0.99999 0.00001 ( 1)  0.115
 344 A   0.99999 0.00001 ( 1)  0.115
 345 A   0.99999 0.00001 ( 1)  0.115
 346 G   0.99999 0.00001 ( 1)  0.115
 347 N   0.99999 0.00001 ( 1)  0.115
 348 S   0.99999 0.00001 ( 1)  0.115
 349 S   0.99999 0.00001 ( 1)  0.115
 350 S   0.99999 0.00001 ( 1)  0.115
 351 E   0.99999 0.00001 ( 1)  0.115
 352 V   0.99999 0.00001 ( 1)  0.115
 353 T   0.99992 0.00008 ( 1)  0.115
 354 R   0.99999 0.00001 ( 1)  0.115
 355 P   0.99999 0.00001 ( 1)  0.115
 356 L   0.99999 0.00001 ( 1)  0.115
 357 L   0.99999 0.00001 ( 1)  0.115
 358 D   0.99999 0.00001 ( 1)  0.115
 359 G   0.99999 0.00001 ( 1)  0.115
 360 C   0.99999 0.00001 ( 1)  0.115
 361 S   0.99999 0.00001 ( 1)  0.115
 362 S   0.99999 0.00001 ( 1)  0.115
 363 S   0.99999 0.00001 ( 1)  0.115
 364 P   0.99999 0.00001 ( 1)  0.115
 365 S   0.99999 0.00001 ( 1)  0.115
 366 A   0.99999 0.00001 ( 1)  0.115
 367 A   0.99999 0.00001 ( 1)  0.115
 368 A   0.99999 0.00001 ( 1)  0.115
 369 A   0.99999 0.00001 ( 1)  0.115
 370 T   0.99999 0.00001 ( 1)  0.115
 371 A   0.99999 0.00001 ( 1)  0.115
 372 V   0.99999 0.00001 ( 1)  0.115
 373 Q   0.99999 0.00001 ( 1)  0.115
 374 M   0.99999 0.00001 ( 1)  0.115
 375 T   0.99999 0.00001 ( 1)  0.115
 376 E   0.99999 0.00001 ( 1)  0.115
 377 V   0.99999 0.00001 ( 1)  0.115
 378 D   0.99999 0.00001 ( 1)  0.115
 379 L   0.99999 0.00001 ( 1)  0.115
 380 Q   0.99999 0.00001 ( 1)  0.115
 381 Q   0.99999 0.00001 ( 1)  0.115
 382 P   0.99999 0.00001 ( 1)  0.115
 383 A   0.99999 0.00001 ( 1)  0.115
 384 D   0.99999 0.00001 ( 1)  0.115
 385 G   0.99999 0.00001 ( 1)  0.115
 386 M   0.99999 0.00001 ( 1)  0.115
 387 G   0.99999 0.00001 ( 1)  0.115
 388 I   0.99999 0.00001 ( 1)  0.115
 389 E   0.99999 0.00001 ( 1)  0.115
 390 V   0.99999 0.00001 ( 1)  0.115
 391 S   0.99999 0.00001 ( 1)  0.115
 392 A   0.99999 0.00001 ( 1)  0.115
 393 G   0.99999 0.00001 ( 1)  0.115
 394 Y   0.99999 0.00001 ( 1)  0.115
 395 E   0.99999 0.00001 ( 1)  0.115
 396 S   0.99999 0.00001 ( 1)  0.115
 397 P   0.99999 0.00001 ( 1)  0.115
 398 L   0.99999 0.00001 ( 1)  0.115
 399 E   0.99999 0.00001 ( 1)  0.115
 400 F   0.99999 0.00001 ( 1)  0.115
 401 P   0.99999 0.00001 ( 1)  0.115
 402 S   0.99999 0.00001 ( 1)  0.115
 403 G   0.99999 0.00001 ( 1)  0.115
 404 W   0.99999 0.00001 ( 1)  0.115
 405 L   0.99999 0.00001 ( 1)  0.115
 406 H   0.99999 0.00001 ( 1)  0.115
 407 R   0.99999 0.00001 ( 1)  0.115
 408 A   0.99999 0.00001 ( 1)  0.115
 409 Y   0.99999 0.00001 ( 1)  0.115
 410 W   0.99999 0.00001 ( 1)  0.115
 411 C   0.99999 0.00001 ( 1)  0.115
 412 A   0.99999 0.00001 ( 1)  0.115
 413 T   0.99999 0.00001 ( 1)  0.115
 414 L   0.99999 0.00001 ( 1)  0.115
 415 P   0.99999 0.00001 ( 1)  0.115
 416 W   0.99999 0.00001 ( 1)  0.115
 417 T   0.99999 0.00001 ( 1)  0.115
 418 L   0.99999 0.00001 ( 1)  0.115
 419 L   0.99999 0.00001 ( 1)  0.115
 420 F   0.99999 0.00001 ( 1)  0.115
 421 M   0.99999 0.00001 ( 1)  0.115
 422 A   0.99999 0.00001 ( 1)  0.115
 423 T   0.99999 0.00001 ( 1)  0.115
 424 I   0.99999 0.00001 ( 1)  0.115
 425 P   0.99999 0.00001 ( 1)  0.115
 426 D   0.99999 0.00001 ( 1)  0.115
 427 C   0.99999 0.00001 ( 1)  0.115
 428 R   0.99999 0.00001 ( 1)  0.115
 429 R   0.99999 0.00001 ( 1)  0.115
 430 P   0.99999 0.00001 ( 1)  0.115
 431 G   0.99999 0.00001 ( 1)  0.115
 432 R   0.99999 0.00001 ( 1)  0.115
 433 W   0.99999 0.00001 ( 1)  0.115
 434 R   0.99999 0.00001 ( 1)  0.115
 435 Q   0.99999 0.00001 ( 1)  0.115
 436 M   0.99999 0.00001 ( 1)  0.115
 437 F   0.99999 0.00001 ( 1)  0.115
 438 F   0.99999 0.00001 ( 1)  0.115
 439 L   0.99999 0.00001 ( 1)  0.115
 440 T   0.99999 0.00001 ( 1)  0.115
 441 L   0.99999 0.00001 ( 1)  0.115
 442 L   0.99999 0.00001 ( 1)  0.115
 443 N   0.99999 0.00001 ( 1)  0.115
 444 S   0.99999 0.00001 ( 1)  0.115
 445 I   0.99999 0.00001 ( 1)  0.115
 446 L   0.99999 0.00001 ( 1)  0.115
 447 W   0.99999 0.00001 ( 1)  0.115
 448 I   0.99999 0.00001 ( 1)  0.115
 449 G   0.99999 0.00001 ( 1)  0.115
 450 G   0.99999 0.00001 ( 1)  0.115
 451 M   0.99999 0.00001 ( 1)  0.115
 452 S   0.99999 0.00001 ( 1)  0.115
 453 Y   0.99999 0.00001 ( 1)  0.115
 454 L   0.99999 0.00001 ( 1)  0.115
 455 L   0.99999 0.00001 ( 1)  0.115
 456 V   0.99999 0.00001 ( 1)  0.115
 457 W   0.99999 0.00001 ( 1)  0.115
 458 M   0.99999 0.00001 ( 1)  0.115
 459 V   0.99999 0.00001 ( 1)  0.115
 460 C   0.99999 0.00001 ( 1)  0.115
 461 T   0.99999 0.00001 ( 1)  0.115
 462 I   0.99999 0.00001 ( 1)  0.115
 463 G   0.99999 0.00001 ( 1)  0.115
 464 D   0.99999 0.00001 ( 1)  0.115
 465 T   0.99999 0.00001 ( 1)  0.115
 466 L   0.99999 0.00001 ( 1)  0.115
 467 G   0.99999 0.00001 ( 1)  0.115
 468 I   0.99999 0.00001 ( 1)  0.115
 469 P   0.99999 0.00001 ( 1)  0.115
 470 D   0.99999 0.00001 ( 1)  0.115
 471 T   0.99999 0.00001 ( 1)  0.115
 472 V   0.99999 0.00001 ( 1)  0.115
 473 M   0.99999 0.00001 ( 1)  0.115
 474 G   0.99999 0.00001 ( 1)  0.115
 475 L   0.99999 0.00001 ( 1)  0.115
 476 T   0.99999 0.00001 ( 1)  0.115
 477 I   0.99999 0.00001 ( 1)  0.115
 478 L   0.99999 0.00001 ( 1)  0.115
 479 A   0.99999 0.00001 ( 1)  0.115
 480 A   0.99999 0.00001 ( 1)  0.115
 481 G   0.99999 0.00001 ( 1)  0.115
 482 T   0.99999 0.00001 ( 1)  0.115
 483 S   0.99999 0.00001 ( 1)  0.115
 484 V   0.99999 0.00001 ( 1)  0.115
 485 P   0.99999 0.00001 ( 1)  0.115
 486 D   0.99999 0.00001 ( 1)  0.115
 487 A   0.99999 0.00001 ( 1)  0.115
 488 L   0.99999 0.00001 ( 1)  0.115
 489 A   0.99999 0.00001 ( 1)  0.115
 490 S   0.99999 0.00001 ( 1)  0.115
 491 V   0.99999 0.00001 ( 1)  0.115
 492 F   0.99999 0.00001 ( 1)  0.115
 493 V   0.99999 0.00001 ( 1)  0.115
 494 A   0.99999 0.00001 ( 1)  0.115
 495 R   0.99999 0.00001 ( 1)  0.115
 496 D   0.99999 0.00001 ( 1)  0.115
 497 G   0.99999 0.00001 ( 1)  0.115
 498 F   0.99999 0.00001 ( 1)  0.115
 499 G   0.99999 0.00001 ( 1)  0.115
 500 D   0.99999 0.00001 ( 1)  0.115
 501 M   0.99999 0.00001 ( 1)  0.115
 502 A   0.99999 0.00001 ( 1)  0.115
 503 V   0.99999 0.00001 ( 1)  0.115
 504 S   0.99999 0.00001 ( 1)  0.115
 505 N   0.99999 0.00001 ( 1)  0.115
 506 S   0.99999 0.00001 ( 1)  0.115
 507 V   0.99999 0.00001 ( 1)  0.115
 508 G   0.99999 0.00001 ( 1)  0.115
 509 S   0.99999 0.00001 ( 1)  0.115
 510 N   0.99999 0.00001 ( 1)  0.115
 511 V   0.99999 0.00001 ( 1)  0.115
 512 F   0.99999 0.00001 ( 1)  0.115
 513 D   0.99999 0.00001 ( 1)  0.115
 514 I   0.99999 0.00001 ( 1)  0.115
 515 L   0.99999 0.00001 ( 1)  0.115
 516 L   0.99999 0.00001 ( 1)  0.115
 517 G   0.99999 0.00001 ( 1)  0.115
 518 L   0.99999 0.00001 ( 1)  0.115
 519 G   0.99999 0.00001 ( 1)  0.115
 520 L   0.99999 0.00001 ( 1)  0.115
 521 P   0.99999 0.00001 ( 1)  0.115
 522 W   0.99999 0.00001 ( 1)  0.115
 523 F   0.99999 0.00001 ( 1)  0.115
 524 I   0.99999 0.00001 ( 1)  0.115
 525 G   0.99999 0.00001 ( 1)  0.115
 526 A   0.99992 0.00008 ( 1)  0.115
 527 A   0.99999 0.00001 ( 1)  0.115
 528 V   0.99999 0.00001 ( 1)  0.115
 529 R   0.99999 0.00001 ( 1)  0.115
 530 S   0.99999 0.00001 ( 1)  0.115
 531 S   0.99999 0.00001 ( 1)  0.115
 532 P   0.99999 0.00001 ( 1)  0.115
 533 G   0.99999 0.00001 ( 1)  0.115
 534 G   0.99999 0.00001 ( 1)  0.115
 535 A   0.99999 0.00001 ( 1)  0.115
 536 V   0.99999 0.00001 ( 1)  0.115
 537 S   0.99999 0.00001 ( 1)  0.115
 538 I   0.99999 0.00001 ( 1)  0.115
 539 S   0.99999 0.00001 ( 1)  0.115
 540 S   0.99999 0.00001 ( 1)  0.115
 541 A   0.99999 0.00001 ( 1)  0.115
 542 G   0.99999 0.00001 ( 1)  0.115
 543 L   0.99999 0.00001 ( 1)  0.115
 544 T   0.99999 0.00001 ( 1)  0.115
 545 Y   0.99999 0.00001 ( 1)  0.115
 546 S   0.99999 0.00001 ( 1)  0.115
 547 S   0.99999 0.00001 ( 1)  0.115
 548 V   0.99999 0.00001 ( 1)  0.115
 549 V   0.99999 0.00001 ( 1)  0.115
 550 L   0.99999 0.00001 ( 1)  0.115
 551 L   0.99999 0.00001 ( 1)  0.115
 552 S   0.99999 0.00001 ( 1)  0.115
 553 T   0.99999 0.00001 ( 1)  0.115
 554 V   0.99999 0.00001 ( 1)  0.115
 555 L   0.99999 0.00001 ( 1)  0.115
 556 L   0.99999 0.00001 ( 1)  0.115
 557 L   0.99999 0.00001 ( 1)  0.115
 558 L   0.99999 0.00001 ( 1)  0.115
 559 T   0.99999 0.00001 ( 1)  0.115
 560 S   0.99999 0.00001 ( 1)  0.115
 561 V   0.99999 0.00001 ( 1)  0.115
 562 Y   0.99999 0.00001 ( 1)  0.115
 563 A   0.99999 0.00001 ( 1)  0.115
 564 N   0.99999 0.00001 ( 1)  0.115
 565 K   0.99999 0.00001 ( 1)  0.115
 566 M   0.99999 0.00001 ( 1)  0.115
 567 K   0.99999 0.00001 ( 1)  0.115
 568 L   0.99999 0.00001 ( 1)  0.115
 569 D   0.99999 0.00001 ( 1)  0.115
 570 K   0.99999 0.00001 ( 1)  0.115
 571 K   0.99999 0.00001 ( 1)  0.115
 572 L   0.99999 0.00001 ( 1)  0.115
 573 G   0.99999 0.00001 ( 1)  0.115
 574 L   0.99999 0.00001 ( 1)  0.115
 575 A   0.99999 0.00001 ( 1)  0.115
 576 C   0.99999 0.00001 ( 1)  0.115
 577 L   0.99999 0.00001 ( 1)  0.115
 578 L   0.99999 0.00001 ( 1)  0.115
 579 L   0.99999 0.00001 ( 1)  0.115
 580 Y   0.99999 0.00001 ( 1)  0.115
 581 L   0.99999 0.00001 ( 1)  0.115
 582 L   0.99999 0.00001 ( 1)  0.115
 583 F   0.99999 0.00001 ( 1)  0.115
 584 I   0.99999 0.00001 ( 1)  0.115
 585 T   0.99999 0.00001 ( 1)  0.115
 586 V   0.99999 0.00001 ( 1)  0.115
 587 S   0.99999 0.00001 ( 1)  0.115
 588 V   0.99999 0.00001 ( 1)  0.115
 589 L   0.99999 0.00001 ( 1)  0.115
 590 F   0.99999 0.00001 ( 1)  0.115
 591 E   0.99999 0.00001 ( 1)  0.115
 592 T   0.99999 0.00001 ( 1)  0.115
 593 N   0.99999 0.00001 ( 1)  0.115
 594 V   0.99999 0.00001 ( 1)  0.115
 595 F   0.99999 0.00001 ( 1)  0.115
 596 A   0.99999 0.00001 ( 1)  0.115
 597 Q   0.99999 0.00001 ( 1)  0.115
 598 L   0.99999 0.00001 ( 1)  0.115
 599 N   0.99999 0.00001 ( 1)  0.115
 600 P   0.99999 0.00001 ( 1)  0.115
 601 P   0.99999 0.00001 ( 1)  0.115
 602 P   0.99999 0.00001 ( 1)  0.115
 603 C   0.99999 0.00001 ( 1)  0.115
 604 A   0.99999 0.00001 ( 1)  0.115
 605 R   0.99999 0.00001 ( 1)  0.115
 606 K   0.99999 0.00001 ( 1)  0.115
 607 Q   0.99999 0.00001 ( 1)  0.115


lnL = -2577.199204

