Supplemental results for CODEML (seqf: algn  treef: tree)


dN/dS (w) for site classes (K=2)

p:   0.99999  0.00001
w:   0.31487  1.00000

Naive Empirical Bayes (NEB) probabilities for 2 classes & postmean_w
(amino acids refer to 1st sequence: Msl.11090)

   1 R   0.99999 0.00001 ( 1)  0.315
   2 D   0.99999 0.00001 ( 1)  0.315
   3 L   0.99999 0.00001 ( 1)  0.315
   4 S   0.99999 0.00001 ( 1)  0.315
   5 T   0.99999 0.00001 ( 1)  0.315
   6 A   0.99999 0.00001 ( 1)  0.315
   7 N   0.99999 0.00001 ( 1)  0.315
   8 C   0.99999 0.00001 ( 1)  0.315
   9 Q   0.99999 0.00001 ( 1)  0.315
  10 I   0.99999 0.00001 ( 1)  0.315
  11 G   0.99999 0.00001 ( 1)  0.315
  12 S   0.99999 0.00001 ( 1)  0.315
  13 S   0.99999 0.00001 ( 1)  0.315
  14 G   0.99999 0.00001 ( 1)  0.315
  15 M   0.99999 0.00001 ( 1)  0.315
  16 A   0.99999 0.00001 ( 1)  0.315
  17 A   0.99999 0.00001 ( 1)  0.315
  18 V   0.99999 0.00001 ( 1)  0.315
  19 S   0.99999 0.00001 ( 1)  0.315
  20 T   0.99999 0.00001 ( 1)  0.315
  21 G   0.99999 0.00001 ( 1)  0.315
  22 F   0.99999 0.00001 ( 1)  0.315
  23 V   0.99999 0.00001 ( 1)  0.315
  24 G   0.99999 0.00001 ( 1)  0.315
  25 A   0.99999 0.00001 ( 1)  0.315
  26 M   0.99999 0.00001 ( 1)  0.315
  27 R   0.99999 0.00001 ( 1)  0.315
  28 F   0.99999 0.00001 ( 1)  0.315
  29 E   0.99999 0.00001 ( 1)  0.315
  30 F   0.99999 0.00001 ( 1)  0.315
  31 L   0.99999 0.00001 ( 1)  0.315
  32 A   0.99999 0.00001 ( 1)  0.315
  33 H   0.99999 0.00001 ( 1)  0.315
  34 E   0.99999 0.00001 ( 1)  0.315
  35 R   0.99999 0.00001 ( 1)  0.315
  36 D   0.99999 0.00001 ( 1)  0.315
  37 R   0.99999 0.00001 ( 1)  0.315
  38 L   0.99999 0.00001 ( 1)  0.315
  39 E   0.99999 0.00001 ( 1)  0.315
  40 K   0.99999 0.00001 ( 1)  0.315
  41 D   0.99999 0.00001 ( 1)  0.315
  42 K   0.99999 0.00001 ( 1)  0.315
  43 F   0.99999 0.00001 ( 1)  0.315
  44 K   0.99999 0.00001 ( 1)  0.315
  45 E   0.99999 0.00001 ( 1)  0.315
  46 H   0.99999 0.00001 ( 1)  0.315
  47 L   0.99999 0.00001 ( 1)  0.315
  48 T   0.99999 0.00001 ( 1)  0.315
  49 A   0.99999 0.00001 ( 1)  0.315
  50 P   0.99999 0.00001 ( 1)  0.315
  51 Q   0.99999 0.00001 ( 1)  0.315
  52 R   0.99999 0.00001 ( 1)  0.315
  53 R   0.99999 0.00001 ( 1)  0.315
  54 S   0.99999 0.00001 ( 1)  0.315
  55 P   0.99999 0.00001 ( 1)  0.315
  56 V   0.99999 0.00001 ( 1)  0.315
  57 L   0.99999 0.00001 ( 1)  0.315
  58 L   0.99999 0.00001 ( 1)  0.315
  59 D   0.99999 0.00001 ( 1)  0.315
  60 S   0.99999 0.00001 ( 1)  0.315
  61 E   0.99999 0.00001 ( 1)  0.315
  62 K   0.99999 0.00001 ( 1)  0.315
  63 P   0.99999 0.00001 ( 1)  0.315
  64 D   0.99999 0.00001 ( 1)  0.315
  65 E   0.99999 0.00001 ( 1)  0.315
  66 E   0.99999 0.00001 ( 1)  0.315
  67 Q   0.99999 0.00001 ( 1)  0.315
  68 F   0.99999 0.00001 ( 1)  0.315
  69 R   0.99999 0.00001 ( 1)  0.315
  70 T   0.99999 0.00001 ( 1)  0.315
  71 E   0.99999 0.00001 ( 1)  0.315
  72 L   0.99999 0.00001 ( 1)  0.315
  73 W   0.99999 0.00001 ( 1)  0.315
  74 P   0.99999 0.00001 ( 1)  0.315
  75 A   0.99999 0.00001 ( 1)  0.315
  76 D   0.99999 0.00001 ( 1)  0.315
  77 P   0.99999 0.00001 ( 1)  0.315
  78 G   0.99999 0.00001 ( 1)  0.315
  79 Q   0.99999 0.00001 ( 1)  0.315
  80 L   0.99999 0.00001 ( 1)  0.315
  81 V   0.99999 0.00001 ( 1)  0.315
  82 W   0.99999 0.00001 ( 1)  0.315
  83 L   0.99999 0.00001 ( 1)  0.315
  84 K   0.99999 0.00001 ( 1)  0.315
  85 Q   0.99999 0.00001 ( 1)  0.315
  86 S   0.99999 0.00001 ( 1)  0.315
  87 V   0.99999 0.00001 ( 1)  0.315
  88 D   0.99999 0.00001 ( 1)  0.315
  89 H   0.99999 0.00001 ( 1)  0.315
  90 V   0.99999 0.00001 ( 1)  0.315
  91 E   0.99999 0.00001 ( 1)  0.315
  92 P   0.99999 0.00001 ( 1)  0.315
  93 R   0.99999 0.00001 ( 1)  0.315
  94 P   0.99999 0.00001 ( 1)  0.315
  95 V   0.99999 0.00001 ( 1)  0.315
  96 R   0.99999 0.00001 ( 1)  0.315
  97 P   0.99999 0.00001 ( 1)  0.315
  98 A   0.99999 0.00001 ( 1)  0.315
  99 S   0.99999 0.00001 ( 1)  0.315
 100 R   0.99999 0.00001 ( 1)  0.315
 101 H   0.99999 0.00001 ( 1)  0.315
 102 K   0.99999 0.00001 ( 1)  0.315
 103 L   0.99999 0.00001 ( 1)  0.315
 104 L   0.99999 0.00001 ( 1)  0.315
 105 V   0.99999 0.00001 ( 1)  0.315
 106 L   0.99999 0.00001 ( 1)  0.315
 107 R   0.99999 0.00001 ( 1)  0.315
 108 S   0.99999 0.00001 ( 1)  0.315
 109 P   0.99999 0.00001 ( 1)  0.315
 110 A   0.99999 0.00001 ( 1)  0.315
 111 R   0.99999 0.00001 ( 1)  0.315
 112 P   0.99999 0.00001 ( 1)  0.315
 113 Q   0.99999 0.00001 ( 1)  0.315
 114 P   0.99999 0.00001 ( 1)  0.315
 115 E   0.99999 0.00001 ( 1)  0.315
 116 W   0.99999 0.00001 ( 1)  0.315
 117 L   0.99999 0.00001 ( 1)  0.315
 118 L   0.99999 0.00001 ( 1)  0.315
 119 G   0.99999 0.00001 ( 1)  0.315
 120 W   0.99999 0.00001 ( 1)  0.315
 121 Q   0.99999 0.00001 ( 1)  0.315
 122 P   0.99999 0.00001 ( 1)  0.315
 123 E   0.99999 0.00001 ( 1)  0.315
 124 P   0.99999 0.00001 ( 1)  0.315
 125 L   0.99999 0.00001 ( 1)  0.315
 126 P   0.99999 0.00001 ( 1)  0.315
 127 P   0.99999 0.00001 ( 1)  0.315
 128 T   0.99999 0.00001 ( 1)  0.315
 129 D   0.99999 0.00001 ( 1)  0.315
 130 R   0.99999 0.00001 ( 1)  0.315
 131 C   0.99999 0.00001 ( 1)  0.315
 132 V   0.99997 0.00003 ( 1)  0.315
 133 P   0.99999 0.00001 ( 1)  0.315
 134 A   0.99999 0.00001 ( 1)  0.315
 135 A   0.99999 0.00001 ( 1)  0.315
 136 D   0.99999 0.00001 ( 1)  0.315
 137 G   0.99999 0.00001 ( 1)  0.315
 138 N   0.99997 0.00003 ( 1)  0.315
 139 P   0.99999 0.00001 ( 1)  0.315
 140 L   0.99999 0.00001 ( 1)  0.315
 141 R   0.99999 0.00001 ( 1)  0.315
 142 L   0.99999 0.00001 ( 1)  0.315
 143 L   0.99999 0.00001 ( 1)  0.315
 144 S   0.99999 0.00001 ( 1)  0.315
 145 H   0.99999 0.00001 ( 1)  0.315
 146 P   0.99999 0.00001 ( 1)  0.315
 147 S   0.99999 0.00001 ( 1)  0.315
 148 T   0.99999 0.00001 ( 1)  0.315
 149 R   0.99999 0.00001 ( 1)  0.315
 150 C   0.99999 0.00001 ( 1)  0.315
 151 E   0.99999 0.00001 ( 1)  0.315
 152 D   0.99999 0.00001 ( 1)  0.315
 153 W   0.99999 0.00001 ( 1)  0.315
 154 S   0.99999 0.00001 ( 1)  0.315
 155 T   0.99999 0.00001 ( 1)  0.315
 156 L   0.99999 0.00001 ( 1)  0.315
 157 R   0.99999 0.00001 ( 1)  0.315
 158 Q   0.99999 0.00001 ( 1)  0.315
 159 L   0.99999 0.00001 ( 1)  0.315
 160 L   0.99999 0.00001 ( 1)  0.315
 161 P   0.99999 0.00001 ( 1)  0.315
 162 S   0.99999 0.00001 ( 1)  0.315
 163 R   0.99999 0.00001 ( 1)  0.315
 164 G   0.99999 0.00001 ( 1)  0.315
 165 R   0.99999 0.00001 ( 1)  0.315
 166 P   0.99999 0.00001 ( 1)  0.315
 167 V   0.99999 0.00001 ( 1)  0.315
 168 R   0.99999 0.00001 ( 1)  0.315
 169 T   0.99999 0.00001 ( 1)  0.315
 170 S   0.99999 0.00001 ( 1)  0.315
 171 W   0.99999 0.00001 ( 1)  0.315
 172 Q   0.99999 0.00001 ( 1)  0.315
 173 R   0.99999 0.00001 ( 1)  0.315
 174 S   0.99997 0.00003 ( 1)  0.315
 175 W   0.99999 0.00001 ( 1)  0.315
 176 D   0.99999 0.00001 ( 1)  0.315
 177 Q   0.99999 0.00001 ( 1)  0.315
 178 P   0.99999 0.00001 ( 1)  0.315
 179 G   0.99999 0.00001 ( 1)  0.315
 180 G   0.99999 0.00001 ( 1)  0.315
 181 N   0.99999 0.00001 ( 1)  0.315
 182 P   0.99999 0.00001 ( 1)  0.315
 183 A   0.99999 0.00001 ( 1)  0.315
 184 P   0.99999 0.00001 ( 1)  0.315
 185 P   0.99999 0.00001 ( 1)  0.315
 186 V   0.99999 0.00001 ( 1)  0.315
 187 A   0.99999 0.00001 ( 1)  0.315
 188 S   0.99999 0.00001 ( 1)  0.315
 189 G   0.99999 0.00001 ( 1)  0.315
 190 R   0.99999 0.00001 ( 1)  0.315
 191 P   0.99999 0.00001 ( 1)  0.315
 192 A   0.99999 0.00001 ( 1)  0.315
 193 T   0.99999 0.00001 ( 1)  0.315
 194 S   0.99999 0.00001 ( 1)  0.315
 195 F   0.99999 0.00001 ( 1)  0.315
 196 P   0.99999 0.00001 ( 1)  0.315
 197 R   0.99999 0.00001 ( 1)  0.315
 198 L   0.99997 0.00003 ( 1)  0.315
 199 R   0.99999 0.00001 ( 1)  0.315
 200 S   0.99999 0.00001 ( 1)  0.315
 201 E   0.99999 0.00001 ( 1)  0.315
 202 M   0.99999 0.00001 ( 1)  0.315
 203 T   0.99999 0.00001 ( 1)  0.315
 204 S   0.99999 0.00001 ( 1)  0.315
 205 F   0.99999 0.00001 ( 1)  0.315
 206 C   0.99999 0.00001 ( 1)  0.315
 207 D   0.99999 0.00001 ( 1)  0.315
 208 A   0.99999 0.00001 ( 1)  0.315
 209 M   0.99999 0.00001 ( 1)  0.315
 210 F   0.99999 0.00001 ( 1)  0.315
 211 V   0.99999 0.00001 ( 1)  0.315
 212 N   0.99999 0.00001 ( 1)  0.315
 213 D   0.99999 0.00001 ( 1)  0.315
 214 K   0.99999 0.00001 ( 1)  0.315
 215 D   0.99999 0.00001 ( 1)  0.315
 216 F   0.99999 0.00001 ( 1)  0.315
 217 W   0.99999 0.00001 ( 1)  0.315
 218 N   0.99999 0.00001 ( 1)  0.315
 219 R   0.99999 0.00001 ( 1)  0.315


lnL =  -882.926959

