Supplemental results for CODEML (seqf: algn  treef: tree)


dN/dS (w) for site classes (K=3)

p:   0.98841  0.00000  0.01159
w:   0.00000  1.00000 999.00000

Naive Empirical Bayes (NEB) probabilities for 3 classes & postmean_w & P(w>1)
(amino acids refer to 1st sequence: Msl.29444)

   1 P   0.99707 0.00000 0.00293 ( 1)  2.927  0.003
   2 T   0.99855 0.00000 0.00145 ( 1)  1.446  0.001
   3 T   0.99907 0.00000 0.00093 ( 1)  0.930  0.001
   4 K   0.99872 0.00000 0.00128 ( 1)  1.282  0.001
   5 M   0.99875 0.00000 0.00125 ( 1)  1.248  0.001
   6 F   0.99904 0.00000 0.00096 ( 1)  0.957  0.001
   7 I   0.99777 0.00000 0.00223 ( 1)  2.227  0.002
   8 D   0.99719 0.00000 0.00281 ( 1)  2.810  0.003
   9 G   0.99893 0.00000 0.00107 ( 1)  1.071  0.001
  10 E   0.99707 0.00000 0.00293 ( 1)  2.927  0.003
  11 F   0.99815 0.00000 0.00185 ( 1)  1.850  0.002
  12 V   0.99835 0.00000 0.00165 ( 1)  1.652  0.002
  13 E   0.99833 0.00000 0.00167 ( 1)  1.670  0.002
  14 S   0.99919 0.00000 0.00081 ( 1)  0.807  0.001
  15 K   0.99872 0.00000 0.00128 ( 1)  1.282  0.001
  16 A   0.99930 0.00000 0.00070 ( 1)  0.702  0.001
  17 K   0.99872 0.00000 0.00128 ( 1)  1.282  0.001
  18 S   0.99917 0.00000 0.00083 ( 1)  0.832  0.001
  19 W   0.99881 0.00000 0.00119 ( 1)  1.191  0.001
  20 I   0.99888 0.00000 0.00112 ( 1)  1.114  0.001
  21 E   0.99833 0.00000 0.00167 ( 1)  1.670  0.002
  22 L   0.99760 0.00000 0.00240 ( 1)  2.399  0.002
  23 H   0.99813 0.00000 0.00187 ( 1)  1.866  0.002
  24 N   0.99786 0.00000 0.00214 ( 1)  2.138  0.002
  25 P   0.99643 0.00000 0.00357 ( 1)  3.569  0.004
  26 A   0.99880 0.00000 0.00120 ( 1)  1.202  0.001
  27 N   0.99892 0.00000 0.00108 ( 1)  1.079  0.001
  28 N   0.99786 0.00000 0.00214 ( 1)  2.138  0.002
  29 E   0.99833 0.00000 0.00167 ( 1)  1.670  0.002
  30 L   0.99760 0.00000 0.00240 ( 1)  2.399  0.002
  31 V   0.99853 0.00000 0.00147 ( 1)  1.468  0.001
  32 T   0.99907 0.00000 0.00093 ( 1)  0.930  0.001
  33 R   0.99793 0.00000 0.00207 ( 1)  2.064  0.002
  34 V   0.99835 0.00000 0.00165 ( 1)  1.652  0.002
  35 P   0.99707 0.00000 0.00293 ( 1)  2.927  0.003
  36 K   0.99872 0.00000 0.00128 ( 1)  1.282  0.001
  37 C   0.99855 0.00000 0.00145 ( 1)  1.448  0.001
  38 T   0.99815 0.00000 0.00185 ( 1)  1.852  0.002
  39 E   0.99833 0.00000 0.00167 ( 1)  1.670  0.002
  40 A   0.99864 0.00000 0.00136 ( 1)  1.363  0.001
  41 E   0.99833 0.00000 0.00167 ( 1)  1.670  0.002
  42 M   0.99875 0.00000 0.00125 ( 1)  1.248  0.001
  43 N   0.99786 0.00000 0.00214 ( 1)  2.138  0.002
  44 S   0.00000 0.00000 1.00000 ( 3) 999.000  1.000
  45 A   0.99757 0.00000 0.00243 ( 1)  2.429  0.002
  46 V   0.99704 0.00000 0.00296 ( 1)  2.960  0.003
  47 D   0.99719 0.00000 0.00281 ( 1)  2.810  0.003
  48 S   0.99919 0.00000 0.00081 ( 1)  0.807  0.001
  49 C   0.99923 0.00000 0.00077 ( 1)  0.771  0.001
  50 Q   0.99445 0.00000 0.00555 ( 1)  5.542  0.006
  51 T   0.99815 0.00000 0.00185 ( 1)  1.852  0.002
  52 A   0.99757 0.00000 0.00243 ( 1)  2.429  0.002
  53 F   0.99904 0.00000 0.00096 ( 1)  0.957  0.001
  54 E   0.99833 0.00000 0.00167 ( 1)  1.670  0.002
  55 S   0.99919 0.00000 0.00081 ( 1)  0.807  0.001
  56 W   0.99881 0.00000 0.00119 ( 1)  1.191  0.001
  57 R   0.99858 0.00000 0.00142 ( 1)  1.414  0.001
  58 K   0.99872 0.00000 0.00128 ( 1)  1.282  0.001
  59 T   0.99907 0.00000 0.00093 ( 1)  0.930  0.001
  60 T   0.99907 0.00000 0.00093 ( 1)  0.930  0.001
  61 V   0.99835 0.00000 0.00165 ( 1)  1.652  0.002
  62 L   0.99760 0.00000 0.00240 ( 1)  2.399  0.002
  63 T   0.99907 0.00000 0.00093 ( 1)  0.930  0.001
  64 R   0.99901 0.00000 0.00099 ( 1)  0.993  0.001
  65 Q   0.99716 0.00000 0.00284 ( 1)  2.833  0.003
  66 S   0.99917 0.00000 0.00083 ( 1)  0.832  0.001
  67 L   0.99819 0.00000 0.00181 ( 1)  1.812  0.002
  68 M   0.99875 0.00000 0.00125 ( 1)  1.248  0.001
  69 F   0.99904 0.00000 0.00096 ( 1)  0.957  0.001
  70 E   0.99753 0.00000 0.00247 ( 1)  2.465  0.002
  71 L   0.99760 0.00000 0.00240 ( 1)  2.399  0.002
  72 Q   0.99716 0.00000 0.00284 ( 1)  2.833  0.003
  73 R   0.99793 0.00000 0.00207 ( 1)  2.064  0.002
  74 L   0.99819 0.00000 0.00181 ( 1)  1.812  0.002
  75 I   0.99888 0.00000 0.00112 ( 1)  1.114  0.001
  76 K   0.99872 0.00000 0.00128 ( 1)  1.282  0.001
  77 R   0.99793 0.00000 0.00207 ( 1)  2.064  0.002
  78 D   0.99858 0.00000 0.00142 ( 1)  1.417  0.001
  79 M   0.99875 0.00000 0.00125 ( 1)  1.248  0.001
  80 K   0.99872 0.00000 0.00128 ( 1)  1.282  0.001
  81 K   0.99808 0.00000 0.00192 ( 1)  1.914  0.002
  82 L   0.99760 0.00000 0.00240 ( 1)  2.399  0.002
  83 A   0.99864 0.00000 0.00136 ( 1)  1.363  0.001
  84 E   0.99833 0.00000 0.00167 ( 1)  1.670  0.002
  85 N   0.99892 0.00000 0.00108 ( 1)  1.079  0.001
  86 I   0.99888 0.00000 0.00112 ( 1)  1.114  0.001
  87 T   0.99907 0.00000 0.00093 ( 1)  0.930  0.001
  88 L   0.99861 0.00000 0.00139 ( 1)  1.388  0.001
  89 E   0.99833 0.00000 0.00167 ( 1)  1.670  0.002
  90 Q   0.99716 0.00000 0.00284 ( 1)  2.833  0.003
  91 G   0.99873 0.00000 0.00127 ( 1)  1.273  0.001
  92 K   0.99872 0.00000 0.00128 ( 1)  1.282  0.001
  93 T   0.99815 0.00000 0.00185 ( 1)  1.852  0.002
  94 L   0.99760 0.00000 0.00240 ( 1)  2.399  0.002
  95 A   0.99757 0.00000 0.00243 ( 1)  2.429  0.002
  96 D   0.99719 0.00000 0.00281 ( 1)  2.810  0.003
  97 A   0.99757 0.00000 0.00243 ( 1)  2.429  0.002
  98 H   0.99647 0.00000 0.00353 ( 1)  3.526  0.004
  99 G   0.99893 0.00000 0.00107 ( 1)  1.071  0.001
 100 D   0.99719 0.00000 0.00281 ( 1)  2.810  0.003
 101 V   0.99853 0.00000 0.00147 ( 1)  1.468  0.001
 102 M   0.99875 0.00000 0.00125 ( 1)  1.248  0.001
 103 R   0.99793 0.00000 0.00207 ( 1)  2.064  0.002
 104 G   0.99785 0.00000 0.00215 ( 1)  2.143  0.002
 105 L   0.99760 0.00000 0.00240 ( 1)  2.399  0.002
 106 Q   0.99716 0.00000 0.00284 ( 1)  2.833  0.003
 107 V   0.99835 0.00000 0.00165 ( 1)  1.652  0.002
 108 V   0.99835 0.00000 0.00165 ( 1)  1.652  0.002
 109 E   0.99833 0.00000 0.00167 ( 1)  1.670  0.002
 110 H   0.99813 0.00000 0.00187 ( 1)  1.866  0.002
 111 C   0.99923 0.00000 0.00077 ( 1)  0.771  0.001
 112 C   0.99923 0.00000 0.00077 ( 1)  0.771  0.001
 113 S   0.99917 0.00000 0.00083 ( 1)  0.832  0.001
 114 I   0.99888 0.00000 0.00112 ( 1)  1.114  0.001
 115 T   0.99894 0.00000 0.00106 ( 1)  1.059  0.001
 116 S   0.99919 0.00000 0.00081 ( 1)  0.807  0.001
 117 L   0.99760 0.00000 0.00240 ( 1)  2.399  0.002
 118 Q   0.99716 0.00000 0.00284 ( 1)  2.833  0.003
 119 L   0.99760 0.00000 0.00240 ( 1)  2.399  0.002
 120 G   0.99763 0.00000 0.00237 ( 1)  2.367  0.002
 121 E   0.99833 0.00000 0.00167 ( 1)  1.670  0.002
 122 T   0.99907 0.00000 0.00093 ( 1)  0.930  0.001
 123 M   0.99875 0.00000 0.00125 ( 1)  1.248  0.001
 124 P   0.99851 0.00000 0.00149 ( 1)  1.489  0.001
 125 G   0.99893 0.00000 0.00107 ( 1)  1.071  0.001
 126 I   0.99777 0.00000 0.00223 ( 1)  2.227  0.002
 127 A   0.99880 0.00000 0.00120 ( 1)  1.202  0.001
 128 K   0.99872 0.00000 0.00128 ( 1)  1.282  0.001
 129 D   0.99858 0.00000 0.00142 ( 1)  1.417  0.001
 130 M   0.99875 0.00000 0.00125 ( 1)  1.248  0.001
 131 D   0.99858 0.00000 0.00142 ( 1)  1.417  0.001
 132 T   0.99894 0.00000 0.00106 ( 1)  1.059  0.001
 133 H   0.99813 0.00000 0.00187 ( 1)  1.866  0.002
 134 T   0.99907 0.00000 0.00093 ( 1)  0.930  0.001
 135 Y   0.99901 0.00000 0.00099 ( 1)  0.989  0.001
 136 R   0.99793 0.00000 0.00207 ( 1)  2.064  0.002
 137 V   0.99853 0.00000 0.00147 ( 1)  1.468  0.001
 138 P   0.99851 0.00000 0.00149 ( 1)  1.489  0.001
 139 L   0.99760 0.00000 0.00240 ( 1)  2.399  0.002
 140 G   0.99893 0.00000 0.00107 ( 1)  1.071  0.001
 141 V   0.99853 0.00000 0.00147 ( 1)  1.468  0.001
 142 T   0.99907 0.00000 0.00093 ( 1)  0.930  0.001
 143 A   0.99880 0.00000 0.00120 ( 1)  1.202  0.001
 144 G   0.99893 0.00000 0.00107 ( 1)  1.071  0.001
 145 I   0.99888 0.00000 0.00112 ( 1)  1.114  0.001
 146 T   0.99894 0.00000 0.00106 ( 1)  1.059  0.001
 147 P   0.99818 0.00000 0.00182 ( 1)  1.818  0.002
 148 F   0.99815 0.00000 0.00185 ( 1)  1.850  0.002
 149 N   0.99892 0.00000 0.00108 ( 1)  1.079  0.001
 150 F   0.99904 0.00000 0.00096 ( 1)  0.957  0.001
 151 P   0.99851 0.00000 0.00149 ( 1)  1.489  0.001
 152 A   0.99880 0.00000 0.00120 ( 1)  1.202  0.001
 153 M   0.99875 0.00000 0.00125 ( 1)  1.248  0.001
 154 I   0.99888 0.00000 0.00112 ( 1)  1.114  0.001
 155 P   0.99818 0.00000 0.00182 ( 1)  1.818  0.002
 156 L   0.99760 0.00000 0.00240 ( 1)  2.399  0.002
 157 W   0.99881 0.00000 0.00119 ( 1)  1.191  0.001
 158 M   0.99875 0.00000 0.00125 ( 1)  1.248  0.001
 159 F   0.99904 0.00000 0.00096 ( 1)  0.957  0.001
 160 P   0.99851 0.00000 0.00149 ( 1)  1.489  0.001
 161 L   0.99861 0.00000 0.00139 ( 1)  1.388  0.001
 162 S   0.99919 0.00000 0.00081 ( 1)  0.807  0.001
 163 L   0.99760 0.00000 0.00240 ( 1)  2.399  0.002
 164 V   0.99835 0.00000 0.00165 ( 1)  1.652  0.002
 165 C   0.99923 0.00000 0.00077 ( 1)  0.771  0.001
 166 G   0.99893 0.00000 0.00107 ( 1)  1.071  0.001
 167 N   0.99892 0.00000 0.00108 ( 1)  1.079  0.001
 168 T   0.99907 0.00000 0.00093 ( 1)  0.930  0.001
 169 M   0.99875 0.00000 0.00125 ( 1)  1.248  0.001
 170 L   0.99760 0.00000 0.00240 ( 1)  2.399  0.002
 171 L   0.99760 0.00000 0.00240 ( 1)  2.399  0.002
 172 K   0.99872 0.00000 0.00128 ( 1)  1.282  0.001
 173 P   0.99818 0.00000 0.00182 ( 1)  1.818  0.002
 174 S   0.99901 0.00000 0.00099 ( 1)  0.991  0.001
 175 E   0.99833 0.00000 0.00167 ( 1)  1.670  0.002
 176 R   0.99542 0.00000 0.00458 ( 1)  4.573  0.005
 177 D   0.99858 0.00000 0.00142 ( 1)  1.417  0.001
 178 P   0.99851 0.00000 0.00149 ( 1)  1.489  0.001
 179 G   0.99893 0.00000 0.00107 ( 1)  1.071  0.001
 180 A   0.99880 0.00000 0.00120 ( 1)  1.202  0.001
 181 C   0.99923 0.00000 0.00077 ( 1)  0.771  0.001
 182 M   0.99875 0.00000 0.00125 ( 1)  1.248  0.001
 183 L   0.99760 0.00000 0.00240 ( 1)  2.399  0.002
 184 L   0.99819 0.00000 0.00181 ( 1)  1.812  0.002
 185 M   0.99875 0.00000 0.00125 ( 1)  1.248  0.001
 186 G   0.99893 0.00000 0.00107 ( 1)  1.071  0.001
 187 L   0.99760 0.00000 0.00240 ( 1)  2.399  0.002
 188 L   0.99760 0.00000 0.00240 ( 1)  2.399  0.002
 189 Q   0.99716 0.00000 0.00284 ( 1)  2.833  0.003
 190 E   0.99833 0.00000 0.00167 ( 1)  1.670  0.002
 191 A   0.99880 0.00000 0.00120 ( 1)  1.202  0.001
 192 G   0.99893 0.00000 0.00107 ( 1)  1.071  0.001
 193 F   0.99904 0.00000 0.00096 ( 1)  0.957  0.001
 194 P   0.99851 0.00000 0.00149 ( 1)  1.489  0.001
 195 K   0.00000 0.00000 1.00000 ( 3) 998.999  1.000
 196 G   0.99785 0.00000 0.00215 ( 1)  2.143  0.002
 197 V   0.99853 0.00000 0.00147 ( 1)  1.468  0.001
 198 V   0.99835 0.00000 0.00165 ( 1)  1.652  0.002
 199 N   0.99892 0.00000 0.00108 ( 1)  1.079  0.001
 200 V   0.99704 0.00000 0.00296 ( 1)  2.960  0.003
 201 I   0.99888 0.00000 0.00112 ( 1)  1.114  0.001
 202 H   0.99813 0.00000 0.00187 ( 1)  1.866  0.002
 203 G   0.99893 0.00000 0.00107 ( 1)  1.071  0.001
 204 A   0.99880 0.00000 0.00120 ( 1)  1.202  0.001
 205 Q   0.99716 0.00000 0.00284 ( 1)  2.833  0.003
 206 E   0.99833 0.00000 0.00167 ( 1)  1.670  0.002
 207 A   0.99880 0.00000 0.00120 ( 1)  1.202  0.001
 208 V   0.99853 0.00000 0.00147 ( 1)  1.468  0.001
 209 T   0.99907 0.00000 0.00093 ( 1)  0.930  0.001
 210 F   0.99904 0.00000 0.00096 ( 1)  0.957  0.001
 211 I   0.99888 0.00000 0.00112 ( 1)  1.114  0.001
 212 C   0.99923 0.00000 0.00077 ( 1)  0.771  0.001
 213 D   0.99858 0.00000 0.00142 ( 1)  1.417  0.001
 214 N   0.99892 0.00000 0.00108 ( 1)  1.079  0.001
 215 P   0.99818 0.00000 0.00182 ( 1)  1.818  0.002
 216 Q   0.99445 0.00000 0.00555 ( 1)  5.542  0.006
 217 I   0.99888 0.00000 0.00112 ( 1)  1.114  0.001
 218 R   0.99858 0.00000 0.00142 ( 1)  1.414  0.001
 219 A   0.99880 0.00000 0.00120 ( 1)  1.202  0.001
 220 I   0.99888 0.00000 0.00112 ( 1)  1.114  0.001
 221 S   0.99917 0.00000 0.00083 ( 1)  0.832  0.001
 222 F   0.99904 0.00000 0.00096 ( 1)  0.957  0.001
 223 V   0.99835 0.00000 0.00165 ( 1)  1.652  0.002
 224 G   0.99893 0.00000 0.00107 ( 1)  1.071  0.001
 225 S   0.99901 0.00000 0.00099 ( 1)  0.991  0.001
 226 D   0.99858 0.00000 0.00142 ( 1)  1.417  0.001
 227 R   0.99793 0.00000 0.00207 ( 1)  2.064  0.002
 228 A   0.99880 0.00000 0.00120 ( 1)  1.202  0.001
 229 G   0.99893 0.00000 0.00107 ( 1)  1.071  0.001
 230 Q   0.99716 0.00000 0.00284 ( 1)  2.833  0.003
 231 Y   0.99901 0.00000 0.00099 ( 1)  0.989  0.001
 232 I   0.99888 0.00000 0.00112 ( 1)  1.114  0.001
 233 Y   0.99901 0.00000 0.00099 ( 1)  0.989  0.001
 234 E   0.99833 0.00000 0.00167 ( 1)  1.670  0.002
 235 R   0.99901 0.00000 0.00099 ( 1)  0.993  0.001
 236 G   0.99893 0.00000 0.00107 ( 1)  1.071  0.001
 237 S   0.99917 0.00000 0.00083 ( 1)  0.832  0.001
 238 K   0.99872 0.00000 0.00128 ( 1)  1.282  0.001
 239 S   0.99828 0.00000 0.00172 ( 1)  1.722  0.002
 240 G   0.99893 0.00000 0.00107 ( 1)  1.071  0.001
 241 K   0.99808 0.00000 0.00192 ( 1)  1.914  0.002
 242 R   0.99793 0.00000 0.00207 ( 1)  2.064  0.002
 243 V   0.99835 0.00000 0.00165 ( 1)  1.652  0.002
 244 Q   0.99716 0.00000 0.00284 ( 1)  2.833  0.003
 245 C   0.99923 0.00000 0.00077 ( 1)  0.771  0.001
 246 N   0.99892 0.00000 0.00108 ( 1)  1.079  0.001
 247 M   0.99875 0.00000 0.00125 ( 1)  1.248  0.001
 248 G   0.99893 0.00000 0.00107 ( 1)  1.071  0.001
 249 A   0.99880 0.00000 0.00120 ( 1)  1.202  0.001
 250 K   0.99872 0.00000 0.00128 ( 1)  1.282  0.001
 251 N   0.99892 0.00000 0.00108 ( 1)  1.079  0.001
 252 H   0.99813 0.00000 0.00187 ( 1)  1.866  0.002
 253 G   0.99893 0.00000 0.00107 ( 1)  1.071  0.001
 254 V   0.99835 0.00000 0.00165 ( 1)  1.652  0.002
 255 I   0.99888 0.00000 0.00112 ( 1)  1.114  0.001
 256 L   0.99760 0.00000 0.00240 ( 1)  2.399  0.002
 257 P   0.99818 0.00000 0.00182 ( 1)  1.818  0.002
 258 D   0.99719 0.00000 0.00281 ( 1)  2.810  0.003
 259 A   0.99880 0.00000 0.00120 ( 1)  1.202  0.001
 260 N   0.99892 0.00000 0.00108 ( 1)  1.079  0.001
 261 K   0.99872 0.00000 0.00128 ( 1)  1.282  0.001
 262 A   0.99864 0.00000 0.00136 ( 1)  1.363  0.001
 263 Q   0.99716 0.00000 0.00284 ( 1)  2.833  0.003
 264 T   0.99815 0.00000 0.00185 ( 1)  1.852  0.002
 265 I   0.99888 0.00000 0.00112 ( 1)  1.114  0.001
 266 Q   0.99716 0.00000 0.00284 ( 1)  2.833  0.003
 267 S   0.99845 0.00000 0.00155 ( 1)  1.551  0.002
 268 L   0.99819 0.00000 0.00181 ( 1)  1.812  0.002
 269 I   0.00001 0.00000 0.99999 ( 3) 998.994  1.000
 270 G   0.99893 0.00000 0.00107 ( 1)  1.071  0.001
 271 A   0.99880 0.00000 0.00120 ( 1)  1.202  0.001
 272 A   0.99757 0.00000 0.00243 ( 1)  2.429  0.002
 273 F   0.99904 0.00000 0.00096 ( 1)  0.957  0.001
 274 G   0.99893 0.00000 0.00107 ( 1)  1.071  0.001
 275 A   0.99880 0.00000 0.00120 ( 1)  1.202  0.001
 276 A   0.99880 0.00000 0.00120 ( 1)  1.202  0.001
 277 G   0.99893 0.00000 0.00107 ( 1)  1.071  0.001
 278 Q   0.99716 0.00000 0.00284 ( 1)  2.833  0.003
 279 R   0.99858 0.00000 0.00142 ( 1)  1.414  0.001
 280 C   0.99923 0.00000 0.00077 ( 1)  0.771  0.001
 281 M   0.99875 0.00000 0.00125 ( 1)  1.248  0.001
 282 A   0.99864 0.00000 0.00136 ( 1)  1.363  0.001
 283 L   0.99819 0.00000 0.00181 ( 1)  1.812  0.002
 284 S   0.99917 0.00000 0.00083 ( 1)  0.832  0.001
 285 T   0.99907 0.00000 0.00093 ( 1)  0.930  0.001
 286 A   0.99880 0.00000 0.00120 ( 1)  1.202  0.001
 287 I   0.99888 0.00000 0.00112 ( 1)  1.114  0.001
 288 L   0.99760 0.00000 0.00240 ( 1)  2.399  0.002
 289 V   0.99835 0.00000 0.00165 ( 1)  1.652  0.002
 290 G   0.99873 0.00000 0.00127 ( 1)  1.273  0.001
 291 E   0.99833 0.00000 0.00167 ( 1)  1.670  0.002
 292 A   0.99864 0.00000 0.00136 ( 1)  1.363  0.001
 293 R   0.99858 0.00000 0.00142 ( 1)  1.414  0.001
 294 N   0.99892 0.00000 0.00108 ( 1)  1.079  0.001
 295 W   0.99881 0.00000 0.00119 ( 1)  1.191  0.001
 296 L   0.99760 0.00000 0.00240 ( 1)  2.399  0.002
 297 P   0.99818 0.00000 0.00182 ( 1)  1.818  0.002
 298 E   0.99833 0.00000 0.00167 ( 1)  1.670  0.002
 299 I   0.99888 0.00000 0.00112 ( 1)  1.114  0.001
 300 V   0.99853 0.00000 0.00147 ( 1)  1.468  0.001
 301 A   0.99880 0.00000 0.00120 ( 1)  1.202  0.001
 302 R   0.99858 0.00000 0.00142 ( 1)  1.414  0.001
 303 A   0.99880 0.00000 0.00120 ( 1)  1.202  0.001
 304 K   0.99872 0.00000 0.00128 ( 1)  1.282  0.001
 305 E   0.99833 0.00000 0.00167 ( 1)  1.670  0.002
 306 L   0.99819 0.00000 0.00181 ( 1)  1.812  0.002
 307 R   0.99858 0.00000 0.00142 ( 1)  1.414  0.001
 308 V   0.99704 0.00000 0.00296 ( 1)  2.960  0.003
 309 G   0.99893 0.00000 0.00107 ( 1)  1.071  0.001
 310 P   0.99851 0.00000 0.00149 ( 1)  1.489  0.001
 311 G   0.99893 0.00000 0.00107 ( 1)  1.071  0.001
 312 T   0.99907 0.00000 0.00093 ( 1)  0.930  0.001
 313 E   0.99707 0.00000 0.00293 ( 1)  2.927  0.003
 314 P   0.99707 0.00000 0.00293 ( 1)  2.927  0.003
 315 G   0.99893 0.00000 0.00107 ( 1)  1.071  0.001
 316 A   0.99880 0.00000 0.00120 ( 1)  1.202  0.001
 317 D   0.99858 0.00000 0.00142 ( 1)  1.417  0.001
 318 L   0.99819 0.00000 0.00181 ( 1)  1.812  0.002
 319 G   0.99893 0.00000 0.00107 ( 1)  1.071  0.001
 320 P   0.99643 0.00000 0.00357 ( 1)  3.569  0.004
 321 V   0.99853 0.00000 0.00147 ( 1)  1.468  0.001
 322 I   0.99888 0.00000 0.00112 ( 1)  1.114  0.001
 323 S   0.99919 0.00000 0.00081 ( 1)  0.807  0.001
 324 P   0.99818 0.00000 0.00182 ( 1)  1.818  0.002
 325 E   0.99833 0.00000 0.00167 ( 1)  1.670  0.002
 326 A   0.99880 0.00000 0.00120 ( 1)  1.202  0.001
 327 K   0.99775 0.00000 0.00225 ( 1)  2.249  0.002
 328 A   0.99864 0.00000 0.00136 ( 1)  1.363  0.001
 329 R   0.99858 0.00000 0.00142 ( 1)  1.414  0.001
 330 I   0.00000 0.00000 1.00000 ( 3) 998.999  1.000
 331 L   0.99819 0.00000 0.00181 ( 1)  1.812  0.002
 332 S   0.99917 0.00000 0.00083 ( 1)  0.832  0.001
 333 L   0.99760 0.00000 0.00240 ( 1)  2.399  0.002
 334 V   0.99835 0.00000 0.00165 ( 1)  1.652  0.002
 335 E   0.99833 0.00000 0.00167 ( 1)  1.670  0.002
 336 S   0.99919 0.00000 0.00081 ( 1)  0.807  0.001
 337 G   0.99893 0.00000 0.00107 ( 1)  1.071  0.001
 338 I   0.99888 0.00000 0.00112 ( 1)  1.114  0.001
 339 S   0.99919 0.00000 0.00081 ( 1)  0.807  0.001
 340 E   0.99833 0.00000 0.00167 ( 1)  1.670  0.002
 341 G   0.99893 0.00000 0.00107 ( 1)  1.071  0.001
 342 A   0.99880 0.00000 0.00120 ( 1)  1.202  0.001
 343 D   0.99858 0.00000 0.00142 ( 1)  1.417  0.001
 344 C   0.99923 0.00000 0.00077 ( 1)  0.771  0.001
 345 V   0.99835 0.00000 0.00165 ( 1)  1.652  0.002
 346 L   0.99760 0.00000 0.00240 ( 1)  2.399  0.002
 347 D   0.99858 0.00000 0.00142 ( 1)  1.417  0.001
 348 G   0.99893 0.00000 0.00107 ( 1)  1.071  0.001
 349 R   0.99542 0.00000 0.00458 ( 1)  4.573  0.005
 350 G   0.99893 0.00000 0.00107 ( 1)  1.071  0.001
 351 L   0.99819 0.00000 0.00181 ( 1)  1.812  0.002
 352 V   0.99835 0.00000 0.00165 ( 1)  1.652  0.002
 353 V   0.99853 0.00000 0.00147 ( 1)  1.468  0.001
 354 K   0.99872 0.00000 0.00128 ( 1)  1.282  0.001
 355 G   0.99873 0.00000 0.00127 ( 1)  1.273  0.001
 356 Y   0.99901 0.00000 0.00099 ( 1)  0.989  0.001
 357 E   0.99833 0.00000 0.00167 ( 1)  1.670  0.002
 358 K   0.99872 0.00000 0.00128 ( 1)  1.282  0.001
 359 G   0.99893 0.00000 0.00107 ( 1)  1.071  0.001
 360 N   0.99892 0.00000 0.00108 ( 1)  1.079  0.001
 361 F   0.99815 0.00000 0.00185 ( 1)  1.850  0.002
 362 V   0.99704 0.00000 0.00296 ( 1)  2.960  0.003
 363 G   0.99893 0.00000 0.00107 ( 1)  1.071  0.001
 364 P   0.99851 0.00000 0.00149 ( 1)  1.489  0.001
 365 T   0.99907 0.00000 0.00093 ( 1)  0.930  0.001
 366 I   0.99854 0.00000 0.00146 ( 1)  1.459  0.001
 367 L   0.00004 0.00000 0.99996 ( 3) 998.961  1.000
 368 T   0.99815 0.00000 0.00185 ( 1)  1.852  0.002
 369 K   0.99872 0.00000 0.00128 ( 1)  1.282  0.001
 370 V   0.99835 0.00000 0.00165 ( 1)  1.652  0.002
 371 T   0.99907 0.00000 0.00093 ( 1)  0.930  0.001
 372 P   0.99851 0.00000 0.00149 ( 1)  1.489  0.001
 373 S   0.99917 0.00000 0.00083 ( 1)  0.832  0.001
 374 M   0.99875 0.00000 0.00125 ( 1)  1.248  0.001
 375 E   0.99833 0.00000 0.00167 ( 1)  1.670  0.002
 376 C   0.99923 0.00000 0.00077 ( 1)  0.771  0.001
 377 Y   0.99901 0.00000 0.00099 ( 1)  0.989  0.001
 378 R   0.99793 0.00000 0.00207 ( 1)  2.064  0.002
 379 E   0.99833 0.00000 0.00167 ( 1)  1.670  0.002
 380 E   0.99833 0.00000 0.00167 ( 1)  1.670  0.002
 381 I   0.99888 0.00000 0.00112 ( 1)  1.114  0.001
 382 F   0.99904 0.00000 0.00096 ( 1)  0.957  0.001
 383 G   0.99873 0.00000 0.00127 ( 1)  1.273  0.001
 384 P   0.99818 0.00000 0.00182 ( 1)  1.818  0.002
 385 V   0.99835 0.00000 0.00165 ( 1)  1.652  0.002
 386 L   0.99760 0.00000 0.00240 ( 1)  2.399  0.002
 387 L   0.99760 0.00000 0.00240 ( 1)  2.399  0.002
 388 C   0.99923 0.00000 0.00077 ( 1)  0.771  0.001
 389 L   0.99760 0.00000 0.00240 ( 1)  2.399  0.002
 390 E   0.99833 0.00000 0.00167 ( 1)  1.670  0.002
 391 A   0.99864 0.00000 0.00136 ( 1)  1.363  0.001
 392 D   0.99858 0.00000 0.00142 ( 1)  1.417  0.001
 393 T   0.99907 0.00000 0.00093 ( 1)  0.930  0.001
 394 L   0.99760 0.00000 0.00240 ( 1)  2.399  0.002
 395 E   0.99833 0.00000 0.00167 ( 1)  1.670  0.002
 396 D   0.99858 0.00000 0.00142 ( 1)  1.417  0.001
 397 A   0.99880 0.00000 0.00120 ( 1)  1.202  0.001
 398 I   0.99888 0.00000 0.00112 ( 1)  1.114  0.001
 399 Q   0.99716 0.00000 0.00284 ( 1)  2.833  0.003
 400 L   0.99760 0.00000 0.00240 ( 1)  2.399  0.002
 401 I   0.99888 0.00000 0.00112 ( 1)  1.114  0.001
 402 N   0.99892 0.00000 0.00108 ( 1)  1.079  0.001
 403 S   0.99919 0.00000 0.00081 ( 1)  0.807  0.001
 404 N   0.99892 0.00000 0.00108 ( 1)  1.079  0.001
 405 P   0.99818 0.00000 0.00182 ( 1)  1.818  0.002
 406 Y   0.99901 0.00000 0.00099 ( 1)  0.989  0.001
 407 G   0.99893 0.00000 0.00107 ( 1)  1.071  0.001
 408 N   0.99892 0.00000 0.00108 ( 1)  1.079  0.001
 409 G   0.99893 0.00000 0.00107 ( 1)  1.071  0.001
 410 T   0.99894 0.00000 0.00106 ( 1)  1.059  0.001
 411 A   0.99880 0.00000 0.00120 ( 1)  1.202  0.001
 412 I   0.99888 0.00000 0.00112 ( 1)  1.114  0.001
 413 F   0.99904 0.00000 0.00096 ( 1)  0.957  0.001
 414 T   0.99907 0.00000 0.00093 ( 1)  0.930  0.001
 415 N   0.99892 0.00000 0.00108 ( 1)  1.079  0.001
 416 S   0.99917 0.00000 0.00083 ( 1)  0.832  0.001
 417 G   0.99893 0.00000 0.00107 ( 1)  1.071  0.001
 418 A   0.99880 0.00000 0.00120 ( 1)  1.202  0.001
 419 A   0.99864 0.00000 0.00136 ( 1)  1.363  0.001
 420 A   0.99880 0.00000 0.00120 ( 1)  1.202  0.001
 421 R   0.99858 0.00000 0.00142 ( 1)  1.414  0.001
 422 K   0.99872 0.00000 0.00128 ( 1)  1.282  0.001
 423 F   0.99904 0.00000 0.00096 ( 1)  0.957  0.001
 424 T   0.99855 0.00000 0.00145 ( 1)  1.446  0.001
 425 E   0.99833 0.00000 0.00167 ( 1)  1.670  0.002
 426 E   0.99833 0.00000 0.00167 ( 1)  1.670  0.002
 427 I   0.99888 0.00000 0.00112 ( 1)  1.114  0.001
 428 D   0.99858 0.00000 0.00142 ( 1)  1.417  0.001
 429 V   0.99853 0.00000 0.00147 ( 1)  1.468  0.001
 430 G   0.99893 0.00000 0.00107 ( 1)  1.071  0.001
 431 Q   0.99716 0.00000 0.00284 ( 1)  2.833  0.003
 432 V   0.99835 0.00000 0.00165 ( 1)  1.652  0.002
 433 G   0.99893 0.00000 0.00107 ( 1)  1.071  0.001
 434 V   0.99853 0.00000 0.00147 ( 1)  1.468  0.001
 435 N   0.99892 0.00000 0.00108 ( 1)  1.079  0.001
 436 V   0.99835 0.00000 0.00165 ( 1)  1.652  0.002
 437 P   0.99818 0.00000 0.00182 ( 1)  1.818  0.002
 438 I   0.99888 0.00000 0.00112 ( 1)  1.114  0.001
 439 P   0.99818 0.00000 0.00182 ( 1)  1.818  0.002
 440 V   0.99835 0.00000 0.00165 ( 1)  1.652  0.002
 441 P   0.99818 0.00000 0.00182 ( 1)  1.818  0.002
 442 L   0.99760 0.00000 0.00240 ( 1)  2.399  0.002
 443 P   0.99851 0.00000 0.00149 ( 1)  1.489  0.001
 444 M   0.99875 0.00000 0.00125 ( 1)  1.248  0.001
 445 F   0.99904 0.00000 0.00096 ( 1)  0.957  0.001
 446 S   0.99917 0.00000 0.00083 ( 1)  0.832  0.001
 447 F   0.99904 0.00000 0.00096 ( 1)  0.957  0.001
 448 T   0.99815 0.00000 0.00185 ( 1)  1.852  0.002
 449 G   0.99893 0.00000 0.00107 ( 1)  1.071  0.001
 450 S   0.99917 0.00000 0.00083 ( 1)  0.832  0.001
 451 R   0.99793 0.00000 0.00207 ( 1)  2.064  0.002
 452 G   0.99893 0.00000 0.00107 ( 1)  1.071  0.001
 453 S   0.99917 0.00000 0.00083 ( 1)  0.832  0.001
 454 F   0.99904 0.00000 0.00096 ( 1)  0.957  0.001
 455 R   0.99858 0.00000 0.00142 ( 1)  1.414  0.001
 456 G   0.99893 0.00000 0.00107 ( 1)  1.071  0.001
 457 D   0.99858 0.00000 0.00142 ( 1)  1.417  0.001
 458 Q   0.99716 0.00000 0.00284 ( 1)  2.833  0.003
 459 N   0.99892 0.00000 0.00108 ( 1)  1.079  0.001
 460 F   0.99904 0.00000 0.00096 ( 1)  0.957  0.001
 461 Y   0.99901 0.00000 0.00099 ( 1)  0.989  0.001
 462 G   0.99893 0.00000 0.00107 ( 1)  1.071  0.001
 463 K   0.99872 0.00000 0.00128 ( 1)  1.282  0.001
 464 H   0.99813 0.00000 0.00187 ( 1)  1.866  0.002
 465 G   0.99893 0.00000 0.00107 ( 1)  1.071  0.001
 466 V   0.99835 0.00000 0.00165 ( 1)  1.652  0.002
 467 H   0.99813 0.00000 0.00187 ( 1)  1.866  0.002
 468 F   0.99815 0.00000 0.00185 ( 1)  1.850  0.002
 469 Y   0.99901 0.00000 0.00099 ( 1)  0.989  0.001
 470 T   0.99907 0.00000 0.00093 ( 1)  0.930  0.001
 471 Q   0.99716 0.00000 0.00284 ( 1)  2.833  0.003
 472 L   0.99760 0.00000 0.00240 ( 1)  2.399  0.002
 473 K   0.99872 0.00000 0.00128 ( 1)  1.282  0.001
 474 T   0.99907 0.00000 0.00093 ( 1)  0.930  0.001
 475 V   0.99835 0.00000 0.00165 ( 1)  1.652  0.002
 476 T   0.99894 0.00000 0.00106 ( 1)  1.059  0.001
 477 Q   0.99716 0.00000 0.00284 ( 1)  2.833  0.003
 478 L   0.99760 0.00000 0.00240 ( 1)  2.399  0.002
 479 W   0.99881 0.00000 0.00119 ( 1)  1.191  0.001
 480 R   0.99793 0.00000 0.00207 ( 1)  2.064  0.002
 481 S   0.99845 0.00000 0.00155 ( 1)  1.551  0.002
 482 E   0.99833 0.00000 0.00167 ( 1)  1.670  0.002
 483 D   0.99795 0.00000 0.00205 ( 1)  2.050  0.002
 484 A   0.99864 0.00000 0.00136 ( 1)  1.363  0.001
 485 V   0.99853 0.00000 0.00147 ( 1)  1.468  0.001
 486 T   0.99907 0.00000 0.00093 ( 1)  0.930  0.001
 487 S   0.99917 0.00000 0.00083 ( 1)  0.832  0.001
 488 A   0.99880 0.00000 0.00120 ( 1)  1.202  0.001
 489 S   0.99901 0.00000 0.00099 ( 1)  0.991  0.001
 490 A   0.99880 0.00000 0.00120 ( 1)  1.202  0.001
 491 T   0.99907 0.00000 0.00093 ( 1)  0.930  0.001
 492 A   0.99880 0.00000 0.00120 ( 1)  1.202  0.001
 493 M   0.99875 0.00000 0.00125 ( 1)  1.248  0.001
 494 P   0.99851 0.00000 0.00149 ( 1)  1.489  0.001
 495 V   0.99853 0.00000 0.00147 ( 1)  1.468  0.001
 496 M   0.99875 0.00000 0.00125 ( 1)  1.248  0.001
 497 R   0.99858 0.00000 0.00142 ( 1)  1.414  0.001

Positively selected sites

	Prob(w>1)  mean w

    44 S      1.000**       999.000
   195 K      1.000**       998.999
   269 I      1.000**       998.994
   330 I      1.000**       998.999
   367 L      1.000**       998.961


lnL = -1924.819885

Bayes Empirical Bayes (BEB) probabilities for 3 classes (class) & postmean_w
(amino acids refer to 1st sequence: Msl.29444)

   1 P   0.92275 0.04261 0.03465 ( 1)  0.212 +-  0.765
   2 T   0.93224 0.03988 0.02788 ( 1)  0.178 +-  0.637
   3 T   0.93873 0.03766 0.02361 ( 1)  0.159 +-  0.556
   4 K   0.93366 0.03945 0.02690 ( 1)  0.174 +-  0.617
   5 M   0.93562 0.03877 0.02561 ( 1)  0.168 +-  0.594
   6 F   0.93271 0.03983 0.02746 ( 1)  0.176 +-  0.624
   7 I   0.92448 0.04219 0.03334 ( 1)  0.205 +-  0.739
   8 D   0.92382 0.04234 0.03384 ( 1)  0.207 +-  0.749
   9 G   0.93689 0.03827 0.02484 ( 1)  0.165 +-  0.582
  10 E   0.92138 0.04293 0.03569 ( 1)  0.217 +-  0.787
  11 F   0.92277 0.04261 0.03462 ( 1)  0.211 +-  0.765
  12 V   0.93457 0.03903 0.02641 ( 1)  0.172 +-  0.614
  13 E   0.93299 0.03958 0.02743 ( 1)  0.177 +-  0.631
  14 S   0.93225 0.04000 0.02775 ( 1)  0.177 +-  0.628
  15 K   0.93366 0.03945 0.02690 ( 1)  0.174 +-  0.617
  16 A   0.92154 0.04289 0.03557 ( 1)  0.216 +-  0.784
  17 K   0.93366 0.03945 0.02690 ( 1)  0.174 +-  0.617
  18 S   0.93685 0.03839 0.02476 ( 1)  0.164 +-  0.575
  19 W   0.92531 0.04197 0.03272 ( 1)  0.202 +-  0.727
  20 I   0.93873 0.03757 0.02371 ( 1)  0.160 +-  0.563
  21 E   0.93299 0.03958 0.02743 ( 1)  0.177 +-  0.631
  22 L   0.92597 0.04173 0.03230 ( 1)  0.200 +-  0.722
  23 H   0.93020 0.04049 0.02931 ( 1)  0.185 +-  0.666
  24 N   0.92395 0.04232 0.03374 ( 1)  0.207 +-  0.747
  25 P   0.92100 0.04301 0.03599 ( 1)  0.219 +-  0.792
  26 A   0.93857 0.03758 0.02385 ( 1)  0.160 +-  0.567
  27 N   0.93688 0.03827 0.02484 ( 1)  0.165 +-  0.582
  28 N   0.92395 0.04232 0.03374 ( 1)  0.207 +-  0.747
  29 E   0.93299 0.03958 0.02743 ( 1)  0.177 +-  0.631
  30 L   0.92597 0.04173 0.03230 ( 1)  0.200 +-  0.722
  31 V   0.93782 0.03775 0.02444 ( 1)  0.164 +-  0.583
  32 T   0.93873 0.03766 0.02361 ( 1)  0.159 +-  0.556
  33 R   0.92878 0.04098 0.03024 ( 1)  0.189 +-  0.680
  34 V   0.93457 0.03903 0.02641 ( 1)  0.172 +-  0.614
  35 P   0.92275 0.04261 0.03465 ( 1)  0.212 +-  0.765
  36 K   0.93366 0.03945 0.02690 ( 1)  0.174 +-  0.617
  37 C   0.92230 0.04272 0.03498 ( 1)  0.213 +-  0.772
  38 T   0.92438 0.04221 0.03341 ( 1)  0.205 +-  0.740
  39 E   0.93299 0.03958 0.02743 ( 1)  0.177 +-  0.631
  40 A   0.93512 0.03891 0.02597 ( 1)  0.170 +-  0.602
  41 E   0.93299 0.03958 0.02743 ( 1)  0.177 +-  0.631
  42 M   0.93562 0.03877 0.02561 ( 1)  0.168 +-  0.594
  43 N   0.92395 0.04232 0.03374 ( 1)  0.207 +-  0.747
  44 S   0.26293 0.21044 0.52663 ( 3)  2.459 +-  2.687
  45 A   0.92445 0.04219 0.03336 ( 1)  0.205 +-  0.740
  46 V   0.92433 0.04221 0.03345 ( 1)  0.205 +-  0.742
  47 D   0.92382 0.04234 0.03384 ( 1)  0.207 +-  0.749
  48 S   0.93225 0.04000 0.02775 ( 1)  0.177 +-  0.628
  49 C   0.93078 0.04046 0.02876 ( 1)  0.182 +-  0.647
  50 Q   0.92064 0.04309 0.03627 ( 1)  0.220 +-  0.798
  51 T   0.92438 0.04221 0.03341 ( 1)  0.205 +-  0.740
  52 A   0.92445 0.04219 0.03336 ( 1)  0.205 +-  0.740
  53 F   0.93271 0.03983 0.02746 ( 1)  0.176 +-  0.624
  54 E   0.93299 0.03958 0.02743 ( 1)  0.177 +-  0.631
  55 S   0.93225 0.04000 0.02775 ( 1)  0.177 +-  0.628
  56 W   0.92531 0.04197 0.03272 ( 1)  0.202 +-  0.727
  57 R   0.93112 0.04027 0.02862 ( 1)  0.182 +-  0.650
  58 K   0.93366 0.03945 0.02690 ( 1)  0.174 +-  0.617
  59 T   0.93873 0.03766 0.02361 ( 1)  0.159 +-  0.556
  60 T   0.93873 0.03766 0.02361 ( 1)  0.159 +-  0.556
  61 V   0.93457 0.03903 0.02641 ( 1)  0.172 +-  0.614
  62 L   0.92597 0.04173 0.03230 ( 1)  0.200 +-  0.722
  63 T   0.93873 0.03766 0.02361 ( 1)  0.159 +-  0.556
  64 R   0.93354 0.03955 0.02691 ( 1)  0.173 +-  0.614
  65 Q   0.92511 0.04197 0.03292 ( 1)  0.203 +-  0.734
  66 S   0.93685 0.03839 0.02476 ( 1)  0.164 +-  0.575
  67 L   0.93156 0.04004 0.02840 ( 1)  0.181 +-  0.650
  68 M   0.93562 0.03877 0.02561 ( 1)  0.168 +-  0.594
  69 F   0.93271 0.03983 0.02746 ( 1)  0.176 +-  0.624
  70 E   0.92774 0.04122 0.03104 ( 1)  0.194 +-  0.698
  71 L   0.92597 0.04173 0.03230 ( 1)  0.200 +-  0.722
  72 Q   0.92511 0.04197 0.03292 ( 1)  0.203 +-  0.734
  73 R   0.92878 0.04098 0.03024 ( 1)  0.189 +-  0.680
  74 L   0.93156 0.04004 0.02840 ( 1)  0.181 +-  0.650
  75 I   0.93873 0.03757 0.02371 ( 1)  0.160 +-  0.563
  76 K   0.93366 0.03945 0.02690 ( 1)  0.174 +-  0.617
  77 R   0.92878 0.04098 0.03024 ( 1)  0.189 +-  0.680
  78 D   0.93599 0.03846 0.02555 ( 1)  0.168 +-  0.601
  79 M   0.93562 0.03877 0.02561 ( 1)  0.168 +-  0.594
  80 K   0.93366 0.03945 0.02690 ( 1)  0.174 +-  0.617
  81 K   0.92808 0.04115 0.03077 ( 1)  0.192 +-  0.692
  82 L   0.92597 0.04173 0.03230 ( 1)  0.200 +-  0.722
  83 A   0.93512 0.03891 0.02597 ( 1)  0.170 +-  0.602
  84 E   0.93299 0.03958 0.02743 ( 1)  0.177 +-  0.631
  85 N   0.93688 0.03827 0.02484 ( 1)  0.165 +-  0.582
  86 I   0.93873 0.03757 0.02371 ( 1)  0.160 +-  0.563
  87 T   0.93873 0.03766 0.02361 ( 1)  0.159 +-  0.556
  88 L   0.92362 0.04238 0.03400 ( 1)  0.208 +-  0.753
  89 E   0.93299 0.03958 0.02743 ( 1)  0.177 +-  0.631
  90 Q   0.92511 0.04197 0.03292 ( 1)  0.203 +-  0.734
  91 G   0.93365 0.03945 0.02690 ( 1)  0.174 +-  0.617
  92 K   0.93366 0.03945 0.02690 ( 1)  0.174 +-  0.617
  93 T   0.92438 0.04221 0.03341 ( 1)  0.205 +-  0.740
  94 L   0.92597 0.04173 0.03230 ( 1)  0.200 +-  0.722
  95 A   0.92445 0.04219 0.03336 ( 1)  0.205 +-  0.740
  96 D   0.92382 0.04234 0.03384 ( 1)  0.207 +-  0.749
  97 A   0.92445 0.04219 0.03336 ( 1)  0.205 +-  0.740
  98 H   0.92229 0.04271 0.03499 ( 1)  0.213 +-  0.772
  99 G   0.93689 0.03827 0.02484 ( 1)  0.165 +-  0.582
 100 D   0.92382 0.04234 0.03384 ( 1)  0.207 +-  0.749
 101 V   0.93782 0.03775 0.02444 ( 1)  0.164 +-  0.583
 102 M   0.93562 0.03877 0.02561 ( 1)  0.168 +-  0.594
 103 R   0.92878 0.04098 0.03024 ( 1)  0.189 +-  0.680
 104 G   0.92393 0.04232 0.03375 ( 1)  0.207 +-  0.747
 105 L   0.92597 0.04173 0.03230 ( 1)  0.200 +-  0.722
 106 Q   0.92511 0.04197 0.03292 ( 1)  0.203 +-  0.734
 107 V   0.93457 0.03903 0.02641 ( 1)  0.172 +-  0.614
 108 V   0.93457 0.03903 0.02641 ( 1)  0.172 +-  0.614
 109 E   0.93299 0.03958 0.02743 ( 1)  0.177 +-  0.631
 110 H   0.93020 0.04049 0.02931 ( 1)  0.185 +-  0.666
 111 C   0.93078 0.04046 0.02876 ( 1)  0.182 +-  0.647
 112 C   0.93078 0.04046 0.02876 ( 1)  0.182 +-  0.647
 113 S   0.93685 0.03839 0.02476 ( 1)  0.164 +-  0.575
 114 I   0.93873 0.03757 0.02371 ( 1)  0.160 +-  0.563
 115 T   0.93517 0.03898 0.02585 ( 1)  0.169 +-  0.595
 116 S   0.93225 0.04000 0.02775 ( 1)  0.177 +-  0.628
 117 L   0.92597 0.04173 0.03230 ( 1)  0.200 +-  0.722
 118 Q   0.92511 0.04197 0.03292 ( 1)  0.203 +-  0.734
 119 L   0.92597 0.04173 0.03230 ( 1)  0.200 +-  0.722
 120 G   0.92137 0.04293 0.03570 ( 1)  0.217 +-  0.787
 121 E   0.93299 0.03958 0.02743 ( 1)  0.177 +-  0.631
 122 T   0.93873 0.03766 0.02361 ( 1)  0.159 +-  0.556
 123 M   0.93562 0.03877 0.02561 ( 1)  0.168 +-  0.594
 124 P   0.93230 0.03986 0.02784 ( 1)  0.178 +-  0.636
 125 G   0.93689 0.03827 0.02484 ( 1)  0.165 +-  0.582
 126 I   0.92448 0.04219 0.03334 ( 1)  0.205 +-  0.739
 127 A   0.93857 0.03758 0.02385 ( 1)  0.160 +-  0.567
 128 K   0.93366 0.03945 0.02690 ( 1)  0.174 +-  0.617
 129 D   0.93599 0.03846 0.02555 ( 1)  0.168 +-  0.601
 130 M   0.93562 0.03877 0.02561 ( 1)  0.168 +-  0.594
 131 D   0.93599 0.03846 0.02555 ( 1)  0.168 +-  0.601
 132 T   0.93517 0.03898 0.02585 ( 1)  0.169 +-  0.595
 133 H   0.93020 0.04049 0.02931 ( 1)  0.185 +-  0.666
 134 T   0.93873 0.03766 0.02361 ( 1)  0.159 +-  0.556
 135 Y   0.93137 0.04025 0.02837 ( 1)  0.180 +-  0.641
 136 R   0.92878 0.04098 0.03024 ( 1)  0.189 +-  0.680
 137 V   0.93782 0.03775 0.02444 ( 1)  0.164 +-  0.583
 138 P   0.93230 0.03986 0.02784 ( 1)  0.178 +-  0.636
 139 L   0.92597 0.04173 0.03230 ( 1)  0.200 +-  0.722
 140 G   0.93689 0.03827 0.02484 ( 1)  0.165 +-  0.582
 141 V   0.93782 0.03775 0.02444 ( 1)  0.164 +-  0.583
 142 T   0.93873 0.03766 0.02361 ( 1)  0.159 +-  0.556
 143 A   0.93857 0.03758 0.02385 ( 1)  0.160 +-  0.567
 144 G   0.93689 0.03827 0.02484 ( 1)  0.165 +-  0.582
 145 I   0.93873 0.03757 0.02371 ( 1)  0.160 +-  0.563
 146 T   0.93517 0.03898 0.02585 ( 1)  0.169 +-  0.595
 147 P   0.92979 0.04067 0.02954 ( 1)  0.186 +-  0.667
 148 F   0.92277 0.04261 0.03462 ( 1)  0.211 +-  0.765
 149 N   0.93688 0.03827 0.02484 ( 1)  0.165 +-  0.582
 150 F   0.93271 0.03983 0.02746 ( 1)  0.176 +-  0.624
 151 P   0.93230 0.03986 0.02784 ( 1)  0.178 +-  0.636
 152 A   0.93857 0.03758 0.02385 ( 1)  0.160 +-  0.567
 153 M   0.93562 0.03877 0.02561 ( 1)  0.168 +-  0.594
 154 I   0.93873 0.03757 0.02371 ( 1)  0.160 +-  0.563
 155 P   0.92979 0.04067 0.02954 ( 1)  0.186 +-  0.667
 156 L   0.92597 0.04173 0.03230 ( 1)  0.200 +-  0.722
 157 W   0.92531 0.04197 0.03272 ( 1)  0.202 +-  0.727
 158 M   0.93562 0.03877 0.02561 ( 1)  0.168 +-  0.594
 159 F   0.93271 0.03983 0.02746 ( 1)  0.176 +-  0.624
 160 P   0.93230 0.03986 0.02784 ( 1)  0.178 +-  0.636
 161 L   0.92362 0.04238 0.03400 ( 1)  0.208 +-  0.753
 162 S   0.93225 0.04000 0.02775 ( 1)  0.177 +-  0.628
 163 L   0.92597 0.04173 0.03230 ( 1)  0.200 +-  0.722
 164 V   0.93457 0.03903 0.02641 ( 1)  0.172 +-  0.614
 165 C   0.93078 0.04046 0.02876 ( 1)  0.182 +-  0.647
 166 G   0.93689 0.03827 0.02484 ( 1)  0.165 +-  0.582
 167 N   0.93688 0.03827 0.02484 ( 1)  0.165 +-  0.582
 168 T   0.93873 0.03766 0.02361 ( 1)  0.159 +-  0.556
 169 M   0.93562 0.03877 0.02561 ( 1)  0.168 +-  0.594
 170 L   0.92597 0.04173 0.03230 ( 1)  0.200 +-  0.722
 171 L   0.92597 0.04173 0.03230 ( 1)  0.200 +-  0.722
 172 K   0.93366 0.03945 0.02690 ( 1)  0.174 +-  0.617
 173 P   0.92979 0.04067 0.02954 ( 1)  0.186 +-  0.667
 174 S   0.92966 0.04079 0.02956 ( 1)  0.186 +-  0.663
 175 E   0.93299 0.03958 0.02743 ( 1)  0.177 +-  0.631
 176 R   0.92071 0.04308 0.03621 ( 1)  0.220 +-  0.797
 177 D   0.93599 0.03846 0.02555 ( 1)  0.168 +-  0.601
 178 P   0.93230 0.03986 0.02784 ( 1)  0.178 +-  0.636
 179 G   0.93689 0.03827 0.02484 ( 1)  0.165 +-  0.582
 180 A   0.93857 0.03758 0.02385 ( 1)  0.160 +-  0.567
 181 C   0.93078 0.04046 0.02876 ( 1)  0.182 +-  0.647
 182 M   0.93562 0.03877 0.02561 ( 1)  0.168 +-  0.594
 183 L   0.92597 0.04173 0.03230 ( 1)  0.200 +-  0.722
 184 L   0.93156 0.04004 0.02840 ( 1)  0.181 +-  0.650
 185 M   0.93562 0.03877 0.02561 ( 1)  0.168 +-  0.594
 186 G   0.93689 0.03827 0.02484 ( 1)  0.165 +-  0.582
 187 L   0.92597 0.04173 0.03230 ( 1)  0.200 +-  0.722
 188 L   0.92597 0.04173 0.03230 ( 1)  0.200 +-  0.722
 189 Q   0.92511 0.04197 0.03292 ( 1)  0.203 +-  0.734
 190 E   0.93299 0.03958 0.02743 ( 1)  0.177 +-  0.631
 191 A   0.93857 0.03758 0.02385 ( 1)  0.160 +-  0.567
 192 G   0.93689 0.03827 0.02484 ( 1)  0.165 +-  0.582
 193 F   0.93271 0.03983 0.02746 ( 1)  0.176 +-  0.624
 194 P   0.93230 0.03986 0.02784 ( 1)  0.178 +-  0.636
 195 K   0.29024 0.21945 0.49031 ( 3)  2.284 +-  2.618
 196 G   0.92393 0.04232 0.03375 ( 1)  0.207 +-  0.747
 197 V   0.93782 0.03775 0.02444 ( 1)  0.164 +-  0.583
 198 V   0.93457 0.03903 0.02641 ( 1)  0.172 +-  0.614
 199 N   0.93688 0.03827 0.02484 ( 1)  0.165 +-  0.582
 200 V   0.92433 0.04221 0.03345 ( 1)  0.205 +-  0.742
 201 I   0.93873 0.03757 0.02371 ( 1)  0.160 +-  0.563
 202 H   0.93020 0.04049 0.02931 ( 1)  0.185 +-  0.666
 203 G   0.93689 0.03827 0.02484 ( 1)  0.165 +-  0.582
 204 A   0.93857 0.03758 0.02385 ( 1)  0.160 +-  0.567
 205 Q   0.92511 0.04197 0.03292 ( 1)  0.203 +-  0.734
 206 E   0.93299 0.03958 0.02743 ( 1)  0.177 +-  0.631
 207 A   0.93857 0.03758 0.02385 ( 1)  0.160 +-  0.567
 208 V   0.93782 0.03775 0.02444 ( 1)  0.164 +-  0.583
 209 T   0.93873 0.03766 0.02361 ( 1)  0.159 +-  0.556
 210 F   0.93271 0.03983 0.02746 ( 1)  0.176 +-  0.624
 211 I   0.93873 0.03757 0.02371 ( 1)  0.160 +-  0.563
 212 C   0.93078 0.04046 0.02876 ( 1)  0.182 +-  0.647
 213 D   0.93599 0.03846 0.02555 ( 1)  0.168 +-  0.601
 214 N   0.93688 0.03827 0.02484 ( 1)  0.165 +-  0.582
 215 P   0.92979 0.04067 0.02954 ( 1)  0.186 +-  0.667
 216 Q   0.92064 0.04309 0.03627 ( 1)  0.220 +-  0.798
 217 I   0.93873 0.03757 0.02371 ( 1)  0.160 +-  0.563
 218 R   0.93112 0.04027 0.02862 ( 1)  0.182 +-  0.650
 219 A   0.93857 0.03758 0.02385 ( 1)  0.160 +-  0.567
 220 I   0.93873 0.03757 0.02371 ( 1)  0.160 +-  0.563
 221 S   0.93685 0.03839 0.02476 ( 1)  0.164 +-  0.575
 222 F   0.93271 0.03983 0.02746 ( 1)  0.176 +-  0.624
 223 V   0.93457 0.03903 0.02641 ( 1)  0.172 +-  0.614
 224 G   0.93689 0.03827 0.02484 ( 1)  0.165 +-  0.582
 225 S   0.92966 0.04079 0.02956 ( 1)  0.186 +-  0.663
 226 D   0.93599 0.03846 0.02555 ( 1)  0.168 +-  0.601
 227 R   0.92878 0.04098 0.03024 ( 1)  0.189 +-  0.680
 228 A   0.93857 0.03758 0.02385 ( 1)  0.160 +-  0.567
 229 G   0.93689 0.03827 0.02484 ( 1)  0.165 +-  0.582
 230 Q   0.92511 0.04197 0.03292 ( 1)  0.203 +-  0.734
 231 Y   0.93137 0.04025 0.02837 ( 1)  0.180 +-  0.641
 232 I   0.93873 0.03757 0.02371 ( 1)  0.160 +-  0.563
 233 Y   0.93137 0.04025 0.02837 ( 1)  0.180 +-  0.641
 234 E   0.93299 0.03958 0.02743 ( 1)  0.177 +-  0.631
 235 R   0.93354 0.03955 0.02691 ( 1)  0.173 +-  0.614
 236 G   0.93689 0.03827 0.02484 ( 1)  0.165 +-  0.582
 237 S   0.93685 0.03839 0.02476 ( 1)  0.164 +-  0.575
 238 K   0.93366 0.03945 0.02690 ( 1)  0.174 +-  0.617
 239 S   0.92771 0.04131 0.03098 ( 1)  0.193 +-  0.693
 240 G   0.93689 0.03827 0.02484 ( 1)  0.165 +-  0.582
 241 K   0.92808 0.04115 0.03077 ( 1)  0.192 +-  0.692
 242 R   0.92878 0.04098 0.03024 ( 1)  0.189 +-  0.680
 243 V   0.93457 0.03903 0.02641 ( 1)  0.172 +-  0.614
 244 Q   0.92511 0.04197 0.03292 ( 1)  0.203 +-  0.734
 245 C   0.93078 0.04046 0.02876 ( 1)  0.182 +-  0.647
 246 N   0.93688 0.03827 0.02484 ( 1)  0.165 +-  0.582
 247 M   0.93562 0.03877 0.02561 ( 1)  0.168 +-  0.594
 248 G   0.93689 0.03827 0.02484 ( 1)  0.165 +-  0.582
 249 A   0.93857 0.03758 0.02385 ( 1)  0.160 +-  0.567
 250 K   0.93366 0.03945 0.02690 ( 1)  0.174 +-  0.617
 251 N   0.93688 0.03827 0.02484 ( 1)  0.165 +-  0.582
 252 H   0.93020 0.04049 0.02931 ( 1)  0.185 +-  0.666
 253 G   0.93689 0.03827 0.02484 ( 1)  0.165 +-  0.582
 254 V   0.93457 0.03903 0.02641 ( 1)  0.172 +-  0.614
 255 I   0.93873 0.03757 0.02371 ( 1)  0.160 +-  0.563
 256 L   0.92597 0.04173 0.03230 ( 1)  0.200 +-  0.722
 257 P   0.92979 0.04067 0.02954 ( 1)  0.186 +-  0.667
 258 D   0.92382 0.04234 0.03384 ( 1)  0.207 +-  0.749
 259 A   0.93857 0.03758 0.02385 ( 1)  0.160 +-  0.567
 260 N   0.93688 0.03827 0.02484 ( 1)  0.165 +-  0.582
 261 K   0.93366 0.03945 0.02690 ( 1)  0.174 +-  0.617
 262 A   0.93512 0.03891 0.02597 ( 1)  0.170 +-  0.602
 263 Q   0.92511 0.04197 0.03292 ( 1)  0.203 +-  0.734
 264 T   0.92438 0.04221 0.03341 ( 1)  0.205 +-  0.740
 265 I   0.93873 0.03757 0.02371 ( 1)  0.160 +-  0.563
 266 Q   0.92511 0.04197 0.03292 ( 1)  0.203 +-  0.734
 267 S   0.92264 0.04264 0.03473 ( 1)  0.212 +-  0.767
 268 L   0.93156 0.04004 0.02840 ( 1)  0.181 +-  0.650
 269 I   0.27151 0.21361 0.51488 ( 3)  2.401 +-  2.664
 270 G   0.93689 0.03827 0.02484 ( 1)  0.165 +-  0.582
 271 A   0.93857 0.03758 0.02385 ( 1)  0.160 +-  0.567
 272 A   0.92445 0.04219 0.03336 ( 1)  0.205 +-  0.740
 273 F   0.93271 0.03983 0.02746 ( 1)  0.176 +-  0.624
 274 G   0.93689 0.03827 0.02484 ( 1)  0.165 +-  0.582
 275 A   0.93857 0.03758 0.02385 ( 1)  0.160 +-  0.567
 276 A   0.93857 0.03758 0.02385 ( 1)  0.160 +-  0.567
 277 G   0.93689 0.03827 0.02484 ( 1)  0.165 +-  0.582
 278 Q   0.92511 0.04197 0.03292 ( 1)  0.203 +-  0.734
 279 R   0.93112 0.04027 0.02862 ( 1)  0.182 +-  0.650
 280 C   0.93078 0.04046 0.02876 ( 1)  0.182 +-  0.647
 281 M   0.93562 0.03877 0.02561 ( 1)  0.168 +-  0.594
 282 A   0.93512 0.03891 0.02597 ( 1)  0.170 +-  0.602
 283 L   0.93156 0.04004 0.02840 ( 1)  0.181 +-  0.650
 284 S   0.93685 0.03839 0.02476 ( 1)  0.164 +-  0.575
 285 T   0.93873 0.03766 0.02361 ( 1)  0.159 +-  0.556
 286 A   0.93857 0.03758 0.02385 ( 1)  0.160 +-  0.567
 287 I   0.93873 0.03757 0.02371 ( 1)  0.160 +-  0.563
 288 L   0.92597 0.04173 0.03230 ( 1)  0.200 +-  0.722
 289 V   0.93457 0.03903 0.02641 ( 1)  0.172 +-  0.614
 290 G   0.93365 0.03945 0.02690 ( 1)  0.174 +-  0.617
 291 E   0.93299 0.03958 0.02743 ( 1)  0.177 +-  0.631
 292 A   0.93512 0.03891 0.02597 ( 1)  0.170 +-  0.602
 293 R   0.93112 0.04027 0.02862 ( 1)  0.182 +-  0.650
 294 N   0.93688 0.03827 0.02484 ( 1)  0.165 +-  0.582
 295 W   0.92531 0.04197 0.03272 ( 1)  0.202 +-  0.727
 296 L   0.92597 0.04173 0.03230 ( 1)  0.200 +-  0.722
 297 P   0.92979 0.04067 0.02954 ( 1)  0.186 +-  0.667
 298 E   0.93299 0.03958 0.02743 ( 1)  0.177 +-  0.631
 299 I   0.93873 0.03757 0.02371 ( 1)  0.160 +-  0.563
 300 V   0.93782 0.03775 0.02444 ( 1)  0.164 +-  0.583
 301 A   0.93857 0.03758 0.02385 ( 1)  0.160 +-  0.567
 302 R   0.93112 0.04027 0.02862 ( 1)  0.182 +-  0.650
 303 A   0.93857 0.03758 0.02385 ( 1)  0.160 +-  0.567
 304 K   0.93366 0.03945 0.02690 ( 1)  0.174 +-  0.617
 305 E   0.93299 0.03958 0.02743 ( 1)  0.177 +-  0.631
 306 L   0.93156 0.04004 0.02840 ( 1)  0.181 +-  0.650
 307 R   0.93112 0.04027 0.02862 ( 1)  0.182 +-  0.650
 308 V   0.92433 0.04221 0.03345 ( 1)  0.205 +-  0.742
 309 G   0.93689 0.03827 0.02484 ( 1)  0.165 +-  0.582
 310 P   0.93230 0.03986 0.02784 ( 1)  0.178 +-  0.636
 311 G   0.93689 0.03827 0.02484 ( 1)  0.165 +-  0.582
 312 T   0.93873 0.03766 0.02361 ( 1)  0.159 +-  0.556
 313 E   0.92138 0.04293 0.03569 ( 1)  0.217 +-  0.787
 314 P   0.92275 0.04261 0.03465 ( 1)  0.212 +-  0.765
 315 G   0.93689 0.03827 0.02484 ( 1)  0.165 +-  0.582
 316 A   0.93857 0.03758 0.02385 ( 1)  0.160 +-  0.567
 317 D   0.93599 0.03846 0.02555 ( 1)  0.168 +-  0.601
 318 L   0.93156 0.04004 0.02840 ( 1)  0.181 +-  0.650
 319 G   0.93689 0.03827 0.02484 ( 1)  0.165 +-  0.582
 320 P   0.92100 0.04301 0.03599 ( 1)  0.219 +-  0.792
 321 V   0.93782 0.03775 0.02444 ( 1)  0.164 +-  0.583
 322 I   0.93873 0.03757 0.02371 ( 1)  0.160 +-  0.563
 323 S   0.93225 0.04000 0.02775 ( 1)  0.177 +-  0.628
 324 P   0.92979 0.04067 0.02954 ( 1)  0.186 +-  0.667
 325 E   0.93299 0.03958 0.02743 ( 1)  0.177 +-  0.631
 326 A   0.93857 0.03758 0.02385 ( 1)  0.160 +-  0.567
 327 K   0.92141 0.04292 0.03567 ( 1)  0.217 +-  0.786
 328 A   0.93512 0.03891 0.02597 ( 1)  0.170 +-  0.602
 329 R   0.93112 0.04027 0.02862 ( 1)  0.182 +-  0.650
 330 I   0.33527 0.23040 0.43433 ( 3)  2.021 +-  2.498
 331 L   0.93156 0.04004 0.02840 ( 1)  0.181 +-  0.650
 332 S   0.93685 0.03839 0.02476 ( 1)  0.164 +-  0.575
 333 L   0.92597 0.04173 0.03230 ( 1)  0.200 +-  0.722
 334 V   0.93457 0.03903 0.02641 ( 1)  0.172 +-  0.614
 335 E   0.93299 0.03958 0.02743 ( 1)  0.177 +-  0.631
 336 S   0.93225 0.04000 0.02775 ( 1)  0.177 +-  0.628
 337 G   0.93689 0.03827 0.02484 ( 1)  0.165 +-  0.582
 338 I   0.93873 0.03757 0.02371 ( 1)  0.160 +-  0.563
 339 S   0.93225 0.04000 0.02775 ( 1)  0.177 +-  0.628
 340 E   0.93299 0.03958 0.02743 ( 1)  0.177 +-  0.631
 341 G   0.93689 0.03827 0.02484 ( 1)  0.165 +-  0.582
 342 A   0.93857 0.03758 0.02385 ( 1)  0.160 +-  0.567
 343 D   0.93599 0.03846 0.02555 ( 1)  0.168 +-  0.601
 344 C   0.93078 0.04046 0.02876 ( 1)  0.182 +-  0.647
 345 V   0.93457 0.03903 0.02641 ( 1)  0.172 +-  0.614
 346 L   0.92597 0.04173 0.03230 ( 1)  0.200 +-  0.722
 347 D   0.93599 0.03846 0.02555 ( 1)  0.168 +-  0.601
 348 G   0.93689 0.03827 0.02484 ( 1)  0.165 +-  0.582
 349 R   0.92071 0.04308 0.03621 ( 1)  0.220 +-  0.797
 350 G   0.93689 0.03827 0.02484 ( 1)  0.165 +-  0.582
 351 L   0.93156 0.04004 0.02840 ( 1)  0.181 +-  0.650
 352 V   0.93457 0.03903 0.02641 ( 1)  0.172 +-  0.614
 353 V   0.93782 0.03775 0.02444 ( 1)  0.164 +-  0.583
 354 K   0.93366 0.03945 0.02690 ( 1)  0.174 +-  0.617
 355 G   0.93365 0.03945 0.02690 ( 1)  0.174 +-  0.617
 356 Y   0.93137 0.04025 0.02837 ( 1)  0.180 +-  0.641
 357 E   0.93299 0.03958 0.02743 ( 1)  0.177 +-  0.631
 358 K   0.93366 0.03945 0.02690 ( 1)  0.174 +-  0.617
 359 G   0.93689 0.03827 0.02484 ( 1)  0.165 +-  0.582
 360 N   0.93688 0.03827 0.02484 ( 1)  0.165 +-  0.582
 361 F   0.92277 0.04261 0.03462 ( 1)  0.211 +-  0.765
 362 V   0.92433 0.04221 0.03345 ( 1)  0.205 +-  0.742
 363 G   0.93689 0.03827 0.02484 ( 1)  0.165 +-  0.582
 364 P   0.93230 0.03986 0.02784 ( 1)  0.178 +-  0.636
 365 T   0.93873 0.03766 0.02361 ( 1)  0.159 +-  0.556
 366 I   0.93235 0.03981 0.02784 ( 1)  0.178 +-  0.638
 367 L   0.30567 0.22483 0.46950 ( 3)  2.178 +-  2.563
 368 T   0.92438 0.04221 0.03341 ( 1)  0.205 +-  0.740
 369 K   0.93366 0.03945 0.02690 ( 1)  0.174 +-  0.617
 370 V   0.93457 0.03903 0.02641 ( 1)  0.172 +-  0.614
 371 T   0.93873 0.03766 0.02361 ( 1)  0.159 +-  0.556
 372 P   0.93230 0.03986 0.02784 ( 1)  0.178 +-  0.636
 373 S   0.93685 0.03839 0.02476 ( 1)  0.164 +-  0.575
 374 M   0.93562 0.03877 0.02561 ( 1)  0.168 +-  0.594
 375 E   0.93299 0.03958 0.02743 ( 1)  0.177 +-  0.631
 376 C   0.93078 0.04046 0.02876 ( 1)  0.182 +-  0.647
 377 Y   0.93137 0.04025 0.02837 ( 1)  0.180 +-  0.641
 378 R   0.92878 0.04098 0.03024 ( 1)  0.189 +-  0.680
 379 E   0.93299 0.03958 0.02743 ( 1)  0.177 +-  0.631
 380 E   0.93299 0.03958 0.02743 ( 1)  0.177 +-  0.631
 381 I   0.93873 0.03757 0.02371 ( 1)  0.160 +-  0.563
 382 F   0.93271 0.03983 0.02746 ( 1)  0.176 +-  0.624
 383 G   0.93365 0.03945 0.02690 ( 1)  0.174 +-  0.617
 384 P   0.92979 0.04067 0.02954 ( 1)  0.186 +-  0.667
 385 V   0.93457 0.03903 0.02641 ( 1)  0.172 +-  0.614
 386 L   0.92597 0.04173 0.03230 ( 1)  0.200 +-  0.722
 387 L   0.92597 0.04173 0.03230 ( 1)  0.200 +-  0.722
 388 C   0.93078 0.04046 0.02876 ( 1)  0.182 +-  0.647
 389 L   0.92597 0.04173 0.03230 ( 1)  0.200 +-  0.722
 390 E   0.93299 0.03958 0.02743 ( 1)  0.177 +-  0.631
 391 A   0.93512 0.03891 0.02597 ( 1)  0.170 +-  0.602
 392 D   0.93599 0.03846 0.02555 ( 1)  0.168 +-  0.601
 393 T   0.93873 0.03766 0.02361 ( 1)  0.159 +-  0.556
 394 L   0.92597 0.04173 0.03230 ( 1)  0.200 +-  0.722
 395 E   0.93299 0.03958 0.02743 ( 1)  0.177 +-  0.631
 396 D   0.93599 0.03846 0.02555 ( 1)  0.168 +-  0.601
 397 A   0.93857 0.03758 0.02385 ( 1)  0.160 +-  0.567
 398 I   0.93873 0.03757 0.02371 ( 1)  0.160 +-  0.563
 399 Q   0.92511 0.04197 0.03292 ( 1)  0.203 +-  0.734
 400 L   0.92597 0.04173 0.03230 ( 1)  0.200 +-  0.722
 401 I   0.93873 0.03757 0.02371 ( 1)  0.160 +-  0.563
 402 N   0.93688 0.03827 0.02484 ( 1)  0.165 +-  0.582
 403 S   0.93225 0.04000 0.02775 ( 1)  0.177 +-  0.628
 404 N   0.93688 0.03827 0.02484 ( 1)  0.165 +-  0.582
 405 P   0.92979 0.04067 0.02954 ( 1)  0.186 +-  0.667
 406 Y   0.93137 0.04025 0.02837 ( 1)  0.180 +-  0.641
 407 G   0.93689 0.03827 0.02484 ( 1)  0.165 +-  0.582
 408 N   0.93688 0.03827 0.02484 ( 1)  0.165 +-  0.582
 409 G   0.93689 0.03827 0.02484 ( 1)  0.165 +-  0.582
 410 T   0.93517 0.03898 0.02585 ( 1)  0.169 +-  0.595
 411 A   0.93857 0.03758 0.02385 ( 1)  0.160 +-  0.567
 412 I   0.93873 0.03757 0.02371 ( 1)  0.160 +-  0.563
 413 F   0.93271 0.03983 0.02746 ( 1)  0.176 +-  0.624
 414 T   0.93873 0.03766 0.02361 ( 1)  0.159 +-  0.556
 415 N   0.93688 0.03827 0.02484 ( 1)  0.165 +-  0.582
 416 S   0.93685 0.03839 0.02476 ( 1)  0.164 +-  0.575
 417 G   0.93689 0.03827 0.02484 ( 1)  0.165 +-  0.582
 418 A   0.93857 0.03758 0.02385 ( 1)  0.160 +-  0.567
 419 A   0.93512 0.03891 0.02597 ( 1)  0.170 +-  0.602
 420 A   0.93857 0.03758 0.02385 ( 1)  0.160 +-  0.567
 421 R   0.93112 0.04027 0.02862 ( 1)  0.182 +-  0.650
 422 K   0.93366 0.03945 0.02690 ( 1)  0.174 +-  0.617
 423 F   0.93271 0.03983 0.02746 ( 1)  0.176 +-  0.624
 424 T   0.93224 0.03988 0.02788 ( 1)  0.178 +-  0.637
 425 E   0.93299 0.03958 0.02743 ( 1)  0.177 +-  0.631
 426 E   0.93299 0.03958 0.02743 ( 1)  0.177 +-  0.631
 427 I   0.93873 0.03757 0.02371 ( 1)  0.160 +-  0.563
 428 D   0.93599 0.03846 0.02555 ( 1)  0.168 +-  0.601
 429 V   0.93782 0.03775 0.02444 ( 1)  0.164 +-  0.583
 430 G   0.93689 0.03827 0.02484 ( 1)  0.165 +-  0.582
 431 Q   0.92511 0.04197 0.03292 ( 1)  0.203 +-  0.734
 432 V   0.93457 0.03903 0.02641 ( 1)  0.172 +-  0.614
 433 G   0.93689 0.03827 0.02484 ( 1)  0.165 +-  0.582
 434 V   0.93782 0.03775 0.02444 ( 1)  0.164 +-  0.583
 435 N   0.93688 0.03827 0.02484 ( 1)  0.165 +-  0.582
 436 V   0.93457 0.03903 0.02641 ( 1)  0.172 +-  0.614
 437 P   0.92979 0.04067 0.02954 ( 1)  0.186 +-  0.667
 438 I   0.93873 0.03757 0.02371 ( 1)  0.160 +-  0.563
 439 P   0.92979 0.04067 0.02954 ( 1)  0.186 +-  0.667
 440 V   0.93457 0.03903 0.02641 ( 1)  0.172 +-  0.614
 441 P   0.92979 0.04067 0.02954 ( 1)  0.186 +-  0.667
 442 L   0.92597 0.04173 0.03230 ( 1)  0.200 +-  0.722
 443 P   0.93230 0.03986 0.02784 ( 1)  0.178 +-  0.636
 444 M   0.93562 0.03877 0.02561 ( 1)  0.168 +-  0.594
 445 F   0.93271 0.03983 0.02746 ( 1)  0.176 +-  0.624
 446 S   0.93685 0.03839 0.02476 ( 1)  0.164 +-  0.575
 447 F   0.93271 0.03983 0.02746 ( 1)  0.176 +-  0.624
 448 T   0.92438 0.04221 0.03341 ( 1)  0.205 +-  0.740
 449 G   0.93689 0.03827 0.02484 ( 1)  0.165 +-  0.582
 450 S   0.93685 0.03839 0.02476 ( 1)  0.164 +-  0.575
 451 R   0.92878 0.04098 0.03024 ( 1)  0.189 +-  0.680
 452 G   0.93689 0.03827 0.02484 ( 1)  0.165 +-  0.582
 453 S   0.93685 0.03839 0.02476 ( 1)  0.164 +-  0.575
 454 F   0.93271 0.03983 0.02746 ( 1)  0.176 +-  0.624
 455 R   0.93112 0.04027 0.02862 ( 1)  0.182 +-  0.650
 456 G   0.93689 0.03827 0.02484 ( 1)  0.165 +-  0.582
 457 D   0.93599 0.03846 0.02555 ( 1)  0.168 +-  0.601
 458 Q   0.92511 0.04197 0.03292 ( 1)  0.203 +-  0.734
 459 N   0.93688 0.03827 0.02484 ( 1)  0.165 +-  0.582
 460 F   0.93271 0.03983 0.02746 ( 1)  0.176 +-  0.624
 461 Y   0.93137 0.04025 0.02837 ( 1)  0.180 +-  0.641
 462 G   0.93689 0.03827 0.02484 ( 1)  0.165 +-  0.582
 463 K   0.93366 0.03945 0.02690 ( 1)  0.174 +-  0.617
 464 H   0.93020 0.04049 0.02931 ( 1)  0.185 +-  0.666
 465 G   0.93689 0.03827 0.02484 ( 1)  0.165 +-  0.582
 466 V   0.93457 0.03903 0.02641 ( 1)  0.172 +-  0.614
 467 H   0.93020 0.04049 0.02931 ( 1)  0.185 +-  0.666
 468 F   0.92277 0.04261 0.03462 ( 1)  0.211 +-  0.765
 469 Y   0.93137 0.04025 0.02837 ( 1)  0.180 +-  0.641
 470 T   0.93873 0.03766 0.02361 ( 1)  0.159 +-  0.556
 471 Q   0.92511 0.04197 0.03292 ( 1)  0.203 +-  0.734
 472 L   0.92597 0.04173 0.03230 ( 1)  0.200 +-  0.722
 473 K   0.93366 0.03945 0.02690 ( 1)  0.174 +-  0.617
 474 T   0.93873 0.03766 0.02361 ( 1)  0.159 +-  0.556
 475 V   0.93457 0.03903 0.02641 ( 1)  0.172 +-  0.614
 476 T   0.93517 0.03898 0.02585 ( 1)  0.169 +-  0.595
 477 Q   0.92511 0.04197 0.03292 ( 1)  0.203 +-  0.734
 478 L   0.92597 0.04173 0.03230 ( 1)  0.200 +-  0.722
 479 W   0.92531 0.04197 0.03272 ( 1)  0.202 +-  0.727
 480 R   0.92878 0.04098 0.03024 ( 1)  0.189 +-  0.680
 481 S   0.92264 0.04264 0.03473 ( 1)  0.212 +-  0.767
 482 E   0.93299 0.03958 0.02743 ( 1)  0.177 +-  0.631
 483 D   0.93056 0.04035 0.02909 ( 1)  0.184 +-  0.663
 484 A   0.93512 0.03891 0.02597 ( 1)  0.170 +-  0.602
 485 V   0.93782 0.03775 0.02444 ( 1)  0.164 +-  0.583
 486 T   0.93873 0.03766 0.02361 ( 1)  0.159 +-  0.556
 487 S   0.93685 0.03839 0.02476 ( 1)  0.164 +-  0.575
 488 A   0.93857 0.03758 0.02385 ( 1)  0.160 +-  0.567
 489 S   0.92966 0.04079 0.02956 ( 1)  0.186 +-  0.663
 490 A   0.93857 0.03758 0.02385 ( 1)  0.160 +-  0.567
 491 T   0.93873 0.03766 0.02361 ( 1)  0.159 +-  0.556
 492 A   0.93857 0.03758 0.02385 ( 1)  0.160 +-  0.567
 493 M   0.93562 0.03877 0.02561 ( 1)  0.168 +-  0.594
 494 P   0.93230 0.03986 0.02784 ( 1)  0.178 +-  0.636
 495 V   0.93782 0.03775 0.02444 ( 1)  0.164 +-  0.583
 496 M   0.93562 0.03877 0.02561 ( 1)  0.168 +-  0.594
 497 R   0.93112 0.04027 0.02862 ( 1)  0.182 +-  0.650

Positively selected sites

	Prob(w>1)  mean w

    44 S      0.527         2.459 +- 2.687
   269 I      0.515         2.401 +- 2.664

