Supplemental results for CODEML (seqf: algn  treef: tree)


dN/dS (w) for site classes (K=9)

p:   0.00000  0.00000  0.00000  0.00000  0.00000  0.00000  0.00000  0.00000  0.99999
w:   0.12631  0.29351  0.43277  0.55735  0.67156  0.77723  0.87484  0.96298 999.00000

Naive Empirical Bayes (NEB) probabilities for 9 classes & postmean_w & P(w>1)
(amino acids refer to 1st sequence: Msl.17493)

   1 M   0.00000 0.00000 0.00000 0.00000 0.00000 0.00000 0.00000 0.00000 0.99999 ( 9) 998.990  1.000
   2 S   0.00000 0.00000 0.00000 0.00000 0.00000 0.00000 0.00000 0.00000 0.99999 ( 9) 998.990  1.000
   3 R   0.00000 0.00000 0.00000 0.00000 0.00000 0.00000 0.00000 0.00000 0.99999 ( 9) 998.990  1.000
   4 L   0.00000 0.00000 0.00000 0.00000 0.00000 0.00000 0.00000 0.00000 0.99999 ( 9) 998.990  1.000
   5 P   0.00000 0.00000 0.00000 0.00000 0.00000 0.00000 0.00000 0.00000 0.99999 ( 9) 998.990  1.000
   6 M   0.00000 0.00000 0.00000 0.00000 0.00000 0.00000 0.00000 0.00000 0.99999 ( 9) 998.990  1.000
   7 L   0.00000 0.00000 0.00000 0.00000 0.00000 0.00000 0.00000 0.00000 0.99999 ( 9) 998.990  1.000
   8 L   0.00000 0.00000 0.00000 0.00000 0.00000 0.00000 0.00000 0.00000 0.99999 ( 9) 998.990  1.000
   9 A   0.00000 0.00000 0.00000 0.00000 0.00000 0.00000 0.00000 0.00000 0.99999 ( 9) 998.990  1.000
  10 S   0.00000 0.00000 0.00000 0.00000 0.00000 0.00000 0.00000 0.00000 0.99999 ( 9) 998.990  1.000
  11 A   0.00000 0.00000 0.00000 0.00000 0.00000 0.00000 0.00000 0.00000 0.99999 ( 9) 998.990  1.000
  12 C   0.00000 0.00000 0.00000 0.00000 0.00000 0.00000 0.00000 0.00000 0.99999 ( 9) 998.990  1.000
  13 G   0.00000 0.00000 0.00000 0.00000 0.00000 0.00000 0.00000 0.00000 0.99999 ( 9) 998.990  1.000
  14 V   0.00000 0.00000 0.00000 0.00000 0.00000 0.00000 0.00000 0.00000 0.99999 ( 9) 998.990  1.000
  15 Q   0.00000 0.00000 0.00000 0.00000 0.00000 0.00000 0.00000 0.00000 0.99999 ( 9) 998.990  1.000
  16 L   0.00000 0.00000 0.00000 0.00000 0.00000 0.00000 0.00000 0.00000 0.99999 ( 9) 998.990  1.000
  17 F   0.00000 0.00000 0.00000 0.00000 0.00000 0.00000 0.00000 0.00000 0.99999 ( 9) 998.990  1.000
  18 K   0.00000 0.00000 0.00000 0.00000 0.00000 0.00000 0.00000 0.00000 0.99999 ( 9) 998.990  1.000
  19 R   0.00000 0.00000 0.00000 0.00000 0.00000 0.00000 0.00000 0.00000 0.99999 ( 9) 998.990  1.000
  20 S   0.00000 0.00000 0.00000 0.00000 0.00000 0.00000 0.00000 0.00000 0.99999 ( 9) 998.990  1.000
  21 F   0.00000 0.00000 0.00000 0.00000 0.00000 0.00000 0.00000 0.00000 0.99999 ( 9) 998.990  1.000
  22 A   0.00000 0.00000 0.00000 0.00000 0.00000 0.00000 0.00000 0.00000 0.99999 ( 9) 998.990  1.000
  23 A   0.00000 0.00000 0.00000 0.00000 0.00000 0.00000 0.00000 0.00000 0.99999 ( 9) 998.990  1.000
  24 A   0.00000 0.00000 0.00000 0.00000 0.00000 0.00000 0.00000 0.00000 0.99999 ( 9) 998.990  1.000
  25 A   0.00000 0.00000 0.00000 0.00000 0.00000 0.00000 0.00000 0.00000 0.99999 ( 9) 998.990  1.000
  26 A   0.00000 0.00000 0.00000 0.00000 0.00000 0.00000 0.00000 0.00000 0.99999 ( 9) 998.990  1.000
  27 S   0.00000 0.00000 0.00000 0.00000 0.00000 0.00000 0.00000 0.00000 0.99999 ( 9) 998.990  1.000
  28 G   0.00000 0.00000 0.00000 0.00000 0.00000 0.00000 0.00000 0.00000 0.99999 ( 9) 998.990  1.000
  29 S   0.00000 0.00000 0.00000 0.00000 0.00000 0.00000 0.00000 0.00000 0.99999 ( 9) 998.990  1.000
  30 F   0.00000 0.00000 0.00000 0.00000 0.00000 0.00000 0.00000 0.00000 0.99999 ( 9) 998.990  1.000
  31 T   0.00000 0.00000 0.00000 0.00000 0.00000 0.00000 0.00000 0.00000 0.99999 ( 9) 998.990  1.000
  32 G   0.00000 0.00000 0.00000 0.00000 0.00000 0.00000 0.00000 0.00000 0.99999 ( 9) 998.990  1.000
  33 R   0.00000 0.00000 0.00000 0.00000 0.00000 0.00000 0.00000 0.00000 0.99999 ( 9) 998.990  1.000
  34 I   0.00000 0.00000 0.00000 0.00000 0.00000 0.00000 0.00000 0.00000 0.99999 ( 9) 998.990  1.000
  35 P   0.00000 0.00000 0.00000 0.00000 0.00000 0.00000 0.00000 0.00000 0.99999 ( 9) 998.990  1.000
  36 I   0.00000 0.00000 0.00000 0.00000 0.00000 0.00000 0.00000 0.00000 0.99999 ( 9) 998.990  1.000
  37 K   0.00000 0.00000 0.00000 0.00000 0.00000 0.00000 0.00000 0.00000 1.00000 ( 9) 999.000  1.000
  38 E   0.00000 0.00000 0.00000 0.00000 0.00000 0.00000 0.00000 0.00000 0.99999 ( 9) 998.990  1.000
  39 L   0.00000 0.00000 0.00000 0.00000 0.00000 0.00000 0.00000 0.00000 0.99999 ( 9) 998.990  1.000
  40 H   0.00000 0.00000 0.00000 0.00000 0.00000 0.00000 0.00000 0.00000 0.99999 ( 9) 998.990  1.000
  41 I   0.00000 0.00000 0.00000 0.00000 0.00000 0.00000 0.00000 0.00000 0.99999 ( 9) 998.990  1.000
  42 R   0.00000 0.00000 0.00000 0.00000 0.00000 0.00000 0.00000 0.00000 0.99999 ( 9) 998.990  1.000
  43 E   0.00000 0.00000 0.00000 0.00000 0.00000 0.00000 0.00000 0.00000 0.99999 ( 9) 998.990  1.000
  44 G   0.00000 0.00000 0.00000 0.00000 0.00000 0.00000 0.00000 0.00000 0.99999 ( 9) 998.990  1.000
  45 C   0.00000 0.00000 0.00000 0.00000 0.00000 0.00000 0.00000 0.00000 0.99999 ( 9) 998.990  1.000
  46 S   0.00000 0.00000 0.00000 0.00000 0.00000 0.00000 0.00000 0.00000 0.99999 ( 9) 998.990  1.000
  47 V   0.00000 0.00000 0.00000 0.00000 0.00000 0.00000 0.00000 0.00000 0.99999 ( 9) 998.990  1.000
  48 N   0.00000 0.00000 0.00000 0.00000 0.00000 0.00000 0.00000 0.00000 0.99999 ( 9) 998.990  1.000
  49 G   0.00000 0.00000 0.00000 0.00000 0.00000 0.00000 0.00000 0.00000 0.99999 ( 9) 998.990  1.000
  50 R   0.00000 0.00000 0.00000 0.00000 0.00000 0.00000 0.00000 0.00000 0.99999 ( 9) 998.990  1.000
  51 P   0.00000 0.00000 0.00000 0.00000 0.00000 0.00000 0.00000 0.00000 0.99999 ( 9) 998.990  1.000
  52 L   0.00000 0.00000 0.00000 0.00000 0.00000 0.00000 0.00000 0.00000 0.99999 ( 9) 998.990  1.000
  53 S   0.00000 0.00000 0.00000 0.00000 0.00000 0.00000 0.00000 0.00000 0.99999 ( 9) 998.990  1.000
  54 D   0.00000 0.00000 0.00000 0.00000 0.00000 0.00000 0.00000 0.00000 0.99999 ( 9) 998.990  1.000
  55 S   0.00000 0.00000 0.00000 0.00000 0.00000 0.00000 0.00000 0.00000 0.99999 ( 9) 998.990  1.000
  56 P   0.00000 0.00000 0.00000 0.00000 0.00000 0.00000 0.00000 0.00000 0.99999 ( 9) 998.990  1.000
  57 S   0.00000 0.00000 0.00000 0.00000 0.00000 0.00000 0.00000 0.00000 0.99999 ( 9) 998.990  1.000
  58 G   0.00000 0.00000 0.00000 0.00000 0.00000 0.00000 0.00000 0.00000 0.99999 ( 9) 998.990  1.000
  59 S   0.00000 0.00000 0.00000 0.00000 0.00000 0.00000 0.00000 0.00000 0.99999 ( 9) 998.990  1.000
  60 T   0.00000 0.00000 0.00000 0.00000 0.00000 0.00000 0.00000 0.00000 0.99999 ( 9) 998.990  1.000
  61 A   0.00000 0.00000 0.00000 0.00000 0.00000 0.00000 0.00000 0.00000 0.99999 ( 9) 998.990  1.000
  62 R   0.00000 0.00000 0.00000 0.00000 0.00000 0.00000 0.00000 0.00000 0.99999 ( 9) 998.990  1.000
  63 V   0.00000 0.00000 0.00000 0.00000 0.00000 0.00000 0.00000 0.00000 0.99999 ( 9) 998.990  1.000
  64 E   0.00000 0.00000 0.00000 0.00000 0.00000 0.00000 0.00000 0.00000 0.99999 ( 9) 998.990  1.000
  65 I   0.00000 0.00000 0.00000 0.00000 0.00000 0.00000 0.00000 0.00000 0.99999 ( 9) 998.990  1.000
  66 R   0.00000 0.00000 0.00000 0.00000 0.00000 0.00000 0.00000 0.00000 0.99999 ( 9) 998.990  1.000
  67 F   0.00000 0.00000 0.00000 0.00000 0.00000 0.00000 0.00000 0.00000 0.99999 ( 9) 998.990  1.000
  68 N   0.00000 0.00000 0.00000 0.00000 0.00000 0.00000 0.00000 0.00000 0.99999 ( 9) 998.990  1.000
  69 L   0.00000 0.00000 0.00000 0.00000 0.00000 0.00000 0.00000 0.00000 0.99999 ( 9) 998.990  1.000
  70 A   0.00000 0.00000 0.00000 0.00000 0.00000 0.00000 0.00000 0.00000 0.99999 ( 9) 998.990  1.000
  71 Q   0.00000 0.00000 0.00000 0.00000 0.00000 0.00000 0.00000 0.00000 0.99999 ( 9) 998.990  1.000
  72 A   0.00000 0.00000 0.00000 0.00000 0.00000 0.00000 0.00000 0.00000 0.99999 ( 9) 998.990  1.000
  73 S   0.00000 0.00000 0.00000 0.00000 0.00000 0.00000 0.00000 0.00000 0.99999 ( 9) 998.990  1.000
  74 F   0.00000 0.00000 0.00000 0.00000 0.00000 0.00000 0.00000 0.00000 0.99999 ( 9) 998.990  1.000
  75 I   0.00000 0.00000 0.00000 0.00000 0.00000 0.00000 0.00000 0.00000 0.99999 ( 9) 998.990  1.000
  76 P   0.00000 0.00000 0.00000 0.00000 0.00000 0.00000 0.00000 0.00000 0.99999 ( 9) 998.990  1.000
  77 Q   0.00000 0.00000 0.00000 0.00000 0.00000 0.00000 0.00000 0.00000 0.99999 ( 9) 998.990  1.000
  78 R   0.00000 0.00000 0.00000 0.00000 0.00000 0.00000 0.00000 0.00000 0.99999 ( 9) 998.990  1.000
  79 L   0.00000 0.00000 0.00000 0.00000 0.00000 0.00000 0.00000 0.00000 0.99999 ( 9) 998.990  1.000
  80 K   0.00000 0.00000 0.00000 0.00000 0.00000 0.00000 0.00000 0.00000 0.99999 ( 9) 998.990  1.000
  81 P   0.00000 0.00000 0.00000 0.00000 0.00000 0.00000 0.00000 0.00000 0.99999 ( 9) 998.990  1.000
  82 R   0.00000 0.00000 0.00000 0.00000 0.00000 0.00000 0.00000 0.00000 0.99999 ( 9) 998.990  1.000
  83 L   0.00000 0.00000 0.00000 0.00000 0.00000 0.00000 0.00000 0.00000 0.99999 ( 9) 998.990  1.000
  84 V   0.00000 0.00000 0.00000 0.00000 0.00000 0.00000 0.00000 0.00000 0.99999 ( 9) 998.990  1.000
  85 Q   0.00000 0.00000 0.00000 0.00000 0.00000 0.00000 0.00000 0.00000 0.99999 ( 9) 998.990  1.000
  86 L   0.00000 0.00000 0.00000 0.00000 0.00000 0.00000 0.00000 0.00000 0.99999 ( 9) 998.990  1.000
  87 Y   0.00000 0.00000 0.00000 0.00000 0.00000 0.00000 0.00000 0.00000 0.99999 ( 9) 998.990  1.000
  88 S   0.00000 0.00000 0.00000 0.00000 0.00000 0.00000 0.00000 0.00000 0.99999 ( 9) 998.990  1.000
  89 D   0.00000 0.00000 0.00000 0.00000 0.00000 0.00000 0.00000 0.00000 0.99999 ( 9) 998.990  1.000
  90 R   0.00000 0.00000 0.00000 0.00000 0.00000 0.00000 0.00000 0.00000 0.99999 ( 9) 998.990  1.000
  91 I   0.00000 0.00000 0.00000 0.00000 0.00000 0.00000 0.00000 0.00000 0.99999 ( 9) 998.990  1.000
  92 S   0.00000 0.00000 0.00000 0.00000 0.00000 0.00000 0.00000 0.00000 0.99999 ( 9) 998.990  1.000
  93 R   0.00000 0.00000 0.00000 0.00000 0.00000 0.00000 0.00000 0.00000 0.99999 ( 9) 998.990  1.000
  94 D   0.00000 0.00000 0.00000 0.00000 0.00000 0.00000 0.00000 0.00000 0.99999 ( 9) 998.990  1.000
  95 G   0.00000 0.00000 0.00000 0.00000 0.00000 0.00000 0.00000 0.00000 0.99999 ( 9) 998.990  1.000
  96 Q   0.00000 0.00000 0.00000 0.00000 0.00000 0.00000 0.00000 0.00000 0.99999 ( 9) 998.990  1.000
  97 F   0.00000 0.00000 0.00000 0.00000 0.00000 0.00000 0.00000 0.00000 0.99999 ( 9) 998.990  1.000
  98 V   0.00000 0.00000 0.00000 0.00000 0.00000 0.00000 0.00000 0.00000 0.99999 ( 9) 998.990  1.000
  99 V   0.00000 0.00000 0.00000 0.00000 0.00000 0.00000 0.00000 0.00000 0.99999 ( 9) 998.990  1.000
 100 A   0.00000 0.00000 0.00000 0.00000 0.00000 0.00000 0.00000 0.00000 0.99999 ( 9) 998.990  1.000
 101 S   0.00000 0.00000 0.00000 0.00000 0.00000 0.00000 0.00000 0.00000 0.99999 ( 9) 998.990  1.000
 102 D   0.00000 0.00000 0.00000 0.00000 0.00000 0.00000 0.00000 0.00000 0.99999 ( 9) 998.990  1.000
 103 R   0.00000 0.00000 0.00000 0.00000 0.00000 0.00000 0.00000 0.00000 0.99999 ( 9) 998.990  1.000
 104 T   0.00000 0.00000 0.00000 0.00000 0.00000 0.00000 0.00000 0.00000 0.99999 ( 9) 998.990  1.000
 105 R   0.00000 0.00000 0.00000 0.00000 0.00000 0.00000 0.00000 0.00000 0.99999 ( 9) 998.990  1.000
 106 K   0.00000 0.00000 0.00000 0.00000 0.00000 0.00000 0.00000 0.00000 0.99999 ( 9) 998.990  1.000
 107 R   0.00000 0.00000 0.00000 0.00000 0.00000 0.00000 0.00000 0.00000 0.99999 ( 9) 998.990  1.000
 108 L   0.00000 0.00000 0.00000 0.00000 0.00000 0.00000 0.00000 0.00000 0.99999 ( 9) 998.990  1.000
 109 L   0.00000 0.00000 0.00000 0.00000 0.00000 0.00000 0.00000 0.00000 0.99999 ( 9) 998.990  1.000
 110 N   0.00000 0.00000 0.00000 0.00000 0.00000 0.00000 0.00000 0.00000 0.99999 ( 9) 998.990  1.000
 111 R   0.00000 0.00000 0.00000 0.00000 0.00000 0.00000 0.00000 0.00000 0.99999 ( 9) 998.990  1.000
 112 A   0.00000 0.00000 0.00000 0.00000 0.00000 0.00000 0.00000 0.00000 0.99999 ( 9) 998.990  1.000
 113 D   0.00000 0.00000 0.00000 0.00000 0.00000 0.00000 0.00000 0.00000 0.99999 ( 9) 998.990  1.000
 114 C   0.00000 0.00000 0.00000 0.00000 0.00000 0.00000 0.00000 0.00000 0.99999 ( 9) 998.990  1.000
 115 M   0.00000 0.00000 0.00000 0.00000 0.00000 0.00000 0.00000 0.00000 0.99999 ( 9) 998.990  1.000
 116 E   0.00000 0.00000 0.00000 0.00000 0.00000 0.00000 0.00000 0.00000 0.99999 ( 9) 998.990  1.000
 117 T   0.00000 0.00000 0.00000 0.00000 0.00000 0.00000 0.00000 0.00000 0.99999 ( 9) 998.990  1.000
 118 I   0.00000 0.00000 0.00000 0.00000 0.00000 0.00000 0.00000 0.00000 0.99999 ( 9) 998.990  1.000
 119 R   0.00000 0.00000 0.00000 0.00000 0.00000 0.00000 0.00000 0.00000 0.99999 ( 9) 998.990  1.000
 120 E   0.00000 0.00000 0.00000 0.00000 0.00000 0.00000 0.00000 0.00000 0.99999 ( 9) 998.990  1.000
 121 C   0.00000 0.00000 0.00000 0.00000 0.00000 0.00000 0.00000 0.00000 0.99999 ( 9) 998.990  1.000
 122 V   0.00000 0.00000 0.00000 0.00000 0.00000 0.00000 0.00000 0.00000 0.99999 ( 9) 998.990  1.000
 123 R   0.00000 0.00000 0.00000 0.00000 0.00000 0.00000 0.00000 0.00000 0.99999 ( 9) 998.990  1.000
 124 Q   0.00000 0.00000 0.00000 0.00000 0.00000 0.00000 0.00000 0.00000 0.99999 ( 9) 998.990  1.000
 125 A   0.00000 0.00000 0.00000 0.00000 0.00000 0.00000 0.00000 0.00000 0.99999 ( 9) 998.990  1.000
 126 E   0.00000 0.00000 0.00000 0.00000 0.00000 0.00000 0.00000 0.00000 0.99999 ( 9) 998.990  1.000
 127 A   0.00000 0.00000 0.00000 0.00000 0.00000 0.00000 0.00000 0.00000 0.99999 ( 9) 998.990  1.000
 128 A   0.00000 0.00000 0.00000 0.00000 0.00000 0.00000 0.00000 0.00000 0.99999 ( 9) 998.990  1.000
 129 A   0.00000 0.00000 0.00000 0.00000 0.00000 0.00000 0.00000 0.00000 0.99999 ( 9) 998.990  1.000
 130 A   0.00000 0.00000 0.00000 0.00000 0.00000 0.00000 0.00000 0.00000 0.99999 ( 9) 998.990  1.000
 131 E   0.00000 0.00000 0.00000 0.00000 0.00000 0.00000 0.00000 0.00000 0.99999 ( 9) 998.990  1.000
 132 P   0.00000 0.00000 0.00000 0.00000 0.00000 0.00000 0.00000 0.00000 0.99999 ( 9) 998.990  1.000
 133 A   0.00000 0.00000 0.00000 0.00000 0.00000 0.00000 0.00000 0.00000 0.99999 ( 9) 998.990  1.000
 134 T   0.00000 0.00000 0.00000 0.00000 0.00000 0.00000 0.00000 0.00000 0.99999 ( 9) 998.990  1.000
 135 A   0.00000 0.00000 0.00000 0.00000 0.00000 0.00000 0.00000 0.00000 0.99999 ( 9) 998.990  1.000
 136 Q   0.00000 0.00000 0.00000 0.00000 0.00000 0.00000 0.00000 0.00000 0.99999 ( 9) 998.990  1.000
 137 A   0.00000 0.00000 0.00000 0.00000 0.00000 0.00000 0.00000 0.00000 0.99999 ( 9) 998.990  1.000
 138 G   0.00000 0.00000 0.00000 0.00000 0.00000 0.00000 0.00000 0.00000 0.99999 ( 9) 998.990  1.000
 139 D   0.00000 0.00000 0.00000 0.00000 0.00000 0.00000 0.00000 0.00000 0.99999 ( 9) 998.990  1.000
 140 E   0.00000 0.00000 0.00000 0.00000 0.00000 0.00000 0.00000 0.00000 0.99999 ( 9) 998.990  1.000
 141 S   0.00000 0.00000 0.00000 0.00000 0.00000 0.00000 0.00000 0.00000 0.99999 ( 9) 998.990  1.000
 142 P   0.00000 0.00000 0.00000 0.00000 0.00000 0.00000 0.00000 0.00000 0.99999 ( 9) 998.990  1.000
 143 V   0.00000 0.00000 0.00000 0.00000 0.00000 0.00000 0.00000 0.00000 0.99999 ( 9) 998.990  1.000
 144 C   0.00000 0.00000 0.00000 0.00000 0.00000 0.00000 0.00000 0.00000 0.99999 ( 9) 998.990  1.000
 145 Q   0.00000 0.00000 0.00000 0.00000 0.00000 0.00000 0.00000 0.00000 0.99999 ( 9) 998.990  1.000
 146 L   0.00000 0.00000 0.00000 0.00000 0.00000 0.00000 0.00000 0.00000 0.99999 ( 9) 998.990  1.000
 147 A   0.00000 0.00000 0.00000 0.00000 0.00000 0.00000 0.00000 0.00000 0.99999 ( 9) 998.990  1.000
 148 H   0.00000 0.00000 0.00000 0.00000 0.00000 0.00000 0.00000 0.00000 0.99999 ( 9) 998.990  1.000
 149 M   0.00000 0.00000 0.00000 0.00000 0.00000 0.00000 0.00000 0.00000 0.99999 ( 9) 998.990  1.000
 150 D   0.00000 0.00000 0.00000 0.00000 0.00000 0.00000 0.00000 0.00000 0.99999 ( 9) 998.990  1.000
 151 S   0.00000 0.00000 0.00000 0.00000 0.00000 0.00000 0.00000 0.00000 0.99999 ( 9) 998.990  1.000
 152 Q   0.00000 0.00000 0.00000 0.00000 0.00000 0.00000 0.00000 0.00000 0.99999 ( 9) 998.990  1.000
 153 A   0.00000 0.00000 0.00000 0.00000 0.00000 0.00000 0.00000 0.00000 0.99999 ( 9) 998.990  1.000
 154 A   0.00000 0.00000 0.00000 0.00000 0.00000 0.00000 0.00000 0.00000 0.99999 ( 9) 998.990  1.000
 155 L   0.00000 0.00000 0.00000 0.00000 0.00000 0.00000 0.00000 0.00000 0.99999 ( 9) 998.990  1.000
 156 A   0.00000 0.00000 0.00000 0.00000 0.00000 0.00000 0.00000 0.00000 0.99999 ( 9) 998.990  1.000
 157 R   0.00000 0.00000 0.00000 0.00000 0.00000 0.00000 0.00000 0.00000 0.99999 ( 9) 998.990  1.000
 158 P   0.00000 0.00000 0.00000 0.00000 0.00000 0.00000 0.00000 0.00000 0.99999 ( 9) 998.990  1.000
 159 F   0.00000 0.00000 0.00000 0.00000 0.00000 0.00000 0.00000 0.00000 0.99999 ( 9) 998.990  1.000
 160 S   0.00000 0.00000 0.00000 0.00000 0.00000 0.00000 0.00000 0.00000 0.99999 ( 9) 998.990  1.000
 161 G   0.00000 0.00000 0.00000 0.00000 0.00000 0.00000 0.00000 0.00000 0.99999 ( 9) 998.990  1.000
 162 N   0.00000 0.00000 0.00000 0.00000 0.00000 0.00000 0.00000 0.00000 0.99999 ( 9) 998.990  1.000
 163 L   0.00000 0.00000 0.00000 0.00000 0.00000 0.00000 0.00000 0.00000 0.99999 ( 9) 998.990  1.000
 164 S   0.00000 0.00000 0.00000 0.00000 0.00000 0.00000 0.00000 0.00000 0.99999 ( 9) 998.990  1.000
 165 F   0.00000 0.00000 0.00000 0.00000 0.00000 0.00000 0.00000 0.00000 0.99999 ( 9) 998.990  1.000
 166 S   0.00000 0.00000 0.00000 0.00000 0.00000 0.00000 0.00000 0.00000 0.99999 ( 9) 998.990  1.000
 167 Q   0.00000 0.00000 0.00000 0.00000 0.00000 0.00000 0.00000 0.00000 0.99999 ( 9) 998.990  1.000
 168 L   0.00000 0.00000 0.00000 0.00000 0.00000 0.00000 0.00000 0.00000 0.99999 ( 9) 998.990  1.000
 169 R   0.00000 0.00000 0.00000 0.00000 0.00000 0.00000 0.00000 0.00000 0.99999 ( 9) 998.990  1.000
 170 L   0.00000 0.00000 0.00000 0.00000 0.00000 0.00000 0.00000 0.00000 0.99999 ( 9) 998.990  1.000

Positively selected sites

	Prob(w>1)  mean w

     1 M      1.000**       998.990
     2 S      1.000**       998.990
     3 R      1.000**       998.990
     4 L      1.000**       998.990
     5 P      1.000**       998.990
     6 M      1.000**       998.990
     7 L      1.000**       998.990
     8 L      1.000**       998.990
     9 A      1.000**       998.990
    10 S      1.000**       998.990
    11 A      1.000**       998.990
    12 C      1.000**       998.990
    13 G      1.000**       998.990
    14 V      1.000**       998.990
    15 Q      1.000**       998.990
    16 L      1.000**       998.990
    17 F      1.000**       998.990
    18 K      1.000**       998.990
    19 R      1.000**       998.990
    20 S      1.000**       998.990
    21 F      1.000**       998.990
    22 A      1.000**       998.990
    23 A      1.000**       998.990
    24 A      1.000**       998.990
    25 A      1.000**       998.990
    26 A      1.000**       998.990
    27 S      1.000**       998.990
    28 G      1.000**       998.990
    29 S      1.000**       998.990
    30 F      1.000**       998.990
    31 T      1.000**       998.990
    32 G      1.000**       998.990
    33 R      1.000**       998.990
    34 I      1.000**       998.990
    35 P      1.000**       998.990
    36 I      1.000**       998.990
    37 K      1.000**       999.000
    38 E      1.000**       998.990
    39 L      1.000**       998.990
    40 H      1.000**       998.990
    41 I      1.000**       998.990
    42 R      1.000**       998.990
    43 E      1.000**       998.990
    44 G      1.000**       998.990
    45 C      1.000**       998.990
    46 S      1.000**       998.990
    47 V      1.000**       998.990
    48 N      1.000**       998.990
    49 G      1.000**       998.990
    50 R      1.000**       998.990
    51 P      1.000**       998.990
    52 L      1.000**       998.990
    53 S      1.000**       998.990
    54 D      1.000**       998.990
    55 S      1.000**       998.990
    56 P      1.000**       998.990
    57 S      1.000**       998.990
    58 G      1.000**       998.990
    59 S      1.000**       998.990
    60 T      1.000**       998.990
    61 A      1.000**       998.990
    62 R      1.000**       998.990
    63 V      1.000**       998.990
    64 E      1.000**       998.990
    65 I      1.000**       998.990
    66 R      1.000**       998.990
    67 F      1.000**       998.990
    68 N      1.000**       998.990
    69 L      1.000**       998.990
    70 A      1.000**       998.990
    71 Q      1.000**       998.990
    72 A      1.000**       998.990
    73 S      1.000**       998.990
    74 F      1.000**       998.990
    75 I      1.000**       998.990
    76 P      1.000**       998.990
    77 Q      1.000**       998.990
    78 R      1.000**       998.990
    79 L      1.000**       998.990
    80 K      1.000**       998.990
    81 P      1.000**       998.990
    82 R      1.000**       998.990
    83 L      1.000**       998.990
    84 V      1.000**       998.990
    85 Q      1.000**       998.990
    86 L      1.000**       998.990
    87 Y      1.000**       998.990
    88 S      1.000**       998.990
    89 D      1.000**       998.990
    90 R      1.000**       998.990
    91 I      1.000**       998.990
    92 S      1.000**       998.990
    93 R      1.000**       998.990
    94 D      1.000**       998.990
    95 G      1.000**       998.990
    96 Q      1.000**       998.990
    97 F      1.000**       998.990
    98 V      1.000**       998.990
    99 V      1.000**       998.990
   100 A      1.000**       998.990
   101 S      1.000**       998.990
   102 D      1.000**       998.990
   103 R      1.000**       998.990
   104 T      1.000**       998.990
   105 R      1.000**       998.990
   106 K      1.000**       998.990
   107 R      1.000**       998.990
   108 L      1.000**       998.990
   109 L      1.000**       998.990
   110 N      1.000**       998.990
   111 R      1.000**       998.990
   112 A      1.000**       998.990
   113 D      1.000**       998.990
   114 C      1.000**       998.990
   115 M      1.000**       998.990
   116 E      1.000**       998.990
   117 T      1.000**       998.990
   118 I      1.000**       998.990
   119 R      1.000**       998.990
   120 E      1.000**       998.990
   121 C      1.000**       998.990
   122 V      1.000**       998.990
   123 R      1.000**       998.990
   124 Q      1.000**       998.990
   125 A      1.000**       998.990
   126 E      1.000**       998.990
   127 A      1.000**       998.990
   128 A      1.000**       998.990
   129 A      1.000**       998.990
   130 A      1.000**       998.990
   131 E      1.000**       998.990
   132 P      1.000**       998.990
   133 A      1.000**       998.990
   134 T      1.000**       998.990
   135 A      1.000**       998.990
   136 Q      1.000**       998.990
   137 A      1.000**       998.990
   138 G      1.000**       998.990
   139 D      1.000**       998.990
   140 E      1.000**       998.990
   141 S      1.000**       998.990
   142 P      1.000**       998.990
   143 V      1.000**       998.990
   144 C      1.000**       998.990
   145 Q      1.000**       998.990
   146 L      1.000**       998.990
   147 A      1.000**       998.990
   148 H      1.000**       998.990
   149 M      1.000**       998.990
   150 D      1.000**       998.990
   151 S      1.000**       998.990
   152 Q      1.000**       998.990
   153 A      1.000**       998.990
   154 A      1.000**       998.990
   155 L      1.000**       998.990
   156 A      1.000**       998.990
   157 R      1.000**       998.990
   158 P      1.000**       998.990
   159 F      1.000**       998.990
   160 S      1.000**       998.990
   161 G      1.000**       998.990
   162 N      1.000**       998.990
   163 L      1.000**       998.990
   164 S      1.000**       998.990
   165 F      1.000**       998.990
   166 S      1.000**       998.990
   167 Q      1.000**       998.990
   168 L      1.000**       998.990
   169 R      1.000**       998.990
   170 L      1.000**       998.990


lnL =  -690.863161

Bayes Empirical Bayes (BEB) probabilities for 11 classes (class) & postmean_w
(amino acids refer to 1st sequence: Msl.17493)

   1 M   0.06779 0.02790 0.02640 0.02612 0.02615 0.02630 0.02659 0.02726 0.02938 0.07694 0.63917 (11)  4.861 +-  3.857
   2 S   0.06779 0.02790 0.02640 0.02612 0.02615 0.02630 0.02659 0.02726 0.02938 0.07694 0.63917 (11)  4.861 +-  3.857
   3 R   0.06779 0.02790 0.02640 0.02612 0.02615 0.02630 0.02659 0.02726 0.02938 0.07694 0.63918 (11)  4.861 +-  3.857
   4 L   0.06779 0.02790 0.02640 0.02612 0.02615 0.02630 0.02659 0.02726 0.02938 0.07694 0.63917 (11)  4.861 +-  3.857
   5 P   0.06779 0.02790 0.02640 0.02612 0.02615 0.02630 0.02659 0.02726 0.02938 0.07694 0.63918 (11)  4.861 +-  3.857
   6 M   0.06779 0.02790 0.02640 0.02612 0.02615 0.02630 0.02659 0.02726 0.02938 0.07694 0.63917 (11)  4.861 +-  3.857
   7 L   0.06779 0.02790 0.02640 0.02612 0.02615 0.02630 0.02659 0.02726 0.02938 0.07694 0.63917 (11)  4.861 +-  3.857
   8 L   0.06779 0.02790 0.02640 0.02612 0.02615 0.02630 0.02659 0.02726 0.02938 0.07694 0.63917 (11)  4.861 +-  3.857
   9 A   0.06779 0.02790 0.02640 0.02612 0.02615 0.02630 0.02659 0.02726 0.02938 0.07694 0.63917 (11)  4.861 +-  3.857
  10 S   0.06779 0.02790 0.02640 0.02612 0.02615 0.02630 0.02659 0.02726 0.02938 0.07694 0.63917 (11)  4.861 +-  3.857
  11 A   0.06779 0.02790 0.02640 0.02612 0.02615 0.02630 0.02659 0.02726 0.02938 0.07694 0.63918 (11)  4.861 +-  3.857
  12 C   0.06779 0.02790 0.02640 0.02612 0.02615 0.02630 0.02659 0.02726 0.02938 0.07694 0.63917 (11)  4.861 +-  3.857
  13 G   0.06779 0.02790 0.02640 0.02612 0.02615 0.02630 0.02659 0.02726 0.02938 0.07694 0.63918 (11)  4.861 +-  3.857
  14 V   0.06779 0.02790 0.02640 0.02612 0.02615 0.02630 0.02659 0.02726 0.02938 0.07694 0.63917 (11)  4.861 +-  3.857
  15 Q   0.06779 0.02790 0.02640 0.02612 0.02615 0.02630 0.02659 0.02726 0.02938 0.07694 0.63918 (11)  4.861 +-  3.857
  16 L   0.06779 0.02790 0.02640 0.02612 0.02615 0.02630 0.02659 0.02726 0.02938 0.07694 0.63917 (11)  4.861 +-  3.857
  17 F   0.06779 0.02790 0.02640 0.02612 0.02615 0.02630 0.02659 0.02726 0.02938 0.07694 0.63917 (11)  4.861 +-  3.857
  18 K   0.06779 0.02790 0.02640 0.02612 0.02615 0.02630 0.02659 0.02726 0.02938 0.07694 0.63918 (11)  4.861 +-  3.857
  19 R   0.06779 0.02790 0.02640 0.02612 0.02615 0.02630 0.02659 0.02726 0.02938 0.07694 0.63918 (11)  4.861 +-  3.857
  20 S   0.06779 0.02790 0.02640 0.02612 0.02615 0.02630 0.02659 0.02726 0.02938 0.07694 0.63917 (11)  4.861 +-  3.857
  21 F   0.06779 0.02790 0.02640 0.02612 0.02615 0.02630 0.02659 0.02726 0.02938 0.07694 0.63917 (11)  4.861 +-  3.857
  22 A   0.06779 0.02790 0.02640 0.02612 0.02615 0.02630 0.02659 0.02726 0.02938 0.07694 0.63918 (11)  4.861 +-  3.857
  23 A   0.06779 0.02790 0.02640 0.02612 0.02615 0.02630 0.02659 0.02726 0.02938 0.07694 0.63917 (11)  4.861 +-  3.857
  24 A   0.06779 0.02790 0.02640 0.02612 0.02615 0.02630 0.02659 0.02726 0.02938 0.07694 0.63917 (11)  4.861 +-  3.857
  25 A   0.06779 0.02790 0.02640 0.02612 0.02615 0.02630 0.02659 0.02726 0.02938 0.07694 0.63917 (11)  4.861 +-  3.857
  26 A   0.06779 0.02790 0.02640 0.02612 0.02615 0.02630 0.02659 0.02726 0.02938 0.07694 0.63918 (11)  4.861 +-  3.857
  27 S   0.06779 0.02790 0.02640 0.02612 0.02615 0.02630 0.02659 0.02726 0.02938 0.07694 0.63917 (11)  4.861 +-  3.857
  28 G   0.06779 0.02790 0.02640 0.02612 0.02615 0.02630 0.02659 0.02726 0.02938 0.07694 0.63917 (11)  4.861 +-  3.857
  29 S   0.06779 0.02790 0.02640 0.02612 0.02615 0.02630 0.02659 0.02726 0.02938 0.07694 0.63917 (11)  4.861 +-  3.857
  30 F   0.06779 0.02790 0.02640 0.02612 0.02615 0.02630 0.02659 0.02726 0.02938 0.07694 0.63917 (11)  4.861 +-  3.857
  31 T   0.06779 0.02790 0.02640 0.02612 0.02615 0.02630 0.02659 0.02726 0.02938 0.07694 0.63917 (11)  4.861 +-  3.857
  32 G   0.06779 0.02790 0.02640 0.02612 0.02615 0.02630 0.02659 0.02726 0.02938 0.07694 0.63917 (11)  4.861 +-  3.857
  33 R   0.06779 0.02790 0.02640 0.02612 0.02615 0.02630 0.02659 0.02726 0.02938 0.07694 0.63917 (11)  4.861 +-  3.857
  34 I   0.06779 0.02790 0.02640 0.02612 0.02615 0.02630 0.02659 0.02726 0.02938 0.07694 0.63917 (11)  4.861 +-  3.857
  35 P   0.06779 0.02790 0.02640 0.02612 0.02615 0.02630 0.02659 0.02726 0.02938 0.07694 0.63917 (11)  4.861 +-  3.857
  36 I   0.06779 0.02790 0.02640 0.02612 0.02615 0.02630 0.02659 0.02726 0.02938 0.07694 0.63917 (11)  4.861 +-  3.857
  37 K   0.00155 0.00184 0.00287 0.00394 0.00504 0.00617 0.00732 0.00860 0.01040 0.02938 0.92288 (11)  6.858 +-  3.003
  38 E   0.06779 0.02790 0.02640 0.02612 0.02615 0.02630 0.02659 0.02726 0.02938 0.07694 0.63917 (11)  4.861 +-  3.857
  39 L   0.06779 0.02790 0.02640 0.02612 0.02615 0.02630 0.02659 0.02726 0.02938 0.07694 0.63917 (11)  4.861 +-  3.857
  40 H   0.06779 0.02790 0.02640 0.02612 0.02615 0.02630 0.02659 0.02726 0.02938 0.07694 0.63917 (11)  4.861 +-  3.857
  41 I   0.06779 0.02790 0.02640 0.02612 0.02615 0.02630 0.02659 0.02726 0.02938 0.07694 0.63917 (11)  4.861 +-  3.857
  42 R   0.06779 0.02790 0.02640 0.02612 0.02615 0.02630 0.02659 0.02726 0.02938 0.07694 0.63917 (11)  4.861 +-  3.857
  43 E   0.06779 0.02790 0.02640 0.02612 0.02615 0.02630 0.02659 0.02726 0.02938 0.07694 0.63917 (11)  4.861 +-  3.857
  44 G   0.06779 0.02790 0.02640 0.02612 0.02615 0.02630 0.02659 0.02726 0.02938 0.07694 0.63917 (11)  4.861 +-  3.857
  45 C   0.06779 0.02790 0.02640 0.02612 0.02615 0.02630 0.02659 0.02726 0.02938 0.07694 0.63917 (11)  4.861 +-  3.857
  46 S   0.06779 0.02790 0.02640 0.02612 0.02615 0.02630 0.02659 0.02726 0.02938 0.07694 0.63917 (11)  4.861 +-  3.857
  47 V   0.06779 0.02790 0.02640 0.02612 0.02615 0.02630 0.02659 0.02726 0.02938 0.07694 0.63917 (11)  4.861 +-  3.857
  48 N   0.06779 0.02790 0.02640 0.02612 0.02615 0.02630 0.02659 0.02726 0.02938 0.07694 0.63917 (11)  4.861 +-  3.857
  49 G   0.06779 0.02790 0.02640 0.02612 0.02615 0.02630 0.02659 0.02726 0.02938 0.07694 0.63917 (11)  4.861 +-  3.857
  50 R   0.06779 0.02790 0.02640 0.02612 0.02615 0.02630 0.02659 0.02726 0.02938 0.07694 0.63917 (11)  4.861 +-  3.857
  51 P   0.06779 0.02790 0.02640 0.02612 0.02615 0.02630 0.02659 0.02726 0.02938 0.07694 0.63918 (11)  4.861 +-  3.857
  52 L   0.06779 0.02790 0.02640 0.02612 0.02615 0.02630 0.02659 0.02726 0.02938 0.07694 0.63918 (11)  4.861 +-  3.857
  53 S   0.06779 0.02790 0.02640 0.02612 0.02615 0.02630 0.02659 0.02726 0.02938 0.07694 0.63917 (11)  4.861 +-  3.857
  54 D   0.06779 0.02790 0.02640 0.02612 0.02615 0.02630 0.02659 0.02726 0.02938 0.07694 0.63917 (11)  4.861 +-  3.857
  55 S   0.06779 0.02790 0.02640 0.02612 0.02615 0.02630 0.02659 0.02726 0.02938 0.07694 0.63917 (11)  4.861 +-  3.857
  56 P   0.06779 0.02790 0.02640 0.02612 0.02615 0.02630 0.02659 0.02726 0.02938 0.07694 0.63917 (11)  4.861 +-  3.857
  57 S   0.06779 0.02790 0.02640 0.02612 0.02615 0.02630 0.02659 0.02726 0.02938 0.07694 0.63917 (11)  4.861 +-  3.857
  58 G   0.06779 0.02790 0.02640 0.02612 0.02615 0.02630 0.02659 0.02726 0.02938 0.07694 0.63917 (11)  4.861 +-  3.857
  59 S   0.06779 0.02790 0.02640 0.02612 0.02615 0.02630 0.02659 0.02726 0.02938 0.07694 0.63917 (11)  4.861 +-  3.857
  60 T   0.06779 0.02790 0.02640 0.02612 0.02615 0.02630 0.02659 0.02726 0.02938 0.07694 0.63917 (11)  4.861 +-  3.857
  61 A   0.06779 0.02790 0.02640 0.02612 0.02615 0.02630 0.02659 0.02726 0.02938 0.07694 0.63917 (11)  4.861 +-  3.857
  62 R   0.06779 0.02790 0.02640 0.02612 0.02615 0.02630 0.02659 0.02726 0.02938 0.07694 0.63918 (11)  4.861 +-  3.857
  63 V   0.06779 0.02790 0.02640 0.02612 0.02615 0.02630 0.02659 0.02726 0.02938 0.07694 0.63917 (11)  4.861 +-  3.857
  64 E   0.06779 0.02790 0.02640 0.02612 0.02615 0.02630 0.02659 0.02726 0.02938 0.07694 0.63918 (11)  4.861 +-  3.857
  65 I   0.06779 0.02790 0.02640 0.02612 0.02615 0.02630 0.02659 0.02726 0.02938 0.07694 0.63917 (11)  4.861 +-  3.857
  66 R   0.06779 0.02790 0.02640 0.02612 0.02615 0.02630 0.02659 0.02726 0.02938 0.07694 0.63918 (11)  4.861 +-  3.857
  67 F   0.06779 0.02790 0.02640 0.02612 0.02615 0.02630 0.02659 0.02726 0.02938 0.07694 0.63917 (11)  4.861 +-  3.857
  68 N   0.06779 0.02790 0.02640 0.02612 0.02615 0.02630 0.02659 0.02726 0.02938 0.07694 0.63917 (11)  4.861 +-  3.857
  69 L   0.06779 0.02790 0.02640 0.02612 0.02615 0.02630 0.02659 0.02726 0.02938 0.07694 0.63917 (11)  4.861 +-  3.857
  70 A   0.06779 0.02790 0.02640 0.02612 0.02615 0.02630 0.02659 0.02726 0.02938 0.07694 0.63917 (11)  4.861 +-  3.857
  71 Q   0.06779 0.02790 0.02640 0.02612 0.02615 0.02630 0.02659 0.02726 0.02938 0.07694 0.63917 (11)  4.861 +-  3.857
  72 A   0.06779 0.02790 0.02640 0.02612 0.02615 0.02630 0.02659 0.02726 0.02938 0.07694 0.63917 (11)  4.861 +-  3.857
  73 S   0.06779 0.02790 0.02640 0.02612 0.02615 0.02630 0.02659 0.02726 0.02938 0.07694 0.63917 (11)  4.861 +-  3.857
  74 F   0.06779 0.02790 0.02640 0.02612 0.02615 0.02630 0.02659 0.02726 0.02938 0.07694 0.63917 (11)  4.861 +-  3.857
  75 I   0.06779 0.02790 0.02640 0.02612 0.02615 0.02630 0.02659 0.02726 0.02938 0.07694 0.63917 (11)  4.861 +-  3.857
  76 P   0.06779 0.02790 0.02640 0.02612 0.02615 0.02630 0.02659 0.02726 0.02938 0.07694 0.63917 (11)  4.861 +-  3.857
  77 Q   0.06779 0.02790 0.02640 0.02612 0.02615 0.02630 0.02659 0.02726 0.02938 0.07694 0.63917 (11)  4.861 +-  3.857
  78 R   0.06779 0.02790 0.02640 0.02612 0.02615 0.02630 0.02659 0.02726 0.02938 0.07694 0.63918 (11)  4.861 +-  3.857
  79 L   0.06779 0.02790 0.02640 0.02612 0.02615 0.02630 0.02659 0.02726 0.02938 0.07694 0.63918 (11)  4.861 +-  3.857
  80 K   0.06779 0.02790 0.02640 0.02612 0.02615 0.02630 0.02659 0.02726 0.02938 0.07694 0.63917 (11)  4.861 +-  3.857
  81 P   0.06779 0.02790 0.02640 0.02612 0.02615 0.02630 0.02659 0.02726 0.02938 0.07694 0.63917 (11)  4.861 +-  3.857
  82 R   0.06779 0.02790 0.02640 0.02612 0.02615 0.02630 0.02659 0.02726 0.02938 0.07694 0.63918 (11)  4.861 +-  3.857
  83 L   0.06779 0.02790 0.02640 0.02612 0.02615 0.02630 0.02659 0.02726 0.02938 0.07694 0.63918 (11)  4.861 +-  3.857
  84 V   0.06779 0.02790 0.02640 0.02612 0.02615 0.02630 0.02659 0.02726 0.02938 0.07694 0.63917 (11)  4.861 +-  3.857
  85 Q   0.06779 0.02790 0.02640 0.02612 0.02615 0.02630 0.02659 0.02726 0.02938 0.07694 0.63917 (11)  4.861 +-  3.857
  86 L   0.06779 0.02790 0.02640 0.02612 0.02615 0.02630 0.02659 0.02726 0.02938 0.07694 0.63917 (11)  4.861 +-  3.857
  87 Y   0.06779 0.02790 0.02640 0.02612 0.02615 0.02630 0.02659 0.02726 0.02938 0.07694 0.63917 (11)  4.861 +-  3.857
  88 S   0.06779 0.02790 0.02640 0.02612 0.02615 0.02630 0.02659 0.02726 0.02938 0.07694 0.63917 (11)  4.861 +-  3.857
  89 D   0.06779 0.02790 0.02640 0.02612 0.02615 0.02630 0.02659 0.02726 0.02938 0.07694 0.63917 (11)  4.861 +-  3.857
  90 R   0.06779 0.02790 0.02640 0.02612 0.02615 0.02630 0.02659 0.02726 0.02938 0.07694 0.63917 (11)  4.861 +-  3.857
  91 I   0.06779 0.02790 0.02640 0.02612 0.02615 0.02630 0.02659 0.02726 0.02938 0.07694 0.63917 (11)  4.861 +-  3.857
  92 S   0.06779 0.02790 0.02640 0.02612 0.02615 0.02630 0.02659 0.02726 0.02938 0.07694 0.63917 (11)  4.861 +-  3.857
  93 R   0.06779 0.02790 0.02640 0.02612 0.02615 0.02630 0.02659 0.02726 0.02938 0.07694 0.63917 (11)  4.861 +-  3.857
  94 D   0.06779 0.02790 0.02640 0.02612 0.02615 0.02630 0.02659 0.02726 0.02938 0.07694 0.63917 (11)  4.861 +-  3.857
  95 G   0.06779 0.02790 0.02640 0.02612 0.02615 0.02630 0.02659 0.02726 0.02938 0.07694 0.63917 (11)  4.861 +-  3.857
  96 Q   0.06779 0.02790 0.02640 0.02612 0.02615 0.02630 0.02659 0.02726 0.02938 0.07694 0.63917 (11)  4.861 +-  3.857
  97 F   0.06779 0.02790 0.02640 0.02612 0.02615 0.02630 0.02659 0.02726 0.02938 0.07694 0.63917 (11)  4.861 +-  3.857
  98 V   0.06779 0.02790 0.02640 0.02612 0.02615 0.02630 0.02659 0.02726 0.02938 0.07694 0.63917 (11)  4.861 +-  3.857
  99 V   0.06779 0.02790 0.02640 0.02612 0.02615 0.02630 0.02659 0.02726 0.02938 0.07694 0.63917 (11)  4.861 +-  3.857
 100 A   0.06779 0.02790 0.02640 0.02612 0.02615 0.02630 0.02659 0.02726 0.02938 0.07694 0.63917 (11)  4.861 +-  3.857
 101 S   0.06779 0.02790 0.02640 0.02612 0.02615 0.02630 0.02659 0.02726 0.02938 0.07694 0.63917 (11)  4.861 +-  3.857
 102 D   0.06779 0.02790 0.02640 0.02612 0.02615 0.02630 0.02659 0.02726 0.02938 0.07694 0.63917 (11)  4.861 +-  3.857
 103 R   0.06779 0.02790 0.02640 0.02612 0.02615 0.02630 0.02659 0.02726 0.02938 0.07694 0.63917 (11)  4.861 +-  3.857
 104 T   0.06779 0.02790 0.02640 0.02612 0.02615 0.02630 0.02659 0.02726 0.02938 0.07694 0.63917 (11)  4.861 +-  3.857
 105 R   0.06779 0.02790 0.02640 0.02612 0.02615 0.02630 0.02659 0.02726 0.02938 0.07694 0.63917 (11)  4.861 +-  3.857
 106 K   0.06779 0.02790 0.02640 0.02612 0.02615 0.02630 0.02659 0.02726 0.02938 0.07694 0.63917 (11)  4.861 +-  3.857
 107 R   0.06779 0.02790 0.02640 0.02612 0.02615 0.02630 0.02659 0.02726 0.02938 0.07694 0.63917 (11)  4.861 +-  3.857
 108 L   0.06779 0.02790 0.02640 0.02612 0.02615 0.02630 0.02659 0.02726 0.02938 0.07694 0.63917 (11)  4.861 +-  3.857
 109 L   0.06779 0.02790 0.02640 0.02612 0.02615 0.02630 0.02659 0.02726 0.02938 0.07694 0.63917 (11)  4.861 +-  3.857
 110 N   0.06779 0.02790 0.02640 0.02612 0.02615 0.02630 0.02659 0.02726 0.02938 0.07694 0.63917 (11)  4.861 +-  3.857
 111 R   0.06779 0.02790 0.02640 0.02612 0.02615 0.02630 0.02659 0.02726 0.02938 0.07694 0.63917 (11)  4.861 +-  3.857
 112 A   0.06779 0.02790 0.02640 0.02612 0.02615 0.02630 0.02659 0.02726 0.02938 0.07694 0.63917 (11)  4.861 +-  3.857
 113 D   0.06779 0.02790 0.02640 0.02612 0.02615 0.02630 0.02659 0.02726 0.02938 0.07694 0.63917 (11)  4.861 +-  3.857
 114 C   0.06779 0.02790 0.02640 0.02612 0.02615 0.02630 0.02659 0.02726 0.02938 0.07694 0.63918 (11)  4.861 +-  3.857
 115 M   0.06779 0.02790 0.02640 0.02612 0.02615 0.02630 0.02659 0.02726 0.02938 0.07694 0.63917 (11)  4.861 +-  3.857
 116 E   0.06779 0.02790 0.02640 0.02612 0.02615 0.02630 0.02659 0.02726 0.02938 0.07694 0.63918 (11)  4.861 +-  3.857
 117 T   0.06779 0.02790 0.02640 0.02612 0.02615 0.02630 0.02659 0.02726 0.02938 0.07694 0.63917 (11)  4.861 +-  3.857
 118 I   0.06779 0.02790 0.02640 0.02612 0.02615 0.02630 0.02659 0.02726 0.02938 0.07694 0.63917 (11)  4.861 +-  3.857
 119 R   0.06779 0.02790 0.02640 0.02612 0.02615 0.02630 0.02659 0.02726 0.02938 0.07694 0.63917 (11)  4.861 +-  3.857
 120 E   0.06779 0.02790 0.02640 0.02612 0.02615 0.02630 0.02659 0.02726 0.02938 0.07694 0.63917 (11)  4.861 +-  3.857
 121 C   0.06779 0.02790 0.02640 0.02612 0.02615 0.02630 0.02659 0.02726 0.02938 0.07694 0.63917 (11)  4.861 +-  3.857
 122 V   0.06779 0.02790 0.02640 0.02612 0.02615 0.02630 0.02659 0.02726 0.02938 0.07694 0.63917 (11)  4.861 +-  3.857
 123 R   0.06779 0.02790 0.02640 0.02612 0.02615 0.02630 0.02659 0.02726 0.02938 0.07694 0.63917 (11)  4.861 +-  3.857
 124 Q   0.06779 0.02790 0.02640 0.02612 0.02615 0.02630 0.02659 0.02726 0.02938 0.07694 0.63917 (11)  4.861 +-  3.857
 125 A   0.06779 0.02790 0.02640 0.02612 0.02615 0.02630 0.02659 0.02726 0.02938 0.07694 0.63917 (11)  4.861 +-  3.857
 126 E   0.06779 0.02790 0.02640 0.02612 0.02615 0.02630 0.02659 0.02726 0.02938 0.07694 0.63917 (11)  4.861 +-  3.857
 127 A   0.06779 0.02790 0.02640 0.02612 0.02615 0.02630 0.02659 0.02726 0.02938 0.07694 0.63917 (11)  4.861 +-  3.857
 128 A   0.06779 0.02790 0.02640 0.02612 0.02615 0.02630 0.02659 0.02726 0.02938 0.07694 0.63917 (11)  4.861 +-  3.857
 129 A   0.06779 0.02790 0.02640 0.02612 0.02615 0.02630 0.02659 0.02726 0.02938 0.07694 0.63917 (11)  4.861 +-  3.857
 130 A   0.06779 0.02790 0.02640 0.02612 0.02615 0.02630 0.02659 0.02726 0.02938 0.07694 0.63917 (11)  4.861 +-  3.857
 131 E   0.06779 0.02790 0.02640 0.02612 0.02615 0.02630 0.02659 0.02726 0.02938 0.07694 0.63917 (11)  4.861 +-  3.857
 132 P   0.06779 0.02790 0.02640 0.02612 0.02615 0.02630 0.02659 0.02726 0.02938 0.07694 0.63918 (11)  4.861 +-  3.857
 133 A   0.06779 0.02790 0.02640 0.02612 0.02615 0.02630 0.02659 0.02726 0.02938 0.07694 0.63917 (11)  4.861 +-  3.857
 134 T   0.06779 0.02790 0.02640 0.02612 0.02615 0.02630 0.02659 0.02726 0.02938 0.07694 0.63917 (11)  4.861 +-  3.857
 135 A   0.06779 0.02790 0.02640 0.02612 0.02615 0.02630 0.02659 0.02726 0.02938 0.07694 0.63917 (11)  4.861 +-  3.857
 136 Q   0.06779 0.02790 0.02640 0.02612 0.02615 0.02630 0.02659 0.02726 0.02938 0.07694 0.63918 (11)  4.861 +-  3.857
 137 A   0.06779 0.02790 0.02640 0.02612 0.02615 0.02630 0.02659 0.02726 0.02938 0.07694 0.63918 (11)  4.861 +-  3.857
 138 G   0.06779 0.02790 0.02640 0.02612 0.02615 0.02630 0.02659 0.02726 0.02938 0.07694 0.63917 (11)  4.861 +-  3.857
 139 D   0.06779 0.02790 0.02640 0.02612 0.02615 0.02630 0.02659 0.02726 0.02938 0.07694 0.63917 (11)  4.861 +-  3.857
 140 E   0.06779 0.02790 0.02640 0.02612 0.02615 0.02630 0.02659 0.02726 0.02938 0.07694 0.63917 (11)  4.861 +-  3.857
 141 S   0.06779 0.02790 0.02640 0.02612 0.02615 0.02630 0.02659 0.02726 0.02938 0.07694 0.63917 (11)  4.861 +-  3.857
 142 P   0.06779 0.02790 0.02640 0.02612 0.02615 0.02630 0.02659 0.02726 0.02938 0.07694 0.63917 (11)  4.861 +-  3.857
 143 V   0.06779 0.02790 0.02640 0.02612 0.02615 0.02630 0.02659 0.02726 0.02938 0.07694 0.63917 (11)  4.861 +-  3.857
 144 C   0.06779 0.02790 0.02640 0.02612 0.02615 0.02630 0.02659 0.02726 0.02938 0.07694 0.63918 (11)  4.861 +-  3.857
 145 Q   0.06779 0.02790 0.02640 0.02612 0.02615 0.02630 0.02659 0.02726 0.02938 0.07694 0.63917 (11)  4.861 +-  3.857
 146 L   0.06779 0.02790 0.02640 0.02612 0.02615 0.02630 0.02659 0.02726 0.02938 0.07694 0.63917 (11)  4.861 +-  3.857
 147 A   0.06779 0.02790 0.02640 0.02612 0.02615 0.02630 0.02659 0.02726 0.02938 0.07694 0.63917 (11)  4.861 +-  3.857
 148 H   0.06779 0.02790 0.02640 0.02612 0.02615 0.02630 0.02659 0.02726 0.02938 0.07694 0.63917 (11)  4.861 +-  3.857
 149 M   0.06779 0.02790 0.02640 0.02612 0.02615 0.02630 0.02659 0.02726 0.02938 0.07694 0.63917 (11)  4.861 +-  3.857
 150 D   0.06779 0.02790 0.02640 0.02612 0.02615 0.02630 0.02659 0.02726 0.02938 0.07694 0.63917 (11)  4.861 +-  3.857
 151 S   0.06779 0.02790 0.02640 0.02612 0.02615 0.02630 0.02659 0.02726 0.02938 0.07694 0.63917 (11)  4.861 +-  3.857
 152 Q   0.06779 0.02790 0.02640 0.02612 0.02615 0.02630 0.02659 0.02726 0.02938 0.07694 0.63917 (11)  4.861 +-  3.857
 153 A   0.06779 0.02790 0.02640 0.02612 0.02615 0.02630 0.02659 0.02726 0.02938 0.07694 0.63917 (11)  4.861 +-  3.857
 154 A   0.06779 0.02790 0.02640 0.02612 0.02615 0.02630 0.02659 0.02726 0.02938 0.07694 0.63917 (11)  4.861 +-  3.857
 155 L   0.06779 0.02790 0.02640 0.02612 0.02615 0.02630 0.02659 0.02726 0.02938 0.07694 0.63918 (11)  4.861 +-  3.857
 156 A   0.06779 0.02790 0.02640 0.02612 0.02615 0.02630 0.02659 0.02726 0.02938 0.07694 0.63917 (11)  4.861 +-  3.857
 157 R   0.06779 0.02790 0.02640 0.02612 0.02615 0.02630 0.02659 0.02726 0.02938 0.07694 0.63917 (11)  4.861 +-  3.857
 158 P   0.06779 0.02790 0.02640 0.02612 0.02615 0.02630 0.02659 0.02726 0.02938 0.07694 0.63918 (11)  4.861 +-  3.857
 159 F   0.06779 0.02790 0.02640 0.02612 0.02615 0.02630 0.02659 0.02726 0.02938 0.07694 0.63917 (11)  4.861 +-  3.857
 160 S   0.06779 0.02790 0.02640 0.02612 0.02615 0.02630 0.02659 0.02726 0.02938 0.07694 0.63917 (11)  4.861 +-  3.857
 161 G   0.06779 0.02790 0.02640 0.02612 0.02615 0.02630 0.02659 0.02726 0.02938 0.07694 0.63917 (11)  4.861 +-  3.857
 162 N   0.06779 0.02790 0.02640 0.02612 0.02615 0.02630 0.02659 0.02726 0.02938 0.07694 0.63917 (11)  4.861 +-  3.857
 163 L   0.06779 0.02790 0.02640 0.02612 0.02615 0.02630 0.02659 0.02726 0.02938 0.07694 0.63918 (11)  4.861 +-  3.857
 164 S   0.06779 0.02790 0.02640 0.02612 0.02615 0.02630 0.02659 0.02726 0.02938 0.07694 0.63917 (11)  4.861 +-  3.857
 165 F   0.06779 0.02790 0.02640 0.02612 0.02615 0.02630 0.02659 0.02726 0.02938 0.07694 0.63917 (11)  4.861 +-  3.857
 166 S   0.06779 0.02790 0.02640 0.02612 0.02615 0.02630 0.02659 0.02726 0.02938 0.07694 0.63917 (11)  4.861 +-  3.857
 167 Q   0.06779 0.02790 0.02640 0.02612 0.02615 0.02630 0.02659 0.02726 0.02938 0.07694 0.63917 (11)  4.861 +-  3.857
 168 L   0.06779 0.02790 0.02640 0.02612 0.02615 0.02630 0.02659 0.02726 0.02938 0.07694 0.63917 (11)  4.861 +-  3.857
 169 R   0.06779 0.02790 0.02640 0.02612 0.02615 0.02630 0.02659 0.02726 0.02938 0.07694 0.63918 (11)  4.861 +-  3.857
 170 L   0.06779 0.02790 0.02640 0.02612 0.02615 0.02630 0.02659 0.02726 0.02938 0.07694 0.63918 (11)  4.861 +-  3.857

Positively selected sites

	Prob(w>1)  mean w

     1 M      0.639         4.861 +- 3.857
     2 S      0.639         4.861 +- 3.857
     3 R      0.639         4.861 +- 3.857
     4 L      0.639         4.861 +- 3.857
     5 P      0.639         4.861 +- 3.857
     6 M      0.639         4.861 +- 3.857
     7 L      0.639         4.861 +- 3.857
     8 L      0.639         4.861 +- 3.857
     9 A      0.639         4.861 +- 3.857
    10 S      0.639         4.861 +- 3.857
    11 A      0.639         4.861 +- 3.857
    12 C      0.639         4.861 +- 3.857
    13 G      0.639         4.861 +- 3.857
    14 V      0.639         4.861 +- 3.857
    15 Q      0.639         4.861 +- 3.857
    16 L      0.639         4.861 +- 3.857
    17 F      0.639         4.861 +- 3.857
    18 K      0.639         4.861 +- 3.857
    19 R      0.639         4.861 +- 3.857
    20 S      0.639         4.861 +- 3.857
    21 F      0.639         4.861 +- 3.857
    22 A      0.639         4.861 +- 3.857
    23 A      0.639         4.861 +- 3.857
    24 A      0.639         4.861 +- 3.857
    25 A      0.639         4.861 +- 3.857
    26 A      0.639         4.861 +- 3.857
    27 S      0.639         4.861 +- 3.857
    28 G      0.639         4.861 +- 3.857
    29 S      0.639         4.861 +- 3.857
    30 F      0.639         4.861 +- 3.857
    31 T      0.639         4.861 +- 3.857
    32 G      0.639         4.861 +- 3.857
    33 R      0.639         4.861 +- 3.857
    34 I      0.639         4.861 +- 3.857
    35 P      0.639         4.861 +- 3.857
    36 I      0.639         4.861 +- 3.857
    37 K      0.923         6.858 +- 3.003
    38 E      0.639         4.861 +- 3.857
    39 L      0.639         4.861 +- 3.857
    40 H      0.639         4.861 +- 3.857
    41 I      0.639         4.861 +- 3.857
    42 R      0.639         4.861 +- 3.857
    43 E      0.639         4.861 +- 3.857
    44 G      0.639         4.861 +- 3.857
    45 C      0.639         4.861 +- 3.857
    46 S      0.639         4.861 +- 3.857
    47 V      0.639         4.861 +- 3.857
    48 N      0.639         4.861 +- 3.857
    49 G      0.639         4.861 +- 3.857
    50 R      0.639         4.861 +- 3.857
    51 P      0.639         4.861 +- 3.857
    52 L      0.639         4.861 +- 3.857
    53 S      0.639         4.861 +- 3.857
    54 D      0.639         4.861 +- 3.857
    55 S      0.639         4.861 +- 3.857
    56 P      0.639         4.861 +- 3.857
    57 S      0.639         4.861 +- 3.857
    58 G      0.639         4.861 +- 3.857
    59 S      0.639         4.861 +- 3.857
    60 T      0.639         4.861 +- 3.857
    61 A      0.639         4.861 +- 3.857
    62 R      0.639         4.861 +- 3.857
    63 V      0.639         4.861 +- 3.857
    64 E      0.639         4.861 +- 3.857
    65 I      0.639         4.861 +- 3.857
    66 R      0.639         4.861 +- 3.857
    67 F      0.639         4.861 +- 3.857
    68 N      0.639         4.861 +- 3.857
    69 L      0.639         4.861 +- 3.857
    70 A      0.639         4.861 +- 3.857
    71 Q      0.639         4.861 +- 3.857
    72 A      0.639         4.861 +- 3.857
    73 S      0.639         4.861 +- 3.857
    74 F      0.639         4.861 +- 3.857
    75 I      0.639         4.861 +- 3.857
    76 P      0.639         4.861 +- 3.857
    77 Q      0.639         4.861 +- 3.857
    78 R      0.639         4.861 +- 3.857
    79 L      0.639         4.861 +- 3.857
    80 K      0.639         4.861 +- 3.857
    81 P      0.639         4.861 +- 3.857
    82 R      0.639         4.861 +- 3.857
    83 L      0.639         4.861 +- 3.857
    84 V      0.639         4.861 +- 3.857
    85 Q      0.639         4.861 +- 3.857
    86 L      0.639         4.861 +- 3.857
    87 Y      0.639         4.861 +- 3.857
    88 S      0.639         4.861 +- 3.857
    89 D      0.639         4.861 +- 3.857
    90 R      0.639         4.861 +- 3.857
    91 I      0.639         4.861 +- 3.857
    92 S      0.639         4.861 +- 3.857
    93 R      0.639         4.861 +- 3.857
    94 D      0.639         4.861 +- 3.857
    95 G      0.639         4.861 +- 3.857
    96 Q      0.639         4.861 +- 3.857
    97 F      0.639         4.861 +- 3.857
    98 V      0.639         4.861 +- 3.857
    99 V      0.639         4.861 +- 3.857
   100 A      0.639         4.861 +- 3.857
   101 S      0.639         4.861 +- 3.857
   102 D      0.639         4.861 +- 3.857
   103 R      0.639         4.861 +- 3.857
   104 T      0.639         4.861 +- 3.857
   105 R      0.639         4.861 +- 3.857
   106 K      0.639         4.861 +- 3.857
   107 R      0.639         4.861 +- 3.857
   108 L      0.639         4.861 +- 3.857
   109 L      0.639         4.861 +- 3.857
   110 N      0.639         4.861 +- 3.857
   111 R      0.639         4.861 +- 3.857
   112 A      0.639         4.861 +- 3.857
   113 D      0.639         4.861 +- 3.857
   114 C      0.639         4.861 +- 3.857
   115 M      0.639         4.861 +- 3.857
   116 E      0.639         4.861 +- 3.857
   117 T      0.639         4.861 +- 3.857
   118 I      0.639         4.861 +- 3.857
   119 R      0.639         4.861 +- 3.857
   120 E      0.639         4.861 +- 3.857
   121 C      0.639         4.861 +- 3.857
   122 V      0.639         4.861 +- 3.857
   123 R      0.639         4.861 +- 3.857
   124 Q      0.639         4.861 +- 3.857
   125 A      0.639         4.861 +- 3.857
   126 E      0.639         4.861 +- 3.857
   127 A      0.639         4.861 +- 3.857
   128 A      0.639         4.861 +- 3.857
   129 A      0.639         4.861 +- 3.857
   130 A      0.639         4.861 +- 3.857
   131 E      0.639         4.861 +- 3.857
   132 P      0.639         4.861 +- 3.857
   133 A      0.639         4.861 +- 3.857
   134 T      0.639         4.861 +- 3.857
   135 A      0.639         4.861 +- 3.857
   136 Q      0.639         4.861 +- 3.857
   137 A      0.639         4.861 +- 3.857
   138 G      0.639         4.861 +- 3.857
   139 D      0.639         4.861 +- 3.857
   140 E      0.639         4.861 +- 3.857
   141 S      0.639         4.861 +- 3.857
   142 P      0.639         4.861 +- 3.857
   143 V      0.639         4.861 +- 3.857
   144 C      0.639         4.861 +- 3.857
   145 Q      0.639         4.861 +- 3.857
   146 L      0.639         4.861 +- 3.857
   147 A      0.639         4.861 +- 3.857
   148 H      0.639         4.861 +- 3.857
   149 M      0.639         4.861 +- 3.857
   150 D      0.639         4.861 +- 3.857
   151 S      0.639         4.861 +- 3.857
   152 Q      0.639         4.861 +- 3.857
   153 A      0.639         4.861 +- 3.857
   154 A      0.639         4.861 +- 3.857
   155 L      0.639         4.861 +- 3.857
   156 A      0.639         4.861 +- 3.857
   157 R      0.639         4.861 +- 3.857
   158 P      0.639         4.861 +- 3.857
   159 F      0.639         4.861 +- 3.857
   160 S      0.639         4.861 +- 3.857
   161 G      0.639         4.861 +- 3.857
   162 N      0.639         4.861 +- 3.857
   163 L      0.639         4.861 +- 3.857
   164 S      0.639         4.861 +- 3.857
   165 F      0.639         4.861 +- 3.857
   166 S      0.639         4.861 +- 3.857
   167 Q      0.639         4.861 +- 3.857
   168 L      0.639         4.861 +- 3.857
   169 R      0.639         4.861 +- 3.857
   170 L      0.639         4.861 +- 3.857

