Supplemental results for CODEML (seqf: algn  treef: tree)


dN/dS (w) for site classes (K=2)

p:   0.99999  0.00001
w:   0.20030  1.00000

Naive Empirical Bayes (NEB) probabilities for 2 classes & postmean_w
(amino acids refer to 1st sequence: spe.13255)

   1 M   0.99999 0.00001 ( 1)  0.200
   2 S   0.99999 0.00001 ( 1)  0.200
   3 F   0.99999 0.00001 ( 1)  0.200
   4 D   0.99999 0.00001 ( 1)  0.200
   5 K   0.99999 0.00001 ( 1)  0.200
   6 S   0.99999 0.00001 ( 1)  0.200
   7 A   0.99999 0.00001 ( 1)  0.200
   8 F   0.99999 0.00001 ( 1)  0.200
   9 G   0.99999 0.00001 ( 1)  0.200
  10 D   0.99999 0.00001 ( 1)  0.200
  11 I   0.99999 0.00001 ( 1)  0.200
  12 C   0.99999 0.00001 ( 1)  0.200
  13 H   0.99999 0.00001 ( 1)  0.200
  14 S   0.99999 0.00001 ( 1)  0.200
  15 S   0.99995 0.00005 ( 1)  0.200
  16 F   0.99999 0.00001 ( 1)  0.200
  17 S   0.99999 0.00001 ( 1)  0.200
  18 H   0.99999 0.00001 ( 1)  0.200
  19 L   0.99999 0.00001 ( 1)  0.200
  20 P   0.99999 0.00001 ( 1)  0.200
  21 F   0.99999 0.00001 ( 1)  0.200
  22 S   0.99999 0.00001 ( 1)  0.200
  23 S   0.99999 0.00001 ( 1)  0.200
  24 A   0.99999 0.00001 ( 1)  0.200
  25 P   0.99995 0.00005 ( 1)  0.200
  26 I   0.99999 0.00001 ( 1)  0.200
  27 R   0.99999 0.00001 ( 1)  0.200
  28 C   0.99995 0.00005 ( 1)  0.200
  29 K   0.99999 0.00001 ( 1)  0.200
  30 S   0.99999 0.00001 ( 1)  0.200
  31 P   0.99999 0.00001 ( 1)  0.200
  32 I   0.99999 0.00001 ( 1)  0.200
  33 G   0.99999 0.00001 ( 1)  0.200
  34 F   0.99999 0.00001 ( 1)  0.200
  35 L   0.99999 0.00001 ( 1)  0.200
  36 L   0.99999 0.00001 ( 1)  0.200
  37 S   0.99999 0.00001 ( 1)  0.200
  38 T   0.99999 0.00001 ( 1)  0.200
  39 P   0.99999 0.00001 ( 1)  0.200
  40 Q   0.99999 0.00001 ( 1)  0.200
  41 G   0.99999 0.00001 ( 1)  0.200
  42 H   0.99999 0.00001 ( 1)  0.200
  43 S   0.99999 0.00001 ( 1)  0.200
  44 Y   0.99999 0.00001 ( 1)  0.200
  45 R   0.99999 0.00001 ( 1)  0.200
  46 G   0.99999 0.00001 ( 1)  0.200
  47 V   0.99999 0.00001 ( 1)  0.200
  48 S   0.99999 0.00001 ( 1)  0.200
  49 F   0.99999 0.00001 ( 1)  0.200
  50 R   0.99999 0.00001 ( 1)  0.200
  51 V   0.99999 0.00001 ( 1)  0.200
  52 D   0.99999 0.00001 ( 1)  0.200
  53 R   0.99999 0.00001 ( 1)  0.200
  54 V   0.99999 0.00001 ( 1)  0.200
  55 L   0.99999 0.00001 ( 1)  0.200
  56 I   0.99999 0.00001 ( 1)  0.200
  57 N   0.99999 0.00001 ( 1)  0.200
  58 V   0.99999 0.00001 ( 1)  0.200
  59 T   0.99999 0.00001 ( 1)  0.200
  60 E   0.99999 0.00001 ( 1)  0.200
  61 R   0.99999 0.00001 ( 1)  0.200
  62 D   0.99999 0.00001 ( 1)  0.200
  63 C   0.99999 0.00001 ( 1)  0.200
  64 R   0.99999 0.00001 ( 1)  0.200
  65 P   0.99999 0.00001 ( 1)  0.200
  66 V   0.99999 0.00001 ( 1)  0.200
  67 P   0.99999 0.00001 ( 1)  0.200
  68 I   0.99999 0.00001 ( 1)  0.200
  69 P   0.99999 0.00001 ( 1)  0.200
  70 Y   0.99999 0.00001 ( 1)  0.200
  71 R   0.99999 0.00001 ( 1)  0.200
  72 R   0.99999 0.00001 ( 1)  0.200
  73 P   0.99999 0.00001 ( 1)  0.200
  74 V   0.99999 0.00001 ( 1)  0.200
  75 E   0.99999 0.00001 ( 1)  0.200
  76 R   0.99999 0.00001 ( 1)  0.200
  77 N   0.99999 0.00001 ( 1)  0.200
  78 A   0.99999 0.00001 ( 1)  0.200
  79 G   0.99999 0.00001 ( 1)  0.200
  80 T   0.99995 0.00005 ( 1)  0.200
  81 N   0.99999 0.00001 ( 1)  0.200
  82 L   0.99999 0.00001 ( 1)  0.200
  83 P   0.99999 0.00001 ( 1)  0.200
  84 P   0.99999 0.00001 ( 1)  0.200
  85 T   0.99999 0.00001 ( 1)  0.200
  86 P   0.99999 0.00001 ( 1)  0.200
  87 S   0.99999 0.00001 ( 1)  0.200
  88 A   0.99999 0.00001 ( 1)  0.200
  89 L   0.99999 0.00001 ( 1)  0.200
  90 P   0.99999 0.00001 ( 1)  0.200
  91 R   0.99999 0.00001 ( 1)  0.200
  92 T   0.99999 0.00001 ( 1)  0.200
  93 I   0.99999 0.00001 ( 1)  0.200
  94 Q   0.99999 0.00001 ( 1)  0.200
  95 L   0.99999 0.00001 ( 1)  0.200
  96 R   0.99999 0.00001 ( 1)  0.200
  97 P   0.99999 0.00001 ( 1)  0.200
  98 E   0.99999 0.00001 ( 1)  0.200
  99 G   0.99999 0.00001 ( 1)  0.200
 100 R   0.99999 0.00001 ( 1)  0.200
 101 D   0.99999 0.00001 ( 1)  0.200
 102 L   0.99999 0.00001 ( 1)  0.200
 103 P   0.99999 0.00001 ( 1)  0.200
 104 P   0.99999 0.00001 ( 1)  0.200
 105 L   0.99999 0.00001 ( 1)  0.200
 106 E   0.99999 0.00001 ( 1)  0.200
 107 R   0.99999 0.00001 ( 1)  0.200
 108 G   0.99999 0.00001 ( 1)  0.200
 109 S   0.99999 0.00001 ( 1)  0.200
 110 Y   0.99999 0.00001 ( 1)  0.200
 111 A   0.99999 0.00001 ( 1)  0.200
 112 I   0.99999 0.00001 ( 1)  0.200
 113 H   0.99999 0.00001 ( 1)  0.200
 114 N   0.99999 0.00001 ( 1)  0.200
 115 P   0.99999 0.00001 ( 1)  0.200
 116 F   0.99999 0.00001 ( 1)  0.200
 117 C   0.99999 0.00001 ( 1)  0.200
 118 S   0.99999 0.00001 ( 1)  0.200
 119 E   0.99999 0.00001 ( 1)  0.200
 120 N   0.99999 0.00001 ( 1)  0.200
 121 V   0.99999 0.00001 ( 1)  0.200
 122 D   0.99999 0.00001 ( 1)  0.200
 123 V   0.99999 0.00001 ( 1)  0.200
 124 T   0.99999 0.00001 ( 1)  0.200
 125 N   0.99999 0.00001 ( 1)  0.200
 126 F   0.99999 0.00001 ( 1)  0.200
 127 L   0.99999 0.00001 ( 1)  0.200
 128 N   0.99999 0.00001 ( 1)  0.200
 129 L   0.99999 0.00001 ( 1)  0.200
 130 N   0.99999 0.00001 ( 1)  0.200
 131 S   0.99999 0.00001 ( 1)  0.200
 132 Y   0.99999 0.00001 ( 1)  0.200
 133 V   0.99999 0.00001 ( 1)  0.200
 134 N   0.99999 0.00001 ( 1)  0.200
 135 H   0.99999 0.00001 ( 1)  0.200
 136 D   0.99999 0.00001 ( 1)  0.200
 137 D   0.99999 0.00001 ( 1)  0.200
 138 F   0.99999 0.00001 ( 1)  0.200
 139 C   0.99999 0.00001 ( 1)  0.200
 140 L   0.99999 0.00001 ( 1)  0.200
 141 A   0.99999 0.00001 ( 1)  0.200
 142 Y   0.99999 0.00001 ( 1)  0.200
 143 V   0.99999 0.00001 ( 1)  0.200
 144 F   0.99999 0.00001 ( 1)  0.200
 145 T   0.99999 0.00001 ( 1)  0.200
 146 Y   0.99999 0.00001 ( 1)  0.200
 147 R   0.99999 0.00001 ( 1)  0.200
 148 D   0.99999 0.00001 ( 1)  0.200
 149 F   0.99999 0.00001 ( 1)  0.200
 150 S   0.99999 0.00001 ( 1)  0.200
 151 G   0.99999 0.00001 ( 1)  0.200
 152 G   0.99999 0.00001 ( 1)  0.200
 153 T   0.99999 0.00001 ( 1)  0.200
 154 L   0.99999 0.00001 ( 1)  0.200
 155 G   0.99999 0.00001 ( 1)  0.200
 156 L   0.99999 0.00001 ( 1)  0.200
 157 A   0.99999 0.00001 ( 1)  0.200
 158 W   0.99999 0.00001 ( 1)  0.200
 159 V   0.99999 0.00001 ( 1)  0.200
 160 A   0.99999 0.00001 ( 1)  0.200
 161 E   0.99999 0.00001 ( 1)  0.200
 162 P   0.99999 0.00001 ( 1)  0.200
 163 G   0.99999 0.00001 ( 1)  0.200
 164 G   0.99999 0.00001 ( 1)  0.200
 165 S   0.99999 0.00001 ( 1)  0.200
 166 G   0.99999 0.00001 ( 1)  0.200
 167 G   0.99999 0.00001 ( 1)  0.200
 168 I   0.99999 0.00001 ( 1)  0.200
 169 C   0.99999 0.00001 ( 1)  0.200
 170 E   0.99999 0.00001 ( 1)  0.200
 171 K   0.99999 0.00001 ( 1)  0.200
 172 H   0.99999 0.00001 ( 1)  0.200
 173 R   0.99999 0.00001 ( 1)  0.200
 174 L   0.99999 0.00001 ( 1)  0.200
 175 M   0.99999 0.00001 ( 1)  0.200
 176 R   0.99999 0.00001 ( 1)  0.200
 177 E   0.99999 0.00001 ( 1)  0.200
 178 G   0.99999 0.00001 ( 1)  0.200
 179 S   0.99999 0.00001 ( 1)  0.200
 180 Q   0.99999 0.00001 ( 1)  0.200
 181 T   0.99999 0.00001 ( 1)  0.200
 182 V   0.99999 0.00001 ( 1)  0.200
 183 R   0.99999 0.00001 ( 1)  0.200
 184 K   0.99999 0.00001 ( 1)  0.200
 185 S   0.99999 0.00001 ( 1)  0.200
 186 L   0.99999 0.00001 ( 1)  0.200
 187 N   0.99999 0.00001 ( 1)  0.200
 188 T   0.99999 0.00001 ( 1)  0.200
 189 G   0.99999 0.00001 ( 1)  0.200
 190 V   0.99999 0.00001 ( 1)  0.200
 191 V   0.99999 0.00001 ( 1)  0.200
 192 T   0.99999 0.00001 ( 1)  0.200
 193 L   0.99999 0.00001 ( 1)  0.200
 194 L   0.99999 0.00001 ( 1)  0.200
 195 N   0.99999 0.00001 ( 1)  0.200
 196 Y   0.99999 0.00001 ( 1)  0.200
 197 G   0.99999 0.00001 ( 1)  0.200
 198 T   0.99999 0.00001 ( 1)  0.200
 199 R   0.99999 0.00001 ( 1)  0.200
 200 V   0.99999 0.00001 ( 1)  0.200
 201 S   0.99999 0.00001 ( 1)  0.200
 202 M   0.99999 0.00001 ( 1)  0.200
 203 K   0.99999 0.00001 ( 1)  0.200
 204 I   0.99999 0.00001 ( 1)  0.200
 205 S   0.99999 0.00001 ( 1)  0.200
 206 Q   0.99999 0.00001 ( 1)  0.200
 207 L   0.99999 0.00001 ( 1)  0.200
 208 T   0.99999 0.00001 ( 1)  0.200
 209 F   0.99999 0.00001 ( 1)  0.200
 210 A   0.99999 0.00001 ( 1)  0.200
 211 H   0.99999 0.00001 ( 1)  0.200
 212 E   0.99999 0.00001 ( 1)  0.200
 213 M   0.99999 0.00001 ( 1)  0.200
 214 G   0.99999 0.00001 ( 1)  0.200
 215 H   0.99999 0.00001 ( 1)  0.200
 216 N   0.99999 0.00001 ( 1)  0.200
 217 L   0.99999 0.00001 ( 1)  0.200
 218 G   0.99999 0.00001 ( 1)  0.200
 219 A   0.99999 0.00001 ( 1)  0.200
 220 K   0.99999 0.00001 ( 1)  0.200
 221 H   0.99999 0.00001 ( 1)  0.200
 222 D   0.99999 0.00001 ( 1)  0.200
 223 D   0.99999 0.00001 ( 1)  0.200
 224 D   0.99999 0.00001 ( 1)  0.200
 225 F   0.99999 0.00001 ( 1)  0.200
 226 K   0.99999 0.00001 ( 1)  0.200
 227 E   0.99999 0.00001 ( 1)  0.200
 228 D   0.99999 0.00001 ( 1)  0.200
 229 Y   0.99999 0.00001 ( 1)  0.200
 230 P   0.99999 0.00001 ( 1)  0.200
 231 S   0.99999 0.00001 ( 1)  0.200
 232 C   0.99999 0.00001 ( 1)  0.200
 233 L   0.99999 0.00001 ( 1)  0.200
 234 P   0.99999 0.00001 ( 1)  0.200
 235 S   0.99999 0.00001 ( 1)  0.200
 236 V   0.99999 0.00001 ( 1)  0.200
 237 D   0.99999 0.00001 ( 1)  0.200
 238 D   0.99999 0.00001 ( 1)  0.200
 239 P   0.99999 0.00001 ( 1)  0.200
 240 K   0.99999 0.00001 ( 1)  0.200
 241 G   0.99999 0.00001 ( 1)  0.200
 242 N   0.99999 0.00001 ( 1)  0.200
 243 Y   0.99999 0.00001 ( 1)  0.200
 244 I   0.99999 0.00001 ( 1)  0.200
 245 M   0.99999 0.00001 ( 1)  0.200
 246 F   0.99999 0.00001 ( 1)  0.200
 247 A   0.99999 0.00001 ( 1)  0.200
 248 S   0.99999 0.00001 ( 1)  0.200
 249 A   0.99999 0.00001 ( 1)  0.200
 250 T   0.99999 0.00001 ( 1)  0.200
 251 G   0.99999 0.00001 ( 1)  0.200
 252 G   0.99999 0.00001 ( 1)  0.200
 253 D   0.99999 0.00001 ( 1)  0.200
 254 K   0.99999 0.00001 ( 1)  0.200
 255 E   0.99999 0.00001 ( 1)  0.200
 256 N   0.99999 0.00001 ( 1)  0.200
 257 N   0.99999 0.00001 ( 1)  0.200
 258 N   0.99999 0.00001 ( 1)  0.200
 259 K   0.99999 0.00001 ( 1)  0.200
 260 F   0.99999 0.00001 ( 1)  0.200
 261 S   0.99999 0.00001 ( 1)  0.200
 262 N   0.99999 0.00001 ( 1)  0.200
 263 C   0.99999 0.00001 ( 1)  0.200
 264 S   0.99999 0.00001 ( 1)  0.200
 265 L   0.99999 0.00001 ( 1)  0.200
 266 N   0.99999 0.00001 ( 1)  0.200
 267 S   0.99999 0.00001 ( 1)  0.200
 268 I   0.99999 0.00001 ( 1)  0.200
 269 A   0.99999 0.00001 ( 1)  0.200
 270 R   0.99999 0.00001 ( 1)  0.200
 271 L   0.99999 0.00001 ( 1)  0.200
 272 L   0.99999 0.00001 ( 1)  0.200
 273 T   0.99999 0.00001 ( 1)  0.200
 274 H   0.99999 0.00001 ( 1)  0.200
 275 V   0.99999 0.00001 ( 1)  0.200
 276 L   0.99999 0.00001 ( 1)  0.200
 277 K   0.99999 0.00001 ( 1)  0.200
 278 D   0.99999 0.00001 ( 1)  0.200
 279 G   0.99999 0.00001 ( 1)  0.200
 280 E   0.99999 0.00001 ( 1)  0.200
 281 Q   0.99999 0.00001 ( 1)  0.200
 282 C   0.99999 0.00001 ( 1)  0.200
 283 D   0.99999 0.00001 ( 1)  0.200
 284 C   0.99999 0.00001 ( 1)  0.200
 285 G   0.99999 0.00001 ( 1)  0.200
 286 Y   0.99999 0.00001 ( 1)  0.200
 287 T   0.99999 0.00001 ( 1)  0.200
 288 R   0.99999 0.00001 ( 1)  0.200
 289 D   0.99995 0.00005 ( 1)  0.200
 290 D   0.99999 0.00001 ( 1)  0.200
 291 C   0.99999 0.00001 ( 1)  0.200
 292 D   0.99999 0.00001 ( 1)  0.200
 293 D   0.99999 0.00001 ( 1)  0.200
 294 V   0.99999 0.00001 ( 1)  0.200
 295 C   0.99999 0.00001 ( 1)  0.200
 296 C   0.99999 0.00001 ( 1)  0.200
 297 H   0.99999 0.00001 ( 1)  0.200
 298 P   0.99999 0.00001 ( 1)  0.200
 299 K   0.99999 0.00001 ( 1)  0.200
 300 E   0.99999 0.00001 ( 1)  0.200
 301 S   0.99999 0.00001 ( 1)  0.200
 302 T   0.99999 0.00001 ( 1)  0.200
 303 T   0.99999 0.00001 ( 1)  0.200
 304 P   0.99999 0.00001 ( 1)  0.200
 305 C   0.99999 0.00001 ( 1)  0.200
 306 N   0.99999 0.00001 ( 1)  0.200
 307 L   0.99999 0.00001 ( 1)  0.200
 308 T   0.99999 0.00001 ( 1)  0.200
 309 K   0.99999 0.00001 ( 1)  0.200
 310 S   0.99999 0.00001 ( 1)  0.200
 311 I   0.99999 0.00001 ( 1)  0.200
 312 T   0.99999 0.00001 ( 1)  0.200
 313 V   0.99999 0.00001 ( 1)  0.200
 314 D   0.99999 0.00001 ( 1)  0.200
 315 N   0.99999 0.00001 ( 1)  0.200
 316 T   0.99999 0.00001 ( 1)  0.200
 317 T   0.99999 0.00001 ( 1)  0.200
 318 L   0.99999 0.00001 ( 1)  0.200
 319 K   0.99999 0.00001 ( 1)  0.200
 320 V   0.99999 0.00001 ( 1)  0.200
 321 Y   0.99999 0.00001 ( 1)  0.200
 322 L   0.99999 0.00001 ( 1)  0.200
 323 V   0.99999 0.00001 ( 1)  0.200
 324 L   0.99999 0.00001 ( 1)  0.200


lnL = -1384.689736

