Supplemental results for CODEML (seqf: algn  treef: tree)


dN/dS (w) for site classes (K=9)

p:   0.12500  0.12500  0.12500  0.12500  0.12500  0.12500  0.12500  0.12500  0.00001
w:   0.05385  0.18659  0.32836  0.47153  0.61171  0.74496  0.86644  0.96723  1.00000

Naive Empirical Bayes (NEB) probabilities for 9 classes & postmean_w
(amino acids refer to 1st sequence: cln.11448)

   1 M   0.16512 0.15147 0.13840 0.12661 0.11627 0.10743 0.10013 0.09455 0.00001 ( 1)  0.472
   2 F   0.14301 0.13749 0.13187 0.12648 0.12146 0.11692 0.11296 0.10979 0.00001 ( 1)  0.502
   3 G   0.14913 0.14144 0.13379 0.12661 0.12007 0.11426 0.10929 0.10539 0.00001 ( 1)  0.493
   4 R   0.15206 0.14331 0.13468 0.12665 0.11939 0.11300 0.10758 0.10334 0.00001 ( 1)  0.489
   5 K   0.16042 0.14835 0.13681 0.12641 0.11729 0.10950 0.10306 0.09815 0.00001 ( 1)  0.478
   6 V   0.14611 0.13944 0.13278 0.12649 0.12073 0.11559 0.11117 0.10768 0.00001 ( 1)  0.498
   7 K   0.15282 0.14373 0.13482 0.12658 0.11917 0.11269 0.10722 0.10296 0.00001 ( 1)  0.488
   8 T   0.15333 0.14416 0.13512 0.12671 0.11912 0.11244 0.10677 0.10234 0.00001 ( 1)  0.487
   9 L   0.13338 0.13093 0.12837 0.12585 0.12344 0.12121 0.11922 0.11760 0.00001 ( 1)  0.516
  10 F   0.14301 0.13749 0.13187 0.12648 0.12146 0.11692 0.11296 0.10979 0.00001 ( 1)  0.502
  11 D   0.15439 0.14479 0.13538 0.12667 0.11885 0.11200 0.10621 0.10171 0.00001 ( 1)  0.486
  12 A   0.15180 0.14322 0.13470 0.12673 0.11949 0.11309 0.10762 0.10334 0.00001 ( 1)  0.489
  13 L   0.13338 0.13093 0.12837 0.12585 0.12344 0.12121 0.11922 0.11760 0.00001 ( 1)  0.516
  14 R   0.14350 0.13776 0.13197 0.12644 0.12133 0.11672 0.11273 0.10955 0.00001 ( 1)  0.501
  15 P   0.14144 0.13642 0.13130 0.12638 0.12178 0.11762 0.11398 0.11108 0.00001 ( 1)  0.504
  16 R   0.14131 0.13629 0.13119 0.12631 0.12178 0.11769 0.11413 0.11129 0.00001 ( 1)  0.504
  17 K   0.16042 0.14835 0.13681 0.12641 0.11729 0.10950 0.10306 0.09815 0.00001 ( 1)  0.478
  18 T   0.01599 0.05277 0.08822 0.12038 0.14867 0.17289 0.19291 0.20815 0.00002 ( 8)  0.685
  19 R   0.15887 0.14749 0.13652 0.12654 0.11773 0.11013 0.10379 0.09893 0.00001 ( 1)  0.480
  20 E   0.15238 0.14351 0.13476 0.12664 0.11931 0.11286 0.10740 0.10313 0.00001 ( 1)  0.489
  21 T   0.14783 0.14061 0.13339 0.12659 0.12037 0.11482 0.11006 0.10631 0.00001 ( 1)  0.495
  22 S   0.01537 0.05112 0.08620 0.11869 0.14790 0.17350 0.19517 0.21203 0.00002 ( 8)  0.689
  23 E   0.15610 0.14576 0.13573 0.12655 0.11838 0.11130 0.10537 0.10080 0.00001 ( 1)  0.484
  24 E   0.01824 0.05844 0.09474 0.12543 0.15050 0.17041 0.18569 0.19654 0.00002 ( 8)  0.672
  25 N   0.15725 0.14650 0.13608 0.12656 0.11812 0.11081 0.10469 0.09998 0.00001 ( 1)  0.482
  26 Q   0.01529 0.05099 0.08615 0.11875 0.14805 0.17365 0.19521 0.21188 0.00002 ( 8)  0.689
  27 S   0.01533 0.05109 0.08627 0.11885 0.14810 0.17362 0.19508 0.21166 0.00002 ( 8)  0.688
  28 G   0.01715 0.05572 0.09163 0.12305 0.14966 0.17162 0.18913 0.20203 0.00002 ( 8)  0.678
  29 K   0.16042 0.14835 0.13681 0.12641 0.11729 0.10950 0.10306 0.09815 0.00001 ( 1)  0.478
  30 F   0.01541 0.05129 0.08651 0.11904 0.14817 0.17353 0.19481 0.21122 0.00002 ( 8)  0.688
  31 N   0.15725 0.14650 0.13608 0.12656 0.11812 0.11081 0.10469 0.09998 0.00001 ( 1)  0.482
  32 G   0.00139 0.01560 0.04500 0.08646 0.13584 0.18882 0.24087 0.28601 0.00002 ( 8)  0.768
  33 K   0.16042 0.14835 0.13681 0.12641 0.11729 0.10950 0.10306 0.09815 0.00001 ( 1)  0.478
  34 C   0.01538 0.05122 0.08641 0.11896 0.14813 0.17355 0.19492 0.21141 0.00002 ( 8)  0.688
  35 R   0.14530 0.13895 0.13256 0.12650 0.12093 0.11593 0.11162 0.10820 0.00001 ( 1)  0.499
  36 T   0.14687 0.14001 0.13312 0.12660 0.12060 0.11523 0.11061 0.10695 0.00001 ( 1)  0.496
  37 G   0.15621 0.14588 0.13584 0.12662 0.11839 0.11124 0.10523 0.10059 0.00001 ( 1)  0.484
  38 R   0.14530 0.13895 0.13256 0.12650 0.12093 0.11593 0.11162 0.10820 0.00001 ( 1)  0.499
  39 I   0.14815 0.14074 0.13339 0.12651 0.12025 0.11471 0.10998 0.10627 0.00001 ( 1)  0.495
  40 F   0.14301 0.13749 0.13187 0.12648 0.12146 0.11692 0.11296 0.10979 0.00001 ( 1)  0.502
  41 S   0.01762 0.05693 0.09307 0.12419 0.15012 0.17112 0.18753 0.19940 0.00002 ( 8)  0.675
  42 R   0.14350 0.13776 0.13197 0.12644 0.12133 0.11672 0.11273 0.10955 0.00001 ( 1)  0.501
  43 G   0.15257 0.14359 0.13477 0.12660 0.11925 0.11280 0.10734 0.10308 0.00001 ( 1)  0.489
  44 D   0.15685 0.14632 0.13606 0.12665 0.11825 0.11095 0.10482 0.10008 0.00001 ( 1)  0.483
  45 S   0.13876 0.13464 0.13039 0.12626 0.12237 0.11880 0.11565 0.11312 0.00001 ( 1)  0.508
  46 V   0.14680 0.13989 0.13299 0.12650 0.12057 0.11529 0.11076 0.10720 0.00001 ( 1)  0.497
  47 L   0.14210 0.13681 0.13146 0.12635 0.12161 0.11734 0.11363 0.11068 0.00001 ( 1)  0.503
  48 V   0.14890 0.14123 0.13364 0.12653 0.12009 0.11438 0.10952 0.10570 0.00001 ( 1)  0.494
  49 K   0.01809 0.05807 0.09432 0.12511 0.15039 0.17058 0.18615 0.19728 0.00002 ( 8)  0.673
  50 D   0.15685 0.14632 0.13606 0.12665 0.11825 0.11095 0.10482 0.10008 0.00001 ( 1)  0.483
  51 Y   0.14549 0.13911 0.13268 0.12656 0.12091 0.11584 0.11145 0.10796 0.00001 ( 1)  0.498
  52 P   0.01533 0.05109 0.08627 0.11885 0.14810 0.17362 0.19508 0.21166 0.00002 ( 8)  0.688
  53 A   0.01630 0.05355 0.08912 0.12107 0.14890 0.17253 0.19192 0.20660 0.00002 ( 8)  0.683
  54 N   0.15485 0.14503 0.13544 0.12660 0.11871 0.11182 0.10602 0.10153 0.00001 ( 1)  0.486
  55 R   0.14530 0.13895 0.13256 0.12650 0.12093 0.11593 0.11162 0.10820 0.00001 ( 1)  0.499
  56 S   0.01414 0.04794 0.08242 0.11562 0.14663 0.17479 0.19938 0.21905 0.00002 ( 8)  0.696
  57 S   0.15529 0.14531 0.13558 0.12662 0.11861 0.11163 0.10575 0.10121 0.00001 ( 1)  0.485
  58 S   0.13742 0.13372 0.12990 0.12617 0.12264 0.11940 0.11653 0.11422 0.00001 ( 1)  0.510
  59 G   0.15621 0.14588 0.13584 0.12662 0.11839 0.11124 0.10523 0.10059 0.00001 ( 1)  0.484
  60 V   0.14890 0.14123 0.13364 0.12653 0.12009 0.11438 0.10952 0.10570 0.00001 ( 1)  0.494
  61 I   0.16389 0.15049 0.13777 0.12637 0.11646 0.10804 0.10112 0.09587 0.00001 ( 1)  0.474
  62 L   0.13338 0.13093 0.12837 0.12585 0.12344 0.12121 0.11922 0.11760 0.00001 ( 1)  0.516
  63 R   0.14060 0.13578 0.13091 0.12624 0.12192 0.11801 0.11462 0.11192 0.00001 ( 1)  0.505
  64 R   0.14060 0.13578 0.13091 0.12624 0.12192 0.11801 0.11462 0.11192 0.00001 ( 1)  0.505
  65 R   0.15524 0.14522 0.13548 0.12655 0.11859 0.11167 0.10587 0.10138 0.00001 ( 1)  0.485
  66 G   0.14913 0.14144 0.13379 0.12661 0.12007 0.11426 0.10929 0.10539 0.00001 ( 1)  0.493
  67 N   0.15725 0.14650 0.13608 0.12656 0.11812 0.11081 0.10469 0.09998 0.00001 ( 1)  0.482
  68 V   0.14890 0.14123 0.13364 0.12653 0.12009 0.11438 0.10952 0.10570 0.00001 ( 1)  0.494
  69 V   0.14890 0.14123 0.13364 0.12653 0.12009 0.11438 0.10952 0.10570 0.00001 ( 1)  0.494
  70 Y   0.14365 0.13789 0.13206 0.12649 0.12132 0.11664 0.11258 0.10935 0.00001 ( 1)  0.501
  71 E   0.16022 0.14833 0.13689 0.12652 0.11740 0.10955 0.10304 0.09805 0.00001 ( 1)  0.478
  72 V   0.14680 0.13989 0.13299 0.12650 0.12057 0.11529 0.11076 0.10720 0.00001 ( 1)  0.497
  73 D   0.15439 0.14479 0.13538 0.12667 0.11885 0.11200 0.10621 0.10171 0.00001 ( 1)  0.486
  74 V   0.14680 0.13989 0.13299 0.12650 0.12057 0.11529 0.11076 0.10720 0.00001 ( 1)  0.497
  75 G   0.15236 0.14350 0.13477 0.12665 0.11932 0.11287 0.10740 0.10313 0.00001 ( 1)  0.489
  76 G   0.15621 0.14588 0.13584 0.12662 0.11839 0.11124 0.10523 0.10059 0.00001 ( 1)  0.484
  77 T   0.14616 0.13954 0.13289 0.12658 0.12076 0.11555 0.11104 0.10747 0.00001 ( 1)  0.497
  78 V   0.14611 0.13944 0.13278 0.12649 0.12073 0.11559 0.11117 0.10768 0.00001 ( 1)  0.498
  79 W   0.13750 0.13377 0.12992 0.12617 0.12262 0.11936 0.11649 0.11416 0.00001 ( 1)  0.510
  80 I   0.14815 0.14074 0.13339 0.12651 0.12025 0.11471 0.10998 0.10627 0.00001 ( 1)  0.495
  81 R   0.14330 0.13761 0.13186 0.12638 0.12133 0.11680 0.11290 0.10982 0.00001 ( 1)  0.502
  82 H   0.14664 0.13983 0.13301 0.12656 0.12063 0.11534 0.11079 0.10719 0.00001 ( 1)  0.497
  83 A   0.01616 0.05323 0.08879 0.12086 0.14888 0.17272 0.19228 0.20706 0.00002 ( 8)  0.684
  84 N   0.15485 0.14503 0.13544 0.12660 0.11871 0.11182 0.10602 0.10153 0.00001 ( 1)  0.486
  85 Q   0.14406 0.13811 0.13212 0.12643 0.12119 0.11648 0.11241 0.10919 0.00001 ( 1)  0.500
  86 I   0.14815 0.14074 0.13339 0.12651 0.12025 0.11471 0.10998 0.10627 0.00001 ( 1)  0.495
  87 R   0.14060 0.13578 0.13091 0.12624 0.12192 0.11801 0.11462 0.11192 0.00001 ( 1)  0.505
  88 H   0.14664 0.13983 0.13301 0.12656 0.12063 0.11534 0.11079 0.10719 0.00001 ( 1)  0.497
  89 C   0.14485 0.13871 0.13250 0.12657 0.12107 0.11611 0.11180 0.10838 0.00001 ( 1)  0.499
  90 M   0.01732 0.05617 0.09219 0.12353 0.14989 0.17146 0.18850 0.20093 0.00002 ( 8)  0.677
  91 R   0.14060 0.13578 0.13091 0.12624 0.12192 0.11801 0.11462 0.11192 0.00001 ( 1)  0.505
  92 P   0.14227 0.13698 0.13160 0.12643 0.12161 0.11725 0.11344 0.11040 0.00001 ( 1)  0.503
  93 D   0.15439 0.14479 0.13538 0.12667 0.11885 0.11200 0.10621 0.10171 0.00001 ( 1)  0.486
  94 I   0.15269 0.14272 0.13349 0.12547 0.11868 0.11308 0.10859 0.10526 0.00001 ( 1)  0.491
  95 I   0.15019 0.14204 0.13400 0.12652 0.11977 0.11383 0.10879 0.10486 0.00001 ( 1)  0.492
  96 Q   0.14406 0.13811 0.13212 0.12643 0.12119 0.11648 0.11241 0.10919 0.00001 ( 1)  0.500
  97 E   0.16022 0.14833 0.13689 0.12652 0.11740 0.10955 0.10304 0.09805 0.00001 ( 1)  0.478
  98 R   0.15524 0.14522 0.13548 0.12655 0.11859 0.11167 0.10587 0.10138 0.00001 ( 1)  0.485
  99 K   0.15655 0.14600 0.13579 0.12649 0.11824 0.11113 0.10518 0.10061 0.00001 ( 1)  0.483
 100 M   0.16512 0.15147 0.13840 0.12661 0.11627 0.10743 0.10013 0.09455 0.00001 ( 1)  0.472
 101 N   0.15485 0.14503 0.13544 0.12660 0.11871 0.11182 0.10602 0.10153 0.00001 ( 1)  0.486
 102 L   0.13823 0.13421 0.13010 0.12614 0.12243 0.11905 0.11610 0.11372 0.00001 ( 1)  0.509
 103 P   0.14021 0.13560 0.13088 0.12632 0.12205 0.11816 0.11475 0.11201 0.00001 ( 1)  0.506
 104 L   0.13472 0.13184 0.12885 0.12594 0.12317 0.12061 0.11835 0.11651 0.00001 ( 1)  0.514
 105 D   0.15685 0.14632 0.13606 0.12665 0.11825 0.11095 0.10482 0.10008 0.00001 ( 1)  0.483
 106 I   0.14920 0.14142 0.13372 0.12652 0.12001 0.11425 0.10935 0.10552 0.00001 ( 1)  0.493
 107 L   0.14142 0.13638 0.13125 0.12634 0.12177 0.11764 0.11403 0.11116 0.00001 ( 1)  0.504
 108 L   0.14210 0.13681 0.13146 0.12635 0.12161 0.11734 0.11363 0.11068 0.00001 ( 1)  0.503
 109 E   0.16022 0.14833 0.13689 0.12652 0.11740 0.10955 0.10304 0.09805 0.00001 ( 1)  0.478
 110 T   0.00776 0.03118 0.06216 0.09883 0.13924 0.18120 0.22204 0.25757 0.00002 ( 8)  0.735
 111 F   0.14461 0.13855 0.13242 0.12655 0.12112 0.11621 0.11196 0.10857 0.00001 ( 1)  0.499
 112 E   0.01491 0.04998 0.08490 0.11769 0.14755 0.17402 0.19662 0.21433 0.00002 ( 8)  0.691
 113 M   0.16512 0.15147 0.13840 0.12661 0.11627 0.10743 0.10013 0.09455 0.00001 ( 1)  0.472
 114 Q   0.14406 0.13811 0.13212 0.12643 0.12119 0.11648 0.11241 0.10919 0.00001 ( 1)  0.500
 115 S   0.01470 0.04943 0.08427 0.11720 0.14737 0.17426 0.19731 0.21544 0.00002 ( 8)  0.692
 116 K   0.01824 0.05844 0.09474 0.12543 0.15050 0.17041 0.18569 0.19654 0.00002 ( 8)  0.672
 117 N   0.15485 0.14503 0.13544 0.12660 0.11871 0.11182 0.10602 0.10153 0.00001 ( 1)  0.486
 118 E   0.15238 0.14351 0.13476 0.12664 0.11931 0.11286 0.10740 0.10313 0.00001 ( 1)  0.489
 119 S   0.14072 0.13595 0.13107 0.12636 0.12195 0.11793 0.11441 0.11159 0.00001 ( 1)  0.505
 120 T   0.14968 0.14179 0.13394 0.12658 0.11991 0.11401 0.10900 0.10509 0.00001 ( 1)  0.493
 121 G   0.15621 0.14588 0.13584 0.12662 0.11839 0.11124 0.10523 0.10059 0.00001 ( 1)  0.484
 122 L   0.01518 0.05069 0.08578 0.11845 0.14792 0.17377 0.19562 0.21257 0.00002 ( 8)  0.689
 123 N   0.01726 0.05596 0.09186 0.12317 0.14963 0.17146 0.18888 0.20175 0.00002 ( 8)  0.678
 124 I   0.14815 0.14074 0.13339 0.12651 0.12025 0.11471 0.10998 0.10627 0.00001 ( 1)  0.495
 125 G   0.01696 0.05526 0.09111 0.12266 0.14954 0.17183 0.18970 0.20292 0.00002 ( 8)  0.679
 126 V   0.14890 0.14123 0.13364 0.12653 0.12009 0.11438 0.10952 0.10570 0.00001 ( 1)  0.494
 127 N   0.15725 0.14650 0.13608 0.12656 0.11812 0.11081 0.10469 0.09998 0.00001 ( 1)  0.482
 128 P   0.14293 0.13740 0.13180 0.12644 0.12146 0.11696 0.11306 0.10994 0.00001 ( 1)  0.502
 129 S   0.13876 0.13464 0.13039 0.12626 0.12237 0.11880 0.11565 0.11312 0.00001 ( 1)  0.508
 130 P   0.14021 0.13560 0.13088 0.12632 0.12205 0.11816 0.11475 0.11201 0.00001 ( 1)  0.506
 131 F   0.01475 0.04957 0.08442 0.11731 0.14740 0.17419 0.19715 0.21519 0.00002 ( 8)  0.692
 132 Q   0.14406 0.13811 0.13212 0.12643 0.12119 0.11648 0.11241 0.10919 0.00001 ( 1)  0.500
 133 R   0.15887 0.14749 0.13652 0.12654 0.11773 0.11013 0.10379 0.09893 0.00001 ( 1)  0.480

Positively selected sites

	Prob(w>1)  mean w



lnL =  -709.054103

Bayes Empirical Bayes (BEB) probabilities for 11 classes (class) & postmean_w
(amino acids refer to 1st sequence: cln.11448)

   1 M   0.22199 0.11385 0.10215 0.09365 0.08576 0.07791 0.06996 0.06193 0.05417 0.06320 0.05543 ( 1)  0.474 +-  0.530
   2 F   0.19606 0.10297 0.09527 0.09009 0.08507 0.07964 0.07363 0.06704 0.06022 0.07181 0.07817 ( 1)  0.542 +-  0.636
   3 G   0.20349 0.10609 0.09729 0.09118 0.08535 0.07923 0.07265 0.06563 0.05852 0.06937 0.07120 ( 1)  0.522 +-  0.606
   4 R   0.20694 0.10754 0.09820 0.09166 0.08545 0.07900 0.07216 0.06495 0.05771 0.06822 0.06817 ( 1)  0.513 +-  0.594
   5 K   0.21597 0.11122 0.10036 0.09257 0.08532 0.07804 0.07057 0.06293 0.05545 0.06511 0.06247 ( 1)  0.497 +-  0.589
   6 V   0.19965 0.10445 0.09619 0.09054 0.08512 0.07936 0.07308 0.06630 0.05936 0.07060 0.07535 ( 1)  0.534 +-  0.630
   7 K   0.20759 0.10778 0.09830 0.09165 0.08535 0.07884 0.07196 0.06473 0.05749 0.06794 0.06838 ( 1)  0.514 +-  0.605
   8 T   0.20871 0.10830 0.09874 0.09200 0.08561 0.07901 0.07203 0.06471 0.05738 0.06772 0.06577 ( 1)  0.505 +-  0.570
   9 L   0.18269 0.09719 0.09121 0.08750 0.08382 0.07960 0.07465 0.06892 0.06274 0.07563 0.09604 ( 1)  0.601 +-  0.771
  10 F   0.19606 0.10297 0.09527 0.09009 0.08507 0.07964 0.07363 0.06704 0.06022 0.07181 0.07817 ( 1)  0.542 +-  0.636
  11 D   0.20972 0.10871 0.09895 0.09206 0.08554 0.07883 0.07179 0.06442 0.05707 0.06730 0.06561 ( 1)  0.505 +-  0.581
  12 A   0.20699 0.10760 0.09831 0.09180 0.08561 0.07916 0.07231 0.06507 0.05780 0.06830 0.06705 ( 1)  0.508 +-  0.573
  13 L   0.18269 0.09719 0.09121 0.08750 0.08382 0.07960 0.07465 0.06892 0.06274 0.07563 0.09604 ( 1)  0.601 +-  0.771
  14 R   0.19642 0.10310 0.09531 0.09006 0.08498 0.07951 0.07348 0.06688 0.06006 0.07161 0.07860 ( 1)  0.544 +-  0.650
  15 P   0.19385 0.10201 0.09459 0.08965 0.08485 0.07962 0.07379 0.06734 0.06063 0.07244 0.08124 ( 1)  0.552 +-  0.663
  16 R   0.19337 0.10177 0.09438 0.08946 0.08469 0.07949 0.07370 0.06729 0.06061 0.07246 0.08278 ( 1)  0.559 +-  0.689
  17 K   0.21597 0.11122 0.10036 0.09257 0.08532 0.07804 0.07057 0.06293 0.05545 0.06511 0.06247 ( 1)  0.497 +-  0.589
  18 T   0.02183 0.03239 0.04857 0.06291 0.07492 0.08422 0.09044 0.09329 0.09295 0.11881 0.27966 (11)  1.228 +-  1.474
  19 R   0.21454 0.11067 0.10010 0.09254 0.08547 0.07832 0.07093 0.06333 0.05586 0.06564 0.06259 ( 1)  0.497 +-  0.579
  20 E   0.20729 0.10768 0.09829 0.09170 0.08544 0.07896 0.07210 0.06487 0.05762 0.06809 0.06798 ( 1)  0.512 +-  0.595
  21 T   0.20188 0.10541 0.09684 0.09094 0.08528 0.07930 0.07285 0.06592 0.05887 0.06987 0.07285 ( 1)  0.527 +-  0.619
  22 S   0.01980 0.02977 0.04500 0.05870 0.07041 0.07970 0.08618 0.08953 0.08982 0.11551 0.31558 (11)  1.410 +-  1.759
  23 E   0.21125 0.10929 0.09922 0.09207 0.08536 0.07851 0.07136 0.06394 0.05658 0.06667 0.06574 ( 1)  0.507 +-  0.607
  24 E   0.02705 0.03827 0.05591 0.07070 0.08233 0.09057 0.09526 0.09633 0.09419 0.11894 0.23046 (11)  1.040 +-  1.189
  25 N   0.21273 0.10992 0.09964 0.09232 0.08545 0.07847 0.07122 0.06371 0.05629 0.06625 0.06399 ( 1)  0.501 +-  0.584
  26 Q   0.02045 0.03082 0.04663 0.06088 0.07305 0.08269 0.08939 0.09280 0.09299 0.11930 0.29099 (11)  1.259 +-  1.494
  27 S   0.02055 0.03094 0.04678 0.06105 0.07322 0.08286 0.08954 0.09291 0.09307 0.11937 0.28972 (11)  1.255 +-  1.489
  28 G   0.02446 0.03539 0.05234 0.06693 0.07877 0.08753 0.09297 0.09490 0.09363 0.11891 0.25416 (11)  1.132 +-  1.345
  29 K   0.21597 0.11122 0.10036 0.09257 0.08532 0.07804 0.07057 0.06293 0.05545 0.06511 0.06247 ( 1)  0.497 +-  0.589
  30 F   0.02071 0.03112 0.04701 0.06128 0.07344 0.08304 0.08966 0.09297 0.09307 0.11932 0.28837 (11)  1.251 +-  1.486
  31 N   0.21273 0.10992 0.09964 0.09232 0.08545 0.07847 0.07122 0.06371 0.05629 0.06625 0.06399 ( 1)  0.501 +-  0.584
  32 G   0.00121 0.00585 0.01466 0.02644 0.04013 0.05453 0.06830 0.08005 0.08865 0.12060 0.49958 (11)  2.046 +-  2.146
  33 K   0.21597 0.11122 0.10036 0.09257 0.08532 0.07804 0.07057 0.06293 0.05545 0.06511 0.06247 ( 1)  0.497 +-  0.589
  34 C   0.02060 0.03098 0.04682 0.06105 0.07319 0.08277 0.08941 0.09274 0.09287 0.11910 0.29047 (11)  1.261 +-  1.502
  35 R   0.19870 0.10406 0.09595 0.09042 0.08511 0.07943 0.07322 0.06648 0.05957 0.07089 0.07617 ( 1)  0.537 +-  0.636
  36 T   0.20085 0.10499 0.09659 0.09083 0.08529 0.07942 0.07304 0.06617 0.05915 0.07026 0.07341 ( 1)  0.528 +-  0.613
  37 G   0.21170 0.10951 0.09942 0.09226 0.08551 0.07863 0.07144 0.06398 0.05658 0.06663 0.06433 ( 1)  0.501 +-  0.579
  38 R   0.19870 0.10406 0.09595 0.09042 0.08511 0.07943 0.07322 0.06648 0.05957 0.07089 0.07617 ( 1)  0.537 +-  0.636
  39 I   0.20188 0.10537 0.09674 0.09079 0.08511 0.07912 0.07268 0.06577 0.05874 0.06975 0.07405 ( 1)  0.532 +-  0.642
  40 F   0.19606 0.10297 0.09527 0.09009 0.08507 0.07964 0.07363 0.06704 0.06022 0.07181 0.07817 ( 1)  0.542 +-  0.636
  41 S   0.02582 0.03695 0.05436 0.06916 0.08100 0.08959 0.09471 0.09624 0.09452 0.11965 0.23802 (11)  1.062 +-  1.212
  42 R   0.19642 0.10310 0.09531 0.09006 0.08498 0.07951 0.07348 0.06688 0.06006 0.07161 0.07860 ( 1)  0.544 +-  0.650
  43 G   0.20737 0.10769 0.09826 0.09164 0.08537 0.07889 0.07202 0.06480 0.05756 0.06802 0.06838 ( 1)  0.515 +-  0.608
  44 D   0.21252 0.10987 0.09967 0.09240 0.08557 0.07860 0.07135 0.06383 0.05640 0.06636 0.06343 ( 1)  0.499 +-  0.573
  45 S   0.19048 0.10059 0.09365 0.08912 0.08468 0.07976 0.07420 0.06796 0.06139 0.07355 0.08463 ( 1)  0.562 +-  0.672
  46 V   0.20034 0.10473 0.09635 0.09060 0.08509 0.07925 0.07292 0.06609 0.05913 0.07028 0.07521 ( 1)  0.535 +-  0.643
  47 L   0.19443 0.10223 0.09469 0.08966 0.08478 0.07949 0.07361 0.06714 0.06041 0.07216 0.08141 ( 1)  0.554 +-  0.677
  48 V   0.20288 0.10580 0.09703 0.09097 0.08518 0.07911 0.07259 0.06562 0.05855 0.06946 0.07282 ( 1)  0.528 +-  0.631
  49 K   0.02671 0.03791 0.05547 0.07025 0.08192 0.09024 0.09503 0.09622 0.09420 0.11904 0.23301 (11)  1.048 +-  1.200
  50 D   0.21252 0.10987 0.09967 0.09240 0.08557 0.07860 0.07135 0.06383 0.05640 0.06636 0.06343 ( 1)  0.499 +-  0.573
  51 Y   0.19916 0.10428 0.09614 0.09058 0.08523 0.07951 0.07326 0.06649 0.05954 0.07082 0.07498 ( 1)  0.532 +-  0.618
  52 P   0.02055 0.03094 0.04678 0.06105 0.07322 0.08286 0.08954 0.09291 0.09307 0.11937 0.28972 (11)  1.255 +-  1.489
  53 A   0.02194 0.03233 0.04831 0.06237 0.07406 0.08301 0.08891 0.09149 0.09097 0.11624 0.29037 (11)  1.309 +-  1.642
  54 N   0.21004 0.10881 0.09897 0.09201 0.08545 0.07871 0.07165 0.06428 0.05694 0.06715 0.06598 ( 1)  0.507 +-  0.590
  55 R   0.19870 0.10406 0.09595 0.09042 0.08511 0.07943 0.07322 0.06648 0.05957 0.07089 0.07617 ( 1)  0.537 +-  0.636
  56 S   0.01727 0.02669 0.04100 0.05428 0.06601 0.07572 0.08292 0.08718 0.08846 0.11467 0.34581 (11)  1.523 +-  1.863
  57 S   0.21054 0.10902 0.09910 0.09207 0.08545 0.07867 0.07156 0.06416 0.05681 0.06696 0.06566 ( 1)  0.506 +-  0.596
  58 S   0.18856 0.09976 0.09305 0.08873 0.08448 0.07973 0.07432 0.06820 0.06173 0.07407 0.08738 ( 1)  0.571 +-  0.697
  59 G   0.21170 0.10951 0.09942 0.09226 0.08551 0.07863 0.07144 0.06398 0.05658 0.06663 0.06433 ( 1)  0.501 +-  0.579
  60 V   0.20288 0.10580 0.09703 0.09097 0.08518 0.07911 0.07259 0.06562 0.05855 0.06946 0.07282 ( 1)  0.528 +-  0.631
  61 I   0.21990 0.11287 0.10138 0.09308 0.08539 0.07774 0.06999 0.06214 0.05452 0.06381 0.05918 ( 1)  0.486 +-  0.571
  62 L   0.18269 0.09719 0.09121 0.08750 0.08382 0.07960 0.07465 0.06892 0.06274 0.07563 0.09604 ( 1)  0.601 +-  0.771
  63 R   0.19231 0.10131 0.09404 0.08923 0.08456 0.07947 0.07376 0.06742 0.06080 0.07275 0.08433 ( 1)  0.564 +-  0.700
  64 R   0.19231 0.10131 0.09404 0.08923 0.08456 0.07947 0.07376 0.06742 0.06080 0.07275 0.08433 ( 1)  0.564 +-  0.700
  65 R   0.21023 0.10885 0.09894 0.09193 0.08532 0.07857 0.07150 0.06413 0.05681 0.06699 0.06673 ( 1)  0.511 +-  0.614
  66 G   0.20349 0.10609 0.09729 0.09118 0.08535 0.07923 0.07265 0.06563 0.05852 0.06937 0.07120 ( 1)  0.522 +-  0.606
  67 N   0.21273 0.10992 0.09964 0.09232 0.08545 0.07847 0.07122 0.06371 0.05629 0.06625 0.06399 ( 1)  0.501 +-  0.584
  68 V   0.20288 0.10580 0.09703 0.09097 0.08518 0.07911 0.07259 0.06562 0.05855 0.06946 0.07282 ( 1)  0.528 +-  0.631
  69 V   0.20288 0.10580 0.09703 0.09097 0.08518 0.07911 0.07259 0.06562 0.05855 0.06946 0.07282 ( 1)  0.528 +-  0.631
  70 Y   0.19681 0.10328 0.09547 0.09019 0.08509 0.07959 0.07353 0.06689 0.06005 0.07156 0.07753 ( 1)  0.540 +-  0.633
  71 E   0.21607 0.11131 0.10049 0.09273 0.08548 0.07819 0.07070 0.06302 0.05549 0.06513 0.06140 ( 1)  0.493 +-  0.574
  72 V   0.20034 0.10473 0.09635 0.09060 0.08509 0.07925 0.07292 0.06609 0.05913 0.07028 0.07521 ( 1)  0.535 +-  0.643
  73 D   0.20972 0.10871 0.09895 0.09206 0.08554 0.07883 0.07179 0.06442 0.05707 0.06730 0.06561 ( 1)  0.505 +-  0.581
  74 V   0.20034 0.10473 0.09635 0.09060 0.08509 0.07925 0.07292 0.06609 0.05913 0.07028 0.07521 ( 1)  0.535 +-  0.643
  75 G   0.20736 0.10772 0.09833 0.09174 0.08548 0.07900 0.07214 0.06490 0.05764 0.06811 0.06759 ( 1)  0.511 +-  0.587
  76 G   0.21170 0.10951 0.09942 0.09226 0.08551 0.07863 0.07144 0.06398 0.05658 0.06663 0.06433 ( 1)  0.501 +-  0.579
  77 T   0.20006 0.10467 0.09640 0.09074 0.08530 0.07950 0.07319 0.06636 0.05938 0.07058 0.07383 ( 1)  0.528 +-  0.605
  78 V   0.19965 0.10445 0.09619 0.09054 0.08512 0.07936 0.07308 0.06630 0.05936 0.07060 0.07535 ( 1)  0.534 +-  0.630
  79 W   0.18867 0.09980 0.09309 0.08875 0.08449 0.07974 0.07431 0.06819 0.06171 0.07404 0.08720 ( 1)  0.570 +-  0.694
  80 I   0.20188 0.10537 0.09674 0.09079 0.08511 0.07912 0.07268 0.06577 0.05874 0.06975 0.07405 ( 1)  0.532 +-  0.642
  81 R   0.19479 0.10223 0.09452 0.08933 0.08431 0.07891 0.07295 0.06644 0.05970 0.07125 0.08556 ( 1)  0.584 +-  0.824
  82 H   0.20038 0.10478 0.09642 0.09070 0.08520 0.07936 0.07302 0.06618 0.05919 0.07034 0.07444 ( 1)  0.532 +-  0.628
  83 A   0.02240 0.03310 0.04953 0.06401 0.07609 0.08537 0.09149 0.09420 0.09367 0.11954 0.27061 (11)  1.184 +-  1.398
  84 N   0.21004 0.10881 0.09897 0.09201 0.08545 0.07871 0.07165 0.06428 0.05694 0.06715 0.06598 ( 1)  0.507 +-  0.590
  85 Q   0.19694 0.10330 0.09541 0.09008 0.08493 0.07941 0.07333 0.06671 0.05987 0.07136 0.07866 ( 1)  0.546 +-  0.662
  86 I   0.20188 0.10537 0.09674 0.09079 0.08511 0.07912 0.07268 0.06577 0.05874 0.06975 0.07405 ( 1)  0.532 +-  0.642
  87 R   0.19231 0.10131 0.09404 0.08923 0.08456 0.07947 0.07376 0.06742 0.06080 0.07275 0.08433 ( 1)  0.564 +-  0.700
  88 H   0.20038 0.10478 0.09642 0.09070 0.08520 0.07936 0.07302 0.06618 0.05919 0.07034 0.07444 ( 1)  0.532 +-  0.628
  89 C   0.19849 0.10401 0.09598 0.09052 0.08524 0.07959 0.07340 0.06666 0.05973 0.07108 0.07531 ( 1)  0.533 +-  0.614
  90 M   0.02515 0.03623 0.05347 0.06825 0.08017 0.08892 0.09427 0.09604 0.09455 0.11987 0.24310 (11)  1.078 +-  1.234
  91 R   0.19231 0.10131 0.09404 0.08923 0.08456 0.07947 0.07376 0.06742 0.06080 0.07275 0.08433 ( 1)  0.564 +-  0.700
  92 P   0.19503 0.10252 0.09495 0.08989 0.08497 0.07963 0.07371 0.06719 0.06042 0.07211 0.07958 ( 1)  0.547 +-  0.647
  93 D   0.20972 0.10871 0.09895 0.09206 0.08554 0.07883 0.07179 0.06442 0.05707 0.06730 0.06561 ( 1)  0.505 +-  0.581
  94 I   0.20390 0.10574 0.09621 0.08962 0.08354 0.07737 0.07093 0.06418 0.05742 0.06834 0.08274 ( 1)  0.568 +-  0.799
  95 I   0.20429 0.10638 0.09738 0.09112 0.08517 0.07897 0.07234 0.06529 0.05819 0.06895 0.07192 ( 1)  0.526 +-  0.633
  96 Q   0.19694 0.10330 0.09541 0.09008 0.08493 0.07941 0.07333 0.06671 0.05987 0.07136 0.07866 ( 1)  0.546 +-  0.662
  97 E   0.21607 0.11131 0.10049 0.09273 0.08548 0.07819 0.07070 0.06302 0.05549 0.06513 0.06140 ( 1)  0.493 +-  0.574
  98 R   0.21023 0.10885 0.09894 0.09193 0.08532 0.07857 0.07150 0.06413 0.05681 0.06699 0.06673 ( 1)  0.511 +-  0.614
  99 K   0.21157 0.10939 0.09924 0.09203 0.08527 0.07838 0.07123 0.06380 0.05645 0.06651 0.06613 ( 1)  0.509 +-  0.618
 100 M   0.22199 0.11385 0.10215 0.09365 0.08576 0.07791 0.06996 0.06193 0.05417 0.06320 0.05543 ( 1)  0.474 +-  0.530
 101 N   0.21004 0.10881 0.09897 0.09201 0.08545 0.07871 0.07165 0.06428 0.05694 0.06715 0.06598 ( 1)  0.507 +-  0.590
 102 L   0.18927 0.10002 0.09317 0.08872 0.08438 0.07956 0.07409 0.06794 0.06145 0.07370 0.08770 ( 1)  0.574 +-  0.718
 103 P   0.19225 0.10133 0.09413 0.08938 0.08475 0.07967 0.07396 0.06761 0.06096 0.07293 0.08301 ( 1)  0.558 +-  0.674
 104 L   0.18455 0.09800 0.09178 0.08786 0.08400 0.07961 0.07451 0.06866 0.06239 0.07511 0.09353 ( 1)  0.593 +-  0.753
 105 D   0.21252 0.10987 0.09967 0.09240 0.08557 0.07860 0.07135 0.06383 0.05640 0.06636 0.06343 ( 1)  0.499 +-  0.573
 106 I   0.20319 0.10592 0.09710 0.09099 0.08517 0.07906 0.07252 0.06553 0.05846 0.06934 0.07271 ( 1)  0.528 +-  0.633
 107 L   0.19366 0.10191 0.09450 0.08956 0.08477 0.07956 0.07374 0.06731 0.06061 0.07244 0.08194 ( 1)  0.555 +-  0.675
 108 L   0.19443 0.10223 0.09469 0.08966 0.08478 0.07949 0.07361 0.06714 0.06041 0.07216 0.08141 ( 1)  0.554 +-  0.677
 109 E   0.21607 0.11131 0.10049 0.09273 0.08548 0.07819 0.07070 0.06302 0.05549 0.06513 0.06140 ( 1)  0.493 +-  0.574
 110 T   0.00676 0.01236 0.02143 0.03147 0.04192 0.05213 0.06139 0.06891 0.07419 0.10065 0.52878 (11)  2.340 +-  2.493
 111 F   0.19812 0.10385 0.09586 0.09044 0.08520 0.07958 0.07341 0.06669 0.05978 0.07116 0.07590 ( 1)  0.535 +-  0.622
 112 E   0.01917 0.02912 0.04427 0.05806 0.06998 0.07957 0.08640 0.09009 0.09069 0.11681 0.31584 (11)  1.388 +-  1.701
 113 M   0.22199 0.11385 0.10215 0.09365 0.08576 0.07791 0.06996 0.06193 0.05417 0.06320 0.05543 ( 1)  0.474 +-  0.530
 114 Q   0.19694 0.10330 0.09541 0.09008 0.08493 0.07941 0.07333 0.06671 0.05987 0.07136 0.07866 ( 1)  0.546 +-  0.662
 115 S   0.01894 0.02893 0.04411 0.05800 0.07008 0.07985 0.08688 0.09075 0.09149 0.11792 0.31305 (11)  1.357 +-  1.633
 116 K   0.02705 0.03827 0.05591 0.07070 0.08233 0.09057 0.09526 0.09633 0.09419 0.11894 0.23046 (11)  1.040 +-  1.189
 117 N   0.21004 0.10881 0.09897 0.09201 0.08545 0.07871 0.07165 0.06428 0.05694 0.06715 0.06598 ( 1)  0.507 +-  0.590
 118 E   0.20729 0.10768 0.09829 0.09170 0.08544 0.07896 0.07210 0.06487 0.05762 0.06809 0.06798 ( 1)  0.512 +-  0.595
 119 S   0.19303 0.10167 0.09438 0.08955 0.08484 0.07969 0.07393 0.06753 0.06084 0.07274 0.08180 ( 1)  0.553 +-  0.659
 120 T   0.20337 0.10598 0.09711 0.09093 0.08505 0.07888 0.07229 0.06527 0.05818 0.06896 0.07398 ( 1)  0.537 +-  0.684
 121 G   0.21170 0.10951 0.09942 0.09226 0.08551 0.07863 0.07144 0.06398 0.05658 0.06663 0.06433 ( 1)  0.501 +-  0.579
 122 L   0.02015 0.03045 0.04613 0.06030 0.07245 0.08213 0.08889 0.09239 0.09269 0.11902 0.29540 (11)  1.279 +-  1.524
 123 N   0.02434 0.03518 0.05197 0.06639 0.07806 0.08668 0.09202 0.09391 0.09264 0.11771 0.26110 (11)  1.173 +-  1.430
 124 I   0.20188 0.10537 0.09674 0.09079 0.08511 0.07912 0.07268 0.06577 0.05874 0.06975 0.07405 ( 1)  0.532 +-  0.642
 125 G   0.02411 0.03502 0.05190 0.06650 0.07840 0.08728 0.09285 0.09492 0.09378 0.11919 0.25604 (11)  1.136 +-  1.343
 126 V   0.20288 0.10580 0.09703 0.09097 0.08518 0.07911 0.07259 0.06562 0.05855 0.06946 0.07282 ( 1)  0.528 +-  0.631
 127 N   0.21273 0.10992 0.09964 0.09232 0.08545 0.07847 0.07122 0.06371 0.05629 0.06625 0.06399 ( 1)  0.501 +-  0.584
 128 P   0.19566 0.10276 0.09508 0.08992 0.08492 0.07951 0.07353 0.06698 0.06018 0.07180 0.07967 ( 1)  0.549 +-  0.671
 129 S   0.19048 0.10059 0.09365 0.08912 0.08468 0.07976 0.07420 0.06796 0.06139 0.07355 0.08463 ( 1)  0.562 +-  0.672
 130 P   0.19225 0.10133 0.09413 0.08938 0.08475 0.07967 0.07396 0.06761 0.06096 0.07293 0.08301 ( 1)  0.558 +-  0.674
 131 F   0.01896 0.02893 0.04407 0.05791 0.06992 0.07964 0.08660 0.09043 0.09114 0.11746 0.31494 (11)  1.372 +-  1.661
 132 Q   0.19694 0.10330 0.09541 0.09008 0.08493 0.07941 0.07333 0.06671 0.05987 0.07136 0.07866 ( 1)  0.546 +-  0.662
 133 R   0.21454 0.11067 0.10010 0.09254 0.08547 0.07832 0.07093 0.06333 0.05586 0.06564 0.06259 ( 1)  0.497 +-  0.579

Positively selected sites

	Prob(w>1)  mean w

   110 T      0.529         2.340 +- 2.493

