Supplemental results for CODEML (seqf: algn  treef: tree)


dN/dS (w) for site classes (K=2)

p:   0.99999  0.00001
w:   0.45696  1.00000

Naive Empirical Bayes (NEB) probabilities for 2 classes & postmean_w
(amino acids refer to 1st sequence: spe.20234)

   1 M   0.99999 0.00001 ( 1)  0.457
   2 H   0.99999 0.00001 ( 1)  0.457
   3 K   0.99999 0.00001 ( 1)  0.457
   4 D   0.99999 0.00001 ( 1)  0.457
   5 L   0.99998 0.00002 ( 1)  0.457
   6 F   0.99999 0.00001 ( 1)  0.457
   7 Y   0.99999 0.00001 ( 1)  0.457
   8 P   0.99999 0.00001 ( 1)  0.457
   9 L   0.99999 0.00001 ( 1)  0.457
  10 P   0.99999 0.00001 ( 1)  0.457
  11 C   0.99999 0.00001 ( 1)  0.457
  12 V   0.99999 0.00001 ( 1)  0.457
  13 W   0.99999 0.00001 ( 1)  0.457
  14 N   0.99999 0.00001 ( 1)  0.457
  15 L   0.99999 0.00001 ( 1)  0.457
  16 Q   0.99999 0.00001 ( 1)  0.457
  17 L   0.99999 0.00001 ( 1)  0.457
  18 N   0.99999 0.00001 ( 1)  0.457
  19 D   0.99998 0.00002 ( 1)  0.457
  20 A   0.99999 0.00001 ( 1)  0.457
  21 A   0.99999 0.00001 ( 1)  0.457
  22 N   0.99999 0.00001 ( 1)  0.457
  23 G   0.99999 0.00001 ( 1)  0.457
  24 S   0.99999 0.00001 ( 1)  0.457
  25 A   0.99999 0.00001 ( 1)  0.457
  26 C   0.99999 0.00001 ( 1)  0.457
  27 L   0.99999 0.00001 ( 1)  0.457
  28 Q   0.99998 0.00002 ( 1)  0.457
  29 S   0.99999 0.00001 ( 1)  0.457
  30 R   0.99999 0.00001 ( 1)  0.457
  31 S   0.99999 0.00001 ( 1)  0.457
  32 L   0.99999 0.00001 ( 1)  0.457
  33 A   0.99999 0.00001 ( 1)  0.457
  34 G   0.99999 0.00001 ( 1)  0.457
  35 L   0.99999 0.00001 ( 1)  0.457
  36 R   0.99999 0.00001 ( 1)  0.457
  37 L   0.99999 0.00001 ( 1)  0.457
  38 A   0.99999 0.00001 ( 1)  0.457
  39 E   0.99999 0.00001 ( 1)  0.457
  40 R   0.99999 0.00001 ( 1)  0.457
  41 P   0.99999 0.00001 ( 1)  0.457
  42 N   0.99999 0.00001 ( 1)  0.457
  43 A   0.99999 0.00001 ( 1)  0.457
  44 K   0.99999 0.00001 ( 1)  0.457
  45 L   0.99999 0.00001 ( 1)  0.457
  46 L   0.99999 0.00001 ( 1)  0.457
  47 H   0.99999 0.00001 ( 1)  0.457
  48 M   0.99999 0.00001 ( 1)  0.457
  49 N   0.99999 0.00001 ( 1)  0.457
  50 R   0.99999 0.00001 ( 1)  0.457
  51 Q   0.99999 0.00001 ( 1)  0.457
  52 D   0.99999 0.00001 ( 1)  0.457
  53 K   0.99999 0.00001 ( 1)  0.457
  54 F   0.99999 0.00001 ( 1)  0.457
  55 E   0.99999 0.00001 ( 1)  0.457
  56 Y   0.99999 0.00001 ( 1)  0.457
  57 R   0.99999 0.00001 ( 1)  0.457
  58 D   0.99999 0.00001 ( 1)  0.457
  59 D   0.99999 0.00001 ( 1)  0.457
  60 D   0.99999 0.00001 ( 1)  0.457
  61 H   0.99998 0.00002 ( 1)  0.457
  62 L   0.99999 0.00001 ( 1)  0.457
  63 T   0.99999 0.00001 ( 1)  0.457
  64 P   0.99999 0.00001 ( 1)  0.457
  65 A   0.99999 0.00001 ( 1)  0.457
  66 D   0.99999 0.00001 ( 1)  0.457
  67 V   0.99999 0.00001 ( 1)  0.457
  68 P   0.99999 0.00001 ( 1)  0.457
  69 A   0.99999 0.00001 ( 1)  0.457
  70 T   0.99999 0.00001 ( 1)  0.457
  71 E   0.99999 0.00001 ( 1)  0.457
  72 M   0.99998 0.00002 ( 1)  0.457
  73 T   0.99999 0.00001 ( 1)  0.457
  74 V   0.99999 0.00001 ( 1)  0.457
  75 D   0.99999 0.00001 ( 1)  0.457
  76 D   0.99999 0.00001 ( 1)  0.457
  77 R   0.99999 0.00001 ( 1)  0.457
  78 L   0.99999 0.00001 ( 1)  0.457
  79 Q   0.99999 0.00001 ( 1)  0.457
  80 W   0.99999 0.00001 ( 1)  0.457
  81 Y   0.99999 0.00001 ( 1)  0.457
  82 L   0.99999 0.00001 ( 1)  0.457
  83 V   0.99998 0.00002 ( 1)  0.457
  84 E   0.99999 0.00001 ( 1)  0.457
  85 R   0.99999 0.00001 ( 1)  0.457
  86 K   0.99999 0.00001 ( 1)  0.457
  87 K   0.99999 0.00001 ( 1)  0.457
  88 V   0.99999 0.00001 ( 1)  0.457
  89 T   0.99999 0.00001 ( 1)  0.457
  90 L   0.99999 0.00001 ( 1)  0.457
  91 L   0.99999 0.00001 ( 1)  0.457
  92 N   0.99999 0.00001 ( 1)  0.457
  93 G   0.99999 0.00001 ( 1)  0.457
  94 Y   0.99999 0.00001 ( 1)  0.457
  95 N   0.99999 0.00001 ( 1)  0.457
  96 F   0.99999 0.00001 ( 1)  0.457
  97 V   0.99999 0.00001 ( 1)  0.457
  98 D   0.99999 0.00001 ( 1)  0.457
  99 T   0.99999 0.00001 ( 1)  0.457
 100 T   0.99999 0.00001 ( 1)  0.457
 101 A   0.99998 0.00002 ( 1)  0.457
 102 Q   0.99999 0.00001 ( 1)  0.457
 103 L   0.99999 0.00001 ( 1)  0.457
 104 S   0.99999 0.00001 ( 1)  0.457
 105 R   0.99998 0.00002 ( 1)  0.457
 106 G   0.99999 0.00001 ( 1)  0.457
 107 E   0.99999 0.00001 ( 1)  0.457
 108 L   0.99999 0.00001 ( 1)  0.457
 109 E   0.99999 0.00001 ( 1)  0.457
 110 Q   0.99999 0.00001 ( 1)  0.457
 111 V   0.99999 0.00001 ( 1)  0.457
 112 P   0.99999 0.00001 ( 1)  0.457
 113 Y   0.99999 0.00001 ( 1)  0.457
 114 V   0.99999 0.00001 ( 1)  0.457
 115 W   0.99999 0.00001 ( 1)  0.457


lnL =  -536.747762

