Supplemental results for CODEML (seqf: algn  treef: tree)


dN/dS (w) for site classes (K=9)

p:   0.12500  0.12500  0.12500  0.12500  0.12500  0.12500  0.12500  0.12500  0.00001
w:   0.00000  0.00000  0.00000  0.00000  0.00000  0.00000  0.00000  0.00000  1.00000

Naive Empirical Bayes (NEB) probabilities for 9 classes & postmean_w
(amino acids refer to 1st sequence: spe.2804)

   1 L   0.12500 0.12500 0.12500 0.12500 0.12500 0.12500 0.12500 0.12500 0.00001 ( 3)  0.000
   2 K   0.12500 0.12500 0.12500 0.12500 0.12500 0.12500 0.12500 0.12500 0.00001 ( 1)  0.000
   3 V   0.12500 0.12500 0.12500 0.12500 0.12500 0.12500 0.12500 0.12500 0.00001 ( 1)  0.000
   4 V   0.12500 0.12500 0.12500 0.12500 0.12500 0.12500 0.12500 0.12500 0.00001 ( 2)  0.000
   5 N   0.12500 0.12500 0.12500 0.12500 0.12500 0.12500 0.12500 0.12500 0.00001 ( 1)  0.000
   6 Q   0.12500 0.12500 0.12500 0.12500 0.12500 0.12500 0.12500 0.12500 0.00001 ( 3)  0.000
   7 R   0.12500 0.12500 0.12500 0.12500 0.12500 0.12500 0.12500 0.12500 0.00001 ( 1)  0.000
   8 L   0.12500 0.12500 0.12500 0.12500 0.12500 0.12500 0.12500 0.12500 0.00001 ( 6)  0.000
   9 A   0.12500 0.12500 0.12500 0.12500 0.12500 0.12500 0.12500 0.12500 0.00001 ( 3)  0.000
  10 D   0.12500 0.12500 0.12500 0.12500 0.12500 0.12500 0.12500 0.12500 0.00001 ( 1)  0.000
  11 L   0.12500 0.12500 0.12500 0.12500 0.12500 0.12500 0.12500 0.12500 0.00001 ( 6)  0.000
  12 E   0.12500 0.12500 0.12500 0.12500 0.12500 0.12500 0.12500 0.12500 0.00001 ( 5)  0.000
  13 L   0.12500 0.12500 0.12500 0.12500 0.12500 0.12500 0.12500 0.12500 0.00001 ( 6)  0.000
  14 E   0.12500 0.12500 0.12500 0.12500 0.12500 0.12500 0.12500 0.12500 0.00001 ( 5)  0.000
  15 R   0.12500 0.12500 0.12500 0.12500 0.12500 0.12500 0.12500 0.12500 0.00001 ( 2)  0.000
  16 S   0.12500 0.12500 0.12500 0.12500 0.12500 0.12500 0.12500 0.12500 0.00001 ( 1)  0.000
  17 A   0.12500 0.12500 0.12500 0.12500 0.12500 0.12500 0.12500 0.12500 0.00001 ( 3)  0.000
  18 Q   0.12500 0.12500 0.12500 0.12500 0.12500 0.12500 0.12500 0.12500 0.00001 ( 2)  0.000
  19 S   0.12500 0.12500 0.12500 0.12500 0.12500 0.12500 0.12500 0.12500 0.00001 ( 1)  0.000
  20 K   0.12500 0.12500 0.12500 0.12500 0.12500 0.12500 0.12500 0.12500 0.00001 ( 1)  0.000
  21 E   0.12500 0.12500 0.12500 0.12500 0.12500 0.12500 0.12500 0.12500 0.00001 ( 5)  0.000
  22 V   0.12500 0.12500 0.12500 0.12500 0.12500 0.12500 0.12500 0.12500 0.00001 ( 1)  0.000
  23 K   0.12500 0.12500 0.12500 0.12500 0.12500 0.12500 0.12500 0.12500 0.00001 ( 1)  0.000
  24 E   0.12500 0.12500 0.12500 0.12500 0.12500 0.12500 0.12500 0.12500 0.00001 ( 5)  0.000
  25 A   0.12500 0.12500 0.12500 0.12500 0.12500 0.12500 0.12500 0.12500 0.00001 ( 5)  0.000
  26 L   0.12500 0.12500 0.12500 0.12500 0.12500 0.12500 0.12500 0.12500 0.00001 ( 6)  0.000
  27 A   0.12500 0.12500 0.12500 0.12500 0.12500 0.12500 0.12500 0.12500 0.00001 ( 5)  0.000
  28 A   0.12500 0.12500 0.12500 0.12500 0.12500 0.12500 0.12500 0.12500 0.00001 ( 3)  0.000
  29 S   0.12500 0.12500 0.12500 0.12500 0.12500 0.12500 0.12500 0.12500 0.00001 ( 2)  0.000
  30 E   0.12500 0.12500 0.12500 0.12500 0.12500 0.12500 0.12500 0.12500 0.00001 ( 5)  0.000
  31 E   0.12500 0.12500 0.12500 0.12500 0.12500 0.12500 0.12500 0.12500 0.00001 ( 5)  0.000
  32 A   0.12500 0.12500 0.12500 0.12500 0.12500 0.12500 0.12500 0.12500 0.00001 ( 3)  0.000
  33 S   0.12500 0.12500 0.12500 0.12500 0.12500 0.12500 0.12500 0.12500 0.00001 ( 3)  0.000
  34 R   0.12500 0.12500 0.12500 0.12500 0.12500 0.12500 0.12500 0.12500 0.00001 ( 3)  0.000
  35 T   0.12500 0.12500 0.12500 0.12500 0.12500 0.12500 0.12500 0.12500 0.00001 ( 5)  0.000
  36 L   0.12500 0.12500 0.12500 0.12500 0.12500 0.12500 0.12500 0.12500 0.00001 ( 6)  0.000
  37 A   0.12500 0.12500 0.12500 0.12500 0.12500 0.12500 0.12500 0.12500 0.00001 ( 3)  0.000
  38 R   0.12500 0.12500 0.12500 0.12500 0.12500 0.12500 0.12500 0.12500 0.00001 ( 1)  0.000
  39 K   0.12500 0.12500 0.12500 0.12500 0.12500 0.12500 0.12500 0.12500 0.00001 ( 3)  0.000
  40 D   0.12500 0.12500 0.12500 0.12500 0.12500 0.12500 0.12500 0.12500 0.00001 ( 1)  0.000
  41 E   0.12500 0.12500 0.12500 0.12500 0.12500 0.12500 0.12500 0.12500 0.00001 ( 5)  0.000
  42 Q   0.12500 0.12500 0.12500 0.12500 0.12500 0.12500 0.12500 0.12500 0.00001 ( 3)  0.000
  43 V   0.12500 0.12500 0.12500 0.12500 0.12500 0.12500 0.12500 0.12500 0.00001 ( 2)  0.000
  44 Q   0.12500 0.12500 0.12500 0.12500 0.12500 0.12500 0.12500 0.12500 0.00001 ( 3)  0.000
  45 M   0.12500 0.12500 0.12500 0.12500 0.12500 0.12500 0.12500 0.12500 0.00001 ( 1)  0.000
  46 L   0.12500 0.12500 0.12500 0.12500 0.12500 0.12500 0.12500 0.12500 0.00001 ( 1)  0.000
  47 Q   0.12500 0.12500 0.12500 0.12500 0.12500 0.12500 0.12500 0.12500 0.00001 ( 2)  0.000
  48 A   0.12500 0.12500 0.12500 0.12500 0.12500 0.12500 0.12500 0.12500 0.00001 ( 1)  0.000
  49 E   0.12500 0.12500 0.12500 0.12500 0.12500 0.12500 0.12500 0.12500 0.00001 ( 5)  0.000
  50 Q   0.12500 0.12500 0.12500 0.12500 0.12500 0.12500 0.12500 0.12500 0.00001 ( 3)  0.000
  51 Q   0.12500 0.12500 0.12500 0.12500 0.12500 0.12500 0.12500 0.12500 0.00001 ( 3)  0.000
  52 S   0.12500 0.12500 0.12500 0.12500 0.12500 0.12500 0.12500 0.12500 0.00001 ( 1)  0.000
  53 L   0.12500 0.12500 0.12500 0.12500 0.12500 0.12500 0.12500 0.12500 0.00001 ( 3)  0.000
  54 R   0.12500 0.12500 0.12500 0.12500 0.12500 0.12500 0.12500 0.12500 0.00001 ( 3)  0.000
  55 S   0.12500 0.12500 0.12500 0.12500 0.12500 0.12500 0.12500 0.12500 0.00001 ( 2)  0.000
  56 E   0.12500 0.12500 0.12500 0.12500 0.12500 0.12500 0.12500 0.12500 0.00001 ( 5)  0.000
  57 L   0.12500 0.12500 0.12500 0.12500 0.12500 0.12500 0.12500 0.12500 0.00001 ( 3)  0.000
  58 A   0.12500 0.12500 0.12500 0.12500 0.12500 0.12500 0.12500 0.12500 0.00001 ( 3)  0.000
  59 A   0.12500 0.12500 0.12500 0.12500 0.12500 0.12500 0.12500 0.12500 0.00001 ( 3)  0.000
  60 A   0.12500 0.12500 0.12500 0.12500 0.12500 0.12500 0.12500 0.12500 0.00001 ( 1)  0.000
  61 Q   0.12500 0.12500 0.12500 0.12500 0.12500 0.12500 0.12500 0.12500 0.00001 ( 2)  0.000
  62 S   0.12500 0.12500 0.12500 0.12500 0.12500 0.12500 0.12500 0.12500 0.00001 ( 1)  0.000
  63 S   0.12500 0.12500 0.12500 0.12500 0.12500 0.12500 0.12500 0.12500 0.00001 ( 1)  0.000
  64 L   0.12500 0.12500 0.12500 0.12500 0.12500 0.12500 0.12500 0.12500 0.00001 ( 3)  0.000
  65 R   0.12500 0.12500 0.12500 0.12500 0.12500 0.12500 0.12500 0.12500 0.00001 ( 2)  0.000
  66 E   0.12500 0.12500 0.12500 0.12500 0.12500 0.12500 0.12500 0.12500 0.00001 ( 5)  0.000
  67 S   0.12500 0.12500 0.12500 0.12500 0.12500 0.12500 0.12500 0.12500 0.00001 ( 2)  0.000
  68 R   0.12500 0.12500 0.12500 0.12500 0.12500 0.12500 0.12500 0.12500 0.00001 ( 1)  0.000
  69 R   0.12500 0.12500 0.12500 0.12500 0.12500 0.12500 0.12500 0.12500 0.00001 ( 2)  0.000
  70 E   0.12500 0.12500 0.12500 0.12500 0.12500 0.12500 0.12500 0.12500 0.00001 ( 5)  0.000
  71 A   0.12500 0.12500 0.12500 0.12500 0.12500 0.12500 0.12500 0.12500 0.00001 ( 3)  0.000
  72 E   0.12500 0.12500 0.12500 0.12500 0.12500 0.12500 0.12500 0.12500 0.00001 ( 5)  0.000
  73 S   0.12500 0.12500 0.12500 0.12500 0.12500 0.12500 0.12500 0.12500 0.00001 ( 1)  0.000
  74 A   0.12500 0.12500 0.12500 0.12500 0.12500 0.12500 0.12500 0.12500 0.00001 ( 1)  0.000
  75 D   0.12500 0.12500 0.12500 0.12500 0.12500 0.12500 0.12500 0.12500 0.00001 ( 1)  0.000
  76 R   0.12500 0.12500 0.12500 0.12500 0.12500 0.12500 0.12500 0.12500 0.00001 ( 2)  0.000
  77 E   0.12500 0.12500 0.12500 0.12500 0.12500 0.12500 0.12500 0.12500 0.00001 ( 5)  0.000
  78 V   0.12500 0.12500 0.12500 0.12500 0.12500 0.12500 0.12500 0.12500 0.00001 ( 2)  0.000
  79 S   0.12500 0.12500 0.12500 0.12500 0.12500 0.12500 0.12500 0.12500 0.00001 ( 1)  0.000
  80 R   0.12500 0.12500 0.12500 0.12500 0.12500 0.12500 0.12500 0.12500 0.00001 ( 2)  0.000
  81 C   0.12500 0.12500 0.12500 0.12500 0.12500 0.12500 0.12500 0.12500 0.00001 ( 1)  0.000
  82 R   0.12500 0.12500 0.12500 0.12500 0.12500 0.12500 0.12500 0.12500 0.00001 ( 1)  0.000
  83 D   0.12500 0.12500 0.12500 0.12500 0.12500 0.12500 0.12500 0.12500 0.00001 ( 1)  0.000
  84 E   0.12500 0.12500 0.12500 0.12500 0.12500 0.12500 0.12500 0.12500 0.00001 ( 5)  0.000
  85 I   0.12500 0.12500 0.12500 0.12500 0.12500 0.12500 0.12500 0.12500 0.00001 ( 3)  0.000
  86 A   0.12500 0.12500 0.12500 0.12500 0.12500 0.12500 0.12500 0.12500 0.00001 ( 5)  0.000
  87 A   0.12500 0.12500 0.12500 0.12500 0.12500 0.12500 0.12500 0.12500 0.00001 ( 3)  0.000
  88 L   0.12500 0.12500 0.12500 0.12500 0.12500 0.12500 0.12500 0.12500 0.00001 ( 6)  0.000
  89 N   0.12500 0.12500 0.12500 0.12500 0.12500 0.12500 0.12500 0.12500 0.00001 ( 2)  0.000
  90 R   0.12500 0.12500 0.12500 0.12500 0.12500 0.12500 0.12500 0.12500 0.00001 ( 1)  0.000
  91 D   0.12500 0.12500 0.12500 0.12500 0.12500 0.12500 0.12500 0.12500 0.00001 ( 1)  0.000
  92 L   0.12500 0.12500 0.12500 0.12500 0.12500 0.12500 0.12500 0.12500 0.00001 ( 3)  0.000
  93 H   0.12500 0.12500 0.12500 0.12500 0.12500 0.12500 0.12500 0.12500 0.00001 ( 6)  0.000
  94 R   0.12500 0.12500 0.12500 0.12500 0.12500 0.12500 0.12500 0.12500 0.00001 ( 2)  0.000
  95 L   0.12500 0.12500 0.12500 0.12500 0.12500 0.12500 0.12500 0.12500 0.00001 ( 1)  0.000
  96 Q   0.12500 0.12500 0.12500 0.12500 0.12500 0.12500 0.12500 0.12500 0.00001 ( 3)  0.000
  97 S   0.12500 0.12500 0.12500 0.12500 0.12500 0.12500 0.12500 0.12500 0.00001 ( 3)  0.000
  98 S   0.12500 0.12500 0.12500 0.12500 0.12500 0.12500 0.12500 0.12500 0.00001 ( 1)  0.000
  99 L   0.12500 0.12500 0.12500 0.12500 0.12500 0.12500 0.12500 0.12500 0.00001 ( 6)  0.000
 100 R   0.12500 0.12500 0.12500 0.12500 0.12500 0.12500 0.12500 0.12500 0.00001 ( 1)  0.000
 101 V   0.12500 0.12500 0.12500 0.12500 0.12500 0.12500 0.12500 0.12500 0.00001 ( 1)  0.000
 102 G   0.12500 0.12500 0.12500 0.12500 0.12500 0.12500 0.12500 0.12500 0.00001 ( 2)  0.000
 103 R   0.12500 0.12500 0.12500 0.12500 0.12500 0.12500 0.12500 0.12500 0.00001 ( 1)  0.000
 104 L   0.12500 0.12500 0.12500 0.12500 0.12500 0.12500 0.12500 0.12500 0.00001 ( 6)  0.000
 105 L   0.12500 0.12500 0.12500 0.12500 0.12500 0.12500 0.12500 0.12500 0.00001 ( 1)  0.000
 106 Y   0.12500 0.12500 0.12500 0.12500 0.12500 0.12500 0.12500 0.12500 0.00001 ( 1)  0.000
 107 S   0.12500 0.12500 0.12500 0.12500 0.12500 0.12500 0.12500 0.12500 0.00001 ( 2)  0.000
 108 L   0.12500 0.12500 0.12500 0.12500 0.12500 0.12500 0.12500 0.12500 0.00001 ( 3)  0.000
 109 C   0.12500 0.12500 0.12500 0.12500 0.12500 0.12500 0.12500 0.12500 0.00001 ( 1)  0.000
 110 F   0.12500 0.12500 0.12500 0.12500 0.12500 0.12500 0.12500 0.12500 0.00001 ( 3)  0.000
 111 W   0.12500 0.12500 0.12500 0.12500 0.12500 0.12500 0.12500 0.12500 0.00001 ( 3)  0.000
 112 S   0.12500 0.12500 0.12500 0.12500 0.12500 0.12500 0.12500 0.12500 0.00001 ( 1)  0.000
 113 L   0.12500 0.12500 0.12500 0.12500 0.12500 0.12500 0.12500 0.12500 0.00001 ( 3)  0.000
 114 S   0.12500 0.12500 0.12500 0.12500 0.12500 0.12500 0.12500 0.12500 0.00001 ( 2)  0.000
 115 R   0.12500 0.12500 0.12500 0.12500 0.12500 0.12500 0.12500 0.12500 0.00001 ( 1)  0.000
 116 S   0.12500 0.12500 0.12500 0.12500 0.12500 0.12500 0.12500 0.12500 0.00001 ( 1)  0.000
 117 I   0.12500 0.12500 0.12500 0.12500 0.12500 0.12500 0.12500 0.12500 0.00001 ( 3)  0.000
 118 R   0.12500 0.12500 0.12500 0.12500 0.12500 0.12500 0.12500 0.12500 0.00001 ( 3)  0.000
 119 L   0.12500 0.12500 0.12500 0.12500 0.12500 0.12500 0.12500 0.12500 0.00001 ( 3)  0.000
 120 P   0.12500 0.12500 0.12500 0.12500 0.12500 0.12500 0.12500 0.12500 0.00001 ( 1)  0.000
 121 K   0.12500 0.12500 0.12500 0.12500 0.12500 0.12500 0.12500 0.12500 0.00001 ( 3)  0.000

Positively selected sites

	Prob(w>1)  mean w



lnL =  -494.353478

Bayes Empirical Bayes (BEB) probabilities for 11 classes (class) & postmean_w
(amino acids refer to 1st sequence: spe.2804)

   1 L   0.20481 0.06808 0.06082 0.05771 0.05580 0.05431 0.05305 0.05225 0.05327 0.11339 0.22651 (11)  1.009 +-  1.477
   2 K   0.20646 0.06864 0.06127 0.05809 0.05611 0.05456 0.05324 0.05239 0.05337 0.11363 0.22223 (11)  0.988 +-  1.440
   3 V   0.20568 0.06837 0.06105 0.05791 0.05596 0.05444 0.05315 0.05232 0.05332 0.11352 0.22427 (11)  0.998 +-  1.458
   4 V   0.20519 0.06821 0.06092 0.05780 0.05587 0.05437 0.05310 0.05228 0.05329 0.11345 0.22553 (11)  1.004 +-  1.468
   5 N   0.20580 0.06841 0.06109 0.05794 0.05599 0.05446 0.05317 0.05234 0.05333 0.11354 0.22394 (11)  0.996 +-  1.454
   6 Q   0.20519 0.06821 0.06092 0.05780 0.05587 0.05436 0.05309 0.05228 0.05329 0.11344 0.22556 (11)  1.004 +-  1.469
   7 R   0.20480 0.06808 0.06081 0.05771 0.05580 0.05431 0.05305 0.05225 0.05327 0.11339 0.22653 (11)  1.009 +-  1.477
   8 L   0.20443 0.06795 0.06071 0.05762 0.05573 0.05425 0.05300 0.05221 0.05324 0.11333 0.22754 (11)  1.014 +-  1.486
   9 A   0.20512 0.06818 0.06090 0.05778 0.05586 0.05435 0.05309 0.05228 0.05329 0.11344 0.22571 (11)  1.005 +-  1.470
  10 D   0.20545 0.06830 0.06099 0.05786 0.05592 0.05440 0.05313 0.05231 0.05331 0.11348 0.22486 (11)  1.001 +-  1.463
  11 L   0.20504 0.06816 0.06088 0.05777 0.05584 0.05434 0.05308 0.05227 0.05328 0.11343 0.22591 (11)  1.006 +-  1.472
  12 E   0.20531 0.06825 0.06095 0.05783 0.05589 0.05438 0.05311 0.05229 0.05330 0.11347 0.22522 (11)  1.002 +-  1.466
  13 L   0.20489 0.06811 0.06084 0.05773 0.05582 0.05432 0.05306 0.05226 0.05327 0.11341 0.22630 (11)  1.008 +-  1.475
  14 E   0.20531 0.06825 0.06095 0.05783 0.05589 0.05438 0.05311 0.05229 0.05330 0.11347 0.22522 (11)  1.002 +-  1.466
  15 R   0.20562 0.06835 0.06104 0.05790 0.05595 0.05443 0.05315 0.05232 0.05332 0.11351 0.22442 (11)  0.998 +-  1.459
  16 S   0.20506 0.06816 0.06088 0.05777 0.05585 0.05435 0.05308 0.05228 0.05329 0.11344 0.22585 (11)  1.005 +-  1.471
  17 A   0.20512 0.06818 0.06090 0.05778 0.05586 0.05435 0.05309 0.05228 0.05329 0.11344 0.22571 (11)  1.005 +-  1.470
  18 Q   0.20459 0.06800 0.06075 0.05766 0.05576 0.05427 0.05302 0.05223 0.05325 0.11336 0.22708 (11)  1.012 +-  1.482
  19 S   0.20547 0.06830 0.06100 0.05787 0.05593 0.05441 0.05313 0.05231 0.05331 0.11349 0.22479 (11)  1.000 +-  1.462
  20 K   0.20646 0.06864 0.06127 0.05809 0.05611 0.05456 0.05324 0.05239 0.05337 0.11363 0.22223 (11)  0.988 +-  1.440
  21 E   0.20531 0.06825 0.06095 0.05783 0.05589 0.05438 0.05311 0.05229 0.05330 0.11347 0.22522 (11)  1.002 +-  1.466
  22 V   0.20568 0.06837 0.06105 0.05791 0.05596 0.05444 0.05315 0.05232 0.05332 0.11352 0.22427 (11)  0.998 +-  1.458
  23 K   0.20646 0.06864 0.06127 0.05809 0.05611 0.05456 0.05324 0.05239 0.05337 0.11363 0.22223 (11)  0.988 +-  1.440
  24 E   0.20531 0.06825 0.06095 0.05783 0.05589 0.05438 0.05311 0.05229 0.05330 0.11347 0.22522 (11)  1.002 +-  1.466
  25 A   0.20582 0.06842 0.06109 0.05794 0.05599 0.05446 0.05317 0.05234 0.05333 0.11354 0.22391 (11)  0.996 +-  1.454
  26 L   0.20489 0.06811 0.06084 0.05773 0.05582 0.05432 0.05306 0.05226 0.05327 0.11341 0.22630 (11)  1.008 +-  1.475
  27 A   0.20582 0.06842 0.06109 0.05794 0.05599 0.05446 0.05317 0.05234 0.05333 0.11354 0.22391 (11)  0.996 +-  1.454
  28 A   0.20512 0.06818 0.06090 0.05778 0.05586 0.05435 0.05309 0.05228 0.05329 0.11344 0.22571 (11)  1.005 +-  1.470
  29 S   0.20568 0.06838 0.06105 0.05791 0.05597 0.05444 0.05316 0.05233 0.05332 0.11352 0.22423 (11)  0.997 +-  1.457
  30 E   0.20628 0.06858 0.06122 0.05805 0.05607 0.05453 0.05322 0.05237 0.05335 0.11359 0.22275 (11)  0.990 +-  1.445
  31 E   0.20628 0.06858 0.06122 0.05805 0.05607 0.05453 0.05322 0.05237 0.05335 0.11359 0.22275 (11)  0.990 +-  1.445
  32 A   0.20512 0.06818 0.06090 0.05778 0.05586 0.05435 0.05309 0.05228 0.05329 0.11344 0.22571 (11)  1.005 +-  1.470
  33 S   0.20480 0.06807 0.06081 0.05771 0.05580 0.05431 0.05305 0.05225 0.05327 0.11340 0.22653 (11)  1.009 +-  1.477
  34 R   0.20541 0.06828 0.06098 0.05785 0.05591 0.05440 0.05312 0.05230 0.05330 0.11348 0.22495 (11)  1.001 +-  1.463
  35 T   0.20571 0.06838 0.06106 0.05792 0.05597 0.05445 0.05316 0.05233 0.05332 0.11353 0.22417 (11)  0.997 +-  1.456
  36 L   0.20489 0.06811 0.06084 0.05773 0.05582 0.05432 0.05306 0.05226 0.05327 0.11341 0.22630 (11)  1.008 +-  1.475
  37 A   0.20512 0.06818 0.06090 0.05778 0.05586 0.05435 0.05309 0.05228 0.05329 0.11344 0.22571 (11)  1.005 +-  1.470
  38 R   0.20480 0.06808 0.06081 0.05771 0.05580 0.05431 0.05305 0.05225 0.05327 0.11339 0.22653 (11)  1.009 +-  1.477
  39 K   0.20542 0.06829 0.06098 0.05785 0.05592 0.05440 0.05312 0.05231 0.05331 0.11349 0.22491 (11)  1.001 +-  1.463
  40 D   0.20566 0.06837 0.06105 0.05791 0.05596 0.05444 0.05315 0.05232 0.05332 0.11351 0.22432 (11)  0.998 +-  1.458
  41 E   0.20531 0.06825 0.06095 0.05783 0.05589 0.05438 0.05311 0.05229 0.05330 0.11347 0.22522 (11)  1.002 +-  1.466
  42 Q   0.20519 0.06821 0.06092 0.05780 0.05587 0.05436 0.05309 0.05228 0.05329 0.11344 0.22556 (11)  1.004 +-  1.469
  43 V   0.20491 0.06811 0.06084 0.05774 0.05582 0.05432 0.05306 0.05226 0.05327 0.11341 0.22624 (11)  1.007 +-  1.474
  44 Q   0.20519 0.06821 0.06092 0.05780 0.05587 0.05436 0.05309 0.05228 0.05329 0.11344 0.22556 (11)  1.004 +-  1.469
  45 M   0.20638 0.06861 0.06125 0.05807 0.05610 0.05455 0.05324 0.05239 0.05336 0.11362 0.22244 (11)  0.989 +-  1.442
  46 L   0.20407 0.06783 0.06061 0.05754 0.05566 0.05419 0.05296 0.05219 0.05322 0.11329 0.22843 (11)  1.018 +-  1.493
  47 Q   0.20459 0.06800 0.06075 0.05766 0.05576 0.05427 0.05302 0.05223 0.05325 0.11336 0.22708 (11)  1.012 +-  1.482
  48 A   0.20529 0.06824 0.06095 0.05782 0.05589 0.05438 0.05311 0.05229 0.05330 0.11347 0.22525 (11)  1.002 +-  1.466
  49 E   0.20531 0.06825 0.06095 0.05783 0.05589 0.05438 0.05311 0.05229 0.05330 0.11347 0.22522 (11)  1.002 +-  1.466
  50 Q   0.20519 0.06821 0.06092 0.05780 0.05587 0.05436 0.05309 0.05228 0.05329 0.11344 0.22556 (11)  1.004 +-  1.469
  51 Q   0.20519 0.06821 0.06092 0.05780 0.05587 0.05436 0.05309 0.05228 0.05329 0.11344 0.22556 (11)  1.004 +-  1.469
  52 S   0.20490 0.06811 0.06084 0.05774 0.05582 0.05432 0.05306 0.05226 0.05328 0.11341 0.22625 (11)  1.007 +-  1.474
  53 L   0.20481 0.06808 0.06082 0.05771 0.05580 0.05431 0.05305 0.05225 0.05327 0.11339 0.22651 (11)  1.009 +-  1.477
  54 R   0.20541 0.06828 0.06098 0.05785 0.05591 0.05440 0.05312 0.05230 0.05330 0.11348 0.22495 (11)  1.001 +-  1.463
  55 S   0.20568 0.06838 0.06105 0.05791 0.05597 0.05444 0.05316 0.05233 0.05332 0.11352 0.22423 (11)  0.997 +-  1.457
  56 E   0.20628 0.06858 0.06122 0.05805 0.05607 0.05453 0.05322 0.05237 0.05335 0.11359 0.22275 (11)  0.990 +-  1.445
  57 L   0.20481 0.06808 0.06082 0.05771 0.05580 0.05431 0.05305 0.05225 0.05327 0.11339 0.22651 (11)  1.009 +-  1.477
  58 A   0.20512 0.06818 0.06090 0.05778 0.05586 0.05435 0.05309 0.05228 0.05329 0.11344 0.22571 (11)  1.005 +-  1.470
  59 A   0.20512 0.06818 0.06090 0.05778 0.05586 0.05435 0.05309 0.05228 0.05329 0.11344 0.22571 (11)  1.005 +-  1.470
  60 A   0.20529 0.06824 0.06095 0.05782 0.05589 0.05438 0.05311 0.05229 0.05330 0.11347 0.22525 (11)  1.002 +-  1.466
  61 Q   0.20459 0.06800 0.06075 0.05766 0.05576 0.05427 0.05302 0.05223 0.05325 0.11336 0.22708 (11)  1.012 +-  1.482
  62 S   0.20547 0.06830 0.06100 0.05787 0.05593 0.05441 0.05313 0.05231 0.05331 0.11349 0.22479 (11)  1.000 +-  1.462
  63 S   0.20547 0.06830 0.06100 0.05787 0.05593 0.05441 0.05313 0.05231 0.05331 0.11349 0.22479 (11)  1.000 +-  1.462
  64 L   0.20481 0.06808 0.06082 0.05771 0.05580 0.05431 0.05305 0.05225 0.05327 0.11339 0.22651 (11)  1.009 +-  1.477
  65 R   0.20562 0.06835 0.06104 0.05790 0.05595 0.05443 0.05315 0.05232 0.05332 0.11351 0.22442 (11)  0.998 +-  1.459
  66 E   0.20628 0.06858 0.06122 0.05805 0.05607 0.05453 0.05322 0.05237 0.05335 0.11359 0.22275 (11)  0.990 +-  1.445
  67 S   0.20568 0.06838 0.06105 0.05791 0.05597 0.05444 0.05316 0.05233 0.05332 0.11352 0.22423 (11)  0.997 +-  1.457
  68 R   0.20623 0.06856 0.06120 0.05804 0.05607 0.05452 0.05321 0.05237 0.05335 0.11359 0.22286 (11)  0.991 +-  1.446
  69 R   0.20562 0.06835 0.06104 0.05790 0.05595 0.05443 0.05315 0.05232 0.05332 0.11351 0.22442 (11)  0.998 +-  1.459
  70 E   0.20628 0.06858 0.06122 0.05805 0.05607 0.05453 0.05322 0.05237 0.05335 0.11359 0.22275 (11)  0.990 +-  1.445
  71 A   0.20512 0.06818 0.06090 0.05778 0.05586 0.05435 0.05309 0.05228 0.05329 0.11344 0.22571 (11)  1.005 +-  1.470
  72 E   0.20628 0.06858 0.06122 0.05805 0.05607 0.05453 0.05322 0.05237 0.05335 0.11359 0.22275 (11)  0.990 +-  1.445
  73 S   0.20552 0.06832 0.06101 0.05788 0.05594 0.05442 0.05314 0.05232 0.05331 0.11350 0.22466 (11)  0.999 +-  1.460
  74 A   0.20529 0.06824 0.06095 0.05782 0.05589 0.05438 0.05311 0.05229 0.05330 0.11347 0.22525 (11)  1.002 +-  1.466
  75 D   0.20545 0.06830 0.06099 0.05786 0.05592 0.05440 0.05313 0.05231 0.05331 0.11348 0.22486 (11)  1.001 +-  1.463
  76 R   0.20532 0.06825 0.06096 0.05783 0.05590 0.05439 0.05311 0.05230 0.05330 0.11347 0.22516 (11)  1.002 +-  1.465
  77 E   0.20531 0.06825 0.06095 0.05783 0.05589 0.05438 0.05311 0.05229 0.05330 0.11347 0.22522 (11)  1.002 +-  1.466
  78 V   0.20519 0.06821 0.06092 0.05780 0.05587 0.05437 0.05310 0.05228 0.05329 0.11345 0.22553 (11)  1.004 +-  1.468
  79 S   0.20490 0.06811 0.06084 0.05774 0.05582 0.05432 0.05306 0.05226 0.05328 0.11341 0.22625 (11)  1.007 +-  1.474
  80 R   0.20562 0.06835 0.06104 0.05790 0.05595 0.05443 0.05315 0.05232 0.05332 0.11351 0.22442 (11)  0.998 +-  1.459
  81 C   0.20550 0.06831 0.06100 0.05787 0.05593 0.05441 0.05313 0.05231 0.05331 0.11350 0.22471 (11)  1.000 +-  1.461
  82 R   0.20623 0.06856 0.06120 0.05804 0.05607 0.05452 0.05321 0.05237 0.05335 0.11359 0.22286 (11)  0.991 +-  1.446
  83 D   0.20566 0.06837 0.06105 0.05791 0.05596 0.05444 0.05315 0.05232 0.05332 0.11351 0.22432 (11)  0.998 +-  1.458
  84 E   0.20628 0.06858 0.06122 0.05805 0.05607 0.05453 0.05322 0.05237 0.05335 0.11359 0.22275 (11)  0.990 +-  1.445
  85 I   0.20513 0.06818 0.06090 0.05779 0.05586 0.05436 0.05309 0.05228 0.05329 0.11344 0.22568 (11)  1.004 +-  1.469
  86 A   0.20500 0.06814 0.06087 0.05776 0.05584 0.05434 0.05307 0.05227 0.05328 0.11342 0.22601 (11)  1.006 +-  1.472
  87 A   0.20512 0.06818 0.06090 0.05778 0.05586 0.05435 0.05309 0.05228 0.05329 0.11344 0.22571 (11)  1.005 +-  1.470
  88 L   0.20504 0.06816 0.06088 0.05777 0.05584 0.05434 0.05308 0.05227 0.05328 0.11343 0.22591 (11)  1.006 +-  1.472
  89 N   0.20557 0.06834 0.06102 0.05789 0.05594 0.05442 0.05314 0.05232 0.05332 0.11351 0.22452 (11)  0.999 +-  1.459
  90 R   0.20480 0.06808 0.06081 0.05771 0.05580 0.05431 0.05305 0.05225 0.05327 0.11339 0.22653 (11)  1.009 +-  1.477
  91 D   0.20566 0.06837 0.06105 0.05791 0.05596 0.05444 0.05315 0.05232 0.05332 0.11351 0.22432 (11)  0.998 +-  1.458
  92 L   0.20481 0.06808 0.06082 0.05771 0.05580 0.05431 0.05305 0.05225 0.05327 0.11339 0.22651 (11)  1.009 +-  1.477
  93 H   0.20547 0.06830 0.06100 0.05787 0.05592 0.05441 0.05313 0.05231 0.05331 0.11349 0.22480 (11)  1.000 +-  1.462
  94 R   0.20562 0.06835 0.06104 0.05790 0.05595 0.05443 0.05315 0.05232 0.05332 0.11351 0.22442 (11)  0.998 +-  1.459
  95 L   0.20435 0.06792 0.06069 0.05761 0.05571 0.05424 0.05300 0.05221 0.05324 0.11333 0.22772 (11)  1.015 +-  1.487
  96 Q   0.20519 0.06821 0.06092 0.05780 0.05587 0.05436 0.05309 0.05228 0.05329 0.11344 0.22556 (11)  1.004 +-  1.469
  97 S   0.20480 0.06807 0.06081 0.05771 0.05580 0.05431 0.05305 0.05225 0.05327 0.11340 0.22653 (11)  1.009 +-  1.477
  98 S   0.20547 0.06830 0.06100 0.05787 0.05593 0.05441 0.05313 0.05231 0.05331 0.11349 0.22479 (11)  1.000 +-  1.462
  99 L   0.20504 0.06816 0.06088 0.05777 0.05584 0.05434 0.05308 0.05227 0.05328 0.11343 0.22591 (11)  1.006 +-  1.472
 100 R   0.20623 0.06856 0.06120 0.05804 0.05607 0.05452 0.05321 0.05237 0.05335 0.11359 0.22286 (11)  0.991 +-  1.446
 101 V   0.20568 0.06837 0.06105 0.05791 0.05596 0.05444 0.05315 0.05232 0.05332 0.11352 0.22427 (11)  0.998 +-  1.458
 102 G   0.20578 0.06841 0.06108 0.05794 0.05598 0.05445 0.05316 0.05233 0.05333 0.11353 0.22400 (11)  0.996 +-  1.455
 103 R   0.20480 0.06808 0.06081 0.05771 0.05580 0.05431 0.05305 0.05225 0.05327 0.11339 0.22653 (11)  1.009 +-  1.477
 104 L   0.20504 0.06816 0.06088 0.05777 0.05584 0.05434 0.05308 0.05227 0.05328 0.11343 0.22591 (11)  1.006 +-  1.472
 105 L   0.20407 0.06783 0.06061 0.05754 0.05566 0.05419 0.05296 0.05219 0.05322 0.11329 0.22843 (11)  1.018 +-  1.493
 106 Y   0.20564 0.06836 0.06104 0.05790 0.05596 0.05443 0.05315 0.05233 0.05332 0.11352 0.22435 (11)  0.998 +-  1.458
 107 S   0.20568 0.06838 0.06105 0.05791 0.05597 0.05444 0.05316 0.05233 0.05332 0.11352 0.22423 (11)  0.997 +-  1.457
 108 L   0.20387 0.06776 0.06055 0.05750 0.05562 0.05416 0.05294 0.05217 0.05321 0.11325 0.22898 (11)  1.021 +-  1.498
 109 C   0.20550 0.06831 0.06100 0.05787 0.05593 0.05441 0.05313 0.05231 0.05331 0.11350 0.22471 (11)  1.000 +-  1.461
 110 F   0.20501 0.06815 0.06087 0.05776 0.05584 0.05434 0.05308 0.05227 0.05328 0.11343 0.22597 (11)  1.006 +-  1.472
 111 W   0.20521 0.06821 0.06093 0.05781 0.05588 0.05437 0.05310 0.05229 0.05329 0.11346 0.22545 (11)  1.003 +-  1.467
 112 S   0.20552 0.06832 0.06101 0.05788 0.05594 0.05442 0.05314 0.05232 0.05331 0.11350 0.22466 (11)  0.999 +-  1.460
 113 L   0.20387 0.06776 0.06055 0.05750 0.05562 0.05416 0.05294 0.05217 0.05321 0.11325 0.22898 (11)  1.021 +-  1.498
 114 S   0.20568 0.06838 0.06105 0.05791 0.05597 0.05444 0.05316 0.05233 0.05332 0.11352 0.22423 (11)  0.997 +-  1.457
 115 R   0.20623 0.06856 0.06120 0.05804 0.05607 0.05452 0.05321 0.05237 0.05335 0.11359 0.22286 (11)  0.991 +-  1.446
 116 S   0.20547 0.06830 0.06100 0.05787 0.05593 0.05441 0.05313 0.05231 0.05331 0.11349 0.22479 (11)  1.000 +-  1.462
 117 I   0.20530 0.06825 0.06095 0.05783 0.05589 0.05438 0.05311 0.05230 0.05330 0.11347 0.22522 (11)  1.002 +-  1.465
 118 R   0.20541 0.06828 0.06098 0.05785 0.05591 0.05440 0.05312 0.05230 0.05330 0.11348 0.22495 (11)  1.001 +-  1.463
 119 L   0.20387 0.06776 0.06055 0.05750 0.05562 0.05416 0.05294 0.05217 0.05321 0.11325 0.22898 (11)  1.021 +-  1.498
 120 P   0.20565 0.06836 0.06105 0.05791 0.05596 0.05443 0.05315 0.05232 0.05332 0.11351 0.22433 (11)  0.998 +-  1.458
 121 K   0.20542 0.06829 0.06098 0.05785 0.05592 0.05440 0.05312 0.05231 0.05331 0.11349 0.22491 (11)  1.001 +-  1.463

Positively selected sites

	Prob(w>1)  mean w


