Supplemental results for CODEML (seqf: algn  treef: tree)


dN/dS (w) for site classes (K=3)

p:   1.00000  0.00000  0.00000
w:   0.66687  1.00000  1.00000

Naive Empirical Bayes (NEB) probabilities for 3 classes & postmean_w
(amino acids refer to 1st sequence: Msl.44687)

   1 M   1.00000 0.00000 0.00000 ( 1)  0.667
   2 E   1.00000 0.00000 0.00000 ( 1)  0.667
   3 I   1.00000 0.00000 0.00000 ( 1)  0.667
   4 N   1.00000 0.00000 0.00000 ( 1)  0.667
   5 S   1.00000 0.00000 0.00000 ( 1)  0.667
   6 L   1.00000 0.00000 0.00000 ( 1)  0.667
   7 F   1.00000 0.00000 0.00000 ( 1)  0.667
   8 S   1.00000 0.00000 0.00000 ( 1)  0.667
   9 Y   1.00000 0.00000 0.00000 ( 1)  0.667
  10 G   1.00000 0.00000 0.00000 ( 1)  0.667
  11 S   1.00000 0.00000 0.00000 ( 1)  0.667
  12 I   1.00000 0.00000 0.00000 ( 1)  0.667
  13 A   1.00000 0.00000 0.00000 ( 1)  0.667
  14 A   1.00000 0.00000 0.00000 ( 1)  0.667
  15 S   1.00000 0.00000 0.00000 ( 1)  0.667
  16 N   1.00000 0.00000 0.00000 ( 1)  0.667
  17 S   1.00000 0.00000 0.00000 ( 1)  0.667
  18 Y   1.00000 0.00000 0.00000 ( 1)  0.667
  19 G   1.00000 0.00000 0.00000 ( 1)  0.667
  20 A   1.00000 0.00000 0.00000 ( 1)  0.667
  21 G   1.00000 0.00000 0.00000 ( 1)  0.667
  22 I   1.00000 0.00000 0.00000 ( 1)  0.667
  23 S   1.00000 0.00000 0.00000 ( 1)  0.667
  24 Q   1.00000 0.00000 0.00000 ( 1)  0.667
  25 Q   1.00000 0.00000 0.00000 ( 1)  0.667
  26 V   1.00000 0.00000 0.00000 ( 1)  0.667
  27 R   1.00000 0.00000 0.00000 ( 1)  0.667
  28 S   1.00000 0.00000 0.00000 ( 1)  0.667
  29 Q   1.00000 0.00000 0.00000 ( 1)  0.667
  30 P   1.00000 0.00000 0.00000 ( 1)  0.667
  31 L   1.00000 0.00000 0.00000 ( 1)  0.667
  32 I   1.00000 0.00000 0.00000 ( 1)  0.667
  33 M   1.00000 0.00000 0.00000 ( 1)  0.667
  34 A   1.00000 0.00000 0.00000 ( 1)  0.667
  35 S   1.00000 0.00000 0.00000 ( 1)  0.667
  36 T   1.00000 0.00000 0.00000 ( 1)  0.667
  37 S   1.00000 0.00000 0.00000 ( 1)  0.667
  38 Q   1.00000 0.00000 0.00000 ( 1)  0.667
  39 S   1.00000 0.00000 0.00000 ( 1)  0.667
  40 S   1.00000 0.00000 0.00000 ( 1)  0.667
  41 F   1.00000 0.00000 0.00000 ( 1)  0.667
  42 Q   1.00000 0.00000 0.00000 ( 1)  0.667
  43 V   1.00000 0.00000 0.00000 ( 1)  0.667
  44 P   1.00000 0.00000 0.00000 ( 1)  0.667
  45 Q   1.00000 0.00000 0.00000 ( 1)  0.667
  46 N   1.00000 0.00000 0.00000 ( 1)  0.667
  47 I   1.00000 0.00000 0.00000 ( 1)  0.667
  48 F   1.00000 0.00000 0.00000 ( 1)  0.667
  49 I   1.00000 0.00000 0.00000 ( 1)  0.667
  50 R   1.00000 0.00000 0.00000 ( 1)  0.667
  51 S   1.00000 0.00000 0.00000 ( 1)  0.667
  52 S   1.00000 0.00000 0.00000 ( 1)  0.667
  53 G   1.00000 0.00000 0.00000 ( 1)  0.667
  54 L   1.00000 0.00000 0.00000 ( 1)  0.667
  55 N   1.00000 0.00000 0.00000 ( 1)  0.667
  56 S   1.00000 0.00000 0.00000 ( 1)  0.667
  57 D   1.00000 0.00000 0.00000 ( 1)  0.667
  58 Q   1.00000 0.00000 0.00000 ( 1)  0.667
  59 M   1.00000 0.00000 0.00000 ( 1)  0.667
  60 N   1.00000 0.00000 0.00000 ( 1)  0.667
  61 Q   1.00000 0.00000 0.00000 ( 1)  0.667
  62 L   1.00000 0.00000 0.00000 ( 1)  0.667
  63 M   1.00000 0.00000 0.00000 ( 1)  0.667
  64 Q   1.00000 0.00000 0.00000 ( 1)  0.667
  65 V   1.00000 0.00000 0.00000 ( 1)  0.667
  66 I   1.00000 0.00000 0.00000 ( 1)  0.667
  67 S   1.00000 0.00000 0.00000 ( 1)  0.667
  68 L   1.00000 0.00000 0.00000 ( 1)  0.667
  69 P   1.00000 0.00000 0.00000 ( 1)  0.667
  70 N   1.00000 0.00000 0.00000 ( 1)  0.667
  71 A   1.00000 0.00000 0.00000 ( 1)  0.667
  72 K   1.00000 0.00000 0.00000 ( 1)  0.667
  73 V   1.00000 0.00000 0.00000 ( 1)  0.667
  74 E   1.00000 0.00000 0.00000 ( 1)  0.667
  75 A   1.00000 0.00000 0.00000 ( 1)  0.667
  76 S   1.00000 0.00000 0.00000 ( 1)  0.667
  77 H   1.00000 0.00000 0.00000 ( 1)  0.667
  78 S   1.00000 0.00000 0.00000 ( 1)  0.667
  79 Q   1.00000 0.00000 0.00000 ( 1)  0.667
  80 T   1.00000 0.00000 0.00000 ( 1)  0.667
  81 G   1.00000 0.00000 0.00000 ( 1)  0.667
  82 Q   1.00000 0.00000 0.00000 ( 1)  0.667
  83 G   1.00000 0.00000 0.00000 ( 1)  0.667
  84 Q   1.00000 0.00000 0.00000 ( 1)  0.667
  85 Q   1.00000 0.00000 0.00000 ( 1)  0.667
  86 T   1.00000 0.00000 0.00000 ( 1)  0.667
  87 V   1.00000 0.00000 0.00000 ( 1)  0.667
  88 T   1.00000 0.00000 0.00000 ( 1)  0.667
  89 L   1.00000 0.00000 0.00000 ( 1)  0.667
  90 A   1.00000 0.00000 0.00000 ( 1)  0.667
  91 L   1.00000 0.00000 0.00000 ( 1)  0.667
  92 I   1.00000 0.00000 0.00000 ( 1)  0.667
  93 N   1.00000 0.00000 0.00000 ( 1)  0.667
  94 V   1.00000 0.00000 0.00000 ( 1)  0.667
  95 D   1.00000 0.00000 0.00000 ( 1)  0.667
  96 P   1.00000 0.00000 0.00000 ( 1)  0.667
  97 N   1.00000 0.00000 0.00000 ( 1)  0.667
  98 L   1.00000 0.00000 0.00000 ( 1)  0.667
  99 P   1.00000 0.00000 0.00000 ( 1)  0.667
 100 I   1.00000 0.00000 0.00000 ( 1)  0.667
 101 G   1.00000 0.00000 0.00000 ( 1)  0.667
 102 G   1.00000 0.00000 0.00000 ( 1)  0.667
 103 Q   1.00000 0.00000 0.00000 ( 1)  0.667
 104 L   1.00000 0.00000 0.00000 ( 1)  0.667
 105 L   1.00000 0.00000 0.00000 ( 1)  0.667
 106 I   1.00000 0.00000 0.00000 ( 1)  0.667
 107 A   1.00000 0.00000 0.00000 ( 1)  0.667
 108 A   1.00000 0.00000 0.00000 ( 1)  0.667
 109 P   1.00000 0.00000 0.00000 ( 1)  0.667
 110 A   1.00000 0.00000 0.00000 ( 1)  0.667
 111 L   1.00000 0.00000 0.00000 ( 1)  0.667
 112 Q   1.00000 0.00000 0.00000 ( 1)  0.667
 113 P   1.00000 0.00000 0.00000 ( 1)  0.667
 114 Q   1.00000 0.00000 0.00000 ( 1)  0.667
 115 Q   1.00000 0.00000 0.00000 ( 1)  0.667
 116 Q   1.00000 0.00000 0.00000 ( 1)  0.667
 117 P   1.00000 0.00000 0.00000 ( 1)  0.667
 118 E   1.00000 0.00000 0.00000 ( 1)  0.667
 119 I   1.00000 0.00000 0.00000 ( 1)  0.667
 120 Q   1.00000 0.00000 0.00000 ( 1)  0.667
 121 Q   1.00000 0.00000 0.00000 ( 1)  0.667
 122 Q   1.00000 0.00000 0.00000 ( 1)  0.667
 123 P   1.00000 0.00000 0.00000 ( 1)  0.667
 124 V   1.00000 0.00000 0.00000 ( 1)  0.667
 125 L   1.00000 0.00000 0.00000 ( 1)  0.667
 126 L   1.00000 0.00000 0.00000 ( 1)  0.667
 127 P   1.00000 0.00000 0.00000 ( 1)  0.667
 128 N   1.00000 0.00000 0.00000 ( 1)  0.667
 129 C   1.00000 0.00000 0.00000 ( 1)  0.667
 130 N   1.00000 0.00000 0.00000 ( 1)  0.667
 131 Q   1.00000 0.00000 0.00000 ( 1)  0.667
 132 V   1.00000 0.00000 0.00000 ( 1)  0.667
 133 P   1.00000 0.00000 0.00000 ( 1)  0.667
 134 I   1.00000 0.00000 0.00000 ( 1)  0.667
 135 V   1.00000 0.00000 0.00000 ( 1)  0.667
 136 S   1.00000 0.00000 0.00000 ( 1)  0.667
 137 I   1.00000 0.00000 0.00000 ( 1)  0.667
 138 S   1.00000 0.00000 0.00000 ( 1)  0.667
 139 N   1.00000 0.00000 0.00000 ( 1)  0.667
 140 P   1.00000 0.00000 0.00000 ( 1)  0.667
 141 R   1.00000 0.00000 0.00000 ( 1)  0.667
 142 I   1.00000 0.00000 0.00000 ( 1)  0.667
 143 Q   1.00000 0.00000 0.00000 ( 1)  0.667
 144 V   1.00000 0.00000 0.00000 ( 1)  0.667
 145 Q   1.00000 0.00000 0.00000 ( 1)  0.667
 146 P   1.00000 0.00000 0.00000 ( 1)  0.667
 147 G   1.00000 0.00000 0.00000 ( 1)  0.667
 148 N   1.00000 0.00000 0.00000 ( 1)  0.667
 149 M   1.00000 0.00000 0.00000 ( 1)  0.667
 150 P   1.00000 0.00000 0.00000 ( 1)  0.667
 151 T   1.00000 0.00000 0.00000 ( 1)  0.667
 152 M   1.00000 0.00000 0.00000 ( 1)  0.667
 153 A   1.00000 0.00000 0.00000 ( 1)  0.667
 154 I   1.00000 0.00000 0.00000 ( 1)  0.667
 155 A   1.00000 0.00000 0.00000 ( 1)  0.667
 156 A   1.00000 0.00000 0.00000 ( 1)  0.667
 157 S   1.00000 0.00000 0.00000 ( 1)  0.667
 158 V   1.00000 0.00000 0.00000 ( 1)  0.667
 159 T   1.00000 0.00000 0.00000 ( 1)  0.667
 160 D   1.00000 0.00000 0.00000 ( 1)  0.667
 161 S   1.00000 0.00000 0.00000 ( 1)  0.667
 162 S   1.00000 0.00000 0.00000 ( 1)  0.667
 163 I   1.00000 0.00000 0.00000 ( 1)  0.667
 164 S   1.00000 0.00000 0.00000 ( 1)  0.667
 165 L   1.00000 0.00000 0.00000 ( 1)  0.667
 166 P   1.00000 0.00000 0.00000 ( 1)  0.667
 167 L   1.00000 0.00000 0.00000 ( 1)  0.667
 168 T   1.00000 0.00000 0.00000 ( 1)  0.667
 169 S   1.00000 0.00000 0.00000 ( 1)  0.667
 170 V   1.00000 0.00000 0.00000 ( 1)  0.667
 171 P   1.00000 0.00000 0.00000 ( 1)  0.667
 172 A   1.00000 0.00000 0.00000 ( 1)  0.667
 173 D   1.00000 0.00000 0.00000 ( 1)  0.667
 174 T   1.00000 0.00000 0.00000 ( 1)  0.667
 175 R   1.00000 0.00000 0.00000 ( 1)  0.667
 176 S   1.00000 0.00000 0.00000 ( 1)  0.667
 177 V   1.00000 0.00000 0.00000 ( 1)  0.667
 178 S   1.00000 0.00000 0.00000 ( 1)  0.667
 179 Y   1.00000 0.00000 0.00000 ( 1)  0.667
 180 Q   1.00000 0.00000 0.00000 ( 1)  0.667
 181 L   1.00000 0.00000 0.00000 ( 1)  0.667
 182 I   1.00000 0.00000 0.00000 ( 1)  0.667
 183 D   1.00000 0.00000 0.00000 ( 1)  0.667
 184 N   1.00000 0.00000 0.00000 ( 1)  0.667
 185 S   1.00000 0.00000 0.00000 ( 1)  0.667
 186 Q   1.00000 0.00000 0.00000 ( 1)  0.667
 187 N   1.00000 0.00000 0.00000 ( 1)  0.667
 188 H   1.00000 0.00000 0.00000 ( 1)  0.667
 189 V   1.00000 0.00000 0.00000 ( 1)  0.667
 190 L   1.00000 0.00000 0.00000 ( 1)  0.667
 191 N   1.00000 0.00000 0.00000 ( 1)  0.667
 192 A   1.00000 0.00000 0.00000 ( 1)  0.667
 193 T   1.00000 0.00000 0.00000 ( 1)  0.667
 194 S   1.00000 0.00000 0.00000 ( 1)  0.667
 195 S   1.00000 0.00000 0.00000 ( 1)  0.667
 196 V   1.00000 0.00000 0.00000 ( 1)  0.667
 197 T   1.00000 0.00000 0.00000 ( 1)  0.667
 198 S   1.00000 0.00000 0.00000 ( 1)  0.667
 199 G   1.00000 0.00000 0.00000 ( 1)  0.667
 200 T   1.00000 0.00000 0.00000 ( 1)  0.667
 201 M   1.00000 0.00000 0.00000 ( 1)  0.667
 202 P   1.00000 0.00000 0.00000 ( 1)  0.667
 203 S   1.00000 0.00000 0.00000 ( 1)  0.667
 204 F   1.00000 0.00000 0.00000 ( 1)  0.667
 205 A   1.00000 0.00000 0.00000 ( 1)  0.667
 206 I   1.00000 0.00000 0.00000 ( 1)  0.667
 207 S   1.00000 0.00000 0.00000 ( 1)  0.667
 208 S   1.00000 0.00000 0.00000 ( 1)  0.667
 209 M   1.00000 0.00000 0.00000 ( 1)  0.667
 210 S   1.00000 0.00000 0.00000 ( 1)  0.667
 211 S   1.00000 0.00000 0.00000 ( 1)  0.667
 212 S   1.00000 0.00000 0.00000 ( 1)  0.667
 213 M   1.00000 0.00000 0.00000 ( 1)  0.667
 214 P   1.00000 0.00000 0.00000 ( 1)  0.667
 215 A   1.00000 0.00000 0.00000 ( 1)  0.667
 216 D   1.00000 0.00000 0.00000 ( 1)  0.667
 217 K   1.00000 0.00000 0.00000 ( 1)  0.667
 218 F   1.00000 0.00000 0.00000 ( 1)  0.667
 219 E   1.00000 0.00000 0.00000 ( 1)  0.667
 220 V   1.00000 0.00000 0.00000 ( 1)  0.667
 221 Q   1.00000 0.00000 0.00000 ( 1)  0.667
 222 L   1.00000 0.00000 0.00000 ( 1)  0.667
 223 N   1.00000 0.00000 0.00000 ( 1)  0.667
 224 R   1.00000 0.00000 0.00000 ( 1)  0.667
 225 P   1.00000 0.00000 0.00000 ( 1)  0.667
 226 S   1.00000 0.00000 0.00000 ( 1)  0.667
 227 T   1.00000 0.00000 0.00000 ( 1)  0.667
 228 P   1.00000 0.00000 0.00000 ( 1)  0.667
 229 G   1.00000 0.00000 0.00000 ( 1)  0.667
 230 L   1.00000 0.00000 0.00000 ( 1)  0.667
 231 D   1.00000 0.00000 0.00000 ( 1)  0.667
 232 F   1.00000 0.00000 0.00000 ( 1)  0.667
 233 L   1.00000 0.00000 0.00000 ( 1)  0.667
 234 I   1.00000 0.00000 0.00000 ( 1)  0.667
 235 D   1.00000 0.00000 0.00000 ( 1)  0.667
 236 Q   1.00000 0.00000 0.00000 ( 1)  0.667
 237 P   1.00000 0.00000 0.00000 ( 1)  0.667
 238 S   1.00000 0.00000 0.00000 ( 1)  0.667
 239 N   1.00000 0.00000 0.00000 ( 1)  0.667
 240 L   1.00000 0.00000 0.00000 ( 1)  0.667
 241 A   1.00000 0.00000 0.00000 ( 1)  0.667
 242 M   1.00000 0.00000 0.00000 ( 1)  0.667
 243 A   1.00000 0.00000 0.00000 ( 1)  0.667
 244 E   1.00000 0.00000 0.00000 ( 1)  0.667
 245 S   1.00000 0.00000 0.00000 ( 1)  0.667
 246 K   1.00000 0.00000 0.00000 ( 1)  0.667
 247 E   1.00000 0.00000 0.00000 ( 1)  0.667
 248 S   1.00000 0.00000 0.00000 ( 1)  0.667
 249 S   1.00000 0.00000 0.00000 ( 1)  0.667
 250 F   1.00000 0.00000 0.00000 ( 1)  0.667
 251 L   1.00000 0.00000 0.00000 ( 1)  0.667
 252 S   1.00000 0.00000 0.00000 ( 1)  0.667
 253 N   1.00000 0.00000 0.00000 ( 1)  0.667
 254 D   1.00000 0.00000 0.00000 ( 1)  0.667
 255 G   1.00000 0.00000 0.00000 ( 1)  0.667
 256 M   1.00000 0.00000 0.00000 ( 1)  0.667
 257 K   1.00000 0.00000 0.00000 ( 1)  0.667
 258 L   1.00000 0.00000 0.00000 ( 1)  0.667
 259 N   1.00000 0.00000 0.00000 ( 1)  0.667
 260 L   1.00000 0.00000 0.00000 ( 1)  0.667
 261 S   1.00000 0.00000 0.00000 ( 1)  0.667
 262 H   1.00000 0.00000 0.00000 ( 1)  0.667
 263 Q   1.00000 0.00000 0.00000 ( 1)  0.667
 264 G   1.00000 0.00000 0.00000 ( 1)  0.667
 265 I   1.00000 0.00000 0.00000 ( 1)  0.667
 266 E   1.00000 0.00000 0.00000 ( 1)  0.667
 267 S   1.00000 0.00000 0.00000 ( 1)  0.667
 268 T   1.00000 0.00000 0.00000 ( 1)  0.667
 269 L   1.00000 0.00000 0.00000 ( 1)  0.667
 270 P   1.00000 0.00000 0.00000 ( 1)  0.667
 271 I   1.00000 0.00000 0.00000 ( 1)  0.667
 272 D   1.00000 0.00000 0.00000 ( 1)  0.667
 273 P   1.00000 0.00000 0.00000 ( 1)  0.667
 274 L   1.00000 0.00000 0.00000 ( 1)  0.667
 275 D   1.00000 0.00000 0.00000 ( 1)  0.667
 276 Q   1.00000 0.00000 0.00000 ( 1)  0.667
 277 L   1.00000 0.00000 0.00000 ( 1)  0.667
 278 D   1.00000 0.00000 0.00000 ( 1)  0.667
 279 Y   1.00000 0.00000 0.00000 ( 1)  0.667
 280 K   1.00000 0.00000 0.00000 ( 1)  0.667
 281 T   1.00000 0.00000 0.00000 ( 1)  0.667
 282 Q   1.00000 0.00000 0.00000 ( 1)  0.667
 283 N   1.00000 0.00000 0.00000 ( 1)  0.667
 284 L   1.00000 0.00000 0.00000 ( 1)  0.667
 285 I   1.00000 0.00000 0.00000 ( 1)  0.667
 286 Y   1.00000 0.00000 0.00000 ( 1)  0.667
 287 A   1.00000 0.00000 0.00000 ( 1)  0.667
 288 C   1.00000 0.00000 0.00000 ( 1)  0.667
 289 D   1.00000 0.00000 0.00000 ( 1)  0.667
 290 S   1.00000 0.00000 0.00000 ( 1)  0.667
 291 N   1.00000 0.00000 0.00000 ( 1)  0.667
 292 E   1.00000 0.00000 0.00000 ( 1)  0.667
 293 H   1.00000 0.00000 0.00000 ( 1)  0.667
 294 H   1.00000 0.00000 0.00000 ( 1)  0.667
 295 Q   1.00000 0.00000 0.00000 ( 1)  0.667
 296 Q   1.00000 0.00000 0.00000 ( 1)  0.667
 297 P   1.00000 0.00000 0.00000 ( 1)  0.667
 298 L   1.00000 0.00000 0.00000 ( 1)  0.667
 299 L   1.00000 0.00000 0.00000 ( 1)  0.667
 300 S   1.00000 0.00000 0.00000 ( 1)  0.667
 301 E   1.00000 0.00000 0.00000 ( 1)  0.667
 302 A   1.00000 0.00000 0.00000 ( 1)  0.667
 303 L   1.00000 0.00000 0.00000 ( 1)  0.667
 304 Q   1.00000 0.00000 0.00000 ( 1)  0.667
 305 I   1.00000 0.00000 0.00000 ( 1)  0.667
 306 S   1.00000 0.00000 0.00000 ( 1)  0.667
 307 H   1.00000 0.00000 0.00000 ( 1)  0.667
 308 G   1.00000 0.00000 0.00000 ( 1)  0.667
 309 Q   1.00000 0.00000 0.00000 ( 1)  0.667
 310 S   1.00000 0.00000 0.00000 ( 1)  0.667
 311 M   1.00000 0.00000 0.00000 ( 1)  0.667
 312 Q   1.00000 0.00000 0.00000 ( 1)  0.667
 313 I   1.00000 0.00000 0.00000 ( 1)  0.667
 314 Q   1.00000 0.00000 0.00000 ( 1)  0.667
 315 P   1.00000 0.00000 0.00000 ( 1)  0.667
 316 T   1.00000 0.00000 0.00000 ( 1)  0.667
 317 Q   1.00000 0.00000 0.00000 ( 1)  0.667
 318 M   1.00000 0.00000 0.00000 ( 1)  0.667
 319 Q   1.00000 0.00000 0.00000 ( 1)  0.667
 320 G   1.00000 0.00000 0.00000 ( 1)  0.667
 321 D   1.00000 0.00000 0.00000 ( 1)  0.667
 322 V   1.00000 0.00000 0.00000 ( 1)  0.667
 323 S   1.00000 0.00000 0.00000 ( 1)  0.667
 324 G   1.00000 0.00000 0.00000 ( 1)  0.667
 325 F   1.00000 0.00000 0.00000 ( 1)  0.667
 326 I   1.00000 0.00000 0.00000 ( 1)  0.667
 327 S   1.00000 0.00000 0.00000 ( 1)  0.667
 328 M   1.00000 0.00000 0.00000 ( 1)  0.667
 329 P   1.00000 0.00000 0.00000 ( 1)  0.667
 330 N   1.00000 0.00000 0.00000 ( 1)  0.667
 331 V   1.00000 0.00000 0.00000 ( 1)  0.667
 332 A   1.00000 0.00000 0.00000 ( 1)  0.667
 333 S   1.00000 0.00000 0.00000 ( 1)  0.667
 334 M   1.00000 0.00000 0.00000 ( 1)  0.667
 335 F   1.00000 0.00000 0.00000 ( 1)  0.667
 336 Q   1.00000 0.00000 0.00000 ( 1)  0.667
 337 A   1.00000 0.00000 0.00000 ( 1)  0.667
 338 Q   1.00000 0.00000 0.00000 ( 1)  0.667
 339 D   1.00000 0.00000 0.00000 ( 1)  0.667
 340 N   1.00000 0.00000 0.00000 ( 1)  0.667
 341 Q   1.00000 0.00000 0.00000 ( 1)  0.667
 342 Q   1.00000 0.00000 0.00000 ( 1)  0.667
 343 D   1.00000 0.00000 0.00000 ( 1)  0.667
 344 F   1.00000 0.00000 0.00000 ( 1)  0.667
 345 E   1.00000 0.00000 0.00000 ( 1)  0.667
 346 D   1.00000 0.00000 0.00000 ( 1)  0.667
 347 S   1.00000 0.00000 0.00000 ( 1)  0.667
 348 N   1.00000 0.00000 0.00000 ( 1)  0.667
 349 E   1.00000 0.00000 0.00000 ( 1)  0.667
 350 F   1.00000 0.00000 0.00000 ( 1)  0.667
 351 F   1.00000 0.00000 0.00000 ( 1)  0.667
 352 Q   1.00000 0.00000 0.00000 ( 1)  0.667
 353 T   1.00000 0.00000 0.00000 ( 1)  0.667
 354 S   1.00000 0.00000 0.00000 ( 1)  0.667
 355 E   1.00000 0.00000 0.00000 ( 1)  0.667
 356 V   1.00000 0.00000 0.00000 ( 1)  0.667
 357 Q   1.00000 0.00000 0.00000 ( 1)  0.667
 358 P   1.00000 0.00000 0.00000 ( 1)  0.667
 359 D   1.00000 0.00000 0.00000 ( 1)  0.667
 360 S   1.00000 0.00000 0.00000 ( 1)  0.667
 361 T   1.00000 0.00000 0.00000 ( 1)  0.667
 362 I   1.00000 0.00000 0.00000 ( 1)  0.667
 363 Q   1.00000 0.00000 0.00000 ( 1)  0.667
 364 D   1.00000 0.00000 0.00000 ( 1)  0.667
 365 T   1.00000 0.00000 0.00000 ( 1)  0.667
 366 T   1.00000 0.00000 0.00000 ( 1)  0.667
 367 T   1.00000 0.00000 0.00000 ( 1)  0.667
 368 T   1.00000 0.00000 0.00000 ( 1)  0.667
 369 C   1.00000 0.00000 0.00000 ( 1)  0.667
 370 K   1.00000 0.00000 0.00000 ( 1)  0.667
 371 Q   1.00000 0.00000 0.00000 ( 1)  0.667
 372 A   1.00000 0.00000 0.00000 ( 1)  0.667
 373 Q   1.00000 0.00000 0.00000 ( 1)  0.667
 374 K   1.00000 0.00000 0.00000 ( 1)  0.667
 375 P   1.00000 0.00000 0.00000 ( 1)  0.667
 376 Q   1.00000 0.00000 0.00000 ( 1)  0.667
 377 M   1.00000 0.00000 0.00000 ( 1)  0.667
 378 P   1.00000 0.00000 0.00000 ( 1)  0.667
 379 I   1.00000 0.00000 0.00000 ( 1)  0.667
 380 I   1.00000 0.00000 0.00000 ( 1)  0.667
 381 G   1.00000 0.00000 0.00000 ( 1)  0.667
 382 S   1.00000 0.00000 0.00000 ( 1)  0.667
 383 V   1.00000 0.00000 0.00000 ( 1)  0.667
 384 A   1.00000 0.00000 0.00000 ( 1)  0.667
 385 S   1.00000 0.00000 0.00000 ( 1)  0.667
 386 L   1.00000 0.00000 0.00000 ( 1)  0.667
 387 S   1.00000 0.00000 0.00000 ( 1)  0.667
 388 A   1.00000 0.00000 0.00000 ( 1)  0.667
 389 P   1.00000 0.00000 0.00000 ( 1)  0.667
 390 P   1.00000 0.00000 0.00000 ( 1)  0.667
 391 V   1.00000 0.00000 0.00000 ( 1)  0.667
 392 Q   1.00000 0.00000 0.00000 ( 1)  0.667
 393 A   1.00000 0.00000 0.00000 ( 1)  0.667
 394 A   1.00000 0.00000 0.00000 ( 1)  0.667
 395 V   1.00000 0.00000 0.00000 ( 1)  0.667
 396 S   1.00000 0.00000 0.00000 ( 1)  0.667
 397 L   1.00000 0.00000 0.00000 ( 1)  0.667
 398 S   1.00000 0.00000 0.00000 ( 1)  0.667
 399 P   1.00000 0.00000 0.00000 ( 1)  0.667
 400 A   1.00000 0.00000 0.00000 ( 1)  0.667
 401 K   1.00000 0.00000 0.00000 ( 1)  0.667
 402 P   1.00000 0.00000 0.00000 ( 1)  0.667
 403 K   1.00000 0.00000 0.00000 ( 1)  0.667
 404 P   1.00000 0.00000 0.00000 ( 1)  0.667
 405 T   1.00000 0.00000 0.00000 ( 1)  0.667
 406 S   1.00000 0.00000 0.00000 ( 1)  0.667
 407 A   1.00000 0.00000 0.00000 ( 1)  0.667
 408 K   1.00000 0.00000 0.00000 ( 1)  0.667
 409 S   1.00000 0.00000 0.00000 ( 1)  0.667
 410 K   1.00000 0.00000 0.00000 ( 1)  0.667
 411 S   1.00000 0.00000 0.00000 ( 1)  0.667
 412 Q   1.00000 0.00000 0.00000 ( 1)  0.667
 413 T   1.00000 0.00000 0.00000 ( 1)  0.667
 414 S   1.00000 0.00000 0.00000 ( 1)  0.667
 415 K   1.00000 0.00000 0.00000 ( 1)  0.667
 416 A   1.00000 0.00000 0.00000 ( 1)  0.667
 417 A   1.00000 0.00000 0.00000 ( 1)  0.667
 418 A   1.00000 0.00000 0.00000 ( 1)  0.667
 419 A   1.00000 0.00000 0.00000 ( 1)  0.667
 420 T   1.00000 0.00000 0.00000 ( 1)  0.667
 421 V   1.00000 0.00000 0.00000 ( 1)  0.667
 422 Q   1.00000 0.00000 0.00000 ( 1)  0.667
 423 D   1.00000 0.00000 0.00000 ( 1)  0.667
 424 N   1.00000 0.00000 0.00000 ( 1)  0.667
 425 A   1.00000 0.00000 0.00000 ( 1)  0.667
 426 A   1.00000 0.00000 0.00000 ( 1)  0.667
 427 E   1.00000 0.00000 0.00000 ( 1)  0.667
 428 I   1.00000 0.00000 0.00000 ( 1)  0.667
 429 L   1.00000 0.00000 0.00000 ( 1)  0.667
 430 V   1.00000 0.00000 0.00000 ( 1)  0.667
 431 S   1.00000 0.00000 0.00000 ( 1)  0.667
 432 A   1.00000 0.00000 0.00000 ( 1)  0.667
 433 L   1.00000 0.00000 0.00000 ( 1)  0.667
 434 Q   1.00000 0.00000 0.00000 ( 1)  0.667
 435 D   1.00000 0.00000 0.00000 ( 1)  0.667
 436 Y   1.00000 0.00000 0.00000 ( 1)  0.667
 437 N   1.00000 0.00000 0.00000 ( 1)  0.667
 438 S   1.00000 0.00000 0.00000 ( 1)  0.667
 439 K   1.00000 0.00000 0.00000 ( 1)  0.667
 440 K   1.00000 0.00000 0.00000 ( 1)  0.667
 441 D   1.00000 0.00000 0.00000 ( 1)  0.667
 442 A   1.00000 0.00000 0.00000 ( 1)  0.667
 443 N   1.00000 0.00000 0.00000 ( 1)  0.667
 444 S   1.00000 0.00000 0.00000 ( 1)  0.667
 445 D   1.00000 0.00000 0.00000 ( 1)  0.667
 446 S   1.00000 0.00000 0.00000 ( 1)  0.667
 447 G   1.00000 0.00000 0.00000 ( 1)  0.667
 448 S   1.00000 0.00000 0.00000 ( 1)  0.667
 449 A   1.00000 0.00000 0.00000 ( 1)  0.667
 450 D   1.00000 0.00000 0.00000 ( 1)  0.667
 451 L   1.00000 0.00000 0.00000 ( 1)  0.667
 452 P   1.00000 0.00000 0.00000 ( 1)  0.667
 453 T   1.00000 0.00000 0.00000 ( 1)  0.667
 454 A   1.00000 0.00000 0.00000 ( 1)  0.667
 455 S   1.00000 0.00000 0.00000 ( 1)  0.667
 456 D   1.00000 0.00000 0.00000 ( 1)  0.667
 457 P   1.00000 0.00000 0.00000 ( 1)  0.667
 458 L   1.00000 0.00000 0.00000 ( 1)  0.667
 459 F   1.00000 0.00000 0.00000 ( 1)  0.667
 460 E   1.00000 0.00000 0.00000 ( 1)  0.667
 461 I   1.00000 0.00000 0.00000 ( 1)  0.667
 462 N   1.00000 0.00000 0.00000 ( 1)  0.667
 463 T   1.00000 0.00000 0.00000 ( 1)  0.667
 464 K   1.00000 0.00000 0.00000 ( 1)  0.667
 465 E   1.00000 0.00000 0.00000 ( 1)  0.667
 466 V   1.00000 0.00000 0.00000 ( 1)  0.667
 467 A   1.00000 0.00000 0.00000 ( 1)  0.667
 468 Q   1.00000 0.00000 0.00000 ( 1)  0.667
 469 R   1.00000 0.00000 0.00000 ( 1)  0.667
 470 V   1.00000 0.00000 0.00000 ( 1)  0.667
 471 I   1.00000 0.00000 0.00000 ( 1)  0.667
 472 F   1.00000 0.00000 0.00000 ( 1)  0.667
 473 E   1.00000 0.00000 0.00000 ( 1)  0.667
 474 L   1.00000 0.00000 0.00000 ( 1)  0.667
 475 K   1.00000 0.00000 0.00000 ( 1)  0.667
 476 N   1.00000 0.00000 0.00000 ( 1)  0.667
 477 C   1.00000 0.00000 0.00000 ( 1)  0.667
 478 G   1.00000 0.00000 0.00000 ( 1)  0.667
 479 I   1.00000 0.00000 0.00000 ( 1)  0.667
 480 P   1.00000 0.00000 0.00000 ( 1)  0.667
 481 Q   1.00000 0.00000 0.00000 ( 1)  0.667
 482 A   1.00000 0.00000 0.00000 ( 1)  0.667
 483 V   1.00000 0.00000 0.00000 ( 1)  0.667
 484 F   1.00000 0.00000 0.00000 ( 1)  0.667
 485 A   1.00000 0.00000 0.00000 ( 1)  0.667
 486 Q   1.00000 0.00000 0.00000 ( 1)  0.667
 487 Q   1.00000 0.00000 0.00000 ( 1)  0.667
 488 V   1.00000 0.00000 0.00000 ( 1)  0.667
 489 L   1.00000 0.00000 0.00000 ( 1)  0.667
 490 C   1.00000 0.00000 0.00000 ( 1)  0.667
 491 R   1.00000 0.00000 0.00000 ( 1)  0.667
 492 S   1.00000 0.00000 0.00000 ( 1)  0.667
 493 Q   1.00000 0.00000 0.00000 ( 1)  0.667
 494 G   1.00000 0.00000 0.00000 ( 1)  0.667
 495 T   1.00000 0.00000 0.00000 ( 1)  0.667
 496 L   1.00000 0.00000 0.00000 ( 1)  0.667
 497 S   1.00000 0.00000 0.00000 ( 1)  0.667
 498 D   1.00000 0.00000 0.00000 ( 1)  0.667
 499 L   1.00000 0.00000 0.00000 ( 1)  0.667
 500 L   1.00000 0.00000 0.00000 ( 1)  0.667
 501 R   1.00000 0.00000 0.00000 ( 1)  0.667
 502 N   1.00000 0.00000 0.00000 ( 1)  0.667
 503 P   1.00000 0.00000 0.00000 ( 1)  0.667
 504 K   1.00000 0.00000 0.00000 ( 1)  0.667
 505 P   1.00000 0.00000 0.00000 ( 1)  0.667
 506 W   1.00000 0.00000 0.00000 ( 1)  0.667
 507 S   1.00000 0.00000 0.00000 ( 1)  0.667
 508 K   1.00000 0.00000 0.00000 ( 1)  0.667
 509 L   1.00000 0.00000 0.00000 ( 1)  0.667
 510 K   1.00000 0.00000 0.00000 ( 1)  0.667
 511 S   1.00000 0.00000 0.00000 ( 1)  0.667
 512 G   1.00000 0.00000 0.00000 ( 1)  0.667
 513 R   1.00000 0.00000 0.00000 ( 1)  0.667
 514 E   1.00000 0.00000 0.00000 ( 1)  0.667
 515 T   1.00000 0.00000 0.00000 ( 1)  0.667
 516 F   1.00000 0.00000 0.00000 ( 1)  0.667
 517 R   1.00000 0.00000 0.00000 ( 1)  0.667
 518 R   1.00000 0.00000 0.00000 ( 1)  0.667
 519 M   1.00000 0.00000 0.00000 ( 1)  0.667
 520 W   1.00000 0.00000 0.00000 ( 1)  0.667
 521 K   1.00000 0.00000 0.00000 ( 1)  0.667
 522 W   1.00000 0.00000 0.00000 ( 1)  0.667
 523 L   1.00000 0.00000 0.00000 ( 1)  0.667
 524 Q   1.00000 0.00000 0.00000 ( 1)  0.667
 525 T   1.00000 0.00000 0.00000 ( 1)  0.667
 526 P   1.00000 0.00000 0.00000 ( 1)  0.667
 527 V   1.00000 0.00000 0.00000 ( 1)  0.667
 528 E   1.00000 0.00000 0.00000 ( 1)  0.667
 529 D   1.00000 0.00000 0.00000 ( 1)  0.667
 530 R   1.00000 0.00000 0.00000 ( 1)  0.667
 531 M   1.00000 0.00000 0.00000 ( 1)  0.667
 532 S   1.00000 0.00000 0.00000 ( 1)  0.667
 533 S   1.00000 0.00000 0.00000 ( 1)  0.667
 534 L   1.00000 0.00000 0.00000 ( 1)  0.667
 535 H   1.00000 0.00000 0.00000 ( 1)  0.667
 536 S   1.00000 0.00000 0.00000 ( 1)  0.667
 537 A   1.00000 0.00000 0.00000 ( 1)  0.667
 538 S   1.00000 0.00000 0.00000 ( 1)  0.667
 539 L   1.00000 0.00000 0.00000 ( 1)  0.667
 540 K   1.00000 0.00000 0.00000 ( 1)  0.667
 541 R   1.00000 0.00000 0.00000 ( 1)  0.667
 542 S   1.00000 0.00000 0.00000 ( 1)  0.667
 543 F   1.00000 0.00000 0.00000 ( 1)  0.667
 544 D   1.00000 0.00000 0.00000 ( 1)  0.667
 545 T   1.00000 0.00000 0.00000 ( 1)  0.667
 546 A   1.00000 0.00000 0.00000 ( 1)  0.667
 547 D   1.00000 0.00000 0.00000 ( 1)  0.667
 548 S   1.00000 0.00000 0.00000 ( 1)  0.667
 549 G   1.00000 0.00000 0.00000 ( 1)  0.667
 550 D   1.00000 0.00000 0.00000 ( 1)  0.667
 551 C   1.00000 0.00000 0.00000 ( 1)  0.667
 552 N   1.00000 0.00000 0.00000 ( 1)  0.667
 553 G   1.00000 0.00000 0.00000 ( 1)  0.667
 554 P   1.00000 0.00000 0.00000 ( 1)  0.667
 555 L   1.00000 0.00000 0.00000 ( 1)  0.667
 556 S   1.00000 0.00000 0.00000 ( 1)  0.667
 557 Q   1.00000 0.00000 0.00000 ( 1)  0.667
 558 A   1.00000 0.00000 0.00000 ( 1)  0.667
 559 Q   1.00000 0.00000 0.00000 ( 1)  0.667
 560 Q   1.00000 0.00000 0.00000 ( 1)  0.667
 561 Q   1.00000 0.00000 0.00000 ( 1)  0.667
 562 Q   1.00000 0.00000 0.00000 ( 1)  0.667
 563 Q   1.00000 0.00000 0.00000 ( 1)  0.667
 564 P   1.00000 0.00000 0.00000 ( 1)  0.667
 565 K   1.00000 0.00000 0.00000 ( 1)  0.667
 566 L   1.00000 0.00000 0.00000 ( 1)  0.667
 567 P   1.00000 0.00000 0.00000 ( 1)  0.667
 568 P   1.00000 0.00000 0.00000 ( 1)  0.667
 569 T   1.00000 0.00000 0.00000 ( 1)  0.667
 570 R   1.00000 0.00000 0.00000 ( 1)  0.667
 571 S   1.00000 0.00000 0.00000 ( 1)  0.667
 572 V   1.00000 0.00000 0.00000 ( 1)  0.667
 573 L   1.00000 0.00000 0.00000 ( 1)  0.667
 574 Q   1.00000 0.00000 0.00000 ( 1)  0.667
 575 P   1.00000 0.00000 0.00000 ( 1)  0.667
 576 Q   1.00000 0.00000 0.00000 ( 1)  0.667
 577 S   1.00000 0.00000 0.00000 ( 1)  0.667
 578 Q   1.00000 0.00000 0.00000 ( 1)  0.667
 579 S   1.00000 0.00000 0.00000 ( 1)  0.667
 580 S   1.00000 0.00000 0.00000 ( 1)  0.667
 581 A   1.00000 0.00000 0.00000 ( 1)  0.667
 582 P   1.00000 0.00000 0.00000 ( 1)  0.667
 583 A   1.00000 0.00000 0.00000 ( 1)  0.667
 584 P   1.00000 0.00000 0.00000 ( 1)  0.667
 585 Q   1.00000 0.00000 0.00000 ( 1)  0.667
 586 S   1.00000 0.00000 0.00000 ( 1)  0.667
 587 S   1.00000 0.00000 0.00000 ( 1)  0.667
 588 T   1.00000 0.00000 0.00000 ( 1)  0.667
 589 R   1.00000 0.00000 0.00000 ( 1)  0.667
 590 K   1.00000 0.00000 0.00000 ( 1)  0.667
 591 P   1.00000 0.00000 0.00000 ( 1)  0.667
 592 S   1.00000 0.00000 0.00000 ( 1)  0.667
 593 E   1.00000 0.00000 0.00000 ( 1)  0.667
 594 P   1.00000 0.00000 0.00000 ( 1)  0.667
 595 N   1.00000 0.00000 0.00000 ( 1)  0.667
 596 G   1.00000 0.00000 0.00000 ( 1)  0.667
 597 T   1.00000 0.00000 0.00000 ( 1)  0.667
 598 P   1.00000 0.00000 0.00000 ( 1)  0.667
 599 A   1.00000 0.00000 0.00000 ( 1)  0.667
 600 K   1.00000 0.00000 0.00000 ( 1)  0.667
 601 K   1.00000 0.00000 0.00000 ( 1)  0.667
 602 P   1.00000 0.00000 0.00000 ( 1)  0.667
 603 R   1.00000 0.00000 0.00000 ( 1)  0.667
 604 L   1.00000 0.00000 0.00000 ( 1)  0.667
 605 V   1.00000 0.00000 0.00000 ( 1)  0.667
 606 F   1.00000 0.00000 0.00000 ( 1)  0.667
 607 T   1.00000 0.00000 0.00000 ( 1)  0.667
 608 D   1.00000 0.00000 0.00000 ( 1)  0.667
 609 I   1.00000 0.00000 0.00000 ( 1)  0.667
 610 Q   1.00000 0.00000 0.00000 ( 1)  0.667
 611 R   1.00000 0.00000 0.00000 ( 1)  0.667
 612 R   1.00000 0.00000 0.00000 ( 1)  0.667
 613 T   1.00000 0.00000 0.00000 ( 1)  0.667
 614 L   1.00000 0.00000 0.00000 ( 1)  0.667
 615 N   1.00000 0.00000 0.00000 ( 1)  0.667
 616 A   1.00000 0.00000 0.00000 ( 1)  0.667
 617 I   1.00000 0.00000 0.00000 ( 1)  0.667
 618 F   1.00000 0.00000 0.00000 ( 1)  0.667
 619 N   1.00000 0.00000 0.00000 ( 1)  0.667
 620 E   1.00000 0.00000 0.00000 ( 1)  0.667
 621 T   1.00000 0.00000 0.00000 ( 1)  0.667
 622 S   1.00000 0.00000 0.00000 ( 1)  0.667
 623 R   1.00000 0.00000 0.00000 ( 1)  0.667
 624 P   1.00000 0.00000 0.00000 ( 1)  0.667
 625 S   1.00000 0.00000 0.00000 ( 1)  0.667
 626 K   1.00000 0.00000 0.00000 ( 1)  0.667
 627 E   1.00000 0.00000 0.00000 ( 1)  0.667
 628 M   1.00000 0.00000 0.00000 ( 1)  0.667
 629 Q   1.00000 0.00000 0.00000 ( 1)  0.667
 630 S   1.00000 0.00000 0.00000 ( 1)  0.667
 631 I   1.00000 0.00000 0.00000 ( 1)  0.667
 632 I   1.00000 0.00000 0.00000 ( 1)  0.667
 633 A   1.00000 0.00000 0.00000 ( 1)  0.667
 634 E   1.00000 0.00000 0.00000 ( 1)  0.667
 635 Q   1.00000 0.00000 0.00000 ( 1)  0.667
 636 L   1.00000 0.00000 0.00000 ( 1)  0.667
 637 G   1.00000 0.00000 0.00000 ( 1)  0.667
 638 L   1.00000 0.00000 0.00000 ( 1)  0.667
 639 E   1.00000 0.00000 0.00000 ( 1)  0.667
 640 L   1.00000 0.00000 0.00000 ( 1)  0.667
 641 S   1.00000 0.00000 0.00000 ( 1)  0.667
 642 T   1.00000 0.00000 0.00000 ( 1)  0.667
 643 V   1.00000 0.00000 0.00000 ( 1)  0.667
 644 C   1.00000 0.00000 0.00000 ( 1)  0.667
 645 N   1.00000 0.00000 0.00000 ( 1)  0.667
 646 Y   1.00000 0.00000 0.00000 ( 1)  0.667
 647 F   1.00000 0.00000 0.00000 ( 1)  0.667
 648 M   1.00000 0.00000 0.00000 ( 1)  0.667
 649 N   1.00000 0.00000 0.00000 ( 1)  0.667
 650 A   1.00000 0.00000 0.00000 ( 1)  0.667
 651 R   1.00000 0.00000 0.00000 ( 1)  0.667
 652 R   1.00000 0.00000 0.00000 ( 1)  0.667
 653 R   1.00000 0.00000 0.00000 ( 1)  0.667
 654 S   1.00000 0.00000 0.00000 ( 1)  0.667
 655 L   1.00000 0.00000 0.00000 ( 1)  0.667
 656 E   1.00000 0.00000 0.00000 ( 1)  0.667
 657 K   1.00000 0.00000 0.00000 ( 1)  0.667
 658 W   1.00000 0.00000 0.00000 ( 1)  0.667
 659 Q   1.00000 0.00000 0.00000 ( 1)  0.667
 660 E   1.00000 0.00000 0.00000 ( 1)  0.667
 661 D   1.00000 0.00000 0.00000 ( 1)  0.667
 662 S   1.00000 0.00000 0.00000 ( 1)  0.667
 663 S   1.00000 0.00000 0.00000 ( 1)  0.667
 664 D   1.00000 0.00000 0.00000 ( 1)  0.667
 665 S   1.00000 0.00000 0.00000 ( 1)  0.667
 666 S   1.00000 0.00000 0.00000 ( 1)  0.667
 667 T   1.00000 0.00000 0.00000 ( 1)  0.667
 668 E   1.00000 0.00000 0.00000 ( 1)  0.667
 669 Q   1.00000 0.00000 0.00000 ( 1)  0.667
 670 R   1.00000 0.00000 0.00000 ( 1)  0.667
 671 Q   1.00000 0.00000 0.00000 ( 1)  0.667
 672 R   1.00000 0.00000 0.00000 ( 1)  0.667
 673 R   1.00000 0.00000 0.00000 ( 1)  0.667
 674 C   1.00000 0.00000 0.00000 ( 1)  0.667
 675 Q   1.00000 0.00000 0.00000 ( 1)  0.667
 676 T   1.00000 0.00000 0.00000 ( 1)  0.667
 677 V   1.00000 0.00000 0.00000 ( 1)  0.667
 678 A   1.00000 0.00000 0.00000 ( 1)  0.667
 679 D   1.00000 0.00000 0.00000 ( 1)  0.667
 680 E   1.00000 0.00000 0.00000 ( 1)  0.667
 681 F   1.00000 0.00000 0.00000 ( 1)  0.667
 682 A   1.00000 0.00000 0.00000 ( 1)  0.667
 683 D   1.00000 0.00000 0.00000 ( 1)  0.667
 684 F   1.00000 0.00000 0.00000 ( 1)  0.667
 685 D   1.00000 0.00000 0.00000 ( 1)  0.667
 686 P   1.00000 0.00000 0.00000 ( 1)  0.667
 687 T   1.00000 0.00000 0.00000 ( 1)  0.667
 688 L   1.00000 0.00000 0.00000 ( 1)  0.667
 689 S   1.00000 0.00000 0.00000 ( 1)  0.667
 690 A   1.00000 0.00000 0.00000 ( 1)  0.667
 691 V   1.00000 0.00000 0.00000 ( 1)  0.667
 692 D   1.00000 0.00000 0.00000 ( 1)  0.667
 693 E   1.00000 0.00000 0.00000 ( 1)  0.667
 694 S   1.00000 0.00000 0.00000 ( 1)  0.667
 695 E   1.00000 0.00000 0.00000 ( 1)  0.667
 696 D   1.00000 0.00000 0.00000 ( 1)  0.667
 697 E   1.00000 0.00000 0.00000 ( 1)  0.667
 698 Q   1.00000 0.00000 0.00000 ( 1)  0.667
 699 T   1.00000 0.00000 0.00000 ( 1)  0.667
 700 D   1.00000 0.00000 0.00000 ( 1)  0.667
 701 A   1.00000 0.00000 0.00000 ( 1)  0.667
 702 N   1.00000 0.00000 0.00000 ( 1)  0.667
 703 P   1.00000 0.00000 0.00000 ( 1)  0.667
 704 A   1.00000 0.00000 0.00000 ( 1)  0.667
 705 A   1.00000 0.00000 0.00000 ( 1)  0.667
 706 D   1.00000 0.00000 0.00000 ( 1)  0.667
 707 G   1.00000 0.00000 0.00000 ( 1)  0.667
 708 A   1.00000 0.00000 0.00000 ( 1)  0.667
 709 P   1.00000 0.00000 0.00000 ( 1)  0.667
 710 V   1.00000 0.00000 0.00000 ( 1)  0.667
 711 L   1.00000 0.00000 0.00000 ( 1)  0.667
 712 D   1.00000 0.00000 0.00000 ( 1)  0.667
 713 K   1.00000 0.00000 0.00000 ( 1)  0.667
 714 I   1.00000 0.00000 0.00000 ( 1)  0.667
 715 G   1.00000 0.00000 0.00000 ( 1)  0.667
 716 L   1.00000 0.00000 0.00000 ( 1)  0.667
 717 F   1.00000 0.00000 0.00000 ( 1)  0.667
 718 V   1.00000 0.00000 0.00000 ( 1)  0.667
 719 Q   1.00000 0.00000 0.00000 ( 1)  0.667
 720 P   1.00000 0.00000 0.00000 ( 1)  0.667
 721 L   1.00000 0.00000 0.00000 ( 1)  0.667
 722 P   1.00000 0.00000 0.00000 ( 1)  0.667
 723 P   1.00000 0.00000 0.00000 ( 1)  0.667
 724 P   1.00000 0.00000 0.00000 ( 1)  0.667
 725 P   1.00000 0.00000 0.00000 ( 1)  0.667
 726 P   1.00000 0.00000 0.00000 ( 1)  0.667
 727 L   1.00000 0.00000 0.00000 ( 1)  0.667
 728 L   1.00000 0.00000 0.00000 ( 1)  0.667
 729 N   1.00000 0.00000 0.00000 ( 1)  0.667
 730 F   1.00000 0.00000 0.00000 ( 1)  0.667
 731 S   1.00000 0.00000 0.00000 ( 1)  0.667
 732 A   1.00000 0.00000 0.00000 ( 1)  0.667
 733 Q   1.00000 0.00000 0.00000 ( 1)  0.667
 734 Q   1.00000 0.00000 0.00000 ( 1)  0.667
 735 Q   1.00000 0.00000 0.00000 ( 1)  0.667
 736 H   1.00000 0.00000 0.00000 ( 1)  0.667
 737 Q   1.00000 0.00000 0.00000 ( 1)  0.667
 738 Q   1.00000 0.00000 0.00000 ( 1)  0.667
 739 Y   1.00000 0.00000 0.00000 ( 1)  0.667
 740 Q   1.00000 0.00000 0.00000 ( 1)  0.667
 741 Q   1.00000 0.00000 0.00000 ( 1)  0.667
 742 A   1.00000 0.00000 0.00000 ( 1)  0.667
 743 S   1.00000 0.00000 0.00000 ( 1)  0.667
 744 S   1.00000 0.00000 0.00000 ( 1)  0.667
 745 S   1.00000 0.00000 0.00000 ( 1)  0.667
 746 S   1.00000 0.00000 0.00000 ( 1)  0.667
 747 S   1.00000 0.00000 0.00000 ( 1)  0.667
 748 I   1.00000 0.00000 0.00000 ( 1)  0.667
 749 S   1.00000 0.00000 0.00000 ( 1)  0.667
 750 S   1.00000 0.00000 0.00000 ( 1)  0.667
 751 G   1.00000 0.00000 0.00000 ( 1)  0.667
 752 T   1.00000 0.00000 0.00000 ( 1)  0.667
 753 F   1.00000 0.00000 0.00000 ( 1)  0.667
 754 S   1.00000 0.00000 0.00000 ( 1)  0.667
 755 V   1.00000 0.00000 0.00000 ( 1)  0.667
 756 C   1.00000 0.00000 0.00000 ( 1)  0.667
 757 S   1.00000 0.00000 0.00000 ( 1)  0.667
 758 T   1.00000 0.00000 0.00000 ( 1)  0.667
 759 G   1.00000 0.00000 0.00000 ( 1)  0.667
 760 L   1.00000 0.00000 0.00000 ( 1)  0.667

Positively selected sites

	Prob(w>1)  mean w



lnL = -3229.315590

Bayes Empirical Bayes (BEB) probabilities for 3 classes (class) & postmean_w
(amino acids refer to 1st sequence: Msl.44687)

   1 M   0.55858 0.33368 0.10775 ( 1)  0.810 +-  0.852
   2 E   0.55581 0.33426 0.10993 ( 1)  0.819 +-  0.876
   3 I   0.55805 0.33378 0.10816 ( 1)  0.812 +-  0.857
   4 N   0.55699 0.33401 0.10900 ( 1)  0.815 +-  0.866
   5 S   0.55624 0.33417 0.10959 ( 1)  0.818 +-  0.872
   6 L   0.55341 0.33474 0.11185 ( 1)  0.827 +-  0.896
   7 F   0.55634 0.33416 0.10949 ( 1)  0.817 +-  0.871
   8 S   0.55624 0.33417 0.10959 ( 1)  0.818 +-  0.872
   9 Y   0.55297 0.33483 0.11220 ( 1)  0.829 +-  0.900
  10 G   0.55433 0.33458 0.11110 ( 1)  0.824 +-  0.888
  11 S   0.55491 0.33444 0.11065 ( 1)  0.822 +-  0.883
  12 I   0.55702 0.33401 0.10898 ( 1)  0.815 +-  0.865
  13 A   0.55680 0.33404 0.10916 ( 1)  0.816 +-  0.868
  14 A   0.55680 0.33404 0.10916 ( 1)  0.816 +-  0.868
  15 S   0.55347 0.33474 0.11179 ( 1)  0.827 +-  0.896
  16 N   0.55442 0.33455 0.11103 ( 1)  0.824 +-  0.887
  17 S   0.55331 0.33477 0.11191 ( 1)  0.828 +-  0.897
  18 Y   0.55546 0.33433 0.11020 ( 1)  0.820 +-  0.878
  19 G   0.55510 0.33442 0.11048 ( 1)  0.822 +-  0.881
  20 A   0.55680 0.33404 0.10916 ( 1)  0.816 +-  0.868
  21 G   0.55510 0.33442 0.11048 ( 1)  0.822 +-  0.881
  22 I   0.55702 0.33401 0.10898 ( 1)  0.815 +-  0.865
  23 S   0.55347 0.33474 0.11179 ( 1)  0.827 +-  0.896
  24 Q   0.55326 0.33478 0.11196 ( 1)  0.828 +-  0.898
  25 Q   0.55352 0.33472 0.11175 ( 1)  0.827 +-  0.895
  26 V   0.55581 0.33426 0.10993 ( 1)  0.819 +-  0.875
  27 R   0.55507 0.33443 0.11050 ( 1)  0.822 +-  0.881
  28 S   0.55465 0.33450 0.11085 ( 1)  0.823 +-  0.886
  29 Q   0.55326 0.33478 0.11196 ( 1)  0.828 +-  0.898
  30 P   0.55507 0.33440 0.11052 ( 1)  0.822 +-  0.882
  31 L   0.55248 0.33492 0.11259 ( 1)  0.831 +-  0.904
  32 I   0.55805 0.33378 0.10816 ( 1)  0.812 +-  0.857
  33 M   0.55858 0.33368 0.10775 ( 1)  0.810 +-  0.852
  34 A   0.55385 0.33466 0.11149 ( 1)  0.826 +-  0.893
  35 S   0.55491 0.33444 0.11065 ( 1)  0.822 +-  0.883
  36 T   0.55680 0.33403 0.10916 ( 1)  0.816 +-  0.868
  37 S   0.55624 0.33417 0.10959 ( 1)  0.818 +-  0.872
  38 Q   0.55352 0.33472 0.11175 ( 1)  0.827 +-  0.895
  39 S   0.55465 0.33450 0.11085 ( 1)  0.823 +-  0.886
  40 S   0.55572 0.33430 0.10998 ( 1)  0.819 +-  0.876
  41 F   0.55634 0.33416 0.10949 ( 1)  0.817 +-  0.871
  42 Q   0.55352 0.33472 0.11175 ( 1)  0.827 +-  0.895
  43 V   0.55531 0.33437 0.11032 ( 1)  0.821 +-  0.880
  44 P   0.55507 0.33440 0.11052 ( 1)  0.822 +-  0.882
  45 Q   0.55326 0.33478 0.11196 ( 1)  0.828 +-  0.898
  46 N   0.55699 0.33401 0.10900 ( 1)  0.815 +-  0.866
  47 I   0.55702 0.33401 0.10898 ( 1)  0.815 +-  0.865
  48 F   0.26380 0.39555 0.34065 ( 2)  1.823 +-  2.100
  49 I   0.55702 0.33401 0.10898 ( 1)  0.815 +-  0.865
  50 R   0.55383 0.33467 0.11150 ( 1)  0.826 +-  0.892
  51 S   0.55624 0.33417 0.10959 ( 1)  0.818 +-  0.872
  52 S   0.55572 0.33430 0.10998 ( 1)  0.819 +-  0.876
  53 G   0.55410 0.33462 0.11128 ( 1)  0.825 +-  0.890
  54 L   0.55618 0.33418 0.10964 ( 1)  0.818 +-  0.872
  55 N   0.55699 0.33401 0.10900 ( 1)  0.815 +-  0.866
  56 S   0.55491 0.33444 0.11065 ( 1)  0.822 +-  0.883
  57 D   0.55698 0.33401 0.10901 ( 1)  0.816 +-  0.866
  58 Q   0.55326 0.33478 0.11196 ( 1)  0.828 +-  0.898
  59 M   0.55858 0.33368 0.10775 ( 1)  0.810 +-  0.852
  60 N   0.55699 0.33401 0.10900 ( 1)  0.815 +-  0.866
  61 Q   0.55352 0.33472 0.11175 ( 1)  0.827 +-  0.895
  62 L   0.55482 0.33446 0.11072 ( 1)  0.823 +-  0.884
  63 M   0.55858 0.33368 0.10775 ( 1)  0.810 +-  0.852
  64 Q   0.55352 0.33472 0.11175 ( 1)  0.827 +-  0.895
  65 V   0.55651 0.33411 0.10938 ( 1)  0.817 +-  0.870
  66 I   0.55415 0.33461 0.11124 ( 1)  0.825 +-  0.890
  67 S   0.55572 0.33430 0.10998 ( 1)  0.819 +-  0.876
  68 L   0.55254 0.33491 0.11255 ( 1)  0.830 +-  0.904
  69 P   0.55555 0.33430 0.11014 ( 1)  0.820 +-  0.878
  70 N   0.55442 0.33455 0.11103 ( 1)  0.824 +-  0.887
  71 A   0.55608 0.33419 0.10973 ( 1)  0.819 +-  0.874
  72 K   0.55582 0.33425 0.10992 ( 1)  0.819 +-  0.876
  73 V   0.55581 0.33426 0.10993 ( 1)  0.819 +-  0.875
  74 E   0.26888 0.39984 0.33128 ( 2)  1.773 +-  2.045
  75 A   0.55608 0.33419 0.10973 ( 1)  0.819 +-  0.874
  76 S   0.55624 0.33417 0.10959 ( 1)  0.818 +-  0.872
  77 H   0.55407 0.33462 0.11131 ( 1)  0.825 +-  0.890
  78 S   0.55624 0.33417 0.10959 ( 1)  0.818 +-  0.872
  79 Q   0.55326 0.33478 0.11196 ( 1)  0.828 +-  0.898
  80 T   0.55680 0.33403 0.10916 ( 1)  0.816 +-  0.868
  81 G   0.55433 0.33458 0.11110 ( 1)  0.824 +-  0.888
  82 Q   0.55352 0.33472 0.11175 ( 1)  0.827 +-  0.895
  83 G   0.55433 0.33458 0.11110 ( 1)  0.824 +-  0.888
  84 Q   0.55326 0.33478 0.11196 ( 1)  0.828 +-  0.898
  85 Q   0.55326 0.33478 0.11196 ( 1)  0.828 +-  0.898
  86 T   0.55385 0.33466 0.11149 ( 1)  0.826 +-  0.893
  87 V   0.55365 0.33470 0.11165 ( 1)  0.827 +-  0.894
  88 T   0.55680 0.33403 0.10916 ( 1)  0.816 +-  0.868
  89 L   0.55618 0.33418 0.10964 ( 1)  0.818 +-  0.872
  90 A   0.55680 0.33404 0.10916 ( 1)  0.816 +-  0.868
  91 L   0.55341 0.33474 0.11185 ( 1)  0.827 +-  0.896
  92 I   0.55702 0.33401 0.10898 ( 1)  0.815 +-  0.865
  93 N   0.55699 0.33401 0.10900 ( 1)  0.815 +-  0.866
  94 V   0.55531 0.33437 0.11032 ( 1)  0.821 +-  0.880
  95 D   0.55440 0.33456 0.11105 ( 1)  0.824 +-  0.887
  96 P   0.55555 0.33430 0.11014 ( 1)  0.820 +-  0.878
  97 N   0.55699 0.33401 0.10900 ( 1)  0.815 +-  0.866
  98 L   0.55341 0.33474 0.11185 ( 1)  0.827 +-  0.896
  99 P   0.55623 0.33416 0.10961 ( 1)  0.818 +-  0.873
 100 I   0.55544 0.33428 0.11028 ( 1)  0.821 +-  0.881
 101 G   0.55273 0.33488 0.11239 ( 1)  0.830 +-  0.902
 102 G   0.55433 0.33458 0.11110 ( 1)  0.824 +-  0.888
 103 Q   0.55326 0.33478 0.11196 ( 1)  0.828 +-  0.898
 104 L   0.55618 0.33418 0.10964 ( 1)  0.818 +-  0.872
 105 L   0.55341 0.33474 0.11185 ( 1)  0.827 +-  0.896
 106 I   0.55805 0.33378 0.10816 ( 1)  0.812 +-  0.857
 107 A   0.55608 0.33419 0.10973 ( 1)  0.819 +-  0.874
 108 A   0.55556 0.33430 0.11013 ( 1)  0.820 +-  0.878
 109 P   0.55555 0.33430 0.11014 ( 1)  0.820 +-  0.878
 110 A   0.55608 0.33419 0.10973 ( 1)  0.819 +-  0.874
 111 L   0.55248 0.33492 0.11259 ( 1)  0.831 +-  0.904
 112 Q   0.55326 0.33478 0.11196 ( 1)  0.828 +-  0.898
 113 P   0.55623 0.33416 0.10961 ( 1)  0.818 +-  0.873
 114 Q   0.55352 0.33472 0.11175 ( 1)  0.827 +-  0.895
 115 Q   0.55326 0.33478 0.11196 ( 1)  0.828 +-  0.898
 116 Q   0.55352 0.33472 0.11175 ( 1)  0.827 +-  0.895
 117 P   0.55555 0.33430 0.11014 ( 1)  0.820 +-  0.878
 118 E   0.55581 0.33426 0.10993 ( 1)  0.819 +-  0.876
 119 I   0.55702 0.33401 0.10898 ( 1)  0.815 +-  0.865
 120 Q   0.55352 0.33472 0.11175 ( 1)  0.827 +-  0.895
 121 Q   0.55352 0.33472 0.11175 ( 1)  0.827 +-  0.895
 122 Q   0.55326 0.33478 0.11196 ( 1)  0.828 +-  0.898
 123 P   0.55555 0.33430 0.11014 ( 1)  0.820 +-  0.878
 124 V   0.55651 0.33411 0.10938 ( 1)  0.817 +-  0.870
 125 L   0.55377 0.33467 0.11156 ( 1)  0.826 +-  0.893
 126 L   0.55248 0.33492 0.11259 ( 1)  0.831 +-  0.904
 127 P   0.55555 0.33430 0.11014 ( 1)  0.820 +-  0.878
 128 N   0.55442 0.33455 0.11103 ( 1)  0.824 +-  0.887
 129 C   0.55225 0.33497 0.11277 ( 1)  0.831 +-  0.906
 130 N   0.55699 0.33401 0.10900 ( 1)  0.815 +-  0.866
 131 Q   0.55352 0.33472 0.11175 ( 1)  0.827 +-  0.895
 132 V   0.55651 0.33411 0.10938 ( 1)  0.817 +-  0.870
 133 P   0.55623 0.33416 0.10961 ( 1)  0.818 +-  0.873
 134 I   0.55702 0.33401 0.10898 ( 1)  0.815 +-  0.865
 135 V   0.55365 0.33470 0.11165 ( 1)  0.827 +-  0.894
 136 S   0.55331 0.33477 0.11191 ( 1)  0.828 +-  0.897
 137 I   0.55702 0.33401 0.10898 ( 1)  0.815 +-  0.865
 138 S   0.55624 0.33417 0.10959 ( 1)  0.818 +-  0.872
 139 N   0.55699 0.33401 0.10900 ( 1)  0.815 +-  0.866
 140 P   0.55623 0.33416 0.10961 ( 1)  0.818 +-  0.873
 141 R   0.55464 0.33452 0.11085 ( 1)  0.823 +-  0.885
 142 I   0.55702 0.33401 0.10898 ( 1)  0.815 +-  0.865
 143 Q   0.55352 0.33472 0.11175 ( 1)  0.827 +-  0.895
 144 V   0.26632 0.39769 0.33599 ( 2)  1.798 +-  2.073
 145 Q   0.55352 0.33472 0.11175 ( 1)  0.827 +-  0.895
 146 P   0.55623 0.33416 0.10961 ( 1)  0.818 +-  0.873
 147 G   0.55273 0.33488 0.11239 ( 1)  0.830 +-  0.902
 148 N   0.55442 0.33455 0.11103 ( 1)  0.824 +-  0.887
 149 M   0.55858 0.33368 0.10775 ( 1)  0.810 +-  0.852
 150 P   0.55555 0.33430 0.11014 ( 1)  0.820 +-  0.878
 151 T   0.55608 0.33419 0.10973 ( 1)  0.819 +-  0.874
 152 M   0.55858 0.33368 0.10775 ( 1)  0.810 +-  0.852
 153 A   0.55608 0.33419 0.10973 ( 1)  0.819 +-  0.874
 154 I   0.55805 0.33378 0.10816 ( 1)  0.812 +-  0.857
 155 A   0.55556 0.33430 0.11013 ( 1)  0.820 +-  0.878
 156 A   0.55680 0.33404 0.10916 ( 1)  0.816 +-  0.868
 157 S   0.55572 0.33430 0.10998 ( 1)  0.819 +-  0.876
 158 V   0.55651 0.33411 0.10938 ( 1)  0.817 +-  0.870
 159 T   0.55608 0.33419 0.10973 ( 1)  0.819 +-  0.874
 160 D   0.55440 0.33456 0.11105 ( 1)  0.824 +-  0.887
 161 S   0.55624 0.33417 0.10959 ( 1)  0.818 +-  0.872
 162 S   0.55624 0.33417 0.10959 ( 1)  0.818 +-  0.872
 163 I   0.55805 0.33378 0.10816 ( 1)  0.812 +-  0.857
 164 S   0.55572 0.33430 0.10998 ( 1)  0.819 +-  0.876
 165 L   0.55341 0.33474 0.11185 ( 1)  0.827 +-  0.896
 166 P   0.55555 0.33430 0.11014 ( 1)  0.820 +-  0.878
 167 L   0.55248 0.33492 0.11259 ( 1)  0.831 +-  0.904
 168 T   0.55608 0.33419 0.10973 ( 1)  0.819 +-  0.874
 169 S   0.55491 0.33444 0.11065 ( 1)  0.822 +-  0.883
 170 V   0.55531 0.33437 0.11032 ( 1)  0.821 +-  0.880
 171 P   0.55555 0.33430 0.11014 ( 1)  0.820 +-  0.878
 172 A   0.55680 0.33404 0.10916 ( 1)  0.816 +-  0.868
 173 D   0.55698 0.33401 0.10901 ( 1)  0.816 +-  0.866
 174 T   0.27013 0.40089 0.32898 ( 2)  1.761 +-  2.031
 175 R   0.55464 0.33452 0.11085 ( 1)  0.823 +-  0.885
 176 S   0.55624 0.33417 0.10959 ( 1)  0.818 +-  0.872
 177 V   0.55531 0.33437 0.11032 ( 1)  0.821 +-  0.880
 178 S   0.55347 0.33474 0.11179 ( 1)  0.827 +-  0.896
 179 Y   0.55546 0.33433 0.11020 ( 1)  0.820 +-  0.878
 180 Q   0.55326 0.33478 0.11196 ( 1)  0.828 +-  0.898
 181 L   0.55618 0.33418 0.10964 ( 1)  0.818 +-  0.872
 182 I   0.55702 0.33401 0.10898 ( 1)  0.815 +-  0.865
 183 D   0.55440 0.33456 0.11105 ( 1)  0.824 +-  0.887
 184 N   0.55699 0.33401 0.10900 ( 1)  0.815 +-  0.866
 185 S   0.55331 0.33477 0.11191 ( 1)  0.828 +-  0.897
 186 Q   0.55352 0.33472 0.11175 ( 1)  0.827 +-  0.895
 187 N   0.55442 0.33455 0.11103 ( 1)  0.824 +-  0.887
 188 H   0.55644 0.33413 0.10943 ( 1)  0.817 +-  0.870
 189 V   0.55365 0.33470 0.11165 ( 1)  0.827 +-  0.894
 190 L   0.55377 0.33467 0.11156 ( 1)  0.826 +-  0.893
 191 N   0.55699 0.33401 0.10900 ( 1)  0.815 +-  0.866
 192 A   0.55680 0.33404 0.10916 ( 1)  0.816 +-  0.868
 193 T   0.55680 0.33403 0.10916 ( 1)  0.816 +-  0.868
 194 S   0.55572 0.33430 0.10998 ( 1)  0.819 +-  0.876
 195 S   0.55624 0.33417 0.10959 ( 1)  0.818 +-  0.872
 196 V   0.55651 0.33411 0.10938 ( 1)  0.817 +-  0.870
 197 T   0.55608 0.33419 0.10973 ( 1)  0.819 +-  0.874
 198 S   0.55572 0.33430 0.10998 ( 1)  0.819 +-  0.876
 199 G   0.55273 0.33488 0.11239 ( 1)  0.830 +-  0.902
 200 T   0.55680 0.33403 0.10916 ( 1)  0.816 +-  0.868
 201 M   0.55858 0.33368 0.10775 ( 1)  0.810 +-  0.852
 202 P   0.55555 0.33430 0.11014 ( 1)  0.820 +-  0.878
 203 S   0.55491 0.33444 0.11065 ( 1)  0.822 +-  0.883
 204 F   0.55634 0.33416 0.10949 ( 1)  0.817 +-  0.871
 205 A   0.55680 0.33404 0.10916 ( 1)  0.816 +-  0.868
 206 I   0.55805 0.33378 0.10816 ( 1)  0.812 +-  0.857
 207 S   0.55491 0.33444 0.11065 ( 1)  0.822 +-  0.883
 208 S   0.55491 0.33444 0.11065 ( 1)  0.822 +-  0.883
 209 M   0.55858 0.33368 0.10775 ( 1)  0.810 +-  0.852
 210 S   0.55477 0.33447 0.11076 ( 1)  0.823 +-  0.885
 211 S   0.55491 0.33444 0.11065 ( 1)  0.822 +-  0.883
 212 S   0.55491 0.33444 0.11065 ( 1)  0.822 +-  0.883
 213 M   0.55858 0.33368 0.10775 ( 1)  0.810 +-  0.852
 214 P   0.55555 0.33430 0.11014 ( 1)  0.820 +-  0.878
 215 A   0.55680 0.33404 0.10916 ( 1)  0.816 +-  0.868
 216 D   0.55698 0.33401 0.10901 ( 1)  0.816 +-  0.866
 217 K   0.55540 0.33434 0.11025 ( 1)  0.821 +-  0.879
 218 F   0.55634 0.33416 0.10949 ( 1)  0.817 +-  0.871
 219 E   0.55581 0.33426 0.10993 ( 1)  0.819 +-  0.876
 220 V   0.55651 0.33411 0.10938 ( 1)  0.817 +-  0.870
 221 Q   0.55326 0.33478 0.11196 ( 1)  0.828 +-  0.898
 222 L   0.55248 0.33492 0.11259 ( 1)  0.831 +-  0.904
 223 N   0.55699 0.33401 0.10900 ( 1)  0.815 +-  0.866
 224 R   0.55383 0.33467 0.11150 ( 1)  0.826 +-  0.892
 225 P   0.55623 0.33416 0.10961 ( 1)  0.818 +-  0.873
 226 S   0.55624 0.33417 0.10959 ( 1)  0.818 +-  0.872
 227 T   0.55608 0.33419 0.10973 ( 1)  0.819 +-  0.874
 228 P   0.55623 0.33416 0.10961 ( 1)  0.818 +-  0.873
 229 G   0.55273 0.33488 0.11239 ( 1)  0.830 +-  0.902
 230 L   0.55618 0.33418 0.10964 ( 1)  0.818 +-  0.872
 231 D   0.55698 0.33401 0.10901 ( 1)  0.816 +-  0.866
 232 F   0.55634 0.33416 0.10949 ( 1)  0.817 +-  0.871
 233 L   0.55377 0.33467 0.11156 ( 1)  0.826 +-  0.893
 234 I   0.55702 0.33401 0.10898 ( 1)  0.815 +-  0.865
 235 D   0.55698 0.33401 0.10901 ( 1)  0.816 +-  0.866
 236 Q   0.55352 0.33472 0.11175 ( 1)  0.827 +-  0.895
 237 P   0.55555 0.33430 0.11014 ( 1)  0.820 +-  0.878
 238 S   0.26481 0.39640 0.33879 ( 2)  1.813 +-  2.089
 239 N   0.55442 0.33455 0.11103 ( 1)  0.824 +-  0.887
 240 L   0.55377 0.33467 0.11156 ( 1)  0.826 +-  0.893
 241 A   0.55385 0.33466 0.11149 ( 1)  0.826 +-  0.893
 242 M   0.55858 0.33368 0.10775 ( 1)  0.810 +-  0.852
 243 A   0.55680 0.33404 0.10916 ( 1)  0.816 +-  0.868
 244 E   0.55581 0.33426 0.10993 ( 1)  0.819 +-  0.876
 245 S   0.55572 0.33430 0.10998 ( 1)  0.819 +-  0.876
 246 K   0.55582 0.33425 0.10992 ( 1)  0.819 +-  0.876
 247 E   0.55581 0.33426 0.10993 ( 1)  0.819 +-  0.876
 248 S   0.55491 0.33444 0.11065 ( 1)  0.822 +-  0.883
 249 S   0.55491 0.33444 0.11065 ( 1)  0.822 +-  0.883
 250 F   0.55634 0.33416 0.10949 ( 1)  0.817 +-  0.871
 251 L   0.55254 0.33491 0.11255 ( 1)  0.830 +-  0.904
 252 S   0.55624 0.33417 0.10959 ( 1)  0.818 +-  0.872
 253 N   0.55699 0.33401 0.10900 ( 1)  0.815 +-  0.866
 254 D   0.55698 0.33401 0.10901 ( 1)  0.816 +-  0.866
 255 G   0.55510 0.33442 0.11048 ( 1)  0.822 +-  0.881
 256 M   0.55858 0.33368 0.10775 ( 1)  0.810 +-  0.852
 257 K   0.55540 0.33434 0.11025 ( 1)  0.821 +-  0.879
 258 L   0.55254 0.33491 0.11255 ( 1)  0.830 +-  0.904
 259 N   0.55442 0.33455 0.11103 ( 1)  0.824 +-  0.887
 260 L   0.55618 0.33418 0.10964 ( 1)  0.818 +-  0.872
 261 S   0.55572 0.33430 0.10998 ( 1)  0.819 +-  0.876
 262 H   0.55644 0.33413 0.10943 ( 1)  0.817 +-  0.870
 263 Q   0.55352 0.33472 0.11175 ( 1)  0.827 +-  0.895
 264 G   0.55433 0.33458 0.11110 ( 1)  0.824 +-  0.888
 265 I   0.55702 0.33401 0.10898 ( 1)  0.815 +-  0.865
 266 E   0.55581 0.33426 0.10993 ( 1)  0.819 +-  0.876
 267 S   0.55491 0.33444 0.11065 ( 1)  0.822 +-  0.883
 268 T   0.55608 0.33419 0.10973 ( 1)  0.819 +-  0.874
 269 L   0.55248 0.33492 0.11259 ( 1)  0.831 +-  0.904
 270 P   0.55555 0.33430 0.11014 ( 1)  0.820 +-  0.878
 271 I   0.55702 0.33401 0.10898 ( 1)  0.815 +-  0.865
 272 D   0.55698 0.33401 0.10901 ( 1)  0.816 +-  0.866
 273 P   0.55623 0.33416 0.10961 ( 1)  0.818 +-  0.873
 274 L   0.55377 0.33467 0.11156 ( 1)  0.826 +-  0.893
 275 D   0.55440 0.33456 0.11105 ( 1)  0.824 +-  0.887
 276 Q   0.55352 0.33472 0.11175 ( 1)  0.827 +-  0.895
 277 L   0.55618 0.33418 0.10964 ( 1)  0.818 +-  0.872
 278 D   0.55440 0.33456 0.11105 ( 1)  0.824 +-  0.887
 279 Y   0.55546 0.33433 0.11020 ( 1)  0.820 +-  0.878
 280 K   0.55582 0.33425 0.10992 ( 1)  0.819 +-  0.876
 281 T   0.55608 0.33419 0.10973 ( 1)  0.819 +-  0.874
 282 Q   0.55352 0.33472 0.11175 ( 1)  0.827 +-  0.895
 283 N   0.27142 0.40197 0.32661 ( 2)  1.748 +-  2.016
 284 L   0.55344 0.33474 0.11182 ( 1)  0.827 +-  0.896
 285 I   0.55702 0.33401 0.10898 ( 1)  0.815 +-  0.865
 286 Y   0.55546 0.33433 0.11020 ( 1)  0.820 +-  0.878
 287 A   0.55680 0.33404 0.10916 ( 1)  0.816 +-  0.868
 288 C   0.55427 0.33459 0.11114 ( 1)  0.824 +-  0.888
 289 D   0.55698 0.33401 0.10901 ( 1)  0.816 +-  0.866
 290 S   0.55624 0.33417 0.10959 ( 1)  0.818 +-  0.872
 291 N   0.55699 0.33401 0.10900 ( 1)  0.815 +-  0.866
 292 E   0.55539 0.33435 0.11026 ( 1)  0.821 +-  0.879
 293 H   0.55644 0.33413 0.10943 ( 1)  0.817 +-  0.870
 294 H   0.55407 0.33462 0.11131 ( 1)  0.825 +-  0.890
 295 Q   0.55352 0.33472 0.11175 ( 1)  0.827 +-  0.895
 296 Q   0.55352 0.33472 0.11175 ( 1)  0.827 +-  0.895
 297 P   0.55623 0.33416 0.10961 ( 1)  0.818 +-  0.873
 298 L   0.55248 0.33492 0.11259 ( 1)  0.831 +-  0.904
 299 L   0.55377 0.33467 0.11156 ( 1)  0.826 +-  0.893
 300 S   0.55572 0.33430 0.10998 ( 1)  0.819 +-  0.876
 301 E   0.55581 0.33426 0.10993 ( 1)  0.819 +-  0.876
 302 A   0.55680 0.33404 0.10916 ( 1)  0.816 +-  0.868
 303 L   0.55248 0.33492 0.11259 ( 1)  0.831 +-  0.904
 304 Q   0.55352 0.33472 0.11175 ( 1)  0.827 +-  0.895
 305 I   0.55702 0.33401 0.10898 ( 1)  0.815 +-  0.865
 306 S   0.55572 0.33430 0.10998 ( 1)  0.819 +-  0.876
 307 H   0.55644 0.33413 0.10943 ( 1)  0.817 +-  0.870
 308 G   0.26923 0.40014 0.33063 ( 2)  1.769 +-  2.041
 309 Q   0.55352 0.33472 0.11175 ( 1)  0.827 +-  0.895
 310 S   0.55491 0.33444 0.11065 ( 1)  0.822 +-  0.883
 311 M   0.55858 0.33368 0.10775 ( 1)  0.810 +-  0.852
 312 Q   0.55352 0.33472 0.11175 ( 1)  0.827 +-  0.895
 313 I   0.55702 0.33401 0.10898 ( 1)  0.815 +-  0.865
 314 Q   0.55352 0.33472 0.11175 ( 1)  0.827 +-  0.895
 315 P   0.55623 0.33416 0.10961 ( 1)  0.818 +-  0.873
 316 T   0.27113 0.40170 0.32717 ( 2)  1.751 +-  2.020
 317 Q   0.55352 0.33472 0.11175 ( 1)  0.827 +-  0.895
 318 M   0.55858 0.33368 0.10775 ( 1)  0.810 +-  0.852
 319 Q   0.55352 0.33472 0.11175 ( 1)  0.827 +-  0.895
 320 G   0.55510 0.33442 0.11048 ( 1)  0.822 +-  0.881
 321 D   0.27142 0.40197 0.32661 ( 2)  1.748 +-  2.016
 322 V   0.55581 0.33426 0.10993 ( 1)  0.819 +-  0.875
 323 S   0.55624 0.33417 0.10959 ( 1)  0.818 +-  0.872
 324 G   0.55273 0.33488 0.11239 ( 1)  0.830 +-  0.902
 325 F   0.55634 0.33416 0.10949 ( 1)  0.817 +-  0.871
 326 I   0.55702 0.33401 0.10898 ( 1)  0.815 +-  0.865
 327 S   0.55624 0.33417 0.10959 ( 1)  0.818 +-  0.872
 328 M   0.55858 0.33368 0.10775 ( 1)  0.810 +-  0.852
 329 P   0.55555 0.33430 0.11014 ( 1)  0.820 +-  0.878
 330 N   0.55699 0.33401 0.10900 ( 1)  0.815 +-  0.866
 331 V   0.55651 0.33411 0.10938 ( 1)  0.817 +-  0.870
 332 A   0.55680 0.33404 0.10916 ( 1)  0.816 +-  0.868
 333 S   0.55491 0.33444 0.11065 ( 1)  0.822 +-  0.883
 334 M   0.55858 0.33368 0.10775 ( 1)  0.810 +-  0.852
 335 F   0.55634 0.33416 0.10949 ( 1)  0.817 +-  0.871
 336 Q   0.55352 0.33472 0.11175 ( 1)  0.827 +-  0.895
 337 A   0.55608 0.33419 0.10973 ( 1)  0.819 +-  0.874
 338 Q   0.55352 0.33472 0.11175 ( 1)  0.827 +-  0.895
 339 D   0.55440 0.33456 0.11105 ( 1)  0.824 +-  0.887
 340 N   0.55442 0.33455 0.11103 ( 1)  0.824 +-  0.887
 341 Q   0.55352 0.33472 0.11175 ( 1)  0.827 +-  0.895
 342 Q   0.55352 0.33472 0.11175 ( 1)  0.827 +-  0.895
 343 D   0.55698 0.33401 0.10901 ( 1)  0.816 +-  0.866
 344 F   0.55634 0.33416 0.10949 ( 1)  0.817 +-  0.871
 345 E   0.55581 0.33426 0.10993 ( 1)  0.819 +-  0.876
 346 D   0.55698 0.33401 0.10901 ( 1)  0.816 +-  0.866
 347 S   0.55624 0.33417 0.10959 ( 1)  0.818 +-  0.872
 348 N   0.55699 0.33401 0.10900 ( 1)  0.815 +-  0.866
 349 E   0.55539 0.33435 0.11026 ( 1)  0.821 +-  0.879
 350 F   0.55634 0.33416 0.10949 ( 1)  0.817 +-  0.871
 351 F   0.55634 0.33416 0.10949 ( 1)  0.817 +-  0.871
 352 Q   0.55352 0.33472 0.11175 ( 1)  0.827 +-  0.895
 353 T   0.55608 0.33419 0.10973 ( 1)  0.819 +-  0.874
 354 S   0.55572 0.33430 0.10998 ( 1)  0.819 +-  0.876
 355 E   0.55581 0.33426 0.10993 ( 1)  0.819 +-  0.876
 356 V   0.55651 0.33411 0.10938 ( 1)  0.817 +-  0.870
 357 Q   0.55326 0.33478 0.11196 ( 1)  0.828 +-  0.898
 358 P   0.26822 0.39930 0.33249 ( 2)  1.779 +-  2.052
 359 D   0.55698 0.33401 0.10901 ( 1)  0.816 +-  0.866
 360 S   0.55624 0.33417 0.10959 ( 1)  0.818 +-  0.872
 361 T   0.55608 0.33419 0.10973 ( 1)  0.819 +-  0.874
 362 I   0.55415 0.33461 0.11124 ( 1)  0.825 +-  0.890
 363 Q   0.55352 0.33472 0.11175 ( 1)  0.827 +-  0.895
 364 D   0.55698 0.33401 0.10901 ( 1)  0.816 +-  0.866
 365 T   0.55608 0.33419 0.10973 ( 1)  0.819 +-  0.874
 366 T   0.55608 0.33419 0.10973 ( 1)  0.819 +-  0.874
 367 T   0.55680 0.33403 0.10916 ( 1)  0.816 +-  0.868
 368 T   0.55608 0.33419 0.10973 ( 1)  0.819 +-  0.874
 369 C   0.55427 0.33459 0.11114 ( 1)  0.824 +-  0.888
 370 K   0.26624 0.39762 0.33614 ( 2)  1.799 +-  2.074
 371 Q   0.55326 0.33478 0.11196 ( 1)  0.828 +-  0.898
 372 A   0.55680 0.33404 0.10916 ( 1)  0.816 +-  0.868
 373 Q   0.55352 0.33472 0.11175 ( 1)  0.827 +-  0.895
 374 K   0.55540 0.33434 0.11025 ( 1)  0.821 +-  0.879
 375 P   0.55623 0.33416 0.10961 ( 1)  0.818 +-  0.873
 376 Q   0.55352 0.33472 0.11175 ( 1)  0.827 +-  0.895
 377 M   0.55858 0.33368 0.10775 ( 1)  0.810 +-  0.852
 378 P   0.55623 0.33416 0.10961 ( 1)  0.818 +-  0.873
 379 I   0.55702 0.33401 0.10898 ( 1)  0.815 +-  0.865
 380 I   0.55702 0.33401 0.10898 ( 1)  0.815 +-  0.865
 381 G   0.55273 0.33488 0.11239 ( 1)  0.830 +-  0.902
 382 S   0.55465 0.33450 0.11085 ( 1)  0.823 +-  0.886
 383 V   0.55581 0.33426 0.10993 ( 1)  0.819 +-  0.875
 384 A   0.55385 0.33466 0.11149 ( 1)  0.826 +-  0.893
 385 S   0.55331 0.33477 0.11191 ( 1)  0.828 +-  0.897
 386 L   0.55248 0.33492 0.11259 ( 1)  0.831 +-  0.904
 387 S   0.55465 0.33450 0.11085 ( 1)  0.823 +-  0.886
 388 A   0.27013 0.40089 0.32898 ( 2)  1.761 +-  2.031
 389 P   0.55348 0.33473 0.11179 ( 1)  0.827 +-  0.896
 390 P   0.55555 0.33430 0.11014 ( 1)  0.820 +-  0.878
 391 V   0.55365 0.33470 0.11165 ( 1)  0.827 +-  0.894
 392 Q   0.55352 0.33472 0.11175 ( 1)  0.827 +-  0.895
 393 A   0.55608 0.33419 0.10973 ( 1)  0.819 +-  0.874
 394 A   0.55608 0.33419 0.10973 ( 1)  0.819 +-  0.874
 395 V   0.55531 0.33437 0.11032 ( 1)  0.821 +-  0.880
 396 S   0.55465 0.33450 0.11085 ( 1)  0.823 +-  0.886
 397 L   0.55344 0.33474 0.11182 ( 1)  0.827 +-  0.896
 398 S   0.55572 0.33430 0.10998 ( 1)  0.819 +-  0.876
 399 P   0.55555 0.33430 0.11014 ( 1)  0.820 +-  0.878
 400 A   0.55608 0.33419 0.10973 ( 1)  0.819 +-  0.874
 401 K   0.55540 0.33434 0.11025 ( 1)  0.821 +-  0.879
 402 P   0.55348 0.33473 0.11179 ( 1)  0.827 +-  0.896
 403 K   0.55582 0.33425 0.10992 ( 1)  0.819 +-  0.876
 404 P   0.55507 0.33440 0.11052 ( 1)  0.822 +-  0.882
 405 T   0.55608 0.33419 0.10973 ( 1)  0.819 +-  0.874
 406 S   0.55465 0.33450 0.11085 ( 1)  0.823 +-  0.886
 407 A   0.55608 0.33419 0.10973 ( 1)  0.819 +-  0.874
 408 K   0.55540 0.33434 0.11025 ( 1)  0.821 +-  0.879
 409 S   0.55491 0.33444 0.11065 ( 1)  0.822 +-  0.883
 410 K   0.55582 0.33425 0.10992 ( 1)  0.819 +-  0.876
 411 S   0.55331 0.33477 0.11191 ( 1)  0.828 +-  0.897
 412 Q   0.55352 0.33472 0.11175 ( 1)  0.827 +-  0.895
 413 T   0.55556 0.33430 0.11013 ( 1)  0.820 +-  0.878
 414 S   0.55491 0.33444 0.11065 ( 1)  0.822 +-  0.883
 415 K   0.55582 0.33425 0.10992 ( 1)  0.819 +-  0.876
 416 A   0.55385 0.33466 0.11149 ( 1)  0.826 +-  0.893
 417 A   0.55680 0.33404 0.10916 ( 1)  0.816 +-  0.868
 418 A   0.55608 0.33419 0.10973 ( 1)  0.819 +-  0.874
 419 A   0.26926 0.40017 0.33057 ( 2)  1.769 +-  2.040
 420 T   0.55608 0.33419 0.10973 ( 1)  0.819 +-  0.874
 421 V   0.55365 0.33470 0.11165 ( 1)  0.827 +-  0.894
 422 Q   0.55352 0.33472 0.11175 ( 1)  0.827 +-  0.895
 423 D   0.55440 0.33456 0.11105 ( 1)  0.824 +-  0.887
 424 N   0.55699 0.33401 0.10900 ( 1)  0.815 +-  0.866
 425 A   0.55556 0.33430 0.11013 ( 1)  0.820 +-  0.878
 426 A   0.55385 0.33466 0.11149 ( 1)  0.826 +-  0.893
 427 E   0.55581 0.33426 0.10993 ( 1)  0.819 +-  0.876
 428 I   0.55702 0.33401 0.10898 ( 1)  0.815 +-  0.865
 429 L   0.55341 0.33474 0.11185 ( 1)  0.827 +-  0.896
 430 V   0.55365 0.33470 0.11165 ( 1)  0.827 +-  0.894
 431 S   0.55491 0.33444 0.11065 ( 1)  0.822 +-  0.883
 432 A   0.27013 0.40089 0.32898 ( 2)  1.761 +-  2.031
 433 L   0.55341 0.33474 0.11185 ( 1)  0.827 +-  0.896
 434 Q   0.55352 0.33472 0.11175 ( 1)  0.827 +-  0.895
 435 D   0.55440 0.33456 0.11105 ( 1)  0.824 +-  0.887
 436 Y   0.55297 0.33483 0.11220 ( 1)  0.829 +-  0.900
 437 N   0.55442 0.33455 0.11103 ( 1)  0.824 +-  0.887
 438 S   0.55331 0.33477 0.11191 ( 1)  0.828 +-  0.897
 439 K   0.55540 0.33434 0.11025 ( 1)  0.821 +-  0.879
 440 K   0.55540 0.33434 0.11025 ( 1)  0.821 +-  0.879
 441 D   0.55440 0.33456 0.11105 ( 1)  0.824 +-  0.887
 442 A   0.55385 0.33466 0.11149 ( 1)  0.826 +-  0.893
 443 N   0.55699 0.33401 0.10900 ( 1)  0.815 +-  0.866
 444 S   0.55347 0.33474 0.11179 ( 1)  0.827 +-  0.896
 445 D   0.55698 0.33401 0.10901 ( 1)  0.816 +-  0.866
 446 S   0.55331 0.33477 0.11191 ( 1)  0.828 +-  0.897
 447 G   0.55273 0.33488 0.11239 ( 1)  0.830 +-  0.902
 448 S   0.55572 0.33430 0.10998 ( 1)  0.819 +-  0.876
 449 A   0.55608 0.33419 0.10973 ( 1)  0.819 +-  0.874
 450 D   0.55698 0.33401 0.10901 ( 1)  0.816 +-  0.866
 451 L   0.55254 0.33491 0.11255 ( 1)  0.830 +-  0.904
 452 P   0.55507 0.33440 0.11052 ( 1)  0.822 +-  0.882
 453 T   0.55608 0.33419 0.10973 ( 1)  0.819 +-  0.874
 454 A   0.55680 0.33404 0.10916 ( 1)  0.816 +-  0.868
 455 S   0.55465 0.33450 0.11085 ( 1)  0.823 +-  0.886
 456 D   0.55698 0.33401 0.10901 ( 1)  0.816 +-  0.866
 457 P   0.55532 0.33435 0.11032 ( 1)  0.821 +-  0.880
 458 L   0.55254 0.33491 0.11255 ( 1)  0.830 +-  0.904
 459 F   0.55379 0.33468 0.11153 ( 1)  0.826 +-  0.893
 460 E   0.55581 0.33426 0.10993 ( 1)  0.819 +-  0.876
 461 I   0.55415 0.33461 0.11124 ( 1)  0.825 +-  0.890
 462 N   0.55699 0.33401 0.10900 ( 1)  0.815 +-  0.866
 463 T   0.55556 0.33430 0.11013 ( 1)  0.820 +-  0.878
 464 K   0.55582 0.33425 0.10992 ( 1)  0.819 +-  0.876
 465 E   0.55539 0.33435 0.11026 ( 1)  0.821 +-  0.879
 466 V   0.55531 0.33437 0.11032 ( 1)  0.821 +-  0.880
 467 A   0.55385 0.33466 0.11149 ( 1)  0.826 +-  0.893
 468 Q   0.55326 0.33478 0.11196 ( 1)  0.828 +-  0.898
 469 R   0.55328 0.33478 0.11194 ( 1)  0.828 +-  0.897
 470 V   0.55365 0.33470 0.11165 ( 1)  0.827 +-  0.894
 471 I   0.55415 0.33461 0.11124 ( 1)  0.825 +-  0.890
 472 F   0.55379 0.33468 0.11153 ( 1)  0.826 +-  0.893
 473 E   0.55539 0.33435 0.11026 ( 1)  0.821 +-  0.879
 474 L   0.55248 0.33492 0.11259 ( 1)  0.831 +-  0.904
 475 K   0.55582 0.33425 0.10992 ( 1)  0.819 +-  0.876
 476 N   0.27037 0.40106 0.32858 ( 2)  1.759 +-  2.029
 477 C   0.55225 0.33497 0.11277 ( 1)  0.831 +-  0.906
 478 G   0.55273 0.33488 0.11239 ( 1)  0.830 +-  0.902
 479 I   0.55702 0.33401 0.10898 ( 1)  0.815 +-  0.865
 480 P   0.55623 0.33416 0.10961 ( 1)  0.818 +-  0.873
 481 Q   0.55326 0.33478 0.11196 ( 1)  0.828 +-  0.898
 482 A   0.55556 0.33430 0.11013 ( 1)  0.820 +-  0.878
 483 V   0.55531 0.33437 0.11032 ( 1)  0.821 +-  0.880
 484 F   0.55379 0.33468 0.11153 ( 1)  0.826 +-  0.893
 485 A   0.55680 0.33404 0.10916 ( 1)  0.816 +-  0.868
 486 Q   0.55326 0.33478 0.11196 ( 1)  0.828 +-  0.898
 487 Q   0.55326 0.33478 0.11196 ( 1)  0.828 +-  0.898
 488 V   0.55531 0.33437 0.11032 ( 1)  0.821 +-  0.880
 489 L   0.55344 0.33474 0.11182 ( 1)  0.827 +-  0.896
 490 C   0.55225 0.33497 0.11277 ( 1)  0.831 +-  0.906
 491 R   0.55383 0.33467 0.11150 ( 1)  0.826 +-  0.892
 492 S   0.55331 0.33477 0.11191 ( 1)  0.828 +-  0.897
 493 Q   0.55326 0.33478 0.11196 ( 1)  0.828 +-  0.898
 494 G   0.55391 0.33465 0.11144 ( 1)  0.826 +-  0.892
 495 T   0.55385 0.33466 0.11149 ( 1)  0.826 +-  0.893
 496 L   0.55341 0.33474 0.11185 ( 1)  0.827 +-  0.896
 497 S   0.55465 0.33450 0.11085 ( 1)  0.823 +-  0.886
 498 D   0.55440 0.33456 0.11105 ( 1)  0.824 +-  0.887
 499 L   0.55341 0.33474 0.11185 ( 1)  0.827 +-  0.896
 500 L   0.55248 0.33492 0.11259 ( 1)  0.831 +-  0.904
 501 R   0.55271 0.33489 0.11241 ( 1)  0.830 +-  0.902
 502 N   0.55699 0.33401 0.10900 ( 1)  0.815 +-  0.866
 503 P   0.55507 0.33440 0.11052 ( 1)  0.822 +-  0.882
 504 K   0.55540 0.33434 0.11025 ( 1)  0.821 +-  0.879
 505 P   0.55507 0.33440 0.11052 ( 1)  0.822 +-  0.882
 506 W   0.55142 0.33512 0.11346 ( 1)  0.834 +-  0.914
 507 S   0.55331 0.33477 0.11191 ( 1)  0.828 +-  0.897
 508 K   0.55582 0.33425 0.10992 ( 1)  0.819 +-  0.876
 509 L   0.55248 0.33492 0.11259 ( 1)  0.831 +-  0.904
 510 K   0.55582 0.33425 0.10992 ( 1)  0.819 +-  0.876
 511 S   0.55624 0.33417 0.10959 ( 1)  0.818 +-  0.872
 512 G   0.55510 0.33442 0.11048 ( 1)  0.822 +-  0.881
 513 R   0.55383 0.33467 0.11150 ( 1)  0.826 +-  0.892
 514 E   0.55581 0.33426 0.10993 ( 1)  0.819 +-  0.876
 515 T   0.55680 0.33403 0.10916 ( 1)  0.816 +-  0.868
 516 F   0.55379 0.33468 0.11153 ( 1)  0.826 +-  0.893
 517 R   0.55328 0.33478 0.11194 ( 1)  0.828 +-  0.897
 518 R   0.55271 0.33489 0.11241 ( 1)  0.830 +-  0.902
 519 M   0.55858 0.33368 0.10775 ( 1)  0.810 +-  0.852
 520 W   0.55142 0.33512 0.11346 ( 1)  0.834 +-  0.914
 521 K   0.55582 0.33425 0.10992 ( 1)  0.819 +-  0.876
 522 W   0.55142 0.33512 0.11346 ( 1)  0.834 +-  0.914
 523 L   0.55341 0.33474 0.11185 ( 1)  0.827 +-  0.896
 524 Q   0.55352 0.33472 0.11175 ( 1)  0.827 +-  0.895
 525 T   0.55680 0.33403 0.10916 ( 1)  0.816 +-  0.868
 526 P   0.55348 0.33473 0.11179 ( 1)  0.827 +-  0.896
 527 V   0.55581 0.33426 0.10993 ( 1)  0.819 +-  0.875
 528 E   0.55539 0.33435 0.11026 ( 1)  0.821 +-  0.879
 529 D   0.55698 0.33401 0.10901 ( 1)  0.816 +-  0.866
 530 R   0.55464 0.33452 0.11085 ( 1)  0.823 +-  0.885
 531 M   0.55858 0.33368 0.10775 ( 1)  0.810 +-  0.852
 532 S   0.55624 0.33417 0.10959 ( 1)  0.818 +-  0.872
 533 S   0.55465 0.33450 0.11085 ( 1)  0.823 +-  0.886
 534 L   0.55341 0.33474 0.11185 ( 1)  0.827 +-  0.896
 535 H   0.55407 0.33462 0.11131 ( 1)  0.825 +-  0.890
 536 S   0.55465 0.33450 0.11085 ( 1)  0.823 +-  0.886
 537 A   0.55385 0.33466 0.11149 ( 1)  0.826 +-  0.893
 538 S   0.55624 0.33417 0.10959 ( 1)  0.818 +-  0.872
 539 L   0.55248 0.33492 0.11259 ( 1)  0.831 +-  0.904
 540 K   0.55582 0.33425 0.10992 ( 1)  0.819 +-  0.876
 541 R   0.55271 0.33489 0.11241 ( 1)  0.830 +-  0.902
 542 S   0.55331 0.33477 0.11191 ( 1)  0.828 +-  0.897
 543 F   0.55379 0.33468 0.11153 ( 1)  0.826 +-  0.893
 544 D   0.55440 0.33456 0.11105 ( 1)  0.824 +-  0.887
 545 T   0.55680 0.33403 0.10916 ( 1)  0.816 +-  0.868
 546 A   0.55680 0.33404 0.10916 ( 1)  0.816 +-  0.868
 547 D   0.55440 0.33456 0.11105 ( 1)  0.824 +-  0.887
 548 S   0.55624 0.33417 0.10959 ( 1)  0.818 +-  0.872
 549 G   0.55510 0.33442 0.11048 ( 1)  0.822 +-  0.881
 550 D   0.55440 0.33456 0.11105 ( 1)  0.824 +-  0.887
 551 C   0.55225 0.33497 0.11277 ( 1)  0.831 +-  0.906
 552 N   0.55442 0.33455 0.11103 ( 1)  0.824 +-  0.887
 553 G   0.55273 0.33488 0.11239 ( 1)  0.830 +-  0.902
 554 P   0.55623 0.33416 0.10961 ( 1)  0.818 +-  0.873
 555 L   0.55341 0.33474 0.11185 ( 1)  0.827 +-  0.896
 556 S   0.55624 0.33417 0.10959 ( 1)  0.818 +-  0.872
 557 Q   0.55326 0.33478 0.11196 ( 1)  0.828 +-  0.898
 558 A   0.55385 0.33466 0.11149 ( 1)  0.826 +-  0.893
 559 Q   0.55326 0.33478 0.11196 ( 1)  0.828 +-  0.898
 560 Q   0.55326 0.33478 0.11196 ( 1)  0.828 +-  0.898
 561 Q   0.55326 0.33478 0.11196 ( 1)  0.828 +-  0.898
 562 Q   0.55326 0.33478 0.11196 ( 1)  0.828 +-  0.898
 563 Q   0.55326 0.33478 0.11196 ( 1)  0.828 +-  0.898
 564 P   0.55555 0.33430 0.11014 ( 1)  0.820 +-  0.878
 565 K   0.55540 0.33434 0.11025 ( 1)  0.821 +-  0.879
 566 L   0.55341 0.33474 0.11185 ( 1)  0.827 +-  0.896
 567 P   0.55555 0.33430 0.11014 ( 1)  0.820 +-  0.878
 568 P   0.55623 0.33416 0.10961 ( 1)  0.818 +-  0.873
 569 T   0.55385 0.33466 0.11149 ( 1)  0.826 +-  0.893
 570 R   0.55464 0.33452 0.11085 ( 1)  0.823 +-  0.885
 571 S   0.55347 0.33474 0.11179 ( 1)  0.827 +-  0.896
 572 V   0.55531 0.33437 0.11032 ( 1)  0.821 +-  0.880
 573 L   0.55344 0.33474 0.11182 ( 1)  0.827 +-  0.896
 574 Q   0.55326 0.33478 0.11196 ( 1)  0.828 +-  0.898
 575 P   0.55507 0.33440 0.11052 ( 1)  0.822 +-  0.882
 576 Q   0.55326 0.33478 0.11196 ( 1)  0.828 +-  0.898
 577 S   0.55465 0.33450 0.11085 ( 1)  0.823 +-  0.886
 578 Q   0.55326 0.33478 0.11196 ( 1)  0.828 +-  0.898
 579 S   0.55624 0.33417 0.10959 ( 1)  0.818 +-  0.872
 580 S   0.55491 0.33444 0.11065 ( 1)  0.822 +-  0.883
 581 A   0.55556 0.33430 0.11013 ( 1)  0.820 +-  0.878
 582 P   0.55555 0.33430 0.11014 ( 1)  0.820 +-  0.878
 583 A   0.55680 0.33404 0.10916 ( 1)  0.816 +-  0.868
 584 P   0.55555 0.33430 0.11014 ( 1)  0.820 +-  0.878
 585 Q   0.55352 0.33472 0.11175 ( 1)  0.827 +-  0.895
 586 S   0.55465 0.33450 0.11085 ( 1)  0.823 +-  0.886
 587 S   0.55491 0.33444 0.11065 ( 1)  0.822 +-  0.883
 588 T   0.55680 0.33403 0.10916 ( 1)  0.816 +-  0.868
 589 R   0.55464 0.33452 0.11085 ( 1)  0.823 +-  0.885
 590 K   0.55540 0.33434 0.11025 ( 1)  0.821 +-  0.879
 591 P   0.55507 0.33440 0.11052 ( 1)  0.822 +-  0.882
 592 S   0.55624 0.33417 0.10959 ( 1)  0.818 +-  0.872
 593 E   0.55581 0.33426 0.10993 ( 1)  0.819 +-  0.876
 594 P   0.55507 0.33440 0.11052 ( 1)  0.822 +-  0.882
 595 N   0.55442 0.33455 0.11103 ( 1)  0.824 +-  0.887
 596 G   0.55273 0.33488 0.11239 ( 1)  0.830 +-  0.902
 597 T   0.55385 0.33466 0.11149 ( 1)  0.826 +-  0.893
 598 P   0.55507 0.33440 0.11052 ( 1)  0.822 +-  0.882
 599 A   0.55385 0.33466 0.11149 ( 1)  0.826 +-  0.893
 600 K   0.55540 0.33434 0.11025 ( 1)  0.821 +-  0.879
 601 K   0.55540 0.33434 0.11025 ( 1)  0.821 +-  0.879
 602 P   0.55348 0.33473 0.11179 ( 1)  0.827 +-  0.896
 603 R   0.55383 0.33467 0.11150 ( 1)  0.826 +-  0.892
 604 L   0.55341 0.33474 0.11185 ( 1)  0.827 +-  0.896
 605 V   0.55531 0.33437 0.11032 ( 1)  0.821 +-  0.880
 606 F   0.55379 0.33468 0.11153 ( 1)  0.826 +-  0.893
 607 T   0.55556 0.33430 0.11013 ( 1)  0.820 +-  0.878
 608 D   0.55440 0.33456 0.11105 ( 1)  0.824 +-  0.887
 609 I   0.55415 0.33461 0.11124 ( 1)  0.825 +-  0.890
 610 Q   0.55326 0.33478 0.11196 ( 1)  0.828 +-  0.898
 611 R   0.55271 0.33489 0.11241 ( 1)  0.830 +-  0.902
 612 R   0.55383 0.33467 0.11150 ( 1)  0.826 +-  0.892
 613 T   0.55608 0.33419 0.10973 ( 1)  0.819 +-  0.874
 614 L   0.55344 0.33474 0.11182 ( 1)  0.827 +-  0.896
 615 N   0.55442 0.33455 0.11103 ( 1)  0.824 +-  0.887
 616 A   0.55556 0.33430 0.11013 ( 1)  0.820 +-  0.878
 617 I   0.55805 0.33378 0.10816 ( 1)  0.812 +-  0.857
 618 F   0.55379 0.33468 0.11153 ( 1)  0.826 +-  0.893
 619 N   0.55442 0.33455 0.11103 ( 1)  0.824 +-  0.887
 620 E   0.55581 0.33426 0.10993 ( 1)  0.819 +-  0.876
 621 T   0.55680 0.33403 0.10916 ( 1)  0.816 +-  0.868
 622 S   0.55331 0.33477 0.11191 ( 1)  0.828 +-  0.897
 623 R   0.55442 0.33456 0.11102 ( 1)  0.824 +-  0.887
 624 P   0.55623 0.33416 0.10961 ( 1)  0.818 +-  0.873
 625 S   0.55572 0.33430 0.10998 ( 1)  0.819 +-  0.876
 626 K   0.55582 0.33425 0.10992 ( 1)  0.819 +-  0.876
 627 E   0.55539 0.33435 0.11026 ( 1)  0.821 +-  0.879
 628 M   0.55858 0.33368 0.10775 ( 1)  0.810 +-  0.852
 629 Q   0.55352 0.33472 0.11175 ( 1)  0.827 +-  0.895
 630 S   0.55465 0.33450 0.11085 ( 1)  0.823 +-  0.886
 631 I   0.55415 0.33461 0.11124 ( 1)  0.825 +-  0.890
 632 I   0.55805 0.33378 0.10816 ( 1)  0.812 +-  0.857
 633 A   0.55680 0.33404 0.10916 ( 1)  0.816 +-  0.868
 634 E   0.55525 0.33423 0.11052 ( 1)  0.822 +-  0.885
 635 Q   0.55326 0.33478 0.11196 ( 1)  0.828 +-  0.898
 636 L   0.55341 0.33474 0.11185 ( 1)  0.827 +-  0.896
 637 G   0.55510 0.33442 0.11048 ( 1)  0.822 +-  0.881
 638 L   0.55341 0.33474 0.11185 ( 1)  0.827 +-  0.896
 639 E   0.55581 0.33426 0.10993 ( 1)  0.819 +-  0.876
 640 L   0.55344 0.33474 0.11182 ( 1)  0.827 +-  0.896
 641 S   0.55347 0.33474 0.11179 ( 1)  0.827 +-  0.896
 642 T   0.55608 0.33419 0.10973 ( 1)  0.819 +-  0.874
 643 V   0.55365 0.33470 0.11165 ( 1)  0.827 +-  0.894
 644 C   0.55225 0.33497 0.11277 ( 1)  0.831 +-  0.906
 645 N   0.55699 0.33401 0.10900 ( 1)  0.815 +-  0.866
 646 Y   0.55297 0.33483 0.11220 ( 1)  0.829 +-  0.900
 647 F   0.55379 0.33468 0.11153 ( 1)  0.826 +-  0.893
 648 M   0.55858 0.33368 0.10775 ( 1)  0.810 +-  0.852
 649 N   0.55442 0.33455 0.11103 ( 1)  0.824 +-  0.887
 650 A   0.55556 0.33430 0.11013 ( 1)  0.820 +-  0.878
 651 R   0.55507 0.33443 0.11050 ( 1)  0.822 +-  0.881
 652 R   0.55383 0.33467 0.11150 ( 1)  0.826 +-  0.892
 653 R   0.55442 0.33456 0.11102 ( 1)  0.824 +-  0.887
 654 S   0.55465 0.33450 0.11085 ( 1)  0.823 +-  0.886
 655 L   0.55254 0.33491 0.11255 ( 1)  0.830 +-  0.904
 656 E   0.55539 0.33435 0.11026 ( 1)  0.821 +-  0.879
 657 K   0.55582 0.33425 0.10992 ( 1)  0.819 +-  0.876
 658 W   0.55142 0.33512 0.11346 ( 1)  0.834 +-  0.914
 659 Q   0.55352 0.33472 0.11175 ( 1)  0.827 +-  0.895
 660 E   0.55581 0.33426 0.10993 ( 1)  0.819 +-  0.876
 661 D   0.55440 0.33456 0.11105 ( 1)  0.824 +-  0.887
 662 S   0.55347 0.33474 0.11179 ( 1)  0.827 +-  0.896
 663 S   0.55331 0.33477 0.11191 ( 1)  0.828 +-  0.897
 664 D   0.55532 0.33421 0.11047 ( 1)  0.822 +-  0.885
 665 S   0.55465 0.33450 0.11085 ( 1)  0.823 +-  0.886
 666 S   0.55491 0.33444 0.11065 ( 1)  0.822 +-  0.883
 667 T   0.55385 0.33466 0.11149 ( 1)  0.826 +-  0.893
 668 E   0.55539 0.33435 0.11026 ( 1)  0.821 +-  0.879
 669 Q   0.55352 0.33472 0.11175 ( 1)  0.827 +-  0.895
 670 R   0.55328 0.33478 0.11194 ( 1)  0.828 +-  0.897
 671 Q   0.55326 0.33478 0.11196 ( 1)  0.828 +-  0.898
 672 R   0.55507 0.33443 0.11050 ( 1)  0.822 +-  0.881
 673 R   0.55404 0.33455 0.11141 ( 1)  0.826 +-  0.895
 674 C   0.55427 0.33459 0.11114 ( 1)  0.824 +-  0.888
 675 Q   0.55352 0.33472 0.11175 ( 1)  0.827 +-  0.895
 676 T   0.55680 0.33403 0.10916 ( 1)  0.816 +-  0.868
 677 V   0.55651 0.33411 0.10938 ( 1)  0.817 +-  0.870
 678 A   0.55385 0.33466 0.11149 ( 1)  0.826 +-  0.893
 679 D   0.55440 0.33456 0.11105 ( 1)  0.824 +-  0.887
 680 E   0.55525 0.33423 0.11052 ( 1)  0.822 +-  0.885
 681 F   0.55634 0.33416 0.10949 ( 1)  0.817 +-  0.871
 682 A   0.55385 0.33466 0.11149 ( 1)  0.826 +-  0.893
 683 D   0.55698 0.33401 0.10901 ( 1)  0.816 +-  0.866
 684 F   0.55379 0.33468 0.11153 ( 1)  0.826 +-  0.893
 685 D   0.55698 0.33401 0.10901 ( 1)  0.816 +-  0.866
 686 P   0.55507 0.33440 0.11052 ( 1)  0.822 +-  0.882
 687 T   0.55608 0.33419 0.10973 ( 1)  0.819 +-  0.874
 688 L   0.55248 0.33492 0.11259 ( 1)  0.831 +-  0.904
 689 S   0.55491 0.33444 0.11065 ( 1)  0.822 +-  0.883
 690 A   0.55680 0.33404 0.10916 ( 1)  0.816 +-  0.868
 691 V   0.55651 0.33411 0.10938 ( 1)  0.817 +-  0.870
 692 D   0.55440 0.33456 0.11105 ( 1)  0.824 +-  0.887
 693 E   0.55539 0.33435 0.11026 ( 1)  0.821 +-  0.879
 694 S   0.55465 0.33450 0.11085 ( 1)  0.823 +-  0.886
 695 E   0.55539 0.33435 0.11026 ( 1)  0.821 +-  0.879
 696 D   0.55698 0.33401 0.10901 ( 1)  0.816 +-  0.866
 697 E   0.55581 0.33426 0.10993 ( 1)  0.819 +-  0.876
 698 Q   0.55326 0.33478 0.11196 ( 1)  0.828 +-  0.898
 699 T   0.55680 0.33403 0.10916 ( 1)  0.816 +-  0.868
 700 D   0.55440 0.33456 0.11105 ( 1)  0.824 +-  0.887
 701 A   0.55680 0.33404 0.10916 ( 1)  0.816 +-  0.868
 702 N   0.55699 0.33401 0.10900 ( 1)  0.815 +-  0.866
 703 P   0.55623 0.33416 0.10961 ( 1)  0.818 +-  0.873
 704 A   0.55385 0.33466 0.11149 ( 1)  0.826 +-  0.893
 705 A   0.55680 0.33404 0.10916 ( 1)  0.816 +-  0.868
 706 D   0.55698 0.33401 0.10901 ( 1)  0.816 +-  0.866
 707 G   0.55433 0.33458 0.11110 ( 1)  0.824 +-  0.888
 708 A   0.55680 0.33404 0.10916 ( 1)  0.816 +-  0.868
 709 P   0.55555 0.33430 0.11014 ( 1)  0.820 +-  0.878
 710 V   0.55651 0.33411 0.10938 ( 1)  0.817 +-  0.870
 711 L   0.55248 0.33492 0.11259 ( 1)  0.831 +-  0.904
 712 D   0.55698 0.33401 0.10901 ( 1)  0.816 +-  0.866
 713 K   0.55582 0.33425 0.10992 ( 1)  0.819 +-  0.876
 714 I   0.55415 0.33461 0.11124 ( 1)  0.825 +-  0.890
 715 G   0.55510 0.33442 0.11048 ( 1)  0.822 +-  0.881
 716 L   0.55254 0.33491 0.11255 ( 1)  0.830 +-  0.904
 717 F   0.55379 0.33468 0.11153 ( 1)  0.826 +-  0.893
 718 V   0.55365 0.33470 0.11165 ( 1)  0.827 +-  0.894
 719 Q   0.55326 0.33478 0.11196 ( 1)  0.828 +-  0.898
 720 P   0.55507 0.33440 0.11052 ( 1)  0.822 +-  0.882
 721 L   0.55248 0.33492 0.11259 ( 1)  0.831 +-  0.904
 722 P   0.55507 0.33440 0.11052 ( 1)  0.822 +-  0.882
 723 P   0.55623 0.33416 0.10961 ( 1)  0.818 +-  0.873
 724 P   0.55507 0.33440 0.11052 ( 1)  0.822 +-  0.882
 725 P   0.55507 0.33440 0.11052 ( 1)  0.822 +-  0.882
 726 P   0.55555 0.33430 0.11014 ( 1)  0.820 +-  0.878
 727 L   0.55341 0.33474 0.11185 ( 1)  0.827 +-  0.896
 728 L   0.55248 0.33492 0.11259 ( 1)  0.831 +-  0.904
 729 N   0.55442 0.33455 0.11103 ( 1)  0.824 +-  0.887
 730 F   0.55634 0.33416 0.10949 ( 1)  0.817 +-  0.871
 731 S   0.55331 0.33477 0.11191 ( 1)  0.828 +-  0.897
 732 A   0.55680 0.33404 0.10916 ( 1)  0.816 +-  0.868
 733 Q   0.55352 0.33472 0.11175 ( 1)  0.827 +-  0.895
 734 Q   0.55352 0.33472 0.11175 ( 1)  0.827 +-  0.895
 735 Q   0.55326 0.33478 0.11196 ( 1)  0.828 +-  0.898
 736 H   0.55644 0.33413 0.10943 ( 1)  0.817 +-  0.870
 737 Q   0.55326 0.33478 0.11196 ( 1)  0.828 +-  0.898
 738 Q   0.55326 0.33478 0.11196 ( 1)  0.828 +-  0.898
 739 Y   0.55546 0.33433 0.11020 ( 1)  0.820 +-  0.878
 740 Q   0.55326 0.33478 0.11196 ( 1)  0.828 +-  0.898
 741 Q   0.55352 0.33472 0.11175 ( 1)  0.827 +-  0.895
 742 A   0.55385 0.33466 0.11149 ( 1)  0.826 +-  0.893
 743 S   0.55347 0.33474 0.11179 ( 1)  0.827 +-  0.896
 744 S   0.55572 0.33430 0.10998 ( 1)  0.819 +-  0.876
 745 S   0.55624 0.33417 0.10959 ( 1)  0.818 +-  0.872
 746 S   0.55465 0.33450 0.11085 ( 1)  0.823 +-  0.886
 747 S   0.55465 0.33450 0.11085 ( 1)  0.823 +-  0.886
 748 I   0.55805 0.33378 0.10816 ( 1)  0.812 +-  0.857
 749 S   0.55465 0.33450 0.11085 ( 1)  0.823 +-  0.886
 750 S   0.55624 0.33417 0.10959 ( 1)  0.818 +-  0.872
 751 G   0.55410 0.33462 0.11128 ( 1)  0.825 +-  0.890
 752 T   0.55608 0.33419 0.10973 ( 1)  0.819 +-  0.874
 753 F   0.55379 0.33468 0.11153 ( 1)  0.826 +-  0.893
 754 S   0.55491 0.33444 0.11065 ( 1)  0.822 +-  0.883
 755 V   0.55531 0.33437 0.11032 ( 1)  0.821 +-  0.880
 756 C   0.55225 0.33497 0.11277 ( 1)  0.831 +-  0.906
 757 S   0.55331 0.33477 0.11191 ( 1)  0.828 +-  0.897
 758 T   0.55385 0.33466 0.11149 ( 1)  0.826 +-  0.893
 759 G   0.55433 0.33458 0.11110 ( 1)  0.824 +-  0.888
 760 L   0.55248 0.33492 0.11259 ( 1)  0.831 +-  0.904

Positively selected sites

	Prob(w>1)  mean w


