Supplemental results for CODEML (seqf: algn  treef: tree)


dN/dS (w) for site classes (K=2)

p:   0.06723  0.93277
w:   0.00000  1.00000

Naive Empirical Bayes (NEB) probabilities for 2 classes & postmean_w
(amino acids refer to 1st sequence: ecd.11361)

   1 I   0.00000 1.00000 ( 2)  1.000
   2 K   0.00000 1.00000 ( 2)  1.000
   3 W   0.09855 0.90145 ( 2)  0.901
   4 K   0.00000 1.00000 ( 2)  1.000
   5 F   0.00000 1.00000 ( 2)  1.000
   6 L   0.10802 0.89198 ( 2)  0.892
   7 N   0.23618 0.76382 ( 2)  0.764
   8 H   0.00000 1.00000 ( 2)  1.000
   9 T   0.26452 0.73548 ( 2)  0.735
  10 T   0.20381 0.79619 ( 2)  0.796
  11 L   0.21055 0.78945 ( 2)  0.789
  12 Q   0.16912 0.83088 ( 2)  0.831
  13 L   0.00000 1.00000 ( 2)  1.000
  14 S   0.00000 1.00000 ( 2)  1.000
  15 W   0.09855 0.90145 ( 2)  0.901
  16 N   0.00000 1.00000 ( 2)  1.000
  17 E   0.00000 1.00000 ( 2)  1.000
  18 T   0.00000 1.00000 ( 2)  1.000
  19 D   0.00000 1.00000 ( 2)  1.000
  20 L   0.00000 1.00000 ( 2)  1.000
  21 A   0.00000 1.00000 ( 2)  1.000
  22 N   0.00000 1.00000 ( 2)  1.000
  23 I   0.00000 1.00000 ( 2)  1.000
  24 Q   0.00000 1.00000 ( 2)  1.000
  25 V   0.21799 0.78201 ( 2)  0.782
  26 R   0.00000 1.00000 ( 2)  1.000
  27 R   0.00000 1.00000 ( 2)  1.000
  28 I   0.27022 0.72978 ( 2)  0.730
  29 E   0.21898 0.78102 ( 2)  0.781
  30 A   0.21029 0.78971 ( 2)  0.790
  31 T   0.00000 1.00000 ( 2)  1.000
  32 V   0.00000 1.00000 ( 2)  1.000
  33 A   0.00000 1.00000 ( 2)  1.000
  34 P   0.00000 1.00000 ( 2)  1.000
  35 I   0.27022 0.72978 ( 2)  0.730
  36 N   0.00000 1.00000 ( 2)  1.000
  37 G   0.00000 1.00000 ( 2)  1.000
  38 L   0.00000 1.00000 ( 2)  1.000
  39 G   0.17327 0.82673 ( 2)  0.827
  40 D   0.00000 1.00000 ( 2)  1.000
  41 T   0.00000 1.00000 ( 2)  1.000
  42 T   0.00000 1.00000 ( 2)  1.000
  43 H   0.00000 1.00000 ( 2)  1.000
  44 E   0.00000 1.00000 ( 2)  1.000
  45 V   0.00000 1.00000 ( 2)  1.000
  46 A   0.16753 0.83247 ( 2)  0.832
  47 E   0.00000 1.00000 ( 2)  1.000
  48 V   0.17031 0.82969 ( 2)  0.830
  49 E   0.00000 1.00000 ( 2)  1.000
  50 T   0.24276 0.75724 ( 2)  0.757
  51 E   0.00000 1.00000 ( 2)  1.000
  52 T   0.00000 1.00000 ( 2)  1.000
  53 I   0.00000 1.00000 ( 2)  1.000
  54 T   0.25605 0.74395 ( 2)  0.744
  55 F   0.00000 1.00000 ( 2)  1.000
  56 Y   0.20163 0.79837 ( 2)  0.798
  57 G   0.20502 0.79498 ( 2)  0.795
  58 L   0.12109 0.87891 ( 2)  0.879
  59 L   0.09728 0.90272 ( 2)  0.903
  60 S   0.00000 1.00000 ( 2)  1.000
  61 N   0.00000 1.00000 ( 2)  1.000
  62 T   0.17495 0.82505 ( 2)  0.825
  63 D   0.00000 1.00000 ( 2)  1.000
  64 Y   0.13726 0.86274 ( 2)  0.863
  65 K   0.00000 1.00000 ( 2)  1.000
  66 L   0.12109 0.87891 ( 2)  0.879
  67 T   0.00000 1.00000 ( 2)  1.000
  68 L   0.00000 1.00000 ( 2)  1.000
  69 Y   0.00000 1.00000 ( 2)  1.000
  70 A   0.24506 0.75494 ( 2)  0.755
  71 H   0.00000 1.00000 ( 2)  1.000
  72 G   0.00000 1.00000 ( 2)  1.000
  73 S   0.00000 1.00000 ( 2)  1.000
  74 K   0.00000 1.00000 ( 2)  1.000
  75 S   0.00000 1.00000 ( 2)  1.000
  76 S   0.00000 1.00000 ( 2)  1.000
  77 V   0.00000 1.00000 ( 2)  1.000
  78 L   0.00000 1.00000 ( 2)  1.000
  79 H   0.00000 1.00000 ( 2)  1.000
  80 R   0.00000 1.00000 ( 2)  1.000
  81 T   0.00000 1.00000 ( 2)  1.000
  82 I   0.00000 1.00000 ( 2)  1.000
  83 Y   0.13726 0.86274 ( 2)  0.863
  84 F   0.24733 0.75267 ( 2)  0.753
  85 T   0.25334 0.74666 ( 2)  0.747
  86 T   0.25334 0.74666 ( 2)  0.747


lnL =  -702.925779

