Supplemental results for CODEML (seqf: algn  treef: tree)


dN/dS (w) for site classes (K=8)

p:   0.12500  0.12500  0.12500  0.12500  0.12500  0.12500  0.12500  0.12500
w:   0.00021  0.01612  0.11463  0.36079  0.68109  0.90530  0.98769  0.99986

Naive Empirical Bayes (NEB) probabilities for 8 classes & postmean_w
(amino acids refer to 1st sequence: scw.15866)

   1 M   0.23022 0.22431 0.19104 0.12837 0.07712 0.05428 0.04777 0.04688 ( 1)  0.268
   2 R   0.24538 0.23800 0.19724 0.12423 0.06918 0.04643 0.04019 0.03935 ( 1)  0.240
   3 Q   0.20880 0.20452 0.18003 0.13142 0.08804 0.06692 0.06058 0.05970 ( 1)  0.311
   4 L   0.15515 0.15401 0.14713 0.13131 0.11337 0.10236 0.09861 0.09807 ( 1)  0.432
   5 Y   0.16336 0.16184 0.15277 0.13231 0.10984 0.09649 0.09201 0.09137 ( 1)  0.412
   6 D   0.22309 0.21773 0.18739 0.12941 0.08077 0.05848 0.05201 0.05112 ( 1)  0.282
   7 I   0.00000 0.00022 0.00978 0.07163 0.17326 0.23476 0.25385 0.25650 ( 8)  0.865
   8 T   0.23577 0.22916 0.19245 0.12580 0.07411 0.05199 0.04579 0.04494 ( 1)  0.259
   9 K   0.19845 0.19487 0.17424 0.13225 0.09318 0.07335 0.06726 0.06640 ( 1)  0.334
  10 K   0.25142 0.24320 0.19838 0.12114 0.06600 0.04414 0.03826 0.03746 ( 1)  0.231
  11 L   0.17892 0.17658 0.16280 0.13308 0.10270 0.08585 0.08042 0.07965 ( 1)  0.376
  12 S   0.15658 0.15538 0.14815 0.13156 0.11279 0.10131 0.09740 0.09683 ( 1)  0.429
  13 G   0.21847 0.21350 0.18527 0.13042 0.08320 0.06102 0.05451 0.05361 ( 1)  0.291
  14 N   0.20567 0.20162 0.17838 0.13182 0.08963 0.06879 0.06248 0.06160 ( 1)  0.318
  15 R   0.00010 0.00743 0.04881 0.12639 0.18553 0.20712 0.21201 0.21261 ( 8)  0.787
  16 R   0.17927 0.17692 0.16307 0.13317 0.10257 0.08558 0.08009 0.07931 ( 1)  0.375
  17 K   0.00022 0.01648 0.09603 0.18672 0.19487 0.17497 0.16603 0.16468 ( 5)  0.698
  18 P   0.00012 0.00911 0.05817 0.14055 0.18960 0.20030 0.20107 0.20107 ( 8)  0.768
  19 E   0.24875 0.24096 0.19819 0.12285 0.06741 0.04495 0.03885 0.03803 ( 1)  0.234
  20 R   0.18891 0.18598 0.16888 0.13301 0.09794 0.07929 0.07341 0.07258 ( 1)  0.354
  21 P   0.20644 0.20233 0.17875 0.13166 0.08922 0.06836 0.06206 0.06119 ( 1)  0.316
  22 V   0.16895 0.16714 0.15643 0.13269 0.10732 0.09263 0.08777 0.08707 ( 1)  0.399
  23 K   0.25142 0.24320 0.19838 0.12114 0.06600 0.04414 0.03826 0.03746 ( 1)  0.231
  24 S   0.21980 0.21473 0.18595 0.13021 0.08250 0.06025 0.05373 0.05283 ( 1)  0.288
  25 K   0.00012 0.00926 0.05900 0.14183 0.19000 0.19969 0.20007 0.20002 ( 7)  0.766
  26 E   0.24875 0.24096 0.19819 0.12285 0.06741 0.04495 0.03885 0.03803 ( 1)  0.234
  27 G   0.18964 0.18668 0.16942 0.13315 0.09763 0.07874 0.07279 0.07195 ( 1)  0.352
  28 E   0.00011 0.00857 0.05523 0.13643 0.18873 0.20240 0.20420 0.20434 ( 8)  0.773
  29 V   0.00000 0.00030 0.01263 0.08452 0.18337 0.23101 0.24330 0.24488 ( 8)  0.851
  30 I   0.21058 0.20612 0.18067 0.13078 0.08704 0.06606 0.05980 0.05894 ( 1)  0.308
  31 T   0.20127 0.19748 0.17571 0.13187 0.09174 0.07167 0.06555 0.06470 ( 1)  0.328
  32 N   0.23108 0.22497 0.19077 0.12735 0.07657 0.05426 0.04793 0.04706 ( 1)  0.267
  33 I   0.18064 0.17820 0.16384 0.13305 0.10187 0.08473 0.07922 0.07844 ( 1)  0.372
  34 E   0.00000 0.00039 0.01603 0.09839 0.19226 0.22642 0.23290 0.23362 ( 8)  0.837
  35 E   0.18934 0.18639 0.16916 0.13303 0.09773 0.07899 0.07309 0.07226 ( 1)  0.353
  36 Q   0.00014 0.01045 0.06550 0.15117 0.19229 0.19504 0.19292 0.19250 ( 6)  0.753
  37 Q   0.20880 0.20452 0.18003 0.13142 0.08804 0.06692 0.06058 0.05970 ( 1)  0.311
  38 N   0.23108 0.22497 0.19077 0.12735 0.07657 0.05426 0.04793 0.04706 ( 1)  0.267
  39 R   0.18609 0.18335 0.16728 0.13320 0.09933 0.08106 0.07525 0.07443 ( 1)  0.360
  40 W   0.14510 0.14439 0.14005 0.12977 0.11754 0.10968 0.10693 0.10653 ( 1)  0.457
  41 V   0.22377 0.21834 0.18769 0.12926 0.08042 0.05811 0.05165 0.05076 ( 1)  0.281
  42 E   0.24639 0.23883 0.19719 0.12344 0.06863 0.04620 0.04007 0.03924 ( 1)  0.238
  43 H   0.00013 0.00957 0.06080 0.14468 0.19094 0.19836 0.19785 0.19766 ( 6)  0.762
  44 L   0.14430 0.14362 0.13946 0.12961 0.11785 0.11028 0.10763 0.10724 ( 1)  0.459
  45 N   0.20712 0.20294 0.17903 0.13147 0.08886 0.06801 0.06173 0.06085 ( 1)  0.315
  46 R   0.00011 0.00829 0.05369 0.13403 0.18797 0.20353 0.20606 0.20632 ( 8)  0.777
  47 P   0.20644 0.20233 0.17875 0.13166 0.08922 0.06836 0.06206 0.06119 ( 1)  0.316
  48 A   0.17351 0.17147 0.15937 0.13290 0.10522 0.08951 0.08438 0.08364 ( 1)  0.389
  49 P   0.20644 0.20233 0.17875 0.13166 0.08922 0.06836 0.06206 0.06119 ( 1)  0.316
  50 V   0.00007 0.00570 0.03876 0.10913 0.17844 0.21468 0.22583 0.22739 ( 8)  0.810
  51 N   0.23108 0.22497 0.19077 0.12735 0.07657 0.05426 0.04793 0.04706 ( 1)  0.267
  52 P   0.20644 0.20233 0.17875 0.13166 0.08922 0.06836 0.06206 0.06119 ( 1)  0.316
  53 P   0.17976 0.17737 0.16329 0.13303 0.10229 0.08532 0.07986 0.07909 ( 1)  0.374
  54 N   0.00000 0.00029 0.01245 0.08394 0.18318 0.23125 0.24364 0.24524 ( 8)  0.852
  55 I   0.20810 0.20387 0.17962 0.13145 0.08838 0.06736 0.06105 0.06017 ( 1)  0.313
  56 E   0.00022 0.01663 0.09720 0.18958 0.19624 0.17384 0.16389 0.16240 ( 5)  0.695
  57 A   0.21780 0.21284 0.18471 0.13023 0.08349 0.06157 0.05513 0.05424 ( 1)  0.293
  58 A   0.22995 0.22398 0.19047 0.12787 0.07720 0.05474 0.04834 0.04746 ( 1)  0.269
  59 P   0.00010 0.00761 0.04982 0.12790 0.18594 0.20638 0.21085 0.21139 ( 8)  0.785
  60 T   0.17494 0.17279 0.16016 0.13277 0.10449 0.08863 0.08348 0.08274 ( 1)  0.386
  61 D   0.00017 0.01246 0.07621 0.16557 0.19496 0.18756 0.18199 0.18108 ( 5)  0.732
  62 L   0.17892 0.17658 0.16280 0.13308 0.10270 0.08585 0.08042 0.07965 ( 1)  0.376
  63 P   0.00000 0.00021 0.00952 0.07023 0.17202 0.23516 0.25504 0.25782 ( 8)  0.866
  64 I   0.20810 0.20387 0.17962 0.13145 0.08838 0.06736 0.06105 0.06017 ( 1)  0.313
  65 N   0.00017 0.01290 0.07829 0.16728 0.19438 0.18634 0.18076 0.17987 ( 5)  0.729
  66 V   0.16834 0.16657 0.15603 0.13265 0.10759 0.09305 0.08823 0.08755 ( 1)  0.401
  67 G   0.18964 0.18668 0.16942 0.13315 0.09763 0.07874 0.07279 0.07195 ( 1)  0.352
  68 P   0.20644 0.20233 0.17875 0.13166 0.08922 0.06836 0.06206 0.06119 ( 1)  0.316
  69 P   0.20644 0.20233 0.17875 0.13166 0.08922 0.06836 0.06206 0.06119 ( 1)  0.316
  70 T   0.23149 0.22526 0.19053 0.12674 0.07631 0.05433 0.04810 0.04725 ( 1)  0.267
  71 I   0.00010 0.00754 0.04945 0.12742 0.18588 0.20665 0.21121 0.21176 ( 8)  0.786
  72 E   0.24875 0.24096 0.19819 0.12285 0.06741 0.04495 0.03885 0.03803 ( 1)  0.234
  73 E   0.00022 0.01663 0.09720 0.18958 0.19624 0.17384 0.16389 0.16240 ( 5)  0.695
  74 I   0.20738 0.20317 0.17907 0.13130 0.08869 0.06792 0.06167 0.06080 ( 1)  0.315
  75 S   0.00016 0.01211 0.07445 0.16360 0.19494 0.18872 0.18345 0.18258 ( 5)  0.735
  76 M   0.23022 0.22431 0.19104 0.12837 0.07712 0.05428 0.04777 0.04688 ( 1)  0.268
  77 A   0.19650 0.19308 0.17328 0.13261 0.09421 0.07446 0.06836 0.06750 ( 1)  0.337
  78 I   0.20810 0.20387 0.17962 0.13145 0.08838 0.06736 0.06105 0.06017 ( 1)  0.313
  79 R   0.00021 0.01563 0.09240 0.18487 0.19661 0.17679 0.16746 0.16604 ( 5)  0.703
  80 Q   0.20880 0.20452 0.18003 0.13142 0.08804 0.06692 0.06058 0.05970 ( 1)  0.311
  81 I   0.20810 0.20387 0.17962 0.13145 0.08838 0.06736 0.06105 0.06017 ( 1)  0.313
  82 K   0.19685 0.19339 0.17336 0.13241 0.09399 0.07433 0.06826 0.06741 ( 1)  0.337
  83 S   0.19123 0.18818 0.17040 0.13314 0.09687 0.07769 0.07167 0.07082 ( 1)  0.349
  84 G   0.18964 0.18668 0.16942 0.13315 0.09763 0.07874 0.07279 0.07195 ( 1)  0.352
  85 K   0.00023 0.01684 0.09787 0.18891 0.19508 0.17376 0.16436 0.16295 ( 5)  0.695
  86 A   0.22995 0.22398 0.19047 0.12787 0.07720 0.05474 0.04834 0.04746 ( 1)  0.269
  87 A   0.00000 0.00030 0.01281 0.08534 0.18395 0.23075 0.24266 0.24419 ( 8)  0.850
  88 G   0.21740 0.21251 0.18472 0.13057 0.08374 0.06166 0.05515 0.05425 ( 1)  0.293
  89 S   0.00000 0.00021 0.00951 0.07018 0.17199 0.23517 0.25508 0.25786 ( 8)  0.866
  90 D   0.22309 0.21773 0.18739 0.12941 0.08077 0.05848 0.05201 0.05112 ( 1)  0.282
  91 N   0.23020 0.22416 0.19031 0.12745 0.07701 0.05479 0.04847 0.04760 ( 1)  0.269
  92 I   0.18064 0.17820 0.16384 0.13305 0.10187 0.08473 0.07922 0.07844 ( 1)  0.372
  93 P   0.00013 0.01010 0.06362 0.14848 0.19163 0.19639 0.19498 0.19467 ( 6)  0.757
  94 N   0.00011 0.00847 0.05471 0.13575 0.18864 0.20276 0.20469 0.20486 ( 8)  0.774
  95 Q   0.00007 0.00535 0.03747 0.11017 0.18173 0.21525 0.22438 0.22559 ( 8)  0.810
  96 L   0.00007 0.00503 0.03462 0.10092 0.17383 0.21782 0.23278 0.23494 ( 8)  0.821
  97 N   0.00000 0.00008 0.00434 0.04312 0.14559 0.24152 0.27980 0.28555 ( 8)  0.896
  98 G   0.00000 0.00017 0.00784 0.06209 0.16507 0.23740 0.26196 0.26546 ( 8)  0.875
  99 I   0.00010 0.00730 0.04804 0.12494 0.18483 0.20772 0.21319 0.21389 ( 8)  0.789
 100 H   0.00000 0.00016 0.00758 0.06055 0.16333 0.23767 0.26349 0.26721 ( 8)  0.877
 101 H   0.00012 0.00924 0.05879 0.14117 0.18953 0.19991 0.20063 0.20062 ( 7)  0.767
 102 S   0.00000 0.00011 0.00555 0.04898 0.15049 0.23983 0.27489 0.28015 ( 8)  0.890
 103 T   0.22366 0.21818 0.18733 0.12888 0.08041 0.05838 0.05201 0.05114 ( 1)  0.282
 104 S   0.00011 0.00825 0.05348 0.13385 0.18806 0.20366 0.20617 0.20642 ( 8)  0.777
 105 T   0.00000 0.00010 0.00505 0.04653 0.14831 0.24048 0.27702 0.28251 ( 8)  0.892
 106 S   0.00010 0.00761 0.04973 0.12739 0.18537 0.20648 0.21136 0.21197 ( 8)  0.786
 107 L   0.12799 0.12726 0.12344 0.11859 0.12034 0.12561 0.12818 0.12859 ( 8)  0.510
 108 T   0.00000 0.00015 0.00699 0.05724 0.15976 0.23834 0.26669 0.27083 ( 8)  0.880
 109 T   0.00010 0.00723 0.04761 0.12418 0.18447 0.20804 0.21382 0.21456 ( 8)  0.790
 110 K   0.00020 0.01476 0.08786 0.17906 0.19582 0.17991 0.17182 0.17057 ( 5)  0.711
 111 K   0.00000 0.00000 0.00050 0.01574 0.10531 0.24277 0.31224 0.32344 ( 8)  0.929
 112 H   0.00000 0.00015 0.00688 0.05635 0.15833 0.23834 0.26781 0.27214 ( 8)  0.881
 113 L   0.00007 0.00525 0.03608 0.10427 0.17616 0.21670 0.22980 0.23166 ( 8)  0.817


lnL =  -965.763994

