Supplemental results for CODEML (seqf: algn  treef: tree)


dN/dS (w) for site classes (K=2)

p:   0.91512  0.08488
w:   0.00000  1.00000

Naive Empirical Bayes (NEB) probabilities for 2 classes & postmean_w
(amino acids refer to 1st sequence: Msl.13922)

   1 R   0.92518 0.07482 ( 1)  0.075
   2 M   0.92683 0.07317 ( 1)  0.073
   3 A   0.91690 0.08310 ( 1)  0.083
   4 T   0.91843 0.08157 ( 1)  0.082
   5 A   0.92704 0.07296 ( 1)  0.073
   6 S   0.91684 0.08316 ( 1)  0.083
   7 L   0.91998 0.08002 ( 1)  0.080
   8 A   0.91690 0.08310 ( 1)  0.083
   9 T   0.92791 0.07209 ( 1)  0.072
  10 S   0.92716 0.07284 ( 1)  0.073
  11 L   0.91666 0.08334 ( 1)  0.083
  12 T   0.92836 0.07164 ( 1)  0.072
  13 S   0.92782 0.07218 ( 1)  0.072
  14 V   0.92819 0.07181 ( 1)  0.072
  15 V   0.91856 0.08144 ( 1)  0.081
  16 A   0.92746 0.07254 ( 1)  0.073
  17 M   0.92683 0.07317 ( 1)  0.073
  18 A   0.92704 0.07296 ( 1)  0.073
  19 T   0.91699 0.08301 ( 1)  0.083
  20 P   0.92702 0.07298 ( 1)  0.073
  21 G   0.92565 0.07435 ( 1)  0.074
  22 G   0.92565 0.07435 ( 1)  0.074
  23 S   0.92465 0.07535 ( 1)  0.075
  24 N   0.91771 0.08229 ( 1)  0.082
  25 A   0.92704 0.07296 ( 1)  0.073
  26 E   0.92585 0.07415 ( 1)  0.074
  27 S   0.91828 0.08172 ( 1)  0.082
  28 A   0.91690 0.08310 ( 1)  0.083
  29 E   0.92585 0.07415 ( 1)  0.074
  30 R   0.92460 0.07540 ( 1)  0.075
  31 L   0.92562 0.07438 ( 1)  0.074
  32 L   0.91666 0.08334 ( 1)  0.083
  33 A   0.92746 0.07254 ( 1)  0.073
  34 K   0.91671 0.08329 ( 1)  0.083
  35 L   0.92562 0.07438 ( 1)  0.074
  36 S   0.92465 0.07535 ( 1)  0.075
  37 L   0.92562 0.07438 ( 1)  0.074
  38 E   0.92585 0.07415 ( 1)  0.074
  39 T   0.91843 0.08157 ( 1)  0.082
  40 P   0.92702 0.07298 ( 1)  0.073
  41 E   0.92585 0.07415 ( 1)  0.074
  42 Q   0.92386 0.07614 ( 1)  0.076
  43 P   0.92702 0.07298 ( 1)  0.073
  44 D   0.91857 0.08143 ( 1)  0.081
  45 S   0.91766 0.08234 ( 1)  0.082
  46 S   0.92782 0.07218 ( 1)  0.072
  47 T   0.91843 0.08157 ( 1)  0.082
  48 A   0.91690 0.08310 ( 1)  0.083
  49 A   0.91690 0.08310 ( 1)  0.083
  50 P   0.91683 0.08317 ( 1)  0.083
  51 P   0.92178 0.07822 ( 1)  0.078
  52 S   0.00001 0.99999 ( 2)  1.000
  53 V   0.92399 0.07601 ( 1)  0.076
  54 P   0.00001 0.99999 ( 2)  1.000
  55 T   0.00001 0.99999 ( 2)  1.000
  56 D   0.92634 0.07366 ( 1)  0.074
  57 A   0.92746 0.07254 ( 1)  0.073
  58 D   0.91857 0.08143 ( 1)  0.081
  59 S   0.92716 0.07284 ( 1)  0.073
  60 V   0.91856 0.08144 ( 1)  0.081
  61 P   0.91814 0.08186 ( 1)  0.082
  62 T   0.92791 0.07209 ( 1)  0.072
  63 D   0.92634 0.07366 ( 1)  0.074
  64 A   0.92746 0.07254 ( 1)  0.073
  65 D   0.91857 0.08143 ( 1)  0.081
  66 L   0.91998 0.08002 ( 1)  0.080
  67 V   0.91856 0.08144 ( 1)  0.081
  68 P   0.91814 0.08186 ( 1)  0.082
  69 T   0.92791 0.07209 ( 1)  0.072
  70 D   0.92634 0.07366 ( 1)  0.074
  71 A   0.92746 0.07254 ( 1)  0.073
  72 A   0.91827 0.08173 ( 1)  0.082
  73 V   0.92819 0.07181 ( 1)  0.072
  74 P   0.92662 0.07338 ( 1)  0.073
  75 L   0.92803 0.07197 ( 1)  0.072
  76 D   0.91857 0.08143 ( 1)  0.081
  77 L   0.92803 0.07197 ( 1)  0.072
  78 Y   0.92416 0.07584 ( 1)  0.076
  79 L   0.92562 0.07438 ( 1)  0.074
  80 E   0.91753 0.08247 ( 1)  0.082
  81 S   0.91828 0.08172 ( 1)  0.082
  82 D   0.92634 0.07366 ( 1)  0.074
  83 E   0.92585 0.07415 ( 1)  0.074
  84 S   0.92782 0.07218 ( 1)  0.072
  85 G   0.92565 0.07435 ( 1)  0.074
  86 R   0.92518 0.07482 ( 1)  0.075
  87 A   0.92746 0.07254 ( 1)  0.073
  88 L   0.92562 0.07438 ( 1)  0.074
  89 T   0.91843 0.08157 ( 1)  0.082
  90 L   0.92562 0.07438 ( 1)  0.074
  91 Q   0.92386 0.07614 ( 1)  0.076
  92 S   0.92782 0.07218 ( 1)  0.072
  93 K   0.91671 0.08329 ( 1)  0.083
  94 A   0.92704 0.07296 ( 1)  0.073
  95 A   0.92704 0.07296 ( 1)  0.073
  96 L   0.91666 0.08334 ( 1)  0.083
  97 L   0.92562 0.07438 ( 1)  0.074
  98 M   0.92683 0.07317 ( 1)  0.073
  99 A   0.92704 0.07296 ( 1)  0.073
 100 L   0.92562 0.07438 ( 1)  0.074
 101 Y   0.92416 0.07584 ( 1)  0.076
 102 P   0.92662 0.07338 ( 1)  0.073
 103 E   0.92585 0.07415 ( 1)  0.074
 104 P   0.92702 0.07298 ( 1)  0.073
 105 R   0.92460 0.07540 ( 1)  0.075
 106 P   0.92702 0.07298 ( 1)  0.073
 107 C   0.92426 0.07574 ( 1)  0.076
 108 R   0.91624 0.08376 ( 1)  0.084
 109 V   0.92864 0.07136 ( 1)  0.071
 110 H   0.92583 0.07417 ( 1)  0.074
 111 L   0.92562 0.07438 ( 1)  0.074
 112 T   0.91843 0.08157 ( 1)  0.082
 113 G   0.92565 0.07435 ( 1)  0.074
 114 G   0.92565 0.07435 ( 1)  0.074
 115 S   0.91828 0.08172 ( 1)  0.082
 116 A   0.91827 0.08173 ( 1)  0.082
 117 D   0.91857 0.08143 ( 1)  0.081
 118 E   0.92585 0.07415 ( 1)  0.074
 119 A   0.91827 0.08173 ( 1)  0.082
 120 E   0.92585 0.07415 ( 1)  0.074
 121 E   0.92585 0.07415 ( 1)  0.074
 122 K   0.92426 0.07574 ( 1)  0.076
 123 L   0.92562 0.07438 ( 1)  0.074
 124 A   0.91827 0.08173 ( 1)  0.082
 125 G   0.92565 0.07435 ( 1)  0.074
 126 E   0.91753 0.08247 ( 1)  0.082
 127 V   0.92864 0.07136 ( 1)  0.071
 128 V   0.92819 0.07181 ( 1)  0.072
 129 L   0.92803 0.07197 ( 1)  0.072
 130 V   0.92864 0.07136 ( 1)  0.071
 131 H   0.92583 0.07417 ( 1)  0.074
 132 G   0.92565 0.07435 ( 1)  0.074
 133 G   0.00001 0.99999 ( 2)  1.000
 134 A   0.92746 0.07254 ( 1)  0.073
 135 R   0.92518 0.07482 ( 1)  0.075
 136 N   0.92479 0.07521 ( 1)  0.075
 137 P   0.92702 0.07298 ( 1)  0.073
 138 G   0.92565 0.07435 ( 1)  0.074
 139 T   0.92791 0.07209 ( 1)  0.072
 140 E   0.92585 0.07415 ( 1)  0.074
 141 L   0.92562 0.07438 ( 1)  0.074
 142 P   0.92662 0.07338 ( 1)  0.073
 143 A   0.92746 0.07254 ( 1)  0.073
 144 L   0.92562 0.07438 ( 1)  0.074
 145 A   0.92746 0.07254 ( 1)  0.073
 146 C   0.91754 0.08246 ( 1)  0.082
 147 P   0.92662 0.07338 ( 1)  0.073
 148 A   0.92746 0.07254 ( 1)  0.073
 149 V   0.92819 0.07181 ( 1)  0.072
 150 L   0.92562 0.07438 ( 1)  0.074
 151 Y   0.92416 0.07584 ( 1)  0.076
 152 A   0.92746 0.07254 ( 1)  0.073
 153 G   0.92565 0.07435 ( 1)  0.074
 154 L   0.92562 0.07438 ( 1)  0.074
 155 P   0.91814 0.08186 ( 1)  0.082
 156 S   0.92782 0.07218 ( 1)  0.072
 157 V   0.91856 0.08144 ( 1)  0.081
 158 V   0.91706 0.08294 ( 1)  0.083
 159 R   0.92518 0.07482 ( 1)  0.075
 160 A   0.92746 0.07254 ( 1)  0.073
 161 L   0.92562 0.07438 ( 1)  0.074
 162 A   0.91690 0.08310 ( 1)  0.083
 163 E   0.92585 0.07415 ( 1)  0.074
 164 R   0.92460 0.07540 ( 1)  0.075
 165 G   0.92565 0.07435 ( 1)  0.074
 166 G   0.92565 0.07435 ( 1)  0.074
 167 A   0.92746 0.07254 ( 1)  0.073
 168 V   0.92864 0.07136 ( 1)  0.071
 169 C   0.91754 0.08246 ( 1)  0.082
 170 Q   0.92386 0.07614 ( 1)  0.076
 171 A   0.92704 0.07296 ( 1)  0.073
 172 L   0.92562 0.07438 ( 1)  0.074
 173 L   0.92562 0.07438 ( 1)  0.074
 174 G   0.92528 0.07472 ( 1)  0.075
 175 P   0.92662 0.07338 ( 1)  0.073
 176 H   0.92583 0.07417 ( 1)  0.074
 177 S   0.92465 0.07535 ( 1)  0.075
 178 V   0.92864 0.07136 ( 1)  0.071
 179 C   0.92426 0.07574 ( 1)  0.076
 180 L   0.91666 0.08334 ( 1)  0.083
 181 K   0.92426 0.07574 ( 1)  0.076
 182 A   0.92746 0.07254 ( 1)  0.073
 183 C   0.92426 0.07574 ( 1)  0.076
 184 K   0.92426 0.07574 ( 1)  0.076
 185 E   0.92585 0.07415 ( 1)  0.074
 186 R   0.92460 0.07540 ( 1)  0.075
 187 S   0.92716 0.07284 ( 1)  0.073
 188 R   0.92460 0.07540 ( 1)  0.075
 189 W   0.92221 0.07779 ( 1)  0.078
 190 T   0.92836 0.07164 ( 1)  0.072
 191 R   0.92518 0.07482 ( 1)  0.075
 192 L   0.91666 0.08334 ( 1)  0.083
 193 C   0.92426 0.07574 ( 1)  0.076
 194 E   0.92585 0.07415 ( 1)  0.074
 195 L   0.92562 0.07438 ( 1)  0.074
 196 T   0.92836 0.07164 ( 1)  0.072
 197 C   0.91754 0.08246 ( 1)  0.082
 198 P   0.92702 0.07298 ( 1)  0.073
 199 G   0.92565 0.07435 ( 1)  0.074
 200 Q   0.92386 0.07614 ( 1)  0.076
 201 L   0.92562 0.07438 ( 1)  0.074
 202 G   0.92565 0.07435 ( 1)  0.074
 203 T   0.92836 0.07164 ( 1)  0.072
 204 W   0.92221 0.07779 ( 1)  0.078
 205 A   0.92704 0.07296 ( 1)  0.073
 206 L   0.92562 0.07438 ( 1)  0.074
 207 P   0.92662 0.07338 ( 1)  0.073
 208 G   0.92565 0.07435 ( 1)  0.074
 209 S   0.92782 0.07218 ( 1)  0.072
 210 D   0.92634 0.07366 ( 1)  0.074
 211 D   0.91857 0.08143 ( 1)  0.081
 212 A   0.92704 0.07296 ( 1)  0.073
 213 Q   0.92386 0.07614 ( 1)  0.076
 214 P   0.92662 0.07338 ( 1)  0.073
 215 P   0.92702 0.07298 ( 1)  0.073
 216 A   0.92746 0.07254 ( 1)  0.073
 217 C   0.92426 0.07574 ( 1)  0.076
 218 L   0.92562 0.07438 ( 1)  0.074
 219 A   0.92704 0.07296 ( 1)  0.073
 220 D   0.92634 0.07366 ( 1)  0.074
 221 L   0.92562 0.07438 ( 1)  0.074
 222 E   0.92585 0.07415 ( 1)  0.074
 223 L   0.92562 0.07438 ( 1)  0.074
 224 A   0.92704 0.07296 ( 1)  0.073
 225 L   0.92268 0.07732 ( 1)  0.077
 226 E   0.92585 0.07415 ( 1)  0.074
 227 R   0.92460 0.07540 ( 1)  0.075
 228 P   0.92662 0.07338 ( 1)  0.073
 229 R   0.92518 0.07482 ( 1)  0.075
 230 Y   0.92416 0.07584 ( 1)  0.076
 231 K   0.92426 0.07574 ( 1)  0.076
 232 P   0.92662 0.07338 ( 1)  0.073
 233 R   0.92372 0.07628 ( 1)  0.076
 234 P   0.91814 0.08186 ( 1)  0.082
 235 F   0.91818 0.08182 ( 1)  0.082
 236 L   0.92562 0.07438 ( 1)  0.074
 237 E   0.92585 0.07415 ( 1)  0.074
 238 G   0.92565 0.07435 ( 1)  0.074
 239 K   0.92426 0.07574 ( 1)  0.076
 240 R   0.92460 0.07540 ( 1)  0.075
 241 P   0.91814 0.08186 ( 1)  0.082
 242 T   0.91843 0.08157 ( 1)  0.082
 243 L   0.92562 0.07438 ( 1)  0.074
 244 V   0.92819 0.07181 ( 1)  0.072
 245 D   0.92634 0.07366 ( 1)  0.074
 246 I   0.91825 0.08175 ( 1)  0.082
 247 L   0.92803 0.07197 ( 1)  0.072
 248 I   0.91825 0.08175 ( 1)  0.082
 249 V   0.92864 0.07136 ( 1)  0.071
 250 C   0.92426 0.07574 ( 1)  0.076
 251 Y   0.92416 0.07584 ( 1)  0.076
 252 L   0.91998 0.08002 ( 1)  0.080
 253 R   0.92518 0.07482 ( 1)  0.075
 254 D   0.92634 0.07366 ( 1)  0.074
 255 V   0.91856 0.08144 ( 1)  0.081
 256 A   0.92746 0.07254 ( 1)  0.073
 257 R   0.92518 0.07482 ( 1)  0.075
 258 K   0.92426 0.07574 ( 1)  0.076
 259 A   0.92746 0.07254 ( 1)  0.073
 260 N   0.92479 0.07521 ( 1)  0.075
 261 R   0.92460 0.07540 ( 1)  0.075
 262 P   0.92662 0.07338 ( 1)  0.073
 263 P   0.92682 0.07318 ( 1)  0.073
 264 L   0.92562 0.07438 ( 1)  0.074
 265 P   0.92662 0.07338 ( 1)  0.073
 266 L   0.92562 0.07438 ( 1)  0.074
 267 G   0.92528 0.07472 ( 1)  0.075
 268 H   0.91839 0.08161 ( 1)  0.082
 269 R   0.91624 0.08376 ( 1)  0.084
 270 T   0.92836 0.07164 ( 1)  0.072
 271 A   0.92704 0.07296 ( 1)  0.073
 272 D   0.92634 0.07366 ( 1)  0.074
 273 L   0.92562 0.07438 ( 1)  0.074
 274 L   0.92562 0.07438 ( 1)  0.074
 275 A   0.92746 0.07254 ( 1)  0.073
 276 R   0.91659 0.08341 ( 1)  0.083
 277 L   0.92562 0.07438 ( 1)  0.074
 278 S   0.92465 0.07535 ( 1)  0.075
 279 A   0.92746 0.07254 ( 1)  0.073
 280 D   0.91857 0.08143 ( 1)  0.081
 281 P   0.92662 0.07338 ( 1)  0.073
 282 A   0.92746 0.07254 ( 1)  0.073
 283 F   0.92648 0.07352 ( 1)  0.074
 284 A   0.92746 0.07254 ( 1)  0.073
 285 A   0.92746 0.07254 ( 1)  0.073
 286 A   0.92746 0.07254 ( 1)  0.073
 287 A   0.92746 0.07254 ( 1)  0.073
 288 A   0.92746 0.07254 ( 1)  0.073
 289 V   0.91706 0.08294 ( 1)  0.083
 290 T   0.92836 0.07164 ( 1)  0.072
 291 D   0.92634 0.07366 ( 1)  0.074
 292 K   0.92426 0.07574 ( 1)  0.076
 293 F   0.92648 0.07352 ( 1)  0.074
 294 E   0.91753 0.08247 ( 1)  0.082
 295 T   0.92836 0.07164 ( 1)  0.072
 296 E   0.92193 0.07807 ( 1)  0.078
 297 Y   0.92416 0.07584 ( 1)  0.076
 298 R   0.91624 0.08376 ( 1)  0.084
 299 P   0.92662 0.07338 ( 1)  0.073
 300 A   0.92746 0.07254 ( 1)  0.073
 301 A   0.92746 0.07254 ( 1)  0.073
 302 G   0.92528 0.07472 ( 1)  0.075
 303 D   0.92634 0.07366 ( 1)  0.074
 304 A   0.92704 0.07296 ( 1)  0.073
 305 P   0.92662 0.07338 ( 1)  0.073
 306 R   0.92460 0.07540 ( 1)  0.075
 307 L   0.92803 0.07197 ( 1)  0.072
 308 T   0.92836 0.07164 ( 1)  0.072
 309 D   0.92634 0.07366 ( 1)  0.074
 310 K   0.92426 0.07574 ( 1)  0.076
 311 R   0.92460 0.07540 ( 1)  0.075
 312 A   0.91827 0.08173 ( 1)  0.082
 313 Q   0.92386 0.07614 ( 1)  0.076
 314 V   0.92819 0.07181 ( 1)  0.072
 315 P   0.92702 0.07298 ( 1)  0.073
 316 G   0.91774 0.08226 ( 1)  0.082
 317 L   0.92562 0.07438 ( 1)  0.074
 318 C   0.92426 0.07574 ( 1)  0.076
 319 T   0.92836 0.07164 ( 1)  0.072
 320 E   0.92193 0.07807 ( 1)  0.078
 321 S   0.92716 0.07284 ( 1)  0.073
 322 L   0.92562 0.07438 ( 1)  0.074
 323 R   0.92518 0.07482 ( 1)  0.075
 324 Q   0.92386 0.07614 ( 1)  0.076
 325 L   0.92562 0.07438 ( 1)  0.074
 326 L   0.92562 0.07438 ( 1)  0.074
 327 D   0.92634 0.07366 ( 1)  0.074
 328 R   0.92518 0.07482 ( 1)  0.075
 329 L   0.92562 0.07438 ( 1)  0.074
 330 E   0.92585 0.07415 ( 1)  0.074
 331 P   0.92662 0.07338 ( 1)  0.073
 332 A   0.92746 0.07254 ( 1)  0.073
 333 V   0.92819 0.07181 ( 1)  0.072
 334 S   0.92716 0.07284 ( 1)  0.073
 335 L   0.92562 0.07438 ( 1)  0.074
 336 P   0.92702 0.07298 ( 1)  0.073
 337 W   0.92221 0.07779 ( 1)  0.078
 338 Q   0.92386 0.07614 ( 1)  0.076
 339 P   0.92662 0.07338 ( 1)  0.073
 340 E   0.92585 0.07415 ( 1)  0.074
 341 A   0.92746 0.07254 ( 1)  0.073
 342 E   0.92585 0.07415 ( 1)  0.074
 343 A   0.91827 0.08173 ( 1)  0.082
 344 S   0.92782 0.07218 ( 1)  0.072
 345 P   0.92662 0.07338 ( 1)  0.073
 346 L   0.92562 0.07438 ( 1)  0.074
 347 P   0.92662 0.07338 ( 1)  0.073
 348 P   0.92702 0.07298 ( 1)  0.073
 349 L   0.92562 0.07438 ( 1)  0.074
 350 P   0.92702 0.07298 ( 1)  0.073
 351 D   0.92634 0.07366 ( 1)  0.074
 352 W   0.92221 0.07779 ( 1)  0.078
 353 L   0.92562 0.07438 ( 1)  0.074
 354 A   0.92326 0.07674 ( 1)  0.077
 355 A   0.92746 0.07254 ( 1)  0.073
 356 E   0.92585 0.07415 ( 1)  0.074
 357 V   0.92819 0.07181 ( 1)  0.072
 358 P   0.92662 0.07338 ( 1)  0.073
 359 P   0.92214 0.07786 ( 1)  0.078
 360 E   0.92585 0.07415 ( 1)  0.074
 361 R   0.92460 0.07540 ( 1)  0.075
 362 A   0.92704 0.07296 ( 1)  0.073
 363 A   0.92292 0.07708 ( 1)  0.077
 364 R   0.92518 0.07482 ( 1)  0.075
 365 K   0.92426 0.07574 ( 1)  0.076
 366 R   0.92460 0.07540 ( 1)  0.075
 367 Q   0.92386 0.07614 ( 1)  0.076
 368 Q   0.92386 0.07614 ( 1)  0.076
 369 L   0.92562 0.07438 ( 1)  0.074
 370 A   0.92746 0.07254 ( 1)  0.073
 371 S   0.92465 0.07535 ( 1)  0.075
 372 L   0.92562 0.07438 ( 1)  0.074
 373 A   0.92746 0.07254 ( 1)  0.073
 374 A   0.92292 0.07708 ( 1)  0.077
 375 D   0.92634 0.07366 ( 1)  0.074
 376 V   0.92864 0.07136 ( 1)  0.071
 377 L   0.92562 0.07438 ( 1)  0.074
 378 P   0.92662 0.07338 ( 1)  0.073
 379 L   0.91998 0.08002 ( 1)  0.080
 380 A   0.92746 0.07254 ( 1)  0.073
 381 R   0.92460 0.07540 ( 1)  0.075
 382 P   0.92702 0.07298 ( 1)  0.073
 383 G   0.91774 0.08226 ( 1)  0.082
 384 H   0.92583 0.07417 ( 1)  0.074
 385 V   0.92819 0.07181 ( 1)  0.072
 386 I   0.92688 0.07312 ( 1)  0.073
 387 V   0.92266 0.07734 ( 1)  0.077
 388 D   0.92634 0.07366 ( 1)  0.074
 389 F   0.92648 0.07352 ( 1)  0.074
 390 C   0.92426 0.07574 ( 1)  0.076
 391 S   0.92465 0.07535 ( 1)  0.075
 392 G   0.92565 0.07435 ( 1)  0.074
 393 S   0.92782 0.07218 ( 1)  0.072
 394 G   0.91774 0.08226 ( 1)  0.082
 395 Y   0.92416 0.07584 ( 1)  0.076
 396 L   0.92562 0.07438 ( 1)  0.074
 397 G   0.92565 0.07435 ( 1)  0.074
 398 L   0.92803 0.07197 ( 1)  0.072
 399 L   0.92562 0.07438 ( 1)  0.074
 400 L   0.92562 0.07438 ( 1)  0.074
 401 A   0.92704 0.07296 ( 1)  0.073
 402 H   0.92583 0.07417 ( 1)  0.074
 403 L   0.92562 0.07438 ( 1)  0.074
 404 L   0.92562 0.07438 ( 1)  0.074
 405 P   0.92214 0.07786 ( 1)  0.078
 406 Q   0.92386 0.07614 ( 1)  0.076
 407 C   0.92426 0.07574 ( 1)  0.076
 408 R   0.92518 0.07482 ( 1)  0.075
 409 I   0.92279 0.07721 ( 1)  0.077
 410 V   0.92819 0.07181 ( 1)  0.072
 411 L   0.92562 0.07438 ( 1)  0.074
 412 V   0.92819 0.07181 ( 1)  0.072
 413 E   0.92585 0.07415 ( 1)  0.074
 414 N   0.92479 0.07521 ( 1)  0.075
 415 K   0.92426 0.07574 ( 1)  0.076
 416 L   0.92803 0.07197 ( 1)  0.072
 417 E   0.92585 0.07415 ( 1)  0.074
 418 S   0.92782 0.07218 ( 1)  0.072
 419 L   0.92562 0.07438 ( 1)  0.074
 420 Q   0.92386 0.07614 ( 1)  0.076
 421 F   0.92648 0.07352 ( 1)  0.074
 422 A   0.92279 0.07721 ( 1)  0.077
 423 L   0.92562 0.07438 ( 1)  0.074
 424 D   0.92634 0.07366 ( 1)  0.074
 425 R   0.92070 0.07930 ( 1)  0.079
 426 L   0.92562 0.07438 ( 1)  0.074
 427 G   0.92565 0.07435 ( 1)  0.074
 428 Q   0.92386 0.07614 ( 1)  0.076
 429 L   0.92803 0.07197 ( 1)  0.072
 430 G   0.92528 0.07472 ( 1)  0.075
 431 L   0.92803 0.07197 ( 1)  0.072
 432 P   0.92702 0.07298 ( 1)  0.073
 433 N   0.92479 0.07521 ( 1)  0.075
 434 V   0.92819 0.07181 ( 1)  0.072
 435 R   0.92518 0.07482 ( 1)  0.075
 436 I   0.92688 0.07312 ( 1)  0.073
 437 V   0.92819 0.07181 ( 1)  0.072
 438 Q   0.92386 0.07614 ( 1)  0.076
 439 S   0.92465 0.07535 ( 1)  0.075
 440 N   0.92479 0.07521 ( 1)  0.075
 441 L   0.92803 0.07197 ( 1)  0.072
 442 C   0.92426 0.07574 ( 1)  0.076
 443 N   0.92479 0.07521 ( 1)  0.075
 444 F   0.92648 0.07352 ( 1)  0.074
 445 R   0.92460 0.07540 ( 1)  0.075
 446 A   0.92746 0.07254 ( 1)  0.073
 447 A   0.92746 0.07254 ( 1)  0.073
 448 F   0.92648 0.07352 ( 1)  0.074
 449 D   0.92634 0.07366 ( 1)  0.074
 450 I   0.92688 0.07312 ( 1)  0.073
 451 G   0.92565 0.07435 ( 1)  0.074
 452 V   0.91856 0.08144 ( 1)  0.081
 453 A   0.92746 0.07254 ( 1)  0.073
 454 L   0.92562 0.07438 ( 1)  0.074
 455 H   0.92583 0.07417 ( 1)  0.074
 456 A   0.92746 0.07254 ( 1)  0.073
 457 C   0.92426 0.07574 ( 1)  0.076
 458 G   0.92565 0.07435 ( 1)  0.074
 459 S   0.92782 0.07218 ( 1)  0.072
 460 A   0.92746 0.07254 ( 1)  0.073
 461 S   0.92782 0.07218 ( 1)  0.072
 462 D   0.92634 0.07366 ( 1)  0.074
 463 L   0.92562 0.07438 ( 1)  0.074
 464 V   0.92819 0.07181 ( 1)  0.072
 465 L   0.92562 0.07438 ( 1)  0.074
 466 E   0.92585 0.07415 ( 1)  0.074
 467 A   0.92746 0.07254 ( 1)  0.073
 468 C   0.92426 0.07574 ( 1)  0.076
 469 V   0.92864 0.07136 ( 1)  0.071
 470 R   0.92518 0.07482 ( 1)  0.075
 471 A   0.92746 0.07254 ( 1)  0.073
 472 R   0.92518 0.07482 ( 1)  0.075
 473 A   0.92746 0.07254 ( 1)  0.073
 474 S   0.00001 0.99999 ( 2)  1.000
 475 C   0.92426 0.07574 ( 1)  0.076
 476 V   0.92819 0.07181 ( 1)  0.072
 477 L   0.92562 0.07438 ( 1)  0.074
 478 S   0.92716 0.07284 ( 1)  0.073
 479 P   0.92702 0.07298 ( 1)  0.073
 480 C   0.92426 0.07574 ( 1)  0.076
 481 C   0.92426 0.07574 ( 1)  0.076
 482 H   0.92583 0.07417 ( 1)  0.074
 483 G   0.92196 0.07804 ( 1)  0.078
 484 A   0.92746 0.07254 ( 1)  0.073
 485 T   0.92369 0.07631 ( 1)  0.076
 486 K   0.92067 0.07933 ( 1)  0.079
 487 P   0.92702 0.07298 ( 1)  0.073
 488 G   0.92565 0.07435 ( 1)  0.074
 489 P   0.92662 0.07338 ( 1)  0.073
 490 G   0.92565 0.07435 ( 1)  0.074
 491 L   0.92803 0.07197 ( 1)  0.072
 492 A   0.92746 0.07254 ( 1)  0.073
 493 Y   0.91732 0.08268 ( 1)  0.083
 494 P   0.92662 0.07338 ( 1)  0.073
 495 R   0.92518 0.07482 ( 1)  0.075
 496 S   0.92465 0.07535 ( 1)  0.075
 497 S   0.92782 0.07218 ( 1)  0.072
 498 A   0.92746 0.07254 ( 1)  0.073
 499 A   0.92746 0.07254 ( 1)  0.073
 500 S   0.92716 0.07284 ( 1)  0.073
 501 A   0.91690 0.08310 ( 1)  0.083
 502 A   0.92746 0.07254 ( 1)  0.073
 503 G   0.92565 0.07435 ( 1)  0.074
 504 L   0.92562 0.07438 ( 1)  0.074
 505 A   0.92746 0.07254 ( 1)  0.073
 506 S   0.92465 0.07535 ( 1)  0.075
 507 L   0.92562 0.07438 ( 1)  0.074
 508 E   0.92585 0.07415 ( 1)  0.074
 509 H   0.92583 0.07417 ( 1)  0.074
 510 A   0.92704 0.07296 ( 1)  0.073
 511 Q   0.92386 0.07614 ( 1)  0.076
 512 L   0.92562 0.07438 ( 1)  0.074
 513 C   0.92426 0.07574 ( 1)  0.076
 514 H   0.92583 0.07417 ( 1)  0.074
 515 A   0.92746 0.07254 ( 1)  0.073
 516 A   0.91827 0.08173 ( 1)  0.082
 517 D   0.92634 0.07366 ( 1)  0.074
 518 R   0.91624 0.08376 ( 1)  0.084
 519 I   0.92688 0.07312 ( 1)  0.073
 520 T   0.92836 0.07164 ( 1)  0.072
 521 G   0.92565 0.07435 ( 1)  0.074
 522 R   0.92460 0.07540 ( 1)  0.075
 523 Q   0.92386 0.07614 ( 1)  0.076
 524 S   0.92782 0.07218 ( 1)  0.072
 525 R   0.92518 0.07482 ( 1)  0.075
 526 Q   0.92386 0.07614 ( 1)  0.076
 527 L   0.92803 0.07197 ( 1)  0.072
 528 L   0.91998 0.08002 ( 1)  0.080
 529 A   0.91827 0.08173 ( 1)  0.082
 530 K   0.92426 0.07574 ( 1)  0.076
 531 R   0.92460 0.07540 ( 1)  0.075
 532 A   0.92746 0.07254 ( 1)  0.073
 533 L   0.92562 0.07438 ( 1)  0.074
 534 R   0.92460 0.07540 ( 1)  0.075
 535 L   0.92230 0.07770 ( 1)  0.078
 536 L   0.92562 0.07438 ( 1)  0.074
 537 D   0.92634 0.07366 ( 1)  0.074
 538 S   0.92132 0.07868 ( 1)  0.079
 539 D   0.92634 0.07366 ( 1)  0.074
 540 R   0.92460 0.07540 ( 1)  0.075
 541 A   0.92746 0.07254 ( 1)  0.073
 542 L   0.92562 0.07438 ( 1)  0.074
 543 A   0.92746 0.07254 ( 1)  0.073
 544 M   0.92683 0.07317 ( 1)  0.073
 545 R   0.92460 0.07540 ( 1)  0.075
 546 E   0.92585 0.07415 ( 1)  0.074
 547 A   0.92746 0.07254 ( 1)  0.073
 548 G   0.92565 0.07435 ( 1)  0.074
 549 Y   0.92416 0.07584 ( 1)  0.076
 550 A   0.00001 0.99999 ( 2)  1.000
 551 R   0.92460 0.07540 ( 1)  0.075
 552 V   0.92819 0.07181 ( 1)  0.072
 553 R   0.92460 0.07540 ( 1)  0.075
 554 L   0.92562 0.07438 ( 1)  0.074
 555 A   0.91827 0.08173 ( 1)  0.082
 556 L   0.92562 0.07438 ( 1)  0.074
 557 M   0.92683 0.07317 ( 1)  0.073
 558 R   0.92460 0.07540 ( 1)  0.075
 559 P   0.92662 0.07338 ( 1)  0.073
 560 D   0.92634 0.07366 ( 1)  0.074
 561 T   0.92836 0.07164 ( 1)  0.072
 562 C   0.92426 0.07574 ( 1)  0.076
 563 S   0.92716 0.07284 ( 1)  0.073
 564 P   0.91814 0.08186 ( 1)  0.082
 565 K   0.92426 0.07574 ( 1)  0.076
 566 N   0.92479 0.07521 ( 1)  0.075
 567 S   0.91684 0.08316 ( 1)  0.083
 568 I   0.92688 0.07312 ( 1)  0.073
 569 L   0.92562 0.07438 ( 1)  0.074
 570 V   0.92819 0.07181 ( 1)  0.072
 571 A   0.92746 0.07254 ( 1)  0.073
 572 C   0.91754 0.08246 ( 1)  0.082
 573 P   0.92662 0.07338 ( 1)  0.073
 574 S   0.92465 0.07535 ( 1)  0.075


lnL = -2294.836932

