Supplemental results for CODEML (seqf: algn  treef: tree)


dN/dS (w) for site classes (K=8)

p:   0.12500  0.12500  0.12500  0.12500  0.12500  0.12500  0.12500  0.12500
w:   0.00000  0.00017  0.00223  0.01224  0.04383  0.12236  0.29270  0.64613

Naive Empirical Bayes (NEB) probabilities for 8 classes & postmean_w
(amino acids refer to 1st sequence: Msl.22390)

   1 S   0.00000 0.00000 0.00008 0.00239 0.02786 0.15044 0.36198 0.45725 ( 8)  0.421
   2 G   0.00000 0.00000 0.00022 0.00585 0.05376 0.20150 0.34954 0.38914 ( 8)  0.381
   3 M   0.22764 0.22694 0.21853 0.18219 0.10449 0.03047 0.00617 0.00357 ( 1)  0.015
   4 A   0.00001 0.00171 0.02186 0.10203 0.22813 0.25578 0.20699 0.18350 ( 6)  0.222
   5 D   0.23508 0.23393 0.22041 0.16696 0.07981 0.03010 0.01834 0.01538 ( 1)  0.025
   6 V   0.00001 0.00164 0.02097 0.09834 0.22318 0.25802 0.21137 0.18647 ( 6)  0.225
   7 L   0.21024 0.20973 0.20355 0.17654 0.11634 0.05062 0.01947 0.01352 ( 1)  0.028
   8 S   0.00000 0.00000 0.00018 0.00491 0.04742 0.19224 0.35389 0.40136 ( 8)  0.389
   9 P   0.00000 0.00000 0.00019 0.00528 0.05017 0.19839 0.35700 0.38896 ( 8)  0.382
  10 H   0.23093 0.23006 0.21962 0.17620 0.09336 0.02958 0.01151 0.00874 ( 1)  0.019
  11 S   0.21348 0.21296 0.20674 0.17939 0.11733 0.04764 0.01432 0.00812 ( 1)  0.023
  12 S   0.00001 0.00203 0.02588 0.11925 0.25368 0.24974 0.18479 0.16463 ( 5)  0.204
  13 P   0.00001 0.00133 0.01711 0.08294 0.20482 0.26449 0.22799 0.20132 ( 6)  0.239
  14 G   0.22061 0.21988 0.21106 0.17391 0.10035 0.03875 0.01927 0.01617 ( 1)  0.028
  15 N   0.00000 0.00000 0.00073 0.01769 0.12181 0.27640 0.30495 0.27843 ( 7)  0.309
  16 S   0.00000 0.00000 0.00024 0.00652 0.05902 0.21196 0.34682 0.37543 ( 8)  0.373
  17 F   0.21721 0.21666 0.21000 0.18084 0.11533 0.04374 0.01111 0.00512 ( 1)  0.020
  18 S   0.20053 0.20017 0.19582 0.17632 0.12877 0.06538 0.02320 0.00982 ( 1)  0.029
  19 P   0.21345 0.21289 0.20621 0.17718 0.11355 0.04697 0.01769 0.01206 ( 1)  0.026
  20 L   0.21024 0.20973 0.20355 0.17654 0.11634 0.05062 0.01947 0.01352 ( 1)  0.028
  21 T   0.22145 0.22073 0.21215 0.17584 0.10256 0.03801 0.01628 0.01299 ( 1)  0.025
  22 L   0.20433 0.20390 0.19875 0.17594 0.12279 0.05857 0.02228 0.01345 ( 1)  0.030
  23 F   0.22730 0.22658 0.21801 0.18117 0.10362 0.03138 0.00739 0.00454 ( 1)  0.016
  24 E   0.22502 0.22427 0.21530 0.17735 0.10098 0.03474 0.01293 0.00940 ( 1)  0.021
  25 S   0.21899 0.21839 0.21108 0.17942 0.11073 0.04092 0.01247 0.00801 ( 1)  0.021
  26 T   0.22145 0.22073 0.21215 0.17584 0.10256 0.03801 0.01628 0.01299 ( 1)  0.025
  27 I   0.22979 0.22896 0.21900 0.17727 0.09586 0.03003 0.01081 0.00829 ( 1)  0.019
  28 T   0.21726 0.21662 0.20903 0.17647 0.10811 0.04253 0.01717 0.01281 ( 1)  0.026
  29 N   0.23484 0.23385 0.22208 0.17402 0.08734 0.02692 0.01162 0.00932 ( 1)  0.019
  30 A   0.21467 0.21397 0.20565 0.17071 0.10204 0.04499 0.02591 0.02205 ( 1)  0.034
  31 Q   0.21046 0.21001 0.20455 0.18027 0.12295 0.05251 0.01372 0.00552 ( 1)  0.022
  32 M   0.22764 0.22694 0.21853 0.18219 0.10449 0.03047 0.00617 0.00357 ( 1)  0.015
  33 L   0.21024 0.20973 0.20355 0.17654 0.11634 0.05062 0.01947 0.01352 ( 1)  0.028
  34 V   0.21436 0.21371 0.20590 0.17274 0.10531 0.04519 0.02353 0.01926 ( 1)  0.032
  35 E   0.22796 0.22715 0.21742 0.17664 0.09685 0.03197 0.01252 0.00949 ( 1)  0.021
  36 S   0.21899 0.21839 0.21108 0.17942 0.11073 0.04092 0.01247 0.00801 ( 1)  0.021
  37 M   0.22764 0.22694 0.21853 0.18219 0.10449 0.03047 0.00617 0.00357 ( 1)  0.015
  38 A   0.21846 0.21768 0.20838 0.16987 0.09741 0.04197 0.02500 0.02124 ( 1)  0.033
  39 E   0.22796 0.22715 0.21742 0.17664 0.09685 0.03197 0.01252 0.00949 ( 1)  0.021
  40 R   0.21071 0.21020 0.20411 0.17741 0.11717 0.05013 0.01817 0.01210 ( 1)  0.027
  41 E   0.22502 0.22427 0.21530 0.17735 0.10098 0.03474 0.01293 0.00940 ( 1)  0.021
  42 L   0.20433 0.20390 0.19875 0.17594 0.12279 0.05857 0.02228 0.01345 ( 1)  0.030
  43 F   0.22730 0.22658 0.21801 0.18117 0.10362 0.03138 0.00739 0.00454 ( 1)  0.016
  44 S   0.21179 0.21129 0.20531 0.17900 0.11892 0.05015 0.01544 0.00810 ( 1)  0.024
  45 A   0.21534 0.21464 0.20622 0.17092 0.10186 0.04469 0.02536 0.02097 ( 1)  0.033
  46 L   0.20433 0.20390 0.19875 0.17594 0.12279 0.05857 0.02228 0.01345 ( 1)  0.030
  47 K   0.00000 0.00048 0.00621 0.03076 0.08805 0.19444 0.32357 0.35648 ( 8)  0.353
  48 I   0.22979 0.22896 0.21900 0.17727 0.09586 0.03003 0.01081 0.00829 ( 1)  0.019
  49 I   0.22979 0.22896 0.21900 0.17727 0.09586 0.03003 0.01081 0.00829 ( 1)  0.019
  50 G   0.22325 0.22245 0.21293 0.17326 0.09708 0.03672 0.01874 0.01556 ( 1)  0.027
  51 N   0.00000 0.00000 0.00061 0.01522 0.10970 0.26929 0.31505 0.29013 ( 7)  0.318
  52 L   0.20433 0.20390 0.19875 0.17594 0.12279 0.05857 0.02228 0.01345 ( 1)  0.030
  53 H   0.23093 0.23006 0.21962 0.17620 0.09336 0.02958 0.01151 0.00874 ( 1)  0.019
  54 T   0.00001 0.00153 0.01966 0.09353 0.21880 0.25823 0.21519 0.19306 ( 6)  0.230
  55 H   0.23093 0.23006 0.21962 0.17620 0.09336 0.02958 0.01151 0.00874 ( 1)  0.019
  56 V   0.21510 0.21443 0.20639 0.17235 0.10387 0.04421 0.02358 0.02006 ( 1)  0.032
  57 V   0.21801 0.21728 0.20861 0.17224 0.10097 0.04191 0.02248 0.01850 ( 1)  0.031
  58 H   0.00001 0.00222 0.02836 0.13101 0.28144 0.27340 0.16102 0.12255 ( 5)  0.174
  59 S   0.00000 0.00000 0.00035 0.00913 0.07645 0.24068 0.34149 0.33190 ( 7)  0.347
  60 M   0.22764 0.22694 0.21853 0.18219 0.10449 0.03047 0.00617 0.00357 ( 1)  0.015
  61 E   0.22796 0.22715 0.21742 0.17664 0.09685 0.03197 0.01252 0.00949 ( 1)  0.021
  62 P   0.21459 0.21402 0.20711 0.17716 0.11199 0.04526 0.01732 0.01254 ( 1)  0.026
  63 R   0.20799 0.20749 0.20149 0.17520 0.11614 0.05121 0.02239 0.01810 ( 1)  0.032
  64 Y   0.21832 0.21773 0.21068 0.18003 0.11294 0.04277 0.01169 0.00584 ( 1)  0.020
  65 C   0.00001 0.00137 0.01759 0.08473 0.20669 0.26574 0.22785 0.19603 ( 6)  0.236
  66 R   0.21109 0.21058 0.20446 0.17758 0.11703 0.04981 0.01784 0.01160 ( 1)  0.027
  67 A   0.00000 0.00000 0.00025 0.00666 0.05884 0.20819 0.34710 0.37896 ( 8)  0.375
  68 F   0.00001 0.00149 0.01928 0.09356 0.23040 0.28457 0.20737 0.16331 ( 6)  0.212
  69 D   0.00001 0.00255 0.03234 0.14334 0.27750 0.24460 0.16377 0.13588 ( 5)  0.180
  70 R   0.20688 0.20643 0.20100 0.17700 0.12157 0.05591 0.02004 0.01117 ( 1)  0.028
  71 S   0.23213 0.23129 0.22120 0.17877 0.09520 0.02712 0.00820 0.00610 ( 1)  0.017
  72 D   0.23508 0.23393 0.22041 0.16696 0.07981 0.03010 0.01834 0.01538 ( 1)  0.025
  73 R   0.00001 0.00152 0.01957 0.09295 0.21828 0.26493 0.21767 0.18507 ( 6)  0.226
  74 L   0.21591 0.21531 0.20808 0.17691 0.11039 0.04421 0.01694 0.01224 ( 1)  0.026
  75 A   0.21846 0.21768 0.20838 0.16987 0.09741 0.04197 0.02500 0.02124 ( 1)  0.033
  76 E   0.22796 0.22715 0.21742 0.17664 0.09685 0.03197 0.01252 0.00949 ( 1)  0.021
  77 L   0.20086 0.20048 0.19579 0.17492 0.12551 0.06335 0.02510 0.01399 ( 1)  0.032
  78 E   0.22502 0.22427 0.21530 0.17735 0.10098 0.03474 0.01293 0.00940 ( 1)  0.021
  79 A   0.21611 0.21539 0.20674 0.17061 0.10064 0.04395 0.02534 0.02122 ( 1)  0.034
  80 A   0.21846 0.21768 0.20838 0.16987 0.09741 0.04197 0.02500 0.02124 ( 1)  0.033
  81 G   0.22325 0.22245 0.21293 0.17326 0.09708 0.03672 0.01874 0.01556 ( 1)  0.027
  82 L   0.20453 0.20410 0.19889 0.17588 0.12241 0.05825 0.02237 0.01357 ( 1)  0.030
  83 V   0.00001 0.00159 0.02034 0.09383 0.20718 0.24537 0.22332 0.20838 ( 6)  0.240
  84 A   0.00000 0.00000 0.00010 0.00290 0.03261 0.16296 0.36110 0.44032 ( 8)  0.412
  85 S   0.23213 0.23129 0.22120 0.17877 0.09520 0.02712 0.00820 0.00610 ( 1)  0.017
  86 V   0.00000 0.00000 0.00027 0.00715 0.06258 0.21719 0.34962 0.36319 ( 8)  0.366
  87 S   0.00000 0.00000 0.00023 0.00627 0.05791 0.21538 0.35564 0.36457 ( 8)  0.369
  88 G   0.00000 0.00000 0.00019 0.00518 0.04916 0.19500 0.35597 0.39449 ( 8)  0.385
  89 E   0.00000 0.00097 0.01262 0.06376 0.17348 0.25712 0.25229 0.23975 ( 6)  0.269
  90 Q   0.00000 0.00000 0.00014 0.00404 0.04249 0.18967 0.36587 0.39780 ( 8)  0.389
  91 Q   0.00001 0.00195 0.02499 0.11654 0.25778 0.26818 0.18135 0.14921 ( 6)  0.195
  92 H   0.00000 0.00000 0.00029 0.00763 0.06458 0.21519 0.34332 0.36899 ( 8)  0.368
  93 Q   0.00000 0.00000 0.00014 0.00404 0.04249 0.18967 0.36587 0.39780 ( 8)  0.389
  94 Q   0.00001 0.00178 0.02288 0.10775 0.24520 0.27010 0.19158 0.16069 ( 6)  0.205
  95 Q   0.00000 0.00000 0.00010 0.00308 0.03440 0.16991 0.36717 0.42533 ( 8)  0.405
  96 Q   0.00000 0.00000 0.00010 0.00299 0.03236 0.16063 0.36143 0.44248 ( 8)  0.413
  97 P   0.00000 0.00127 0.01640 0.08089 0.20947 0.28846 0.23109 0.17242 ( 6)  0.225
  98 P   0.00001 0.00168 0.02159 0.10330 0.24448 0.28151 0.19429 0.15315 ( 6)  0.202
  99 P   0.00001 0.00133 0.01722 0.08465 0.21717 0.29170 0.22400 0.16392 ( 6)  0.218
 100 S   0.20691 0.20649 0.20137 0.17851 0.12421 0.05648 0.01765 0.00837 ( 1)  0.026
 101 Q   0.00000 0.00000 0.00013 0.00370 0.03880 0.17682 0.35999 0.42056 ( 8)  0.400
 102 H   0.00000 0.00000 0.00024 0.00647 0.05663 0.20093 0.34604 0.38968 ( 8)  0.380
 103 Q   0.00000 0.00000 0.00014 0.00404 0.04249 0.18967 0.36587 0.39780 ( 8)  0.389
 104 Q   0.00000 0.00000 0.00013 0.00370 0.03880 0.17682 0.35999 0.42056 ( 8)  0.400
 105 L   0.00000 0.00031 0.00416 0.02432 0.09384 0.23010 0.32282 0.32444 ( 8)  0.337
 106 H   0.00000 0.00000 0.00039 0.01014 0.08337 0.24830 0.33301 0.32478 ( 7)  0.341
 107 R   0.19887 0.19847 0.19361 0.17214 0.12222 0.06211 0.02939 0.02319 ( 1)  0.039
 108 E   0.00000 0.00000 0.00015 0.00440 0.04630 0.19955 0.36197 0.38763 ( 8)  0.383
 109 S   0.00001 0.00158 0.02031 0.09727 0.23199 0.27768 0.20834 0.16282 ( 6)  0.212
 110 T   0.00001 0.00167 0.02142 0.10014 0.22504 0.25572 0.20890 0.18710 ( 6)  0.224
 111 A   0.00000 0.00000 0.00020 0.00571 0.05582 0.21606 0.35508 0.36712 ( 8)  0.370
 112 A   0.00000 0.00100 0.01305 0.06605 0.17919 0.26017 0.25022 0.23032 ( 6)  0.263
 113 S   0.00000 0.00000 0.00012 0.00334 0.03547 0.16849 0.36442 0.42815 ( 8)  0.406
 114 S   0.00000 0.00000 0.00005 0.00140 0.01761 0.11363 0.34715 0.52017 ( 8)  0.452
 115 L   0.20016 0.19979 0.19533 0.17535 0.12722 0.06446 0.02436 0.01334 ( 1)  0.032
 116 S   0.00000 0.00020 0.00281 0.01766 0.07740 0.21550 0.33415 0.35228 ( 8)  0.355
 117 G   0.22325 0.22245 0.21293 0.17326 0.09708 0.03672 0.01874 0.01556 ( 1)  0.027
 118 G   0.00001 0.00234 0.02956 0.13035 0.25274 0.24055 0.18527 0.15918 ( 5)  0.199
 119 A   0.00001 0.00201 0.02552 0.11592 0.24125 0.24682 0.19574 0.17274 ( 6)  0.211
 120 N   0.00001 0.00271 0.03415 0.14883 0.27539 0.23344 0.16595 0.13952 ( 5)  0.181
 121 A   0.00001 0.00175 0.02239 0.10411 0.23033 0.25422 0.20471 0.18249 ( 6)  0.220
 122 S   0.00000 0.00000 0.00010 0.00279 0.03053 0.15322 0.35853 0.45483 ( 8)  0.419
 123 T   0.00000 0.00000 0.00011 0.00306 0.03314 0.16363 0.36418 0.43587 ( 8)  0.410
 124 K   0.00001 0.00173 0.02228 0.10738 0.25773 0.29328 0.18203 0.13556 ( 6)  0.189
 125 A   0.00000 0.00000 0.00022 0.00597 0.05571 0.21080 0.35476 0.37254 ( 8)  0.373
 126 S   0.00001 0.00149 0.01917 0.09160 0.21703 0.26091 0.21682 0.19296 ( 6)  0.231
 127 S   0.00000 0.00000 0.00020 0.00542 0.05179 0.20341 0.35307 0.38612 ( 8)  0.380
 128 V   0.21630 0.21561 0.20732 0.17233 0.10262 0.04323 0.02318 0.01939 ( 1)  0.032
 129 L   0.20433 0.20390 0.19875 0.17594 0.12279 0.05857 0.02228 0.01345 ( 1)  0.030
 130 G   0.00001 0.00153 0.01963 0.09191 0.20836 0.24604 0.22287 0.20966 ( 6)  0.241
 131 A   0.00001 0.00142 0.01826 0.08701 0.20635 0.25696 0.22568 0.20430 ( 6)  0.240
 132 A   0.21695 0.21621 0.20737 0.17050 0.09963 0.04319 0.02508 0.02107 ( 1)  0.033
 133 L   0.20384 0.20342 0.19831 0.17571 0.12308 0.05946 0.02292 0.01326 ( 1)  0.031
 134 G   0.22325 0.22245 0.21293 0.17326 0.09708 0.03672 0.01874 0.01556 ( 1)  0.027
 135 A   0.00001 0.00201 0.02552 0.11592 0.24125 0.24682 0.19574 0.17274 ( 6)  0.211
 136 I   0.22391 0.22319 0.21465 0.17830 0.10372 0.03606 0.01199 0.00817 ( 1)  0.020
 137 K   0.22171 0.22108 0.21345 0.18050 0.10949 0.03821 0.00988 0.00567 ( 1)  0.019
 138 V   0.00001 0.00178 0.02285 0.10740 0.24228 0.26318 0.19538 0.16711 ( 6)  0.209
 139 E   0.22502 0.22427 0.21530 0.17735 0.10098 0.03474 0.01293 0.00940 ( 1)  0.021
 140 G   0.00000 0.00000 0.00073 0.01771 0.12193 0.27660 0.30497 0.27805 ( 7)  0.308
 141 D   0.00001 0.00254 0.03209 0.14189 0.27349 0.24224 0.16577 0.14197 ( 5)  0.184
 142 D   0.00001 0.00255 0.03234 0.14334 0.27750 0.24460 0.16377 0.13588 ( 5)  0.180
 143 Y   0.00001 0.00215 0.02739 0.12430 0.25664 0.25021 0.18312 0.15616 ( 5)  0.198
 144 E   0.00000 0.00091 0.01191 0.06129 0.17269 0.26331 0.25697 0.23291 ( 6)  0.266
 145 A   0.00001 0.00159 0.02033 0.09358 0.20558 0.24363 0.22466 0.21062 ( 6)  0.242
 146 D   0.23175 0.23069 0.21815 0.16801 0.08345 0.03198 0.01928 0.01669 ( 1)  0.027
 147 E   0.22146 0.22078 0.21261 0.17775 0.10549 0.03834 0.01379 0.00977 ( 1)  0.022
 148 E   0.00001 0.00268 0.03381 0.14804 0.27795 0.23846 0.16310 0.13595 ( 5)  0.179
 149 E   0.22796 0.22715 0.21742 0.17664 0.09685 0.03197 0.01252 0.00949 ( 1)  0.021
 150 E   0.00001 0.00244 0.03095 0.13851 0.27509 0.25016 0.16573 0.13712 ( 5)  0.182
 151 D   0.23508 0.23393 0.22041 0.16696 0.07981 0.03010 0.01834 0.01538 ( 1)  0.025
 152 D   0.22914 0.22815 0.21647 0.16928 0.08710 0.03372 0.01959 0.01656 ( 1)  0.027
 153 C   0.22346 0.22283 0.21522 0.18212 0.10962 0.03569 0.00734 0.00372 ( 1)  0.016
 154 I   0.00001 0.00217 0.02757 0.12398 0.25059 0.24396 0.18777 0.16394 ( 5)  0.203
 155 I   0.22979 0.22896 0.21900 0.17727 0.09586 0.03003 0.01081 0.00829 ( 1)  0.019
 156 T   0.21876 0.21810 0.21022 0.17652 0.10633 0.04061 0.01662 0.01284 ( 1)  0.025
 157 E   0.00001 0.00268 0.03381 0.14804 0.27795 0.23846 0.16310 0.13595 ( 5)  0.179
 158 E   0.00000 0.00000 0.00046 0.01177 0.09117 0.25207 0.32594 0.31859 ( 7)  0.336
 159 L   0.00001 0.00176 0.02258 0.10766 0.25213 0.28300 0.18780 0.14507 ( 6)  0.196
 160 N   0.00001 0.00299 0.03760 0.16040 0.28033 0.22247 0.15957 0.13662 ( 5)  0.177
 161 D   0.23508 0.23393 0.22041 0.16696 0.07981 0.03010 0.01834 0.01538 ( 1)  0.025
 162 D   0.00000 0.00000 0.00077 0.01866 0.12644 0.27734 0.29999 0.27680 ( 7)  0.306
 163 S   0.22466 0.22397 0.21561 0.17983 0.10505 0.03501 0.00981 0.00607 ( 1)  0.018
 164 Y   0.00000 0.00129 0.01669 0.08163 0.20738 0.28151 0.23438 0.17712 ( 6)  0.228
 165 S   0.00000 0.00000 0.00023 0.00627 0.05791 0.21538 0.35564 0.36457 ( 8)  0.369
 166 G   0.00000 0.00121 0.01558 0.07581 0.18993 0.25691 0.23838 0.22218 ( 6)  0.254
 167 A   0.00000 0.00000 0.00037 0.00967 0.08103 0.24744 0.33551 0.32597 ( 7)  0.343
 168 G   0.22325 0.22245 0.21293 0.17326 0.09708 0.03672 0.01874 0.01556 ( 1)  0.027
 169 V   0.00001 0.00216 0.02746 0.12351 0.24980 0.24358 0.18812 0.16537 ( 5)  0.204
 170 S   0.00001 0.00229 0.02906 0.13022 0.25982 0.24285 0.17960 0.15616 ( 5)  0.196
 171 G   0.00001 0.00146 0.01879 0.08940 0.20979 0.25492 0.22421 0.20141 ( 6)  0.237
 172 F   0.22730 0.22658 0.21801 0.18117 0.10362 0.03138 0.00739 0.00454 ( 1)  0.016
 173 G   0.21896 0.21825 0.20973 0.17382 0.10209 0.04041 0.01995 0.01680 ( 1)  0.029
 174 S   0.00001 0.00229 0.02906 0.13022 0.25982 0.24285 0.17960 0.15616 ( 5)  0.196
 175 S   0.00000 0.00000 0.00037 0.00978 0.08184 0.24926 0.33597 0.32277 ( 7)  0.341
 176 G   0.22325 0.22245 0.21293 0.17326 0.09708 0.03672 0.01874 0.01556 ( 1)  0.027
 177 V   0.00001 0.00178 0.02285 0.10740 0.24228 0.26318 0.19538 0.16711 ( 6)  0.209
 178 P   0.21459 0.21402 0.20711 0.17716 0.11199 0.04526 0.01732 0.01254 ( 1)  0.026
 179 P   0.00001 0.00152 0.01947 0.09116 0.20711 0.24819 0.22581 0.20674 ( 6)  0.240
 180 E   0.22796 0.22715 0.21742 0.17664 0.09685 0.03197 0.01252 0.00949 ( 1)  0.021
 181 C   0.22346 0.22283 0.21522 0.18212 0.10962 0.03569 0.00734 0.00372 ( 1)  0.016
 182 K   0.22171 0.22108 0.21345 0.18050 0.10949 0.03821 0.00988 0.00567 ( 1)  0.019
 183 T   0.21726 0.21662 0.20903 0.17647 0.10811 0.04253 0.01717 0.01281 ( 1)  0.026
 184 I   0.22979 0.22896 0.21900 0.17727 0.09586 0.03003 0.01081 0.00829 ( 1)  0.019
 185 M   0.22764 0.22694 0.21853 0.18219 0.10449 0.03047 0.00617 0.00357 ( 1)  0.015
 186 R   0.20688 0.20643 0.20100 0.17700 0.12157 0.05591 0.02004 0.01117 ( 1)  0.028
 187 R   0.19971 0.19934 0.19489 0.17496 0.12707 0.06515 0.02567 0.01320 ( 1)  0.032
 188 A   0.21512 0.21441 0.20585 0.17011 0.10078 0.04448 0.02623 0.02302 ( 1)  0.035
 189 Y   0.22686 0.22612 0.21734 0.17986 0.10265 0.03264 0.00881 0.00571 ( 1)  0.017
 190 K   0.20919 0.20875 0.20338 0.17954 0.12357 0.05462 0.01507 0.00588 ( 1)  0.023
 191 M   0.00000 0.00000 0.00033 0.00878 0.07413 0.23570 0.33790 0.34315 ( 8)  0.353
 192 L   0.21067 0.21016 0.20396 0.17689 0.11659 0.05067 0.01889 0.01217 ( 1)  0.027
 193 K   0.21620 0.21565 0.20910 0.18043 0.11609 0.04505 0.01174 0.00574 ( 1)  0.020
 194 G   0.21850 0.21781 0.20955 0.17454 0.10370 0.04118 0.01942 0.01529 ( 1)  0.028
 195 N   0.23484 0.23385 0.22208 0.17402 0.08734 0.02692 0.01162 0.00932 ( 1)  0.019
 196 G   0.21526 0.21463 0.20707 0.17472 0.10734 0.04437 0.02062 0.01599 ( 1)  0.029
 197 P   0.20978 0.20929 0.20329 0.17699 0.11759 0.05133 0.01922 0.01252 ( 1)  0.028
 198 H   0.22544 0.22468 0.21558 0.17713 0.10028 0.03466 0.01290 0.00932 ( 1)  0.021
 199 L   0.20086 0.20048 0.19579 0.17492 0.12551 0.06335 0.02510 0.01399 ( 1)  0.032
 200 F   0.21721 0.21666 0.21000 0.18084 0.11533 0.04374 0.01111 0.00512 ( 1)  0.020
 201 D   0.23263 0.23156 0.21891 0.16835 0.08323 0.03153 0.01854 0.01525 ( 1)  0.025
 202 F   0.21763 0.21707 0.21036 0.18097 0.11505 0.04330 0.01081 0.00481 ( 1)  0.019
 203 S   0.23213 0.23129 0.22120 0.17877 0.09520 0.02712 0.00820 0.00610 ( 1)  0.017
 204 M   0.00001 0.00148 0.01911 0.09264 0.22760 0.27978 0.20783 0.17156 ( 6)  0.217
 205 P   0.21791 0.21728 0.20967 0.17699 0.10801 0.04166 0.01631 0.01217 ( 1)  0.025
 206 F   0.22730 0.22658 0.21801 0.18117 0.10362 0.03138 0.00739 0.00454 ( 1)  0.016
 207 S   0.21125 0.21076 0.20484 0.17877 0.11917 0.05067 0.01589 0.00866 ( 1)  0.024
 208 A   0.00000 0.00125 0.01613 0.07815 0.19431 0.26035 0.23567 0.21413 ( 6)  0.249
 209 E   0.22796 0.22715 0.21742 0.17664 0.09685 0.03197 0.01252 0.00949 ( 1)  0.021
 210 P   0.00001 0.00172 0.02200 0.10208 0.22495 0.25064 0.21020 0.18841 ( 6)  0.225
 211 N   0.23484 0.23385 0.22208 0.17402 0.08734 0.02692 0.01162 0.00932 ( 1)  0.019
 212 Q   0.21046 0.21001 0.20455 0.18027 0.12295 0.05251 0.01372 0.00552 ( 1)  0.022
 213 Q   0.00000 0.00087 0.01142 0.05877 0.17088 0.28685 0.27355 0.19764 ( 6)  0.251
 214 V   0.21412 0.21346 0.20563 0.17243 0.10513 0.04531 0.02388 0.02005 ( 1)  0.033
 215 A   0.21846 0.21768 0.20838 0.16987 0.09741 0.04197 0.02500 0.02124 ( 1)  0.033
 216 A   0.00001 0.00201 0.02552 0.11592 0.24125 0.24682 0.19574 0.17274 ( 6)  0.211
 217 M   0.00000 0.00050 0.00643 0.03214 0.09177 0.19276 0.31851 0.35789 ( 8)  0.352
 218 V   0.22069 0.21990 0.21048 0.17138 0.09716 0.03955 0.02215 0.01870 ( 1)  0.030
 219 M   0.00001 0.00145 0.01870 0.08984 0.21645 0.26617 0.21729 0.19009 ( 6)  0.230
 220 A   0.21621 0.21548 0.20682 0.17065 0.10063 0.04390 0.02525 0.02105 ( 1)  0.033
 221 K   0.21588 0.21534 0.20883 0.18032 0.11628 0.04538 0.01197 0.00599 ( 1)  0.021
 222 A   0.21621 0.21548 0.20682 0.17065 0.10063 0.04390 0.02525 0.02105 ( 1)  0.033
 223 K   0.21620 0.21565 0.20910 0.18043 0.11609 0.04505 0.01174 0.00574 ( 1)  0.020
 224 E   0.22796 0.22715 0.21742 0.17664 0.09685 0.03197 0.01252 0.00949 ( 1)  0.021
 225 M   0.22764 0.22694 0.21853 0.18219 0.10449 0.03047 0.00617 0.00357 ( 1)  0.015
 226 A   0.21846 0.21768 0.20838 0.16987 0.09741 0.04197 0.02500 0.02124 ( 1)  0.033
 227 E   0.00001 0.00179 0.02300 0.10824 0.24614 0.27063 0.19117 0.15901 ( 6)  0.204
 228 G   0.22325 0.22245 0.21293 0.17326 0.09708 0.03672 0.01874 0.01556 ( 1)  0.027
 229 K   0.21620 0.21565 0.20910 0.18043 0.11609 0.04505 0.01174 0.00574 ( 1)  0.020
 230 G   0.22325 0.22245 0.21293 0.17326 0.09708 0.03672 0.01874 0.01556 ( 1)  0.027
 231 W   0.20359 0.20325 0.19916 0.18048 0.13280 0.06353 0.01484 0.00235 ( 1)  0.022
 232 P   0.21481 0.21423 0.20730 0.17725 0.11192 0.04510 0.01714 0.01226 ( 1)  0.026
 233 D   0.00000 0.00000 0.00000 0.00028 0.00676 0.04557 0.18163 0.76576 ( 8)  0.554
 234 D   0.00000 0.00000 0.00011 0.00260 0.01602 0.04786 0.17302 0.76039 ( 8)  0.549
 235 V   0.00000 0.00000 0.00024 0.00617 0.04760 0.14169 0.26891 0.53537 ( 8)  0.444
 236 W   0.00001 0.00142 0.01842 0.09219 0.24728 0.34476 0.21014 0.08580 ( 6)  0.171


lnL = -1655.289786

