Supplemental results for CODEML (seqf: algn  treef: tree)


dN/dS (w) for site classes (K=3)

p:   0.95087  0.00000  0.04913
w:   0.08988  1.00000 83.32355

Naive Empirical Bayes (NEB) probabilities for 3 classes & postmean_w & P(w>1)
(amino acids refer to 1st sequence: spe.37894)

   1 M   0.99827 0.00000 0.00173 ( 1)  0.234  0.002
   2 A   0.99753 0.00000 0.00247 ( 1)  0.296  0.002
   3 I   0.99740 0.00000 0.00260 ( 1)  0.306  0.003
   4 A   0.99726 0.00000 0.00274 ( 1)  0.318  0.003
   5 D   0.99789 0.00000 0.00211 ( 1)  0.266  0.002
   6 Q   0.99823 0.00000 0.00177 ( 1)  0.237  0.002
   7 R   0.99679 0.00000 0.00321 ( 1)  0.357  0.003
   8 I   0.99740 0.00000 0.00260 ( 1)  0.306  0.003
   9 D   0.99740 0.00000 0.00260 ( 1)  0.306  0.003
  10 P   0.99685 0.00000 0.00315 ( 1)  0.352  0.003
  11 L   0.99717 0.00000 0.00283 ( 1)  0.326  0.003
  12 D   0.99789 0.00000 0.00211 ( 1)  0.266  0.002
  13 V   0.99724 0.00000 0.00276 ( 1)  0.319  0.003
  14 S   0.99843 0.00000 0.00157 ( 1)  0.220  0.002
  15 L   0.99557 0.00000 0.00443 ( 1)  0.459  0.004
  16 V   0.99650 0.00000 0.00350 ( 1)  0.382  0.004
  17 Y   0.99851 0.00000 0.00149 ( 1)  0.214  0.001
  18 L   0.99853 0.00000 0.00147 ( 1)  0.212  0.001
  19 Q   0.99823 0.00000 0.00177 ( 1)  0.237  0.002
  20 G   0.99812 0.00000 0.00188 ( 1)  0.247  0.002
  21 R   0.99832 0.00000 0.00168 ( 1)  0.229  0.002
  22 P   0.99749 0.00000 0.00251 ( 1)  0.298  0.003
  23 A   0.99752 0.00000 0.00248 ( 1)  0.296  0.002
  24 V   0.99624 0.00000 0.00376 ( 1)  0.403  0.004
  25 L   0.99717 0.00000 0.00283 ( 1)  0.326  0.003
  26 N   0.99794 0.00000 0.00206 ( 1)  0.262  0.002
  27 R   0.99879 0.00000 0.00121 ( 1)  0.191  0.001
  28 E   0.99803 0.00000 0.00197 ( 1)  0.254  0.002
  29 N   0.99794 0.00000 0.00206 ( 1)  0.262  0.002
  30 S   0.99865 0.00000 0.00135 ( 1)  0.202  0.001
  31 S   0.99875 0.00000 0.00125 ( 1)  0.194  0.001
  32 G   0.99789 0.00000 0.00211 ( 1)  0.265  0.002
  33 E   0.99803 0.00000 0.00197 ( 1)  0.254  0.002
  34 T   0.99829 0.00000 0.00171 ( 1)  0.232  0.002
  35 S   0.99843 0.00000 0.00157 ( 1)  0.220  0.002
  36 A   0.99752 0.00000 0.00248 ( 1)  0.296  0.002
  37 A   0.99753 0.00000 0.00247 ( 1)  0.296  0.002
  38 E   0.99835 0.00000 0.00165 ( 1)  0.228  0.002
  39 K   0.99875 0.00000 0.00125 ( 1)  0.194  0.001
  40 L   0.99557 0.00000 0.00443 ( 1)  0.459  0.004
  41 I   0.99740 0.00000 0.00260 ( 1)  0.306  0.003
  42 R   0.99879 0.00000 0.00121 ( 1)  0.191  0.001
  43 T   0.99789 0.00000 0.00211 ( 1)  0.265  0.002
  44 R   0.99679 0.00000 0.00321 ( 1)  0.357  0.003
  45 H   0.99799 0.00000 0.00201 ( 1)  0.257  0.002
  46 A   0.99726 0.00000 0.00274 ( 1)  0.318  0.003
  47 E   0.99803 0.00000 0.00197 ( 1)  0.254  0.002
  48 I   0.99740 0.00000 0.00260 ( 1)  0.306  0.003
  49 R   0.99679 0.00000 0.00321 ( 1)  0.357  0.003
  50 H   0.99799 0.00000 0.00201 ( 1)  0.257  0.002
  51 L   0.99715 0.00000 0.00285 ( 1)  0.327  0.003
  52 I   0.99740 0.00000 0.00260 ( 1)  0.306  0.003
  53 F   0.99829 0.00000 0.00171 ( 1)  0.232  0.002
  54 E   0.99803 0.00000 0.00197 ( 1)  0.254  0.002
  55 A   0.99753 0.00000 0.00247 ( 1)  0.296  0.002
  56 C   0.99871 0.00000 0.00129 ( 1)  0.197  0.001
  57 R   0.99887 0.00000 0.00113 ( 1)  0.184  0.001
  58 E   0.99803 0.00000 0.00197 ( 1)  0.254  0.002
  59 G   0.99789 0.00000 0.00211 ( 1)  0.265  0.002
  60 A   0.99362 0.00000 0.00638 ( 1)  0.621  0.006
  61 Y   0.99838 0.00000 0.00162 ( 1)  0.225  0.002
  62 E   0.99803 0.00000 0.00197 ( 1)  0.254  0.002
  63 H   0.99785 0.00000 0.00215 ( 1)  0.269  0.002
  64 E   0.99835 0.00000 0.00165 ( 1)  0.228  0.002
  65 N   0.99835 0.00000 0.00165 ( 1)  0.227  0.002
  66 E   0.99835 0.00000 0.00165 ( 1)  0.228  0.002
  67 L   0.99557 0.00000 0.00443 ( 1)  0.459  0.004
  68 L   0.99715 0.00000 0.00285 ( 1)  0.327  0.003
  69 S   0.99843 0.00000 0.00157 ( 1)  0.220  0.002
  70 E   0.99803 0.00000 0.00197 ( 1)  0.254  0.002
  71 L   0.99717 0.00000 0.00283 ( 1)  0.326  0.003
  72 A   0.99726 0.00000 0.00274 ( 1)  0.318  0.003
  73 T   0.99829 0.00000 0.00171 ( 1)  0.232  0.002
  74 F   0.99829 0.00000 0.00171 ( 1)  0.232  0.002
  75 C   0.99888 0.00000 0.00112 ( 1)  0.183  0.001
  76 K   0.99846 0.00000 0.00154 ( 1)  0.218  0.002
  77 D   0.99789 0.00000 0.00211 ( 1)  0.266  0.002
  78 K   0.99875 0.00000 0.00125 ( 1)  0.194  0.001
  79 F   0.99823 0.00000 0.00177 ( 1)  0.237  0.002
  80 L   0.99715 0.00000 0.00285 ( 1)  0.327  0.003
  81 K   0.99846 0.00000 0.00154 ( 1)  0.218  0.002
  82 L   0.99715 0.00000 0.00285 ( 1)  0.327  0.003
  83 L   0.94530 0.00000 0.05470 ( 1)  4.643  0.055
  84 A   0.99726 0.00000 0.00274 ( 1)  0.318  0.003
  85 L   0.99853 0.00000 0.00147 ( 1)  0.212  0.001
  86 C   0.99888 0.00000 0.00112 ( 1)  0.183  0.001
  87 K   0.99846 0.00000 0.00154 ( 1)  0.218  0.002
  88 A   0.99753 0.00000 0.00247 ( 1)  0.296  0.002
  89 T   0.99789 0.00000 0.00211 ( 1)  0.265  0.002
  90 L   0.99717 0.00000 0.00283 ( 1)  0.326  0.003
  91 T   0.99805 0.00000 0.00195 ( 1)  0.252  0.002
  92 R   0.99887 0.00000 0.00113 ( 1)  0.184  0.001
  93 L   0.99557 0.00000 0.00443 ( 1)  0.459  0.004
  94 E   0.99803 0.00000 0.00197 ( 1)  0.254  0.002
  95 V   0.99650 0.00000 0.00350 ( 1)  0.382  0.004
  96 S   0.99835 0.00000 0.00165 ( 1)  0.227  0.002
  97 A   0.99753 0.00000 0.00247 ( 1)  0.296  0.002
  98 E   0.99835 0.00000 0.00165 ( 1)  0.228  0.002
  99 F   0.99829 0.00000 0.00171 ( 1)  0.232  0.002
 100 C   0.99888 0.00000 0.00112 ( 1)  0.183  0.001
 101 F   0.99829 0.00000 0.00171 ( 1)  0.232  0.002
 102 G   0.99799 0.00000 0.00201 ( 1)  0.257  0.002
 103 C   0.99888 0.00000 0.00112 ( 1)  0.183  0.001
 104 S   0.99865 0.00000 0.00135 ( 1)  0.202  0.001
 105 L   0.99715 0.00000 0.00285 ( 1)  0.327  0.003
 106 N   0.99835 0.00000 0.00165 ( 1)  0.227  0.002
 107 S   0.99764 0.00000 0.00236 ( 1)  0.286  0.002
 108 T   0.99789 0.00000 0.00211 ( 1)  0.265  0.002
 109 V   0.99701 0.00000 0.00299 ( 1)  0.339  0.003
 110 D   0.99740 0.00000 0.00260 ( 1)  0.306  0.003
 111 S   0.99865 0.00000 0.00135 ( 1)  0.202  0.001
 112 Q   0.99823 0.00000 0.00177 ( 1)  0.237  0.002
 113 I   0.99740 0.00000 0.00260 ( 1)  0.306  0.003
 114 R   0.99879 0.00000 0.00121 ( 1)  0.191  0.001
 115 S   0.99835 0.00000 0.00165 ( 1)  0.227  0.002
 116 L   0.99717 0.00000 0.00283 ( 1)  0.326  0.003
 117 K   0.99875 0.00000 0.00125 ( 1)  0.194  0.001
 118 G   0.99789 0.00000 0.00211 ( 1)  0.265  0.002
 119 A   0.99753 0.00000 0.00247 ( 1)  0.296  0.002
 120 F   0.99823 0.00000 0.00177 ( 1)  0.237  0.002
 121 T   0.99847 0.00000 0.00153 ( 1)  0.218  0.002
 122 K   0.99846 0.00000 0.00154 ( 1)  0.218  0.002
 123 V   0.99290 0.00000 0.00710 ( 1)  0.681  0.007
 124 T   0.99805 0.00000 0.00195 ( 1)  0.252  0.002
 125 E   0.99803 0.00000 0.00197 ( 1)  0.254  0.002
 126 L   0.99853 0.00000 0.00147 ( 1)  0.212  0.001
 127 S   0.99843 0.00000 0.00157 ( 1)  0.220  0.002
 128 I   0.99747 0.00000 0.00253 ( 1)  0.300  0.003
 129 E   0.99803 0.00000 0.00197 ( 1)  0.254  0.002
 130 P   0.99804 0.00000 0.00196 ( 1)  0.253  0.002
 131 D   0.99789 0.00000 0.00211 ( 1)  0.266  0.002
 132 R   0.99824 0.00000 0.00176 ( 1)  0.236  0.002
 133 H   0.99785 0.00000 0.00215 ( 1)  0.269  0.002
 134 M   0.99827 0.00000 0.00173 ( 1)  0.234  0.002
 135 D   0.99740 0.00000 0.00260 ( 1)  0.306  0.003
 136 F   0.99829 0.00000 0.00171 ( 1)  0.232  0.002
 137 E   0.99803 0.00000 0.00197 ( 1)  0.254  0.002
 138 R   0.99824 0.00000 0.00176 ( 1)  0.236  0.002
 139 F   0.99829 0.00000 0.00171 ( 1)  0.232  0.002
 140 K   0.99875 0.00000 0.00125 ( 1)  0.194  0.001
 141 T   0.99847 0.00000 0.00153 ( 1)  0.218  0.002
 142 Q   0.99823 0.00000 0.00177 ( 1)  0.237  0.002
 143 A   0.99796 0.00000 0.00204 ( 1)  0.260  0.002
 144 V   0.99290 0.00000 0.00710 ( 1)  0.681  0.007
 145 S   0.99835 0.00000 0.00165 ( 1)  0.227  0.002
 146 S   0.99875 0.00000 0.00125 ( 1)  0.194  0.001
 147 K   0.99846 0.00000 0.00154 ( 1)  0.218  0.002
 148 K   0.99846 0.00000 0.00154 ( 1)  0.218  0.002
 149 L   0.99717 0.00000 0.00283 ( 1)  0.326  0.003
 150 E   0.66195 0.00000 0.33805 ( 1) 28.227  0.338
 151 S   0.99764 0.00000 0.00236 ( 1)  0.286  0.002
 152 F   0.99829 0.00000 0.00171 ( 1)  0.232  0.002
 153 L   0.99715 0.00000 0.00285 ( 1)  0.327  0.003
 154 R   0.99802 0.00000 0.00198 ( 1)  0.254  0.002
 155 M   0.99827 0.00000 0.00173 ( 1)  0.234  0.002
 156 F   0.99829 0.00000 0.00171 ( 1)  0.232  0.002
 157 P   0.99796 0.00000 0.00204 ( 1)  0.260  0.002
 158 H   0.99799 0.00000 0.00201 ( 1)  0.257  0.002
 159 L   0.99715 0.00000 0.00285 ( 1)  0.327  0.003
 160 T   0.99352 0.00000 0.00648 ( 1)  0.629  0.006
 161 T   0.99805 0.00000 0.00195 ( 1)  0.252  0.002
 162 L   0.99717 0.00000 0.00283 ( 1)  0.326  0.003
 163 R   0.99887 0.00000 0.00113 ( 1)  0.184  0.001
 164 F   0.99829 0.00000 0.00171 ( 1)  0.232  0.002
 165 C   0.99888 0.00000 0.00112 ( 1)  0.183  0.001
 166 A   0.57843 0.00000 0.42157 ( 1) 35.179  0.422
 167 G   0.99831 0.00000 0.00169 ( 1)  0.231  0.002
 168 K   0.99846 0.00000 0.00154 ( 1)  0.218  0.002
 169 W   0.99903 0.00000 0.00097 ( 1)  0.171  0.001
 170 V   0.98195 0.00000 0.01805 ( 1)  1.593  0.018
 171 R   0.99824 0.00000 0.00176 ( 1)  0.236  0.002
 172 W   0.99903 0.00000 0.00097 ( 1)  0.171  0.001
 173 S   0.99875 0.00000 0.00125 ( 1)  0.194  0.001
 174 N   0.99794 0.00000 0.00206 ( 1)  0.262  0.002
 175 L   0.99670 0.00000 0.00330 ( 1)  0.365  0.003
 176 D   0.99740 0.00000 0.00260 ( 1)  0.306  0.003
 177 V   0.99290 0.00000 0.00710 ( 1)  0.681  0.007
 178 L   0.99670 0.00000 0.00330 ( 1)  0.365  0.003
 179 L   0.99715 0.00000 0.00285 ( 1)  0.327  0.003
 180 A   0.99753 0.00000 0.00247 ( 1)  0.296  0.002
 181 A   0.99753 0.00000 0.00247 ( 1)  0.296  0.002
 182 C   0.99871 0.00000 0.00129 ( 1)  0.197  0.001
 183 P   0.99796 0.00000 0.00204 ( 1)  0.260  0.002
 184 R   0.99824 0.00000 0.00176 ( 1)  0.236  0.002
 185 L   0.99717 0.00000 0.00283 ( 1)  0.326  0.003
 186 E   0.99803 0.00000 0.00197 ( 1)  0.254  0.002
 187 K   0.99846 0.00000 0.00154 ( 1)  0.218  0.002
 188 L   0.99715 0.00000 0.00285 ( 1)  0.327  0.003
 189 F   0.41731 0.00000 0.58269 ( 3) 48.589  0.583
 190 V   0.99290 0.00000 0.00710 ( 1)  0.681  0.007
 191 G   0.99145 0.00000 0.00855 ( 1)  0.801  0.009
 192 T   0.99805 0.00000 0.00195 ( 1)  0.252  0.002
 193 S   0.99843 0.00000 0.00157 ( 1)  0.220  0.002
 194 T   0.99805 0.00000 0.00195 ( 1)  0.252  0.002
 195 V   0.99724 0.00000 0.00276 ( 1)  0.319  0.003
 196 D   0.56417 0.00000 0.43583 ( 1) 36.365  0.436
 197 V   0.99724 0.00000 0.00276 ( 1)  0.319  0.003
 198 E   0.99803 0.00000 0.00197 ( 1)  0.254  0.002
 199 T   0.99847 0.00000 0.00153 ( 1)  0.218  0.002
 200 A   0.99726 0.00000 0.00274 ( 1)  0.318  0.003
 201 L   0.99717 0.00000 0.00283 ( 1)  0.326  0.003
 202 Q   0.99823 0.00000 0.00177 ( 1)  0.237  0.002
 203 N   0.98912 0.00000 0.01088 ( 1)  0.996  0.011
 204 A   0.99752 0.00000 0.00248 ( 1)  0.296  0.002
 205 T   0.99789 0.00000 0.00211 ( 1)  0.265  0.002
 206 S   0.22334 0.00000 0.77666 ( 3) 64.734  0.777
 207 H   0.99785 0.00000 0.00215 ( 1)  0.269  0.002
 208 P   0.99749 0.00000 0.00251 ( 1)  0.298  0.003
 209 V   0.99724 0.00000 0.00276 ( 1)  0.319  0.003
 210 R   0.99832 0.00000 0.00168 ( 1)  0.229  0.002
 211 T   0.99805 0.00000 0.00195 ( 1)  0.252  0.002
 212 L   0.99557 0.00000 0.00443 ( 1)  0.459  0.004
 213 V   0.99724 0.00000 0.00276 ( 1)  0.319  0.003
 214 F   0.99829 0.00000 0.00171 ( 1)  0.232  0.002
 215 D   0.99740 0.00000 0.00260 ( 1)  0.306  0.003
 216 F   0.99829 0.00000 0.00171 ( 1)  0.232  0.002
 217 P   0.99685 0.00000 0.00315 ( 1)  0.352  0.003
 218 E   0.99803 0.00000 0.00197 ( 1)  0.254  0.002
 219 A   0.99726 0.00000 0.00274 ( 1)  0.318  0.003
 220 E   0.99803 0.00000 0.00197 ( 1)  0.254  0.002
 221 V   0.99724 0.00000 0.00276 ( 1)  0.319  0.003
 222 P   0.99796 0.00000 0.00204 ( 1)  0.260  0.002
 223 C   0.99888 0.00000 0.00112 ( 1)  0.183  0.001
 224 D   0.99740 0.00000 0.00260 ( 1)  0.306  0.003
 225 F   0.99265 0.00000 0.00735 ( 1)  0.701  0.007
 226 S   0.99865 0.00000 0.00135 ( 1)  0.202  0.001
 227 G   0.99831 0.00000 0.00169 ( 1)  0.231  0.002
 228 L   0.99717 0.00000 0.00283 ( 1)  0.326  0.003
 229 R   0.99679 0.00000 0.00321 ( 1)  0.357  0.003
 230 K   0.99846 0.00000 0.00154 ( 1)  0.218  0.002
 231 C   0.99888 0.00000 0.00112 ( 1)  0.183  0.001
 232 Q   0.99823 0.00000 0.00177 ( 1)  0.237  0.002
 233 K   0.99846 0.00000 0.00154 ( 1)  0.218  0.002
 234 T   0.99829 0.00000 0.00171 ( 1)  0.232  0.002
 235 E   0.99835 0.00000 0.00165 ( 1)  0.228  0.002
 236 Y   0.99851 0.00000 0.00149 ( 1)  0.214  0.001
 237 L   0.99670 0.00000 0.00330 ( 1)  0.365  0.003
 238 L   0.99715 0.00000 0.00285 ( 1)  0.327  0.003
 239 L   0.99715 0.00000 0.00285 ( 1)  0.327  0.003
 240 R   0.94771 0.00000 0.05229 ( 1)  4.442  0.052
 241 T   0.99805 0.00000 0.00195 ( 1)  0.252  0.002
 242 G   0.99789 0.00000 0.00211 ( 1)  0.265  0.002
 243 W   0.99903 0.00000 0.00097 ( 1)  0.171  0.001
 244 R   0.99879 0.00000 0.00121 ( 1)  0.191  0.001
 245 D   0.99789 0.00000 0.00211 ( 1)  0.266  0.002
 246 E   0.99835 0.00000 0.00165 ( 1)  0.228  0.002
 247 L   0.99717 0.00000 0.00283 ( 1)  0.326  0.003
 248 D   0.99789 0.00000 0.00211 ( 1)  0.266  0.002
 249 D   0.98917 0.00000 0.01083 ( 1)  0.991  0.011
 250 E   0.99803 0.00000 0.00197 ( 1)  0.254  0.002
 251 I   0.99747 0.00000 0.00253 ( 1)  0.300  0.003
 252 L   0.99670 0.00000 0.00330 ( 1)  0.365  0.003
 253 Q   0.99823 0.00000 0.00177 ( 1)  0.237  0.002
 254 N   0.99794 0.00000 0.00206 ( 1)  0.262  0.002
 255 C   0.99888 0.00000 0.00112 ( 1)  0.183  0.001
 256 F   0.99829 0.00000 0.00171 ( 1)  0.232  0.002
 257 R   0.99887 0.00000 0.00113 ( 1)  0.184  0.001
 258 A   0.99726 0.00000 0.00274 ( 1)  0.318  0.003
 259 M   0.99827 0.00000 0.00173 ( 1)  0.234  0.002
 260 P   0.99796 0.00000 0.00204 ( 1)  0.260  0.002
 261 C   0.99888 0.00000 0.00112 ( 1)  0.183  0.001
 262 L   0.99670 0.00000 0.00330 ( 1)  0.365  0.003
 263 R   0.99679 0.00000 0.00321 ( 1)  0.357  0.003
 264 W   0.99903 0.00000 0.00097 ( 1)  0.171  0.001
 265 L   0.99715 0.00000 0.00285 ( 1)  0.327  0.003
 266 I   0.99863 0.00000 0.00137 ( 1)  0.204  0.001
 267 V   0.99650 0.00000 0.00350 ( 1)  0.382  0.004
 268 V   0.73377 0.00000 0.26623 ( 1) 22.249  0.266
 269 M   0.99827 0.00000 0.00173 ( 1)  0.234  0.002
 270 G   0.94115 0.00000 0.05885 ( 1)  4.988  0.059
 271 K   0.00593 0.00000 0.99407 ( 3) 82.830  0.994
 272 S   0.31970 0.00000 0.68030 ( 3) 56.713  0.680
 273 H   0.00197 0.00000 0.99803 ( 3) 83.159  0.998
 274 V   0.94580 0.00000 0.05420 ( 1)  4.601  0.054
 275 A   0.43211 0.00000 0.56789 ( 3) 47.357  0.568
 276 L   0.94530 0.00000 0.05470 ( 1)  4.643  0.055
 277 T   0.00561 0.00000 0.99439 ( 3) 82.857  0.994
 278 E   0.00005 0.00000 0.99995 ( 3) 83.320  1.000
 279 A   0.00119 0.00000 0.99881 ( 3) 83.225  0.999
 280 V   0.00171 0.00000 0.99829 ( 3) 83.182  0.998
 281 G   0.00144 0.00000 0.99856 ( 3) 83.203  0.999
 282 L   0.00022 0.00000 0.99978 ( 3) 83.305  1.000
 283 P   0.00001 0.00000 0.99999 ( 3) 83.323  1.000
 284 P   0.99685 0.00000 0.00315 ( 1)  0.352  0.003

Positively selected sites

	Prob(w>1)  mean w

   189 F      0.583         48.589
   206 S      0.777         64.734
   271 K      0.994**       82.830
   272 S      0.680         56.713
   273 H      0.998**       83.159
   275 A      0.568         47.357
   277 T      0.994**       82.857
   278 E      1.000**       83.320
   279 A      0.999**       83.225
   280 V      0.998**       83.182
   281 G      0.999**       83.203
   282 L      1.000**       83.305
   283 P      1.000**       83.323


lnL = -1341.638039

Bayes Empirical Bayes (BEB) probabilities for 3 classes (class) & postmean_w
(amino acids refer to 1st sequence: spe.37894)

   1 M   0.91758 0.06978 0.01264 ( 1)  0.252 +-  1.090
   2 A   0.91353 0.07124 0.01523 ( 1)  0.278 +-  1.192
   3 I   0.91534 0.07028 0.01438 ( 1)  0.269 +-  1.160
   4 A   0.89709 0.07670 0.02620 ( 1)  0.389 +-  1.547
   5 D   0.90225 0.07550 0.02225 ( 1)  0.349 +-  1.429
   6 Q   0.89947 0.07630 0.02423 ( 1)  0.369 +-  1.489
   7 R   0.87782 0.07979 0.04239 ( 1)  0.549 +-  1.951
   8 I   0.91534 0.07028 0.01438 ( 1)  0.269 +-  1.160
   9 D   0.91534 0.07018 0.01447 ( 1)  0.270 +-  1.164
  10 P   0.88691 0.07867 0.03442 ( 1)  0.470 +-  1.765
  11 L   0.89261 0.07741 0.02997 ( 1)  0.426 +-  1.651
  12 D   0.90225 0.07550 0.02225 ( 1)  0.349 +-  1.429
  13 V   0.90653 0.07339 0.02007 ( 1)  0.327 +-  1.362
  14 S   0.91471 0.07164 0.01365 ( 1)  0.263 +-  1.129
  15 L   0.87887 0.07961 0.04152 ( 1)  0.540 +-  1.932
  16 V   0.91147 0.07105 0.01747 ( 1)  0.300 +-  1.275
  17 Y   0.90800 0.07407 0.01793 ( 1)  0.306 +-  1.287
  18 L   0.89059 0.07818 0.03123 ( 1)  0.439 +-  1.683
  19 Q   0.89947 0.07630 0.02423 ( 1)  0.369 +-  1.489
  20 G   0.88988 0.07818 0.03194 ( 1)  0.446 +-  1.702
  21 R   0.89862 0.07629 0.02509 ( 1)  0.378 +-  1.515
  22 P   0.89189 0.07787 0.03024 ( 1)  0.429 +-  1.658
  23 A   0.89209 0.07776 0.03015 ( 1)  0.428 +-  1.656
  24 V   0.89601 0.07654 0.02745 ( 1)  0.401 +-  1.583
  25 L   0.89261 0.07741 0.02997 ( 1)  0.426 +-  1.651
  26 N   0.91568 0.07065 0.01367 ( 1)  0.262 +-  1.131
  27 R   0.90808 0.07410 0.01782 ( 1)  0.305 +-  1.283
  28 E   0.91029 0.07257 0.01714 ( 1)  0.298 +-  1.261
  29 N   0.91568 0.07065 0.01367 ( 1)  0.262 +-  1.131
  30 S   0.89946 0.07658 0.02396 ( 1)  0.367 +-  1.480
  31 S   0.89842 0.07670 0.02488 ( 1)  0.376 +-  1.508
  32 G   0.91276 0.07184 0.01540 ( 1)  0.280 +-  1.198
  33 E   0.91029 0.07257 0.01714 ( 1)  0.298 +-  1.261
  34 T   0.89120 0.07809 0.03070 ( 1)  0.433 +-  1.670
  35 S   0.91471 0.07164 0.01365 ( 1)  0.263 +-  1.129
  36 A   0.89209 0.07776 0.03015 ( 1)  0.428 +-  1.656
  37 A   0.91353 0.07124 0.01523 ( 1)  0.278 +-  1.192
  38 E   0.89873 0.07652 0.02475 ( 1)  0.374 +-  1.504
  39 K   0.89740 0.07695 0.02565 ( 1)  0.383 +-  1.530
  40 L   0.87887 0.07961 0.04152 ( 1)  0.540 +-  1.932
  41 I   0.91534 0.07028 0.01438 ( 1)  0.269 +-  1.160
  42 R   0.90808 0.07410 0.01782 ( 1)  0.305 +-  1.283
  43 T   0.89615 0.07711 0.02674 ( 1)  0.394 +-  1.562
  44 R   0.87782 0.07979 0.04239 ( 1)  0.549 +-  1.951
  45 H   0.89691 0.07692 0.02617 ( 1)  0.388 +-  1.546
  46 A   0.89709 0.07670 0.02620 ( 1)  0.389 +-  1.547
  47 E   0.91029 0.07257 0.01714 ( 1)  0.298 +-  1.261
  48 I   0.91534 0.07028 0.01438 ( 1)  0.269 +-  1.160
  49 R   0.87782 0.07979 0.04239 ( 1)  0.549 +-  1.951
  50 H   0.89691 0.07692 0.02617 ( 1)  0.388 +-  1.546
  51 L   0.90752 0.07325 0.01923 ( 1)  0.318 +-  1.334
  52 I   0.91534 0.07028 0.01438 ( 1)  0.269 +-  1.160
  53 F   0.91223 0.07254 0.01523 ( 1)  0.279 +-  1.190
  54 E   0.91029 0.07257 0.01714 ( 1)  0.298 +-  1.261
  55 A   0.91353 0.07124 0.01523 ( 1)  0.278 +-  1.192
  56 C   0.89087 0.07829 0.03084 ( 1)  0.435 +-  1.673
  57 R   0.89329 0.07781 0.02890 ( 1)  0.416 +-  1.621
  58 E   0.91029 0.07257 0.01714 ( 1)  0.298 +-  1.261
  59 G   0.91276 0.07184 0.01540 ( 1)  0.280 +-  1.198
  60 A   0.90583 0.07398 0.02019 ( 1)  0.328 +-  1.365
  61 Y   0.89100 0.07814 0.03086 ( 1)  0.435 +-  1.674
  62 E   0.91029 0.07257 0.01714 ( 1)  0.298 +-  1.261
  63 H   0.91060 0.07260 0.01680 ( 1)  0.294 +-  1.249
  64 E   0.89873 0.07652 0.02475 ( 1)  0.374 +-  1.504
  65 N   0.90155 0.07591 0.02254 ( 1)  0.352 +-  1.438
  66 E   0.89873 0.07652 0.02475 ( 1)  0.374 +-  1.504
  67 L   0.87887 0.07961 0.04152 ( 1)  0.540 +-  1.932
  68 L   0.90752 0.07325 0.01923 ( 1)  0.318 +-  1.334
  69 S   0.91471 0.07164 0.01365 ( 1)  0.263 +-  1.129
  70 E   0.91029 0.07257 0.01714 ( 1)  0.298 +-  1.261
  71 L   0.89261 0.07741 0.02997 ( 1)  0.426 +-  1.651
  72 A   0.89709 0.07670 0.02620 ( 1)  0.389 +-  1.547
  73 T   0.89120 0.07809 0.03070 ( 1)  0.433 +-  1.670
  74 F   0.91223 0.07254 0.01523 ( 1)  0.279 +-  1.190
  75 C   0.90720 0.07464 0.01816 ( 1)  0.309 +-  1.294
  76 K   0.91003 0.07309 0.01688 ( 1)  0.295 +-  1.251
  77 D   0.90225 0.07550 0.02225 ( 1)  0.349 +-  1.429
  78 K   0.89740 0.07695 0.02565 ( 1)  0.383 +-  1.530
  79 F   0.89715 0.07705 0.02580 ( 1)  0.385 +-  1.535
  80 L   0.90752 0.07325 0.01923 ( 1)  0.318 +-  1.334
  81 K   0.91003 0.07309 0.01688 ( 1)  0.295 +-  1.251
  82 L   0.90752 0.07325 0.01923 ( 1)  0.318 +-  1.334
  83 L   0.86921 0.07904 0.05175 ( 1)  0.640 +-  2.151
  84 A   0.89709 0.07670 0.02620 ( 1)  0.389 +-  1.547
  85 L   0.89059 0.07818 0.03123 ( 1)  0.439 +-  1.683
  86 C   0.90720 0.07464 0.01816 ( 1)  0.309 +-  1.294
  87 K   0.91003 0.07309 0.01688 ( 1)  0.295 +-  1.251
  88 A   0.91353 0.07124 0.01523 ( 1)  0.278 +-  1.192
  89 T   0.89615 0.07711 0.02674 ( 1)  0.394 +-  1.562
  90 L   0.89261 0.07741 0.02997 ( 1)  0.426 +-  1.651
  91 T   0.91313 0.07199 0.01488 ( 1)  0.275 +-  1.177
  92 R   0.89329 0.07781 0.02890 ( 1)  0.416 +-  1.621
  93 L   0.87887 0.07961 0.04152 ( 1)  0.540 +-  1.932
  94 E   0.91029 0.07257 0.01714 ( 1)  0.298 +-  1.261
  95 V   0.91147 0.07105 0.01747 ( 1)  0.300 +-  1.275
  96 S   0.88988 0.07840 0.03172 ( 1)  0.444 +-  1.696
  97 A   0.91353 0.07124 0.01523 ( 1)  0.278 +-  1.192
  98 E   0.89873 0.07652 0.02475 ( 1)  0.374 +-  1.504
  99 F   0.91223 0.07254 0.01523 ( 1)  0.279 +-  1.190
 100 C   0.90720 0.07464 0.01816 ( 1)  0.309 +-  1.294
 101 F   0.91223 0.07254 0.01523 ( 1)  0.279 +-  1.190
 102 G   0.89611 0.07702 0.02687 ( 1)  0.395 +-  1.566
 103 C   0.90720 0.07464 0.01816 ( 1)  0.309 +-  1.294
 104 S   0.89946 0.07658 0.02396 ( 1)  0.367 +-  1.480
 105 L   0.90752 0.07325 0.01923 ( 1)  0.318 +-  1.334
 106 N   0.90155 0.07591 0.02254 ( 1)  0.352 +-  1.438
 107 S   0.88153 0.07945 0.03902 ( 1)  0.515 +-  1.875
 108 T   0.89615 0.07711 0.02674 ( 1)  0.394 +-  1.562
 109 V   0.89155 0.07764 0.03081 ( 1)  0.434 +-  1.674
 110 D   0.91534 0.07018 0.01447 ( 1)  0.270 +-  1.164
 111 S   0.89946 0.07658 0.02396 ( 1)  0.367 +-  1.480
 112 Q   0.89947 0.07630 0.02423 ( 1)  0.369 +-  1.489
 113 I   0.91534 0.07028 0.01438 ( 1)  0.269 +-  1.160
 114 R   0.90808 0.07410 0.01782 ( 1)  0.305 +-  1.283
 115 S   0.88988 0.07840 0.03172 ( 1)  0.444 +-  1.696
 116 L   0.89261 0.07741 0.02997 ( 1)  0.426 +-  1.651
 117 K   0.89740 0.07695 0.02565 ( 1)  0.383 +-  1.530
 118 G   0.91276 0.07184 0.01540 ( 1)  0.280 +-  1.198
 119 A   0.91353 0.07124 0.01523 ( 1)  0.278 +-  1.192
 120 F   0.89715 0.07705 0.02580 ( 1)  0.385 +-  1.535
 121 T   0.90748 0.07419 0.01833 ( 1)  0.310 +-  1.301
 122 K   0.91003 0.07309 0.01688 ( 1)  0.295 +-  1.251
 123 V   0.90512 0.07381 0.02107 ( 1)  0.337 +-  1.394
 124 T   0.91313 0.07199 0.01488 ( 1)  0.275 +-  1.177
 125 E   0.91029 0.07257 0.01714 ( 1)  0.298 +-  1.261
 126 L   0.89059 0.07818 0.03123 ( 1)  0.439 +-  1.683
 127 S   0.91471 0.07164 0.01365 ( 1)  0.263 +-  1.129
 128 I   0.90088 0.07584 0.02329 ( 1)  0.360 +-  1.461
 129 E   0.91029 0.07257 0.01714 ( 1)  0.298 +-  1.261
 130 P   0.90235 0.07537 0.02228 ( 1)  0.350 +-  1.431
 131 D   0.90225 0.07550 0.02225 ( 1)  0.349 +-  1.429
 132 R   0.90753 0.07401 0.01845 ( 1)  0.311 +-  1.305
 133 H   0.91060 0.07260 0.01680 ( 1)  0.294 +-  1.249
 134 M   0.91758 0.06978 0.01264 ( 1)  0.252 +-  1.090
 135 D   0.91534 0.07018 0.01447 ( 1)  0.270 +-  1.164
 136 F   0.91223 0.07254 0.01523 ( 1)  0.279 +-  1.190
 137 E   0.91029 0.07257 0.01714 ( 1)  0.298 +-  1.261
 138 R   0.90753 0.07401 0.01845 ( 1)  0.311 +-  1.305
 139 F   0.91223 0.07254 0.01523 ( 1)  0.279 +-  1.190
 140 K   0.89740 0.07695 0.02565 ( 1)  0.383 +-  1.530
 141 T   0.90748 0.07419 0.01833 ( 1)  0.310 +-  1.301
 142 Q   0.89947 0.07630 0.02423 ( 1)  0.369 +-  1.489
 143 A   0.90786 0.07356 0.01859 ( 1)  0.312 +-  1.311
 144 V   0.90512 0.07381 0.02107 ( 1)  0.337 +-  1.394
 145 S   0.88988 0.07840 0.03172 ( 1)  0.444 +-  1.696
 146 S   0.89842 0.07670 0.02488 ( 1)  0.376 +-  1.508
 147 K   0.91003 0.07309 0.01688 ( 1)  0.295 +-  1.251
 148 K   0.91003 0.07309 0.01688 ( 1)  0.295 +-  1.251
 149 L   0.89261 0.07741 0.02997 ( 1)  0.426 +-  1.651
 150 E   0.15114 0.19454 0.65431 ( 3)  6.615 +-  4.454
 151 S   0.88153 0.07945 0.03902 ( 1)  0.515 +-  1.875
 152 F   0.91223 0.07254 0.01523 ( 1)  0.279 +-  1.190
 153 L   0.90752 0.07325 0.01923 ( 1)  0.318 +-  1.334
 154 R   0.89080 0.07811 0.03109 ( 1)  0.437 +-  1.680
 155 M   0.91758 0.06978 0.01264 ( 1)  0.252 +-  1.090
 156 F   0.91223 0.07254 0.01523 ( 1)  0.279 +-  1.190
 157 P   0.90855 0.07353 0.01792 ( 1)  0.306 +-  1.288
 158 H   0.89691 0.07692 0.02617 ( 1)  0.388 +-  1.546
 159 L   0.90752 0.07325 0.01923 ( 1)  0.318 +-  1.334
 160 T   0.90493 0.07455 0.02052 ( 1)  0.332 +-  1.375
 161 T   0.91313 0.07199 0.01488 ( 1)  0.275 +-  1.177
 162 L   0.89261 0.07741 0.02997 ( 1)  0.426 +-  1.651
 163 R   0.89329 0.07781 0.02890 ( 1)  0.416 +-  1.621
 164 F   0.91223 0.07254 0.01523 ( 1)  0.279 +-  1.190
 165 C   0.90720 0.07464 0.01816 ( 1)  0.309 +-  1.294
 166 A   0.15940 0.20282 0.63778 ( 3)  6.460 +-  4.499
 167 G   0.90693 0.07404 0.01903 ( 1)  0.317 +-  1.325
 168 K   0.91003 0.07309 0.01688 ( 1)  0.295 +-  1.251
 169 W   0.89303 0.07792 0.02904 ( 1)  0.417 +-  1.625
 170 V   0.89496 0.07512 0.02992 ( 1)  0.424 +-  1.656
 171 R   0.90753 0.07401 0.01845 ( 1)  0.311 +-  1.305
 172 W   0.89303 0.07792 0.02904 ( 1)  0.417 +-  1.625
 173 S   0.89842 0.07670 0.02488 ( 1)  0.376 +-  1.508
 174 N   0.91568 0.07065 0.01367 ( 1)  0.262 +-  1.131
 175 L   0.89161 0.07770 0.03070 ( 1)  0.433 +-  1.670
 176 D   0.91534 0.07018 0.01447 ( 1)  0.270 +-  1.164
 177 V   0.90512 0.07381 0.02107 ( 1)  0.337 +-  1.394
 178 L   0.89161 0.07770 0.03070 ( 1)  0.433 +-  1.670
 179 L   0.90752 0.07325 0.01923 ( 1)  0.318 +-  1.334
 180 A   0.91353 0.07124 0.01523 ( 1)  0.278 +-  1.192
 181 A   0.91353 0.07124 0.01523 ( 1)  0.278 +-  1.192
 182 C   0.89087 0.07829 0.03084 ( 1)  0.435 +-  1.673
 183 P   0.90855 0.07353 0.01792 ( 1)  0.306 +-  1.288
 184 R   0.90753 0.07401 0.01845 ( 1)  0.311 +-  1.305
 185 L   0.89261 0.07741 0.02997 ( 1)  0.426 +-  1.651
 186 E   0.91029 0.07257 0.01714 ( 1)  0.298 +-  1.261
 187 K   0.91003 0.07309 0.01688 ( 1)  0.295 +-  1.251
 188 L   0.90752 0.07325 0.01923 ( 1)  0.318 +-  1.334
 189 F   0.17080 0.21217 0.61703 ( 3)  6.267 +-  4.549
 190 V   0.90512 0.07381 0.02107 ( 1)  0.337 +-  1.394
 191 G   0.90480 0.07442 0.02078 ( 1)  0.334 +-  1.384
 192 T   0.91313 0.07199 0.01488 ( 1)  0.275 +-  1.177
 193 S   0.91471 0.07164 0.01365 ( 1)  0.263 +-  1.129
 194 T   0.91313 0.07199 0.01488 ( 1)  0.275 +-  1.177
 195 V   0.90653 0.07339 0.02007 ( 1)  0.327 +-  1.362
 196 D   0.22673 0.26500 0.50827 ( 3)  5.248 +-  4.663
 197 V   0.90653 0.07339 0.02007 ( 1)  0.327 +-  1.362
 198 E   0.91029 0.07257 0.01714 ( 1)  0.298 +-  1.261
 199 T   0.90748 0.07419 0.01833 ( 1)  0.310 +-  1.301
 200 A   0.89709 0.07670 0.02620 ( 1)  0.389 +-  1.547
 201 L   0.89261 0.07741 0.02997 ( 1)  0.426 +-  1.651
 202 Q   0.89947 0.07630 0.02423 ( 1)  0.369 +-  1.489
 203 N   0.90510 0.07314 0.02176 ( 1)  0.343 +-  1.418
 204 A   0.89209 0.07776 0.03015 ( 1)  0.428 +-  1.656
 205 T   0.89615 0.07711 0.02674 ( 1)  0.394 +-  1.562
 206 S   0.11004 0.14820 0.74176 ( 3)  7.432 +-  4.120
 207 H   0.91060 0.07260 0.01680 ( 1)  0.294 +-  1.249
 208 P   0.89189 0.07787 0.03024 ( 1)  0.429 +-  1.658
 209 V   0.90653 0.07339 0.02007 ( 1)  0.327 +-  1.362
 210 R   0.89862 0.07629 0.02509 ( 1)  0.378 +-  1.515
 211 T   0.91313 0.07199 0.01488 ( 1)  0.275 +-  1.177
 212 L   0.87887 0.07961 0.04152 ( 1)  0.540 +-  1.932
 213 V   0.90653 0.07339 0.02007 ( 1)  0.327 +-  1.362
 214 F   0.91223 0.07254 0.01523 ( 1)  0.279 +-  1.190
 215 D   0.91534 0.07018 0.01447 ( 1)  0.270 +-  1.164
 216 F   0.91223 0.07254 0.01523 ( 1)  0.279 +-  1.190
 217 P   0.88691 0.07867 0.03442 ( 1)  0.470 +-  1.765
 218 E   0.91029 0.07257 0.01714 ( 1)  0.298 +-  1.261
 219 A   0.89709 0.07670 0.02620 ( 1)  0.389 +-  1.547
 220 E   0.91029 0.07257 0.01714 ( 1)  0.298 +-  1.261
 221 V   0.90653 0.07339 0.02007 ( 1)  0.327 +-  1.362
 222 P   0.90855 0.07353 0.01792 ( 1)  0.306 +-  1.288
 223 C   0.90720 0.07464 0.01816 ( 1)  0.309 +-  1.294
 224 D   0.91534 0.07018 0.01447 ( 1)  0.270 +-  1.164
 225 F   0.90139 0.07466 0.02395 ( 1)  0.366 +-  1.484
 226 S   0.89946 0.07658 0.02396 ( 1)  0.367 +-  1.480
 227 G   0.90693 0.07404 0.01903 ( 1)  0.317 +-  1.325
 228 L   0.89261 0.07741 0.02997 ( 1)  0.426 +-  1.651
 229 R   0.87782 0.07979 0.04239 ( 1)  0.549 +-  1.951
 230 K   0.91003 0.07309 0.01688 ( 1)  0.295 +-  1.251
 231 C   0.90720 0.07464 0.01816 ( 1)  0.309 +-  1.294
 232 Q   0.89947 0.07630 0.02423 ( 1)  0.369 +-  1.489
 233 K   0.91003 0.07309 0.01688 ( 1)  0.295 +-  1.251
 234 T   0.89120 0.07809 0.03070 ( 1)  0.433 +-  1.670
 235 E   0.89873 0.07652 0.02475 ( 1)  0.374 +-  1.504
 236 Y   0.90800 0.07407 0.01793 ( 1)  0.306 +-  1.287
 237 L   0.89161 0.07770 0.03070 ( 1)  0.433 +-  1.670
 238 L   0.90752 0.07325 0.01923 ( 1)  0.318 +-  1.334
 239 L   0.90752 0.07325 0.01923 ( 1)  0.318 +-  1.334
 240 R   0.88679 0.07638 0.03683 ( 1)  0.493 +-  1.832
 241 T   0.91313 0.07199 0.01488 ( 1)  0.275 +-  1.177
 242 G   0.91276 0.07184 0.01540 ( 1)  0.280 +-  1.198
 243 W   0.89303 0.07792 0.02904 ( 1)  0.417 +-  1.625
 244 R   0.90808 0.07410 0.01782 ( 1)  0.305 +-  1.283
 245 D   0.90225 0.07550 0.02225 ( 1)  0.349 +-  1.429
 246 E   0.89873 0.07652 0.02475 ( 1)  0.374 +-  1.504
 247 L   0.89261 0.07741 0.02997 ( 1)  0.426 +-  1.651
 248 D   0.90225 0.07550 0.02225 ( 1)  0.349 +-  1.429
 249 D   0.90525 0.07271 0.02203 ( 1)  0.345 +-  1.427
 250 E   0.91029 0.07257 0.01714 ( 1)  0.298 +-  1.261
 251 I   0.90088 0.07584 0.02329 ( 1)  0.360 +-  1.461
 252 L   0.89161 0.07770 0.03070 ( 1)  0.433 +-  1.670
 253 Q   0.89947 0.07630 0.02423 ( 1)  0.369 +-  1.489
 254 N   0.91568 0.07065 0.01367 ( 1)  0.262 +-  1.131
 255 C   0.90720 0.07464 0.01816 ( 1)  0.309 +-  1.294
 256 F   0.91223 0.07254 0.01523 ( 1)  0.279 +-  1.190
 257 R   0.89329 0.07781 0.02890 ( 1)  0.416 +-  1.621
 258 A   0.89709 0.07670 0.02620 ( 1)  0.389 +-  1.547
 259 M   0.91758 0.06978 0.01264 ( 1)  0.252 +-  1.090
 260 P   0.90855 0.07353 0.01792 ( 1)  0.306 +-  1.288
 261 C   0.90720 0.07464 0.01816 ( 1)  0.309 +-  1.294
 262 L   0.89161 0.07770 0.03070 ( 1)  0.433 +-  1.670
 263 R   0.87782 0.07979 0.04239 ( 1)  0.549 +-  1.951
 264 W   0.89303 0.07792 0.02904 ( 1)  0.417 +-  1.625
 265 L   0.90752 0.07325 0.01923 ( 1)  0.318 +-  1.334
 266 I   0.90768 0.07424 0.01808 ( 1)  0.308 +-  1.292
 267 V   0.91147 0.07105 0.01747 ( 1)  0.300 +-  1.275
 268 V   0.23315 0.27197 0.49488 ( 3)  5.122 +-  4.660
 269 M   0.91758 0.06978 0.01264 ( 1)  0.252 +-  1.090
 270 G   0.88984 0.07404 0.03612 ( 1)  0.485 +-  1.820
 271 K   0.00400 0.04902 0.94698 ( 3)  9.338 +-  2.208
 272 S   0.18711 0.22836 0.58454 ( 3)  5.963 +-  4.606
 273 H   0.00305 0.03866 0.95829 ( 3)  9.440 +-  2.019
 274 V   0.89996 0.07157 0.02847 ( 1)  0.408 +-  1.623
 275 A   0.15239 0.19401 0.65360 ( 3)  6.609 +-  4.458
 276 L   0.86921 0.07904 0.05175 ( 1)  0.640 +-  2.151
 277 T   0.01169 0.04410 0.94421 ( 3)  9.309 +-  2.277
 278 E   0.00113 0.01584 0.98303 ( 3)  9.660 +-  1.505
 279 A   0.00198 0.02642 0.97160 ( 3)  9.558 +-  1.765
 280 V   0.00207 0.02762 0.97031 ( 3)  9.547 +-  1.791
 281 G   0.00192 0.02578 0.97230 ( 3)  9.564 +-  1.750
 282 L   0.00205 0.02625 0.97169 ( 3)  9.560 +-  1.763
 283 P   0.00018 0.00450 0.99532 ( 3)  9.767 +-  1.154
 284 P   0.88691 0.07867 0.03442 ( 1)  0.470 +-  1.765

Positively selected sites

	Prob(w>1)  mean w

   150 E      0.654         6.615 +- 4.454
   166 A      0.638         6.460 +- 4.499
   189 F      0.617         6.267 +- 4.549
   196 D      0.508         5.248 +- 4.663
   206 S      0.742         7.432 +- 4.120
   271 K      0.947         9.338 +- 2.208
   272 S      0.585         5.963 +- 4.606
   273 H      0.958*        9.440 +- 2.019
   275 A      0.654         6.609 +- 4.458
   277 T      0.944         9.309 +- 2.277
   278 E      0.983*        9.660 +- 1.505
   279 A      0.972*        9.558 +- 1.765
   280 V      0.970*        9.547 +- 1.791
   281 G      0.972*        9.564 +- 1.750
   282 L      0.972*        9.560 +- 1.763
   283 P      0.995**       9.767 +- 1.154

