Supplemental results for CODEML (seqf: algn  treef: tree)


dN/dS (w) for site classes (K=3)

p:   1.00000  0.00000  0.00000
w:   0.07354  1.00000  1.00000

Naive Empirical Bayes (NEB) probabilities for 3 classes & postmean_w
(amino acids refer to 1st sequence: Msl.29708)

   1 M   1.00000 0.00000 0.00000 ( 1)  0.074
   2 S   1.00000 0.00000 0.00000 ( 1)  0.074
   3 I   1.00000 0.00000 0.00000 ( 1)  0.074
   4 K   1.00000 0.00000 0.00000 ( 1)  0.074
   5 T   1.00000 0.00000 0.00000 ( 1)  0.074
   6 L   1.00000 0.00000 0.00000 ( 1)  0.074
   7 Q   1.00000 0.00000 0.00000 ( 1)  0.074
   8 F   1.00000 0.00000 0.00000 ( 1)  0.074
   9 N   1.00000 0.00000 0.00000 ( 1)  0.074
  10 I   1.00000 0.00000 0.00000 ( 1)  0.074
  11 M   1.00000 0.00000 0.00000 ( 1)  0.074
  12 I   1.00000 0.00000 0.00000 ( 1)  0.074
  13 A   1.00000 0.00000 0.00000 ( 1)  0.074
  14 Q   1.00000 0.00000 0.00000 ( 1)  0.074
  15 R   1.00000 0.00000 0.00000 ( 1)  0.074
  16 N   1.00000 0.00000 0.00000 ( 1)  0.074
  17 F   1.00000 0.00000 0.00000 ( 1)  0.074
  18 R   1.00000 0.00000 0.00000 ( 1)  0.074
  19 Q   1.00000 0.00000 0.00000 ( 1)  0.074
  20 P   1.00000 0.00000 0.00000 ( 1)  0.074
  21 F   1.00000 0.00000 0.00000 ( 1)  0.074
  22 R   1.00000 0.00000 0.00000 ( 1)  0.074
  23 S   1.00000 0.00000 0.00000 ( 1)  0.074
  24 L   1.00000 0.00000 0.00000 ( 1)  0.074
  25 C   1.00000 0.00000 0.00000 ( 1)  0.074
  26 A   1.00000 0.00000 0.00000 ( 1)  0.074
  27 F   1.00000 0.00000 0.00000 ( 1)  0.074
  28 K   1.00000 0.00000 0.00000 ( 1)  0.074
  29 S   1.00000 0.00000 0.00000 ( 1)  0.074
  30 N   1.00000 0.00000 0.00000 ( 1)  0.074
  31 I   1.00000 0.00000 0.00000 ( 1)  0.074
  32 D   1.00000 0.00000 0.00000 ( 1)  0.074
  33 T   1.00000 0.00000 0.00000 ( 1)  0.074
  34 N   1.00000 0.00000 0.00000 ( 1)  0.074
  35 D   1.00000 0.00000 0.00000 ( 1)  0.074
  36 N   1.00000 0.00000 0.00000 ( 1)  0.074
  37 V   1.00000 0.00000 0.00000 ( 1)  0.074
  38 Y   1.00000 0.00000 0.00000 ( 1)  0.074
  39 K   1.00000 0.00000 0.00000 ( 1)  0.074
  40 T   1.00000 0.00000 0.00000 ( 1)  0.074
  41 N   1.00000 0.00000 0.00000 ( 1)  0.074
  42 Y   1.00000 0.00000 0.00000 ( 1)  0.074
  43 A   1.00000 0.00000 0.00000 ( 1)  0.074
  44 N   1.00000 0.00000 0.00000 ( 1)  0.074
  45 M   1.00000 0.00000 0.00000 ( 1)  0.074
  46 K   1.00000 0.00000 0.00000 ( 1)  0.074
  47 K   1.00000 0.00000 0.00000 ( 1)  0.074
  48 L   1.00000 0.00000 0.00000 ( 1)  0.074
  49 V   1.00000 0.00000 0.00000 ( 1)  0.074
  50 S   1.00000 0.00000 0.00000 ( 1)  0.074
  51 D   1.00000 0.00000 0.00000 ( 1)  0.074
  52 L   1.00000 0.00000 0.00000 ( 1)  0.074
  53 E   1.00000 0.00000 0.00000 ( 1)  0.074
  54 S   1.00000 0.00000 0.00000 ( 1)  0.074
  55 K   1.00000 0.00000 0.00000 ( 1)  0.074
  56 I   1.00000 0.00000 0.00000 ( 1)  0.074
  57 Q   1.00000 0.00000 0.00000 ( 1)  0.074
  58 H   1.00000 0.00000 0.00000 ( 1)  0.074
  59 V   1.00000 0.00000 0.00000 ( 1)  0.074
  60 L   1.00000 0.00000 0.00000 ( 1)  0.074
  61 K   1.00000 0.00000 0.00000 ( 1)  0.074
  62 G   1.00000 0.00000 0.00000 ( 1)  0.074
  63 G   1.00000 0.00000 0.00000 ( 1)  0.074
  64 G   1.00000 0.00000 0.00000 ( 1)  0.074
  65 E   1.00000 0.00000 0.00000 ( 1)  0.074
  66 K   1.00000 0.00000 0.00000 ( 1)  0.074
  67 A   1.00000 0.00000 0.00000 ( 1)  0.074
  68 R   1.00000 0.00000 0.00000 ( 1)  0.074
  69 E   1.00000 0.00000 0.00000 ( 1)  0.074
  70 R   1.00000 0.00000 0.00000 ( 1)  0.074
  71 H   1.00000 0.00000 0.00000 ( 1)  0.074
  72 L   1.00000 0.00000 0.00000 ( 1)  0.074
  73 S   1.00000 0.00000 0.00000 ( 1)  0.074
  74 R   1.00000 0.00000 0.00000 ( 1)  0.074
  75 G   1.00000 0.00000 0.00000 ( 1)  0.074
  76 K   1.00000 0.00000 0.00000 ( 1)  0.074
  77 L   1.00000 0.00000 0.00000 ( 1)  0.074
  78 L   1.00000 0.00000 0.00000 ( 1)  0.074
  79 P   1.00000 0.00000 0.00000 ( 1)  0.074
  80 R   1.00000 0.00000 0.00000 ( 1)  0.074
  81 D   1.00000 0.00000 0.00000 ( 1)  0.074
  82 R   1.00000 0.00000 0.00000 ( 1)  0.074
  83 I   1.00000 0.00000 0.00000 ( 1)  0.074
  84 G   1.00000 0.00000 0.00000 ( 1)  0.074
  85 H   1.00000 0.00000 0.00000 ( 1)  0.074
  86 L   1.00000 0.00000 0.00000 ( 1)  0.074
  87 L   1.00000 0.00000 0.00000 ( 1)  0.074
  88 D   1.00000 0.00000 0.00000 ( 1)  0.074
  89 P   1.00000 0.00000 0.00000 ( 1)  0.074
  90 G   1.00000 0.00000 0.00000 ( 1)  0.074
  91 S   1.00000 0.00000 0.00000 ( 1)  0.074
  92 A   1.00000 0.00000 0.00000 ( 1)  0.074
  93 F   1.00000 0.00000 0.00000 ( 1)  0.074
  94 L   1.00000 0.00000 0.00000 ( 1)  0.074
  95 E   1.00000 0.00000 0.00000 ( 1)  0.074
  96 L   1.00000 0.00000 0.00000 ( 1)  0.074
  97 S   1.00000 0.00000 0.00000 ( 1)  0.074
  98 Q   1.00000 0.00000 0.00000 ( 1)  0.074
  99 L   1.00000 0.00000 0.00000 ( 1)  0.074
 100 A   1.00000 0.00000 0.00000 ( 1)  0.074
 101 G   1.00000 0.00000 0.00000 ( 1)  0.074
 102 H   1.00000 0.00000 0.00000 ( 1)  0.074
 103 E   1.00000 0.00000 0.00000 ( 1)  0.074
 104 L   1.00000 0.00000 0.00000 ( 1)  0.074
 105 Y   1.00000 0.00000 0.00000 ( 1)  0.074
 106 G   1.00000 0.00000 0.00000 ( 1)  0.074
 107 K   1.00000 0.00000 0.00000 ( 1)  0.074
 108 E   1.00000 0.00000 0.00000 ( 1)  0.074
 109 E   1.00000 0.00000 0.00000 ( 1)  0.074
 110 V   1.00000 0.00000 0.00000 ( 1)  0.074
 111 P   1.00000 0.00000 0.00000 ( 1)  0.074
 112 A   1.00000 0.00000 0.00000 ( 1)  0.074
 113 G   1.00000 0.00000 0.00000 ( 1)  0.074
 114 G   1.00000 0.00000 0.00000 ( 1)  0.074
 115 I   1.00000 0.00000 0.00000 ( 1)  0.074
 116 I   1.00000 0.00000 0.00000 ( 1)  0.074
 117 T   1.00000 0.00000 0.00000 ( 1)  0.074
 118 G   1.00000 0.00000 0.00000 ( 1)  0.074
 119 I   1.00000 0.00000 0.00000 ( 1)  0.074
 120 G   1.00000 0.00000 0.00000 ( 1)  0.074
 121 Q   1.00000 0.00000 0.00000 ( 1)  0.074
 122 V   1.00000 0.00000 0.00000 ( 1)  0.074
 123 S   1.00000 0.00000 0.00000 ( 1)  0.074
 124 G   1.00000 0.00000 0.00000 ( 1)  0.074
 125 V   1.00000 0.00000 0.00000 ( 1)  0.074
 126 E   1.00000 0.00000 0.00000 ( 1)  0.074
 127 C   1.00000 0.00000 0.00000 ( 1)  0.074
 128 V   1.00000 0.00000 0.00000 ( 1)  0.074
 129 I   1.00000 0.00000 0.00000 ( 1)  0.074
 130 V   1.00000 0.00000 0.00000 ( 1)  0.074
 131 A   1.00000 0.00000 0.00000 ( 1)  0.074
 132 N   1.00000 0.00000 0.00000 ( 1)  0.074
 133 D   1.00000 0.00000 0.00000 ( 1)  0.074
 134 P   1.00000 0.00000 0.00000 ( 1)  0.074
 135 T   1.00000 0.00000 0.00000 ( 1)  0.074
 136 V   1.00000 0.00000 0.00000 ( 1)  0.074
 137 K   1.00000 0.00000 0.00000 ( 1)  0.074
 138 G   1.00000 0.00000 0.00000 ( 1)  0.074
 139 G   1.00000 0.00000 0.00000 ( 1)  0.074
 140 S   1.00000 0.00000 0.00000 ( 1)  0.074
 141 Y   1.00000 0.00000 0.00000 ( 1)  0.074
 142 Y   1.00000 0.00000 0.00000 ( 1)  0.074
 143 P   1.00000 0.00000 0.00000 ( 1)  0.074
 144 I   1.00000 0.00000 0.00000 ( 1)  0.074
 145 T   1.00000 0.00000 0.00000 ( 1)  0.074
 146 V   1.00000 0.00000 0.00000 ( 1)  0.074
 147 K   1.00000 0.00000 0.00000 ( 1)  0.074
 148 K   1.00000 0.00000 0.00000 ( 1)  0.074
 149 H   1.00000 0.00000 0.00000 ( 1)  0.074
 150 L   1.00000 0.00000 0.00000 ( 1)  0.074
 151 R   1.00000 0.00000 0.00000 ( 1)  0.074
 152 A   1.00000 0.00000 0.00000 ( 1)  0.074
 153 Q   1.00000 0.00000 0.00000 ( 1)  0.074
 154 E   1.00000 0.00000 0.00000 ( 1)  0.074
 155 V   1.00000 0.00000 0.00000 ( 1)  0.074
 156 A   1.00000 0.00000 0.00000 ( 1)  0.074
 157 R   1.00000 0.00000 0.00000 ( 1)  0.074
 158 Q   1.00000 0.00000 0.00000 ( 1)  0.074
 159 N   1.00000 0.00000 0.00000 ( 1)  0.074
 160 R   1.00000 0.00000 0.00000 ( 1)  0.074
 161 L   1.00000 0.00000 0.00000 ( 1)  0.074
 162 P   1.00000 0.00000 0.00000 ( 1)  0.074
 163 C   1.00000 0.00000 0.00000 ( 1)  0.074
 164 I   1.00000 0.00000 0.00000 ( 1)  0.074
 165 Y   1.00000 0.00000 0.00000 ( 1)  0.074
 166 L   1.00000 0.00000 0.00000 ( 1)  0.074
 167 V   1.00000 0.00000 0.00000 ( 1)  0.074
 168 D   1.00000 0.00000 0.00000 ( 1)  0.074
 169 S   1.00000 0.00000 0.00000 ( 1)  0.074
 170 G   1.00000 0.00000 0.00000 ( 1)  0.074
 171 G   1.00000 0.00000 0.00000 ( 1)  0.074
 172 A   1.00000 0.00000 0.00000 ( 1)  0.074
 173 N   1.00000 0.00000 0.00000 ( 1)  0.074
 174 L   1.00000 0.00000 0.00000 ( 1)  0.074
 175 P   1.00000 0.00000 0.00000 ( 1)  0.074
 176 R   1.00000 0.00000 0.00000 ( 1)  0.074
 177 Q   1.00000 0.00000 0.00000 ( 1)  0.074
 178 D   1.00000 0.00000 0.00000 ( 1)  0.074
 179 A   1.00000 0.00000 0.00000 ( 1)  0.074
 180 V   1.00000 0.00000 0.00000 ( 1)  0.074
 181 F   1.00000 0.00000 0.00000 ( 1)  0.074
 182 P   1.00000 0.00000 0.00000 ( 1)  0.074
 183 D   1.00000 0.00000 0.00000 ( 1)  0.074
 184 R   1.00000 0.00000 0.00000 ( 1)  0.074
 185 D   1.00000 0.00000 0.00000 ( 1)  0.074
 186 H   1.00000 0.00000 0.00000 ( 1)  0.074
 187 F   1.00000 0.00000 0.00000 ( 1)  0.074
 188 G   1.00000 0.00000 0.00000 ( 1)  0.074
 189 R   1.00000 0.00000 0.00000 ( 1)  0.074
 190 I   1.00000 0.00000 0.00000 ( 1)  0.074
 191 F   1.00000 0.00000 0.00000 ( 1)  0.074
 192 Y   1.00000 0.00000 0.00000 ( 1)  0.074
 193 N   1.00000 0.00000 0.00000 ( 1)  0.074
 194 Q   1.00000 0.00000 0.00000 ( 1)  0.074
 195 A   1.00000 0.00000 0.00000 ( 1)  0.074
 196 T   1.00000 0.00000 0.00000 ( 1)  0.074
 197 L   1.00000 0.00000 0.00000 ( 1)  0.074
 198 S   1.00000 0.00000 0.00000 ( 1)  0.074
 199 S   1.00000 0.00000 0.00000 ( 1)  0.074
 200 Q   1.00000 0.00000 0.00000 ( 1)  0.074
 201 N   1.00000 0.00000 0.00000 ( 1)  0.074
 202 I   1.00000 0.00000 0.00000 ( 1)  0.074
 203 P   1.00000 0.00000 0.00000 ( 1)  0.074
 204 Q   1.00000 0.00000 0.00000 ( 1)  0.074
 205 V   1.00000 0.00000 0.00000 ( 1)  0.074
 206 A   1.00000 0.00000 0.00000 ( 1)  0.074
 207 V   1.00000 0.00000 0.00000 ( 1)  0.074
 208 V   1.00000 0.00000 0.00000 ( 1)  0.074
 209 L   1.00000 0.00000 0.00000 ( 1)  0.074
 210 G   1.00000 0.00000 0.00000 ( 1)  0.074
 211 S   1.00000 0.00000 0.00000 ( 1)  0.074
 212 C   1.00000 0.00000 0.00000 ( 1)  0.074
 213 T   1.00000 0.00000 0.00000 ( 1)  0.074
 214 A   1.00000 0.00000 0.00000 ( 1)  0.074
 215 G   1.00000 0.00000 0.00000 ( 1)  0.074
 216 G   1.00000 0.00000 0.00000 ( 1)  0.074
 217 A   1.00000 0.00000 0.00000 ( 1)  0.074
 218 Y   1.00000 0.00000 0.00000 ( 1)  0.074
 219 V   1.00000 0.00000 0.00000 ( 1)  0.074
 220 P   1.00000 0.00000 0.00000 ( 1)  0.074
 221 A   1.00000 0.00000 0.00000 ( 1)  0.074
 222 M   1.00000 0.00000 0.00000 ( 1)  0.074
 223 A   1.00000 0.00000 0.00000 ( 1)  0.074
 224 D   1.00000 0.00000 0.00000 ( 1)  0.074
 225 E   1.00000 0.00000 0.00000 ( 1)  0.074
 226 S   1.00000 0.00000 0.00000 ( 1)  0.074
 227 I   1.00000 0.00000 0.00000 ( 1)  0.074
 228 I   1.00000 0.00000 0.00000 ( 1)  0.074
 229 V   1.00000 0.00000 0.00000 ( 1)  0.074
 230 Q   1.00000 0.00000 0.00000 ( 1)  0.074
 231 K   1.00000 0.00000 0.00000 ( 1)  0.074
 232 Q   1.00000 0.00000 0.00000 ( 1)  0.074
 233 G   1.00000 0.00000 0.00000 ( 1)  0.074
 234 T   1.00000 0.00000 0.00000 ( 1)  0.074
 235 I   1.00000 0.00000 0.00000 ( 1)  0.074
 236 F   1.00000 0.00000 0.00000 ( 1)  0.074
 237 L   1.00000 0.00000 0.00000 ( 1)  0.074
 238 G   1.00000 0.00000 0.00000 ( 1)  0.074
 239 G   1.00000 0.00000 0.00000 ( 1)  0.074
 240 P   1.00000 0.00000 0.00000 ( 1)  0.074
 241 P   1.00000 0.00000 0.00000 ( 1)  0.074
 242 L   1.00000 0.00000 0.00000 ( 1)  0.074
 243 V   1.00000 0.00000 0.00000 ( 1)  0.074
 244 K   1.00000 0.00000 0.00000 ( 1)  0.074
 245 A   1.00000 0.00000 0.00000 ( 1)  0.074
 246 A   1.00000 0.00000 0.00000 ( 1)  0.074
 247 T   1.00000 0.00000 0.00000 ( 1)  0.074
 248 G   1.00000 0.00000 0.00000 ( 1)  0.074
 249 E   1.00000 0.00000 0.00000 ( 1)  0.074
 250 E   1.00000 0.00000 0.00000 ( 1)  0.074
 251 V   1.00000 0.00000 0.00000 ( 1)  0.074
 252 S   1.00000 0.00000 0.00000 ( 1)  0.074
 253 A   1.00000 0.00000 0.00000 ( 1)  0.074
 254 E   1.00000 0.00000 0.00000 ( 1)  0.074
 255 A   1.00000 0.00000 0.00000 ( 1)  0.074
 256 L   1.00000 0.00000 0.00000 ( 1)  0.074
 257 G   1.00000 0.00000 0.00000 ( 1)  0.074
 258 G   1.00000 0.00000 0.00000 ( 1)  0.074
 259 A   1.00000 0.00000 0.00000 ( 1)  0.074
 260 D   1.00000 0.00000 0.00000 ( 1)  0.074
 261 L   1.00000 0.00000 0.00000 ( 1)  0.074
 262 H   1.00000 0.00000 0.00000 ( 1)  0.074
 263 C   1.00000 0.00000 0.00000 ( 1)  0.074
 264 R   1.00000 0.00000 0.00000 ( 1)  0.074
 265 Q   1.00000 0.00000 0.00000 ( 1)  0.074
 266 S   1.00000 0.00000 0.00000 ( 1)  0.074
 267 G   1.00000 0.00000 0.00000 ( 1)  0.074
 268 V   1.00000 0.00000 0.00000 ( 1)  0.074
 269 T   1.00000 0.00000 0.00000 ( 1)  0.074
 270 D   1.00000 0.00000 0.00000 ( 1)  0.074
 271 H   1.00000 0.00000 0.00000 ( 1)  0.074
 272 Y   1.00000 0.00000 0.00000 ( 1)  0.074
 273 A   1.00000 0.00000 0.00000 ( 1)  0.074
 274 Q   1.00000 0.00000 0.00000 ( 1)  0.074
 275 D   1.00000 0.00000 0.00000 ( 1)  0.074
 276 D   1.00000 0.00000 0.00000 ( 1)  0.074
 277 E   1.00000 0.00000 0.00000 ( 1)  0.074
 278 H   1.00000 0.00000 0.00000 ( 1)  0.074
 279 A   1.00000 0.00000 0.00000 ( 1)  0.074
 280 L   1.00000 0.00000 0.00000 ( 1)  0.074
 281 H   1.00000 0.00000 0.00000 ( 1)  0.074
 282 L   1.00000 0.00000 0.00000 ( 1)  0.074
 283 A   1.00000 0.00000 0.00000 ( 1)  0.074
 284 R   1.00000 0.00000 0.00000 ( 1)  0.074
 285 R   1.00000 0.00000 0.00000 ( 1)  0.074
 286 V   1.00000 0.00000 0.00000 ( 1)  0.074
 287 V   1.00000 0.00000 0.00000 ( 1)  0.074
 288 A   1.00000 0.00000 0.00000 ( 1)  0.074
 289 R   1.00000 0.00000 0.00000 ( 1)  0.074
 290 L   1.00000 0.00000 0.00000 ( 1)  0.074
 291 N   1.00000 0.00000 0.00000 ( 1)  0.074
 292 R   1.00000 0.00000 0.00000 ( 1)  0.074
 293 P   1.00000 0.00000 0.00000 ( 1)  0.074
 294 V   1.00000 0.00000 0.00000 ( 1)  0.074
 295 Q   1.00000 0.00000 0.00000 ( 1)  0.074
 296 P   1.00000 0.00000 0.00000 ( 1)  0.074
 297 A   1.00000 0.00000 0.00000 ( 1)  0.074
 298 T   1.00000 0.00000 0.00000 ( 1)  0.074
 299 P   1.00000 0.00000 0.00000 ( 1)  0.074
 300 A   1.00000 0.00000 0.00000 ( 1)  0.074
 301 F   1.00000 0.00000 0.00000 ( 1)  0.074
 302 S   1.00000 0.00000 0.00000 ( 1)  0.074
 303 E   1.00000 0.00000 0.00000 ( 1)  0.074
 304 P   1.00000 0.00000 0.00000 ( 1)  0.074
 305 L   1.00000 0.00000 0.00000 ( 1)  0.074
 306 Y   1.00000 0.00000 0.00000 ( 1)  0.074
 307 P   1.00000 0.00000 0.00000 ( 1)  0.074
 308 V   1.00000 0.00000 0.00000 ( 1)  0.074
 309 D   1.00000 0.00000 0.00000 ( 1)  0.074
 310 E   1.00000 0.00000 0.00000 ( 1)  0.074
 311 I   1.00000 0.00000 0.00000 ( 1)  0.074
 312 Y   1.00000 0.00000 0.00000 ( 1)  0.074
 313 G   1.00000 0.00000 0.00000 ( 1)  0.074
 314 I   1.00000 0.00000 0.00000 ( 1)  0.074
 315 V   1.00000 0.00000 0.00000 ( 1)  0.074
 316 G   1.00000 0.00000 0.00000 ( 1)  0.074
 317 G   1.00000 0.00000 0.00000 ( 1)  0.074
 318 N   1.00000 0.00000 0.00000 ( 1)  0.074
 319 L   1.00000 0.00000 0.00000 ( 1)  0.074
 320 K   1.00000 0.00000 0.00000 ( 1)  0.074
 321 R   1.00000 0.00000 0.00000 ( 1)  0.074
 322 N   1.00000 0.00000 0.00000 ( 1)  0.074
 323 F   1.00000 0.00000 0.00000 ( 1)  0.074
 324 D   1.00000 0.00000 0.00000 ( 1)  0.074
 325 I   1.00000 0.00000 0.00000 ( 1)  0.074
 326 R   1.00000 0.00000 0.00000 ( 1)  0.074
 327 E   1.00000 0.00000 0.00000 ( 1)  0.074
 328 V   1.00000 0.00000 0.00000 ( 1)  0.074
 329 I   1.00000 0.00000 0.00000 ( 1)  0.074
 330 A   1.00000 0.00000 0.00000 ( 1)  0.074
 331 R   1.00000 0.00000 0.00000 ( 1)  0.074
 332 V   1.00000 0.00000 0.00000 ( 1)  0.074
 333 V   1.00000 0.00000 0.00000 ( 1)  0.074
 334 D   1.00000 0.00000 0.00000 ( 1)  0.074
 335 G   1.00000 0.00000 0.00000 ( 1)  0.074
 336 S   1.00000 0.00000 0.00000 ( 1)  0.074
 337 E   1.00000 0.00000 0.00000 ( 1)  0.074
 338 L   1.00000 0.00000 0.00000 ( 1)  0.074
 339 D   1.00000 0.00000 0.00000 ( 1)  0.074
 340 E   1.00000 0.00000 0.00000 ( 1)  0.074
 341 F   1.00000 0.00000 0.00000 ( 1)  0.074
 342 K   1.00000 0.00000 0.00000 ( 1)  0.074
 343 A   1.00000 0.00000 0.00000 ( 1)  0.074
 344 M   1.00000 0.00000 0.00000 ( 1)  0.074
 345 Y   1.00000 0.00000 0.00000 ( 1)  0.074
 346 G   1.00000 0.00000 0.00000 ( 1)  0.074
 347 E   1.00000 0.00000 0.00000 ( 1)  0.074
 348 T   1.00000 0.00000 0.00000 ( 1)  0.074
 349 L   1.00000 0.00000 0.00000 ( 1)  0.074
 350 V   1.00000 0.00000 0.00000 ( 1)  0.074
 351 C   1.00000 0.00000 0.00000 ( 1)  0.074
 352 C   1.00000 0.00000 0.00000 ( 1)  0.074
 353 F   1.00000 0.00000 0.00000 ( 1)  0.074
 354 A   1.00000 0.00000 0.00000 ( 1)  0.074
 355 S   1.00000 0.00000 0.00000 ( 1)  0.074
 356 I   1.00000 0.00000 0.00000 ( 1)  0.074
 357 H   1.00000 0.00000 0.00000 ( 1)  0.074
 358 G   1.00000 0.00000 0.00000 ( 1)  0.074
 359 R   1.00000 0.00000 0.00000 ( 1)  0.074
 360 T   1.00000 0.00000 0.00000 ( 1)  0.074
 361 V   1.00000 0.00000 0.00000 ( 1)  0.074
 362 G   1.00000 0.00000 0.00000 ( 1)  0.074
 363 I   1.00000 0.00000 0.00000 ( 1)  0.074
 364 L   1.00000 0.00000 0.00000 ( 1)  0.074
 365 G   1.00000 0.00000 0.00000 ( 1)  0.074
 366 N   1.00000 0.00000 0.00000 ( 1)  0.074
 367 N   1.00000 0.00000 0.00000 ( 1)  0.074
 368 G   1.00000 0.00000 0.00000 ( 1)  0.074
 369 V   1.00000 0.00000 0.00000 ( 1)  0.074
 370 L   1.00000 0.00000 0.00000 ( 1)  0.074
 371 F   1.00000 0.00000 0.00000 ( 1)  0.074
 372 S   1.00000 0.00000 0.00000 ( 1)  0.074
 373 E   1.00000 0.00000 0.00000 ( 1)  0.074
 374 S   1.00000 0.00000 0.00000 ( 1)  0.074
 375 A   1.00000 0.00000 0.00000 ( 1)  0.074
 376 V   1.00000 0.00000 0.00000 ( 1)  0.074
 377 K   1.00000 0.00000 0.00000 ( 1)  0.074
 378 G   1.00000 0.00000 0.00000 ( 1)  0.074
 379 A   1.00000 0.00000 0.00000 ( 1)  0.074
 380 H   1.00000 0.00000 0.00000 ( 1)  0.074
 381 F   1.00000 0.00000 0.00000 ( 1)  0.074
 382 I   1.00000 0.00000 0.00000 ( 1)  0.074
 383 Q   1.00000 0.00000 0.00000 ( 1)  0.074
 384 L   1.00000 0.00000 0.00000 ( 1)  0.074
 385 C   1.00000 0.00000 0.00000 ( 1)  0.074
 386 C   1.00000 0.00000 0.00000 ( 1)  0.074
 387 Q   1.00000 0.00000 0.00000 ( 1)  0.074
 388 R   1.00000 0.00000 0.00000 ( 1)  0.074
 389 G   1.00000 0.00000 0.00000 ( 1)  0.074
 390 I   1.00000 0.00000 0.00000 ( 1)  0.074
 391 P   1.00000 0.00000 0.00000 ( 1)  0.074
 392 L   1.00000 0.00000 0.00000 ( 1)  0.074
 393 L   1.00000 0.00000 0.00000 ( 1)  0.074
 394 F   1.00000 0.00000 0.00000 ( 1)  0.074
 395 L   1.00000 0.00000 0.00000 ( 1)  0.074
 396 Q   1.00000 0.00000 0.00000 ( 1)  0.074
 397 N   1.00000 0.00000 0.00000 ( 1)  0.074
 398 I   1.00000 0.00000 0.00000 ( 1)  0.074
 399 T   1.00000 0.00000 0.00000 ( 1)  0.074
 400 G   1.00000 0.00000 0.00000 ( 1)  0.074
 401 F   1.00000 0.00000 0.00000 ( 1)  0.074
 402 M   1.00000 0.00000 0.00000 ( 1)  0.074
 403 V   1.00000 0.00000 0.00000 ( 1)  0.074
 404 G   1.00000 0.00000 0.00000 ( 1)  0.074
 405 R   1.00000 0.00000 0.00000 ( 1)  0.074
 406 E   1.00000 0.00000 0.00000 ( 1)  0.074
 407 A   1.00000 0.00000 0.00000 ( 1)  0.074
 408 E   1.00000 0.00000 0.00000 ( 1)  0.074
 409 A   1.00000 0.00000 0.00000 ( 1)  0.074
 410 G   1.00000 0.00000 0.00000 ( 1)  0.074
 411 G   1.00000 0.00000 0.00000 ( 1)  0.074
 412 I   1.00000 0.00000 0.00000 ( 1)  0.074
 413 A   1.00000 0.00000 0.00000 ( 1)  0.074
 414 K   1.00000 0.00000 0.00000 ( 1)  0.074
 415 H   1.00000 0.00000 0.00000 ( 1)  0.074
 416 G   1.00000 0.00000 0.00000 ( 1)  0.074
 417 A   1.00000 0.00000 0.00000 ( 1)  0.074
 418 K   1.00000 0.00000 0.00000 ( 1)  0.074
 419 L   1.00000 0.00000 0.00000 ( 1)  0.074
 420 V   1.00000 0.00000 0.00000 ( 1)  0.074
 421 T   1.00000 0.00000 0.00000 ( 1)  0.074
 422 A   1.00000 0.00000 0.00000 ( 1)  0.074
 423 V   1.00000 0.00000 0.00000 ( 1)  0.074
 424 A   1.00000 0.00000 0.00000 ( 1)  0.074
 425 C   1.00000 0.00000 0.00000 ( 1)  0.074
 426 A   1.00000 0.00000 0.00000 ( 1)  0.074
 427 R   1.00000 0.00000 0.00000 ( 1)  0.074
 428 V   1.00000 0.00000 0.00000 ( 1)  0.074
 429 P   1.00000 0.00000 0.00000 ( 1)  0.074
 430 K   1.00000 0.00000 0.00000 ( 1)  0.074
 431 I   1.00000 0.00000 0.00000 ( 1)  0.074
 432 T   1.00000 0.00000 0.00000 ( 1)  0.074
 433 L   1.00000 0.00000 0.00000 ( 1)  0.074
 434 I   1.00000 0.00000 0.00000 ( 1)  0.074
 435 V   1.00000 0.00000 0.00000 ( 1)  0.074
 436 G   1.00000 0.00000 0.00000 ( 1)  0.074
 437 G   1.00000 0.00000 0.00000 ( 1)  0.074
 438 S   1.00000 0.00000 0.00000 ( 1)  0.074
 439 Y   1.00000 0.00000 0.00000 ( 1)  0.074
 440 G   1.00000 0.00000 0.00000 ( 1)  0.074
 441 A   1.00000 0.00000 0.00000 ( 1)  0.074
 442 G   1.00000 0.00000 0.00000 ( 1)  0.074
 443 N   1.00000 0.00000 0.00000 ( 1)  0.074
 444 Y   1.00000 0.00000 0.00000 ( 1)  0.074
 445 G   1.00000 0.00000 0.00000 ( 1)  0.074
 446 M   1.00000 0.00000 0.00000 ( 1)  0.074
 447 C   1.00000 0.00000 0.00000 ( 1)  0.074
 448 G   1.00000 0.00000 0.00000 ( 1)  0.074
 449 R   1.00000 0.00000 0.00000 ( 1)  0.074
 450 A   1.00000 0.00000 0.00000 ( 1)  0.074
 451 Y   1.00000 0.00000 0.00000 ( 1)  0.074
 452 D   1.00000 0.00000 0.00000 ( 1)  0.074
 453 P   1.00000 0.00000 0.00000 ( 1)  0.074
 454 R   1.00000 0.00000 0.00000 ( 1)  0.074
 455 F   1.00000 0.00000 0.00000 ( 1)  0.074
 456 L   1.00000 0.00000 0.00000 ( 1)  0.074
 457 F   1.00000 0.00000 0.00000 ( 1)  0.074
 458 M   1.00000 0.00000 0.00000 ( 1)  0.074
 459 W   1.00000 0.00000 0.00000 ( 1)  0.074
 460 P   1.00000 0.00000 0.00000 ( 1)  0.074
 461 N   1.00000 0.00000 0.00000 ( 1)  0.074
 462 S   1.00000 0.00000 0.00000 ( 1)  0.074
 463 R   1.00000 0.00000 0.00000 ( 1)  0.074
 464 I   1.00000 0.00000 0.00000 ( 1)  0.074
 465 S   1.00000 0.00000 0.00000 ( 1)  0.074
 466 V   1.00000 0.00000 0.00000 ( 1)  0.074
 467 M   1.00000 0.00000 0.00000 ( 1)  0.074
 468 G   1.00000 0.00000 0.00000 ( 1)  0.074
 469 G   1.00000 0.00000 0.00000 ( 1)  0.074
 470 E   1.00000 0.00000 0.00000 ( 1)  0.074
 471 Q   1.00000 0.00000 0.00000 ( 1)  0.074
 472 A   1.00000 0.00000 0.00000 ( 1)  0.074
 473 A   1.00000 0.00000 0.00000 ( 1)  0.074
 474 N   1.00000 0.00000 0.00000 ( 1)  0.074
 475 V   1.00000 0.00000 0.00000 ( 1)  0.074
 476 L   1.00000 0.00000 0.00000 ( 1)  0.074
 477 D   1.00000 0.00000 0.00000 ( 1)  0.074
 478 Q   1.00000 0.00000 0.00000 ( 1)  0.074
 479 I   1.00000 0.00000 0.00000 ( 1)  0.074
 480 Q   1.00000 0.00000 0.00000 ( 1)  0.074
 481 R   1.00000 0.00000 0.00000 ( 1)  0.074
 482 E   1.00000 0.00000 0.00000 ( 1)  0.074
 483 Q   1.00000 0.00000 0.00000 ( 1)  0.074
 484 R   1.00000 0.00000 0.00000 ( 1)  0.074
 485 Q   1.00000 0.00000 0.00000 ( 1)  0.074
 486 R   1.00000 0.00000 0.00000 ( 1)  0.074
 487 E   1.00000 0.00000 0.00000 ( 1)  0.074
 488 G   1.00000 0.00000 0.00000 ( 1)  0.074
 489 R   1.00000 0.00000 0.00000 ( 1)  0.074
 490 D   1.00000 0.00000 0.00000 ( 1)  0.074
 491 W   1.00000 0.00000 0.00000 ( 1)  0.074
 492 T   1.00000 0.00000 0.00000 ( 1)  0.074
 493 E   1.00000 0.00000 0.00000 ( 1)  0.074
 494 A   1.00000 0.00000 0.00000 ( 1)  0.074
 495 E   1.00000 0.00000 0.00000 ( 1)  0.074
 496 S   1.00000 0.00000 0.00000 ( 1)  0.074
 497 R   1.00000 0.00000 0.00000 ( 1)  0.074
 498 A   1.00000 0.00000 0.00000 ( 1)  0.074
 499 L   1.00000 0.00000 0.00000 ( 1)  0.074
 500 R   1.00000 0.00000 0.00000 ( 1)  0.074
 501 E   1.00000 0.00000 0.00000 ( 1)  0.074
 502 P   1.00000 0.00000 0.00000 ( 1)  0.074
 503 V   1.00000 0.00000 0.00000 ( 1)  0.074
 504 L   1.00000 0.00000 0.00000 ( 1)  0.074
 505 A   1.00000 0.00000 0.00000 ( 1)  0.074
 506 K   1.00000 0.00000 0.00000 ( 1)  0.074
 507 Y   1.00000 0.00000 0.00000 ( 1)  0.074
 508 E   1.00000 0.00000 0.00000 ( 1)  0.074
 509 Q   1.00000 0.00000 0.00000 ( 1)  0.074
 510 E   1.00000 0.00000 0.00000 ( 1)  0.074
 511 G   1.00000 0.00000 0.00000 ( 1)  0.074
 512 H   1.00000 0.00000 0.00000 ( 1)  0.074
 513 P   1.00000 0.00000 0.00000 ( 1)  0.074
 514 Y   1.00000 0.00000 0.00000 ( 1)  0.074
 515 Y   1.00000 0.00000 0.00000 ( 1)  0.074
 516 S   1.00000 0.00000 0.00000 ( 1)  0.074
 517 S   1.00000 0.00000 0.00000 ( 1)  0.074
 518 A   1.00000 0.00000 0.00000 ( 1)  0.074
 519 R   1.00000 0.00000 0.00000 ( 1)  0.074
 520 L   1.00000 0.00000 0.00000 ( 1)  0.074
 521 W   1.00000 0.00000 0.00000 ( 1)  0.074
 522 D   1.00000 0.00000 0.00000 ( 1)  0.074
 523 D   1.00000 0.00000 0.00000 ( 1)  0.074
 524 G   1.00000 0.00000 0.00000 ( 1)  0.074
 525 I   1.00000 0.00000 0.00000 ( 1)  0.074
 526 L   1.00000 0.00000 0.00000 ( 1)  0.074
 527 D   1.00000 0.00000 0.00000 ( 1)  0.074
 528 P   1.00000 0.00000 0.00000 ( 1)  0.074
 529 Q   1.00000 0.00000 0.00000 ( 1)  0.074
 530 Q   1.00000 0.00000 0.00000 ( 1)  0.074
 531 T   1.00000 0.00000 0.00000 ( 1)  0.074
 532 R   1.00000 0.00000 0.00000 ( 1)  0.074
 533 S   1.00000 0.00000 0.00000 ( 1)  0.074
 534 V   1.00000 0.00000 0.00000 ( 1)  0.074
 535 L   1.00000 0.00000 0.00000 ( 1)  0.074
 536 A   1.00000 0.00000 0.00000 ( 1)  0.074
 537 L   1.00000 0.00000 0.00000 ( 1)  0.074
 538 A   1.00000 0.00000 0.00000 ( 1)  0.074
 539 L   1.00000 0.00000 0.00000 ( 1)  0.074
 540 S   1.00000 0.00000 0.00000 ( 1)  0.074
 541 A   1.00000 0.00000 0.00000 ( 1)  0.074
 542 A   1.00000 0.00000 0.00000 ( 1)  0.074
 543 A   1.00000 0.00000 0.00000 ( 1)  0.074
 544 N   1.00000 0.00000 0.00000 ( 1)  0.074
 545 S   1.00000 0.00000 0.00000 ( 1)  0.074
 546 P   1.00000 0.00000 0.00000 ( 1)  0.074
 547 T   1.00000 0.00000 0.00000 ( 1)  0.074
 548 E   1.00000 0.00000 0.00000 ( 1)  0.074
 549 A   1.00000 0.00000 0.00000 ( 1)  0.074
 550 T   1.00000 0.00000 0.00000 ( 1)  0.074
 551 R   1.00000 0.00000 0.00000 ( 1)  0.074
 552 F   1.00000 0.00000 0.00000 ( 1)  0.074
 553 G   1.00000 0.00000 0.00000 ( 1)  0.074
 554 V   1.00000 0.00000 0.00000 ( 1)  0.074
 555 F   1.00000 0.00000 0.00000 ( 1)  0.074
 556 R   1.00000 0.00000 0.00000 ( 1)  0.074
 557 M   1.00000 0.00000 0.00000 ( 1)  0.074

Positively selected sites

	Prob(w>1)  mean w



lnL = -2232.253901

Bayes Empirical Bayes (BEB) probabilities for 3 classes (class) & postmean_w
(amino acids refer to 1st sequence: Msl.29708)

   1 M   0.84635 0.10310 0.05055 ( 1)  0.338 +-  0.741
   2 S   0.84367 0.10399 0.05234 ( 1)  0.346 +-  0.767
   3 I   0.84352 0.10404 0.05244 ( 1)  0.347 +-  0.768
   4 K   0.84279 0.10428 0.05294 ( 1)  0.349 +-  0.775
   5 T   0.84183 0.10458 0.05359 ( 1)  0.352 +-  0.785
   6 L   0.84330 0.10411 0.05259 ( 1)  0.347 +-  0.770
   7 Q   0.84507 0.10353 0.05140 ( 1)  0.342 +-  0.753
   8 F   0.84557 0.10337 0.05106 ( 1)  0.340 +-  0.748
   9 N   0.84692 0.10291 0.05017 ( 1)  0.336 +-  0.736
  10 I   0.84308 0.10418 0.05274 ( 1)  0.348 +-  0.772
  11 M   0.84635 0.10310 0.05055 ( 1)  0.338 +-  0.741
  12 I   0.84308 0.10418 0.05274 ( 1)  0.348 +-  0.772
  13 A   0.84562 0.10334 0.05104 ( 1)  0.340 +-  0.748
  14 Q   0.84264 0.10432 0.05303 ( 1)  0.349 +-  0.777
  15 R   0.84232 0.10443 0.05326 ( 1)  0.350 +-  0.780
  16 N   0.84375 0.10397 0.05229 ( 1)  0.346 +-  0.766
  17 F   0.84298 0.10421 0.05280 ( 1)  0.348 +-  0.773
  18 R   0.84543 0.10341 0.05116 ( 1)  0.341 +-  0.750
  19 Q   0.84507 0.10353 0.05140 ( 1)  0.342 +-  0.753
  20 P   0.84269 0.10431 0.05301 ( 1)  0.349 +-  0.776
  21 F   0.84298 0.10421 0.05280 ( 1)  0.348 +-  0.773
  22 R   0.84269 0.10431 0.05300 ( 1)  0.349 +-  0.776
  23 S   0.84140 0.10471 0.05389 ( 1)  0.353 +-  0.789
  24 L   0.84212 0.10438 0.05350 ( 1)  0.352 +-  0.787
  25 C   0.84261 0.10433 0.05306 ( 1)  0.350 +-  0.777
  26 A   0.84206 0.10451 0.05343 ( 1)  0.351 +-  0.782
  27 F   0.84557 0.10337 0.05106 ( 1)  0.340 +-  0.748
  28 K   0.84586 0.10327 0.05087 ( 1)  0.340 +-  0.746
  29 S   0.84237 0.10441 0.05322 ( 1)  0.350 +-  0.779
  30 N   0.84375 0.10397 0.05229 ( 1)  0.346 +-  0.766
  31 I   0.84308 0.10418 0.05274 ( 1)  0.348 +-  0.772
  32 D   0.84441 0.10375 0.05184 ( 1)  0.344 +-  0.760
  33 T   0.84183 0.10458 0.05359 ( 1)  0.352 +-  0.785
  34 N   0.84375 0.10397 0.05229 ( 1)  0.346 +-  0.766
  35 D   0.84441 0.10375 0.05184 ( 1)  0.344 +-  0.760
  36 N   0.84375 0.10397 0.05229 ( 1)  0.346 +-  0.766
  37 V   0.84207 0.10450 0.05343 ( 1)  0.351 +-  0.782
  38 Y   0.84264 0.10432 0.05304 ( 1)  0.349 +-  0.777
  39 K   0.84586 0.10327 0.05087 ( 1)  0.340 +-  0.746
  40 T   0.84285 0.10426 0.05290 ( 1)  0.349 +-  0.775
  41 N   0.84692 0.10291 0.05017 ( 1)  0.336 +-  0.736
  42 Y   0.84264 0.10432 0.05304 ( 1)  0.349 +-  0.777
  43 A   0.84667 0.10299 0.05035 ( 1)  0.337 +-  0.738
  44 N   0.84692 0.10291 0.05017 ( 1)  0.336 +-  0.736
  45 M   0.84635 0.10310 0.05055 ( 1)  0.338 +-  0.741
  46 K   0.84586 0.10327 0.05087 ( 1)  0.340 +-  0.746
  47 K   0.84586 0.10327 0.05087 ( 1)  0.340 +-  0.746
  48 L   0.84402 0.10388 0.05211 ( 1)  0.345 +-  0.763
  49 V   0.84440 0.10374 0.05186 ( 1)  0.344 +-  0.760
  50 S   0.84237 0.10441 0.05322 ( 1)  0.350 +-  0.779
  51 D   0.84441 0.10375 0.05184 ( 1)  0.344 +-  0.760
  52 L   0.84402 0.10388 0.05211 ( 1)  0.345 +-  0.763
  53 E   0.84353 0.10404 0.05243 ( 1)  0.347 +-  0.768
  54 S   0.84472 0.10365 0.05163 ( 1)  0.343 +-  0.756
  55 K   0.84586 0.10327 0.05087 ( 1)  0.340 +-  0.746
  56 I   0.84352 0.10404 0.05244 ( 1)  0.347 +-  0.768
  57 Q   0.84507 0.10353 0.05140 ( 1)  0.342 +-  0.753
  58 H   0.84357 0.10403 0.05241 ( 1)  0.347 +-  0.768
  59 V   0.84326 0.10412 0.05262 ( 1)  0.348 +-  0.771
  60 L   0.84168 0.10463 0.05369 ( 1)  0.352 +-  0.786
  61 K   0.84279 0.10428 0.05294 ( 1)  0.349 +-  0.775
  62 G   0.84500 0.10355 0.05145 ( 1)  0.342 +-  0.754
  63 G   0.84200 0.10453 0.05347 ( 1)  0.351 +-  0.783
  64 G   0.84327 0.10412 0.05261 ( 1)  0.348 +-  0.771
  65 E   0.84353 0.10404 0.05243 ( 1)  0.347 +-  0.768
  66 K   0.84586 0.10327 0.05087 ( 1)  0.340 +-  0.746
  67 A   0.84325 0.10413 0.05262 ( 1)  0.348 +-  0.771
  68 R   0.84269 0.10431 0.05300 ( 1)  0.349 +-  0.776
  69 E   0.84682 0.10293 0.05024 ( 1)  0.337 +-  0.737
  70 R   0.84420 0.10382 0.05198 ( 1)  0.345 +-  0.762
  71 H   0.84357 0.10403 0.05241 ( 1)  0.347 +-  0.768
  72 L   0.84402 0.10388 0.05211 ( 1)  0.345 +-  0.763
  73 S   0.84625 0.10314 0.05061 ( 1)  0.338 +-  0.742
  74 R   0.84269 0.10431 0.05300 ( 1)  0.349 +-  0.776
  75 G   0.84671 0.10297 0.05032 ( 1)  0.337 +-  0.738
  76 K   0.84586 0.10327 0.05087 ( 1)  0.340 +-  0.746
  77 L   0.84402 0.10388 0.05211 ( 1)  0.345 +-  0.763
  78 L   0.84402 0.10388 0.05211 ( 1)  0.345 +-  0.763
  79 P   0.84541 0.10342 0.05117 ( 1)  0.341 +-  0.750
  80 R   0.84232 0.10443 0.05326 ( 1)  0.350 +-  0.780
  81 D   0.84779 0.10260 0.04961 ( 1)  0.334 +-  0.728
  82 R   0.84420 0.10382 0.05198 ( 1)  0.345 +-  0.762
  83 I   0.84352 0.10404 0.05244 ( 1)  0.347 +-  0.768
  84 G   0.84671 0.10297 0.05032 ( 1)  0.337 +-  0.738
  85 H   0.84639 0.10308 0.05052 ( 1)  0.338 +-  0.741
  86 L   0.84402 0.10388 0.05211 ( 1)  0.345 +-  0.763
  87 L   0.84402 0.10388 0.05211 ( 1)  0.345 +-  0.763
  88 D   0.84441 0.10375 0.05184 ( 1)  0.344 +-  0.760
  89 P   0.84541 0.10342 0.05117 ( 1)  0.341 +-  0.750
  90 G   0.84200 0.10453 0.05347 ( 1)  0.351 +-  0.783
  91 S   0.84237 0.10441 0.05322 ( 1)  0.350 +-  0.779
  92 A   0.84206 0.10451 0.05343 ( 1)  0.351 +-  0.782
  93 F   0.84557 0.10337 0.05106 ( 1)  0.340 +-  0.748
  94 L   0.84276 0.10428 0.05295 ( 1)  0.349 +-  0.776
  95 E   0.84682 0.10293 0.05024 ( 1)  0.337 +-  0.737
  96 L   0.84402 0.10388 0.05211 ( 1)  0.345 +-  0.763
  97 S   0.84367 0.10399 0.05234 ( 1)  0.346 +-  0.767
  98 Q   0.84507 0.10353 0.05140 ( 1)  0.342 +-  0.753
  99 L   0.84402 0.10388 0.05211 ( 1)  0.345 +-  0.763
 100 A   0.84206 0.10451 0.05343 ( 1)  0.351 +-  0.782
 101 G   0.84200 0.10453 0.05347 ( 1)  0.351 +-  0.783
 102 H   0.84639 0.10308 0.05052 ( 1)  0.338 +-  0.741
 103 E   0.84682 0.10293 0.05024 ( 1)  0.337 +-  0.737
 104 L   0.84558 0.10336 0.05106 ( 1)  0.340 +-  0.749
 105 Y   0.84264 0.10432 0.05304 ( 1)  0.349 +-  0.777
 106 G   0.84671 0.10297 0.05032 ( 1)  0.337 +-  0.738
 107 K   0.84279 0.10428 0.05294 ( 1)  0.349 +-  0.775
 108 E   0.84682 0.10293 0.05024 ( 1)  0.337 +-  0.737
 109 E   0.84682 0.10293 0.05024 ( 1)  0.337 +-  0.737
 110 V   0.84563 0.10334 0.05103 ( 1)  0.340 +-  0.748
 111 P   0.84174 0.10461 0.05365 ( 1)  0.352 +-  0.786
 112 A   0.84325 0.10413 0.05262 ( 1)  0.348 +-  0.771
 113 G   0.84327 0.10412 0.05261 ( 1)  0.348 +-  0.771
 114 G   0.84327 0.10412 0.05261 ( 1)  0.348 +-  0.771
 115 I   0.84664 0.10300 0.05036 ( 1)  0.337 +-  0.739
 116 I   0.84664 0.10300 0.05036 ( 1)  0.337 +-  0.739
 117 T   0.84285 0.10426 0.05290 ( 1)  0.349 +-  0.775
 118 G   0.84671 0.10297 0.05032 ( 1)  0.337 +-  0.738
 119 I   0.84664 0.10300 0.05036 ( 1)  0.337 +-  0.739
 120 G   0.84671 0.10297 0.05032 ( 1)  0.337 +-  0.738
 121 Q   0.84507 0.10353 0.05140 ( 1)  0.342 +-  0.753
 122 V   0.84326 0.10412 0.05262 ( 1)  0.348 +-  0.771
 123 S   0.84335 0.10410 0.05256 ( 1)  0.347 +-  0.770
 124 G   0.84200 0.10453 0.05347 ( 1)  0.351 +-  0.783
 125 V   0.84667 0.10298 0.05035 ( 1)  0.337 +-  0.739
 126 E   0.84353 0.10404 0.05243 ( 1)  0.347 +-  0.768
 127 C   0.84494 0.10358 0.05148 ( 1)  0.342 +-  0.754
 128 V   0.84563 0.10334 0.05103 ( 1)  0.340 +-  0.748
 129 I   0.84308 0.10418 0.05274 ( 1)  0.348 +-  0.772
 130 V   0.84667 0.10298 0.05035 ( 1)  0.337 +-  0.739
 131 A   0.84667 0.10299 0.05035 ( 1)  0.337 +-  0.738
 132 N   0.84375 0.10397 0.05229 ( 1)  0.346 +-  0.766
 133 D   0.84779 0.10260 0.04961 ( 1)  0.334 +-  0.728
 134 P   0.84457 0.10369 0.05173 ( 1)  0.344 +-  0.758
 135 T   0.84285 0.10426 0.05290 ( 1)  0.349 +-  0.775
 136 V   0.84563 0.10334 0.05103 ( 1)  0.340 +-  0.748
 137 K   0.84586 0.10327 0.05087 ( 1)  0.340 +-  0.746
 138 G   0.84671 0.10297 0.05032 ( 1)  0.337 +-  0.738
 139 G   0.84671 0.10297 0.05032 ( 1)  0.337 +-  0.738
 140 S   0.84472 0.10365 0.05163 ( 1)  0.343 +-  0.756
 141 Y   0.84531 0.10345 0.05124 ( 1)  0.341 +-  0.751
 142 Y   0.84531 0.10345 0.05124 ( 1)  0.341 +-  0.751
 143 P   0.84174 0.10461 0.05365 ( 1)  0.352 +-  0.786
 144 I   0.84664 0.10300 0.05036 ( 1)  0.337 +-  0.739
 145 T   0.84488 0.10360 0.05153 ( 1)  0.343 +-  0.755
 146 V   0.84563 0.10334 0.05103 ( 1)  0.340 +-  0.748
 147 K   0.84279 0.10428 0.05294 ( 1)  0.349 +-  0.775
 148 K   0.84279 0.10428 0.05294 ( 1)  0.349 +-  0.775
 149 H   0.84639 0.10308 0.05052 ( 1)  0.338 +-  0.741
 150 L   0.84402 0.10388 0.05211 ( 1)  0.345 +-  0.763
 151 R   0.84543 0.10341 0.05116 ( 1)  0.341 +-  0.750
 152 A   0.84667 0.10299 0.05035 ( 1)  0.337 +-  0.738
 153 Q   0.84507 0.10353 0.05140 ( 1)  0.342 +-  0.753
 154 E   0.84353 0.10404 0.05243 ( 1)  0.347 +-  0.768
 155 V   0.84563 0.10334 0.05103 ( 1)  0.340 +-  0.748
 156 A   0.84325 0.10413 0.05262 ( 1)  0.348 +-  0.771
 157 R   0.84543 0.10341 0.05116 ( 1)  0.341 +-  0.750
 158 Q   0.84507 0.10353 0.05140 ( 1)  0.342 +-  0.753
 159 N   0.84375 0.10397 0.05229 ( 1)  0.346 +-  0.766
 160 R   0.84543 0.10341 0.05116 ( 1)  0.341 +-  0.750
 161 L   0.84402 0.10388 0.05211 ( 1)  0.345 +-  0.763
 162 P   0.84269 0.10431 0.05301 ( 1)  0.349 +-  0.776
 163 C   0.84494 0.10358 0.05148 ( 1)  0.342 +-  0.754
 164 I   0.84352 0.10404 0.05244 ( 1)  0.347 +-  0.768
 165 Y   0.84264 0.10432 0.05304 ( 1)  0.349 +-  0.777
 166 L   0.84558 0.10336 0.05106 ( 1)  0.340 +-  0.749
 167 V   0.84563 0.10334 0.05103 ( 1)  0.340 +-  0.748
 168 D   0.84441 0.10375 0.05184 ( 1)  0.344 +-  0.760
 169 S   0.84472 0.10365 0.05163 ( 1)  0.343 +-  0.756
 170 G   0.84671 0.10297 0.05032 ( 1)  0.337 +-  0.738
 171 G   0.84671 0.10297 0.05032 ( 1)  0.337 +-  0.738
 172 A   0.84325 0.10413 0.05262 ( 1)  0.348 +-  0.771
 173 N   0.84375 0.10397 0.05229 ( 1)  0.346 +-  0.766
 174 L   0.84402 0.10388 0.05211 ( 1)  0.345 +-  0.763
 175 P   0.84541 0.10342 0.05117 ( 1)  0.341 +-  0.750
 176 R   0.84510 0.10352 0.05138 ( 1)  0.342 +-  0.753
 177 Q   0.84264 0.10432 0.05303 ( 1)  0.349 +-  0.777
 178 D   0.84779 0.10260 0.04961 ( 1)  0.334 +-  0.728
 179 A   0.84206 0.10451 0.05343 ( 1)  0.351 +-  0.782
 180 V   0.84326 0.10412 0.05262 ( 1)  0.348 +-  0.771
 181 F   0.84557 0.10337 0.05106 ( 1)  0.340 +-  0.748
 182 P   0.84541 0.10342 0.05117 ( 1)  0.341 +-  0.750
 183 D   0.84779 0.10260 0.04961 ( 1)  0.334 +-  0.728
 184 R   0.84420 0.10382 0.05198 ( 1)  0.345 +-  0.762
 185 D   0.84779 0.10260 0.04961 ( 1)  0.334 +-  0.728
 186 H   0.84357 0.10403 0.05241 ( 1)  0.347 +-  0.768
 187 F   0.84557 0.10337 0.05106 ( 1)  0.340 +-  0.748
 188 G   0.84671 0.10297 0.05032 ( 1)  0.337 +-  0.738
 189 R   0.84543 0.10341 0.05116 ( 1)  0.341 +-  0.750
 190 I   0.84664 0.10300 0.05036 ( 1)  0.337 +-  0.739
 191 F   0.84557 0.10337 0.05106 ( 1)  0.340 +-  0.748
 192 Y   0.84531 0.10345 0.05124 ( 1)  0.341 +-  0.751
 193 N   0.84692 0.10291 0.05017 ( 1)  0.336 +-  0.736
 194 Q   0.84264 0.10432 0.05303 ( 1)  0.349 +-  0.777
 195 A   0.84667 0.10299 0.05035 ( 1)  0.337 +-  0.738
 196 T   0.84578 0.10329 0.05093 ( 1)  0.340 +-  0.747
 197 L   0.84276 0.10428 0.05295 ( 1)  0.349 +-  0.776
 198 S   0.84472 0.10365 0.05163 ( 1)  0.343 +-  0.756
 199 S   0.84335 0.10410 0.05256 ( 1)  0.347 +-  0.770
 200 Q   0.84507 0.10353 0.05140 ( 1)  0.342 +-  0.753
 201 N   0.84692 0.10291 0.05017 ( 1)  0.336 +-  0.736
 202 I   0.84352 0.10404 0.05244 ( 1)  0.347 +-  0.768
 203 P   0.84541 0.10342 0.05117 ( 1)  0.341 +-  0.750
 204 Q   0.84507 0.10353 0.05140 ( 1)  0.342 +-  0.753
 205 V   0.84563 0.10334 0.05103 ( 1)  0.340 +-  0.748
 206 A   0.84325 0.10413 0.05262 ( 1)  0.348 +-  0.771
 207 V   0.84563 0.10334 0.05103 ( 1)  0.340 +-  0.748
 208 V   0.84667 0.10298 0.05035 ( 1)  0.337 +-  0.739
 209 L   0.84402 0.10388 0.05211 ( 1)  0.345 +-  0.763
 210 G   0.84671 0.10297 0.05032 ( 1)  0.337 +-  0.738
 211 S   0.84367 0.10399 0.05234 ( 1)  0.346 +-  0.767
 212 C   0.84494 0.10358 0.05148 ( 1)  0.342 +-  0.754
 213 T   0.84578 0.10329 0.05093 ( 1)  0.340 +-  0.747
 214 A   0.84325 0.10413 0.05262 ( 1)  0.348 +-  0.771
 215 G   0.84671 0.10297 0.05032 ( 1)  0.337 +-  0.738
 216 G   0.84671 0.10297 0.05032 ( 1)  0.337 +-  0.738
 217 A   0.84667 0.10299 0.05035 ( 1)  0.337 +-  0.738
 218 Y   0.84531 0.10345 0.05124 ( 1)  0.341 +-  0.751
 219 V   0.84563 0.10334 0.05103 ( 1)  0.340 +-  0.748
 220 P   0.84541 0.10342 0.05117 ( 1)  0.341 +-  0.750
 221 A   0.84562 0.10334 0.05104 ( 1)  0.340 +-  0.748
 222 M   0.84635 0.10310 0.05055 ( 1)  0.338 +-  0.741
 223 A   0.84325 0.10413 0.05262 ( 1)  0.348 +-  0.771
 224 D   0.84441 0.10375 0.05184 ( 1)  0.344 +-  0.760
 225 E   0.84682 0.10293 0.05024 ( 1)  0.337 +-  0.737
 226 S   0.84625 0.10314 0.05061 ( 1)  0.338 +-  0.742
 227 I   0.84664 0.10300 0.05036 ( 1)  0.337 +-  0.739
 228 I   0.84352 0.10404 0.05244 ( 1)  0.347 +-  0.768
 229 V   0.84563 0.10334 0.05103 ( 1)  0.340 +-  0.748
 230 Q   0.84264 0.10432 0.05303 ( 1)  0.349 +-  0.777
 231 K   0.84586 0.10327 0.05087 ( 1)  0.340 +-  0.746
 232 Q   0.84264 0.10432 0.05303 ( 1)  0.349 +-  0.777
 233 G   0.84671 0.10297 0.05032 ( 1)  0.337 +-  0.738
 234 T   0.84578 0.10329 0.05093 ( 1)  0.340 +-  0.747
 235 I   0.84664 0.10300 0.05036 ( 1)  0.337 +-  0.739
 236 F   0.84557 0.10337 0.05106 ( 1)  0.340 +-  0.748
 237 L   0.84330 0.10411 0.05259 ( 1)  0.347 +-  0.770
 238 G   0.84200 0.10453 0.05347 ( 1)  0.351 +-  0.783
 239 G   0.84200 0.10453 0.05347 ( 1)  0.351 +-  0.783
 240 P   0.84457 0.10369 0.05173 ( 1)  0.344 +-  0.758
 241 P   0.84457 0.10369 0.05173 ( 1)  0.344 +-  0.758
 242 L   0.84276 0.10428 0.05295 ( 1)  0.349 +-  0.776
 243 V   0.84563 0.10334 0.05103 ( 1)  0.340 +-  0.748
 244 K   0.84279 0.10428 0.05294 ( 1)  0.349 +-  0.775
 245 A   0.84325 0.10413 0.05262 ( 1)  0.348 +-  0.771
 246 A   0.84667 0.10299 0.05035 ( 1)  0.337 +-  0.738
 247 T   0.84183 0.10458 0.05359 ( 1)  0.352 +-  0.785
 248 G   0.84671 0.10297 0.05032 ( 1)  0.337 +-  0.738
 249 E   0.84682 0.10293 0.05024 ( 1)  0.337 +-  0.737
 250 E   0.84353 0.10404 0.05243 ( 1)  0.347 +-  0.768
 251 V   0.84563 0.10334 0.05103 ( 1)  0.340 +-  0.748
 252 S   0.84367 0.10399 0.05234 ( 1)  0.346 +-  0.767
 253 A   0.84562 0.10334 0.05104 ( 1)  0.340 +-  0.748
 254 E   0.84353 0.10404 0.05243 ( 1)  0.347 +-  0.768
 255 A   0.84325 0.10413 0.05262 ( 1)  0.348 +-  0.771
 256 L   0.84402 0.10388 0.05211 ( 1)  0.345 +-  0.763
 257 G   0.84671 0.10297 0.05032 ( 1)  0.337 +-  0.738
 258 G   0.84671 0.10297 0.05032 ( 1)  0.337 +-  0.738
 259 A   0.84667 0.10299 0.05035 ( 1)  0.337 +-  0.738
 260 D   0.84441 0.10375 0.05184 ( 1)  0.344 +-  0.760
 261 L   0.84402 0.10388 0.05211 ( 1)  0.345 +-  0.763
 262 H   0.84639 0.10308 0.05052 ( 1)  0.338 +-  0.741
 263 C   0.84494 0.10358 0.05148 ( 1)  0.342 +-  0.754
 264 R   0.84420 0.10382 0.05198 ( 1)  0.345 +-  0.762
 265 Q   0.84507 0.10353 0.05140 ( 1)  0.342 +-  0.753
 266 S   0.84367 0.10399 0.05234 ( 1)  0.346 +-  0.767
 267 G   0.84327 0.10412 0.05261 ( 1)  0.348 +-  0.771
 268 V   0.84667 0.10298 0.05035 ( 1)  0.337 +-  0.739
 269 T   0.84488 0.10360 0.05153 ( 1)  0.343 +-  0.755
 270 D   0.84779 0.10260 0.04961 ( 1)  0.334 +-  0.728
 271 H   0.84639 0.10308 0.05052 ( 1)  0.338 +-  0.741
 272 Y   0.84531 0.10345 0.05124 ( 1)  0.341 +-  0.751
 273 A   0.84667 0.10299 0.05035 ( 1)  0.337 +-  0.738
 274 Q   0.84507 0.10353 0.05140 ( 1)  0.342 +-  0.753
 275 D   0.84779 0.10260 0.04961 ( 1)  0.334 +-  0.728
 276 D   0.84441 0.10375 0.05184 ( 1)  0.344 +-  0.760
 277 E   0.84682 0.10293 0.05024 ( 1)  0.337 +-  0.737
 278 H   0.84639 0.10308 0.05052 ( 1)  0.338 +-  0.741
 279 A   0.84562 0.10334 0.05104 ( 1)  0.340 +-  0.748
 280 L   0.84330 0.10411 0.05259 ( 1)  0.347 +-  0.770
 281 H   0.84639 0.10308 0.05052 ( 1)  0.338 +-  0.741
 282 L   0.84402 0.10388 0.05211 ( 1)  0.345 +-  0.763
 283 A   0.84325 0.10413 0.05262 ( 1)  0.348 +-  0.771
 284 R   0.84510 0.10352 0.05138 ( 1)  0.342 +-  0.753
 285 R   0.84420 0.10382 0.05198 ( 1)  0.345 +-  0.762
 286 V   0.84563 0.10334 0.05103 ( 1)  0.340 +-  0.748
 287 V   0.84563 0.10334 0.05103 ( 1)  0.340 +-  0.748
 288 A   0.84667 0.10299 0.05035 ( 1)  0.337 +-  0.738
 289 R   0.84420 0.10382 0.05198 ( 1)  0.345 +-  0.762
 290 L   0.84558 0.10336 0.05106 ( 1)  0.340 +-  0.749
 291 N   0.84375 0.10397 0.05229 ( 1)  0.346 +-  0.766
 292 R   0.84420 0.10382 0.05198 ( 1)  0.345 +-  0.762
 293 P   0.84541 0.10342 0.05117 ( 1)  0.341 +-  0.750
 294 V   0.84563 0.10334 0.05103 ( 1)  0.340 +-  0.748
 295 Q   0.84507 0.10353 0.05140 ( 1)  0.342 +-  0.753
 296 P   0.84541 0.10342 0.05117 ( 1)  0.341 +-  0.750
 297 A   0.84562 0.10334 0.05104 ( 1)  0.340 +-  0.748
 298 T   0.84285 0.10426 0.05290 ( 1)  0.349 +-  0.775
 299 P   0.84541 0.10342 0.05117 ( 1)  0.341 +-  0.750
 300 A   0.84667 0.10299 0.05035 ( 1)  0.337 +-  0.738
 301 F   0.84557 0.10337 0.05106 ( 1)  0.340 +-  0.748
 302 S   0.84625 0.10314 0.05061 ( 1)  0.338 +-  0.742
 303 E   0.84682 0.10293 0.05024 ( 1)  0.337 +-  0.737
 304 P   0.84457 0.10369 0.05173 ( 1)  0.344 +-  0.758
 305 L   0.84402 0.10388 0.05211 ( 1)  0.345 +-  0.763
 306 Y   0.84264 0.10432 0.05304 ( 1)  0.349 +-  0.777
 307 P   0.84457 0.10369 0.05173 ( 1)  0.344 +-  0.758
 308 V   0.29112 0.28639 0.42249 ( 3)  1.932 +-  2.248
 309 D   0.84441 0.10375 0.05184 ( 1)  0.344 +-  0.760
 310 E   0.84682 0.10293 0.05024 ( 1)  0.337 +-  0.737
 311 I   0.84664 0.10300 0.05036 ( 1)  0.337 +-  0.739
 312 Y   0.84531 0.10345 0.05124 ( 1)  0.341 +-  0.751
 313 G   0.84671 0.10297 0.05032 ( 1)  0.337 +-  0.738
 314 I   0.84352 0.10404 0.05244 ( 1)  0.347 +-  0.768
 315 V   0.84563 0.10334 0.05103 ( 1)  0.340 +-  0.748
 316 G   0.84200 0.10453 0.05347 ( 1)  0.351 +-  0.783
 317 G   0.84671 0.10297 0.05032 ( 1)  0.337 +-  0.738
 318 N   0.84375 0.10397 0.05229 ( 1)  0.346 +-  0.766
 319 L   0.84402 0.10388 0.05211 ( 1)  0.345 +-  0.763
 320 K   0.84586 0.10327 0.05087 ( 1)  0.340 +-  0.746
 321 R   0.84420 0.10382 0.05198 ( 1)  0.345 +-  0.762
 322 N   0.84375 0.10397 0.05229 ( 1)  0.346 +-  0.766
 323 F   0.84298 0.10421 0.05280 ( 1)  0.348 +-  0.773
 324 D   0.84441 0.10375 0.05184 ( 1)  0.344 +-  0.760
 325 I   0.84352 0.10404 0.05244 ( 1)  0.347 +-  0.768
 326 R   0.84543 0.10341 0.05116 ( 1)  0.341 +-  0.750
 327 E   0.84682 0.10293 0.05024 ( 1)  0.337 +-  0.737
 328 V   0.84667 0.10298 0.05035 ( 1)  0.337 +-  0.739
 329 I   0.84664 0.10300 0.05036 ( 1)  0.337 +-  0.739
 330 A   0.84667 0.10299 0.05035 ( 1)  0.337 +-  0.738
 331 R   0.84543 0.10341 0.05116 ( 1)  0.341 +-  0.750
 332 V   0.84326 0.10412 0.05262 ( 1)  0.348 +-  0.771
 333 V   0.84563 0.10334 0.05103 ( 1)  0.340 +-  0.748
 334 D   0.84779 0.10260 0.04961 ( 1)  0.334 +-  0.728
 335 G   0.84671 0.10297 0.05032 ( 1)  0.337 +-  0.738
 336 S   0.84625 0.10314 0.05061 ( 1)  0.338 +-  0.742
 337 E   0.84682 0.10293 0.05024 ( 1)  0.337 +-  0.737
 338 L   0.84339 0.10408 0.05253 ( 1)  0.347 +-  0.770
 339 D   0.84779 0.10260 0.04961 ( 1)  0.334 +-  0.728
 340 E   0.84353 0.10404 0.05243 ( 1)  0.347 +-  0.768
 341 F   0.84557 0.10337 0.05106 ( 1)  0.340 +-  0.748
 342 K   0.84279 0.10428 0.05294 ( 1)  0.349 +-  0.775
 343 A   0.84667 0.10299 0.05035 ( 1)  0.337 +-  0.738
 344 M   0.84635 0.10310 0.05055 ( 1)  0.338 +-  0.741
 345 Y   0.84531 0.10345 0.05124 ( 1)  0.341 +-  0.751
 346 G   0.84671 0.10297 0.05032 ( 1)  0.337 +-  0.738
 347 E   0.84353 0.10404 0.05243 ( 1)  0.347 +-  0.768
 348 T   0.84578 0.10329 0.05093 ( 1)  0.340 +-  0.747
 349 L   0.84558 0.10336 0.05106 ( 1)  0.340 +-  0.749
 350 V   0.84667 0.10298 0.05035 ( 1)  0.337 +-  0.739
 351 C   0.84494 0.10358 0.05148 ( 1)  0.342 +-  0.754
 352 C   0.84494 0.10358 0.05148 ( 1)  0.342 +-  0.754
 353 F   0.84557 0.10337 0.05106 ( 1)  0.340 +-  0.748
 354 A   0.84562 0.10334 0.05104 ( 1)  0.340 +-  0.748
 355 S   0.84625 0.10314 0.05061 ( 1)  0.338 +-  0.742
 356 I   0.84352 0.10404 0.05244 ( 1)  0.347 +-  0.768
 357 H   0.84639 0.10308 0.05052 ( 1)  0.338 +-  0.741
 358 G   0.84671 0.10297 0.05032 ( 1)  0.337 +-  0.738
 359 R   0.84543 0.10341 0.05116 ( 1)  0.341 +-  0.750
 360 T   0.84488 0.10360 0.05153 ( 1)  0.343 +-  0.755
 361 V   0.84563 0.10334 0.05103 ( 1)  0.340 +-  0.748
 362 G   0.84671 0.10297 0.05032 ( 1)  0.337 +-  0.738
 363 I   0.84352 0.10404 0.05244 ( 1)  0.347 +-  0.768
 364 L   0.84402 0.10388 0.05211 ( 1)  0.345 +-  0.763
 365 G   0.84200 0.10453 0.05347 ( 1)  0.351 +-  0.783
 366 N   0.84692 0.10291 0.05017 ( 1)  0.336 +-  0.736
 367 N   0.84375 0.10397 0.05229 ( 1)  0.346 +-  0.766
 368 G   0.84200 0.10453 0.05347 ( 1)  0.351 +-  0.783
 369 V   0.84563 0.10334 0.05103 ( 1)  0.340 +-  0.748
 370 L   0.84402 0.10388 0.05211 ( 1)  0.345 +-  0.763
 371 F   0.84298 0.10421 0.05280 ( 1)  0.348 +-  0.773
 372 S   0.84625 0.10314 0.05061 ( 1)  0.338 +-  0.742
 373 E   0.84682 0.10293 0.05024 ( 1)  0.337 +-  0.737
 374 S   0.84472 0.10365 0.05163 ( 1)  0.343 +-  0.756
 375 A   0.84325 0.10413 0.05262 ( 1)  0.348 +-  0.771
 376 V   0.84326 0.10412 0.05262 ( 1)  0.348 +-  0.771
 377 K   0.84586 0.10327 0.05087 ( 1)  0.340 +-  0.746
 378 G   0.84671 0.10297 0.05032 ( 1)  0.337 +-  0.738
 379 A   0.84562 0.10334 0.05104 ( 1)  0.340 +-  0.748
 380 H   0.84639 0.10308 0.05052 ( 1)  0.338 +-  0.741
 381 F   0.84557 0.10337 0.05106 ( 1)  0.340 +-  0.748
 382 I   0.84664 0.10300 0.05036 ( 1)  0.337 +-  0.739
 383 Q   0.84507 0.10353 0.05140 ( 1)  0.342 +-  0.753
 384 L   0.84402 0.10388 0.05211 ( 1)  0.345 +-  0.763
 385 C   0.84494 0.10358 0.05148 ( 1)  0.342 +-  0.754
 386 C   0.84494 0.10358 0.05148 ( 1)  0.342 +-  0.754
 387 Q   0.84507 0.10353 0.05140 ( 1)  0.342 +-  0.753
 388 R   0.84543 0.10341 0.05116 ( 1)  0.341 +-  0.750
 389 G   0.84671 0.10297 0.05032 ( 1)  0.337 +-  0.738
 390 I   0.84664 0.10300 0.05036 ( 1)  0.337 +-  0.739
 391 P   0.84457 0.10369 0.05173 ( 1)  0.344 +-  0.758
 392 L   0.84402 0.10388 0.05211 ( 1)  0.345 +-  0.763
 393 L   0.84402 0.10388 0.05211 ( 1)  0.345 +-  0.763
 394 F   0.84557 0.10337 0.05106 ( 1)  0.340 +-  0.748
 395 L   0.84402 0.10388 0.05211 ( 1)  0.345 +-  0.763
 396 Q   0.84507 0.10353 0.05140 ( 1)  0.342 +-  0.753
 397 N   0.84692 0.10291 0.05017 ( 1)  0.336 +-  0.736
 398 I   0.84664 0.10300 0.05036 ( 1)  0.337 +-  0.739
 399 T   0.84578 0.10329 0.05093 ( 1)  0.340 +-  0.747
 400 G   0.84671 0.10297 0.05032 ( 1)  0.337 +-  0.738
 401 F   0.84557 0.10337 0.05106 ( 1)  0.340 +-  0.748
 402 M   0.84635 0.10310 0.05055 ( 1)  0.338 +-  0.741
 403 V   0.84326 0.10412 0.05262 ( 1)  0.348 +-  0.771
 404 G   0.84671 0.10297 0.05032 ( 1)  0.337 +-  0.738
 405 R   0.84543 0.10341 0.05116 ( 1)  0.341 +-  0.750
 406 E   0.84682 0.10293 0.05024 ( 1)  0.337 +-  0.737
 407 A   0.84667 0.10299 0.05035 ( 1)  0.337 +-  0.738
 408 E   0.84353 0.10404 0.05243 ( 1)  0.347 +-  0.768
 409 A   0.84325 0.10413 0.05262 ( 1)  0.348 +-  0.771
 410 G   0.84671 0.10297 0.05032 ( 1)  0.337 +-  0.738
 411 G   0.84671 0.10297 0.05032 ( 1)  0.337 +-  0.738
 412 I   0.84664 0.10300 0.05036 ( 1)  0.337 +-  0.739
 413 A   0.84667 0.10299 0.05035 ( 1)  0.337 +-  0.738
 414 K   0.84586 0.10327 0.05087 ( 1)  0.340 +-  0.746
 415 H   0.84357 0.10403 0.05241 ( 1)  0.347 +-  0.768
 416 G   0.84200 0.10453 0.05347 ( 1)  0.351 +-  0.783
 417 A   0.84562 0.10334 0.05104 ( 1)  0.340 +-  0.748
 418 K   0.84586 0.10327 0.05087 ( 1)  0.340 +-  0.746
 419 L   0.84402 0.10388 0.05211 ( 1)  0.345 +-  0.763
 420 V   0.84563 0.10334 0.05103 ( 1)  0.340 +-  0.748
 421 T   0.84578 0.10329 0.05093 ( 1)  0.340 +-  0.747
 422 A   0.84667 0.10299 0.05035 ( 1)  0.337 +-  0.738
 423 V   0.84563 0.10334 0.05103 ( 1)  0.340 +-  0.748
 424 A   0.84667 0.10299 0.05035 ( 1)  0.337 +-  0.738
 425 C   0.84494 0.10358 0.05148 ( 1)  0.342 +-  0.754
 426 A   0.84667 0.10299 0.05035 ( 1)  0.337 +-  0.738
 427 R   0.84420 0.10382 0.05198 ( 1)  0.345 +-  0.762
 428 V   0.84563 0.10334 0.05103 ( 1)  0.340 +-  0.748
 429 P   0.84541 0.10342 0.05117 ( 1)  0.341 +-  0.750
 430 K   0.84586 0.10327 0.05087 ( 1)  0.340 +-  0.746
 431 I   0.84664 0.10300 0.05036 ( 1)  0.337 +-  0.739
 432 T   0.84578 0.10329 0.05093 ( 1)  0.340 +-  0.747
 433 L   0.84402 0.10388 0.05211 ( 1)  0.345 +-  0.763
 434 I   0.84352 0.10404 0.05244 ( 1)  0.347 +-  0.768
 435 V   0.84667 0.10298 0.05035 ( 1)  0.337 +-  0.739
 436 G   0.84200 0.10453 0.05347 ( 1)  0.351 +-  0.783
 437 G   0.84671 0.10297 0.05032 ( 1)  0.337 +-  0.738
 438 S   0.84625 0.10314 0.05061 ( 1)  0.338 +-  0.742
 439 Y   0.84531 0.10345 0.05124 ( 1)  0.341 +-  0.751
 440 G   0.84671 0.10297 0.05032 ( 1)  0.337 +-  0.738
 441 A   0.84667 0.10299 0.05035 ( 1)  0.337 +-  0.738
 442 G   0.84671 0.10297 0.05032 ( 1)  0.337 +-  0.738
 443 N   0.84692 0.10291 0.05017 ( 1)  0.336 +-  0.736
 444 Y   0.84531 0.10345 0.05124 ( 1)  0.341 +-  0.751
 445 G   0.84671 0.10297 0.05032 ( 1)  0.337 +-  0.738
 446 M   0.84635 0.10310 0.05055 ( 1)  0.338 +-  0.741
 447 C   0.84494 0.10358 0.05148 ( 1)  0.342 +-  0.754
 448 G   0.84671 0.10297 0.05032 ( 1)  0.337 +-  0.738
 449 R   0.84543 0.10341 0.05116 ( 1)  0.341 +-  0.750
 450 A   0.84667 0.10299 0.05035 ( 1)  0.337 +-  0.738
 451 Y   0.84531 0.10345 0.05124 ( 1)  0.341 +-  0.751
 452 D   0.84779 0.10260 0.04961 ( 1)  0.334 +-  0.728
 453 P   0.84541 0.10342 0.05117 ( 1)  0.341 +-  0.750
 454 R   0.84543 0.10341 0.05116 ( 1)  0.341 +-  0.750
 455 F   0.84557 0.10337 0.05106 ( 1)  0.340 +-  0.748
 456 L   0.84402 0.10388 0.05211 ( 1)  0.345 +-  0.763
 457 F   0.84557 0.10337 0.05106 ( 1)  0.340 +-  0.748
 458 M   0.84635 0.10310 0.05055 ( 1)  0.338 +-  0.741
 459 W   0.84366 0.10400 0.05235 ( 1)  0.346 +-  0.767
 460 P   0.84541 0.10342 0.05117 ( 1)  0.341 +-  0.750
 461 N   0.84692 0.10291 0.05017 ( 1)  0.336 +-  0.736
 462 S   0.84367 0.10399 0.05234 ( 1)  0.346 +-  0.767
 463 R   0.84269 0.10431 0.05300 ( 1)  0.349 +-  0.776
 464 I   0.84664 0.10300 0.05036 ( 1)  0.337 +-  0.739
 465 S   0.84625 0.10314 0.05061 ( 1)  0.338 +-  0.742
 466 V   0.84326 0.10412 0.05262 ( 1)  0.348 +-  0.771
 467 M   0.84635 0.10310 0.05055 ( 1)  0.338 +-  0.741
 468 G   0.84671 0.10297 0.05032 ( 1)  0.337 +-  0.738
 469 G   0.84671 0.10297 0.05032 ( 1)  0.337 +-  0.738
 470 E   0.84682 0.10293 0.05024 ( 1)  0.337 +-  0.737
 471 Q   0.84507 0.10353 0.05140 ( 1)  0.342 +-  0.753
 472 A   0.84667 0.10299 0.05035 ( 1)  0.337 +-  0.738
 473 A   0.84667 0.10299 0.05035 ( 1)  0.337 +-  0.738
 474 N   0.84375 0.10397 0.05229 ( 1)  0.346 +-  0.766
 475 V   0.84563 0.10334 0.05103 ( 1)  0.340 +-  0.748
 476 L   0.84402 0.10388 0.05211 ( 1)  0.345 +-  0.763
 477 D   0.84779 0.10260 0.04961 ( 1)  0.334 +-  0.728
 478 Q   0.84507 0.10353 0.05140 ( 1)  0.342 +-  0.753
 479 I   0.84664 0.10300 0.05036 ( 1)  0.337 +-  0.739
 480 Q   0.84507 0.10353 0.05140 ( 1)  0.342 +-  0.753
 481 R   0.84420 0.10382 0.05198 ( 1)  0.345 +-  0.762
 482 E   0.84682 0.10293 0.05024 ( 1)  0.337 +-  0.737
 483 Q   0.84507 0.10353 0.05140 ( 1)  0.342 +-  0.753
 484 R   0.84420 0.10382 0.05198 ( 1)  0.345 +-  0.762
 485 Q   0.84507 0.10353 0.05140 ( 1)  0.342 +-  0.753
 486 R   0.84510 0.10352 0.05138 ( 1)  0.342 +-  0.753
 487 E   0.84682 0.10293 0.05024 ( 1)  0.337 +-  0.737
 488 G   0.84671 0.10297 0.05032 ( 1)  0.337 +-  0.738
 489 R   0.84543 0.10341 0.05116 ( 1)  0.341 +-  0.750
 490 D   0.84779 0.10260 0.04961 ( 1)  0.334 +-  0.728
 491 W   0.84366 0.10400 0.05235 ( 1)  0.346 +-  0.767
 492 T   0.84578 0.10329 0.05093 ( 1)  0.340 +-  0.747
 493 E   0.84682 0.10293 0.05024 ( 1)  0.337 +-  0.737
 494 A   0.84562 0.10334 0.05104 ( 1)  0.340 +-  0.748
 495 E   0.84682 0.10293 0.05024 ( 1)  0.337 +-  0.737
 496 S   0.84472 0.10365 0.05163 ( 1)  0.343 +-  0.756
 497 R   0.84232 0.10443 0.05326 ( 1)  0.350 +-  0.780
 498 A   0.84667 0.10299 0.05035 ( 1)  0.337 +-  0.738
 499 L   0.84276 0.10428 0.05295 ( 1)  0.349 +-  0.776
 500 R   0.84543 0.10341 0.05116 ( 1)  0.341 +-  0.750
 501 E   0.84682 0.10293 0.05024 ( 1)  0.337 +-  0.737
 502 P   0.84457 0.10369 0.05173 ( 1)  0.344 +-  0.758
 503 V   0.84563 0.10334 0.05103 ( 1)  0.340 +-  0.748
 504 L   0.84402 0.10388 0.05211 ( 1)  0.345 +-  0.763
 505 A   0.84667 0.10299 0.05035 ( 1)  0.337 +-  0.738
 506 K   0.84586 0.10327 0.05087 ( 1)  0.340 +-  0.746
 507 Y   0.84531 0.10345 0.05124 ( 1)  0.341 +-  0.751
 508 E   0.84682 0.10293 0.05024 ( 1)  0.337 +-  0.737
 509 Q   0.84507 0.10353 0.05140 ( 1)  0.342 +-  0.753
 510 E   0.84682 0.10293 0.05024 ( 1)  0.337 +-  0.737
 511 G   0.84671 0.10297 0.05032 ( 1)  0.337 +-  0.738
 512 H   0.84639 0.10308 0.05052 ( 1)  0.338 +-  0.741
 513 P   0.84541 0.10342 0.05117 ( 1)  0.341 +-  0.750
 514 Y   0.84531 0.10345 0.05124 ( 1)  0.341 +-  0.751
 515 Y   0.84531 0.10345 0.05124 ( 1)  0.341 +-  0.751
 516 S   0.84625 0.10314 0.05061 ( 1)  0.338 +-  0.742
 517 S   0.84367 0.10399 0.05234 ( 1)  0.346 +-  0.767
 518 A   0.84667 0.10299 0.05035 ( 1)  0.337 +-  0.738
 519 R   0.84510 0.10352 0.05138 ( 1)  0.342 +-  0.753
 520 L   0.84402 0.10388 0.05211 ( 1)  0.345 +-  0.763
 521 W   0.84366 0.10400 0.05235 ( 1)  0.346 +-  0.767
 522 D   0.84441 0.10375 0.05184 ( 1)  0.344 +-  0.760
 523 D   0.84779 0.10260 0.04961 ( 1)  0.334 +-  0.728
 524 G   0.84671 0.10297 0.05032 ( 1)  0.337 +-  0.738
 525 I   0.84664 0.10300 0.05036 ( 1)  0.337 +-  0.739
 526 L   0.84402 0.10388 0.05211 ( 1)  0.345 +-  0.763
 527 D   0.84441 0.10375 0.05184 ( 1)  0.344 +-  0.760
 528 P   0.84269 0.10431 0.05301 ( 1)  0.349 +-  0.776
 529 Q   0.84507 0.10353 0.05140 ( 1)  0.342 +-  0.753
 530 Q   0.84507 0.10353 0.05140 ( 1)  0.342 +-  0.753
 531 T   0.84578 0.10329 0.05093 ( 1)  0.340 +-  0.747
 532 R   0.84543 0.10341 0.05116 ( 1)  0.341 +-  0.750
 533 S   0.84472 0.10365 0.05163 ( 1)  0.343 +-  0.756
 534 V   0.84563 0.10334 0.05103 ( 1)  0.340 +-  0.748
 535 L   0.84402 0.10388 0.05211 ( 1)  0.345 +-  0.763
 536 A   0.84562 0.10334 0.05104 ( 1)  0.340 +-  0.748
 537 L   0.84402 0.10388 0.05211 ( 1)  0.345 +-  0.763
 538 A   0.84667 0.10299 0.05035 ( 1)  0.337 +-  0.738
 539 L   0.84402 0.10388 0.05211 ( 1)  0.345 +-  0.763
 540 S   0.84472 0.10365 0.05163 ( 1)  0.343 +-  0.756
 541 A   0.84562 0.10334 0.05104 ( 1)  0.340 +-  0.748
 542 A   0.84667 0.10299 0.05035 ( 1)  0.337 +-  0.738
 543 A   0.84562 0.10334 0.05104 ( 1)  0.340 +-  0.748
 544 N   0.84692 0.10291 0.05017 ( 1)  0.336 +-  0.736
 545 S   0.84367 0.10399 0.05234 ( 1)  0.346 +-  0.767
 546 P   0.84174 0.10461 0.05365 ( 1)  0.352 +-  0.786
 547 T   0.84285 0.10426 0.05290 ( 1)  0.349 +-  0.775
 548 E   0.84682 0.10293 0.05024 ( 1)  0.337 +-  0.737
 549 A   0.84667 0.10299 0.05035 ( 1)  0.337 +-  0.738
 550 T   0.84285 0.10426 0.05290 ( 1)  0.349 +-  0.775
 551 R   0.84420 0.10382 0.05198 ( 1)  0.345 +-  0.762
 552 F   0.84298 0.10421 0.05280 ( 1)  0.348 +-  0.773
 553 G   0.84671 0.10297 0.05032 ( 1)  0.337 +-  0.738
 554 V   0.84667 0.10298 0.05035 ( 1)  0.337 +-  0.739
 555 F   0.84557 0.10337 0.05106 ( 1)  0.340 +-  0.748
 556 R   0.84543 0.10341 0.05116 ( 1)  0.341 +-  0.750
 557 M   0.84635 0.10310 0.05055 ( 1)  0.338 +-  0.741

Positively selected sites

	Prob(w>1)  mean w


