Supplemental results for CODEML (seqf: algn  treef: tree)


dN/dS (w) for site classes (K=9)

p:   0.10667  0.10667  0.10667  0.10667  0.10667  0.10667  0.10667  0.10667  0.14667
w:   0.00000  0.00000  0.00000  0.00000  0.00000  0.00000  0.00000  0.00000  2.88405

Naive Empirical Bayes (NEB) probabilities for 9 classes & postmean_w & P(w>1)
(amino acids refer to 1st sequence: spe.24901)

   1 M   0.12373 0.12373 0.12373 0.12373 0.12373 0.12373 0.12373 0.12373 0.01016 ( 2)  0.029  0.010
   2 I   0.12167 0.12167 0.12167 0.12167 0.12167 0.12167 0.12167 0.12167 0.02666 ( 2)  0.077  0.027
   3 S   0.12134 0.12134 0.12134 0.12134 0.12134 0.12134 0.12134 0.12134 0.02931 ( 6)  0.085  0.029
   4 G   0.12098 0.12098 0.12098 0.12098 0.12098 0.12098 0.12098 0.12098 0.03216 ( 5)  0.093  0.032
   5 D   0.00000 0.00000 0.00000 0.00000 0.00000 0.00000 0.00000 0.00000 1.00000 ( 9)  2.884  1.000
   6 E   0.12309 0.12309 0.12309 0.12309 0.12309 0.12309 0.12309 0.12309 0.01531 ( 5)  0.044  0.015
   7 V   0.12244 0.12244 0.12244 0.12244 0.12244 0.12244 0.12244 0.12244 0.02046 ( 3)  0.059  0.020
   8 E   0.12309 0.12309 0.12309 0.12309 0.12309 0.12309 0.12309 0.12309 0.01531 ( 5)  0.044  0.015
   9 V   0.11673 0.11673 0.11673 0.11673 0.11673 0.11673 0.11673 0.11672 0.06620 ( 6)  0.191  0.066
  10 E   0.11943 0.11943 0.11943 0.11943 0.11943 0.11943 0.11943 0.11943 0.04457 ( 5)  0.129  0.045
  11 K   0.12333 0.12333 0.12333 0.12333 0.12333 0.12333 0.12333 0.12333 0.01337 ( 5)  0.039  0.013
  12 R   0.11920 0.11920 0.11920 0.11920 0.11920 0.11920 0.11920 0.11920 0.04640 ( 2)  0.134  0.046
  13 A   0.12104 0.12104 0.12104 0.12104 0.12104 0.12104 0.12104 0.12104 0.03165 ( 5)  0.091  0.032
  14 R   0.12312 0.12312 0.12312 0.12312 0.12312 0.12312 0.12312 0.12312 0.01500 ( 3)  0.043  0.015
  15 Q   0.12146 0.12146 0.12146 0.12146 0.12146 0.12146 0.12146 0.12146 0.02834 ( 1)  0.082  0.028
  16 I   0.12172 0.12172 0.12172 0.12172 0.12172 0.12172 0.12172 0.12172 0.02621 ( 6)  0.076  0.026
  17 F   0.12042 0.12042 0.12042 0.12042 0.12042 0.12042 0.12042 0.12042 0.03665 ( 1)  0.106  0.037
  18 L   0.11916 0.11916 0.11916 0.11916 0.11916 0.11916 0.11916 0.11916 0.04674 ( 5)  0.135  0.047
  19 A   0.12104 0.12104 0.12104 0.12104 0.12104 0.12104 0.12104 0.12104 0.03165 ( 5)  0.091  0.032
  20 C   0.11952 0.11952 0.11952 0.11952 0.11952 0.11952 0.11952 0.11952 0.04388 ( 6)  0.127  0.044
  21 A   0.12104 0.12104 0.12104 0.12104 0.12104 0.12104 0.12104 0.12104 0.03165 ( 5)  0.091  0.032
  22 R   0.12312 0.12312 0.12312 0.12312 0.12312 0.12312 0.12312 0.12312 0.01500 ( 3)  0.043  0.015
  23 A   0.12197 0.12197 0.12197 0.12197 0.12197 0.12197 0.12197 0.12197 0.02421 ( 2)  0.070  0.024
  24 Y   0.11931 0.11931 0.11931 0.11931 0.11931 0.11931 0.11931 0.11931 0.04551 ( 1)  0.131  0.046
  25 S   0.11858 0.11858 0.11858 0.11858 0.11858 0.11858 0.11858 0.11858 0.05136 ( 3)  0.148  0.051
  26 K   0.00000 0.00000 0.00000 0.00000 0.00000 0.00000 0.00000 0.00000 1.00000 ( 9)  2.884  1.000
  27 Q   0.12146 0.12146 0.12146 0.12146 0.12146 0.12146 0.12146 0.12146 0.02834 ( 1)  0.082  0.028
  28 G   0.12123 0.12123 0.12123 0.12123 0.12123 0.12123 0.12123 0.12123 0.03017 ( 5)  0.087  0.030
  29 D   0.12207 0.12207 0.12207 0.12207 0.12207 0.12207 0.12207 0.12207 0.02340 ( 5)  0.067  0.023
  30 L   0.12035 0.12035 0.12035 0.12035 0.12035 0.12035 0.12035 0.12035 0.03722 ( 3)  0.107  0.037
  31 E   0.12309 0.12309 0.12309 0.12309 0.12309 0.12309 0.12309 0.12309 0.01531 ( 5)  0.044  0.015
  32 G   0.12092 0.12092 0.12092 0.12092 0.12092 0.12092 0.12092 0.12092 0.03264 ( 2)  0.094  0.033
  33 V   0.12036 0.12036 0.12036 0.12036 0.12036 0.12036 0.12036 0.12036 0.03713 ( 5)  0.107  0.037
  34 I   0.12167 0.12167 0.12167 0.12167 0.12167 0.12167 0.12167 0.12167 0.02666 ( 2)  0.077  0.027
  35 T   0.12307 0.12307 0.12307 0.12307 0.12307 0.12307 0.12307 0.12307 0.01546 ( 5)  0.045  0.015
  36 V   0.12042 0.12042 0.12042 0.12042 0.12042 0.12042 0.12042 0.12042 0.03662 ( 1)  0.106  0.037
  37 G   0.12091 0.12091 0.12091 0.12091 0.12091 0.12091 0.12091 0.12091 0.03270 ( 2)  0.094  0.033
  38 D   0.12207 0.12207 0.12207 0.12207 0.12207 0.12207 0.12207 0.12207 0.02340 ( 5)  0.067  0.023
  39 L   0.12035 0.12035 0.12035 0.12035 0.12035 0.12035 0.12035 0.12035 0.03722 ( 3)  0.107  0.037
  40 P   0.11917 0.11917 0.11917 0.11917 0.11917 0.11917 0.11917 0.11917 0.04665 ( 1)  0.135  0.047
  41 E   0.12309 0.12309 0.12309 0.12309 0.12309 0.12309 0.12309 0.12309 0.01531 ( 5)  0.044  0.015
  42 L   0.11956 0.11956 0.11956 0.11956 0.11956 0.11956 0.11956 0.11956 0.04352 ( 3)  0.126  0.044
  43 L   0.12035 0.12035 0.12035 0.12035 0.12035 0.12035 0.12035 0.12035 0.03722 ( 3)  0.107  0.037
  44 R   0.12312 0.12312 0.12312 0.12312 0.12312 0.12312 0.12312 0.12312 0.01500 ( 3)  0.043  0.015
  45 Q   0.11968 0.11968 0.11968 0.11968 0.11968 0.11968 0.11968 0.11968 0.04257 ( 5)  0.123  0.043
  46 V   0.12030 0.12030 0.12030 0.12030 0.12030 0.12030 0.12030 0.12030 0.03764 ( 2)  0.109  0.038
  47 D   0.12207 0.12207 0.12207 0.12207 0.12207 0.12207 0.12207 0.12207 0.02340 ( 5)  0.067  0.023
  48 P   0.12203 0.12203 0.12203 0.12203 0.12203 0.12203 0.12203 0.12203 0.02376 ( 1)  0.069  0.024
  49 A   0.12098 0.12098 0.12098 0.12098 0.12098 0.12098 0.12098 0.12098 0.03219 ( 5)  0.093  0.032
  50 L   0.12035 0.12035 0.12035 0.12035 0.12035 0.12035 0.12035 0.12035 0.03722 ( 3)  0.107  0.037
  51 L   0.11916 0.11916 0.11916 0.11916 0.11916 0.11916 0.11916 0.11916 0.04672 ( 1)  0.135  0.047
  52 S   0.12138 0.12138 0.12138 0.12138 0.12138 0.12138 0.12138 0.12138 0.02895 ( 2)  0.083  0.029
  53 M   0.12373 0.12373 0.12373 0.12373 0.12373 0.12373 0.12373 0.12373 0.01016 ( 2)  0.029  0.010
  54 D   0.12211 0.12211 0.12211 0.12211 0.12211 0.12211 0.12211 0.12211 0.02309 ( 3)  0.067  0.023
  55 E   0.12309 0.12309 0.12309 0.12309 0.12309 0.12309 0.12309 0.12309 0.01531 ( 5)  0.044  0.015
  56 K   0.12333 0.12333 0.12333 0.12333 0.12333 0.12333 0.12333 0.12333 0.01337 ( 5)  0.039  0.013
  57 Q   0.12146 0.12146 0.12146 0.12146 0.12146 0.12146 0.12146 0.12146 0.02834 ( 1)  0.082  0.028
  58 Q   0.12146 0.12146 0.12146 0.12146 0.12146 0.12146 0.12146 0.12146 0.02834 ( 1)  0.082  0.028
  59 Q   0.12146 0.12146 0.12146 0.12146 0.12146 0.12146 0.12146 0.12146 0.02834 ( 1)  0.082  0.028
  60 E   0.11943 0.11943 0.11943 0.11943 0.11943 0.11943 0.11943 0.11943 0.04457 ( 5)  0.129  0.045
  61 L   0.12035 0.12035 0.12035 0.12035 0.12035 0.12035 0.12035 0.12035 0.03722 ( 3)  0.107  0.037
  62 F   0.12035 0.12035 0.12035 0.12035 0.12035 0.12035 0.12035 0.12035 0.03721 ( 5)  0.107  0.037
  63 R   0.11911 0.11911 0.11911 0.11911 0.11911 0.11911 0.11911 0.11911 0.04708 ( 2)  0.136  0.047
  64 R   0.12259 0.12259 0.12259 0.12259 0.12259 0.12259 0.12259 0.12259 0.01926 ( 3)  0.056  0.019
  65 L   0.11940 0.11940 0.11940 0.11940 0.11940 0.11940 0.11940 0.11940 0.04478 ( 1)  0.129  0.045
  66 D   0.12207 0.12207 0.12207 0.12207 0.12207 0.12207 0.12207 0.12207 0.02340 ( 5)  0.067  0.023
  67 A   0.12285 0.12285 0.12285 0.12285 0.12285 0.12285 0.12285 0.12285 0.01722 ( 6)  0.050  0.017
  68 N   0.12187 0.12187 0.12187 0.12187 0.12187 0.12187 0.12187 0.12187 0.02501 ( 1)  0.072  0.025
  69 Q   0.12146 0.12146 0.12146 0.12146 0.12146 0.12146 0.12146 0.12146 0.02834 ( 1)  0.082  0.028
  70 D   0.12211 0.12211 0.12211 0.12211 0.12211 0.12211 0.12211 0.12211 0.02309 ( 3)  0.067  0.023
  71 G   0.11682 0.11682 0.11682 0.11682 0.11682 0.11682 0.11682 0.11682 0.06543 ( 6)  0.189  0.065
  72 A   0.11715 0.11715 0.11715 0.11715 0.11715 0.11715 0.11715 0.11715 0.06279 ( 3)  0.181  0.063
  73 I   0.12172 0.12172 0.12172 0.12172 0.12172 0.12172 0.12172 0.12172 0.02621 ( 6)  0.076  0.026
  74 T   0.12307 0.12307 0.12307 0.12307 0.12307 0.12307 0.12307 0.12307 0.01546 ( 5)  0.045  0.015
  75 L   0.12035 0.12035 0.12035 0.12035 0.12035 0.12035 0.12035 0.12035 0.03722 ( 3)  0.107  0.037
  76 A   0.12098 0.12098 0.12098 0.12098 0.12098 0.12098 0.12098 0.12098 0.03219 ( 5)  0.093  0.032
  77 E   0.11943 0.11943 0.11943 0.11943 0.11943 0.11943 0.11943 0.11943 0.04457 ( 5)  0.129  0.045
  78 L   0.11924 0.11924 0.11924 0.11924 0.11924 0.11924 0.11924 0.11924 0.04608 ( 3)  0.133  0.046
  79 T   0.11623 0.11623 0.11623 0.11623 0.11623 0.11623 0.11623 0.11623 0.07017 ( 1)  0.202  0.070
  80 S   0.11351 0.11351 0.11351 0.11351 0.11351 0.11351 0.11351 0.11351 0.09193 ( 3)  0.265  0.092
  81 A   0.12104 0.12104 0.12104 0.12104 0.12104 0.12104 0.12104 0.12104 0.03165 ( 5)  0.091  0.032
  82 L   0.12035 0.12035 0.12035 0.12035 0.12035 0.12035 0.12035 0.12035 0.03722 ( 3)  0.107  0.037
  83 S   0.12142 0.12142 0.12142 0.12142 0.12142 0.12142 0.12142 0.12142 0.02866 ( 5)  0.083  0.029
  84 K   0.12333 0.12333 0.12333 0.12333 0.12333 0.12333 0.12333 0.12333 0.01337 ( 5)  0.039  0.013
  85 C   0.11944 0.11944 0.11944 0.11944 0.11944 0.11944 0.11944 0.11944 0.04451 ( 1)  0.128  0.045
  86 A   0.12098 0.12098 0.12098 0.12098 0.12098 0.12098 0.12098 0.12098 0.03219 ( 5)  0.093  0.032
  87 V   0.12244 0.12244 0.12244 0.12244 0.12244 0.12244 0.12244 0.12244 0.02046 ( 3)  0.059  0.020
  88 G   0.11682 0.11682 0.11682 0.11682 0.11682 0.11682 0.11682 0.11682 0.06543 ( 6)  0.189  0.065
  89 R   0.12157 0.12157 0.12157 0.12157 0.12157 0.12157 0.12157 0.12157 0.02742 ( 3)  0.079  0.027
  90 H   0.12053 0.12053 0.12053 0.12053 0.12053 0.12053 0.12053 0.12053 0.03576 ( 6)  0.103  0.036
  91 C   0.11924 0.11924 0.11924 0.11924 0.11924 0.11924 0.11924 0.11924 0.04607 ( 2)  0.133  0.046
  92 F   0.12035 0.12035 0.12035 0.12035 0.12035 0.12035 0.12035 0.12035 0.03721 ( 5)  0.107  0.037
  93 F   0.00000 0.00000 0.00000 0.00000 0.00000 0.00000 0.00000 0.00000 1.00000 ( 9)  2.884  1.000
  94 S   0.00000 0.00000 0.00000 0.00000 0.00000 0.00000 0.00000 0.00000 1.00000 ( 9)  2.884  1.000
  95 A   0.00000 0.00000 0.00000 0.00000 0.00000 0.00000 0.00000 0.00000 1.00000 ( 9)  2.884  1.000
  96 L   0.00000 0.00000 0.00000 0.00000 0.00000 0.00000 0.00000 0.00000 1.00000 ( 9)  2.884  1.000
  97 S   0.00000 0.00000 0.00000 0.00000 0.00000 0.00000 0.00000 0.00000 1.00000 ( 9)  2.884  1.000
  98 I   0.00000 0.00000 0.00000 0.00000 0.00000 0.00000 0.00000 0.00000 1.00000 ( 9)  2.884  1.000
  99 A   0.00000 0.00000 0.00000 0.00000 0.00000 0.00000 0.00000 0.00000 1.00000 ( 9)  2.884  1.000
 100 G   0.00000 0.00000 0.00000 0.00000 0.00000 0.00000 0.00000 0.00000 1.00000 ( 9)  2.884  1.000
 101 G   0.00000 0.00000 0.00000 0.00000 0.00000 0.00000 0.00000 0.00000 1.00000 ( 9)  2.884  1.000
 102 G   0.00000 0.00000 0.00000 0.00000 0.00000 0.00000 0.00000 0.00000 1.00000 ( 9)  2.884  1.000

Positively selected sites

	Prob(w>1)  mean w

     5 D      1.000**       2.884
    26 K      1.000**       2.884
    93 F      1.000**       2.884
    94 S      1.000**       2.884
    95 A      1.000**       2.884
    96 L      1.000**       2.884
    97 S      1.000**       2.884
    98 I      1.000**       2.884
    99 A      1.000**       2.884
   100 G      1.000**       2.884
   101 G      1.000**       2.884
   102 G      1.000**       2.884


lnL =  -578.611445

Bayes Empirical Bayes (BEB) probabilities for 11 classes (class) & postmean_w
(amino acids refer to 1st sequence: spe.24901)

   1 M   0.80719 0.07179 0.03949 0.02520 0.01717 0.01211 0.00871 0.00634 0.00468 0.00437 0.00296 ( 1)  0.113 +-  0.251
   2 I   0.78071 0.07280 0.04227 0.02844 0.02040 0.01514 0.01144 0.00872 0.00673 0.00657 0.00678 ( 1)  0.138 +-  0.362
   3 S   0.77784 0.07288 0.04254 0.02878 0.02076 0.01548 0.01175 0.00901 0.00698 0.00684 0.00715 ( 1)  0.140 +-  0.362
   4 G   0.77721 0.07272 0.04240 0.02866 0.02066 0.01541 0.01170 0.00898 0.00697 0.00684 0.00847 ( 1)  0.147 +-  0.420
   5 D   0.24814 0.06425 0.06239 0.05928 0.05528 0.05074 0.04588 0.04089 0.03609 0.03825 0.29882 (11)  1.922 +-  2.778
   6 E   0.80272 0.07173 0.03973 0.02556 0.01758 0.01253 0.00912 0.00672 0.00502 0.00476 0.00453 ( 1)  0.121 +-  0.321
   7 V   0.79621 0.07188 0.04030 0.02625 0.01828 0.01320 0.00973 0.00726 0.00549 0.00527 0.00613 ( 1)  0.131 +-  0.381
   8 E   0.80272 0.07173 0.03973 0.02556 0.01758 0.01253 0.00912 0.00672 0.00502 0.00476 0.00453 ( 1)  0.121 +-  0.321
   9 V   0.75266 0.07242 0.04362 0.03045 0.02266 0.01743 0.01365 0.01080 0.00863 0.00870 0.01898 ( 1)  0.205 +-  0.682
  10 E   0.76627 0.07280 0.04320 0.02971 0.02178 0.01651 0.01274 0.00992 0.00781 0.00777 0.01149 ( 1)  0.164 +-  0.491
  11 K   0.79947 0.07219 0.04040 0.02623 0.01817 0.01303 0.00953 0.00704 0.00527 0.00499 0.00368 ( 1)  0.118 +-  0.271
  12 R   0.76497 0.07282 0.04331 0.02985 0.02193 0.01665 0.01287 0.01005 0.00793 0.00789 0.01174 ( 1)  0.165 +-  0.489
  13 A   0.77748 0.07271 0.04237 0.02863 0.02062 0.01537 0.01166 0.00894 0.00693 0.00680 0.00848 ( 1)  0.147 +-  0.426
  14 R   0.79528 0.07242 0.04092 0.02680 0.01873 0.01354 0.00998 0.00742 0.00559 0.00534 0.00398 ( 1)  0.121 +-  0.276
  15 Q   0.77962 0.07279 0.04232 0.02852 0.02050 0.01524 0.01153 0.00882 0.00681 0.00666 0.00718 ( 1)  0.140 +-  0.373
  16 I   0.78119 0.07279 0.04223 0.02839 0.02035 0.01509 0.01139 0.00868 0.00669 0.00653 0.00667 ( 1)  0.137 +-  0.360
  17 F   0.77148 0.07291 0.04300 0.02938 0.02140 0.01611 0.01235 0.00955 0.00747 0.00738 0.00897 ( 1)  0.150 +-  0.412
  18 L   0.76503 0.07276 0.04323 0.02977 0.02185 0.01658 0.01281 0.00999 0.00788 0.00785 0.01225 ( 1)  0.168 +-  0.513
  19 A   0.77748 0.07271 0.04237 0.02863 0.02062 0.01537 0.01166 0.00894 0.00693 0.00680 0.00848 ( 1)  0.147 +-  0.426
  20 C   0.76622 0.07290 0.04332 0.02983 0.02190 0.01661 0.01283 0.01000 0.00788 0.00783 0.01067 ( 1)  0.159 +-  0.451
  21 A   0.77748 0.07271 0.04237 0.02863 0.02062 0.01537 0.01166 0.00894 0.00693 0.00680 0.00848 ( 1)  0.147 +-  0.426
  22 R   0.79528 0.07242 0.04092 0.02680 0.01873 0.01354 0.00998 0.00742 0.00559 0.00534 0.00398 ( 1)  0.121 +-  0.276
  23 A   0.78601 0.07251 0.04161 0.02770 0.01968 0.01446 0.01084 0.00820 0.00629 0.00610 0.00661 ( 1)  0.136 +-  0.376
  24 Y   0.76537 0.07286 0.04333 0.02986 0.02193 0.01666 0.01287 0.01005 0.00792 0.00789 0.01126 ( 1)  0.162 +-  0.470
  25 S   0.76144 0.07280 0.04351 0.03013 0.02224 0.01697 0.01318 0.01033 0.00819 0.00819 0.01303 ( 1)  0.172 +-  0.519
  26 K   0.29289 0.07409 0.07083 0.06630 0.06093 0.05514 0.04917 0.04322 0.03764 0.03933 0.21045 ( 1)  1.363 +-  2.305
  27 Q   0.77962 0.07279 0.04232 0.02852 0.02050 0.01524 0.01153 0.00882 0.00681 0.00666 0.00718 ( 1)  0.140 +-  0.373
  28 G   0.77883 0.07262 0.04218 0.02840 0.02040 0.01515 0.01147 0.00877 0.00678 0.00663 0.00877 ( 1)  0.150 +-  0.463
  29 D   0.78622 0.07258 0.04166 0.02773 0.01969 0.01446 0.01083 0.00819 0.00626 0.00607 0.00632 ( 1)  0.134 +-  0.363
  30 L   0.77269 0.07275 0.04273 0.02909 0.02112 0.01586 0.01213 0.00936 0.00731 0.00722 0.00974 ( 1)  0.154 +-  0.452
  31 E   0.80272 0.07173 0.03973 0.02556 0.01758 0.01253 0.00912 0.00672 0.00502 0.00476 0.00453 ( 1)  0.121 +-  0.321
  32 G   0.77674 0.07272 0.04243 0.02870 0.02070 0.01545 0.01174 0.00901 0.00700 0.00687 0.00864 ( 1)  0.148 +-  0.427
  33 V   0.77443 0.07257 0.04240 0.02873 0.02077 0.01554 0.01184 0.00911 0.00710 0.00699 0.01052 ( 1)  0.158 +-  0.495
  34 I   0.78071 0.07280 0.04227 0.02844 0.02040 0.01514 0.01144 0.00872 0.00673 0.00657 0.00678 ( 1)  0.138 +-  0.362
  35 T   0.79396 0.07249 0.04108 0.02698 0.01890 0.01370 0.01012 0.00755 0.00570 0.00545 0.00408 ( 1)  0.122 +-  0.279
  36 V   0.77463 0.07259 0.04242 0.02874 0.02078 0.01554 0.01184 0.00911 0.00710 0.00699 0.01026 ( 1)  0.157 +-  0.485
  37 G   0.77669 0.07272 0.04244 0.02871 0.02072 0.01546 0.01175 0.00902 0.00701 0.00688 0.00860 ( 1)  0.148 +-  0.423
  38 D   0.78622 0.07258 0.04166 0.02773 0.01969 0.01446 0.01083 0.00819 0.00626 0.00607 0.00632 ( 1)  0.134 +-  0.363
  39 L   0.77269 0.07275 0.04273 0.02909 0.02112 0.01586 0.01213 0.00936 0.00731 0.00722 0.00974 ( 1)  0.154 +-  0.452
  40 P   0.76470 0.07282 0.04332 0.02987 0.02195 0.01667 0.01289 0.01007 0.00794 0.00791 0.01186 ( 1)  0.165 +-  0.494
  41 E   0.80272 0.07173 0.03973 0.02556 0.01758 0.01253 0.00912 0.00672 0.00502 0.00476 0.00453 ( 1)  0.121 +-  0.321
  42 L   0.76707 0.07284 0.04320 0.02969 0.02175 0.01647 0.01270 0.00989 0.00778 0.00773 0.01087 ( 1)  0.160 +-  0.465
  43 L   0.77269 0.07275 0.04273 0.02909 0.02112 0.01586 0.01213 0.00936 0.00731 0.00722 0.00974 ( 1)  0.154 +-  0.452
  44 R   0.79528 0.07242 0.04092 0.02680 0.01873 0.01354 0.00998 0.00742 0.00559 0.00534 0.00398 ( 1)  0.121 +-  0.276
  45 Q   0.76855 0.07275 0.04299 0.02945 0.02151 0.01624 0.01249 0.00970 0.00762 0.00756 0.01113 ( 1)  0.161 +-  0.486
  46 V   0.77603 0.07230 0.04199 0.02830 0.02037 0.01517 0.01153 0.00885 0.00688 0.00677 0.01181 ( 1)  0.166 +-  0.558
  47 D   0.78622 0.07258 0.04166 0.02773 0.01969 0.01446 0.01083 0.00819 0.00626 0.00607 0.00632 ( 1)  0.134 +-  0.363
  48 P   0.78445 0.07270 0.04192 0.02801 0.01996 0.01472 0.01105 0.00838 0.00643 0.00624 0.00614 ( 1)  0.134 +-  0.346
  49 A   0.77696 0.07272 0.04242 0.02868 0.02068 0.01542 0.01171 0.00899 0.00697 0.00684 0.00862 ( 1)  0.148 +-  0.429
  50 L   0.77269 0.07275 0.04273 0.02909 0.02112 0.01586 0.01213 0.00936 0.00731 0.00722 0.00974 ( 1)  0.154 +-  0.452
  51 L   0.76667 0.07244 0.04274 0.02923 0.02132 0.01609 0.01237 0.00961 0.00755 0.00749 0.01449 ( 1)  0.182 +-  0.616
  52 S   0.77809 0.07286 0.04251 0.02874 0.02072 0.01544 0.01172 0.00898 0.00695 0.00681 0.00719 ( 1)  0.140 +-  0.369
  53 M   0.80719 0.07179 0.03949 0.02520 0.01717 0.01211 0.00871 0.00634 0.00468 0.00437 0.00296 ( 1)  0.113 +-  0.251
  54 D   0.78665 0.07256 0.04162 0.02768 0.01964 0.01441 0.01078 0.00815 0.00623 0.00603 0.00625 ( 1)  0.134 +-  0.361
  55 E   0.80272 0.07173 0.03973 0.02556 0.01758 0.01253 0.00912 0.00672 0.00502 0.00476 0.00453 ( 1)  0.121 +-  0.321
  56 K   0.79947 0.07219 0.04040 0.02623 0.01817 0.01303 0.00953 0.00704 0.00527 0.00499 0.00368 ( 1)  0.118 +-  0.271
  57 Q   0.77962 0.07279 0.04232 0.02852 0.02050 0.01524 0.01153 0.00882 0.00681 0.00666 0.00718 ( 1)  0.140 +-  0.373
  58 Q   0.77962 0.07279 0.04232 0.02852 0.02050 0.01524 0.01153 0.00882 0.00681 0.00666 0.00718 ( 1)  0.140 +-  0.373
  59 Q   0.77962 0.07279 0.04232 0.02852 0.02050 0.01524 0.01153 0.00882 0.00681 0.00666 0.00718 ( 1)  0.140 +-  0.373
  60 E   0.76627 0.07280 0.04320 0.02971 0.02178 0.01651 0.01274 0.00992 0.00781 0.00777 0.01149 ( 1)  0.164 +-  0.491
  61 L   0.77269 0.07275 0.04273 0.02909 0.02112 0.01586 0.01213 0.00936 0.00731 0.00722 0.00974 ( 1)  0.154 +-  0.452
  62 F   0.77105 0.07291 0.04302 0.02942 0.02144 0.01615 0.01239 0.00959 0.00750 0.00742 0.00911 ( 1)  0.151 +-  0.416
  63 R   0.76450 0.07281 0.04333 0.02988 0.02197 0.01669 0.01291 0.01008 0.00796 0.00793 0.01193 ( 1)  0.166 +-  0.494
  64 R   0.79070 0.07248 0.04127 0.02725 0.01920 0.01400 0.01040 0.00781 0.00593 0.00570 0.00526 ( 1)  0.128 +-  0.331
  65 L   0.76641 0.07271 0.04308 0.02958 0.02166 0.01640 0.01264 0.00984 0.00774 0.00769 0.01225 ( 1)  0.169 +-  0.531
  66 D   0.78622 0.07258 0.04166 0.02773 0.01969 0.01446 0.01083 0.00819 0.00626 0.00607 0.00632 ( 1)  0.134 +-  0.363
  67 A   0.79772 0.07202 0.04034 0.02622 0.01821 0.01310 0.00961 0.00713 0.00536 0.00512 0.00517 ( 1)  0.126 +-  0.349
  68 N   0.78191 0.07282 0.04222 0.02836 0.02032 0.01505 0.01135 0.00865 0.00666 0.00648 0.00618 ( 1)  0.134 +-  0.336
  69 Q   0.77962 0.07279 0.04232 0.02852 0.02050 0.01524 0.01153 0.00882 0.00681 0.00666 0.00718 ( 1)  0.140 +-  0.373
  70 D   0.78665 0.07256 0.04162 0.02768 0.01964 0.01441 0.01078 0.00815 0.00623 0.00603 0.00625 ( 1)  0.134 +-  0.361
  71 G   0.75303 0.07250 0.04369 0.03052 0.02272 0.01748 0.01370 0.01083 0.00866 0.00873 0.01814 ( 1)  0.200 +-  0.653
  72 A   0.75446 0.07255 0.04366 0.03045 0.02263 0.01739 0.01360 0.01074 0.00857 0.00863 0.01733 ( 1)  0.196 +-  0.637
  73 I   0.78119 0.07279 0.04223 0.02839 0.02035 0.01509 0.01139 0.00868 0.00669 0.00653 0.00667 ( 1)  0.137 +-  0.360
  74 T   0.79396 0.07249 0.04108 0.02698 0.01890 0.01370 0.01012 0.00755 0.00570 0.00545 0.00408 ( 1)  0.122 +-  0.279
  75 L   0.77269 0.07275 0.04273 0.02909 0.02112 0.01586 0.01213 0.00936 0.00731 0.00722 0.00974 ( 1)  0.154 +-  0.452
  76 A   0.77696 0.07272 0.04242 0.02868 0.02068 0.01542 0.01171 0.00899 0.00697 0.00684 0.00862 ( 1)  0.148 +-  0.429
  77 E   0.76627 0.07280 0.04320 0.02971 0.02178 0.01651 0.01274 0.00992 0.00781 0.00777 0.01149 ( 1)  0.164 +-  0.491
  78 L   0.76550 0.07276 0.04320 0.02973 0.02181 0.01654 0.01277 0.00996 0.00785 0.00781 0.01206 ( 1)  0.167 +-  0.508
  79 T   0.75018 0.07250 0.04388 0.03077 0.02300 0.01777 0.01397 0.01109 0.00889 0.00899 0.01895 ( 1)  0.203 +-  0.656
  80 S   0.73733 0.07191 0.04398 0.03117 0.02355 0.01839 0.01461 0.01172 0.00949 0.00969 0.02816 ( 1)  0.256 +-  0.861
  81 A   0.77748 0.07271 0.04237 0.02863 0.02062 0.01537 0.01166 0.00894 0.00693 0.00680 0.00848 ( 1)  0.147 +-  0.426
  82 L   0.77269 0.07275 0.04273 0.02909 0.02112 0.01586 0.01213 0.00936 0.00731 0.00722 0.00974 ( 1)  0.154 +-  0.452
  83 S   0.77804 0.07290 0.04256 0.02879 0.02076 0.01548 0.01175 0.00900 0.00697 0.00683 0.00694 ( 1)  0.139 +-  0.354
  84 K   0.79947 0.07219 0.04040 0.02623 0.01817 0.01303 0.00953 0.00704 0.00527 0.00499 0.00368 ( 1)  0.118 +-  0.271
  85 C   0.76579 0.07290 0.04335 0.02987 0.02193 0.01665 0.01286 0.01003 0.00791 0.00787 0.01084 ( 1)  0.160 +-  0.455
  86 A   0.77696 0.07272 0.04242 0.02868 0.02068 0.01542 0.01171 0.00899 0.00697 0.00684 0.00862 ( 1)  0.148 +-  0.429
  87 V   0.79621 0.07188 0.04030 0.02625 0.01828 0.01320 0.00973 0.00726 0.00549 0.00527 0.00613 ( 1)  0.131 +-  0.381
  88 G   0.75303 0.07250 0.04369 0.03052 0.02272 0.01748 0.01370 0.01083 0.00866 0.00873 0.01814 ( 1)  0.200 +-  0.653
  89 R   0.78131 0.07270 0.04212 0.02830 0.02028 0.01503 0.01135 0.00865 0.00668 0.00652 0.00707 ( 1)  0.139 +-  0.375
  90 H   0.77264 0.07287 0.04287 0.02922 0.02124 0.01595 0.01220 0.00943 0.00736 0.00726 0.00897 ( 1)  0.150 +-  0.419
  91 C   0.76514 0.07282 0.04330 0.02983 0.02191 0.01663 0.01286 0.01003 0.00791 0.00788 0.01169 ( 1)  0.164 +-  0.489
  92 F   0.77105 0.07291 0.04302 0.02942 0.02144 0.01615 0.01239 0.00959 0.00750 0.00742 0.00911 ( 1)  0.151 +-  0.416
  93 F   0.24431 0.06375 0.06244 0.05981 0.05622 0.05199 0.04734 0.04247 0.03770 0.04007 0.29391 (11)  1.842 +-  2.662
  94 S   0.25604 0.06643 0.06485 0.06192 0.05801 0.05348 0.04855 0.04341 0.03841 0.04067 0.26824 (11)  1.682 +-  2.537
  95 A   0.00502 0.00429 0.00719 0.00985 0.01213 0.01395 0.01527 0.01607 0.01644 0.02025 0.87954 (11)  5.480 +-  2.886
  96 L   0.27839 0.07125 0.06883 0.06507 0.06037 0.05511 0.04956 0.04391 0.03850 0.04043 0.22859 ( 1)  1.466 +-  2.390
  97 S   0.00724 0.00606 0.01001 0.01353 0.01645 0.01868 0.02019 0.02097 0.02118 0.02556 0.84012 (11)  5.235 +-  2.990
  98 I   0.00514 0.00439 0.00735 0.01005 0.01237 0.01422 0.01555 0.01634 0.01671 0.02056 0.87732 (11)  5.464 +-  2.891
  99 A   0.00453 0.00389 0.00652 0.00896 0.01105 0.01274 0.01397 0.01473 0.01511 0.01868 0.88982 (11)  5.549 +-  2.858
 100 G   0.23311 0.06096 0.05965 0.05709 0.05362 0.04955 0.04510 0.04045 0.03592 0.03828 0.32626 (11)  2.084 +-  2.869
 101 G   0.29325 0.07407 0.07068 0.06605 0.06061 0.05478 0.04881 0.04287 0.03731 0.03900 0.21257 ( 1)  1.376 +-  2.318
 102 G   0.24270 0.06289 0.06099 0.05789 0.05394 0.04948 0.04474 0.03988 0.03522 0.03742 0.31484 (11)  2.004 +-  2.812

Positively selected sites

	Prob(w>1)  mean w

    95 A      0.880         5.480 +- 2.886
    97 S      0.840         5.235 +- 2.990
    98 I      0.877         5.464 +- 2.891
    99 A      0.890         5.549 +- 2.858

