Supplemental results for CODEML (seqf: algn  treef: tree)


dN/dS (w) for site classes (K=8)

p:   0.12500  0.12500  0.12500  0.12500  0.12500  0.12500  0.12500  0.12500
w:   0.91405  0.93209  0.94196  0.94945  0.95597  0.96223  0.96893  0.97802

Naive Empirical Bayes (NEB) probabilities for 8 classes & postmean_w
(amino acids refer to 1st sequence: scw.17796)

   1 M   0.12573 0.12536 0.12517 0.12502 0.12489 0.12476 0.12463 0.12445 ( 1)  0.950
   2 V   0.12547 0.12524 0.12511 0.12501 0.12493 0.12485 0.12476 0.12464 ( 1)  0.950
   3 V   0.12547 0.12524 0.12511 0.12501 0.12493 0.12485 0.12476 0.12464 ( 1)  0.950
   4 G   0.12529 0.12515 0.12507 0.12501 0.12495 0.12490 0.12485 0.12478 ( 1)  0.950
   5 G   0.12537 0.12519 0.12509 0.12501 0.12494 0.12488 0.12481 0.12472 ( 1)  0.950
   6 S   0.12541 0.12521 0.12509 0.12501 0.12494 0.12487 0.12479 0.12469 ( 1)  0.950
   7 R   0.12042 0.12270 0.12395 0.12489 0.12571 0.12650 0.12734 0.12849 ( 8)  0.951
   8 Q   0.12047 0.12272 0.12396 0.12489 0.12571 0.12648 0.12732 0.12845 ( 8)  0.951
   9 E   0.12537 0.12518 0.12508 0.12501 0.12494 0.12488 0.12481 0.12472 ( 1)  0.950
  10 T   0.12550 0.12525 0.12511 0.12501 0.12492 0.12484 0.12474 0.12462 ( 1)  0.950
  11 L   0.12525 0.12513 0.12506 0.12501 0.12496 0.12492 0.12487 0.12481 ( 1)  0.950
  12 D   0.12549 0.12525 0.12511 0.12501 0.12492 0.12484 0.12475 0.12462 ( 1)  0.950
  13 P   0.12539 0.12520 0.12509 0.12501 0.12494 0.12487 0.12480 0.12470 ( 1)  0.950
  14 G   0.12537 0.12519 0.12509 0.12501 0.12494 0.12488 0.12481 0.12472 ( 1)  0.950
  15 F   0.12551 0.12525 0.12512 0.12501 0.12492 0.12483 0.12474 0.12461 ( 1)  0.950
  16 V   0.12547 0.12524 0.12511 0.12501 0.12493 0.12485 0.12476 0.12464 ( 1)  0.950
  17 L   0.12519 0.12509 0.12504 0.12500 0.12497 0.12494 0.12490 0.12486 ( 1)  0.950
  18 L   0.12538 0.12519 0.12509 0.12501 0.12494 0.12488 0.12481 0.12471 ( 1)  0.950
  19 G   0.12542 0.12521 0.12510 0.12501 0.12493 0.12486 0.12478 0.12468 ( 1)  0.950
  20 T   0.12543 0.12522 0.12510 0.12501 0.12493 0.12486 0.12478 0.12467 ( 1)  0.950
  21 R   0.12529 0.12515 0.12507 0.12501 0.12495 0.12490 0.12485 0.12478 ( 1)  0.950
  22 Q   0.12527 0.12514 0.12506 0.12501 0.12496 0.12491 0.12486 0.12479 ( 1)  0.950
  23 Q   0.12523 0.12512 0.12505 0.12501 0.12496 0.12492 0.12488 0.12482 ( 1)  0.950
  24 G   0.12537 0.12519 0.12509 0.12501 0.12494 0.12488 0.12481 0.12472 ( 1)  0.950
  25 I   0.12068 0.12284 0.12401 0.12490 0.12567 0.12641 0.12721 0.12828 ( 8)  0.951
  26 P   0.12539 0.12520 0.12509 0.12501 0.12494 0.12487 0.12480 0.12470 ( 1)  0.950
  27 V   0.12539 0.12520 0.12509 0.12501 0.12494 0.12487 0.12480 0.12470 ( 1)  0.950
  28 I   0.12562 0.12531 0.12514 0.12501 0.12490 0.12480 0.12468 0.12453 ( 1)  0.950
  29 L   0.12522 0.12511 0.12505 0.12501 0.12497 0.12493 0.12489 0.12483 ( 1)  0.950
  30 R   0.12539 0.12520 0.12509 0.12501 0.12494 0.12487 0.12480 0.12470 ( 1)  0.950
  31 E   0.12539 0.12519 0.12509 0.12501 0.12494 0.12487 0.12480 0.12471 ( 1)  0.950
  32 L   0.12525 0.12513 0.12506 0.12501 0.12496 0.12492 0.12487 0.12481 ( 1)  0.950
  33 V   0.12547 0.12524 0.12511 0.12501 0.12493 0.12485 0.12476 0.12464 ( 1)  0.950
  34 L   0.12544 0.12522 0.12510 0.12501 0.12493 0.12486 0.12478 0.12467 ( 1)  0.950
  35 P   0.12539 0.12520 0.12509 0.12501 0.12494 0.12487 0.12480 0.12470 ( 1)  0.950
  36 G   0.12542 0.12521 0.12510 0.12501 0.12493 0.12486 0.12478 0.12468 ( 1)  0.950
  37 G   0.12529 0.12515 0.12507 0.12501 0.12495 0.12490 0.12485 0.12478 ( 1)  0.950
  38 F   0.12551 0.12525 0.12512 0.12501 0.12492 0.12483 0.12474 0.12461 ( 1)  0.950
  39 D   0.12543 0.12522 0.12510 0.12501 0.12493 0.12486 0.12478 0.12467 ( 1)  0.950
  40 L   0.12544 0.12522 0.12510 0.12501 0.12493 0.12486 0.12478 0.12467 ( 1)  0.950
  41 V   0.12547 0.12524 0.12511 0.12501 0.12493 0.12485 0.12476 0.12464 ( 1)  0.950
  42 S   0.12526 0.12513 0.12506 0.12501 0.12496 0.12492 0.12487 0.12480 ( 1)  0.950
  43 P   0.12545 0.12522 0.12510 0.12501 0.12493 0.12485 0.12477 0.12466 ( 1)  0.950
  44 S   0.12544 0.12522 0.12510 0.12501 0.12493 0.12486 0.12478 0.12467 ( 1)  0.950
  45 F   0.12551 0.12525 0.12512 0.12501 0.12492 0.12483 0.12474 0.12461 ( 1)  0.950
  46 T   0.12536 0.12518 0.12508 0.12501 0.12494 0.12488 0.12482 0.12473 ( 1)  0.950
  47 V   0.12554 0.12527 0.12512 0.12501 0.12492 0.12482 0.12472 0.12459 ( 1)  0.950
  48 R   0.12532 0.12516 0.12507 0.12501 0.12495 0.12490 0.12484 0.12476 ( 1)  0.950
  49 D   0.12549 0.12525 0.12511 0.12501 0.12492 0.12484 0.12475 0.12462 ( 1)  0.950
  50 L   0.12054 0.12276 0.12397 0.12489 0.12569 0.12646 0.12728 0.12839 ( 8)  0.951
  51 T   0.12550 0.12525 0.12511 0.12501 0.12492 0.12484 0.12474 0.12462 ( 1)  0.950
  52 T   0.12543 0.12522 0.12510 0.12501 0.12493 0.12486 0.12478 0.12467 ( 1)  0.950
  53 E   0.12543 0.12522 0.12510 0.12501 0.12493 0.12486 0.12478 0.12467 ( 1)  0.950
  54 L   0.12521 0.12510 0.12505 0.12500 0.12497 0.12493 0.12489 0.12484 ( 1)  0.950
  55 S   0.12539 0.12519 0.12509 0.12501 0.12494 0.12487 0.12480 0.12471 ( 1)  0.950
  56 G   0.12042 0.12270 0.12394 0.12489 0.12571 0.12650 0.12735 0.12849 ( 8)  0.951
  57 S   0.12539 0.12519 0.12509 0.12501 0.12494 0.12487 0.12480 0.12471 ( 1)  0.950
  58 R   0.12539 0.12520 0.12509 0.12501 0.12494 0.12487 0.12480 0.12470 ( 1)  0.950
  59 V   0.12547 0.12524 0.12511 0.12501 0.12493 0.12485 0.12476 0.12464 ( 1)  0.950
  60 S   0.12539 0.12519 0.12509 0.12501 0.12494 0.12487 0.12480 0.12471 ( 1)  0.950
  61 C   0.12531 0.12515 0.12507 0.12501 0.12495 0.12490 0.12484 0.12477 ( 1)  0.950


lnL =  -291.151872

