Supplemental results for CODEML (seqf: algn  treef: tree)


dN/dS (w) for site classes (K=8)

p:   0.12500  0.12500  0.12500  0.12500  0.12500  0.12500  0.12500  0.12500
w:   0.00000  0.00000  0.00000  0.00000  1.00000  1.00000  1.00000  1.00000

Naive Empirical Bayes (NEB) probabilities for 8 classes & postmean_w
(amino acids refer to 1st sequence: spe.19854)

   1 M   0.14368 0.14368 0.14368 0.14368 0.10632 0.10632 0.10632 0.10632 ( 2)  0.425
   2 V   0.13748 0.13748 0.13748 0.13748 0.11252 0.11252 0.11252 0.11252 ( 2)  0.450
   3 P   0.13422 0.13422 0.13422 0.13422 0.11578 0.11578 0.11578 0.11578 ( 1)  0.463
   4 T   0.13458 0.13458 0.13458 0.13458 0.11542 0.11542 0.11542 0.11542 ( 2)  0.462
   5 E   0.13803 0.13803 0.13803 0.13803 0.11197 0.11197 0.11197 0.11197 ( 2)  0.448
   6 D   0.14297 0.14297 0.14297 0.14297 0.10703 0.10703 0.10703 0.10703 ( 2)  0.428
   7 P   0.13000 0.13000 0.13000 0.13000 0.12000 0.12000 0.12000 0.12000 ( 1)  0.480
   8 P   0.13349 0.13349 0.13349 0.13349 0.11651 0.11651 0.11651 0.11651 ( 1)  0.466
   9 D   0.14297 0.14297 0.14297 0.14297 0.10703 0.10703 0.10703 0.10703 ( 2)  0.428
  10 I   0.13934 0.13934 0.13934 0.13934 0.11066 0.11066 0.11066 0.11066 ( 1)  0.443
  11 E   0.14274 0.14274 0.14274 0.14274 0.10726 0.10726 0.10726 0.10726 ( 2)  0.429
  12 D   0.14224 0.14224 0.14224 0.14224 0.10776 0.10776 0.10776 0.10776 ( 1)  0.431
  13 E   0.14274 0.14274 0.14274 0.14274 0.10726 0.10726 0.10726 0.10726 ( 2)  0.429
  14 M   0.14368 0.14368 0.14368 0.14368 0.10632 0.10632 0.10632 0.10632 ( 2)  0.425
  15 R   0.13275 0.13275 0.13275 0.13275 0.11725 0.11725 0.11725 0.11725 ( 2)  0.469
  16 Q   0.13448 0.13448 0.13448 0.13448 0.11552 0.11552 0.11552 0.11552 ( 1)  0.462
  17 R   0.13275 0.13275 0.13275 0.13275 0.11725 0.11725 0.11725 0.11725 ( 2)  0.469
  18 A   0.13565 0.13565 0.13565 0.13565 0.11435 0.11435 0.11435 0.11435 ( 2)  0.457
  19 Y   0.13664 0.13664 0.13664 0.13664 0.11336 0.11336 0.11336 0.11336 ( 1)  0.453
  20 E   0.13803 0.13803 0.13803 0.13803 0.11197 0.11197 0.11197 0.11197 ( 2)  0.448
  21 V   0.13652 0.13652 0.13652 0.13652 0.11348 0.11348 0.11348 0.11348 ( 1)  0.454
  22 A   0.13130 0.13130 0.13130 0.13130 0.11870 0.11870 0.11870 0.11870 ( 2)  0.475
  23 T   0.13458 0.13458 0.13458 0.13458 0.11542 0.11542 0.11542 0.11542 ( 2)  0.462
  24 Q   0.13947 0.13947 0.13947 0.13947 0.11053 0.11053 0.11053 0.11053 ( 2)  0.442
  25 I   0.13864 0.13864 0.13864 0.13864 0.11136 0.11136 0.11136 0.11136 ( 1)  0.445
  26 L   0.13537 0.13537 0.13537 0.13537 0.11463 0.11463 0.11463 0.11463 ( 1)  0.459
  27 S   0.13671 0.13671 0.13671 0.13671 0.11329 0.11329 0.11329 0.11329 ( 1)  0.453
  28 H   0.13860 0.13860 0.13860 0.13860 0.11140 0.11140 0.11140 0.11140 ( 1)  0.446
  29 E   0.13803 0.13803 0.13803 0.13803 0.11197 0.11197 0.11197 0.11197 ( 2)  0.448
  30 T   0.13611 0.13611 0.13611 0.13611 0.11389 0.11389 0.11389 0.11389 ( 1)  0.456
  31 T   0.13524 0.13524 0.13524 0.13524 0.11476 0.11476 0.11476 0.11476 ( 2)  0.459
  32 Y   0.13664 0.13664 0.13664 0.13664 0.11336 0.11336 0.11336 0.11336 ( 1)  0.453
  33 A   0.13655 0.13655 0.13655 0.13655 0.11345 0.11345 0.11345 0.11345 ( 2)  0.454
  34 E   0.14274 0.14274 0.14274 0.14274 0.10726 0.10726 0.10726 0.10726 ( 2)  0.429
  35 A   0.13655 0.13655 0.13655 0.13655 0.11345 0.11345 0.11345 0.11345 ( 2)  0.454
  36 E   0.14274 0.14274 0.14274 0.14274 0.10726 0.10726 0.10726 0.10726 ( 2)  0.429
  37 L   0.13682 0.13682 0.13682 0.13682 0.11318 0.11318 0.11318 0.11318 ( 1)  0.453
  38 R   0.12815 0.12815 0.12815 0.12815 0.12185 0.12185 0.12185 0.12185 ( 1)  0.487
  39 I   0.13864 0.13864 0.13864 0.13864 0.11136 0.11136 0.11136 0.11136 ( 1)  0.445
  40 E   0.14274 0.14274 0.14274 0.14274 0.10726 0.10726 0.10726 0.10726 ( 2)  0.429
  41 Q   0.13448 0.13448 0.13448 0.13448 0.11552 0.11552 0.11552 0.11552 ( 1)  0.462
  42 I   0.13864 0.13864 0.13864 0.13864 0.11136 0.11136 0.11136 0.11136 ( 1)  0.445
  43 F   0.13793 0.13793 0.13793 0.13793 0.11207 0.11207 0.11207 0.11207 ( 1)  0.448
  44 D   0.14224 0.14224 0.14224 0.14224 0.10776 0.10776 0.10776 0.10776 ( 1)  0.431
  45 D   0.14297 0.14297 0.14297 0.14297 0.10703 0.10703 0.10703 0.10703 ( 2)  0.428
  46 L   0.13537 0.13537 0.13537 0.13537 0.11463 0.11463 0.11463 0.11463 ( 1)  0.459
  47 Y   0.13664 0.13664 0.13664 0.13664 0.11336 0.11336 0.11336 0.11336 ( 1)  0.453
  48 G   0.13517 0.13517 0.13517 0.13517 0.11483 0.11483 0.11483 0.11483 ( 1)  0.459
  49 R   0.13275 0.13275 0.13275 0.13275 0.11725 0.11725 0.11725 0.11725 ( 2)  0.469
  50 K   0.14198 0.14198 0.14198 0.14198 0.10802 0.10802 0.10802 0.10802 ( 1)  0.432
  51 W   0.13414 0.13414 0.13414 0.13414 0.11586 0.11586 0.11586 0.11586 ( 2)  0.463
  52 Y   0.13664 0.13664 0.13664 0.13664 0.11336 0.11336 0.11336 0.11336 ( 1)  0.453
  53 C   0.13396 0.13396 0.13396 0.13396 0.11604 0.11604 0.11604 0.11604 ( 2)  0.464
  54 S   0.13733 0.13733 0.13733 0.13733 0.11267 0.11267 0.11267 0.11267 ( 1)  0.451
  55 V   0.13184 0.13184 0.13184 0.13184 0.11816 0.11816 0.11816 0.11816 ( 2)  0.473
  56 G   0.13046 0.13046 0.13046 0.13046 0.11954 0.11954 0.11954 0.11954 ( 1)  0.478
  57 K   0.14198 0.14198 0.14198 0.14198 0.10802 0.10802 0.10802 0.10802 ( 1)  0.432
  58 V   0.13664 0.13664 0.13664 0.13664 0.11336 0.11336 0.11336 0.11336 ( 2)  0.453
  59 T   0.13524 0.13524 0.13524 0.13524 0.11476 0.11476 0.11476 0.11476 ( 2)  0.459
  60 G   0.13517 0.13517 0.13517 0.13517 0.11483 0.11483 0.11483 0.11483 ( 1)  0.459
  61 M   0.14368 0.14368 0.14368 0.14368 0.10632 0.10632 0.10632 0.10632 ( 2)  0.425
  62 Y   0.13664 0.13664 0.13664 0.13664 0.11336 0.11336 0.11336 0.11336 ( 1)  0.453
  63 E   0.14274 0.14274 0.14274 0.14274 0.10726 0.10726 0.10726 0.10726 ( 2)  0.429
  64 T   0.13611 0.13611 0.13611 0.13611 0.11389 0.11389 0.11389 0.11389 ( 1)  0.456
  65 M   0.14368 0.14368 0.14368 0.14368 0.10632 0.10632 0.10632 0.10632 ( 2)  0.425
  66 T   0.13458 0.13458 0.13458 0.13458 0.11542 0.11542 0.11542 0.11542 ( 2)  0.462
  67 R   0.13768 0.13768 0.13768 0.13768 0.11232 0.11232 0.11232 0.11232 ( 1)  0.449
  68 H   0.13860 0.13860 0.13860 0.13860 0.11140 0.11140 0.11140 0.11140 ( 1)  0.446
  69 F   0.00000 0.00000 0.00000 0.00000 0.25000 0.25000 0.25000 0.25000 ( 6)  1.000
  70 S   0.00000 0.00000 0.00000 0.00000 0.25000 0.25000 0.25000 0.25000 ( 6)  1.000
  71 F   0.13793 0.13793 0.13793 0.13793 0.11207 0.11207 0.11207 0.11207 ( 1)  0.448
  72 F   0.13793 0.13793 0.13793 0.13793 0.11207 0.11207 0.11207 0.11207 ( 1)  0.448
  73 I   0.00000 0.00000 0.00000 0.00000 0.25000 0.25000 0.25000 0.25000 ( 6)  1.000
  74 A   0.13655 0.13655 0.13655 0.13655 0.11345 0.11345 0.11345 0.11345 ( 2)  0.454
  75 G   0.13517 0.13517 0.13517 0.13517 0.11483 0.11483 0.11483 0.11483 ( 1)  0.459
  76 I   0.00000 0.00000 0.00000 0.00000 0.25000 0.25000 0.25000 0.25000 ( 6)  1.000
  77 S   0.13333 0.13333 0.13333 0.13333 0.11667 0.11667 0.11667 0.11667 ( 2)  0.467
  78 K   0.14198 0.14198 0.14198 0.14198 0.10802 0.10802 0.10802 0.10802 ( 1)  0.432
  79 L   0.13470 0.13470 0.13470 0.13470 0.11530 0.11530 0.11530 0.11530 ( 1)  0.461
  80 L   0.00000 0.00000 0.00000 0.00000 0.25000 0.25000 0.25000 0.25000 ( 6)  1.000
  81 V   0.00000 0.00000 0.00000 0.00000 0.25000 0.25000 0.25000 0.25000 ( 6)  1.000
  82 L   0.00000 0.00000 0.00000 0.00000 0.25000 0.25000 0.25000 0.25000 ( 6)  1.000
  83 F   0.13793 0.13793 0.13793 0.13793 0.11207 0.11207 0.11207 0.11207 ( 1)  0.448


lnL =  -387.111938

