Supplemental results for CODEML (seqf: algn  treef: tree)


dN/dS (w) for site classes (K=9)

p:   0.12500  0.12500  0.12500  0.12500  0.12500  0.12500  0.12500  0.12500  0.00001
w:   0.12296  0.15013  0.16842  0.18451  0.20049  0.21804  0.24006  0.27775  1.31777
(note that p[8] is zero)


Naive Empirical Bayes (NEB) probabilities for 9 classes & postmean_w & P(w>1)
(amino acids refer to 1st sequence: Msl.13287)

   1 M   0.12582 0.12551 0.12530 0.12512 0.12494 0.12474 0.12449 0.12407 0.00001 ( 1)  0.195  0.000
   2 S   0.12516 0.12510 0.12506 0.12502 0.12499 0.12495 0.12490 0.12481 0.00001 ( 1)  0.195  0.000
   3 Y   0.12521 0.12513 0.12508 0.12503 0.12498 0.12493 0.12487 0.12476 0.00001 ( 1)  0.195  0.000
   4 R   0.12576 0.12547 0.12528 0.12511 0.12494 0.12476 0.12453 0.12414 0.00001 ( 1)  0.195  0.000
   5 Y   0.12582 0.12551 0.12530 0.12512 0.12494 0.12474 0.12449 0.12407 0.00001 ( 1)  0.195  0.000
   6 F   0.12518 0.12511 0.12507 0.12503 0.12499 0.12494 0.12488 0.12479 0.00001 ( 1)  0.195  0.000
   7 H   0.12532 0.12520 0.12512 0.12505 0.12498 0.12490 0.12480 0.12464 0.00001 ( 1)  0.195  0.000
   8 S   0.12551 0.12532 0.12519 0.12507 0.12496 0.12484 0.12468 0.12442 0.00001 ( 1)  0.195  0.000
   9 Q   0.12562 0.12539 0.12523 0.12509 0.12495 0.12480 0.12461 0.12429 0.00001 ( 1)  0.195  0.000
  10 R   0.12576 0.12547 0.12528 0.12511 0.12494 0.12476 0.12453 0.12414 0.00001 ( 1)  0.195  0.000
  11 R   0.12576 0.12547 0.12528 0.12511 0.12494 0.12476 0.12453 0.12414 0.00001 ( 1)  0.195  0.000
  12 S   0.12513 0.12508 0.12505 0.12502 0.12499 0.12496 0.12492 0.12485 0.00001 ( 1)  0.195  0.000
  13 S   0.12594 0.12559 0.12535 0.12514 0.12493 0.12470 0.12442 0.12393 0.00001 ( 1)  0.195  0.000
  14 N   0.12614 0.12571 0.12542 0.12517 0.12491 0.12464 0.12430 0.12371 0.00001 ( 1)  0.195  0.000
  15 N   0.12614 0.12571 0.12542 0.12517 0.12491 0.12464 0.12430 0.12371 0.00001 ( 1)  0.195  0.000
  16 N   0.12614 0.12571 0.12542 0.12517 0.12491 0.12464 0.12430 0.12371 0.00001 ( 1)  0.195  0.000
  17 C   0.12565 0.12541 0.12524 0.12510 0.12495 0.12479 0.12460 0.12426 0.00001 ( 1)  0.195  0.000
  18 Y   0.12582 0.12551 0.12530 0.12512 0.12494 0.12474 0.12449 0.12407 0.00001 ( 1)  0.195  0.000
  19 Y   0.12521 0.12513 0.12508 0.12503 0.12498 0.12493 0.12487 0.12476 0.00001 ( 1)  0.195  0.000
  20 G   0.12598 0.12561 0.12536 0.12514 0.12493 0.12469 0.12439 0.12388 0.00001 ( 1)  0.195  0.000
  21 M   0.12582 0.12551 0.12530 0.12512 0.12494 0.12474 0.12449 0.12407 0.00001 ( 1)  0.195  0.000
  22 A   0.12522 0.12514 0.12508 0.12503 0.12498 0.12493 0.12486 0.12475 0.00001 ( 1)  0.195  0.000
  23 Y   0.12521 0.12513 0.12508 0.12503 0.12498 0.12493 0.12487 0.12476 0.00001 ( 1)  0.195  0.000
  24 P   0.12560 0.12537 0.12522 0.12509 0.12496 0.12481 0.12463 0.12432 0.00001 ( 1)  0.195  0.000
  25 Q   0.12562 0.12539 0.12523 0.12509 0.12495 0.12480 0.12461 0.12429 0.00001 ( 1)  0.195  0.000
  26 P   0.12560 0.12537 0.12522 0.12509 0.12496 0.12481 0.12463 0.12432 0.00001 ( 1)  0.195  0.000
  27 E   0.12600 0.12562 0.12537 0.12515 0.12493 0.12468 0.12438 0.12387 0.00001 ( 1)  0.195  0.000
  28 Q   0.12562 0.12539 0.12523 0.12509 0.12495 0.12480 0.12461 0.12429 0.00001 ( 1)  0.195  0.000
  29 P   0.12568 0.12542 0.12525 0.12510 0.12495 0.12479 0.12458 0.12423 0.00001 ( 1)  0.195  0.000
  30 M   0.12582 0.12551 0.12530 0.12512 0.12494 0.12474 0.12449 0.12407 0.00001 ( 1)  0.195  0.000
  31 H   0.12591 0.12556 0.12533 0.12513 0.12493 0.12471 0.12444 0.12397 0.00001 ( 1)  0.195  0.000
  32 Y   0.12582 0.12551 0.12530 0.12512 0.12494 0.12474 0.12449 0.12407 0.00001 ( 1)  0.195  0.000
  33 N   0.12538 0.12523 0.12514 0.12505 0.12497 0.12488 0.12477 0.12457 0.00001 ( 1)  0.195  0.000
  34 G   0.12598 0.12561 0.12536 0.12514 0.12493 0.12469 0.12439 0.12388 0.00001 ( 1)  0.195  0.000
  35 Y   0.12582 0.12551 0.12530 0.12512 0.12494 0.12474 0.12449 0.12407 0.00001 ( 1)  0.195  0.000
  36 F   0.12518 0.12511 0.12507 0.12503 0.12499 0.12494 0.12488 0.12479 0.00001 ( 1)  0.195  0.000
  37 I   0.12584 0.12552 0.12531 0.12512 0.12494 0.12473 0.12448 0.12404 0.00001 ( 1)  0.195  0.000
  38 Y   0.12582 0.12551 0.12530 0.12512 0.12494 0.12474 0.12449 0.12407 0.00001 ( 1)  0.195  0.000
  39 Q   0.12562 0.12539 0.12523 0.12509 0.12495 0.12480 0.12461 0.12429 0.00001 ( 1)  0.195  0.000
  40 H   0.12532 0.12520 0.12512 0.12505 0.12498 0.12490 0.12480 0.12464 0.00001 ( 1)  0.195  0.000
  41 P   0.12560 0.12537 0.12522 0.12509 0.12496 0.12481 0.12463 0.12432 0.00001 ( 1)  0.195  0.000
  42 L   0.12567 0.12542 0.12525 0.12510 0.12495 0.12479 0.12459 0.12424 0.00001 ( 1)  0.195  0.000
  43 E   0.12600 0.12562 0.12537 0.12515 0.12493 0.12468 0.12438 0.12387 0.00001 ( 1)  0.195  0.000
  44 M   0.12582 0.12551 0.12530 0.12512 0.12494 0.12474 0.12449 0.12407 0.00001 ( 1)  0.195  0.000
  45 E   0.12600 0.12562 0.12537 0.12515 0.12493 0.12468 0.12438 0.12387 0.00001 ( 1)  0.195  0.000
  46 Y   0.12582 0.12551 0.12530 0.12512 0.12494 0.12474 0.12449 0.12407 0.00001 ( 1)  0.195  0.000
  47 Q   0.12562 0.12539 0.12523 0.12509 0.12495 0.12480 0.12461 0.12429 0.00001 ( 1)  0.195  0.000
  48 R   0.12526 0.12516 0.12510 0.12504 0.12498 0.12492 0.12484 0.12470 0.00001 ( 1)  0.195  0.000
  49 S   0.12594 0.12559 0.12535 0.12514 0.12493 0.12470 0.12442 0.12393 0.00001 ( 1)  0.195  0.000
  50 R   0.12514 0.12509 0.12505 0.12502 0.12499 0.12495 0.12491 0.12484 0.00001 ( 1)  0.195  0.000
  51 P   0.12560 0.12537 0.12522 0.12509 0.12496 0.12481 0.12463 0.12432 0.00001 ( 1)  0.195  0.000
  52 A   0.12522 0.12514 0.12508 0.12503 0.12498 0.12493 0.12486 0.12475 0.00001 ( 1)  0.195  0.000
  53 K   0.12598 0.12561 0.12536 0.12514 0.12493 0.12469 0.12440 0.12389 0.00001 ( 1)  0.195  0.000
  54 L   0.12548 0.12530 0.12518 0.12507 0.12496 0.12485 0.12470 0.12445 0.00001 ( 1)  0.195  0.000
  55 S   0.12551 0.12532 0.12519 0.12507 0.12496 0.12484 0.12468 0.12442 0.00001 ( 1)  0.195  0.000
  56 P   0.12568 0.12542 0.12525 0.12510 0.12495 0.12479 0.12458 0.12423 0.00001 ( 1)  0.195  0.000
  57 R   0.12576 0.12547 0.12528 0.12511 0.12494 0.12476 0.12453 0.12414 0.00001 ( 1)  0.195  0.000
  58 V   0.12522 0.12514 0.12508 0.12503 0.12498 0.12493 0.12486 0.12475 0.00001 ( 1)  0.195  0.000
  59 L   0.12548 0.12530 0.12518 0.12507 0.12496 0.12485 0.12470 0.12445 0.00001 ( 1)  0.195  0.000
  60 N   0.12614 0.12571 0.12542 0.12517 0.12491 0.12464 0.12430 0.12371 0.00001 ( 1)  0.195  0.000
  61 R   0.12514 0.12509 0.12505 0.12502 0.12499 0.12495 0.12491 0.12484 0.00001 ( 1)  0.195  0.000
  62 R   0.12576 0.12547 0.12528 0.12511 0.12494 0.12476 0.12453 0.12414 0.00001 ( 1)  0.195  0.000
  63 F   0.12562 0.12538 0.12523 0.12509 0.12495 0.12480 0.12462 0.12430 0.00001 ( 1)  0.195  0.000
  64 K   0.12598 0.12561 0.12536 0.12514 0.12493 0.12469 0.12440 0.12389 0.00001 ( 1)  0.195  0.000
  65 K   0.12536 0.12523 0.12513 0.12505 0.12497 0.12488 0.12477 0.12458 0.00001 ( 1)  0.195  0.000
  66 V   0.12554 0.12534 0.12520 0.12508 0.12496 0.12483 0.12466 0.12438 0.00001 ( 1)  0.195  0.000
  67 T   0.12583 0.12552 0.12531 0.12512 0.12494 0.12474 0.12448 0.12405 0.00001 ( 1)  0.195  0.000
  68 I   0.12584 0.12552 0.12531 0.12512 0.12494 0.12473 0.12448 0.12404 0.00001 ( 1)  0.195  0.000
  69 Q   0.12562 0.12539 0.12523 0.12509 0.12495 0.12480 0.12461 0.12429 0.00001 ( 1)  0.195  0.000
  70 L   0.12548 0.12530 0.12518 0.12507 0.12496 0.12485 0.12470 0.12445 0.00001 ( 1)  0.195  0.000
  71 N   0.12614 0.12571 0.12542 0.12517 0.12491 0.12464 0.12430 0.12371 0.00001 ( 1)  0.195  0.000
  72 E   0.12600 0.12562 0.12537 0.12515 0.12493 0.12468 0.12438 0.12387 0.00001 ( 1)  0.195  0.000
  73 N   0.12614 0.12571 0.12542 0.12517 0.12491 0.12464 0.12430 0.12371 0.00001 ( 1)  0.195  0.000
  74 R   0.12514 0.12509 0.12505 0.12502 0.12499 0.12495 0.12491 0.12484 0.00001 ( 1)  0.195  0.000
  75 V   0.12586 0.12554 0.12532 0.12513 0.12494 0.12473 0.12447 0.12402 0.00001 ( 1)  0.195  0.000
  76 L   0.12567 0.12542 0.12525 0.12510 0.12495 0.12479 0.12459 0.12424 0.00001 ( 1)  0.195  0.000
  77 V   0.12576 0.12547 0.12528 0.12511 0.12494 0.12476 0.12453 0.12414 0.00001 ( 1)  0.195  0.000
  78 V   0.12586 0.12554 0.12532 0.12513 0.12494 0.12473 0.12447 0.12402 0.00001 ( 1)  0.195  0.000
  79 S   0.12594 0.12559 0.12535 0.12514 0.12493 0.12470 0.12442 0.12393 0.00001 ( 1)  0.195  0.000
  80 V   0.12586 0.12554 0.12532 0.12513 0.12494 0.12473 0.12447 0.12402 0.00001 ( 1)  0.195  0.000
  81 A   0.12522 0.12514 0.12508 0.12503 0.12498 0.12493 0.12486 0.12475 0.00001 ( 1)  0.195  0.000
  82 V   0.12522 0.12514 0.12508 0.12503 0.12498 0.12493 0.12486 0.12475 0.00001 ( 1)  0.195  0.000
  83 G   0.12598 0.12561 0.12536 0.12514 0.12493 0.12469 0.12439 0.12388 0.00001 ( 1)  0.195  0.000
  84 K   0.12598 0.12561 0.12536 0.12514 0.12493 0.12469 0.12440 0.12389 0.00001 ( 1)  0.195  0.000
  85 G   0.12598 0.12561 0.12536 0.12514 0.12493 0.12469 0.12439 0.12388 0.00001 ( 1)  0.195  0.000
  86 N   0.12614 0.12571 0.12542 0.12517 0.12491 0.12464 0.12430 0.12371 0.00001 ( 1)  0.195  0.000
  87 K   0.12598 0.12561 0.12536 0.12514 0.12493 0.12469 0.12440 0.12389 0.00001 ( 1)  0.195  0.000
  88 P   0.12560 0.12537 0.12522 0.12509 0.12496 0.12481 0.12463 0.12432 0.00001 ( 1)  0.195  0.000
  89 S   0.12594 0.12559 0.12535 0.12514 0.12493 0.12470 0.12442 0.12393 0.00001 ( 1)  0.195  0.000
  90 L   0.12531 0.12519 0.12512 0.12505 0.12498 0.12490 0.12480 0.12464 0.00001 ( 1)  0.195  0.000
  91 V   0.12576 0.12547 0.12528 0.12511 0.12494 0.12476 0.12453 0.12414 0.00001 ( 1)  0.195  0.000
  92 F   0.12562 0.12538 0.12523 0.12509 0.12495 0.12480 0.12462 0.12430 0.00001 ( 1)  0.195  0.000
  93 S   0.12551 0.12532 0.12519 0.12507 0.12496 0.12484 0.12468 0.12442 0.00001 ( 1)  0.195  0.000
  94 Q   0.12562 0.12539 0.12523 0.12509 0.12495 0.12480 0.12461 0.12429 0.00001 ( 1)  0.195  0.000
  95 C   0.12565 0.12541 0.12524 0.12510 0.12495 0.12479 0.12460 0.12426 0.00001 ( 1)  0.195  0.000
  96 E   0.12600 0.12562 0.12537 0.12515 0.12493 0.12468 0.12438 0.12387 0.00001 ( 1)  0.195  0.000
  97 G   0.12598 0.12561 0.12536 0.12514 0.12493 0.12469 0.12439 0.12388 0.00001 ( 1)  0.195  0.000
  98 S   0.12564 0.12540 0.12523 0.12509 0.12495 0.12480 0.12461 0.12428 0.00001 ( 1)  0.195  0.000
  99 Y   0.12582 0.12551 0.12530 0.12512 0.12494 0.12474 0.12449 0.12407 0.00001 ( 1)  0.195  0.000
 100 E   0.12600 0.12562 0.12537 0.12515 0.12493 0.12468 0.12438 0.12387 0.00001 ( 1)  0.195  0.000
 101 N   0.12538 0.12523 0.12514 0.12505 0.12497 0.12488 0.12477 0.12457 0.00001 ( 1)  0.195  0.000
 102 R   0.12514 0.12509 0.12505 0.12502 0.12499 0.12495 0.12491 0.12484 0.00001 ( 1)  0.195  0.000
 103 T   0.12521 0.12513 0.12508 0.12503 0.12498 0.12493 0.12487 0.12476 0.00001 ( 1)  0.195  0.000
 104 S   0.12594 0.12559 0.12535 0.12514 0.12493 0.12470 0.12442 0.12393 0.00001 ( 1)  0.195  0.000
 105 S   0.12551 0.12532 0.12519 0.12507 0.12496 0.12484 0.12468 0.12442 0.00001 ( 1)  0.195  0.000
 106 V   0.12586 0.12554 0.12532 0.12513 0.12494 0.12473 0.12447 0.12402 0.00001 ( 1)  0.195  0.000
 107 N   0.07944 0.09670 0.10825 0.11838 0.12840 0.13937 0.15306 0.17634 0.00006 ( 8)  0.206  0.000
 108 I   0.12525 0.12516 0.12509 0.12504 0.12498 0.12492 0.12484 0.12471 0.00001 ( 1)  0.195  0.000
 109 P   0.12560 0.12537 0.12522 0.12509 0.12496 0.12481 0.12463 0.12432 0.00001 ( 1)  0.195  0.000
 110 E   0.12600 0.12562 0.12537 0.12515 0.12493 0.12468 0.12438 0.12387 0.00001 ( 1)  0.195  0.000
 111 A   0.12587 0.12554 0.12532 0.12513 0.12494 0.12473 0.12446 0.12402 0.00001 ( 1)  0.195  0.000
 112 L   0.12513 0.12508 0.12505 0.12502 0.12499 0.12496 0.12492 0.12485 0.00001 ( 1)  0.195  0.000
 113 V   0.12586 0.12554 0.12532 0.12513 0.12494 0.12473 0.12447 0.12402 0.00001 ( 1)  0.195  0.000
 114 V   0.12576 0.12547 0.12528 0.12511 0.12494 0.12476 0.12453 0.12414 0.00001 ( 1)  0.195  0.000
 115 P   0.12560 0.12537 0.12522 0.12509 0.12496 0.12481 0.12463 0.12432 0.00001 ( 1)  0.195  0.000
 116 F   0.12562 0.12538 0.12523 0.12509 0.12495 0.12480 0.12462 0.12430 0.00001 ( 1)  0.195  0.000
 117 I   0.12584 0.12552 0.12531 0.12512 0.12494 0.12473 0.12448 0.12404 0.00001 ( 1)  0.195  0.000
 118 Q   0.12562 0.12539 0.12523 0.12509 0.12495 0.12480 0.12461 0.12429 0.00001 ( 1)  0.195  0.000
 119 Q   0.12562 0.12539 0.12523 0.12509 0.12495 0.12480 0.12461 0.12429 0.00001 ( 1)  0.195  0.000
 120 L   0.12548 0.12530 0.12518 0.12507 0.12496 0.12485 0.12470 0.12445 0.00001 ( 1)  0.195  0.000
 121 H   0.12591 0.12556 0.12533 0.12513 0.12493 0.12471 0.12444 0.12397 0.00001 ( 1)  0.195  0.000
 122 K   0.12598 0.12561 0.12536 0.12514 0.12493 0.12469 0.12440 0.12389 0.00001 ( 1)  0.195  0.000
 123 L   0.12548 0.12530 0.12518 0.12507 0.12496 0.12485 0.12470 0.12445 0.00001 ( 1)  0.195  0.000
 124 S   0.12551 0.12532 0.12519 0.12507 0.12496 0.12484 0.12468 0.12442 0.00001 ( 1)  0.195  0.000
 125 K   0.12598 0.12561 0.12536 0.12514 0.12493 0.12469 0.12440 0.12389 0.00001 ( 1)  0.195  0.000
 126 W   0.12539 0.12524 0.12514 0.12506 0.12497 0.12488 0.12476 0.12456 0.00001 ( 1)  0.195  0.000
 127 R   0.12514 0.12509 0.12505 0.12502 0.12499 0.12495 0.12491 0.12484 0.00001 ( 1)  0.195  0.000
 128 P   0.12560 0.12537 0.12522 0.12509 0.12496 0.12481 0.12463 0.12432 0.00001 ( 1)  0.195  0.000
 129 S   0.12564 0.12540 0.12523 0.12509 0.12495 0.12480 0.12461 0.12428 0.00001 ( 1)  0.195  0.000
 130 T   0.12521 0.12513 0.12508 0.12503 0.12498 0.12493 0.12487 0.12476 0.00001 ( 1)  0.195  0.000
 131 S   0.12516 0.12510 0.12506 0.12502 0.12499 0.12495 0.12490 0.12481 0.00001 ( 1)  0.195  0.000
 132 G   0.12598 0.12561 0.12536 0.12514 0.12493 0.12469 0.12439 0.12388 0.00001 ( 1)  0.195  0.000
 133 S   0.12594 0.12559 0.12535 0.12514 0.12493 0.12470 0.12442 0.12393 0.00001 ( 1)  0.195  0.000
 134 L   0.12548 0.12530 0.12518 0.12507 0.12496 0.12485 0.12470 0.12445 0.00001 ( 1)  0.195  0.000
 135 P   0.12516 0.12510 0.12506 0.12502 0.12499 0.12495 0.12490 0.12481 0.00001 ( 1)  0.195  0.000
 136 A   0.12587 0.12554 0.12532 0.12513 0.12494 0.12473 0.12446 0.12402 0.00001 ( 1)  0.195  0.000
 137 S   0.12594 0.12559 0.12535 0.12514 0.12493 0.12470 0.12442 0.12393 0.00001 ( 1)  0.195  0.000
 138 Q   0.12562 0.12539 0.12523 0.12509 0.12495 0.12480 0.12461 0.12429 0.00001 ( 1)  0.195  0.000
 139 G   0.12598 0.12561 0.12536 0.12514 0.12493 0.12469 0.12439 0.12388 0.00001 ( 1)  0.195  0.000
 140 L   0.12567 0.12542 0.12525 0.12510 0.12495 0.12479 0.12459 0.12424 0.00001 ( 1)  0.195  0.000
 141 S   0.12594 0.12559 0.12535 0.12514 0.12493 0.12470 0.12442 0.12393 0.00001 ( 1)  0.195  0.000
 142 H   0.12591 0.12556 0.12533 0.12513 0.12493 0.12471 0.12444 0.12397 0.00001 ( 1)  0.195  0.000
 143 E   0.12600 0.12562 0.12537 0.12515 0.12493 0.12468 0.12438 0.12387 0.00001 ( 1)  0.195  0.000
 144 D   0.12615 0.12571 0.12542 0.12517 0.12491 0.12464 0.12429 0.12370 0.00001 ( 1)  0.195  0.000
 145 T   0.12573 0.12546 0.12527 0.12511 0.12495 0.12477 0.12455 0.12417 0.00001 ( 1)  0.195  0.000
 146 V   0.12576 0.12547 0.12528 0.12511 0.12494 0.12476 0.12453 0.12414 0.00001 ( 1)  0.195  0.000
 147 F   0.12562 0.12538 0.12523 0.12509 0.12495 0.12480 0.12462 0.12430 0.00001 ( 1)  0.195  0.000
 148 R   0.12526 0.12516 0.12510 0.12504 0.12498 0.12492 0.12484 0.12470 0.00001 ( 1)  0.195  0.000
 149 A   0.12576 0.12547 0.12528 0.12511 0.12494 0.12476 0.12453 0.12413 0.00001 ( 1)  0.195  0.000
 150 L   0.12548 0.12530 0.12518 0.12507 0.12496 0.12485 0.12470 0.12445 0.00001 ( 1)  0.195  0.000
 151 L   0.07913 0.09644 0.10806 0.11826 0.12837 0.13945 0.15330 0.17693 0.00006 ( 8)  0.206  0.000
 152 A   0.12587 0.12554 0.12532 0.12513 0.12494 0.12473 0.12446 0.12402 0.00001 ( 1)  0.195  0.000
 153 C   0.12565 0.12541 0.12524 0.12510 0.12495 0.12479 0.12460 0.12426 0.00001 ( 1)  0.195  0.000
 154 Q   0.12562 0.12539 0.12523 0.12509 0.12495 0.12480 0.12461 0.12429 0.00001 ( 1)  0.195  0.000
 155 S   0.12594 0.12559 0.12535 0.12514 0.12493 0.12470 0.12442 0.12393 0.00001 ( 1)  0.195  0.000
 156 G   0.12523 0.12514 0.12509 0.12503 0.12498 0.12493 0.12485 0.12473 0.00001 ( 1)  0.195  0.000
 157 P   0.12560 0.12537 0.12522 0.12509 0.12496 0.12481 0.12463 0.12432 0.00001 ( 1)  0.195  0.000
 158 E   0.12540 0.12525 0.12515 0.12506 0.12497 0.12487 0.12475 0.12454 0.00001 ( 1)  0.195  0.000
 159 V   0.12576 0.12547 0.12528 0.12511 0.12494 0.12476 0.12453 0.12414 0.00001 ( 1)  0.195  0.000
 160 P   0.12560 0.12537 0.12522 0.12509 0.12496 0.12481 0.12463 0.12432 0.00001 ( 1)  0.195  0.000
 161 P   0.12516 0.12510 0.12506 0.12502 0.12499 0.12495 0.12490 0.12481 0.00001 ( 1)  0.195  0.000
 162 E   0.12600 0.12562 0.12537 0.12515 0.12493 0.12468 0.12438 0.12387 0.00001 ( 1)  0.195  0.000
 163 S   0.12564 0.12540 0.12523 0.12509 0.12495 0.12480 0.12461 0.12428 0.00001 ( 1)  0.195  0.000
 164 R   0.12576 0.12547 0.12528 0.12511 0.12494 0.12476 0.12453 0.12414 0.00001 ( 1)  0.195  0.000
 165 L   0.12548 0.12530 0.12518 0.12507 0.12496 0.12485 0.12470 0.12445 0.00001 ( 1)  0.195  0.000
 166 Y   0.12582 0.12551 0.12530 0.12512 0.12494 0.12474 0.12449 0.12407 0.00001 ( 1)  0.195  0.000
 167 A   0.12587 0.12554 0.12532 0.12513 0.12494 0.12473 0.12446 0.12402 0.00001 ( 1)  0.195  0.000
 168 I   0.12584 0.12552 0.12531 0.12512 0.12494 0.12473 0.12448 0.12404 0.00001 ( 1)  0.195  0.000
 169 R   0.12562 0.12539 0.12523 0.12509 0.12495 0.12480 0.12462 0.12429 0.00001 ( 1)  0.195  0.000
 170 I   0.12584 0.12552 0.12531 0.12512 0.12494 0.12473 0.12448 0.12404 0.00001 ( 1)  0.195  0.000
 171 V   0.12576 0.12547 0.12528 0.12511 0.12494 0.12476 0.12453 0.12414 0.00001 ( 1)  0.195  0.000
 172 A   0.12576 0.12547 0.12528 0.12511 0.12494 0.12476 0.12453 0.12413 0.00001 ( 1)  0.195  0.000
 173 E   0.12540 0.12525 0.12515 0.12506 0.12497 0.12487 0.12475 0.12454 0.00001 ( 1)  0.195  0.000
 174 A   0.12522 0.12514 0.12508 0.12503 0.12498 0.12493 0.12486 0.12475 0.00001 ( 1)  0.195  0.000
 175 R   0.12514 0.12509 0.12505 0.12502 0.12499 0.12495 0.12491 0.12484 0.00001 ( 1)  0.195  0.000
 176 A   0.12522 0.12514 0.12508 0.12503 0.12498 0.12493 0.12486 0.12475 0.00001 ( 1)  0.195  0.000
 177 R   0.12576 0.12547 0.12528 0.12511 0.12494 0.12476 0.12453 0.12414 0.00001 ( 1)  0.195  0.000
 178 D   0.12541 0.12525 0.12515 0.12506 0.12497 0.12487 0.12475 0.12453 0.00001 ( 1)  0.195  0.000
 179 P   0.12560 0.12537 0.12522 0.12509 0.12496 0.12481 0.12463 0.12432 0.00001 ( 1)  0.195  0.000
 180 H   0.12591 0.12556 0.12533 0.12513 0.12493 0.12471 0.12444 0.12397 0.00001 ( 1)  0.195  0.000
 181 D   0.12615 0.12571 0.12542 0.12517 0.12491 0.12464 0.12429 0.12370 0.00001 ( 1)  0.195  0.000
 182 R   0.12562 0.12539 0.12523 0.12509 0.12495 0.12480 0.12462 0.12429 0.00001 ( 1)  0.195  0.000
 183 K   0.12536 0.12523 0.12513 0.12505 0.12497 0.12488 0.12477 0.12458 0.00001 ( 1)  0.195  0.000
 184 E   0.12600 0.12562 0.12537 0.12515 0.12493 0.12468 0.12438 0.12387 0.00001 ( 1)  0.195  0.000
 185 L   0.12567 0.12542 0.12525 0.12510 0.12495 0.12479 0.12459 0.12424 0.00001 ( 1)  0.195  0.000
 186 A   0.12587 0.12554 0.12532 0.12513 0.12494 0.12473 0.12446 0.12402 0.00001 ( 1)  0.195  0.000
 187 A   0.12576 0.12547 0.12528 0.12511 0.12494 0.12476 0.12453 0.12413 0.00001 ( 1)  0.195  0.000
 188 V   0.12576 0.12547 0.12528 0.12511 0.12494 0.12476 0.12453 0.12414 0.00001 ( 1)  0.195  0.000
 189 S   0.12564 0.12540 0.12523 0.12509 0.12495 0.12480 0.12461 0.12428 0.00001 ( 1)  0.195  0.000
 190 I   0.12584 0.12552 0.12531 0.12512 0.12494 0.12473 0.12448 0.12404 0.00001 ( 1)  0.195  0.000
 191 P   0.12560 0.12537 0.12522 0.12509 0.12496 0.12481 0.12463 0.12432 0.00001 ( 1)  0.195  0.000
 192 L   0.12548 0.12530 0.12518 0.12507 0.12496 0.12485 0.12470 0.12445 0.00001 ( 1)  0.195  0.000
 193 E   0.12600 0.12562 0.12537 0.12515 0.12493 0.12468 0.12438 0.12387 0.00001 ( 1)  0.195  0.000
 194 T   0.12583 0.12552 0.12531 0.12512 0.12494 0.12474 0.12448 0.12405 0.00001 ( 1)  0.195  0.000
 195 S   0.12594 0.12559 0.12535 0.12514 0.12493 0.12470 0.12442 0.12393 0.00001 ( 1)  0.195  0.000
 196 Y   0.12582 0.12551 0.12530 0.12512 0.12494 0.12474 0.12449 0.12407 0.00001 ( 1)  0.195  0.000
 197 L   0.12567 0.12542 0.12525 0.12510 0.12495 0.12479 0.12459 0.12424 0.00001 ( 1)  0.195  0.000
 198 M   0.12582 0.12551 0.12530 0.12512 0.12494 0.12474 0.12449 0.12407 0.00001 ( 1)  0.195  0.000
 199 K   0.12598 0.12561 0.12536 0.12514 0.12493 0.12469 0.12440 0.12389 0.00001 ( 1)  0.195  0.000
 200 V   0.12576 0.12547 0.12528 0.12511 0.12494 0.12476 0.12453 0.12414 0.00001 ( 1)  0.195  0.000
 201 K   0.12536 0.12523 0.12513 0.12505 0.12497 0.12488 0.12477 0.12458 0.00001 ( 1)  0.195  0.000
 202 E   0.12600 0.12562 0.12537 0.12515 0.12493 0.12468 0.12438 0.12387 0.00001 ( 1)  0.195  0.000
 203 A   0.12522 0.12514 0.12508 0.12503 0.12498 0.12493 0.12486 0.12475 0.00001 ( 1)  0.195  0.000
 204 L   0.12567 0.12542 0.12525 0.12510 0.12495 0.12479 0.12459 0.12424 0.00001 ( 1)  0.195  0.000
 205 N   0.12538 0.12523 0.12514 0.12505 0.12497 0.12488 0.12477 0.12457 0.00001 ( 1)  0.195  0.000
 206 D   0.12541 0.12525 0.12515 0.12506 0.12497 0.12487 0.12475 0.12453 0.00001 ( 1)  0.195  0.000
 207 V   0.12576 0.12547 0.12528 0.12511 0.12494 0.12476 0.12453 0.12414 0.00001 ( 1)  0.195  0.000
 208 I   0.12525 0.12516 0.12509 0.12504 0.12498 0.12492 0.12484 0.12471 0.00001 ( 1)  0.195  0.000
 209 V   0.12576 0.12547 0.12528 0.12511 0.12494 0.12476 0.12453 0.12414 0.00001 ( 1)  0.195  0.000
 210 A   0.12554 0.12534 0.12520 0.12508 0.12496 0.12483 0.12466 0.12438 0.00001 ( 1)  0.195  0.000
 211 S   0.12551 0.12532 0.12519 0.12507 0.12496 0.12484 0.12468 0.12442 0.00001 ( 1)  0.195  0.000
 212 A   0.12587 0.12554 0.12532 0.12513 0.12494 0.12473 0.12446 0.12402 0.00001 ( 1)  0.195  0.000
 213 E   0.12600 0.12562 0.12537 0.12515 0.12493 0.12468 0.12438 0.12387 0.00001 ( 1)  0.195  0.000
 214 S   0.12551 0.12532 0.12519 0.12507 0.12496 0.12484 0.12468 0.12442 0.00001 ( 1)  0.195  0.000
 215 P   0.12560 0.12537 0.12522 0.12509 0.12496 0.12481 0.12463 0.12432 0.00001 ( 1)  0.195  0.000
 216 L   0.12567 0.12542 0.12525 0.12510 0.12495 0.12479 0.12459 0.12424 0.00001 ( 1)  0.195  0.000
 217 Y   0.12582 0.12551 0.12530 0.12512 0.12494 0.12474 0.12449 0.12407 0.00001 ( 1)  0.195  0.000
 218 H   0.12591 0.12556 0.12533 0.12513 0.12493 0.12471 0.12444 0.12397 0.00001 ( 1)  0.195  0.000
 219 T   0.12583 0.12552 0.12531 0.12512 0.12494 0.12474 0.12448 0.12405 0.00001 ( 1)  0.195  0.000
 220 K   0.12598 0.12561 0.12536 0.12514 0.12493 0.12469 0.12440 0.12389 0.00001 ( 1)  0.195  0.000
 221 S   0.12551 0.12532 0.12519 0.12507 0.12496 0.12484 0.12468 0.12442 0.00001 ( 1)  0.195  0.000
 222 L   0.12548 0.12530 0.12518 0.12507 0.12496 0.12485 0.12470 0.12445 0.00001 ( 1)  0.195  0.000
 223 H   0.12591 0.12556 0.12533 0.12513 0.12493 0.12471 0.12444 0.12397 0.00001 ( 1)  0.195  0.000
 224 C   0.12519 0.12512 0.12507 0.12503 0.12499 0.12494 0.12488 0.12479 0.00001 ( 1)  0.195  0.000
 225 A   0.12576 0.12547 0.12528 0.12511 0.12494 0.12476 0.12453 0.12413 0.00001 ( 1)  0.195  0.000
 226 D   0.12615 0.12571 0.12542 0.12517 0.12491 0.12464 0.12429 0.12370 0.00001 ( 1)  0.195  0.000
 227 G   0.12598 0.12561 0.12536 0.12514 0.12493 0.12469 0.12439 0.12388 0.00001 ( 1)  0.195  0.000
 228 S   0.12516 0.12510 0.12506 0.12502 0.12499 0.12495 0.12490 0.12481 0.00001 ( 1)  0.195  0.000
 229 K   0.12536 0.12523 0.12513 0.12505 0.12497 0.12488 0.12477 0.12458 0.00001 ( 1)  0.195  0.000
 230 F   0.12562 0.12538 0.12523 0.12509 0.12495 0.12480 0.12462 0.12430 0.00001 ( 1)  0.195  0.000
 231 Y   0.12582 0.12551 0.12530 0.12512 0.12494 0.12474 0.12449 0.12407 0.00001 ( 1)  0.195  0.000
 232 L   0.12513 0.12508 0.12505 0.12502 0.12499 0.12496 0.12492 0.12485 0.00001 ( 1)  0.195  0.000
 233 D   0.12615 0.12571 0.12542 0.12517 0.12491 0.12464 0.12429 0.12370 0.00001 ( 1)  0.195  0.000
 234 M   0.12582 0.12551 0.12530 0.12512 0.12494 0.12474 0.12449 0.12407 0.00001 ( 1)  0.195  0.000
 235 I   0.12584 0.12552 0.12531 0.12512 0.12494 0.12473 0.12448 0.12404 0.00001 ( 1)  0.195  0.000
 236 R   0.12576 0.12547 0.12528 0.12511 0.12494 0.12476 0.12453 0.12414 0.00001 ( 1)  0.195  0.000
 237 D   0.12615 0.12571 0.12542 0.12517 0.12491 0.12464 0.12429 0.12370 0.00001 ( 1)  0.195  0.000
 238 D   0.12577 0.12548 0.12528 0.12511 0.12494 0.12475 0.12452 0.12412 0.00001 ( 1)  0.195  0.000
 239 E   0.12600 0.12562 0.12537 0.12515 0.12493 0.12468 0.12438 0.12387 0.00001 ( 1)  0.195  0.000
 240 A   0.12522 0.12514 0.12508 0.12503 0.12498 0.12493 0.12486 0.12475 0.00001 ( 1)  0.195  0.000
 241 H   0.12591 0.12556 0.12533 0.12513 0.12493 0.12471 0.12444 0.12397 0.00001 ( 1)  0.195  0.000
 242 Y   0.12582 0.12551 0.12530 0.12512 0.12494 0.12474 0.12449 0.12407 0.00001 ( 1)  0.195  0.000
 243 L   0.12548 0.12530 0.12518 0.12507 0.12496 0.12485 0.12470 0.12445 0.00001 ( 1)  0.195  0.000
 244 K   0.12598 0.12561 0.12536 0.12514 0.12493 0.12469 0.12440 0.12389 0.00001 ( 1)  0.195  0.000
 245 V   0.12576 0.12547 0.12528 0.12511 0.12494 0.12476 0.12453 0.12414 0.00001 ( 1)  0.195  0.000
 246 S   0.12551 0.12532 0.12519 0.12507 0.12496 0.12484 0.12468 0.12442 0.00001 ( 1)  0.195  0.000
 247 Q   0.12562 0.12539 0.12523 0.12509 0.12495 0.12480 0.12461 0.12429 0.00001 ( 1)  0.195  0.000
 248 V   0.12576 0.12547 0.12528 0.12511 0.12494 0.12476 0.12453 0.12414 0.00001 ( 1)  0.195  0.000
 249 T   0.12583 0.12552 0.12531 0.12512 0.12494 0.12474 0.12448 0.12405 0.00001 ( 1)  0.195  0.000
 250 R   0.12548 0.12530 0.12518 0.12507 0.12496 0.12485 0.12470 0.12446 0.00001 ( 1)  0.195  0.000
 251 E   0.12600 0.12562 0.12537 0.12515 0.12493 0.12468 0.12438 0.12387 0.00001 ( 1)  0.195  0.000
 252 Y   0.12582 0.12551 0.12530 0.12512 0.12494 0.12474 0.12449 0.12407 0.00001 ( 1)  0.195  0.000
 253 R   0.12562 0.12539 0.12523 0.12509 0.12495 0.12480 0.12462 0.12429 0.00001 ( 1)  0.195  0.000
 254 S   0.12594 0.12559 0.12535 0.12514 0.12493 0.12470 0.12442 0.12393 0.00001 ( 1)  0.195  0.000
 255 I   0.12584 0.12552 0.12531 0.12512 0.12494 0.12473 0.12448 0.12404 0.00001 ( 1)  0.195  0.000
 256 M   0.12582 0.12551 0.12530 0.12512 0.12494 0.12474 0.12449 0.12407 0.00001 ( 1)  0.195  0.000
 257 H   0.12591 0.12556 0.12533 0.12513 0.12493 0.12471 0.12444 0.12397 0.00001 ( 1)  0.195  0.000
 258 V   0.12576 0.12547 0.12528 0.12511 0.12494 0.12476 0.12453 0.12414 0.00001 ( 1)  0.195  0.000
 259 P   0.12516 0.12510 0.12506 0.12502 0.12499 0.12495 0.12490 0.12481 0.00001 ( 1)  0.195  0.000
 260 A   0.12587 0.12554 0.12532 0.12513 0.12494 0.12473 0.12446 0.12402 0.00001 ( 1)  0.195  0.000
 261 E   0.12600 0.12562 0.12537 0.12515 0.12493 0.12468 0.12438 0.12387 0.00001 ( 1)  0.195  0.000
 262 D   0.12541 0.12525 0.12515 0.12506 0.12497 0.12487 0.12475 0.12453 0.00001 ( 1)  0.195  0.000
 263 L   0.12548 0.12530 0.12518 0.12507 0.12496 0.12485 0.12470 0.12445 0.00001 ( 1)  0.195  0.000
 264 D   0.12615 0.12571 0.12542 0.12517 0.12491 0.12464 0.12429 0.12370 0.00001 ( 1)  0.195  0.000
 265 A   0.12521 0.12513 0.12508 0.12503 0.12498 0.12493 0.12487 0.12476 0.00001 ( 1)  0.195  0.000
 266 F   0.12562 0.12538 0.12523 0.12509 0.12495 0.12480 0.12462 0.12430 0.00001 ( 1)  0.195  0.000
 267 K   0.12598 0.12561 0.12536 0.12514 0.12493 0.12469 0.12440 0.12389 0.00001 ( 1)  0.195  0.000
 268 D   0.12615 0.12571 0.12542 0.12517 0.12491 0.12464 0.12429 0.12370 0.00001 ( 1)  0.195  0.000
 269 I   0.12525 0.12516 0.12509 0.12504 0.12498 0.12492 0.12484 0.12471 0.00001 ( 1)  0.195  0.000
 270 I   0.12584 0.12552 0.12531 0.12512 0.12494 0.12473 0.12448 0.12404 0.00001 ( 1)  0.195  0.000
 271 E   0.12600 0.12562 0.12537 0.12515 0.12493 0.12468 0.12438 0.12387 0.00001 ( 1)  0.195  0.000
 272 A   0.12587 0.12554 0.12532 0.12513 0.12494 0.12473 0.12446 0.12402 0.00001 ( 1)  0.195  0.000
 273 S   0.12594 0.12559 0.12535 0.12514 0.12493 0.12470 0.12442 0.12393 0.00001 ( 1)  0.195  0.000
 274 V   0.12586 0.12554 0.12532 0.12513 0.12494 0.12473 0.12447 0.12402 0.00001 ( 1)  0.195  0.000
 275 R   0.07884 0.09620 0.10788 0.11815 0.12833 0.13952 0.15353 0.17748 0.00007 ( 8)  0.206  0.000
 276 A   0.12576 0.12547 0.12528 0.12511 0.12494 0.12476 0.12453 0.12413 0.00001 ( 1)  0.195  0.000
 277 M   0.12582 0.12551 0.12530 0.12512 0.12494 0.12474 0.12449 0.12407 0.00001 ( 1)  0.195  0.000
 278 K   0.12598 0.12561 0.12536 0.12514 0.12493 0.12469 0.12440 0.12389 0.00001 ( 1)  0.195  0.000
 279 S   0.12594 0.12559 0.12535 0.12514 0.12493 0.12470 0.12442 0.12393 0.00001 ( 1)  0.195  0.000
 280 H   0.12591 0.12556 0.12533 0.12513 0.12493 0.12471 0.12444 0.12397 0.00001 ( 1)  0.195  0.000
 281 L   0.12548 0.12530 0.12518 0.12507 0.12496 0.12485 0.12470 0.12445 0.00001 ( 1)  0.195  0.000
 282 D   0.12541 0.12525 0.12515 0.12506 0.12497 0.12487 0.12475 0.12453 0.00001 ( 1)  0.195  0.000
 283 E   0.12600 0.12562 0.12537 0.12515 0.12493 0.12468 0.12438 0.12387 0.00001 ( 1)  0.195  0.000
 284 H   0.12591 0.12556 0.12533 0.12513 0.12493 0.12471 0.12444 0.12397 0.00001 ( 1)  0.195  0.000
 285 K   0.12598 0.12561 0.12536 0.12514 0.12493 0.12469 0.12440 0.12389 0.00001 ( 1)  0.195  0.000
 286 A   0.12587 0.12554 0.12532 0.12513 0.12494 0.12473 0.12446 0.12402 0.00001 ( 1)  0.195  0.000
 287 G   0.12598 0.12561 0.12536 0.12514 0.12493 0.12469 0.12439 0.12388 0.00001 ( 1)  0.195  0.000
 288 S   0.12594 0.12559 0.12535 0.12514 0.12493 0.12470 0.12442 0.12393 0.00001 ( 1)  0.195  0.000
 289 A   0.12587 0.12554 0.12532 0.12513 0.12494 0.12473 0.12446 0.12402 0.00001 ( 1)  0.195  0.000
 290 N   0.12538 0.12523 0.12514 0.12505 0.12497 0.12488 0.12477 0.12457 0.00001 ( 1)  0.195  0.000
 291 S   0.12551 0.12532 0.12519 0.12507 0.12496 0.12484 0.12468 0.12442 0.00001 ( 1)  0.195  0.000
 292 S   0.12551 0.12532 0.12519 0.12507 0.12496 0.12484 0.12468 0.12442 0.00001 ( 1)  0.195  0.000
 293 G   0.12598 0.12561 0.12536 0.12514 0.12493 0.12469 0.12439 0.12388 0.00001 ( 1)  0.195  0.000
 294 S   0.12532 0.12520 0.12512 0.12505 0.12498 0.12490 0.12480 0.12463 0.00001 ( 1)  0.195  0.000
 295 S   0.12564 0.12540 0.12523 0.12509 0.12495 0.12480 0.12461 0.12428 0.00001 ( 1)  0.195  0.000
 296 K   0.12598 0.12561 0.12536 0.12514 0.12493 0.12469 0.12440 0.12389 0.00001 ( 1)  0.195  0.000
 297 K   0.12598 0.12561 0.12536 0.12514 0.12493 0.12469 0.12440 0.12389 0.00001 ( 1)  0.195  0.000
 298 R   0.12519 0.12512 0.12507 0.12503 0.12498 0.12494 0.12488 0.12478 0.00001 ( 1)  0.195  0.000
 299 R   0.12576 0.12547 0.12528 0.12511 0.12494 0.12476 0.12453 0.12414 0.00001 ( 1)  0.195  0.000
 300 N   0.12538 0.12523 0.12514 0.12505 0.12497 0.12488 0.12477 0.12457 0.00001 ( 1)  0.195  0.000
 301 R   0.12514 0.12509 0.12505 0.12502 0.12499 0.12495 0.12491 0.12484 0.00001 ( 1)  0.195  0.000
 302 Q   0.12562 0.12539 0.12523 0.12509 0.12495 0.12480 0.12461 0.12429 0.00001 ( 1)  0.195  0.000
 303 S   0.12528 0.12518 0.12510 0.12504 0.12498 0.12491 0.12482 0.12467 0.00001 ( 1)  0.195  0.000
 304 R   0.12562 0.12539 0.12523 0.12509 0.12495 0.12480 0.12462 0.12429 0.00001 ( 1)  0.195  0.000
 305 R   0.12519 0.12512 0.12507 0.12503 0.12498 0.12494 0.12488 0.12478 0.00001 ( 1)  0.195  0.000
 306 R   0.12514 0.12509 0.12505 0.12502 0.12499 0.12495 0.12491 0.12484 0.00001 ( 1)  0.195  0.000
 307 Q   0.12562 0.12539 0.12523 0.12509 0.12495 0.12480 0.12461 0.12429 0.00001 ( 1)  0.195  0.000
 308 K   0.12598 0.12561 0.12536 0.12514 0.12493 0.12469 0.12440 0.12389 0.00001 ( 1)  0.195  0.000
 309 R   0.12576 0.12547 0.12528 0.12511 0.12494 0.12476 0.12453 0.12414 0.00001 ( 1)  0.195  0.000
 310 S   0.12551 0.12532 0.12519 0.12507 0.12496 0.12484 0.12468 0.12442 0.00001 ( 1)  0.195  0.000
 311 T   0.12573 0.12546 0.12527 0.12511 0.12495 0.12477 0.12455 0.12417 0.00001 ( 1)  0.195  0.000
 312 D   0.12615 0.12571 0.12542 0.12517 0.12491 0.12464 0.12429 0.12370 0.00001 ( 1)  0.195  0.000
 313 G   0.12598 0.12561 0.12536 0.12514 0.12493 0.12469 0.12439 0.12388 0.00001 ( 1)  0.195  0.000
 314 K   0.12598 0.12561 0.12536 0.12514 0.12493 0.12469 0.12440 0.12389 0.00001 ( 1)  0.195  0.000
 315 G   0.12598 0.12561 0.12536 0.12514 0.12493 0.12469 0.12439 0.12388 0.00001 ( 1)  0.195  0.000
 316 G   0.12598 0.12561 0.12536 0.12514 0.12493 0.12469 0.12439 0.12388 0.00001 ( 1)  0.195  0.000
 317 Q   0.12562 0.12539 0.12523 0.12509 0.12495 0.12480 0.12461 0.12429 0.00001 ( 1)  0.195  0.000
 318 E   0.12600 0.12562 0.12537 0.12515 0.12493 0.12468 0.12438 0.12387 0.00001 ( 1)  0.195  0.000
 319 A   0.12587 0.12554 0.12532 0.12513 0.12494 0.12473 0.12446 0.12402 0.00001 ( 1)  0.195  0.000
 320 G   0.12523 0.12514 0.12509 0.12503 0.12498 0.12493 0.12485 0.12473 0.00001 ( 1)  0.195  0.000
 321 N   0.12614 0.12571 0.12542 0.12517 0.12491 0.12464 0.12430 0.12371 0.00001 ( 1)  0.195  0.000
 322 N   0.12614 0.12571 0.12542 0.12517 0.12491 0.12464 0.12430 0.12371 0.00001 ( 1)  0.195  0.000
 323 K   0.12598 0.12561 0.12536 0.12514 0.12493 0.12469 0.12440 0.12389 0.00001 ( 1)  0.195  0.000
 324 A   0.12587 0.12554 0.12532 0.12513 0.12494 0.12473 0.12446 0.12402 0.00001 ( 1)  0.195  0.000
 325 S   0.12594 0.12559 0.12535 0.12514 0.12493 0.12470 0.12442 0.12393 0.00001 ( 1)  0.195  0.000
 326 G   0.12598 0.12561 0.12536 0.12514 0.12493 0.12469 0.12439 0.12388 0.00001 ( 1)  0.195  0.000
 327 G   0.12598 0.12561 0.12536 0.12514 0.12493 0.12469 0.12439 0.12388 0.00001 ( 1)  0.195  0.000
 328 S   0.12594 0.12559 0.12535 0.12514 0.12493 0.12470 0.12442 0.12393 0.00001 ( 1)  0.195  0.000
 329 E   0.12600 0.12562 0.12537 0.12515 0.12493 0.12468 0.12438 0.12387 0.00001 ( 1)  0.195  0.000
 330 S   0.12564 0.12540 0.12523 0.12509 0.12495 0.12480 0.12461 0.12428 0.00001 ( 1)  0.195  0.000
 331 T   0.12521 0.12513 0.12508 0.12503 0.12498 0.12493 0.12487 0.12476 0.00001 ( 1)  0.195  0.000
 332 A   0.12587 0.12554 0.12532 0.12513 0.12494 0.12473 0.12446 0.12402 0.00001 ( 1)  0.195  0.000
 333 S   0.12594 0.12559 0.12535 0.12514 0.12493 0.12470 0.12442 0.12393 0.00001 ( 1)  0.195  0.000
 334 D   0.12615 0.12571 0.12542 0.12517 0.12491 0.12464 0.12429 0.12370 0.00001 ( 1)  0.195  0.000
 335 C   0.12565 0.12541 0.12524 0.12510 0.12495 0.12479 0.12460 0.12426 0.00001 ( 1)  0.195  0.000
 336 E   0.12600 0.12562 0.12537 0.12515 0.12493 0.12468 0.12438 0.12387 0.00001 ( 1)  0.195  0.000
 337 E   0.12600 0.12562 0.12537 0.12515 0.12493 0.12468 0.12438 0.12387 0.00001 ( 1)  0.195  0.000
 338 I   0.07930 0.09658 0.10816 0.11832 0.12839 0.13941 0.15317 0.17662 0.00006 ( 8)  0.206  0.000
 339 G   0.12598 0.12561 0.12536 0.12514 0.12493 0.12469 0.12439 0.12388 0.00001 ( 1)  0.195  0.000
 340 K   0.12536 0.12523 0.12513 0.12505 0.12497 0.12488 0.12477 0.12458 0.00001 ( 1)  0.195  0.000
 341 E   0.12600 0.12562 0.12537 0.12515 0.12493 0.12468 0.12438 0.12387 0.00001 ( 1)  0.195  0.000
 342 N   0.12614 0.12571 0.12542 0.12517 0.12491 0.12464 0.12430 0.12371 0.00001 ( 1)  0.195  0.000
 343 A   0.12587 0.12554 0.12532 0.12513 0.12494 0.12473 0.12446 0.12402 0.00001 ( 1)  0.195  0.000
 344 K   0.12598 0.12561 0.12536 0.12514 0.12493 0.12469 0.12440 0.12389 0.00001 ( 1)  0.195  0.000
 345 P   0.12516 0.12510 0.12506 0.12502 0.12499 0.12495 0.12490 0.12481 0.00001 ( 1)  0.195  0.000
 346 K   0.12598 0.12561 0.12536 0.12514 0.12493 0.12469 0.12440 0.12389 0.00001 ( 1)  0.195  0.000
 347 P   0.12560 0.12537 0.12522 0.12509 0.12496 0.12481 0.12463 0.12432 0.00001 ( 1)  0.195  0.000
 348 E   0.12600 0.12562 0.12537 0.12515 0.12493 0.12468 0.12438 0.12387 0.00001 ( 1)  0.195  0.000
 349 R   0.12514 0.12509 0.12505 0.12502 0.12499 0.12495 0.12491 0.12484 0.00001 ( 1)  0.195  0.000
 350 S   0.12594 0.12559 0.12535 0.12514 0.12493 0.12470 0.12442 0.12393 0.00001 ( 1)  0.195  0.000
 351 D   0.12615 0.12571 0.12542 0.12517 0.12491 0.12464 0.12429 0.12370 0.00001 ( 1)  0.195  0.000
 352 N   0.12614 0.12571 0.12542 0.12517 0.12491 0.12464 0.12430 0.12371 0.00001 ( 1)  0.195  0.000
 353 D   0.12615 0.12571 0.12542 0.12517 0.12491 0.12464 0.12429 0.12370 0.00001 ( 1)  0.195  0.000
 354 T   0.12573 0.12546 0.12527 0.12511 0.12495 0.12477 0.12455 0.12417 0.00001 ( 1)  0.195  0.000
 355 T   0.12573 0.12546 0.12527 0.12511 0.12495 0.12477 0.12455 0.12417 0.00001 ( 1)  0.195  0.000
 356 V   0.12586 0.12554 0.12532 0.12513 0.12494 0.12473 0.12447 0.12402 0.00001 ( 1)  0.195  0.000
 357 G   0.12598 0.12561 0.12536 0.12514 0.12493 0.12469 0.12439 0.12388 0.00001 ( 1)  0.195  0.000
 358 K   0.12598 0.12561 0.12536 0.12514 0.12493 0.12469 0.12440 0.12389 0.00001 ( 1)  0.195  0.000
 359 E   0.12600 0.12562 0.12537 0.12515 0.12493 0.12468 0.12438 0.12387 0.00001 ( 1)  0.195  0.000
 360 D   0.12577 0.12548 0.12528 0.12511 0.12494 0.12475 0.12452 0.12412 0.00001 ( 1)  0.195  0.000
 361 A   0.12587 0.12554 0.12532 0.12513 0.12494 0.12473 0.12446 0.12402 0.00001 ( 1)  0.195  0.000
 362 V   0.12576 0.12547 0.12528 0.12511 0.12494 0.12476 0.12453 0.12414 0.00001 ( 1)  0.195  0.000
 363 V   0.12586 0.12554 0.12532 0.12513 0.12494 0.12473 0.12447 0.12402 0.00001 ( 1)  0.195  0.000
 364 E   0.12540 0.12525 0.12515 0.12506 0.12497 0.12487 0.12475 0.12454 0.00001 ( 1)  0.195  0.000
 365 E   0.12600 0.12562 0.12537 0.12515 0.12493 0.12468 0.12438 0.12387 0.00001 ( 1)  0.195  0.000
 366 S   0.12551 0.12532 0.12519 0.12507 0.12496 0.12484 0.12468 0.12442 0.00001 ( 1)  0.195  0.000
 367 K   0.12598 0.12561 0.12536 0.12514 0.12493 0.12469 0.12440 0.12389 0.00001 ( 1)  0.195  0.000
 368 K   0.12536 0.12523 0.12513 0.12505 0.12497 0.12488 0.12477 0.12458 0.00001 ( 1)  0.195  0.000
 369 D   0.12541 0.12525 0.12515 0.12506 0.12497 0.12487 0.12475 0.12453 0.00001 ( 1)  0.195  0.000
 370 Q   0.12526 0.12516 0.12510 0.12504 0.12498 0.12492 0.12483 0.12470 0.00001 ( 1)  0.195  0.000
 371 E   0.12540 0.12525 0.12515 0.12506 0.12497 0.12487 0.12475 0.12454 0.00001 ( 1)  0.195  0.000
 372 E   0.12600 0.12562 0.12537 0.12515 0.12493 0.12468 0.12438 0.12387 0.00001 ( 1)  0.195  0.000
 373 Q   0.07901 0.09634 0.10798 0.11821 0.12835 0.13948 0.15340 0.17717 0.00006 ( 8)  0.206  0.000
 374 K   0.12598 0.12561 0.12536 0.12514 0.12493 0.12469 0.12440 0.12389 0.00001 ( 1)  0.195  0.000
 375 K   0.12598 0.12561 0.12536 0.12514 0.12493 0.12469 0.12440 0.12389 0.00001 ( 1)  0.195  0.000
 376 A   0.12587 0.12554 0.12532 0.12513 0.12494 0.12473 0.12446 0.12402 0.00001 ( 1)  0.195  0.000
 377 D   0.12615 0.12571 0.12542 0.12517 0.12491 0.12464 0.12429 0.12370 0.00001 ( 1)  0.195  0.000
 378 D   0.12615 0.12571 0.12542 0.12517 0.12491 0.12464 0.12429 0.12370 0.00001 ( 1)  0.195  0.000
 379 K   0.12536 0.12523 0.12513 0.12505 0.12497 0.12488 0.12477 0.12458 0.00001 ( 1)  0.195  0.000
 380 E   0.12540 0.12525 0.12515 0.12506 0.12497 0.12487 0.12475 0.12454 0.00001 ( 1)  0.195  0.000
 381 A   0.12576 0.12547 0.12528 0.12511 0.12494 0.12476 0.12453 0.12413 0.00001 ( 1)  0.195  0.000
 382 S   0.12564 0.12540 0.12523 0.12509 0.12495 0.12480 0.12461 0.12428 0.00001 ( 1)  0.195  0.000
 383 G   0.12598 0.12561 0.12536 0.12514 0.12493 0.12469 0.12439 0.12388 0.00001 ( 1)  0.195  0.000
 384 D   0.12615 0.12571 0.12542 0.12517 0.12491 0.12464 0.12429 0.12370 0.00001 ( 1)  0.195  0.000
 385 L   0.07879 0.09616 0.10784 0.11812 0.12833 0.13953 0.15357 0.17759 0.00007 ( 8)  0.207  0.000
 386 T   0.12520 0.12513 0.12507 0.12503 0.12498 0.12493 0.12487 0.12477 0.00001 ( 1)  0.195  0.000
 387 A   0.12576 0.12547 0.12528 0.12511 0.12494 0.12476 0.12453 0.12413 0.00001 ( 1)  0.195  0.000
 388 A   0.12522 0.12514 0.12508 0.12503 0.12498 0.12493 0.12486 0.12475 0.00001 ( 1)  0.195  0.000
 389 P   0.12517 0.12511 0.12506 0.12502 0.12499 0.12494 0.12489 0.12480 0.00001 ( 1)  0.195  0.000
 390 P   0.12516 0.12510 0.12506 0.12502 0.12499 0.12495 0.12490 0.12481 0.00001 ( 1)  0.195  0.000
 391 A   0.12587 0.12554 0.12532 0.12513 0.12494 0.12473 0.12446 0.12402 0.00001 ( 1)  0.195  0.000
 392 S   0.12513 0.12508 0.12505 0.12502 0.12499 0.12496 0.12492 0.12485 0.00001 ( 1)  0.195  0.000
 393 A   0.12587 0.12554 0.12532 0.12513 0.12494 0.12473 0.12446 0.12402 0.00001 ( 1)  0.195  0.000
 394 A   0.12587 0.12554 0.12532 0.12513 0.12494 0.12473 0.12446 0.12402 0.00001 ( 1)  0.195  0.000
 395 S   0.12594 0.12559 0.12535 0.12514 0.12493 0.12470 0.12442 0.12393 0.00001 ( 1)  0.195  0.000
 396 E   0.12600 0.12562 0.12537 0.12515 0.12493 0.12468 0.12438 0.12387 0.00001 ( 1)  0.195  0.000

Positively selected sites

	Prob(w>1)  mean w



lnL = -1614.746739

Bayes Empirical Bayes (BEB) probabilities for 11 classes (class) & postmean_w
(amino acids refer to 1st sequence: Msl.13287)

   1 M   0.64032 0.08426 0.05568 0.04180 0.03305 0.02676 0.02184 0.01777 0.01431 0.01374 0.05046 ( 1)  0.292 +-  0.712
   2 S   0.62935 0.08321 0.05535 0.04183 0.03331 0.02715 0.02232 0.01829 0.01483 0.01434 0.06003 ( 1)  0.332 +-  0.839
   3 Y   0.63022 0.08329 0.05538 0.04184 0.03329 0.02713 0.02228 0.01825 0.01479 0.01429 0.05924 ( 1)  0.329 +-  0.829
   4 R   0.63932 0.08417 0.05565 0.04181 0.03308 0.02680 0.02189 0.01782 0.01436 0.01380 0.05131 ( 1)  0.295 +-  0.724
   5 Y   0.64029 0.08426 0.05568 0.04180 0.03305 0.02676 0.02184 0.01777 0.01431 0.01374 0.05050 ( 1)  0.292 +-  0.713
   6 F   0.62975 0.08325 0.05537 0.04184 0.03330 0.02714 0.02230 0.01827 0.01481 0.01432 0.05966 ( 1)  0.331 +-  0.834
   7 H   0.63211 0.08348 0.05544 0.04184 0.03325 0.02707 0.02221 0.01817 0.01471 0.01420 0.05752 ( 1)  0.321 +-  0.805
   8 S   0.63535 0.08379 0.05554 0.04183 0.03318 0.02695 0.02207 0.01802 0.01456 0.01403 0.05467 ( 1)  0.309 +-  0.768
   9 Q   0.63717 0.08396 0.05559 0.04182 0.03313 0.02688 0.02199 0.01793 0.01447 0.01392 0.05314 ( 1)  0.303 +-  0.748
  10 R   0.63932 0.08417 0.05565 0.04181 0.03308 0.02680 0.02189 0.01782 0.01436 0.01380 0.05131 ( 1)  0.295 +-  0.724
  11 R   0.63932 0.08417 0.05565 0.04181 0.03308 0.02680 0.02189 0.01782 0.01436 0.01380 0.05131 ( 1)  0.295 +-  0.724
  12 S   0.62881 0.08315 0.05533 0.04183 0.03331 0.02717 0.02234 0.01831 0.01485 0.01436 0.06053 ( 1)  0.335 +-  0.846
  13 S   0.64212 0.08443 0.05573 0.04178 0.03300 0.02668 0.02175 0.01768 0.01422 0.01364 0.04900 ( 1)  0.286 +-  0.693
  14 N   0.64469 0.08466 0.05577 0.04173 0.03289 0.02654 0.02160 0.01752 0.01406 0.01346 0.04708 ( 1)  0.278 +-  0.672
  15 N   0.64469 0.08466 0.05577 0.04173 0.03289 0.02654 0.02160 0.01752 0.01406 0.01346 0.04708 ( 1)  0.278 +-  0.672
  16 N   0.64469 0.08466 0.05577 0.04173 0.03289 0.02654 0.02160 0.01752 0.01406 0.01346 0.04708 ( 1)  0.278 +-  0.672
  17 C   0.63775 0.08402 0.05562 0.04182 0.03313 0.02687 0.02197 0.01791 0.01445 0.01390 0.05259 ( 1)  0.300 +-  0.740
  18 Y   0.64029 0.08426 0.05568 0.04180 0.03305 0.02676 0.02184 0.01777 0.01431 0.01374 0.05050 ( 1)  0.292 +-  0.713
  19 Y   0.63022 0.08329 0.05538 0.04184 0.03329 0.02713 0.02228 0.01825 0.01479 0.01429 0.05924 ( 1)  0.329 +-  0.829
  20 G   0.64266 0.08448 0.05573 0.04177 0.03297 0.02665 0.02171 0.01764 0.01418 0.01360 0.04862 ( 1)  0.284 +-  0.690
  21 M   0.64032 0.08426 0.05568 0.04180 0.03305 0.02676 0.02184 0.01777 0.01431 0.01374 0.05046 ( 1)  0.292 +-  0.712
  22 A   0.63041 0.08331 0.05539 0.04183 0.03329 0.02712 0.02227 0.01824 0.01478 0.01428 0.05907 ( 1)  0.328 +-  0.826
  23 Y   0.63022 0.08329 0.05538 0.04184 0.03329 0.02713 0.02228 0.01825 0.01479 0.01429 0.05924 ( 1)  0.329 +-  0.829
  24 P   0.63674 0.08392 0.05558 0.04182 0.03314 0.02690 0.02201 0.01795 0.01449 0.01395 0.05351 ( 1)  0.304 +-  0.753
  25 Q   0.63717 0.08396 0.05559 0.04182 0.03313 0.02688 0.02199 0.01793 0.01447 0.01392 0.05314 ( 1)  0.303 +-  0.748
  26 P   0.63674 0.08392 0.05558 0.04182 0.03314 0.02690 0.02201 0.01795 0.01449 0.01395 0.05351 ( 1)  0.304 +-  0.753
  27 E   0.64261 0.08447 0.05572 0.04175 0.03296 0.02664 0.02170 0.01763 0.01417 0.01359 0.04877 ( 1)  0.285 +-  0.695
  28 Q   0.63717 0.08396 0.05559 0.04182 0.03313 0.02688 0.02199 0.01793 0.01447 0.01392 0.05314 ( 1)  0.303 +-  0.748
  29 P   0.63802 0.08404 0.05562 0.04181 0.03311 0.02685 0.02195 0.01789 0.01443 0.01387 0.05243 ( 1)  0.300 +-  0.739
  30 M   0.64032 0.08426 0.05568 0.04180 0.03305 0.02676 0.02184 0.01777 0.01431 0.01374 0.05046 ( 1)  0.292 +-  0.712
  31 H   0.64141 0.08436 0.05570 0.04178 0.03301 0.02670 0.02177 0.01770 0.01425 0.01367 0.04966 ( 1)  0.289 +-  0.704
  32 Y   0.64029 0.08426 0.05568 0.04180 0.03305 0.02676 0.02184 0.01777 0.01431 0.01374 0.05050 ( 1)  0.292 +-  0.713
  33 N   0.63316 0.08358 0.05548 0.04184 0.03323 0.02703 0.02217 0.01812 0.01466 0.01414 0.05659 ( 1)  0.317 +-  0.793
  34 G   0.64266 0.08448 0.05573 0.04177 0.03297 0.02665 0.02171 0.01764 0.01418 0.01360 0.04862 ( 1)  0.284 +-  0.690
  35 Y   0.64029 0.08426 0.05568 0.04180 0.03305 0.02676 0.02184 0.01777 0.01431 0.01374 0.05050 ( 1)  0.292 +-  0.713
  36 F   0.62975 0.08325 0.05537 0.04184 0.03330 0.02714 0.02230 0.01827 0.01481 0.01432 0.05966 ( 1)  0.331 +-  0.834
  37 I   0.64064 0.08429 0.05569 0.04179 0.03304 0.02674 0.02182 0.01775 0.01429 0.01372 0.05021 ( 1)  0.291 +-  0.709
  38 Y   0.64029 0.08426 0.05568 0.04180 0.03305 0.02676 0.02184 0.01777 0.01431 0.01374 0.05050 ( 1)  0.292 +-  0.713
  39 Q   0.63717 0.08396 0.05559 0.04182 0.03313 0.02688 0.02199 0.01793 0.01447 0.01392 0.05314 ( 1)  0.303 +-  0.748
  40 H   0.63211 0.08348 0.05544 0.04184 0.03325 0.02707 0.02221 0.01817 0.01471 0.01420 0.05752 ( 1)  0.321 +-  0.805
  41 P   0.63674 0.08392 0.05558 0.04182 0.03314 0.02690 0.02201 0.01795 0.01449 0.01395 0.05351 ( 1)  0.304 +-  0.753
  42 L   0.63791 0.08403 0.05562 0.04181 0.03312 0.02685 0.02195 0.01789 0.01443 0.01388 0.05249 ( 1)  0.300 +-  0.739
  43 E   0.64261 0.08447 0.05572 0.04175 0.03296 0.02664 0.02170 0.01763 0.01417 0.01359 0.04877 ( 1)  0.285 +-  0.695
  44 M   0.64032 0.08426 0.05568 0.04180 0.03305 0.02676 0.02184 0.01777 0.01431 0.01374 0.05046 ( 1)  0.292 +-  0.712
  45 E   0.64261 0.08447 0.05572 0.04175 0.03296 0.02664 0.02170 0.01763 0.01417 0.01359 0.04877 ( 1)  0.285 +-  0.695
  46 Y   0.64029 0.08426 0.05568 0.04180 0.03305 0.02676 0.02184 0.01777 0.01431 0.01374 0.05050 ( 1)  0.292 +-  0.713
  47 Q   0.63717 0.08396 0.05559 0.04182 0.03313 0.02688 0.02199 0.01793 0.01447 0.01392 0.05314 ( 1)  0.303 +-  0.748
  48 R   0.63115 0.08338 0.05541 0.04184 0.03327 0.02710 0.02225 0.01821 0.01475 0.01425 0.05839 ( 1)  0.325 +-  0.817
  49 S   0.64212 0.08443 0.05573 0.04178 0.03300 0.02668 0.02175 0.01768 0.01422 0.01364 0.04900 ( 1)  0.286 +-  0.693
  50 R   0.62899 0.08317 0.05534 0.04183 0.03331 0.02716 0.02233 0.01830 0.01484 0.01435 0.06036 ( 1)  0.334 +-  0.844
  51 P   0.63674 0.08392 0.05558 0.04182 0.03314 0.02690 0.02201 0.01795 0.01449 0.01395 0.05351 ( 1)  0.304 +-  0.753
  52 A   0.63041 0.08331 0.05539 0.04183 0.03329 0.02712 0.02227 0.01824 0.01478 0.01428 0.05907 ( 1)  0.328 +-  0.826
  53 K   0.64243 0.08445 0.05572 0.04176 0.03297 0.02665 0.02172 0.01765 0.01419 0.01361 0.04885 ( 1)  0.285 +-  0.694
  54 L   0.63488 0.08374 0.05553 0.04183 0.03319 0.02697 0.02209 0.01804 0.01458 0.01405 0.05509 ( 1)  0.311 +-  0.774
  55 S   0.63535 0.08379 0.05554 0.04183 0.03318 0.02695 0.02207 0.01802 0.01456 0.01403 0.05467 ( 1)  0.309 +-  0.768
  56 P   0.63802 0.08404 0.05562 0.04181 0.03311 0.02685 0.02195 0.01789 0.01443 0.01387 0.05243 ( 1)  0.300 +-  0.739
  57 R   0.63932 0.08417 0.05565 0.04181 0.03308 0.02680 0.02189 0.01782 0.01436 0.01380 0.05131 ( 1)  0.295 +-  0.724
  58 V   0.63040 0.08331 0.05539 0.04184 0.03329 0.02712 0.02228 0.01824 0.01478 0.01429 0.05907 ( 1)  0.328 +-  0.826
  59 L   0.63488 0.08374 0.05553 0.04183 0.03319 0.02697 0.02209 0.01804 0.01458 0.01405 0.05509 ( 1)  0.311 +-  0.774
  60 N   0.64469 0.08466 0.05577 0.04173 0.03289 0.02654 0.02160 0.01752 0.01406 0.01346 0.04708 ( 1)  0.278 +-  0.672
  61 R   0.62899 0.08317 0.05534 0.04183 0.03331 0.02716 0.02233 0.01830 0.01484 0.01435 0.06036 ( 1)  0.334 +-  0.844
  62 R   0.63932 0.08417 0.05565 0.04181 0.03308 0.02680 0.02189 0.01782 0.01436 0.01380 0.05131 ( 1)  0.295 +-  0.724
  63 F   0.63717 0.08396 0.05560 0.04182 0.03314 0.02689 0.02199 0.01793 0.01447 0.01393 0.05308 ( 1)  0.302 +-  0.746
  64 K   0.64243 0.08445 0.05572 0.04176 0.03297 0.02665 0.02172 0.01765 0.01419 0.01361 0.04885 ( 1)  0.285 +-  0.694
  65 K   0.63294 0.08356 0.05547 0.04184 0.03324 0.02704 0.02218 0.01813 0.01467 0.01416 0.05678 ( 1)  0.318 +-  0.796
  66 V   0.63579 0.08383 0.05555 0.04182 0.03316 0.02693 0.02204 0.01799 0.01453 0.01400 0.05435 ( 1)  0.308 +-  0.765
  67 T   0.64040 0.08427 0.05568 0.04179 0.03304 0.02675 0.02183 0.01776 0.01430 0.01373 0.05045 ( 1)  0.292 +-  0.714
  68 I   0.64064 0.08429 0.05569 0.04179 0.03304 0.02674 0.02182 0.01775 0.01429 0.01372 0.05021 ( 1)  0.291 +-  0.709
  69 Q   0.63717 0.08396 0.05559 0.04182 0.03313 0.02688 0.02199 0.01793 0.01447 0.01392 0.05314 ( 1)  0.303 +-  0.748
  70 L   0.63488 0.08374 0.05553 0.04183 0.03319 0.02697 0.02209 0.01804 0.01458 0.01405 0.05509 ( 1)  0.311 +-  0.774
  71 N   0.64469 0.08466 0.05577 0.04173 0.03289 0.02654 0.02160 0.01752 0.01406 0.01346 0.04708 ( 1)  0.278 +-  0.672
  72 E   0.64261 0.08447 0.05572 0.04175 0.03296 0.02664 0.02170 0.01763 0.01417 0.01359 0.04877 ( 1)  0.285 +-  0.695
  73 N   0.64469 0.08466 0.05577 0.04173 0.03289 0.02654 0.02160 0.01752 0.01406 0.01346 0.04708 ( 1)  0.278 +-  0.672
  74 R   0.62899 0.08317 0.05534 0.04183 0.03331 0.02716 0.02233 0.01830 0.01484 0.01435 0.06036 ( 1)  0.334 +-  0.844
  75 V   0.64084 0.08431 0.05569 0.04179 0.03303 0.02673 0.02181 0.01774 0.01428 0.01371 0.05010 ( 1)  0.290 +-  0.709
  76 L   0.63791 0.08403 0.05562 0.04181 0.03312 0.02685 0.02195 0.01789 0.01443 0.01388 0.05249 ( 1)  0.300 +-  0.739
  77 V   0.63929 0.08416 0.05565 0.04180 0.03307 0.02680 0.02188 0.01782 0.01436 0.01380 0.05136 ( 1)  0.295 +-  0.725
  78 V   0.64084 0.08431 0.05569 0.04179 0.03303 0.02673 0.02181 0.01774 0.01428 0.01371 0.05010 ( 1)  0.290 +-  0.709
  79 S   0.64212 0.08443 0.05573 0.04178 0.03300 0.02668 0.02175 0.01768 0.01422 0.01364 0.04900 ( 1)  0.286 +-  0.693
  80 V   0.64084 0.08431 0.05569 0.04179 0.03303 0.02673 0.02181 0.01774 0.01428 0.01371 0.05010 ( 1)  0.290 +-  0.709
  81 A   0.63041 0.08331 0.05539 0.04183 0.03329 0.02712 0.02227 0.01824 0.01478 0.01428 0.05907 ( 1)  0.328 +-  0.826
  82 V   0.63040 0.08331 0.05539 0.04183 0.03329 0.02712 0.02227 0.01824 0.01478 0.01428 0.05908 ( 1)  0.328 +-  0.827
  83 G   0.64266 0.08448 0.05573 0.04177 0.03297 0.02665 0.02171 0.01764 0.01418 0.01360 0.04862 ( 1)  0.284 +-  0.690
  84 K   0.64243 0.08445 0.05572 0.04176 0.03297 0.02665 0.02172 0.01765 0.01419 0.01361 0.04885 ( 1)  0.285 +-  0.694
  85 G   0.64266 0.08448 0.05573 0.04177 0.03297 0.02665 0.02171 0.01764 0.01418 0.01360 0.04862 ( 1)  0.284 +-  0.690
  86 N   0.64469 0.08466 0.05577 0.04173 0.03289 0.02654 0.02160 0.01752 0.01406 0.01346 0.04708 ( 1)  0.278 +-  0.672
  87 K   0.64243 0.08445 0.05572 0.04176 0.03297 0.02665 0.02172 0.01765 0.01419 0.01361 0.04885 ( 1)  0.285 +-  0.694
  88 P   0.63674 0.08392 0.05558 0.04182 0.03314 0.02690 0.02201 0.01795 0.01449 0.01395 0.05351 ( 1)  0.304 +-  0.753
  89 S   0.64212 0.08443 0.05573 0.04178 0.03300 0.02668 0.02175 0.01768 0.01422 0.01364 0.04900 ( 1)  0.286 +-  0.693
  90 L   0.63205 0.08347 0.05544 0.04184 0.03326 0.02707 0.02221 0.01817 0.01471 0.01420 0.05758 ( 1)  0.322 +-  0.806
  91 V   0.63929 0.08416 0.05565 0.04180 0.03307 0.02680 0.02188 0.01782 0.01436 0.01380 0.05136 ( 1)  0.295 +-  0.725
  92 F   0.63717 0.08396 0.05560 0.04182 0.03314 0.02689 0.02199 0.01793 0.01447 0.01393 0.05308 ( 1)  0.302 +-  0.746
  93 S   0.63535 0.08379 0.05554 0.04183 0.03318 0.02695 0.02207 0.01802 0.01456 0.01403 0.05467 ( 1)  0.309 +-  0.768
  94 Q   0.63717 0.08396 0.05559 0.04182 0.03313 0.02688 0.02199 0.01793 0.01447 0.01392 0.05314 ( 1)  0.303 +-  0.748
  95 C   0.63775 0.08402 0.05562 0.04182 0.03313 0.02687 0.02197 0.01791 0.01445 0.01390 0.05259 ( 1)  0.300 +-  0.740
  96 E   0.64261 0.08447 0.05572 0.04175 0.03296 0.02664 0.02170 0.01763 0.01417 0.01359 0.04877 ( 1)  0.285 +-  0.695
  97 G   0.64266 0.08448 0.05573 0.04177 0.03297 0.02665 0.02171 0.01764 0.01418 0.01360 0.04862 ( 1)  0.284 +-  0.690
  98 S   0.63745 0.08399 0.05561 0.04182 0.03313 0.02688 0.02198 0.01792 0.01446 0.01391 0.05286 ( 1)  0.301 +-  0.744
  99 Y   0.64029 0.08426 0.05568 0.04180 0.03305 0.02676 0.02184 0.01777 0.01431 0.01374 0.05050 ( 1)  0.292 +-  0.713
 100 E   0.64261 0.08447 0.05572 0.04175 0.03296 0.02664 0.02170 0.01763 0.01417 0.01359 0.04877 ( 1)  0.285 +-  0.695
 101 N   0.63316 0.08358 0.05548 0.04184 0.03323 0.02703 0.02217 0.01812 0.01466 0.01414 0.05659 ( 1)  0.317 +-  0.793
 102 R   0.62899 0.08317 0.05534 0.04183 0.03331 0.02716 0.02233 0.01830 0.01484 0.01435 0.06036 ( 1)  0.334 +-  0.844
 103 T   0.63027 0.08330 0.05538 0.04184 0.03329 0.02712 0.02228 0.01825 0.01479 0.01429 0.05919 ( 1)  0.329 +-  0.828
 104 S   0.64212 0.08443 0.05573 0.04178 0.03300 0.02668 0.02175 0.01768 0.01422 0.01364 0.04900 ( 1)  0.286 +-  0.693
 105 S   0.63535 0.08379 0.05554 0.04183 0.03318 0.02695 0.02207 0.01802 0.01456 0.01403 0.05467 ( 1)  0.309 +-  0.768
 106 V   0.64084 0.08431 0.05569 0.04179 0.03303 0.02673 0.02181 0.01774 0.01428 0.01371 0.05010 ( 1)  0.290 +-  0.709
 107 N   0.13087 0.04540 0.04855 0.04991 0.04984 0.04856 0.04622 0.04290 0.03876 0.04070 0.45828 (11)  1.909 +-  2.237
 108 I   0.63098 0.08337 0.05541 0.04184 0.03328 0.02710 0.02225 0.01822 0.01476 0.01426 0.05854 ( 1)  0.326 +-  0.819
 109 P   0.63674 0.08392 0.05558 0.04182 0.03314 0.02690 0.02201 0.01795 0.01449 0.01395 0.05351 ( 1)  0.304 +-  0.753
 110 E   0.64261 0.08447 0.05572 0.04175 0.03296 0.02664 0.02170 0.01763 0.01417 0.01359 0.04877 ( 1)  0.285 +-  0.695
 111 A   0.64079 0.08430 0.05568 0.04178 0.03302 0.02672 0.02180 0.01773 0.01428 0.01370 0.05018 ( 1)  0.291 +-  0.712
 112 L   0.62881 0.08315 0.05533 0.04183 0.03331 0.02717 0.02234 0.01831 0.01485 0.01436 0.06053 ( 1)  0.335 +-  0.846
 113 V   0.64084 0.08431 0.05569 0.04179 0.03303 0.02673 0.02181 0.01774 0.01428 0.01371 0.05010 ( 1)  0.290 +-  0.709
 114 V   0.63929 0.08416 0.05565 0.04180 0.03307 0.02680 0.02188 0.01782 0.01436 0.01380 0.05136 ( 1)  0.295 +-  0.725
 115 P   0.63674 0.08392 0.05558 0.04182 0.03314 0.02690 0.02201 0.01795 0.01449 0.01395 0.05351 ( 1)  0.304 +-  0.753
 116 F   0.63717 0.08396 0.05560 0.04182 0.03314 0.02689 0.02199 0.01793 0.01447 0.01393 0.05308 ( 1)  0.302 +-  0.746
 117 I   0.64064 0.08429 0.05569 0.04179 0.03304 0.02674 0.02182 0.01775 0.01429 0.01372 0.05021 ( 1)  0.291 +-  0.709
 118 Q   0.63717 0.08396 0.05559 0.04182 0.03313 0.02688 0.02199 0.01793 0.01447 0.01392 0.05314 ( 1)  0.303 +-  0.748
 119 Q   0.63717 0.08396 0.05559 0.04182 0.03313 0.02688 0.02199 0.01793 0.01447 0.01392 0.05314 ( 1)  0.303 +-  0.748
 120 L   0.63488 0.08374 0.05553 0.04183 0.03319 0.02697 0.02209 0.01804 0.01458 0.01405 0.05509 ( 1)  0.311 +-  0.774
 121 H   0.64141 0.08436 0.05570 0.04178 0.03301 0.02670 0.02177 0.01770 0.01425 0.01367 0.04966 ( 1)  0.289 +-  0.704
 122 K   0.64243 0.08445 0.05572 0.04176 0.03297 0.02665 0.02172 0.01765 0.01419 0.01361 0.04885 ( 1)  0.285 +-  0.694
 123 L   0.63488 0.08374 0.05553 0.04183 0.03319 0.02697 0.02209 0.01804 0.01458 0.01405 0.05509 ( 1)  0.311 +-  0.774
 124 S   0.63535 0.08379 0.05554 0.04183 0.03318 0.02695 0.02207 0.01802 0.01456 0.01403 0.05467 ( 1)  0.309 +-  0.768
 125 K   0.64243 0.08445 0.05572 0.04176 0.03297 0.02665 0.02172 0.01765 0.01419 0.01361 0.04885 ( 1)  0.285 +-  0.694
 126 W   0.63336 0.08360 0.05548 0.04184 0.03323 0.02703 0.02216 0.01811 0.01465 0.01413 0.05641 ( 1)  0.316 +-  0.791
 127 R   0.62899 0.08317 0.05534 0.04183 0.03331 0.02716 0.02233 0.01830 0.01484 0.01435 0.06036 ( 1)  0.334 +-  0.844
 128 P   0.63674 0.08392 0.05558 0.04182 0.03314 0.02690 0.02201 0.01795 0.01449 0.01395 0.05351 ( 1)  0.304 +-  0.753
 129 S   0.63745 0.08399 0.05561 0.04182 0.03313 0.02688 0.02198 0.01792 0.01446 0.01391 0.05286 ( 1)  0.301 +-  0.744
 130 T   0.63027 0.08330 0.05538 0.04184 0.03329 0.02712 0.02228 0.01825 0.01479 0.01429 0.05919 ( 1)  0.329 +-  0.828
 131 S   0.62935 0.08321 0.05535 0.04183 0.03331 0.02715 0.02232 0.01829 0.01483 0.01434 0.06003 ( 1)  0.332 +-  0.839
 132 G   0.64266 0.08448 0.05573 0.04177 0.03297 0.02665 0.02171 0.01764 0.01418 0.01360 0.04862 ( 1)  0.284 +-  0.690
 133 S   0.64212 0.08443 0.05573 0.04178 0.03300 0.02668 0.02175 0.01768 0.01422 0.01364 0.04900 ( 1)  0.286 +-  0.693
 134 L   0.63488 0.08374 0.05553 0.04183 0.03319 0.02697 0.02209 0.01804 0.01458 0.01405 0.05509 ( 1)  0.311 +-  0.774
 135 P   0.62940 0.08321 0.05535 0.04183 0.03330 0.02715 0.02231 0.01828 0.01483 0.01434 0.05999 ( 1)  0.332 +-  0.839
 136 A   0.64079 0.08430 0.05568 0.04178 0.03302 0.02672 0.02180 0.01773 0.01428 0.01370 0.05018 ( 1)  0.291 +-  0.712
 137 S   0.64212 0.08443 0.05573 0.04178 0.03300 0.02668 0.02175 0.01768 0.01422 0.01364 0.04900 ( 1)  0.286 +-  0.693
 138 Q   0.63717 0.08396 0.05559 0.04182 0.03313 0.02688 0.02199 0.01793 0.01447 0.01392 0.05314 ( 1)  0.303 +-  0.748
 139 G   0.64266 0.08448 0.05573 0.04177 0.03297 0.02665 0.02171 0.01764 0.01418 0.01360 0.04862 ( 1)  0.284 +-  0.690
 140 L   0.63791 0.08403 0.05562 0.04181 0.03312 0.02685 0.02195 0.01789 0.01443 0.01388 0.05249 ( 1)  0.300 +-  0.739
 141 S   0.64212 0.08443 0.05573 0.04178 0.03300 0.02668 0.02175 0.01768 0.01422 0.01364 0.04900 ( 1)  0.286 +-  0.693
 142 H   0.64141 0.08436 0.05570 0.04178 0.03301 0.02670 0.02177 0.01770 0.01425 0.01367 0.04966 ( 1)  0.289 +-  0.704
 143 E   0.64261 0.08447 0.05572 0.04175 0.03296 0.02664 0.02170 0.01763 0.01417 0.01359 0.04877 ( 1)  0.285 +-  0.695
 144 D   0.64472 0.08466 0.05576 0.04172 0.03288 0.02653 0.02158 0.01751 0.01405 0.01345 0.04714 ( 1)  0.279 +-  0.675
 145 T   0.63889 0.08412 0.05564 0.04181 0.03309 0.02681 0.02190 0.01784 0.01438 0.01382 0.05169 ( 1)  0.297 +-  0.729
 146 V   0.63929 0.08416 0.05565 0.04180 0.03307 0.02680 0.02188 0.01782 0.01436 0.01380 0.05136 ( 1)  0.295 +-  0.725
 147 F   0.63717 0.08396 0.05560 0.04182 0.03314 0.02689 0.02199 0.01793 0.01447 0.01393 0.05308 ( 1)  0.302 +-  0.746
 148 R   0.63115 0.08338 0.05541 0.04184 0.03327 0.02710 0.02225 0.01821 0.01475 0.01425 0.05839 ( 1)  0.325 +-  0.817
 149 A   0.63926 0.08416 0.05565 0.04180 0.03307 0.02679 0.02188 0.01782 0.01436 0.01380 0.05143 ( 1)  0.296 +-  0.727
 150 L   0.63488 0.08374 0.05553 0.04183 0.03319 0.02697 0.02209 0.01804 0.01458 0.01405 0.05509 ( 1)  0.311 +-  0.774
 151 L   0.12001 0.04231 0.04555 0.04712 0.04731 0.04636 0.04436 0.04138 0.03758 0.03969 0.48832 (11)  2.044 +-  2.311
 152 A   0.64079 0.08430 0.05568 0.04178 0.03302 0.02672 0.02180 0.01773 0.01428 0.01370 0.05018 ( 1)  0.291 +-  0.712
 153 C   0.63775 0.08402 0.05562 0.04182 0.03313 0.02687 0.02197 0.01791 0.01445 0.01390 0.05259 ( 1)  0.300 +-  0.740
 154 Q   0.63717 0.08396 0.05559 0.04182 0.03313 0.02688 0.02199 0.01793 0.01447 0.01392 0.05314 ( 1)  0.303 +-  0.748
 155 S   0.64212 0.08443 0.05573 0.04178 0.03300 0.02668 0.02175 0.01768 0.01422 0.01364 0.04900 ( 1)  0.286 +-  0.693
 156 G   0.63062 0.08333 0.05539 0.04184 0.03328 0.02711 0.02227 0.01823 0.01478 0.01427 0.05887 ( 1)  0.327 +-  0.824
 157 P   0.63674 0.08392 0.05558 0.04182 0.03314 0.02690 0.02201 0.01795 0.01449 0.01395 0.05351 ( 1)  0.304 +-  0.753
 158 E   0.63356 0.08362 0.05549 0.04184 0.03322 0.02702 0.02215 0.01810 0.01464 0.01412 0.05623 ( 1)  0.316 +-  0.788
 159 V   0.63929 0.08416 0.05565 0.04180 0.03307 0.02680 0.02188 0.01782 0.01436 0.01380 0.05136 ( 1)  0.295 +-  0.725
 160 P   0.63674 0.08392 0.05558 0.04182 0.03314 0.02690 0.02201 0.01795 0.01449 0.01395 0.05351 ( 1)  0.304 +-  0.753
 161 P   0.62940 0.08321 0.05535 0.04183 0.03330 0.02715 0.02231 0.01828 0.01483 0.01434 0.05999 ( 1)  0.332 +-  0.839
 162 E   0.64261 0.08447 0.05572 0.04175 0.03296 0.02664 0.02170 0.01763 0.01417 0.01359 0.04877 ( 1)  0.285 +-  0.695
 163 S   0.63745 0.08399 0.05561 0.04182 0.03313 0.02688 0.02198 0.01792 0.01446 0.01391 0.05286 ( 1)  0.301 +-  0.744
 164 R   0.63932 0.08417 0.05565 0.04181 0.03308 0.02680 0.02189 0.01782 0.01436 0.01380 0.05131 ( 1)  0.295 +-  0.724
 165 L   0.63488 0.08374 0.05553 0.04183 0.03319 0.02697 0.02209 0.01804 0.01458 0.01405 0.05509 ( 1)  0.311 +-  0.774
 166 Y   0.64029 0.08426 0.05568 0.04180 0.03305 0.02676 0.02184 0.01777 0.01431 0.01374 0.05050 ( 1)  0.292 +-  0.713
 167 A   0.64079 0.08430 0.05568 0.04178 0.03302 0.02672 0.02180 0.01773 0.01428 0.01370 0.05018 ( 1)  0.291 +-  0.712
 168 I   0.64064 0.08429 0.05569 0.04179 0.03304 0.02674 0.02182 0.01775 0.01429 0.01372 0.05021 ( 1)  0.291 +-  0.709
 169 R   0.63714 0.08396 0.05559 0.04182 0.03314 0.02688 0.02199 0.01793 0.01447 0.01393 0.05315 ( 1)  0.303 +-  0.748
 170 I   0.64064 0.08429 0.05569 0.04179 0.03304 0.02674 0.02182 0.01775 0.01429 0.01372 0.05021 ( 1)  0.291 +-  0.709
 171 V   0.63929 0.08416 0.05565 0.04180 0.03307 0.02680 0.02188 0.01782 0.01436 0.01380 0.05136 ( 1)  0.295 +-  0.725
 172 A   0.63926 0.08416 0.05565 0.04180 0.03307 0.02679 0.02188 0.01782 0.01436 0.01380 0.05143 ( 1)  0.296 +-  0.727
 173 E   0.63356 0.08362 0.05549 0.04184 0.03322 0.02702 0.02215 0.01810 0.01464 0.01412 0.05623 ( 1)  0.316 +-  0.788
 174 A   0.63041 0.08331 0.05539 0.04183 0.03329 0.02712 0.02227 0.01824 0.01478 0.01428 0.05907 ( 1)  0.328 +-  0.826
 175 R   0.62899 0.08317 0.05534 0.04183 0.03331 0.02716 0.02233 0.01830 0.01484 0.01435 0.06036 ( 1)  0.334 +-  0.844
 176 A   0.63041 0.08331 0.05539 0.04183 0.03329 0.02712 0.02227 0.01824 0.01478 0.01428 0.05907 ( 1)  0.328 +-  0.826
 177 R   0.63932 0.08417 0.05565 0.04181 0.03308 0.02680 0.02189 0.01782 0.01436 0.01380 0.05131 ( 1)  0.295 +-  0.724
 178 D   0.63370 0.08363 0.05549 0.04183 0.03322 0.02701 0.02214 0.01810 0.01464 0.01412 0.05611 ( 1)  0.315 +-  0.787
 179 P   0.63674 0.08392 0.05558 0.04182 0.03314 0.02690 0.02201 0.01795 0.01449 0.01395 0.05351 ( 1)  0.304 +-  0.753
 180 H   0.64141 0.08436 0.05570 0.04178 0.03301 0.02670 0.02177 0.01770 0.01425 0.01367 0.04966 ( 1)  0.289 +-  0.704
 181 D   0.64472 0.08466 0.05576 0.04172 0.03288 0.02653 0.02158 0.01751 0.01405 0.01345 0.04714 ( 1)  0.279 +-  0.675
 182 R   0.63714 0.08396 0.05559 0.04182 0.03314 0.02688 0.02199 0.01793 0.01447 0.01393 0.05315 ( 1)  0.303 +-  0.748
 183 K   0.63294 0.08356 0.05547 0.04184 0.03324 0.02704 0.02218 0.01813 0.01467 0.01416 0.05678 ( 1)  0.318 +-  0.796
 184 E   0.64261 0.08447 0.05572 0.04175 0.03296 0.02664 0.02170 0.01763 0.01417 0.01359 0.04877 ( 1)  0.285 +-  0.695
 185 L   0.63791 0.08403 0.05562 0.04181 0.03312 0.02685 0.02195 0.01789 0.01443 0.01388 0.05249 ( 1)  0.300 +-  0.739
 186 A   0.64079 0.08430 0.05568 0.04178 0.03302 0.02672 0.02180 0.01773 0.01428 0.01370 0.05018 ( 1)  0.291 +-  0.712
 187 A   0.63926 0.08416 0.05565 0.04180 0.03307 0.02679 0.02188 0.01782 0.01436 0.01380 0.05143 ( 1)  0.296 +-  0.727
 188 V   0.63929 0.08416 0.05565 0.04180 0.03307 0.02680 0.02188 0.01782 0.01436 0.01380 0.05136 ( 1)  0.295 +-  0.725
 189 S   0.63745 0.08399 0.05561 0.04182 0.03313 0.02688 0.02198 0.01792 0.01446 0.01391 0.05286 ( 1)  0.301 +-  0.744
 190 I   0.64064 0.08429 0.05569 0.04179 0.03304 0.02674 0.02182 0.01775 0.01429 0.01372 0.05021 ( 1)  0.291 +-  0.709
 191 P   0.63674 0.08392 0.05558 0.04182 0.03314 0.02690 0.02201 0.01795 0.01449 0.01395 0.05351 ( 1)  0.304 +-  0.753
 192 L   0.63488 0.08374 0.05553 0.04183 0.03319 0.02697 0.02209 0.01804 0.01458 0.01405 0.05509 ( 1)  0.311 +-  0.774
 193 E   0.64261 0.08447 0.05572 0.04175 0.03296 0.02664 0.02170 0.01763 0.01417 0.01359 0.04877 ( 1)  0.285 +-  0.695
 194 T   0.64040 0.08427 0.05568 0.04179 0.03304 0.02675 0.02183 0.01776 0.01430 0.01373 0.05045 ( 1)  0.292 +-  0.714
 195 S   0.64212 0.08443 0.05573 0.04178 0.03300 0.02668 0.02175 0.01768 0.01422 0.01364 0.04900 ( 1)  0.286 +-  0.693
 196 Y   0.64029 0.08426 0.05568 0.04180 0.03305 0.02676 0.02184 0.01777 0.01431 0.01374 0.05050 ( 1)  0.292 +-  0.713
 197 L   0.63791 0.08403 0.05562 0.04181 0.03312 0.02685 0.02195 0.01789 0.01443 0.01388 0.05249 ( 1)  0.300 +-  0.739
 198 M   0.64032 0.08426 0.05568 0.04180 0.03305 0.02676 0.02184 0.01777 0.01431 0.01374 0.05046 ( 1)  0.292 +-  0.712
 199 K   0.64243 0.08445 0.05572 0.04176 0.03297 0.02665 0.02172 0.01765 0.01419 0.01361 0.04885 ( 1)  0.285 +-  0.694
 200 V   0.63929 0.08416 0.05565 0.04180 0.03307 0.02680 0.02188 0.01782 0.01436 0.01380 0.05136 ( 1)  0.295 +-  0.725
 201 K   0.63294 0.08356 0.05547 0.04184 0.03324 0.02704 0.02218 0.01813 0.01467 0.01416 0.05678 ( 1)  0.318 +-  0.796
 202 E   0.64261 0.08447 0.05572 0.04175 0.03296 0.02664 0.02170 0.01763 0.01417 0.01359 0.04877 ( 1)  0.285 +-  0.695
 203 A   0.63041 0.08331 0.05539 0.04183 0.03329 0.02712 0.02227 0.01824 0.01478 0.01428 0.05907 ( 1)  0.328 +-  0.826
 204 L   0.63791 0.08403 0.05562 0.04181 0.03312 0.02685 0.02195 0.01789 0.01443 0.01388 0.05249 ( 1)  0.300 +-  0.739
 205 N   0.63316 0.08358 0.05548 0.04184 0.03323 0.02703 0.02217 0.01812 0.01466 0.01414 0.05659 ( 1)  0.317 +-  0.793
 206 D   0.63370 0.08363 0.05549 0.04183 0.03322 0.02701 0.02214 0.01810 0.01464 0.01412 0.05611 ( 1)  0.315 +-  0.787
 207 V   0.63929 0.08416 0.05565 0.04180 0.03307 0.02680 0.02188 0.01782 0.01436 0.01380 0.05136 ( 1)  0.295 +-  0.725
 208 I   0.63098 0.08337 0.05541 0.04184 0.03328 0.02710 0.02225 0.01822 0.01476 0.01426 0.05854 ( 1)  0.326 +-  0.819
 209 V   0.63929 0.08416 0.05565 0.04180 0.03307 0.02680 0.02188 0.01782 0.01436 0.01380 0.05136 ( 1)  0.295 +-  0.725
 210 A   0.63570 0.08382 0.05555 0.04182 0.03316 0.02693 0.02204 0.01799 0.01453 0.01400 0.05445 ( 1)  0.308 +-  0.767
 211 S   0.63535 0.08379 0.05554 0.04183 0.03318 0.02695 0.02207 0.01802 0.01456 0.01403 0.05467 ( 1)  0.309 +-  0.768
 212 A   0.64079 0.08430 0.05568 0.04178 0.03302 0.02672 0.02180 0.01773 0.01428 0.01370 0.05018 ( 1)  0.291 +-  0.712
 213 E   0.64261 0.08447 0.05572 0.04175 0.03296 0.02664 0.02170 0.01763 0.01417 0.01359 0.04877 ( 1)  0.285 +-  0.695
 214 S   0.63535 0.08379 0.05554 0.04183 0.03318 0.02695 0.02207 0.01802 0.01456 0.01403 0.05467 ( 1)  0.309 +-  0.768
 215 P   0.63674 0.08392 0.05558 0.04182 0.03314 0.02690 0.02201 0.01795 0.01449 0.01395 0.05351 ( 1)  0.304 +-  0.753
 216 L   0.63791 0.08403 0.05562 0.04181 0.03312 0.02685 0.02195 0.01789 0.01443 0.01388 0.05249 ( 1)  0.300 +-  0.739
 217 Y   0.64029 0.08426 0.05568 0.04180 0.03305 0.02676 0.02184 0.01777 0.01431 0.01374 0.05050 ( 1)  0.292 +-  0.713
 218 H   0.64141 0.08436 0.05570 0.04178 0.03301 0.02670 0.02177 0.01770 0.01425 0.01367 0.04966 ( 1)  0.289 +-  0.704
 219 T   0.64040 0.08427 0.05568 0.04179 0.03304 0.02675 0.02183 0.01776 0.01430 0.01373 0.05045 ( 1)  0.292 +-  0.714
 220 K   0.64243 0.08445 0.05572 0.04176 0.03297 0.02665 0.02172 0.01765 0.01419 0.01361 0.04885 ( 1)  0.285 +-  0.694
 221 S   0.63535 0.08379 0.05554 0.04183 0.03318 0.02695 0.02207 0.01802 0.01456 0.01403 0.05467 ( 1)  0.309 +-  0.768
 222 L   0.63488 0.08374 0.05553 0.04183 0.03319 0.02697 0.02209 0.01804 0.01458 0.01405 0.05509 ( 1)  0.311 +-  0.774
 223 H   0.64141 0.08436 0.05570 0.04178 0.03301 0.02670 0.02177 0.01770 0.01425 0.01367 0.04966 ( 1)  0.289 +-  0.704
 224 C   0.62980 0.08325 0.05537 0.04184 0.03330 0.02714 0.02230 0.01827 0.01481 0.01432 0.05962 ( 1)  0.331 +-  0.834
 225 A   0.63926 0.08416 0.05565 0.04180 0.03307 0.02679 0.02188 0.01782 0.01436 0.01380 0.05143 ( 1)  0.296 +-  0.727
 226 D   0.64472 0.08466 0.05576 0.04172 0.03288 0.02653 0.02158 0.01751 0.01405 0.01345 0.04714 ( 1)  0.279 +-  0.675
 227 G   0.64266 0.08448 0.05573 0.04177 0.03297 0.02665 0.02171 0.01764 0.01418 0.01360 0.04862 ( 1)  0.284 +-  0.690
 228 S   0.62935 0.08321 0.05535 0.04183 0.03331 0.02715 0.02232 0.01829 0.01483 0.01434 0.06003 ( 1)  0.332 +-  0.839
 229 K   0.63294 0.08356 0.05547 0.04184 0.03324 0.02704 0.02218 0.01813 0.01467 0.01416 0.05678 ( 1)  0.318 +-  0.796
 230 F   0.63717 0.08396 0.05560 0.04182 0.03314 0.02689 0.02199 0.01793 0.01447 0.01393 0.05308 ( 1)  0.302 +-  0.746
 231 Y   0.64029 0.08426 0.05568 0.04180 0.03305 0.02676 0.02184 0.01777 0.01431 0.01374 0.05050 ( 1)  0.292 +-  0.713
 232 L   0.62881 0.08315 0.05533 0.04183 0.03331 0.02717 0.02234 0.01831 0.01485 0.01436 0.06053 ( 1)  0.335 +-  0.846
 233 D   0.64472 0.08466 0.05576 0.04172 0.03288 0.02653 0.02158 0.01751 0.01405 0.01345 0.04714 ( 1)  0.279 +-  0.675
 234 M   0.64032 0.08426 0.05568 0.04180 0.03305 0.02676 0.02184 0.01777 0.01431 0.01374 0.05046 ( 1)  0.292 +-  0.712
 235 I   0.64064 0.08429 0.05569 0.04179 0.03304 0.02674 0.02182 0.01775 0.01429 0.01372 0.05021 ( 1)  0.291 +-  0.709
 236 R   0.63932 0.08417 0.05565 0.04181 0.03308 0.02680 0.02189 0.01782 0.01436 0.01380 0.05131 ( 1)  0.295 +-  0.724
 237 D   0.64472 0.08466 0.05576 0.04172 0.03288 0.02653 0.02158 0.01751 0.01405 0.01345 0.04714 ( 1)  0.279 +-  0.675
 238 D   0.63862 0.08407 0.05559 0.04175 0.03303 0.02676 0.02186 0.01780 0.01435 0.01379 0.05238 ( 1)  0.301 +-  0.750
 239 E   0.64261 0.08447 0.05572 0.04175 0.03296 0.02664 0.02170 0.01763 0.01417 0.01359 0.04877 ( 1)  0.285 +-  0.695
 240 A   0.63041 0.08331 0.05539 0.04183 0.03329 0.02712 0.02227 0.01824 0.01478 0.01428 0.05907 ( 1)  0.328 +-  0.826
 241 H   0.64141 0.08436 0.05570 0.04178 0.03301 0.02670 0.02177 0.01770 0.01425 0.01367 0.04966 ( 1)  0.289 +-  0.704
 242 Y   0.64029 0.08426 0.05568 0.04180 0.03305 0.02676 0.02184 0.01777 0.01431 0.01374 0.05050 ( 1)  0.292 +-  0.713
 243 L   0.63488 0.08374 0.05553 0.04183 0.03319 0.02697 0.02209 0.01804 0.01458 0.01405 0.05509 ( 1)  0.311 +-  0.774
 244 K   0.64243 0.08445 0.05572 0.04176 0.03297 0.02665 0.02172 0.01765 0.01419 0.01361 0.04885 ( 1)  0.285 +-  0.694
 245 V   0.63929 0.08416 0.05565 0.04180 0.03307 0.02680 0.02188 0.01782 0.01436 0.01380 0.05136 ( 1)  0.295 +-  0.725
 246 S   0.63535 0.08379 0.05554 0.04183 0.03318 0.02695 0.02207 0.01802 0.01456 0.01403 0.05467 ( 1)  0.309 +-  0.768
 247 Q   0.63717 0.08396 0.05559 0.04182 0.03313 0.02688 0.02199 0.01793 0.01447 0.01392 0.05314 ( 1)  0.303 +-  0.748
 248 V   0.63929 0.08416 0.05565 0.04180 0.03307 0.02680 0.02188 0.01782 0.01436 0.01380 0.05136 ( 1)  0.295 +-  0.725
 249 T   0.64040 0.08427 0.05568 0.04179 0.03304 0.02675 0.02183 0.01776 0.01430 0.01373 0.05045 ( 1)  0.292 +-  0.714
 250 R   0.63473 0.08373 0.05552 0.04183 0.03319 0.02697 0.02209 0.01804 0.01459 0.01406 0.05525 ( 1)  0.312 +-  0.777
 251 E   0.64261 0.08447 0.05572 0.04175 0.03296 0.02664 0.02170 0.01763 0.01417 0.01359 0.04877 ( 1)  0.285 +-  0.695
 252 Y   0.64029 0.08426 0.05568 0.04180 0.03305 0.02676 0.02184 0.01777 0.01431 0.01374 0.05050 ( 1)  0.292 +-  0.713
 253 R   0.63714 0.08396 0.05559 0.04182 0.03314 0.02688 0.02199 0.01793 0.01447 0.01393 0.05315 ( 1)  0.303 +-  0.748
 254 S   0.64212 0.08443 0.05573 0.04178 0.03300 0.02668 0.02175 0.01768 0.01422 0.01364 0.04900 ( 1)  0.286 +-  0.693
 255 I   0.64064 0.08429 0.05569 0.04179 0.03304 0.02674 0.02182 0.01775 0.01429 0.01372 0.05021 ( 1)  0.291 +-  0.709
 256 M   0.64032 0.08426 0.05568 0.04180 0.03305 0.02676 0.02184 0.01777 0.01431 0.01374 0.05046 ( 1)  0.292 +-  0.712
 257 H   0.64141 0.08436 0.05570 0.04178 0.03301 0.02670 0.02177 0.01770 0.01425 0.01367 0.04966 ( 1)  0.289 +-  0.704
 258 V   0.63929 0.08416 0.05565 0.04180 0.03307 0.02680 0.02188 0.01782 0.01436 0.01380 0.05136 ( 1)  0.295 +-  0.725
 259 P   0.62940 0.08321 0.05535 0.04183 0.03330 0.02715 0.02231 0.01828 0.01483 0.01434 0.05999 ( 1)  0.332 +-  0.839
 260 A   0.64079 0.08430 0.05568 0.04178 0.03302 0.02672 0.02180 0.01773 0.01428 0.01370 0.05018 ( 1)  0.291 +-  0.712
 261 E   0.64261 0.08447 0.05572 0.04175 0.03296 0.02664 0.02170 0.01763 0.01417 0.01359 0.04877 ( 1)  0.285 +-  0.695
 262 D   0.63370 0.08363 0.05549 0.04183 0.03322 0.02701 0.02214 0.01810 0.01464 0.01412 0.05611 ( 1)  0.315 +-  0.787
 263 L   0.63488 0.08374 0.05553 0.04183 0.03319 0.02697 0.02209 0.01804 0.01458 0.01405 0.05509 ( 1)  0.311 +-  0.774
 264 D   0.64472 0.08466 0.05576 0.04172 0.03288 0.02653 0.02158 0.01751 0.01405 0.01345 0.04714 ( 1)  0.279 +-  0.675
 265 A   0.63023 0.08329 0.05538 0.04183 0.03329 0.02712 0.02228 0.01825 0.01479 0.01429 0.05924 ( 1)  0.329 +-  0.829
 266 F   0.63717 0.08396 0.05560 0.04182 0.03314 0.02689 0.02199 0.01793 0.01447 0.01393 0.05308 ( 1)  0.302 +-  0.746
 267 K   0.64243 0.08445 0.05572 0.04176 0.03297 0.02665 0.02172 0.01765 0.01419 0.01361 0.04885 ( 1)  0.285 +-  0.694
 268 D   0.64472 0.08466 0.05576 0.04172 0.03288 0.02653 0.02158 0.01751 0.01405 0.01345 0.04714 ( 1)  0.279 +-  0.675
 269 I   0.63098 0.08337 0.05541 0.04184 0.03328 0.02710 0.02225 0.01822 0.01476 0.01426 0.05854 ( 1)  0.326 +-  0.819
 270 I   0.64064 0.08429 0.05569 0.04179 0.03304 0.02674 0.02182 0.01775 0.01429 0.01372 0.05021 ( 1)  0.291 +-  0.709
 271 E   0.64261 0.08447 0.05572 0.04175 0.03296 0.02664 0.02170 0.01763 0.01417 0.01359 0.04877 ( 1)  0.285 +-  0.695
 272 A   0.64079 0.08430 0.05568 0.04178 0.03302 0.02672 0.02180 0.01773 0.01428 0.01370 0.05018 ( 1)  0.291 +-  0.712
 273 S   0.64212 0.08443 0.05573 0.04178 0.03300 0.02668 0.02175 0.01768 0.01422 0.01364 0.04900 ( 1)  0.286 +-  0.693
 274 V   0.64084 0.08431 0.05569 0.04179 0.03303 0.02673 0.02181 0.01774 0.01428 0.01371 0.05010 ( 1)  0.290 +-  0.709
 275 R   0.11076 0.03963 0.04292 0.04465 0.04507 0.04439 0.04268 0.04001 0.03650 0.03875 0.51464 (11)  2.158 +-  2.363
 276 A   0.63926 0.08416 0.05565 0.04180 0.03307 0.02679 0.02188 0.01782 0.01436 0.01380 0.05143 ( 1)  0.296 +-  0.727
 277 M   0.64032 0.08426 0.05568 0.04180 0.03305 0.02676 0.02184 0.01777 0.01431 0.01374 0.05046 ( 1)  0.292 +-  0.712
 278 K   0.64243 0.08445 0.05572 0.04176 0.03297 0.02665 0.02172 0.01765 0.01419 0.01361 0.04885 ( 1)  0.285 +-  0.694
 279 S   0.64212 0.08443 0.05573 0.04178 0.03300 0.02668 0.02175 0.01768 0.01422 0.01364 0.04900 ( 1)  0.286 +-  0.693
 280 H   0.64141 0.08436 0.05570 0.04178 0.03301 0.02670 0.02177 0.01770 0.01425 0.01367 0.04966 ( 1)  0.289 +-  0.704
 281 L   0.63488 0.08374 0.05553 0.04183 0.03319 0.02697 0.02209 0.01804 0.01458 0.01405 0.05509 ( 1)  0.311 +-  0.774
 282 D   0.63370 0.08363 0.05549 0.04183 0.03322 0.02701 0.02214 0.01810 0.01464 0.01412 0.05611 ( 1)  0.315 +-  0.787
 283 E   0.64261 0.08447 0.05572 0.04175 0.03296 0.02664 0.02170 0.01763 0.01417 0.01359 0.04877 ( 1)  0.285 +-  0.695
 284 H   0.64141 0.08436 0.05570 0.04178 0.03301 0.02670 0.02177 0.01770 0.01425 0.01367 0.04966 ( 1)  0.289 +-  0.704
 285 K   0.64243 0.08445 0.05572 0.04176 0.03297 0.02665 0.02172 0.01765 0.01419 0.01361 0.04885 ( 1)  0.285 +-  0.694
 286 A   0.64079 0.08430 0.05568 0.04178 0.03302 0.02672 0.02180 0.01773 0.01428 0.01370 0.05018 ( 1)  0.291 +-  0.712
 287 G   0.64266 0.08448 0.05573 0.04177 0.03297 0.02665 0.02171 0.01764 0.01418 0.01360 0.04862 ( 1)  0.284 +-  0.690
 288 S   0.64212 0.08443 0.05573 0.04178 0.03300 0.02668 0.02175 0.01768 0.01422 0.01364 0.04900 ( 1)  0.286 +-  0.693
 289 A   0.64079 0.08430 0.05568 0.04178 0.03302 0.02672 0.02180 0.01773 0.01428 0.01370 0.05018 ( 1)  0.291 +-  0.712
 290 N   0.63316 0.08358 0.05548 0.04184 0.03323 0.02703 0.02217 0.01812 0.01466 0.01414 0.05659 ( 1)  0.317 +-  0.793
 291 S   0.63535 0.08379 0.05554 0.04183 0.03318 0.02695 0.02207 0.01802 0.01456 0.01403 0.05467 ( 1)  0.309 +-  0.768
 292 S   0.63535 0.08379 0.05554 0.04183 0.03318 0.02695 0.02207 0.01802 0.01456 0.01403 0.05467 ( 1)  0.309 +-  0.768
 293 G   0.64266 0.08448 0.05573 0.04177 0.03297 0.02665 0.02171 0.01764 0.01418 0.01360 0.04862 ( 1)  0.284 +-  0.690
 294 S   0.63214 0.08348 0.05544 0.04183 0.03325 0.02706 0.02220 0.01816 0.01471 0.01420 0.05752 ( 1)  0.321 +-  0.806
 295 S   0.63745 0.08399 0.05561 0.04182 0.03313 0.02688 0.02198 0.01792 0.01446 0.01391 0.05286 ( 1)  0.301 +-  0.744
 296 K   0.64243 0.08445 0.05572 0.04176 0.03297 0.02665 0.02172 0.01765 0.01419 0.01361 0.04885 ( 1)  0.285 +-  0.694
 297 K   0.64243 0.08445 0.05572 0.04176 0.03297 0.02665 0.02172 0.01765 0.01419 0.01361 0.04885 ( 1)  0.285 +-  0.694
 298 R   0.62992 0.08326 0.05537 0.04183 0.03330 0.02713 0.02229 0.01826 0.01481 0.01431 0.05951 ( 1)  0.330 +-  0.832
 299 R   0.63932 0.08417 0.05565 0.04181 0.03308 0.02680 0.02189 0.01782 0.01436 0.01380 0.05131 ( 1)  0.295 +-  0.724
 300 N   0.63316 0.08358 0.05548 0.04184 0.03323 0.02703 0.02217 0.01812 0.01466 0.01414 0.05659 ( 1)  0.317 +-  0.793
 301 R   0.62899 0.08317 0.05534 0.04183 0.03331 0.02716 0.02233 0.01830 0.01484 0.01435 0.06036 ( 1)  0.334 +-  0.844
 302 Q   0.63717 0.08396 0.05559 0.04182 0.03313 0.02688 0.02199 0.01793 0.01447 0.01392 0.05314 ( 1)  0.303 +-  0.748
 303 S   0.63157 0.08342 0.05543 0.04184 0.03327 0.02708 0.02223 0.01819 0.01473 0.01423 0.05801 ( 1)  0.323 +-  0.812
 304 R   0.63714 0.08396 0.05559 0.04182 0.03314 0.02688 0.02199 0.01793 0.01447 0.01393 0.05315 ( 1)  0.303 +-  0.748
 305 R   0.62992 0.08326 0.05537 0.04183 0.03330 0.02713 0.02229 0.01826 0.01481 0.01431 0.05951 ( 1)  0.330 +-  0.832
 306 R   0.62899 0.08317 0.05534 0.04183 0.03331 0.02716 0.02233 0.01830 0.01484 0.01435 0.06036 ( 1)  0.334 +-  0.844
 307 Q   0.63717 0.08396 0.05559 0.04182 0.03313 0.02688 0.02199 0.01793 0.01447 0.01392 0.05314 ( 1)  0.303 +-  0.748
 308 K   0.64243 0.08445 0.05572 0.04176 0.03297 0.02665 0.02172 0.01765 0.01419 0.01361 0.04885 ( 1)  0.285 +-  0.694
 309 R   0.63932 0.08417 0.05565 0.04181 0.03308 0.02680 0.02189 0.01782 0.01436 0.01380 0.05131 ( 1)  0.295 +-  0.724
 310 S   0.63535 0.08379 0.05554 0.04183 0.03318 0.02695 0.02207 0.01802 0.01456 0.01403 0.05467 ( 1)  0.309 +-  0.768
 311 T   0.63889 0.08412 0.05564 0.04181 0.03309 0.02681 0.02190 0.01784 0.01438 0.01382 0.05169 ( 1)  0.297 +-  0.729
 312 D   0.64472 0.08466 0.05576 0.04172 0.03288 0.02653 0.02158 0.01751 0.01405 0.01345 0.04714 ( 1)  0.279 +-  0.675
 313 G   0.64266 0.08448 0.05573 0.04177 0.03297 0.02665 0.02171 0.01764 0.01418 0.01360 0.04862 ( 1)  0.284 +-  0.690
 314 K   0.64243 0.08445 0.05572 0.04176 0.03297 0.02665 0.02172 0.01765 0.01419 0.01361 0.04885 ( 1)  0.285 +-  0.694
 315 G   0.64266 0.08448 0.05573 0.04177 0.03297 0.02665 0.02171 0.01764 0.01418 0.01360 0.04862 ( 1)  0.284 +-  0.690
 316 G   0.64266 0.08448 0.05573 0.04177 0.03297 0.02665 0.02171 0.01764 0.01418 0.01360 0.04862 ( 1)  0.284 +-  0.690
 317 Q   0.63717 0.08396 0.05559 0.04182 0.03313 0.02688 0.02199 0.01793 0.01447 0.01392 0.05314 ( 1)  0.303 +-  0.748
 318 E   0.64261 0.08447 0.05572 0.04175 0.03296 0.02664 0.02170 0.01763 0.01417 0.01359 0.04877 ( 1)  0.285 +-  0.695
 319 A   0.64079 0.08430 0.05568 0.04178 0.03302 0.02672 0.02180 0.01773 0.01428 0.01370 0.05018 ( 1)  0.291 +-  0.712
 320 G   0.63062 0.08333 0.05539 0.04184 0.03328 0.02711 0.02227 0.01823 0.01478 0.01427 0.05887 ( 1)  0.327 +-  0.824
 321 N   0.64469 0.08466 0.05577 0.04173 0.03289 0.02654 0.02160 0.01752 0.01406 0.01346 0.04708 ( 1)  0.278 +-  0.672
 322 N   0.64469 0.08466 0.05577 0.04173 0.03289 0.02654 0.02160 0.01752 0.01406 0.01346 0.04708 ( 1)  0.278 +-  0.672
 323 K   0.64243 0.08445 0.05572 0.04176 0.03297 0.02665 0.02172 0.01765 0.01419 0.01361 0.04885 ( 1)  0.285 +-  0.694
 324 A   0.64079 0.08430 0.05568 0.04178 0.03302 0.02672 0.02180 0.01773 0.01428 0.01370 0.05018 ( 1)  0.291 +-  0.712
 325 S   0.64212 0.08443 0.05573 0.04178 0.03300 0.02668 0.02175 0.01768 0.01422 0.01364 0.04900 ( 1)  0.286 +-  0.693
 326 G   0.64266 0.08448 0.05573 0.04177 0.03297 0.02665 0.02171 0.01764 0.01418 0.01360 0.04862 ( 1)  0.284 +-  0.690
 327 G   0.64266 0.08448 0.05573 0.04177 0.03297 0.02665 0.02171 0.01764 0.01418 0.01360 0.04862 ( 1)  0.284 +-  0.690
 328 S   0.64212 0.08443 0.05573 0.04178 0.03300 0.02668 0.02175 0.01768 0.01422 0.01364 0.04900 ( 1)  0.286 +-  0.693
 329 E   0.64261 0.08447 0.05572 0.04175 0.03296 0.02664 0.02170 0.01763 0.01417 0.01359 0.04877 ( 1)  0.285 +-  0.695
 330 S   0.63745 0.08399 0.05561 0.04182 0.03313 0.02688 0.02198 0.01792 0.01446 0.01391 0.05286 ( 1)  0.301 +-  0.744
 331 T   0.63027 0.08330 0.05538 0.04184 0.03329 0.02712 0.02228 0.01825 0.01479 0.01429 0.05919 ( 1)  0.329 +-  0.828
 332 A   0.64079 0.08430 0.05568 0.04178 0.03302 0.02672 0.02180 0.01773 0.01428 0.01370 0.05018 ( 1)  0.291 +-  0.712
 333 S   0.64212 0.08443 0.05573 0.04178 0.03300 0.02668 0.02175 0.01768 0.01422 0.01364 0.04900 ( 1)  0.286 +-  0.693
 334 D   0.64472 0.08466 0.05576 0.04172 0.03288 0.02653 0.02158 0.01751 0.01405 0.01345 0.04714 ( 1)  0.279 +-  0.675
 335 C   0.63775 0.08402 0.05562 0.04182 0.03313 0.02687 0.02197 0.01791 0.01445 0.01390 0.05259 ( 1)  0.300 +-  0.740
 336 E   0.64261 0.08447 0.05572 0.04175 0.03296 0.02664 0.02170 0.01763 0.01417 0.01359 0.04877 ( 1)  0.285 +-  0.695
 337 E   0.64261 0.08447 0.05572 0.04175 0.03296 0.02664 0.02170 0.01763 0.01417 0.01359 0.04877 ( 1)  0.285 +-  0.695
 338 I   0.12582 0.04398 0.04717 0.04863 0.04869 0.04757 0.04539 0.04223 0.03825 0.04027 0.47201 (11)  1.970 +-  2.271
 339 G   0.64266 0.08448 0.05573 0.04177 0.03297 0.02665 0.02171 0.01764 0.01418 0.01360 0.04862 ( 1)  0.284 +-  0.690
 340 K   0.63294 0.08356 0.05547 0.04184 0.03324 0.02704 0.02218 0.01813 0.01467 0.01416 0.05678 ( 1)  0.318 +-  0.796
 341 E   0.64261 0.08447 0.05572 0.04175 0.03296 0.02664 0.02170 0.01763 0.01417 0.01359 0.04877 ( 1)  0.285 +-  0.695
 342 N   0.64469 0.08466 0.05577 0.04173 0.03289 0.02654 0.02160 0.01752 0.01406 0.01346 0.04708 ( 1)  0.278 +-  0.672
 343 A   0.64079 0.08430 0.05568 0.04178 0.03302 0.02672 0.02180 0.01773 0.01428 0.01370 0.05018 ( 1)  0.291 +-  0.712
 344 K   0.64243 0.08445 0.05572 0.04176 0.03297 0.02665 0.02172 0.01765 0.01419 0.01361 0.04885 ( 1)  0.285 +-  0.694
 345 P   0.62940 0.08321 0.05535 0.04183 0.03330 0.02715 0.02231 0.01828 0.01483 0.01434 0.05999 ( 1)  0.332 +-  0.839
 346 K   0.64243 0.08445 0.05572 0.04176 0.03297 0.02665 0.02172 0.01765 0.01419 0.01361 0.04885 ( 1)  0.285 +-  0.694
 347 P   0.63674 0.08392 0.05558 0.04182 0.03314 0.02690 0.02201 0.01795 0.01449 0.01395 0.05351 ( 1)  0.304 +-  0.753
 348 E   0.64261 0.08447 0.05572 0.04175 0.03296 0.02664 0.02170 0.01763 0.01417 0.01359 0.04877 ( 1)  0.285 +-  0.695
 349 R   0.62899 0.08317 0.05534 0.04183 0.03331 0.02716 0.02233 0.01830 0.01484 0.01435 0.06036 ( 1)  0.334 +-  0.844
 350 S   0.64212 0.08443 0.05573 0.04178 0.03300 0.02668 0.02175 0.01768 0.01422 0.01364 0.04900 ( 1)  0.286 +-  0.693
 351 D   0.64472 0.08466 0.05576 0.04172 0.03288 0.02653 0.02158 0.01751 0.01405 0.01345 0.04714 ( 1)  0.279 +-  0.675
 352 N   0.64469 0.08466 0.05577 0.04173 0.03289 0.02654 0.02160 0.01752 0.01406 0.01346 0.04708 ( 1)  0.278 +-  0.672
 353 D   0.64472 0.08466 0.05576 0.04172 0.03288 0.02653 0.02158 0.01751 0.01405 0.01345 0.04714 ( 1)  0.279 +-  0.675
 354 T   0.63889 0.08412 0.05564 0.04181 0.03309 0.02681 0.02190 0.01784 0.01438 0.01382 0.05169 ( 1)  0.297 +-  0.729
 355 T   0.63889 0.08412 0.05564 0.04181 0.03309 0.02681 0.02190 0.01784 0.01438 0.01382 0.05169 ( 1)  0.297 +-  0.729
 356 V   0.64084 0.08431 0.05569 0.04179 0.03303 0.02673 0.02181 0.01774 0.01428 0.01371 0.05010 ( 1)  0.290 +-  0.709
 357 G   0.64266 0.08448 0.05573 0.04177 0.03297 0.02665 0.02171 0.01764 0.01418 0.01360 0.04862 ( 1)  0.284 +-  0.690
 358 K   0.64243 0.08445 0.05572 0.04176 0.03297 0.02665 0.02172 0.01765 0.01419 0.01361 0.04885 ( 1)  0.285 +-  0.694
 359 E   0.64261 0.08447 0.05572 0.04175 0.03296 0.02664 0.02170 0.01763 0.01417 0.01359 0.04877 ( 1)  0.285 +-  0.695
 360 D   0.63862 0.08407 0.05559 0.04175 0.03303 0.02676 0.02186 0.01780 0.01435 0.01379 0.05238 ( 1)  0.301 +-  0.750
 361 A   0.64079 0.08430 0.05568 0.04178 0.03302 0.02672 0.02180 0.01773 0.01428 0.01370 0.05018 ( 1)  0.291 +-  0.712
 362 V   0.63929 0.08416 0.05565 0.04180 0.03307 0.02680 0.02188 0.01782 0.01436 0.01380 0.05136 ( 1)  0.295 +-  0.725
 363 V   0.64084 0.08431 0.05569 0.04179 0.03303 0.02673 0.02181 0.01774 0.01428 0.01371 0.05010 ( 1)  0.290 +-  0.709
 364 E   0.63356 0.08362 0.05549 0.04184 0.03322 0.02702 0.02215 0.01810 0.01464 0.01412 0.05623 ( 1)  0.316 +-  0.788
 365 E   0.64261 0.08447 0.05572 0.04175 0.03296 0.02664 0.02170 0.01763 0.01417 0.01359 0.04877 ( 1)  0.285 +-  0.695
 366 S   0.63535 0.08379 0.05554 0.04183 0.03318 0.02695 0.02207 0.01802 0.01456 0.01403 0.05467 ( 1)  0.309 +-  0.768
 367 K   0.64243 0.08445 0.05572 0.04176 0.03297 0.02665 0.02172 0.01765 0.01419 0.01361 0.04885 ( 1)  0.285 +-  0.694
 368 K   0.63294 0.08356 0.05547 0.04184 0.03324 0.02704 0.02218 0.01813 0.01467 0.01416 0.05678 ( 1)  0.318 +-  0.796
 369 D   0.63370 0.08363 0.05549 0.04183 0.03322 0.02701 0.02214 0.01810 0.01464 0.01412 0.05611 ( 1)  0.315 +-  0.787
 370 Q   0.63121 0.08339 0.05541 0.04184 0.03327 0.02710 0.02225 0.01821 0.01475 0.01425 0.05833 ( 1)  0.325 +-  0.816
 371 E   0.63356 0.08362 0.05549 0.04184 0.03322 0.02702 0.02215 0.01810 0.01464 0.01412 0.05623 ( 1)  0.316 +-  0.788
 372 E   0.64261 0.08447 0.05572 0.04175 0.03296 0.02664 0.02170 0.01763 0.01417 0.01359 0.04877 ( 1)  0.285 +-  0.695
 373 Q   0.11609 0.04118 0.04445 0.04608 0.04638 0.04554 0.04367 0.04082 0.03714 0.03931 0.49934 (11)  2.092 +-  2.334
 374 K   0.64243 0.08445 0.05572 0.04176 0.03297 0.02665 0.02172 0.01765 0.01419 0.01361 0.04885 ( 1)  0.285 +-  0.694
 375 K   0.64243 0.08445 0.05572 0.04176 0.03297 0.02665 0.02172 0.01765 0.01419 0.01361 0.04885 ( 1)  0.285 +-  0.694
 376 A   0.64079 0.08430 0.05568 0.04178 0.03302 0.02672 0.02180 0.01773 0.01428 0.01370 0.05018 ( 1)  0.291 +-  0.712
 377 D   0.64472 0.08466 0.05576 0.04172 0.03288 0.02653 0.02158 0.01751 0.01405 0.01345 0.04714 ( 1)  0.279 +-  0.675
 378 D   0.64472 0.08466 0.05576 0.04172 0.03288 0.02653 0.02158 0.01751 0.01405 0.01345 0.04714 ( 1)  0.279 +-  0.675
 379 K   0.63294 0.08356 0.05547 0.04184 0.03324 0.02704 0.02218 0.01813 0.01467 0.01416 0.05678 ( 1)  0.318 +-  0.796
 380 E   0.63356 0.08362 0.05549 0.04184 0.03322 0.02702 0.02215 0.01810 0.01464 0.01412 0.05623 ( 1)  0.316 +-  0.788
 381 A   0.63926 0.08416 0.05565 0.04180 0.03307 0.02679 0.02188 0.01782 0.01436 0.01380 0.05143 ( 1)  0.296 +-  0.727
 382 S   0.63745 0.08399 0.05561 0.04182 0.03313 0.02688 0.02198 0.01792 0.01446 0.01391 0.05286 ( 1)  0.301 +-  0.744
 383 G   0.64266 0.08448 0.05573 0.04177 0.03297 0.02665 0.02171 0.01764 0.01418 0.01360 0.04862 ( 1)  0.284 +-  0.690
 384 D   0.64472 0.08466 0.05576 0.04172 0.03288 0.02653 0.02158 0.01751 0.01405 0.01345 0.04714 ( 1)  0.279 +-  0.675
 385 L   0.10889 0.03908 0.04238 0.04413 0.04460 0.04397 0.04232 0.03971 0.03627 0.03854 0.52012 (11)  2.182 +-  2.373
 386 T   0.63009 0.08328 0.05538 0.04183 0.03329 0.02713 0.02229 0.01825 0.01480 0.01430 0.05936 ( 1)  0.329 +-  0.830
 387 A   0.63926 0.08416 0.05565 0.04180 0.03307 0.02679 0.02188 0.01782 0.01436 0.01380 0.05143 ( 1)  0.296 +-  0.727
 388 A   0.63041 0.08331 0.05539 0.04183 0.03329 0.02712 0.02227 0.01824 0.01478 0.01428 0.05907 ( 1)  0.328 +-  0.826
 389 P   0.62954 0.08323 0.05536 0.04183 0.03330 0.02715 0.02231 0.01828 0.01482 0.01433 0.05986 ( 1)  0.332 +-  0.837
 390 P   0.62940 0.08321 0.05535 0.04183 0.03330 0.02715 0.02231 0.01828 0.01483 0.01434 0.05999 ( 1)  0.332 +-  0.839
 391 A   0.64079 0.08430 0.05568 0.04178 0.03302 0.02672 0.02180 0.01773 0.01428 0.01370 0.05018 ( 1)  0.291 +-  0.712
 392 S   0.62881 0.08315 0.05533 0.04183 0.03331 0.02717 0.02234 0.01831 0.01485 0.01436 0.06053 ( 1)  0.335 +-  0.846
 393 A   0.64079 0.08430 0.05568 0.04178 0.03302 0.02672 0.02180 0.01773 0.01428 0.01370 0.05018 ( 1)  0.291 +-  0.712
 394 A   0.64079 0.08430 0.05568 0.04178 0.03302 0.02672 0.02180 0.01773 0.01428 0.01370 0.05018 ( 1)  0.291 +-  0.712
 395 S   0.64212 0.08443 0.05573 0.04178 0.03300 0.02668 0.02175 0.01768 0.01422 0.01364 0.04900 ( 1)  0.286 +-  0.693
 396 E   0.64261 0.08447 0.05572 0.04175 0.03296 0.02664 0.02170 0.01763 0.01417 0.01359 0.04877 ( 1)  0.285 +-  0.695

Positively selected sites

	Prob(w>1)  mean w

   275 R      0.515         2.158 +- 2.363
   385 L      0.520         2.182 +- 2.373

