Supplemental results for CODEML (seqf: algn  treef: tree)


dN/dS (w) for site classes (K=2)

p:   0.57061  0.42939
w:   0.00000  1.00000

Naive Empirical Bayes (NEB) probabilities for 2 classes & postmean_w
(amino acids refer to 1st sequence: cln.2219)

   1 I   0.74376 0.25624 ( 1)  0.256
   2 F   0.00000 1.00000 ( 2)  1.000
   3 S   0.00000 1.00000 ( 2)  1.000
   4 L   0.00000 1.00000 ( 2)  1.000
   5 Y   0.00000 1.00000 ( 2)  1.000
   6 A   0.00000 1.00000 ( 2)  1.000
   7 L   0.00000 1.00000 ( 2)  1.000
   8 L   0.50311 0.49689 ( 1)  0.497
   9 Q   0.72503 0.27497 ( 1)  0.275
  10 Q   0.00000 1.00000 ( 2)  1.000
  11 A   0.00000 1.00000 ( 2)  1.000
  12 L   0.73084 0.26916 ( 1)  0.269
  13 Q   0.00000 1.00000 ( 2)  1.000
  14 A   0.00000 1.00000 ( 2)  1.000
  15 Q   0.00000 1.00000 ( 2)  1.000
  16 S   0.69842 0.30158 ( 1)  0.302
  17 G   0.00000 1.00000 ( 2)  1.000
  18 C   0.75470 0.24530 ( 1)  0.245
  19 P   0.74459 0.25541 ( 1)  0.255
  20 S   0.00000 1.00000 ( 2)  1.000
  21 D   0.00000 1.00000 ( 2)  1.000
  22 Y   0.74978 0.25022 ( 1)  0.250
  23 F   0.00000 1.00000 ( 2)  1.000
  24 I   0.00000 1.00000 ( 2)  1.000
  25 I   0.77177 0.22823 ( 1)  0.228
  26 S   0.00000 1.00000 ( 2)  1.000
  27 P   0.74459 0.25541 ( 1)  0.255
  28 H   0.00000 1.00000 ( 2)  1.000
  29 L   0.00000 1.00000 ( 2)  1.000
  30 C   0.78118 0.21882 ( 1)  0.219
  31 V   0.77682 0.22318 ( 1)  0.223
  32 I   0.00000 1.00000 ( 2)  1.000
  33 D   0.00000 1.00000 ( 2)  1.000
  34 L   0.00000 1.00000 ( 2)  1.000
  35 G   0.75713 0.24287 ( 1)  0.243
  36 G   0.00000 1.00000 ( 2)  1.000
  37 A   0.00000 1.00000 ( 2)  1.000
  38 P   0.00000 1.00000 ( 2)  1.000
  39 T   0.00000 1.00000 ( 2)  1.000
  40 F   0.77426 0.22574 ( 1)  0.226
  41 C   0.75470 0.24530 ( 1)  0.245
  42 R   0.00000 1.00000 ( 2)  1.000
  43 A   0.76239 0.23761 ( 1)  0.238
  44 S   0.72285 0.27715 ( 1)  0.277
  45 Q   0.00000 1.00000 ( 2)  1.000
  46 M   0.00000 1.00000 ( 2)  1.000
  47 C   0.75470 0.24530 ( 1)  0.245
  48 A   0.74844 0.25156 ( 1)  0.252
  49 T   0.00000 1.00000 ( 2)  1.000
  50 F   0.77426 0.22574 ( 1)  0.226
  51 G   0.73635 0.26365 ( 1)  0.264
  52 A   0.77681 0.22319 ( 1)  0.223
  53 A   0.74844 0.25156 ( 1)  0.252
  54 R   0.75625 0.24375 ( 1)  0.244
  55 G   0.72940 0.27060 ( 1)  0.271
  56 H   0.79722 0.20278 ( 1)  0.203
  57 L   0.73084 0.26916 ( 1)  0.269
  58 A   0.74844 0.25156 ( 1)  0.252
  59 F   0.80402 0.19598 ( 1)  0.196
  60 L   0.71779 0.28221 ( 1)  0.282
  61 V   0.77682 0.22318 ( 1)  0.223
  62 G   0.77566 0.22434 ( 1)  0.224
  63 R   0.67632 0.32368 ( 1)  0.324
  64 N   0.76667 0.23333 ( 1)  0.233
  65 A   0.77681 0.22319 ( 1)  0.223
  66 R   0.75625 0.24375 ( 1)  0.244
  67 Q   0.73714 0.26286 ( 1)  0.263
  68 I   0.78746 0.21254 ( 1)  0.213
  69 M   0.80349 0.19651 ( 1)  0.197
  70 R   0.75625 0.24375 ( 1)  0.244
  71 Q   0.73714 0.26286 ( 1)  0.263
  72 L   0.69484 0.30516 ( 1)  0.305
  73 P   0.76291 0.23709 ( 1)  0.237
  74 E   0.00000 1.00000 ( 2)  1.000
  75 K   0.00000 1.00000 ( 2)  1.000
  76 T   0.74153 0.25847 ( 1)  0.258
  77 N   0.80716 0.19284 ( 1)  0.193
  78 L   0.70576 0.29424 ( 1)  0.294
  79 W   0.73269 0.26731 ( 1)  0.267
  80 L   0.71779 0.28221 ( 1)  0.282
  81 G   0.74113 0.25887 ( 1)  0.259
  82 L   0.73084 0.26916 ( 1)  0.269
  83 N   0.76667 0.23333 ( 1)  0.233
  84 Q   0.73714 0.26286 ( 1)  0.263
  85 F   0.76444 0.23556 ( 1)  0.236
  86 L   0.71641 0.28359 ( 1)  0.284
  87 T   0.00000 1.00000 ( 2)  1.000
  88 E   0.77978 0.22022 ( 1)  0.220
  89 V   0.00000 1.00000 ( 2)  1.000
  90 S   0.79355 0.20645 ( 1)  0.206
  91 P   0.72872 0.27128 ( 1)  0.271
  92 S   0.76817 0.23183 ( 1)  0.232
  93 T   0.77066 0.22934 ( 1)  0.229
  94 V   0.73170 0.26830 ( 1)  0.268
  95 G   0.72940 0.27060 ( 1)  0.271
  96 W   0.73269 0.26731 ( 1)  0.267
  97 R   0.70547 0.29453 ( 1)  0.295
  98 D   0.81782 0.18218 ( 1)  0.182
  99 V   0.00000 1.00000 ( 2)  1.000
 100 D   0.81782 0.18218 ( 1)  0.182
 101 P   0.76291 0.23709 ( 1)  0.237
 102 R   0.67632 0.32368 ( 1)  0.324
 103 T   0.73624 0.26376 ( 1)  0.264
 104 P   0.72872 0.27128 ( 1)  0.271
 105 E   0.77978 0.22022 ( 1)  0.220
 106 Y   0.74978 0.25022 ( 1)  0.250
 107 K   0.76445 0.23555 ( 1)  0.236
 108 T   0.74153 0.25847 ( 1)  0.258
 109 V   0.74858 0.25142 ( 1)  0.251
 110 G   0.74113 0.25887 ( 1)  0.259
 111 G   0.72933 0.27067 ( 1)  0.271
 112 E   0.77978 0.22022 ( 1)  0.220
 113 I   0.78746 0.21254 ( 1)  0.213
 114 I   0.77177 0.22823 ( 1)  0.228
 115 W   0.73269 0.26731 ( 1)  0.267
 116 S   0.00000 1.00000 ( 2)  1.000
 117 N   0.80716 0.19284 ( 1)  0.193
 118 G   0.77566 0.22434 ( 1)  0.224
 119 E   0.77978 0.22022 ( 1)  0.220
 120 P   0.73385 0.26615 ( 1)  0.266
 121 D   0.81782 0.18218 ( 1)  0.182
 122 G   0.75283 0.24717 ( 1)  0.247
 123 G   0.74113 0.25887 ( 1)  0.259
 124 D   0.78888 0.21112 ( 1)  0.211
 125 P   0.71696 0.28304 ( 1)  0.283
 126 I   0.77177 0.22823 ( 1)  0.228
 127 I   0.78746 0.21254 ( 1)  0.213
 128 I   0.77177 0.22823 ( 1)  0.228
 129 S   0.71229 0.28771 ( 1)  0.288
 130 K   0.00000 1.00000 ( 2)  1.000
 131 C   0.00000 1.00000 ( 2)  1.000
 132 K   0.76031 0.23969 ( 1)  0.240
 133 N   0.76667 0.23333 ( 1)  0.233
 134 A   0.77681 0.22319 ( 1)  0.223
 135 I   0.00000 1.00000 ( 2)  1.000
 136 M   0.80349 0.19651 ( 1)  0.197
 137 Y   0.72550 0.27450 ( 1)  0.274
 138 D   0.81782 0.18218 ( 1)  0.182
 139 C   0.78118 0.21882 ( 1)  0.219
 140 S   0.69842 0.30158 ( 1)  0.302
 141 T   0.72419 0.27581 ( 1)  0.276
 142 T   0.74153 0.25847 ( 1)  0.258
 143 C   0.78118 0.21882 ( 1)  0.219
 144 D   0.81782 0.18218 ( 1)  0.182
 145 W   0.73269 0.26731 ( 1)  0.267
 146 V   0.74346 0.25654 ( 1)  0.257
 147 T   0.72419 0.27581 ( 1)  0.276
 148 L   0.69631 0.30369 ( 1)  0.304
 149 S   0.72285 0.27715 ( 1)  0.277
 150 V   0.77682 0.22318 ( 1)  0.223
 151 F   0.80402 0.19598 ( 1)  0.196
 152 C   0.00000 1.00000 ( 2)  1.000
 153 E   0.77601 0.22399 ( 1)  0.224
 154 Y   0.72550 0.27450 ( 1)  0.274
 155 G   0.77566 0.22434 ( 1)  0.224
 156 G   0.77566 0.22434 ( 1)  0.224
 157 P   0.73091 0.26909 ( 1)  0.269
 158 L   0.73084 0.26916 ( 1)  0.269
 159 P   0.71696 0.28304 ( 1)  0.283
 160 T   0.77066 0.22934 ( 1)  0.229
 161 G   0.74113 0.25887 ( 1)  0.259
 162 I   0.00000 1.00000 ( 2)  1.000
 163 L   0.69220 0.30780 ( 1)  0.308
 164 R   0.69388 0.30612 ( 1)  0.306
 165 Q   0.73714 0.26286 ( 1)  0.263
 166 M   0.00000 1.00000 ( 2)  1.000
 167 Y   0.77137 0.22863 ( 1)  0.229
 168 H   0.75613 0.24387 ( 1)  0.244
 169 S   0.71229 0.28771 ( 1)  0.288
 170 E   0.77978 0.22022 ( 1)  0.220
 171 F   0.76444 0.23556 ( 1)  0.236
 172 P   0.71696 0.28304 ( 1)  0.283
 173 M   0.80349 0.19651 ( 1)  0.197
 174 R   0.73279 0.26721 ( 1)  0.267
 175 L   0.69631 0.30369 ( 1)  0.304
 176 A   0.00000 1.00000 ( 2)  1.000
 177 N   0.76667 0.23333 ( 1)  0.233
 178 F   0.76444 0.23556 ( 1)  0.236
 179 I   0.74355 0.25645 ( 1)  0.256
 180 E   0.77601 0.22399 ( 1)  0.224
 181 T   0.00000 1.00000 ( 2)  1.000
 182 D   0.78091 0.21909 ( 1)  0.219
 183 P   0.73385 0.26615 ( 1)  0.266
 184 N   0.80716 0.19284 ( 1)  0.193
 185 W   0.73269 0.26731 ( 1)  0.267
 186 F   0.76444 0.23556 ( 1)  0.236
 187 G   0.75283 0.24717 ( 1)  0.247
 188 C   0.78118 0.21882 ( 1)  0.219
 189 Y   0.77137 0.22863 ( 1)  0.229
 190 Q   0.73714 0.26286 ( 1)  0.263
 191 D   0.81782 0.18218 ( 1)  0.182
 192 V   0.74346 0.25654 ( 1)  0.257
 193 D   0.00000 1.00000 ( 2)  1.000
 194 A   0.74844 0.25156 ( 1)  0.252
 195 F   0.00000 1.00000 ( 2)  1.000
 196 S   0.69842 0.30158 ( 1)  0.302
 197 A   0.74844 0.25156 ( 1)  0.252
 198 L   0.69631 0.30369 ( 1)  0.304
 199 D   0.81782 0.18218 ( 1)  0.182
 200 C   0.73752 0.26248 ( 1)  0.262
 201 A   0.74844 0.25156 ( 1)  0.252
 202 H   0.00000 1.00000 ( 2)  1.000
 203 K   0.75119 0.24881 ( 1)  0.249
 204 C   0.73752 0.26248 ( 1)  0.262
 205 T   0.73624 0.26376 ( 1)  0.264
 206 M   0.80349 0.19651 ( 1)  0.197
 207 D   0.00000 1.00000 ( 2)  1.000
 208 V   0.74033 0.25967 ( 1)  0.260
 209 A   0.76239 0.23761 ( 1)  0.238
 210 C   0.78118 0.21882 ( 1)  0.219
 211 R   0.68912 0.31088 ( 1)  0.311
 212 S   0.72285 0.27715 ( 1)  0.277
 213 I   0.74355 0.25645 ( 1)  0.256
 214 Y   0.72550 0.27450 ( 1)  0.274
 215 Y   0.77137 0.22863 ( 1)  0.229
 216 G   0.77566 0.22434 ( 1)  0.224
 217 D   0.78091 0.21909 ( 1)  0.219
 218 A   0.00000 1.00000 ( 2)  1.000
 219 A   0.00000 1.00000 ( 2)  1.000
 220 R   0.67632 0.32368 ( 1)  0.324
 221 R   0.75625 0.24375 ( 1)  0.244
 222 C   0.78118 0.21882 ( 1)  0.219
 223 V   0.74346 0.25654 ( 1)  0.257
 224 H   0.76715 0.23285 ( 1)  0.233
 225 M   0.80349 0.19651 ( 1)  0.197
 226 M   0.80349 0.19651 ( 1)  0.197
 227 Y   0.74978 0.25022 ( 1)  0.250
 228 A   0.74329 0.25671 ( 1)  0.257
 229 D   0.78888 0.21112 ( 1)  0.211
 230 A   0.77681 0.22319 ( 1)  0.223
 231 R   0.73279 0.26721 ( 1)  0.267
 232 L   0.69631 0.30369 ( 1)  0.304
 233 R   0.00000 1.00000 ( 2)  1.000
 234 S   0.69842 0.30158 ( 1)  0.302
 235 T   0.00000 1.00000 ( 2)  1.000
 236 V   0.00000 1.00000 ( 2)  1.000
 237 K   0.00000 1.00000 ( 2)  1.000
 238 S   0.71929 0.28071 ( 1)  0.281
 239 D   0.00000 1.00000 ( 2)  1.000
 240 K   0.00000 1.00000 ( 2)  1.000
 241 A   0.00000 1.00000 ( 2)  1.000
 242 E   0.00000 1.00000 ( 2)  1.000
 243 W   0.73269 0.26731 ( 1)  0.267
 244 R   0.00000 1.00000 ( 2)  1.000
 245 R   0.69528 0.30472 ( 1)  0.305
 246 Y   0.77137 0.22863 ( 1)  0.229
 247 A   0.74329 0.25671 ( 1)  0.257
 248 K   0.76445 0.23555 ( 1)  0.236
 249 T   0.73137 0.26863 ( 1)  0.269
 250 S   0.70669 0.29331 ( 1)  0.293
 251 Y   0.74978 0.25022 ( 1)  0.250
 252 V   0.00000 1.00000 ( 2)  1.000
 253 G   0.00000 1.00000 ( 2)  1.000
 254 N   0.76667 0.23333 ( 1)  0.233


lnL = -1517.209736

