Supplemental results for CODEML (seqf: algn  treef: tree)


dN/dS (w) for site classes (K=2)

p:   0.42782  0.57218
w:   0.00000  1.00000

Naive Empirical Bayes (NEB) probabilities for 2 classes & postmean_w
(amino acids refer to 1st sequence: spe.15466)

   1 L   0.47637 0.52363 ( 2)  0.524
   2 P   0.51790 0.48210 ( 1)  0.482
   3 T   0.47489 0.52511 ( 2)  0.525
   4 N   0.00000 1.00000 ( 2)  1.000
   5 A   0.00000 1.00000 ( 2)  1.000
   6 S   0.00000 1.00000 ( 2)  1.000
   7 S   0.00000 1.00000 ( 2)  1.000
   8 N   0.51172 0.48828 ( 1)  0.488
   9 S   0.45784 0.54216 ( 2)  0.542
  10 F   0.56844 0.43156 ( 1)  0.432
  11 Q   0.50354 0.49646 ( 1)  0.496
  12 R   0.57502 0.42498 ( 1)  0.425
  13 D   0.55859 0.44141 ( 1)  0.441
  14 D   0.00000 1.00000 ( 2)  1.000
  15 F   0.56844 0.43156 ( 1)  0.432
  16 N   0.60604 0.39396 ( 1)  0.394
  17 I   0.58237 0.41763 ( 1)  0.418
  18 S   0.45784 0.54216 ( 2)  0.542
  19 L   0.47046 0.52954 ( 2)  0.530
  20 S   0.00000 1.00000 ( 2)  1.000
  21 G   0.48933 0.51067 ( 2)  0.511
  22 R   0.57502 0.42498 ( 1)  0.425
  23 A   0.57191 0.42809 ( 1)  0.428
  24 G   0.58349 0.41651 ( 1)  0.417
  25 N   0.60604 0.39396 ( 1)  0.394
  26 S   0.47002 0.52998 ( 2)  0.530
  27 L   0.56393 0.43607 ( 1)  0.436
  28 V   0.57540 0.42460 ( 1)  0.425
  29 N   0.60604 0.39396 ( 1)  0.394
  30 I   0.49441 0.50559 ( 2)  0.506
  31 G   0.00000 1.00000 ( 2)  1.000
  32 K   0.00000 1.00000 ( 2)  1.000
  33 R   0.57502 0.42498 ( 1)  0.425
  34 R   0.57502 0.42498 ( 1)  0.425
  35 A   0.57191 0.42809 ( 1)  0.428
  36 Q   0.51487 0.48513 ( 1)  0.485
  37 I   0.49441 0.50559 ( 2)  0.506
  38 Q   0.00000 1.00000 ( 2)  1.000
  39 M   0.00000 1.00000 ( 2)  1.000
  40 R   0.51967 0.48033 ( 1)  0.480
  41 L   0.47143 0.52857 ( 2)  0.529
  42 E   0.53159 0.46841 ( 1)  0.468
  43 Q   0.51487 0.48513 ( 1)  0.485
  44 E   0.53159 0.46841 ( 1)  0.468
  45 M   0.53551 0.46449 ( 1)  0.464
  46 R   0.48582 0.51418 ( 2)  0.514
  47 A   0.00000 1.00000 ( 2)  1.000
  48 H   0.00000 1.00000 ( 2)  1.000
  49 D   0.51353 0.48647 ( 1)  0.486
  50 D   0.51353 0.48647 ( 1)  0.486
  51 L   0.56393 0.43607 ( 1)  0.436
  52 I   0.53775 0.46225 ( 1)  0.462
  53 V   0.49439 0.50561 ( 2)  0.506
  54 G   0.58349 0.41651 ( 1)  0.417
  55 N   0.00000 1.00000 ( 2)  1.000
  56 F   0.56844 0.43156 ( 1)  0.432
  57 E   0.53159 0.46841 ( 1)  0.468
  58 D   0.60583 0.39417 ( 1)  0.394
  59 T   0.56673 0.43327 ( 1)  0.433
  60 Y   0.58189 0.41811 ( 1)  0.418
  61 Y   0.58189 0.41811 ( 1)  0.418
  62 N   0.51172 0.48828 ( 1)  0.488
  63 L   0.47637 0.52363 ( 2)  0.524
  64 S   0.47046 0.52954 ( 2)  0.530
  65 L   0.51970 0.48030 ( 1)  0.480


lnL =  -345.794484

