Supplemental results for CODEML (seqf: algn  treef: tree)


dN/dS (w) for site classes (K=2)

p:   0.99999  0.00001
w:   0.39284  1.00000

Naive Empirical Bayes (NEB) probabilities for 2 classes & postmean_w
(amino acids refer to 1st sequence: Msl.12601)

   1 G   0.99999 0.00001 ( 1)  0.393
   2 A   0.99999 0.00001 ( 1)  0.393
   3 T   0.99999 0.00001 ( 1)  0.393
   4 G   0.99999 0.00001 ( 1)  0.393
   5 S   0.99999 0.00001 ( 1)  0.393
   6 K   0.99999 0.00001 ( 1)  0.393
   7 M   0.99999 0.00001 ( 1)  0.393
   8 P   0.99999 0.00001 ( 1)  0.393
   9 P   0.99999 0.00001 ( 1)  0.393
  10 P   0.99999 0.00001 ( 1)  0.393
  11 T   0.99999 0.00001 ( 1)  0.393
  12 P   0.99999 0.00001 ( 1)  0.393
  13 D   0.99999 0.00001 ( 1)  0.393
  14 P   0.99999 0.00001 ( 1)  0.393
  15 S   0.99999 0.00001 ( 1)  0.393
  16 S   0.99999 0.00001 ( 1)  0.393
  17 R   0.99999 0.00001 ( 1)  0.393
  18 L   0.99999 0.00001 ( 1)  0.393
  19 T   0.99999 0.00001 ( 1)  0.393
  20 D   0.99999 0.00001 ( 1)  0.393
  21 H   0.99999 0.00001 ( 1)  0.393
  22 R   0.99999 0.00001 ( 1)  0.393
  23 R   0.99999 0.00001 ( 1)  0.393
  24 C   0.99999 0.00001 ( 1)  0.393
  25 I   0.99998 0.00002 ( 1)  0.393
  26 V   0.99999 0.00001 ( 1)  0.393
  27 L   0.99999 0.00001 ( 1)  0.393
  28 L   0.99999 0.00001 ( 1)  0.393
  29 K   0.99999 0.00001 ( 1)  0.393
  30 F   0.99999 0.00001 ( 1)  0.393
  31 A   0.99999 0.00001 ( 1)  0.393
  32 N   0.99999 0.00001 ( 1)  0.393
  33 N   0.99999 0.00001 ( 1)  0.393
  34 T   0.99999 0.00001 ( 1)  0.393
  35 T   0.99999 0.00001 ( 1)  0.393
  36 T   0.99999 0.00001 ( 1)  0.393
  37 D   0.99999 0.00001 ( 1)  0.393
  38 S   0.99999 0.00001 ( 1)  0.393
  39 N   0.99998 0.00002 ( 1)  0.393
  40 K   0.99999 0.00001 ( 1)  0.393
  41 L   0.99999 0.00001 ( 1)  0.393
  42 E   0.99999 0.00001 ( 1)  0.393
  43 I   0.99999 0.00001 ( 1)  0.393
  44 L   0.99999 0.00001 ( 1)  0.393
  45 R   0.99999 0.00001 ( 1)  0.393
  46 S   0.99999 0.00001 ( 1)  0.393
  47 I   0.99999 0.00001 ( 1)  0.393
  48 I   0.99999 0.00001 ( 1)  0.393
  49 E   0.99999 0.00001 ( 1)  0.393
  50 R   0.99999 0.00001 ( 1)  0.393
  51 K   0.99999 0.00001 ( 1)  0.393
  52 R   0.99999 0.00001 ( 1)  0.393
  53 I   0.99998 0.00002 ( 1)  0.393
  54 V   0.99999 0.00001 ( 1)  0.393
  55 D   0.99999 0.00001 ( 1)  0.393
  56 S   0.99999 0.00001 ( 1)  0.393
  57 T   0.99999 0.00001 ( 1)  0.393
  58 S   0.99998 0.00002 ( 1)  0.393
  59 E   0.99999 0.00001 ( 1)  0.393
  60 A   0.99999 0.00001 ( 1)  0.393
  61 S   0.99999 0.00001 ( 1)  0.393
  62 I   0.99999 0.00001 ( 1)  0.393
  63 W   0.99999 0.00001 ( 1)  0.393
  64 P   0.99999 0.00001 ( 1)  0.393
  65 K   0.99999 0.00001 ( 1)  0.393
  66 L   0.99999 0.00001 ( 1)  0.393
  67 V   0.99999 0.00001 ( 1)  0.393
  68 F   0.99999 0.00001 ( 1)  0.393
  69 D   0.99999 0.00001 ( 1)  0.393
  70 I   0.99999 0.00001 ( 1)  0.393
  71 D   0.99999 0.00001 ( 1)  0.393
  72 F   0.99999 0.00001 ( 1)  0.393
  73 D   0.99999 0.00001 ( 1)  0.393
  74 S   0.99999 0.00001 ( 1)  0.393
  75 L   0.99999 0.00001 ( 1)  0.393
  76 D   0.99999 0.00001 ( 1)  0.393
  77 W   0.99999 0.00001 ( 1)  0.393
  78 S   0.99999 0.00001 ( 1)  0.393
  79 T   0.99998 0.00002 ( 1)  0.393
  80 F   0.99999 0.00001 ( 1)  0.393
  81 H   0.99999 0.00001 ( 1)  0.393
  82 C   0.99999 0.00001 ( 1)  0.393
  83 H   0.99999 0.00001 ( 1)  0.393
  84 R   0.99999 0.00001 ( 1)  0.393
  85 R   0.99999 0.00001 ( 1)  0.393
  86 I   0.99999 0.00001 ( 1)  0.393
  87 R   0.99999 0.00001 ( 1)  0.393
  88 L   0.99999 0.00001 ( 1)  0.393
  89 A   0.99999 0.00001 ( 1)  0.393
  90 L   0.99999 0.00001 ( 1)  0.393
  91 F   0.99999 0.00001 ( 1)  0.393
  92 I   0.99999 0.00001 ( 1)  0.393
  93 G   0.99999 0.00001 ( 1)  0.393
  94 F   0.99999 0.00001 ( 1)  0.393
  95 S   0.99999 0.00001 ( 1)  0.393
  96 A   0.99999 0.00001 ( 1)  0.393
  97 Q   0.99999 0.00001 ( 1)  0.393
  98 N   0.99999 0.00001 ( 1)  0.393
  99 A   0.99999 0.00001 ( 1)  0.393
 100 P   0.99999 0.00001 ( 1)  0.393
 101 A   0.99999 0.00001 ( 1)  0.393
 102 V   0.99999 0.00001 ( 1)  0.393
 103 L   0.99999 0.00001 ( 1)  0.393
 104 S   0.99999 0.00001 ( 1)  0.393
 105 K   0.99999 0.00001 ( 1)  0.393
 106 K   0.99999 0.00001 ( 1)  0.393
 107 D   0.99999 0.00001 ( 1)  0.393
 108 L   0.99999 0.00001 ( 1)  0.393
 109 A   0.99999 0.00001 ( 1)  0.393
 110 V   0.99999 0.00001 ( 1)  0.393
 111 L   0.99999 0.00001 ( 1)  0.393
 112 S   0.99999 0.00001 ( 1)  0.393
 113 D   0.99999 0.00001 ( 1)  0.393
 114 V   0.99999 0.00001 ( 1)  0.393
 115 L   0.99999 0.00001 ( 1)  0.393
 116 T   0.99999 0.00001 ( 1)  0.393
 117 A   0.99999 0.00001 ( 1)  0.393
 118 T   0.99999 0.00001 ( 1)  0.393
 119 L   0.99999 0.00001 ( 1)  0.393
 120 P   0.99999 0.00001 ( 1)  0.393
 121 A   0.99999 0.00001 ( 1)  0.393
 122 D   0.99999 0.00001 ( 1)  0.393
 123 W   0.99999 0.00001 ( 1)  0.393
 124 S   0.99999 0.00001 ( 1)  0.393
 125 E   0.99999 0.00001 ( 1)  0.393
 126 N   0.99998 0.00002 ( 1)  0.393
 127 A   0.99999 0.00001 ( 1)  0.393
 128 L   0.99999 0.00001 ( 1)  0.393
 129 E   0.99999 0.00001 ( 1)  0.393
 130 S   0.99999 0.00001 ( 1)  0.393
 131 I   0.99998 0.00002 ( 1)  0.393
 132 M   0.99999 0.00001 ( 1)  0.393
 133 N   0.99999 0.00001 ( 1)  0.393
 134 D   0.99999 0.00001 ( 1)  0.393
 135 L   0.99999 0.00001 ( 1)  0.393
 136 T   0.99999 0.00001 ( 1)  0.393
 137 T   0.99999 0.00001 ( 1)  0.393
 138 K   0.99999 0.00001 ( 1)  0.393
 139 L   0.99999 0.00001 ( 1)  0.393
 140 A   0.99999 0.00001 ( 1)  0.393
 141 S   0.99999 0.00001 ( 1)  0.393
 142 Q   0.99999 0.00001 ( 1)  0.393
 143 L   0.99999 0.00001 ( 1)  0.393
 144 T   0.99999 0.00001 ( 1)  0.393
 145 A   0.99999 0.00001 ( 1)  0.393
 146 E   0.99999 0.00001 ( 1)  0.393
 147 L   0.99999 0.00001 ( 1)  0.393
 148 T   0.99999 0.00001 ( 1)  0.393
 149 L   0.99999 0.00001 ( 1)  0.393
 150 E   0.99999 0.00001 ( 1)  0.393
 151 T   0.99999 0.00001 ( 1)  0.393
 152 S   0.99999 0.00001 ( 1)  0.393
 153 Q   0.99999 0.00001 ( 1)  0.393
 154 L   0.99999 0.00001 ( 1)  0.393
 155 S   0.99999 0.00001 ( 1)  0.393
 156 S   0.99999 0.00001 ( 1)  0.393
 157 P   0.99999 0.00001 ( 1)  0.393
 158 S   0.99999 0.00001 ( 1)  0.393
 159 Q   0.99999 0.00001 ( 1)  0.393
 160 S   0.99999 0.00001 ( 1)  0.393
 161 P   0.99999 0.00001 ( 1)  0.393
 162 A   0.99999 0.00001 ( 1)  0.393
 163 S   0.99999 0.00001 ( 1)  0.393
 164 T   0.99999 0.00001 ( 1)  0.393
 165 P   0.99999 0.00001 ( 1)  0.393
 166 S   0.99999 0.00001 ( 1)  0.393
 167 T   0.99999 0.00001 ( 1)  0.393
 168 P   0.99999 0.00001 ( 1)  0.393
 169 P   0.99999 0.00001 ( 1)  0.393
 170 A   0.99999 0.00001 ( 1)  0.393
 171 E   0.99999 0.00001 ( 1)  0.393
 172 L   0.99999 0.00001 ( 1)  0.393
 173 S   0.99999 0.00001 ( 1)  0.393
 174 S   0.99999 0.00001 ( 1)  0.393
 175 N   0.99999 0.00001 ( 1)  0.393
 176 S   0.99999 0.00001 ( 1)  0.393
 177 S   0.99999 0.00001 ( 1)  0.393
 178 L   0.99999 0.00001 ( 1)  0.393
 179 S   0.99999 0.00001 ( 1)  0.393
 180 S   0.99999 0.00001 ( 1)  0.393
 181 V   0.99999 0.00001 ( 1)  0.393
 182 Q   0.99999 0.00001 ( 1)  0.393
 183 S   0.99999 0.00001 ( 1)  0.393
 184 G   0.99999 0.00001 ( 1)  0.393
 185 Q   0.99999 0.00001 ( 1)  0.393
 186 A   0.99999 0.00001 ( 1)  0.393
 187 Q   0.99999 0.00001 ( 1)  0.393
 188 Q   0.99999 0.00001 ( 1)  0.393
 189 Q   0.99999 0.00001 ( 1)  0.393
 190 I   0.99999 0.00001 ( 1)  0.393
 191 P   0.99999 0.00001 ( 1)  0.393
 192 M   0.99999 0.00001 ( 1)  0.393
 193 T   0.99999 0.00001 ( 1)  0.393
 194 P   0.99999 0.00001 ( 1)  0.393
 195 I   0.99999 0.00001 ( 1)  0.393
 196 E   0.99999 0.00001 ( 1)  0.393
 197 A   0.99998 0.00002 ( 1)  0.393
 198 S   0.99999 0.00001 ( 1)  0.393
 199 T   0.99999 0.00001 ( 1)  0.393
 200 S   0.99999 0.00001 ( 1)  0.393
 201 V   0.99999 0.00001 ( 1)  0.393
 202 G   0.99999 0.00001 ( 1)  0.393
 203 W   0.99999 0.00001 ( 1)  0.393
 204 S   0.99999 0.00001 ( 1)  0.393
 205 E   0.99999 0.00001 ( 1)  0.393
 206 G   0.99999 0.00001 ( 1)  0.393
 207 K   0.99999 0.00001 ( 1)  0.393
 208 R   0.99999 0.00001 ( 1)  0.393
 209 S   0.99999 0.00001 ( 1)  0.393
 210 K   0.99999 0.00001 ( 1)  0.393
 211 R   0.99999 0.00001 ( 1)  0.393
 212 G   0.99999 0.00001 ( 1)  0.393
 213 S   0.99999 0.00001 ( 1)  0.393
 214 S   0.99998 0.00002 ( 1)  0.393
 215 R   0.99999 0.00001 ( 1)  0.393
 216 R   0.99999 0.00001 ( 1)  0.393
 217 E   0.99999 0.00001 ( 1)  0.393
 218 K   0.99999 0.00001 ( 1)  0.393
 219 Q   0.99999 0.00001 ( 1)  0.393
 220 R   0.99999 0.00001 ( 1)  0.393
 221 A   0.99999 0.00001 ( 1)  0.393
 222 D   0.99999 0.00001 ( 1)  0.393
 223 L   0.99999 0.00001 ( 1)  0.393
 224 R   0.99999 0.00001 ( 1)  0.393
 225 L   0.99999 0.00001 ( 1)  0.393
 226 L   0.99999 0.00001 ( 1)  0.393
 227 L   0.99999 0.00001 ( 1)  0.393
 228 G   0.99999 0.00001 ( 1)  0.393
 229 D   0.99999 0.00001 ( 1)  0.393
 230 F   0.99999 0.00001 ( 1)  0.393
 231 K   0.99999 0.00001 ( 1)  0.393
 232 S   0.99999 0.00001 ( 1)  0.393
 233 A   0.99999 0.00001 ( 1)  0.393
 234 R   0.99999 0.00001 ( 1)  0.393
 235 S   0.99999 0.00001 ( 1)  0.393
 236 G   0.99999 0.00001 ( 1)  0.393
 237 Y   0.99999 0.00001 ( 1)  0.393
 238 K   0.99999 0.00001 ( 1)  0.393
 239 T   0.99999 0.00001 ( 1)  0.393
 240 S   0.99999 0.00001 ( 1)  0.393
 241 I   0.99999 0.00001 ( 1)  0.393
 242 E   0.99999 0.00001 ( 1)  0.393
 243 T   0.99999 0.00001 ( 1)  0.393
 244 L   0.99999 0.00001 ( 1)  0.393
 245 R   0.99999 0.00001 ( 1)  0.393
 246 A   0.99999 0.00001 ( 1)  0.393
 247 L   0.99999 0.00001 ( 1)  0.393
 248 N   0.99999 0.00001 ( 1)  0.393
 249 D   0.99999 0.00001 ( 1)  0.393
 250 W   0.99999 0.00001 ( 1)  0.393
 251 L   0.99999 0.00001 ( 1)  0.393
 252 W   0.99999 0.00001 ( 1)  0.393
 253 Y   0.99999 0.00001 ( 1)  0.393
 254 A   0.99999 0.00001 ( 1)  0.393
 255 S   0.99999 0.00001 ( 1)  0.393
 256 A   0.99999 0.00001 ( 1)  0.393
 257 L   0.99999 0.00001 ( 1)  0.393
 258 E   0.99999 0.00001 ( 1)  0.393
 259 G   0.99999 0.00001 ( 1)  0.393
 260 L   0.99999 0.00001 ( 1)  0.393
 261 S   0.99999 0.00001 ( 1)  0.393
 262 A   0.99999 0.00001 ( 1)  0.393
 263 V   0.99999 0.00001 ( 1)  0.393
 264 A   0.99999 0.00001 ( 1)  0.393
 265 D   0.99999 0.00001 ( 1)  0.393
 266 A   0.99999 0.00001 ( 1)  0.393
 267 E   0.99999 0.00001 ( 1)  0.393
 268 A   0.99999 0.00001 ( 1)  0.393
 269 E   0.99999 0.00001 ( 1)  0.393
 270 S   0.99999 0.00001 ( 1)  0.393
 271 T   0.99999 0.00001 ( 1)  0.393
 272 T   0.99999 0.00001 ( 1)  0.393
 273 D   0.99999 0.00001 ( 1)  0.393
 274 E   0.99999 0.00001 ( 1)  0.393
 275 L   0.99999 0.00001 ( 1)  0.393
 276 D   0.99999 0.00001 ( 1)  0.393
 277 S   0.99999 0.00001 ( 1)  0.393
 278 P   0.99998 0.00002 ( 1)  0.393
 279 N   0.99999 0.00001 ( 1)  0.393
 280 E   0.99999 0.00001 ( 1)  0.393
 281 S   0.99999 0.00001 ( 1)  0.393
 282 E   0.99999 0.00001 ( 1)  0.393
 283 T   0.99999 0.00001 ( 1)  0.393
 284 D   0.99999 0.00001 ( 1)  0.393
 285 L   0.99999 0.00001 ( 1)  0.393
 286 E   0.99999 0.00001 ( 1)  0.393
 287 A   0.99999 0.00001 ( 1)  0.393
 288 P   0.99999 0.00001 ( 1)  0.393
 289 E   0.99999 0.00001 ( 1)  0.393
 290 A   0.99999 0.00001 ( 1)  0.393
 291 T   0.99999 0.00001 ( 1)  0.393
 292 A   0.99999 0.00001 ( 1)  0.393
 293 A   0.99999 0.00001 ( 1)  0.393
 294 R   0.99999 0.00001 ( 1)  0.393
 295 C   0.99999 0.00001 ( 1)  0.393
 296 R   0.99999 0.00001 ( 1)  0.393
 297 E   0.99999 0.00001 ( 1)  0.393
 298 A   0.99999 0.00001 ( 1)  0.393
 299 V   0.99999 0.00001 ( 1)  0.393
 300 S   0.99999 0.00001 ( 1)  0.393
 301 E   0.99999 0.00001 ( 1)  0.393
 302 Y   0.99999 0.00001 ( 1)  0.393
 303 Q   0.99999 0.00001 ( 1)  0.393
 304 K   0.99999 0.00001 ( 1)  0.393
 305 F   0.99999 0.00001 ( 1)  0.393
 306 S   0.99999 0.00001 ( 1)  0.393
 307 A   0.99999 0.00001 ( 1)  0.393
 308 A   0.99999 0.00001 ( 1)  0.393
 309 A   0.99999 0.00001 ( 1)  0.393
 310 W   0.99999 0.00001 ( 1)  0.393
 311 L   0.99999 0.00001 ( 1)  0.393
 312 A   0.99999 0.00001 ( 1)  0.393
 313 A   0.99999 0.00001 ( 1)  0.393
 314 E   0.99999 0.00001 ( 1)  0.393
 315 A   0.99999 0.00001 ( 1)  0.393
 316 T   0.99999 0.00001 ( 1)  0.393
 317 L   0.99999 0.00001 ( 1)  0.393
 318 K   0.99999 0.00001 ( 1)  0.393
 319 A   0.99999 0.00001 ( 1)  0.393
 320 A   0.99999 0.00001 ( 1)  0.393
 321 R   0.99999 0.00001 ( 1)  0.393
 322 A   0.99999 0.00001 ( 1)  0.393
 323 M   0.99999 0.00001 ( 1)  0.393
 324 R   0.99999 0.00001 ( 1)  0.393
 325 G   0.99999 0.00001 ( 1)  0.393
 326 Y   0.99999 0.00001 ( 1)  0.393
 327 Q   0.99999 0.00001 ( 1)  0.393
 328 Q   0.99999 0.00001 ( 1)  0.393
 329 H   0.99999 0.00001 ( 1)  0.393
 330 W   0.99999 0.00001 ( 1)  0.393
 331 R   0.99999 0.00001 ( 1)  0.393
 332 S   0.99999 0.00001 ( 1)  0.393
 333 R   0.99999 0.00001 ( 1)  0.393
 334 R   0.99999 0.00001 ( 1)  0.393
 335 W   0.99999 0.00001 ( 1)  0.393
 336 P   0.99999 0.00001 ( 1)  0.393
 337 A   0.99999 0.00001 ( 1)  0.393
 338 V   0.99999 0.00001 ( 1)  0.393
 339 E   0.99999 0.00001 ( 1)  0.393
 340 A   0.99999 0.00001 ( 1)  0.393
 341 V   0.99999 0.00001 ( 1)  0.393
 342 Q   0.99999 0.00001 ( 1)  0.393
 343 F   0.99999 0.00001 ( 1)  0.393
 344 L   0.99999 0.00001 ( 1)  0.393
 345 E   0.99999 0.00001 ( 1)  0.393
 346 L   0.99999 0.00001 ( 1)  0.393
 347 P   0.99999 0.00001 ( 1)  0.393
 348 A   0.99999 0.00001 ( 1)  0.393
 349 T   0.99999 0.00001 ( 1)  0.393
 350 E   0.99999 0.00001 ( 1)  0.393
 351 R   0.99999 0.00001 ( 1)  0.393
 352 L   0.99999 0.00001 ( 1)  0.393
 353 L   0.99999 0.00001 ( 1)  0.393
 354 A   0.99998 0.00002 ( 1)  0.393
 355 S   0.99999 0.00001 ( 1)  0.393
 356 V   0.99999 0.00001 ( 1)  0.393
 357 G   0.99999 0.00001 ( 1)  0.393
 358 N   0.99999 0.00001 ( 1)  0.393
 359 S   0.99999 0.00001 ( 1)  0.393
 360 S   0.99999 0.00001 ( 1)  0.393
 361 N   0.99999 0.00001 ( 1)  0.393
 362 T   0.99999 0.00001 ( 1)  0.393
 363 W   0.99999 0.00001 ( 1)  0.393
 364 C   0.99999 0.00001 ( 1)  0.393
 365 I   0.99999 0.00001 ( 1)  0.393
 366 G   0.99999 0.00001 ( 1)  0.393
 367 D   0.99999 0.00001 ( 1)  0.393
 368 L   0.99999 0.00001 ( 1)  0.393
 369 M   0.99999 0.00001 ( 1)  0.393
 370 A   0.99999 0.00001 ( 1)  0.393
 371 E   0.99999 0.00001 ( 1)  0.393
 372 L   0.99999 0.00001 ( 1)  0.393
 373 G   0.99999 0.00001 ( 1)  0.393
 374 L   0.99999 0.00001 ( 1)  0.393
 375 T   0.99999 0.00001 ( 1)  0.393
 376 R   0.99999 0.00001 ( 1)  0.393
 377 R   0.99999 0.00001 ( 1)  0.393
 378 A   0.99999 0.00001 ( 1)  0.393
 379 V   0.99999 0.00001 ( 1)  0.393
 380 L   0.99999 0.00001 ( 1)  0.393
 381 H   0.99999 0.00001 ( 1)  0.393
 382 R   0.99999 0.00001 ( 1)  0.393
 383 W   0.99999 0.00001 ( 1)  0.393
 384 L   0.99999 0.00001 ( 1)  0.393
 385 A   0.99999 0.00001 ( 1)  0.393
 386 A   0.99999 0.00001 ( 1)  0.393
 387 N   0.99999 0.00001 ( 1)  0.393
 388 K   0.99999 0.00001 ( 1)  0.393
 389 H   0.99999 0.00001 ( 1)  0.393
 390 L   0.99999 0.00001 ( 1)  0.393
 391 D   0.99999 0.00001 ( 1)  0.393
 392 D   0.99999 0.00001 ( 1)  0.393
 393 V   0.99999 0.00001 ( 1)  0.393
 394 G   0.99999 0.00001 ( 1)  0.393
 395 A   0.99999 0.00001 ( 1)  0.393
 396 S   0.99999 0.00001 ( 1)  0.393
 397 G   0.99999 0.00001 ( 1)  0.393
 398 V   0.99999 0.00001 ( 1)  0.393
 399 D   0.99999 0.00001 ( 1)  0.393
 400 L   0.99999 0.00001 ( 1)  0.393
 401 D   0.99999 0.00001 ( 1)  0.393
 402 S   0.99999 0.00001 ( 1)  0.393
 403 S   0.99999 0.00001 ( 1)  0.393
 404 V   0.99999 0.00001 ( 1)  0.393
 405 A   0.99999 0.00001 ( 1)  0.393
 406 L   0.99999 0.00001 ( 1)  0.393
 407 L   0.99999 0.00001 ( 1)  0.393
 408 T   0.99999 0.00001 ( 1)  0.393
 409 R   0.99999 0.00001 ( 1)  0.393
 410 C   0.99999 0.00001 ( 1)  0.393
 411 L   0.99999 0.00001 ( 1)  0.393
 412 D   0.99999 0.00001 ( 1)  0.393
 413 N   0.99999 0.00001 ( 1)  0.393
 414 D   0.99999 0.00001 ( 1)  0.393
 415 R   0.99999 0.00001 ( 1)  0.393
 416 E   0.99999 0.00001 ( 1)  0.393
 417 I   0.99999 0.00001 ( 1)  0.393
 418 D   0.99999 0.00001 ( 1)  0.393
 419 D   0.99999 0.00001 ( 1)  0.393
 420 G   0.99999 0.00001 ( 1)  0.393
 421 T   0.99999 0.00001 ( 1)  0.393
 422 S   0.99999 0.00001 ( 1)  0.393
 423 L   0.99999 0.00001 ( 1)  0.393
 424 S   0.99999 0.00001 ( 1)  0.393
 425 A   0.99999 0.00001 ( 1)  0.393
 426 P   0.99999 0.00001 ( 1)  0.393
 427 R   0.99999 0.00001 ( 1)  0.393
 428 L   0.99999 0.00001 ( 1)  0.393
 429 K   0.99999 0.00001 ( 1)  0.393
 430 V   0.99999 0.00001 ( 1)  0.393
 431 T   0.99999 0.00001 ( 1)  0.393
 432 L   0.99999 0.00001 ( 1)  0.393
 433 A   0.99999 0.00001 ( 1)  0.393
 434 C   0.99999 0.00001 ( 1)  0.393
 435 R   0.99999 0.00001 ( 1)  0.393
 436 L   0.99999 0.00001 ( 1)  0.393
 437 V   0.99999 0.00001 ( 1)  0.393
 438 A   0.99999 0.00001 ( 1)  0.393
 439 L   0.99999 0.00001 ( 1)  0.393
 440 L   0.99999 0.00001 ( 1)  0.393
 441 R   0.99999 0.00001 ( 1)  0.393
 442 Q   0.99999 0.00001 ( 1)  0.393
 443 R   0.99999 0.00001 ( 1)  0.393
 444 Q   0.99999 0.00001 ( 1)  0.393
 445 N   0.99999 0.00001 ( 1)  0.393
 446 T   0.99998 0.00002 ( 1)  0.393
 447 A   0.99999 0.00001 ( 1)  0.393
 448 T   0.99999 0.00001 ( 1)  0.393
 449 T   0.99999 0.00001 ( 1)  0.393
 450 S   0.99999 0.00001 ( 1)  0.393
 451 S   0.99999 0.00001 ( 1)  0.393
 452 S   0.99999 0.00001 ( 1)  0.393
 453 T   0.99999 0.00001 ( 1)  0.393
 454 A   0.99999 0.00001 ( 1)  0.393
 455 T   0.99999 0.00001 ( 1)  0.393
 456 N   0.99999 0.00001 ( 1)  0.393
 457 D   0.99999 0.00001 ( 1)  0.393
 458 K   0.99999 0.00001 ( 1)  0.393
 459 A   0.99999 0.00001 ( 1)  0.393
 460 W   0.99999 0.00001 ( 1)  0.393
 461 E   0.99999 0.00001 ( 1)  0.393
 462 R   0.99999 0.00001 ( 1)  0.393
 463 A   0.99999 0.00001 ( 1)  0.393
 464 L   0.99999 0.00001 ( 1)  0.393
 465 S   0.99999 0.00001 ( 1)  0.393
 466 T   0.99999 0.00001 ( 1)  0.393
 467 L   0.99999 0.00001 ( 1)  0.393
 468 G   0.99999 0.00001 ( 1)  0.393
 469 S   0.99999 0.00001 ( 1)  0.393
 470 L   0.99999 0.00001 ( 1)  0.393
 471 G   0.99999 0.00001 ( 1)  0.393
 472 P   0.99999 0.00001 ( 1)  0.393
 473 W   0.99999 0.00001 ( 1)  0.393
 474 L   0.99999 0.00001 ( 1)  0.393
 475 T   0.99999 0.00001 ( 1)  0.393
 476 P   0.99999 0.00001 ( 1)  0.393
 477 D   0.99998 0.00002 ( 1)  0.393
 478 E   0.99999 0.00001 ( 1)  0.393
 479 C   0.99999 0.00001 ( 1)  0.393
 480 N   0.99999 0.00001 ( 1)  0.393
 481 E   0.99999 0.00001 ( 1)  0.393
 482 L   0.99999 0.00001 ( 1)  0.393
 483 F   0.99999 0.00001 ( 1)  0.393
 484 D   0.99999 0.00001 ( 1)  0.393
 485 C   0.99999 0.00001 ( 1)  0.393
 486 L   0.99999 0.00001 ( 1)  0.393
 487 S   0.99999 0.00001 ( 1)  0.393
 488 D   0.99999 0.00001 ( 1)  0.393
 489 A   0.99999 0.00001 ( 1)  0.393
 490 T   0.99999 0.00001 ( 1)  0.393
 491 N   0.99999 0.00001 ( 1)  0.393
 492 S   0.99999 0.00001 ( 1)  0.393
 493 F   0.99999 0.00001 ( 1)  0.393
 494 S   0.99999 0.00001 ( 1)  0.393
 495 N   0.99998 0.00002 ( 1)  0.393
 496 P   0.99999 0.00001 ( 1)  0.393
 497 I   0.99999 0.00001 ( 1)  0.393
 498 K   0.99998 0.00002 ( 1)  0.393
 499 A   0.99999 0.00001 ( 1)  0.393
 500 P   0.99999 0.00001 ( 1)  0.393
 501 S   0.99999 0.00001 ( 1)  0.393
 502 R   0.99999 0.00001 ( 1)  0.393
 503 L   0.99999 0.00001 ( 1)  0.393
 504 P   0.99999 0.00001 ( 1)  0.393
 505 E   0.99999 0.00001 ( 1)  0.393
 506 W   0.99999 0.00001 ( 1)  0.393
 507 L   0.99999 0.00001 ( 1)  0.393
 508 L   0.99999 0.00001 ( 1)  0.393
 509 A   0.99999 0.00001 ( 1)  0.393
 510 K   0.99999 0.00001 ( 1)  0.393
 511 P   0.99999 0.00001 ( 1)  0.393
 512 E   0.99999 0.00001 ( 1)  0.393
 513 S   0.99999 0.00001 ( 1)  0.393
 514 M   0.99999 0.00001 ( 1)  0.393
 515 P   0.99999 0.00001 ( 1)  0.393
 516 D   0.99999 0.00001 ( 1)  0.393
 517 S   0.99999 0.00001 ( 1)  0.393
 518 P   0.99999 0.00001 ( 1)  0.393
 519 V   0.99999 0.00001 ( 1)  0.393
 520 I   0.99999 0.00001 ( 1)  0.393
 521 M   0.99998 0.00002 ( 1)  0.393
 522 T   0.99999 0.00001 ( 1)  0.393
 523 S   0.99998 0.00002 ( 1)  0.393
 524 A   0.99999 0.00001 ( 1)  0.393
 525 N   0.99998 0.00002 ( 1)  0.393
 526 S   0.99999 0.00001 ( 1)  0.393
 527 K   0.99999 0.00001 ( 1)  0.393
 528 A   0.99999 0.00001 ( 1)  0.393
 529 S   0.99999 0.00001 ( 1)  0.393
 530 S   0.99999 0.00001 ( 1)  0.393
 531 S   0.99999 0.00001 ( 1)  0.393
 532 G   0.99999 0.00001 ( 1)  0.393
 533 E   0.99999 0.00001 ( 1)  0.393
 534 E   0.99999 0.00001 ( 1)  0.393
 535 N   0.99999 0.00001 ( 1)  0.393
 536 Q   0.99999 0.00001 ( 1)  0.393
 537 G   0.99999 0.00001 ( 1)  0.393
 538 T   0.99999 0.00001 ( 1)  0.393
 539 N   0.99999 0.00001 ( 1)  0.393
 540 V   0.99999 0.00001 ( 1)  0.393
 541 K   0.99999 0.00001 ( 1)  0.393
 542 P   0.99999 0.00001 ( 1)  0.393
 543 L   0.99999 0.00001 ( 1)  0.393
 544 F   0.99999 0.00001 ( 1)  0.393
 545 I   0.99999 0.00001 ( 1)  0.393
 546 Y   0.99999 0.00001 ( 1)  0.393
 547 T   0.99999 0.00001 ( 1)  0.393
 548 P   0.99999 0.00001 ( 1)  0.393
 549 L   0.99999 0.00001 ( 1)  0.393
 550 T   0.99999 0.00001 ( 1)  0.393
 551 L   0.99999 0.00001 ( 1)  0.393
 552 D   0.99999 0.00001 ( 1)  0.393
 553 G   0.99999 0.00001 ( 1)  0.393
 554 N   0.99999 0.00001 ( 1)  0.393
 555 A   0.99999 0.00001 ( 1)  0.393
 556 D   0.99999 0.00001 ( 1)  0.393
 557 S   0.99999 0.00001 ( 1)  0.393
 558 A   0.99999 0.00001 ( 1)  0.393
 559 K   0.99999 0.00001 ( 1)  0.393
 560 K   0.99999 0.00001 ( 1)  0.393
 561 S   0.99999 0.00001 ( 1)  0.393
 562 A   0.99999 0.00001 ( 1)  0.393
 563 P   0.99999 0.00001 ( 1)  0.393
 564 V   0.99999 0.00001 ( 1)  0.393
 565 Y   0.99999 0.00001 ( 1)  0.393
 566 W   0.99999 0.00001 ( 1)  0.393
 567 S   0.99999 0.00001 ( 1)  0.393
 568 I   0.99999 0.00001 ( 1)  0.393
 569 E   0.99999 0.00001 ( 1)  0.393
 570 E   0.99999 0.00001 ( 1)  0.393
 571 P   0.99999 0.00001 ( 1)  0.393
 572 N   0.99999 0.00001 ( 1)  0.393
 573 R   0.99999 0.00001 ( 1)  0.393
 574 L   0.99998 0.00002 ( 1)  0.393
 575 C   0.99999 0.00001 ( 1)  0.393
 576 L   0.99999 0.00001 ( 1)  0.393
 577 T   0.99999 0.00001 ( 1)  0.393
 578 L   0.99999 0.00001 ( 1)  0.393
 579 R   0.99999 0.00001 ( 1)  0.393
 580 H   0.99999 0.00001 ( 1)  0.393
 581 N   0.99999 0.00001 ( 1)  0.393
 582 L   0.99999 0.00001 ( 1)  0.393
 583 P   0.99999 0.00001 ( 1)  0.393
 584 V   0.99999 0.00001 ( 1)  0.393
 585 P   0.99998 0.00002 ( 1)  0.393
 586 L   0.99999 0.00001 ( 1)  0.393
 587 Q   0.99999 0.00001 ( 1)  0.393
 588 L   0.99999 0.00001 ( 1)  0.393
 589 N   0.99999 0.00001 ( 1)  0.393
 590 Q   0.99999 0.00001 ( 1)  0.393
 591 L   0.99999 0.00001 ( 1)  0.393
 592 S   0.99999 0.00001 ( 1)  0.393
 593 L   0.99999 0.00001 ( 1)  0.393
 594 R   0.99999 0.00001 ( 1)  0.393
 595 V   0.99999 0.00001 ( 1)  0.393
 596 R   0.99999 0.00001 ( 1)  0.393
 597 R   0.99999 0.00001 ( 1)  0.393
 598 R   0.99999 0.00001 ( 1)  0.393
 599 A   0.99999 0.00001 ( 1)  0.393
 600 R   0.99998 0.00002 ( 1)  0.393
 601 E   0.99999 0.00001 ( 1)  0.393
 602 S   0.99999 0.00001 ( 1)  0.393
 603 A   0.99999 0.00001 ( 1)  0.393
 604 S   0.99999 0.00001 ( 1)  0.393
 605 D   0.99999 0.00001 ( 1)  0.393
 606 N   0.99999 0.00001 ( 1)  0.393
 607 N   0.99998 0.00002 ( 1)  0.393
 608 D   0.99999 0.00001 ( 1)  0.393
 609 D   0.99998 0.00002 ( 1)  0.393
 610 D   0.99999 0.00001 ( 1)  0.393
 611 D   0.99999 0.00001 ( 1)  0.393
 612 S   0.99998 0.00002 ( 1)  0.393
 613 S   0.99998 0.00002 ( 1)  0.393
 614 E   0.99999 0.00001 ( 1)  0.393
 615 S   0.99999 0.00001 ( 1)  0.393
 616 V   0.99999 0.00001 ( 1)  0.393
 617 W   0.99999 0.00001 ( 1)  0.393
 618 P   0.99999 0.00001 ( 1)  0.393
 619 A   0.99999 0.00001 ( 1)  0.393
 620 T   0.99999 0.00001 ( 1)  0.393
 621 V   0.99999 0.00001 ( 1)  0.393
 622 S   0.99998 0.00002 ( 1)  0.393
 623 E   0.99999 0.00001 ( 1)  0.393
 624 S   0.99998 0.00002 ( 1)  0.393
 625 K   0.99999 0.00001 ( 1)  0.393
 626 S   0.99998 0.00002 ( 1)  0.393
 627 D   0.99999 0.00001 ( 1)  0.393
 628 F   0.99999 0.00001 ( 1)  0.393
 629 I   0.99999 0.00001 ( 1)  0.393
 630 E   0.99999 0.00001 ( 1)  0.393
 631 L   0.99999 0.00001 ( 1)  0.393
 632 N   0.99999 0.00001 ( 1)  0.393
 633 P   0.99999 0.00001 ( 1)  0.393
 634 L   0.99998 0.00002 ( 1)  0.393
 635 T   0.99999 0.00001 ( 1)  0.393
 636 S   0.99999 0.00001 ( 1)  0.393
 637 S   0.99999 0.00001 ( 1)  0.393
 638 N   0.99999 0.00001 ( 1)  0.393
 639 S   0.99999 0.00001 ( 1)  0.393
 640 S   0.99999 0.00001 ( 1)  0.393
 641 Y   0.99998 0.00002 ( 1)  0.393
 642 S   0.99999 0.00001 ( 1)  0.393
 643 I   0.99999 0.00001 ( 1)  0.393
 644 T   0.99999 0.00001 ( 1)  0.393
 645 L   0.99999 0.00001 ( 1)  0.393
 646 L   0.99999 0.00001 ( 1)  0.393
 647 V   0.99999 0.00001 ( 1)  0.393
 648 K   0.99998 0.00002 ( 1)  0.393
 649 P   0.99999 0.00001 ( 1)  0.393
 650 T   0.99999 0.00001 ( 1)  0.393
 651 E   0.99999 0.00001 ( 1)  0.393
 652 L   0.99999 0.00001 ( 1)  0.393
 653 G   0.99999 0.00001 ( 1)  0.393
 654 R   0.99998 0.00002 ( 1)  0.393
 655 F   0.99999 0.00001 ( 1)  0.393
 656 D   0.99999 0.00001 ( 1)  0.393
 657 L   0.99999 0.00001 ( 1)  0.393
 658 I   0.99999 0.00001 ( 1)  0.393
 659 G   0.99999 0.00001 ( 1)  0.393
 660 I   0.99999 0.00001 ( 1)  0.393
 661 N   0.99998 0.00002 ( 1)  0.393
 662 Y   0.99999 0.00001 ( 1)  0.393
 663 Y   0.99999 0.00001 ( 1)  0.393
 664 L   0.99999 0.00001 ( 1)  0.393
 665 L   0.99998 0.00002 ( 1)  0.393
 666 P   0.99999 0.00001 ( 1)  0.393
 667 S   0.99999 0.00001 ( 1)  0.393
 668 S   0.99999 0.00001 ( 1)  0.393
 669 L   0.99999 0.00001 ( 1)  0.393
 670 P   0.99999 0.00001 ( 1)  0.393
 671 L   0.99999 0.00001 ( 1)  0.393
 672 R   0.99999 0.00001 ( 1)  0.393
 673 S   0.99999 0.00001 ( 1)  0.393
 674 D   0.99999 0.00001 ( 1)  0.393
 675 L   0.99999 0.00001 ( 1)  0.393
 676 P   0.99999 0.00001 ( 1)  0.393
 677 S   0.99999 0.00001 ( 1)  0.393
 678 I   0.99999 0.00001 ( 1)  0.393
 679 A   0.99999 0.00001 ( 1)  0.393
 680 S   0.99999 0.00001 ( 1)  0.393
 681 V   0.99999 0.00001 ( 1)  0.393
 682 K   0.99999 0.00001 ( 1)  0.393
 683 V   0.99999 0.00001 ( 1)  0.393
 684 V   0.99999 0.00001 ( 1)  0.393
 685 P   0.99999 0.00001 ( 1)  0.393
 686 I   0.99999 0.00001 ( 1)  0.393
 687 L   0.99999 0.00001 ( 1)  0.393
 688 P   0.99999 0.00001 ( 1)  0.393
 689 K   0.99999 0.00001 ( 1)  0.393
 690 L   0.99999 0.00001 ( 1)  0.393
 691 R   0.99999 0.00001 ( 1)  0.393
 692 V   0.99999 0.00001 ( 1)  0.393
 693 E   0.99999 0.00001 ( 1)  0.393
 694 W   0.99999 0.00001 ( 1)  0.393
 695 L   0.99999 0.00001 ( 1)  0.393
 696 D   0.99999 0.00001 ( 1)  0.393
 697 G   0.99999 0.00001 ( 1)  0.393
 698 G   0.99999 0.00001 ( 1)  0.393
 699 S   0.99999 0.00001 ( 1)  0.393
 700 V   0.99999 0.00001 ( 1)  0.393
 701 K   0.99999 0.00001 ( 1)  0.393
 702 L   0.99999 0.00001 ( 1)  0.393
 703 A   0.99999 0.00001 ( 1)  0.393
 704 I   0.99999 0.00001 ( 1)  0.393
 705 D   0.99999 0.00001 ( 1)  0.393
 706 P   0.99999 0.00001 ( 1)  0.393
 707 M   0.99999 0.00001 ( 1)  0.393
 708 I   0.99998 0.00002 ( 1)  0.393
 709 L   0.99999 0.00001 ( 1)  0.393
 710 S   0.99999 0.00001 ( 1)  0.393
 711 G   0.99999 0.00001 ( 1)  0.393
 712 Q   0.99998 0.00002 ( 1)  0.393
 713 Q   0.99999 0.00001 ( 1)  0.393
 714 I   0.99999 0.00001 ( 1)  0.393
 715 D   0.99999 0.00001 ( 1)  0.393
 716 S   0.99999 0.00001 ( 1)  0.393
 717 D   0.99999 0.00001 ( 1)  0.393
 718 R   0.99999 0.00001 ( 1)  0.393
 719 S   0.99999 0.00001 ( 1)  0.393
 720 V   0.99999 0.00001 ( 1)  0.393
 721 A   0.99999 0.00001 ( 1)  0.393
 722 A   0.99999 0.00001 ( 1)  0.393
 723 G   0.99999 0.00001 ( 1)  0.393
 724 S   0.99999 0.00001 ( 1)  0.393
 725 S   0.99999 0.00001 ( 1)  0.393
 726 A   0.99999 0.00001 ( 1)  0.393
 727 S   0.99999 0.00001 ( 1)  0.393
 728 M   0.99999 0.00001 ( 1)  0.393
 729 Q   0.99999 0.00001 ( 1)  0.393
 730 L   0.99999 0.00001 ( 1)  0.393
 731 R   0.99999 0.00001 ( 1)  0.393
 732 L   0.99999 0.00001 ( 1)  0.393
 733 T   0.99999 0.00001 ( 1)  0.393
 734 N   0.99999 0.00001 ( 1)  0.393
 735 V   0.99999 0.00001 ( 1)  0.393
 736 G   0.99999 0.00001 ( 1)  0.393
 737 N   0.99999 0.00001 ( 1)  0.393
 738 L   0.99999 0.00001 ( 1)  0.393
 739 P   0.99999 0.00001 ( 1)  0.393
 740 I   0.99999 0.00001 ( 1)  0.393
 741 S   0.99999 0.00001 ( 1)  0.393
 742 Q   0.99999 0.00001 ( 1)  0.393
 743 A   0.99999 0.00001 ( 1)  0.393
 744 S   0.99999 0.00001 ( 1)  0.393
 745 L   0.99999 0.00001 ( 1)  0.393
 746 D   0.99999 0.00001 ( 1)  0.393
 747 L   0.99999 0.00001 ( 1)  0.393
 748 M   0.99999 0.00001 ( 1)  0.393
 749 P   0.99999 0.00001 ( 1)  0.393
 750 L   0.99999 0.00001 ( 1)  0.393
 751 G   0.99999 0.00001 ( 1)  0.393
 752 L   0.99999 0.00001 ( 1)  0.393
 753 A   0.99999 0.00001 ( 1)  0.393
 754 S   0.99999 0.00001 ( 1)  0.393
 755 W   0.99999 0.00001 ( 1)  0.393
 756 S   0.99999 0.00001 ( 1)  0.393
 757 E   0.99999 0.00001 ( 1)  0.393
 758 G   0.99999 0.00001 ( 1)  0.393
 759 N   0.99999 0.00001 ( 1)  0.393
 760 L   0.99999 0.00001 ( 1)  0.393
 761 A   0.99998 0.00002 ( 1)  0.393
 762 R   0.99999 0.00001 ( 1)  0.393
 763 Q   0.99999 0.00001 ( 1)  0.393
 764 L   0.99999 0.00001 ( 1)  0.393
 765 P   0.99999 0.00001 ( 1)  0.393
 766 I   0.99999 0.00001 ( 1)  0.393
 767 A   0.99999 0.00001 ( 1)  0.393
 768 P   0.99999 0.00001 ( 1)  0.393
 769 G   0.99999 0.00001 ( 1)  0.393
 770 D   0.99999 0.00001 ( 1)  0.393
 771 V   0.99999 0.00001 ( 1)  0.393
 772 A   0.99999 0.00001 ( 1)  0.393
 773 A   0.99999 0.00001 ( 1)  0.393
 774 V   0.99999 0.00001 ( 1)  0.393
 775 T   0.99999 0.00001 ( 1)  0.393
 776 L   0.99999 0.00001 ( 1)  0.393
 777 Y   0.99999 0.00001 ( 1)  0.393
 778 V   0.99999 0.00001 ( 1)  0.393
 779 G   0.99999 0.00001 ( 1)  0.393
 780 M   0.99999 0.00001 ( 1)  0.393
 781 G   0.99999 0.00001 ( 1)  0.393
 782 T   0.99998 0.00002 ( 1)  0.393
 783 G   0.99999 0.00001 ( 1)  0.393
 784 R   0.99999 0.00001 ( 1)  0.393
 785 Q   0.99999 0.00001 ( 1)  0.393
 786 M   0.99999 0.00001 ( 1)  0.393
 787 P   0.99999 0.00001 ( 1)  0.393
 788 D   0.99999 0.00001 ( 1)  0.393
 789 F   0.99999 0.00001 ( 1)  0.393
 790 G   0.99999 0.00001 ( 1)  0.393
 791 R   0.99999 0.00001 ( 1)  0.393
 792 H   0.99999 0.00001 ( 1)  0.393
 793 R   0.99999 0.00001 ( 1)  0.393
 794 L   0.99999 0.00001 ( 1)  0.393
 795 R   0.99999 0.00001 ( 1)  0.393
 796 V   0.99999 0.00001 ( 1)  0.393
 797 R   0.99999 0.00001 ( 1)  0.393
 798 V   0.99999 0.00001 ( 1)  0.393
 799 C   0.99999 0.00001 ( 1)  0.393
 800 Y   0.99999 0.00001 ( 1)  0.393
 801 S   0.99999 0.00001 ( 1)  0.393
 802 A   0.99999 0.00001 ( 1)  0.393
 803 G   0.99999 0.00001 ( 1)  0.393
 804 N   0.99999 0.00001 ( 1)  0.393
 805 S   0.99999 0.00001 ( 1)  0.393
 806 V   0.99999 0.00001 ( 1)  0.393
 807 A   0.99999 0.00001 ( 1)  0.393
 808 S   0.99998 0.00002 ( 1)  0.393
 809 A   0.99999 0.00001 ( 1)  0.393
 810 Q   0.99999 0.00001 ( 1)  0.393
 811 T   0.99999 0.00001 ( 1)  0.393
 812 A   0.99999 0.00001 ( 1)  0.393
 813 E   0.99999 0.00001 ( 1)  0.393
 814 V   0.99999 0.00001 ( 1)  0.393
 815 N   0.99999 0.00001 ( 1)  0.393
 816 S   0.99999 0.00001 ( 1)  0.393
 817 D   0.99999 0.00001 ( 1)  0.393
 818 D   0.99999 0.00001 ( 1)  0.393
 819 C   0.99999 0.00001 ( 1)  0.393
 820 A   0.99999 0.00001 ( 1)  0.393
 821 K   0.99999 0.00001 ( 1)  0.393
 822 T   0.99999 0.00001 ( 1)  0.393
 823 T   0.99999 0.00001 ( 1)  0.393
 824 L   0.99999 0.00001 ( 1)  0.393
 825 G   0.99999 0.00001 ( 1)  0.393
 826 R   0.99999 0.00001 ( 1)  0.393
 827 A   0.99999 0.00001 ( 1)  0.393
 828 A   0.99999 0.00001 ( 1)  0.393
 829 V   0.99999 0.00001 ( 1)  0.393
 830 L   0.99999 0.00001 ( 1)  0.393
 831 Y   0.99999 0.00001 ( 1)  0.393
 832 G   0.99999 0.00001 ( 1)  0.393
 833 H   0.99999 0.00001 ( 1)  0.393
 834 V   0.99999 0.00001 ( 1)  0.393
 835 S   0.99999 0.00001 ( 1)  0.393
 836 V   0.99999 0.00001 ( 1)  0.393
 837 D   0.99999 0.00001 ( 1)  0.393
 838 R   0.99999 0.00001 ( 1)  0.393
 839 I   0.99999 0.00001 ( 1)  0.393
 840 A   0.99999 0.00001 ( 1)  0.393
 841 P   0.99999 0.00001 ( 1)  0.393
 842 G   0.99999 0.00001 ( 1)  0.393
 843 Q   0.99999 0.00001 ( 1)  0.393
 844 P   0.99999 0.00001 ( 1)  0.393
 845 I   0.99998 0.00002 ( 1)  0.393
 846 D   0.99999 0.00001 ( 1)  0.393
 847 D   0.99999 0.00001 ( 1)  0.393
 848 A   0.99999 0.00001 ( 1)  0.393
 849 E   0.99999 0.00001 ( 1)  0.393
 850 D   0.99999 0.00001 ( 1)  0.393
 851 Y   0.99998 0.00002 ( 1)  0.393
 852 E   0.99999 0.00001 ( 1)  0.393
 853 S   0.99999 0.00001 ( 1)  0.393
 854 A   0.99999 0.00001 ( 1)  0.393
 855 A   0.99998 0.00002 ( 1)  0.393
 856 P   0.99999 0.00001 ( 1)  0.393
 857 A   0.99998 0.00002 ( 1)  0.393
 858 T   0.99999 0.00001 ( 1)  0.393
 859 V   0.99999 0.00001 ( 1)  0.393
 860 A   0.99999 0.00001 ( 1)  0.393
 861 D   0.99999 0.00001 ( 1)  0.393
 862 D   0.99999 0.00001 ( 1)  0.393
 863 E   0.99999 0.00001 ( 1)  0.393
 864 A   0.99999 0.00001 ( 1)  0.393
 865 C   0.99999 0.00001 ( 1)  0.393
 866 E   0.99999 0.00001 ( 1)  0.393
 867 D   0.99999 0.00001 ( 1)  0.393
 868 A   0.99999 0.00001 ( 1)  0.393
 869 V   0.99999 0.00001 ( 1)  0.393
 870 A   0.99999 0.00001 ( 1)  0.393
 871 T   0.99999 0.00001 ( 1)  0.393
 872 A   0.99999 0.00001 ( 1)  0.393
 873 E   0.99999 0.00001 ( 1)  0.393
 874 W   0.99999 0.00001 ( 1)  0.393
 875 L   0.99999 0.00001 ( 1)  0.393
 876 T   0.99998 0.00002 ( 1)  0.393
 877 G   0.99999 0.00001 ( 1)  0.393
 878 Q   0.99999 0.00001 ( 1)  0.393
 879 L   0.99999 0.00001 ( 1)  0.393
 880 L   0.99999 0.00001 ( 1)  0.393
 881 W   0.99999 0.00001 ( 1)  0.393
 882 K   0.99999 0.00001 ( 1)  0.393
 883 C   0.99999 0.00001 ( 1)  0.393
 884 N   0.99999 0.00001 ( 1)  0.393
 885 C   0.99999 0.00001 ( 1)  0.393
 886 D   0.99999 0.00001 ( 1)  0.393
 887 G   0.99999 0.00001 ( 1)  0.393
 888 G   0.99999 0.00001 ( 1)  0.393
 889 N   0.99999 0.00001 ( 1)  0.393
 890 N   0.99999 0.00001 ( 1)  0.393
 891 N   0.99999 0.00001 ( 1)  0.393
 892 A   0.99999 0.00001 ( 1)  0.393
 893 D   0.99998 0.00002 ( 1)  0.393
 894 D   0.99999 0.00001 ( 1)  0.393
 895 K   0.99999 0.00001 ( 1)  0.393
 896 P   0.99999 0.00001 ( 1)  0.393
 897 G   0.99999 0.00001 ( 1)  0.393
 898 L   0.99999 0.00001 ( 1)  0.393
 899 R   0.99999 0.00001 ( 1)  0.393
 900 L   0.99999 0.00001 ( 1)  0.393
 901 L   0.99999 0.00001 ( 1)  0.393
 902 I   0.99999 0.00001 ( 1)  0.393
 903 G   0.99999 0.00001 ( 1)  0.393
 904 Q   0.99999 0.00001 ( 1)  0.393
 905 V   0.99999 0.00001 ( 1)  0.393
 906 R   0.99999 0.00001 ( 1)  0.393
 907 S   0.99999 0.00001 ( 1)  0.393
 908 V   0.99999 0.00001 ( 1)  0.393
 909 S   0.99999 0.00001 ( 1)  0.393
 910 V   0.99999 0.00001 ( 1)  0.393
 911 E   0.99999 0.00001 ( 1)  0.393
 912 V   0.99999 0.00001 ( 1)  0.393
 913 R   0.99999 0.00001 ( 1)  0.393
 914 Y   0.99999 0.00001 ( 1)  0.393
 915 R   0.99999 0.00001 ( 1)  0.393
 916 G   0.99999 0.00001 ( 1)  0.393
 917 H   0.99999 0.00001 ( 1)  0.393
 918 R   0.99999 0.00001 ( 1)  0.393
 919 L   0.99999 0.00001 ( 1)  0.393
 920 L   0.99999 0.00001 ( 1)  0.393
 921 P   0.99999 0.00001 ( 1)  0.393
 922 G   0.99999 0.00001 ( 1)  0.393
 923 P   0.99999 0.00001 ( 1)  0.393
 924 A   0.99999 0.00001 ( 1)  0.393
 925 L   0.99999 0.00001 ( 1)  0.393
 926 L   0.99999 0.00001 ( 1)  0.393
 927 V   0.99999 0.00001 ( 1)  0.393
 928 W   0.99999 0.00001 ( 1)  0.393
 929 P   0.99999 0.00001 ( 1)  0.393
 930 E   0.99999 0.00001 ( 1)  0.393
 931 Q   0.99999 0.00001 ( 1)  0.393
 932 A   0.99999 0.00001 ( 1)  0.393
 933 G   0.99999 0.00001 ( 1)  0.393
 934 L   0.99999 0.00001 ( 1)  0.393
 935 L   0.99999 0.00001 ( 1)  0.393
 936 V   0.99999 0.00001 ( 1)  0.393
 937 T   0.99999 0.00001 ( 1)  0.393
 938 G   0.99999 0.00001 ( 1)  0.393
 939 Q   0.99999 0.00001 ( 1)  0.393
 940 T   0.99999 0.00001 ( 1)  0.393
 941 A   0.99999 0.00001 ( 1)  0.393
 942 T   0.99999 0.00001 ( 1)  0.393
 943 Q   0.99999 0.00001 ( 1)  0.393
 944 L   0.99999 0.00001 ( 1)  0.393
 945 P   0.99999 0.00001 ( 1)  0.393
 946 E   0.99999 0.00001 ( 1)  0.393
 947 L   0.99999 0.00001 ( 1)  0.393
 948 S   0.99999 0.00001 ( 1)  0.393
 949 R   0.99999 0.00001 ( 1)  0.393
 950 K   0.99999 0.00001 ( 1)  0.393
 951 H   0.99999 0.00001 ( 1)  0.393
 952 R   0.99999 0.00001 ( 1)  0.393
 953 L   0.99999 0.00001 ( 1)  0.393
 954 A   0.99999 0.00001 ( 1)  0.393
 955 R   0.99999 0.00001 ( 1)  0.393
 956 L   0.99999 0.00001 ( 1)  0.393
 957 S   0.99999 0.00001 ( 1)  0.393
 958 S   0.99999 0.00001 ( 1)  0.393
 959 G   0.99999 0.00001 ( 1)  0.393
 960 V   0.99999 0.00001 ( 1)  0.393
 961 L   0.99999 0.00001 ( 1)  0.393
 962 L   0.99999 0.00001 ( 1)  0.393
 963 L   0.99999 0.00001 ( 1)  0.393
 964 G   0.99999 0.00001 ( 1)  0.393
 965 N   0.99999 0.00001 ( 1)  0.393
 966 G   0.99999 0.00001 ( 1)  0.393
 967 C   0.99999 0.00001 ( 1)  0.393
 968 A   0.99999 0.00001 ( 1)  0.393
 969 S   0.99998 0.00002 ( 1)  0.393
 970 Q   0.99999 0.00001 ( 1)  0.393
 971 L   0.99999 0.00001 ( 1)  0.393
 972 M   0.99999 0.00001 ( 1)  0.393
 973 A   0.99999 0.00001 ( 1)  0.393
 974 T   0.99999 0.00001 ( 1)  0.393
 975 L   0.99999 0.00001 ( 1)  0.393
 976 F   0.99999 0.00001 ( 1)  0.393
 977 F   0.99999 0.00001 ( 1)  0.393
 978 P   0.99999 0.00001 ( 1)  0.393
 979 S   0.99999 0.00001 ( 1)  0.393
 980 T   0.99999 0.00001 ( 1)  0.393
 981 N   0.99999 0.00001 ( 1)  0.393
 982 V   0.99999 0.00001 ( 1)  0.393
 983 K   0.99999 0.00001 ( 1)  0.393
 984 V   0.99999 0.00001 ( 1)  0.393
 985 T   0.99999 0.00001 ( 1)  0.393
 986 K   0.99999 0.00001 ( 1)  0.393
 987 A   0.99999 0.00001 ( 1)  0.393
 988 W   0.99999 0.00001 ( 1)  0.393
 989 P   0.99999 0.00001 ( 1)  0.393
 990 I   0.99999 0.00001 ( 1)  0.393
 991 Q   0.99999 0.00001 ( 1)  0.393
 992 A   0.99999 0.00001 ( 1)  0.393
 993 V   0.99999 0.00001 ( 1)  0.393


lnL = -4637.539138

