Supplemental results for CODEML (seqf: algn  treef: tree)


dN/dS (w) for site classes (K=9)

p:   0.00000  0.00000  0.00000  0.00000  0.00000  0.00000  0.00000  0.00000  0.99999
w:   1.00000  1.00000  1.00000  1.00000  1.00000  1.00000  1.00000  1.00000  1.83003

Naive Empirical Bayes (NEB) probabilities for 9 classes & postmean_w & P(w>1)
(amino acids refer to 1st sequence: ppx.9118)

   1 L   0.00000 0.00000 0.00000 0.00000 0.00000 0.00000 0.00000 0.00000 0.99999 ( 9)  1.830  1.000
   2 H   0.00000 0.00000 0.00000 0.00000 0.00000 0.00000 0.00000 0.00000 0.99999 ( 9)  1.830  1.000
   3 E   0.00000 0.00000 0.00000 0.00000 0.00000 0.00000 0.00000 0.00000 0.99999 ( 9)  1.830  1.000
   4 D   0.00000 0.00000 0.00000 0.00000 0.00000 0.00000 0.00000 0.00000 0.99999 ( 9)  1.830  1.000
   5 R   0.00000 0.00000 0.00000 0.00000 0.00000 0.00000 0.00000 0.00000 0.99999 ( 9)  1.830  1.000
   6 T   0.00000 0.00000 0.00000 0.00000 0.00000 0.00000 0.00000 0.00000 0.99999 ( 9)  1.830  1.000
   7 P   0.00000 0.00000 0.00000 0.00000 0.00000 0.00000 0.00000 0.00000 0.99999 ( 9)  1.830  1.000
   8 P   0.00000 0.00000 0.00000 0.00000 0.00000 0.00000 0.00000 0.00000 0.99999 ( 9)  1.830  1.000
   9 T   0.00000 0.00000 0.00000 0.00000 0.00000 0.00000 0.00000 0.00000 0.99999 ( 9)  1.830  1.000
  10 F   0.00000 0.00000 0.00000 0.00000 0.00000 0.00000 0.00000 0.00000 0.99999 ( 9)  1.830  1.000
  11 T   0.00000 0.00000 0.00000 0.00000 0.00000 0.00000 0.00000 0.00000 0.99999 ( 9)  1.830  1.000
  12 P   0.00000 0.00000 0.00000 0.00000 0.00000 0.00000 0.00000 0.00000 0.99999 ( 9)  1.830  1.000
  13 Q   0.00000 0.00000 0.00000 0.00000 0.00000 0.00000 0.00000 0.00000 0.99999 ( 9)  1.830  1.000
  14 A   0.00000 0.00000 0.00000 0.00000 0.00000 0.00000 0.00000 0.00000 0.99999 ( 9)  1.830  1.000
  15 N   0.00000 0.00000 0.00000 0.00000 0.00000 0.00000 0.00000 0.00000 0.99999 ( 9)  1.830  1.000
  16 S   0.00000 0.00000 0.00000 0.00000 0.00000 0.00000 0.00000 0.00000 0.99999 ( 9)  1.830  1.000
  17 P   0.00000 0.00000 0.00000 0.00000 0.00000 0.00000 0.00000 0.00000 0.99999 ( 9)  1.830  1.000
  18 C   0.00000 0.00000 0.00000 0.00000 0.00000 0.00000 0.00000 0.00000 0.99999 ( 9)  1.830  1.000
  19 G   0.00000 0.00000 0.00000 0.00000 0.00000 0.00000 0.00000 0.00000 0.99999 ( 9)  1.830  1.000
  20 C   0.00000 0.00000 0.00000 0.00000 0.00000 0.00000 0.00000 0.00000 0.99999 ( 9)  1.830  1.000
  21 T   0.00000 0.00000 0.00000 0.00000 0.00000 0.00000 0.00000 0.00000 0.99999 ( 9)  1.830  1.000
  22 V   0.00000 0.00000 0.00000 0.00000 0.00000 0.00000 0.00000 0.00000 0.99999 ( 9)  1.830  1.000
  23 E   0.00000 0.00000 0.00000 0.00000 0.00000 0.00000 0.00000 0.00000 0.99999 ( 9)  1.830  1.000
  24 S   0.00000 0.00000 0.00000 0.00000 0.00000 0.00000 0.00000 0.00000 0.99999 ( 9)  1.830  1.000
  25 S   0.00000 0.00000 0.00000 0.00000 0.00000 0.00000 0.00000 0.00000 0.99999 ( 9)  1.830  1.000
  26 S   0.00000 0.00000 0.00000 0.00000 0.00000 0.00000 0.00000 0.00000 0.99999 ( 9)  1.830  1.000
  27 S   0.00000 0.00000 0.00000 0.00000 0.00000 0.00000 0.00000 0.00000 0.99999 ( 9)  1.830  1.000
  28 G   0.00000 0.00000 0.00000 0.00000 0.00000 0.00000 0.00000 0.00000 0.99999 ( 9)  1.830  1.000
  29 S   0.00000 0.00000 0.00000 0.00000 0.00000 0.00000 0.00000 0.00000 0.99999 ( 9)  1.830  1.000
  30 P   0.00000 0.00000 0.00000 0.00000 0.00000 0.00000 0.00000 0.00000 0.99999 ( 9)  1.830  1.000
  31 L   0.00000 0.00000 0.00000 0.00000 0.00000 0.00000 0.00000 0.00000 0.99999 ( 9)  1.830  1.000
  32 L   0.00000 0.00000 0.00000 0.00000 0.00000 0.00000 0.00000 0.00000 0.99999 ( 9)  1.830  1.000
  33 R   0.00000 0.00000 0.00000 0.00000 0.00000 0.00000 0.00000 0.00000 0.99999 ( 9)  1.830  1.000
  34 G   0.00000 0.00000 0.00000 0.00000 0.00000 0.00000 0.00000 0.00000 0.99999 ( 9)  1.830  1.000
  35 S   0.00000 0.00000 0.00000 0.00000 0.00000 0.00000 0.00000 0.00000 0.99999 ( 9)  1.830  1.000
  36 K   0.00000 0.00000 0.00000 0.00000 0.00000 0.00000 0.00000 0.00000 0.99999 ( 9)  1.830  1.000
  37 A   0.00000 0.00000 0.00000 0.00000 0.00000 0.00000 0.00000 0.00000 0.99999 ( 9)  1.830  1.000
  38 T   0.00000 0.00000 0.00000 0.00000 0.00000 0.00000 0.00000 0.00000 0.99999 ( 9)  1.830  1.000
  39 A   0.00000 0.00000 0.00000 0.00000 0.00000 0.00000 0.00000 0.00000 0.99999 ( 9)  1.830  1.000
  40 V   0.00000 0.00000 0.00000 0.00000 0.00000 0.00000 0.00000 0.00000 0.99999 ( 9)  1.830  1.000
  41 T   0.00000 0.00000 0.00000 0.00000 0.00000 0.00000 0.00000 0.00000 0.99999 ( 9)  1.830  1.000
  42 T   0.00000 0.00000 0.00000 0.00000 0.00000 0.00000 0.00000 0.00000 0.99999 ( 9)  1.830  1.000
  43 S   0.00000 0.00000 0.00000 0.00000 0.00000 0.00000 0.00000 0.00000 0.99999 ( 9)  1.830  1.000
  44 S   0.00000 0.00000 0.00000 0.00000 0.00000 0.00000 0.00000 0.00000 0.99999 ( 9)  1.830  1.000
  45 Q   0.00000 0.00000 0.00000 0.00000 0.00000 0.00000 0.00000 0.00000 0.99999 ( 9)  1.830  1.000
  46 H   0.00000 0.00000 0.00000 0.00000 0.00000 0.00000 0.00000 0.00000 0.99999 ( 9)  1.830  1.000
  47 I   0.00000 0.00000 0.00000 0.00000 0.00000 0.00000 0.00000 0.00000 0.99999 ( 9)  1.830  1.000
  48 G   0.00000 0.00000 0.00000 0.00000 0.00000 0.00000 0.00000 0.00000 0.99999 ( 9)  1.830  1.000
  49 S   0.00000 0.00000 0.00000 0.00000 0.00000 0.00000 0.00000 0.00000 0.99999 ( 9)  1.830  1.000
  50 P   0.00000 0.00000 0.00000 0.00000 0.00000 0.00000 0.00000 0.00000 0.99999 ( 9)  1.830  1.000
  51 L   0.00000 0.00000 0.00000 0.00000 0.00000 0.00000 0.00000 0.00000 0.99999 ( 9)  1.830  1.000
  52 H   0.00000 0.00000 0.00000 0.00000 0.00000 0.00000 0.00000 0.00000 0.99999 ( 9)  1.830  1.000
  53 H   0.00000 0.00000 0.00000 0.00000 0.00000 0.00000 0.00000 0.00000 0.99999 ( 9)  1.830  1.000
  54 I   0.00000 0.00000 0.00000 0.00000 0.00000 0.00000 0.00000 0.00000 0.99999 ( 9)  1.830  1.000
  55 T   0.00000 0.00000 0.00000 0.00000 0.00000 0.00000 0.00000 0.00000 0.99999 ( 9)  1.830  1.000
  56 T   0.00000 0.00000 0.00000 0.00000 0.00000 0.00000 0.00000 0.00000 0.99999 ( 9)  1.830  1.000
  57 P   0.00000 0.00000 0.00000 0.00000 0.00000 0.00000 0.00000 0.00000 0.99999 ( 9)  1.830  1.000
  58 P   0.00000 0.00000 0.00000 0.00000 0.00000 0.00000 0.00000 0.00000 0.99999 ( 9)  1.830  1.000
  59 L   0.00000 0.00000 0.00000 0.00000 0.00000 0.00000 0.00000 0.00000 0.99999 ( 9)  1.830  1.000
  60 Y   0.00000 0.00000 0.00000 0.00000 0.00000 0.00000 0.00000 0.00000 0.99999 ( 9)  1.830  1.000
  61 A   0.00000 0.00000 0.00000 0.00000 0.00000 0.00000 0.00000 0.00000 0.99999 ( 9)  1.830  1.000
  62 D   0.00000 0.00000 0.00000 0.00000 0.00000 0.00000 0.00000 0.00000 0.99999 ( 9)  1.830  1.000
  63 K   0.00000 0.00000 0.00000 0.00000 0.00000 0.00000 0.00000 0.00000 0.99999 ( 9)  1.830  1.000

Positively selected sites

	Prob(w>1)  mean w

     1 L      1.000**       1.830
     2 H      1.000**       1.830
     3 E      1.000**       1.830
     4 D      1.000**       1.830
     5 R      1.000**       1.830
     6 T      1.000**       1.830
     7 P      1.000**       1.830
     8 P      1.000**       1.830
     9 T      1.000**       1.830
    10 F      1.000**       1.830
    11 T      1.000**       1.830
    12 P      1.000**       1.830
    13 Q      1.000**       1.830
    14 A      1.000**       1.830
    15 N      1.000**       1.830
    16 S      1.000**       1.830
    17 P      1.000**       1.830
    18 C      1.000**       1.830
    19 G      1.000**       1.830
    20 C      1.000**       1.830
    21 T      1.000**       1.830
    22 V      1.000**       1.830
    23 E      1.000**       1.830
    24 S      1.000**       1.830
    25 S      1.000**       1.830
    26 S      1.000**       1.830
    27 S      1.000**       1.830
    28 G      1.000**       1.830
    29 S      1.000**       1.830
    30 P      1.000**       1.830
    31 L      1.000**       1.830
    32 L      1.000**       1.830
    33 R      1.000**       1.830
    34 G      1.000**       1.830
    35 S      1.000**       1.830
    36 K      1.000**       1.830
    37 A      1.000**       1.830
    38 T      1.000**       1.830
    39 A      1.000**       1.830
    40 V      1.000**       1.830
    41 T      1.000**       1.830
    42 T      1.000**       1.830
    43 S      1.000**       1.830
    44 S      1.000**       1.830
    45 Q      1.000**       1.830
    46 H      1.000**       1.830
    47 I      1.000**       1.830
    48 G      1.000**       1.830
    49 S      1.000**       1.830
    50 P      1.000**       1.830
    51 L      1.000**       1.830
    52 H      1.000**       1.830
    53 H      1.000**       1.830
    54 I      1.000**       1.830
    55 T      1.000**       1.830
    56 T      1.000**       1.830
    57 P      1.000**       1.830
    58 P      1.000**       1.830
    59 L      1.000**       1.830
    60 Y      1.000**       1.830
    61 A      1.000**       1.830
    62 D      1.000**       1.830
    63 K      1.000**       1.830


lnL =  -272.367061

Bayes Empirical Bayes (BEB) probabilities for 11 classes (class) & postmean_w
(amino acids refer to 1st sequence: ppx.9118)

   1 L   0.10488 0.04445 0.04232 0.04200 0.04215 0.04247 0.04301 0.04420 0.04780 0.12696 0.41976 (11)  2.093 +-  2.432
   2 H   0.10525 0.04460 0.04245 0.04212 0.04226 0.04257 0.04310 0.04428 0.04789 0.12717 0.41830 (11)  2.085 +-  2.426
   3 E   0.10454 0.04432 0.04220 0.04189 0.04204 0.04237 0.04291 0.04411 0.04771 0.12674 0.42117 (11)  2.102 +-  2.439
   4 D   0.10548 0.04469 0.04253 0.04220 0.04233 0.04264 0.04317 0.04435 0.04795 0.12732 0.41733 (11)  2.079 +-  2.421
   5 R   0.10303 0.04371 0.04166 0.04139 0.04157 0.04193 0.04250 0.04372 0.04733 0.12579 0.42738 (11)  2.139 +-  2.467
   6 T   0.10691 0.04526 0.04304 0.04267 0.04276 0.04304 0.04353 0.04469 0.04828 0.12813 0.41170 (11)  2.046 +-  2.397
   7 P   0.10713 0.04535 0.04311 0.04274 0.04283 0.04309 0.04359 0.04473 0.04832 0.12824 0.41086 (11)  2.041 +-  2.393
   8 P   0.10509 0.04454 0.04239 0.04207 0.04221 0.04252 0.04306 0.04424 0.04784 0.12706 0.41898 (11)  2.089 +-  2.430
   9 T   0.10616 0.04496 0.04277 0.04242 0.04254 0.04283 0.04334 0.04451 0.04810 0.12770 0.41466 (11)  2.063 +-  2.410
  10 F   0.10821 0.04578 0.04351 0.04311 0.04318 0.04343 0.04391 0.04504 0.04863 0.12901 0.40618 (11)  2.012 +-  2.367
  11 T   0.00391 0.00486 0.00764 0.01054 0.01351 0.01653 0.01965 0.02310 0.02799 0.07951 0.79275 (11)  4.189 +-  2.965
  12 P   0.10772 0.04559 0.04332 0.04293 0.04301 0.04326 0.04374 0.04487 0.04846 0.12857 0.40853 (11)  2.028 +-  2.383
  13 Q   0.10252 0.04351 0.04147 0.04122 0.04141 0.04177 0.04236 0.04358 0.04719 0.12546 0.42950 (11)  2.152 +-  2.477
  14 A   0.10518 0.04457 0.04242 0.04210 0.04224 0.04255 0.04308 0.04427 0.04787 0.12713 0.41858 (11)  2.086 +-  2.427
  15 N   0.10497 0.04449 0.04235 0.04203 0.04217 0.04249 0.04303 0.04421 0.04782 0.12700 0.41944 (11)  2.092 +-  2.431
  16 S   0.10887 0.04604 0.04373 0.04331 0.04336 0.04359 0.04405 0.04517 0.04875 0.12930 0.40382 (11)  1.999 +-  2.359
  17 P   0.10772 0.04559 0.04332 0.04293 0.04301 0.04326 0.04374 0.04487 0.04846 0.12857 0.40853 (11)  2.028 +-  2.383
  18 C   0.10578 0.04481 0.04264 0.04230 0.04243 0.04273 0.04325 0.04443 0.04803 0.12752 0.41608 (11)  2.071 +-  2.415
  19 G   0.10543 0.04467 0.04251 0.04219 0.04232 0.04263 0.04316 0.04434 0.04794 0.12730 0.41751 (11)  2.080 +-  2.422
  20 C   0.10533 0.04463 0.04248 0.04215 0.04229 0.04260 0.04313 0.04431 0.04792 0.12724 0.41791 (11)  2.082 +-  2.423
  21 T   0.10749 0.04549 0.04324 0.04286 0.04294 0.04320 0.04368 0.04482 0.04841 0.12846 0.40941 (11)  2.033 +-  2.386
  22 V   0.10720 0.04538 0.04315 0.04277 0.04287 0.04314 0.04364 0.04479 0.04839 0.12840 0.41028 (11)  2.036 +-  2.387
  23 E   0.10454 0.04432 0.04220 0.04189 0.04204 0.04237 0.04291 0.04411 0.04771 0.12674 0.42117 (11)  2.102 +-  2.439
  24 S   0.10887 0.04604 0.04373 0.04331 0.04336 0.04359 0.04405 0.04517 0.04875 0.12930 0.40382 (11)  1.999 +-  2.359
  25 S   0.10573 0.04479 0.04262 0.04228 0.04241 0.04271 0.04323 0.04441 0.04801 0.12747 0.41635 (11)  2.073 +-  2.417
  26 S   0.10815 0.04576 0.04348 0.04308 0.04315 0.04340 0.04387 0.04500 0.04859 0.12889 0.40664 (11)  2.016 +-  2.372
  27 S   0.10573 0.04479 0.04262 0.04228 0.04241 0.04271 0.04323 0.04441 0.04801 0.12747 0.41635 (11)  2.073 +-  2.417
  28 G   0.10364 0.04396 0.04187 0.04159 0.04176 0.04211 0.04267 0.04388 0.04749 0.12619 0.42484 (11)  2.124 +-  2.456
  29 S   0.10573 0.04479 0.04262 0.04228 0.04241 0.04271 0.04323 0.04441 0.04801 0.12747 0.41635 (11)  2.073 +-  2.417
  30 P   0.10772 0.04559 0.04332 0.04293 0.04301 0.04326 0.04374 0.04487 0.04846 0.12857 0.40853 (11)  2.028 +-  2.383
  31 L   0.10486 0.04444 0.04231 0.04200 0.04214 0.04246 0.04300 0.04419 0.04780 0.12695 0.41985 (11)  2.094 +-  2.433
  32 L   0.00400 0.00496 0.00779 0.01074 0.01375 0.01681 0.01996 0.02345 0.02838 0.08047 0.78969 (11)  4.170 +-  2.965
  33 R   0.00381 0.00475 0.00747 0.01032 0.01325 0.01622 0.01930 0.02271 0.02754 0.07840 0.79623 (11)  4.211 +-  2.966
  34 G   0.10449 0.04430 0.04218 0.04188 0.04203 0.04235 0.04290 0.04410 0.04770 0.12672 0.42135 (11)  2.103 +-  2.440
  35 S   0.10551 0.04470 0.04254 0.04221 0.04234 0.04265 0.04318 0.04436 0.04796 0.12735 0.41720 (11)  2.078 +-  2.420
  36 K   0.10446 0.04428 0.04217 0.04186 0.04202 0.04234 0.04289 0.04408 0.04769 0.12669 0.42152 (11)  2.104 +-  2.441
  37 A   0.10651 0.04510 0.04290 0.04254 0.04265 0.04293 0.04344 0.04460 0.04819 0.12792 0.41323 (11)  2.055 +-  2.403
  38 T   0.10691 0.04526 0.04304 0.04267 0.04276 0.04304 0.04353 0.04469 0.04828 0.12813 0.41170 (11)  2.046 +-  2.397
  39 A   0.10794 0.04567 0.04340 0.04301 0.04308 0.04333 0.04381 0.04494 0.04853 0.12875 0.40752 (11)  2.021 +-  2.377
  40 V   0.10638 0.04505 0.04285 0.04250 0.04262 0.04290 0.04342 0.04458 0.04818 0.12790 0.41361 (11)  2.056 +-  2.403
  41 T   0.10616 0.04496 0.04277 0.04242 0.04254 0.04283 0.04334 0.04451 0.04810 0.12770 0.41466 (11)  2.063 +-  2.410
  42 T   0.10691 0.04526 0.04304 0.04267 0.04276 0.04304 0.04353 0.04469 0.04828 0.12813 0.41170 (11)  2.046 +-  2.397
  43 S   0.10573 0.04479 0.04262 0.04228 0.04241 0.04271 0.04323 0.04441 0.04801 0.12747 0.41635 (11)  2.073 +-  2.417
  44 S   0.10509 0.04453 0.04239 0.04207 0.04221 0.04253 0.04306 0.04425 0.04785 0.12709 0.41891 (11)  2.088 +-  2.428
  45 Q   0.10297 0.04369 0.04163 0.04137 0.04155 0.04190 0.04248 0.04370 0.04731 0.12574 0.42767 (11)  2.141 +-  2.469
  46 H   0.10568 0.04477 0.04260 0.04227 0.04239 0.04269 0.04322 0.04439 0.04799 0.12743 0.41657 (11)  2.074 +-  2.418
  47 I   0.10823 0.04579 0.04351 0.04311 0.04319 0.04343 0.04391 0.04504 0.04864 0.12902 0.40612 (11)  2.012 +-  2.367
  48 G   0.10449 0.04430 0.04218 0.04188 0.04203 0.04235 0.04290 0.04410 0.04770 0.12672 0.42135 (11)  2.103 +-  2.440
  49 S   0.10815 0.04576 0.04348 0.04308 0.04315 0.04340 0.04387 0.04500 0.04859 0.12889 0.40664 (11)  2.016 +-  2.372
  50 P   0.10713 0.04535 0.04311 0.04274 0.04283 0.04309 0.04359 0.04473 0.04832 0.12824 0.41086 (11)  2.041 +-  2.393
  51 L   0.10839 0.04585 0.04357 0.04316 0.04323 0.04348 0.04395 0.04508 0.04867 0.12910 0.40552 (11)  2.008 +-  2.365
  52 H   0.10525 0.04460 0.04245 0.04212 0.04226 0.04257 0.04310 0.04428 0.04789 0.12717 0.41830 (11)  2.085 +-  2.426
  53 H   0.10568 0.04477 0.04260 0.04227 0.04239 0.04269 0.04322 0.04439 0.04799 0.12743 0.41657 (11)  2.074 +-  2.418
  54 I   0.10823 0.04579 0.04351 0.04311 0.04319 0.04343 0.04391 0.04504 0.04864 0.12902 0.40612 (11)  2.012 +-  2.367
  55 T   0.10616 0.04496 0.04277 0.04242 0.04254 0.04283 0.04334 0.04451 0.04810 0.12770 0.41466 (11)  2.063 +-  2.410
  56 T   0.10616 0.04496 0.04277 0.04242 0.04254 0.04283 0.04334 0.04451 0.04810 0.12770 0.41466 (11)  2.063 +-  2.410
  57 P   0.10713 0.04535 0.04311 0.04274 0.04283 0.04309 0.04359 0.04473 0.04832 0.12824 0.41086 (11)  2.041 +-  2.393
  58 P   0.10772 0.04559 0.04332 0.04293 0.04301 0.04326 0.04374 0.04487 0.04846 0.12857 0.40853 (11)  2.028 +-  2.383
  59 L   0.10915 0.04616 0.04384 0.04342 0.04347 0.04369 0.04415 0.04527 0.04885 0.12956 0.40245 (11)  1.990 +-  2.350
  60 Y   0.10550 0.04470 0.04254 0.04221 0.04234 0.04264 0.04317 0.04435 0.04795 0.12734 0.41726 (11)  2.078 +-  2.421
  61 A   0.10651 0.04510 0.04290 0.04254 0.04265 0.04293 0.04344 0.04460 0.04819 0.12792 0.41323 (11)  2.055 +-  2.403
  62 D   0.10507 0.04453 0.04238 0.04207 0.04221 0.04252 0.04306 0.04424 0.04784 0.12707 0.41902 (11)  2.089 +-  2.429
  63 K   0.10363 0.04395 0.04187 0.04159 0.04176 0.04210 0.04266 0.04387 0.04748 0.12617 0.42492 (11)  2.124 +-  2.456

Positively selected sites

	Prob(w>1)  mean w

    11 T      0.793         4.189 +- 2.965
    32 L      0.790         4.170 +- 2.965
    33 R      0.796         4.211 +- 2.966

