Supplemental results for CODEML (seqf: algn  treef: tree)


dN/dS (w) for site classes (K=3)

p:   1.00000  0.00000  0.00000
w:   0.00000  1.00000  1.00000

Naive Empirical Bayes (NEB) probabilities for 3 classes & postmean_w
(amino acids refer to 1st sequence: ecm.9148)

   1 M   1.00000 0.00000 0.00000 ( 1)  0.000
   2 R   1.00000 0.00000 0.00000 ( 1)  0.000
   3 R   1.00000 0.00000 0.00000 ( 1)  0.000
   4 V   1.00000 0.00000 0.00000 ( 1)  0.000
   5 Y   1.00000 0.00000 0.00000 ( 1)  0.000
   6 K   1.00000 0.00000 0.00000 ( 1)  0.000
   7 V   1.00000 0.00000 0.00000 ( 1)  0.000
   8 T   1.00000 0.00000 0.00000 ( 1)  0.000
   9 Q   1.00000 0.00000 0.00000 ( 1)  0.000
  10 L   1.00000 0.00000 0.00000 ( 1)  0.000
  11 S   1.00000 0.00000 0.00000 ( 1)  0.000
  12 A   1.00000 0.00000 0.00000 ( 1)  0.000
  13 Q   1.00000 0.00000 0.00000 ( 1)  0.000
  14 V   1.00000 0.00000 0.00000 ( 1)  0.000
  15 R   1.00000 0.00000 0.00000 ( 1)  0.000
  16 T   1.00000 0.00000 0.00000 ( 1)  0.000
  17 K   1.00000 0.00000 0.00000 ( 1)  0.000
  18 Q   1.00000 0.00000 0.00000 ( 1)  0.000
  19 S   1.00000 0.00000 0.00000 ( 1)  0.000
  20 K   1.00000 0.00000 0.00000 ( 1)  0.000
  21 A   1.00000 0.00000 0.00000 ( 1)  0.000
  22 K   1.00000 0.00000 0.00000 ( 1)  0.000
  23 R   1.00000 0.00000 0.00000 ( 1)  0.000
  24 G   1.00000 0.00000 0.00000 ( 1)  0.000
  25 K   1.00000 0.00000 0.00000 ( 1)  0.000
  26 A   1.00000 0.00000 0.00000 ( 1)  0.000
  27 E   1.00000 0.00000 0.00000 ( 1)  0.000
  28 T   1.00000 0.00000 0.00000 ( 1)  0.000
  29 P   1.00000 0.00000 0.00000 ( 1)  0.000
  30 K   1.00000 0.00000 0.00000 ( 1)  0.000
  31 E   1.00000 0.00000 0.00000 ( 1)  0.000
  32 M   1.00000 0.00000 0.00000 ( 1)  0.000
  33 E   1.00000 0.00000 0.00000 ( 1)  0.000
  34 A   1.00000 0.00000 0.00000 ( 1)  0.000
  35 M   1.00000 0.00000 0.00000 ( 1)  0.000
  36 M   1.00000 0.00000 0.00000 ( 1)  0.000
  37 Y   1.00000 0.00000 0.00000 ( 1)  0.000
  38 P   1.00000 0.00000 0.00000 ( 1)  0.000
  39 G   1.00000 0.00000 0.00000 ( 1)  0.000
  40 S   1.00000 0.00000 0.00000 ( 1)  0.000
  41 Y   1.00000 0.00000 0.00000 ( 1)  0.000
  42 V   1.00000 0.00000 0.00000 ( 1)  0.000
  43 L   1.00000 0.00000 0.00000 ( 1)  0.000
  44 K   1.00000 0.00000 0.00000 ( 1)  0.000
  45 T   1.00000 0.00000 0.00000 ( 1)  0.000
  46 E   1.00000 0.00000 0.00000 ( 1)  0.000
  47 P   1.00000 0.00000 0.00000 ( 1)  0.000
  48 D   1.00000 0.00000 0.00000 ( 1)  0.000
  49 S   1.00000 0.00000 0.00000 ( 1)  0.000
  50 A   1.00000 0.00000 0.00000 ( 1)  0.000
  51 M   1.00000 0.00000 0.00000 ( 1)  0.000
  52 I   1.00000 0.00000 0.00000 ( 1)  0.000
  53 V   1.00000 0.00000 0.00000 ( 1)  0.000
  54 A   1.00000 0.00000 0.00000 ( 1)  0.000
  55 S   1.00000 0.00000 0.00000 ( 1)  0.000
  56 Q   1.00000 0.00000 0.00000 ( 1)  0.000
  57 P   1.00000 0.00000 0.00000 ( 1)  0.000
  58 V   1.00000 0.00000 0.00000 ( 1)  0.000
  59 K   1.00000 0.00000 0.00000 ( 1)  0.000
  60 M   1.00000 0.00000 0.00000 ( 1)  0.000
  61 H   1.00000 0.00000 0.00000 ( 1)  0.000
  62 A   1.00000 0.00000 0.00000 ( 1)  0.000
  63 Y   1.00000 0.00000 0.00000 ( 1)  0.000
  64 P   1.00000 0.00000 0.00000 ( 1)  0.000
  65 P   1.00000 0.00000 0.00000 ( 1)  0.000
  66 V   1.00000 0.00000 0.00000 ( 1)  0.000
  67 L   1.00000 0.00000 0.00000 ( 1)  0.000
  68 T   1.00000 0.00000 0.00000 ( 1)  0.000
  69 S   1.00000 0.00000 0.00000 ( 1)  0.000
  70 N   1.00000 0.00000 0.00000 ( 1)  0.000
  71 P   1.00000 0.00000 0.00000 ( 1)  0.000
  72 T   1.00000 0.00000 0.00000 ( 1)  0.000
  73 P   1.00000 0.00000 0.00000 ( 1)  0.000
  74 Q   1.00000 0.00000 0.00000 ( 1)  0.000
  75 F   1.00000 0.00000 0.00000 ( 1)  0.000
  76 A   1.00000 0.00000 0.00000 ( 1)  0.000
  77 H   1.00000 0.00000 0.00000 ( 1)  0.000
  78 T   1.00000 0.00000 0.00000 ( 1)  0.000
  79 S   1.00000 0.00000 0.00000 ( 1)  0.000
  80 P   1.00000 0.00000 0.00000 ( 1)  0.000
  81 P   1.00000 0.00000 0.00000 ( 1)  0.000
  82 L   1.00000 0.00000 0.00000 ( 1)  0.000
  83 M   1.00000 0.00000 0.00000 ( 1)  0.000
  84 M   1.00000 0.00000 0.00000 ( 1)  0.000
  85 C   1.00000 0.00000 0.00000 ( 1)  0.000
  86 P   1.00000 0.00000 0.00000 ( 1)  0.000
  87 P   1.00000 0.00000 0.00000 ( 1)  0.000
  88 P   1.00000 0.00000 0.00000 ( 1)  0.000
  89 S   1.00000 0.00000 0.00000 ( 1)  0.000
  90 V   1.00000 0.00000 0.00000 ( 1)  0.000
  91 L   1.00000 0.00000 0.00000 ( 1)  0.000
  92 M   1.00000 0.00000 0.00000 ( 1)  0.000
  93 P   1.00000 0.00000 0.00000 ( 1)  0.000
  94 K   1.00000 0.00000 0.00000 ( 1)  0.000
  95 P   1.00000 0.00000 0.00000 ( 1)  0.000
  96 A   1.00000 0.00000 0.00000 ( 1)  0.000
  97 T   1.00000 0.00000 0.00000 ( 1)  0.000
  98 E   1.00000 0.00000 0.00000 ( 1)  0.000
  99 L   1.00000 0.00000 0.00000 ( 1)  0.000
 100 I   1.00000 0.00000 0.00000 ( 1)  0.000
 101 H   1.00000 0.00000 0.00000 ( 1)  0.000
 102 T   1.00000 0.00000 0.00000 ( 1)  0.000
 103 S   1.00000 0.00000 0.00000 ( 1)  0.000
 104 Q   1.00000 0.00000 0.00000 ( 1)  0.000
 105 P   1.00000 0.00000 0.00000 ( 1)  0.000
 106 V   1.00000 0.00000 0.00000 ( 1)  0.000
 107 Q   1.00000 0.00000 0.00000 ( 1)  0.000
 108 M   1.00000 0.00000 0.00000 ( 1)  0.000
 109 F   1.00000 0.00000 0.00000 ( 1)  0.000
 110 P   1.00000 0.00000 0.00000 ( 1)  0.000
 111 Y   1.00000 0.00000 0.00000 ( 1)  0.000
 112 A   1.00000 0.00000 0.00000 ( 1)  0.000
 113 S   1.00000 0.00000 0.00000 ( 1)  0.000
 114 V   1.00000 0.00000 0.00000 ( 1)  0.000
 115 M   1.00000 0.00000 0.00000 ( 1)  0.000
 116 R   1.00000 0.00000 0.00000 ( 1)  0.000
 117 T   1.00000 0.00000 0.00000 ( 1)  0.000
 118 Q   1.00000 0.00000 0.00000 ( 1)  0.000
 119 P   1.00000 0.00000 0.00000 ( 1)  0.000
 120 T   1.00000 0.00000 0.00000 ( 1)  0.000
 121 A   1.00000 0.00000 0.00000 ( 1)  0.000
 122 E   1.00000 0.00000 0.00000 ( 1)  0.000
 123 A   1.00000 0.00000 0.00000 ( 1)  0.000
 124 S   1.00000 0.00000 0.00000 ( 1)  0.000
 125 S   1.00000 0.00000 0.00000 ( 1)  0.000
 126 A   1.00000 0.00000 0.00000 ( 1)  0.000
 127 D   1.00000 0.00000 0.00000 ( 1)  0.000
 128 K   1.00000 0.00000 0.00000 ( 1)  0.000
 129 C   1.00000 0.00000 0.00000 ( 1)  0.000
 130 L   1.00000 0.00000 0.00000 ( 1)  0.000
 131 N   1.00000 0.00000 0.00000 ( 1)  0.000
 132 A   1.00000 0.00000 0.00000 ( 1)  0.000
 133 I   1.00000 0.00000 0.00000 ( 1)  0.000
 134 E   1.00000 0.00000 0.00000 ( 1)  0.000
 135 L   1.00000 0.00000 0.00000 ( 1)  0.000
 136 E   1.00000 0.00000 0.00000 ( 1)  0.000
 137 G   1.00000 0.00000 0.00000 ( 1)  0.000
 138 A   1.00000 0.00000 0.00000 ( 1)  0.000
 139 V   1.00000 0.00000 0.00000 ( 1)  0.000
 140 S   1.00000 0.00000 0.00000 ( 1)  0.000
 141 G   1.00000 0.00000 0.00000 ( 1)  0.000
 142 S   1.00000 0.00000 0.00000 ( 1)  0.000
 143 E   1.00000 0.00000 0.00000 ( 1)  0.000
 144 D   1.00000 0.00000 0.00000 ( 1)  0.000
 145 L   1.00000 0.00000 0.00000 ( 1)  0.000
 146 S   1.00000 0.00000 0.00000 ( 1)  0.000
 147 S   1.00000 0.00000 0.00000 ( 1)  0.000
 148 F   1.00000 0.00000 0.00000 ( 1)  0.000
 149 F   1.00000 0.00000 0.00000 ( 1)  0.000
 150 L   1.00000 0.00000 0.00000 ( 1)  0.000
 151 P   1.00000 0.00000 0.00000 ( 1)  0.000
 152 Q   1.00000 0.00000 0.00000 ( 1)  0.000
 153 K   1.00000 0.00000 0.00000 ( 1)  0.000
 154 A   1.00000 0.00000 0.00000 ( 1)  0.000
 155 N   1.00000 0.00000 0.00000 ( 1)  0.000

Positively selected sites

	Prob(w>1)  mean w



lnL =  -617.283304

Bayes Empirical Bayes (BEB) probabilities for 3 classes (class) & postmean_w
(amino acids refer to 1st sequence: ecm.9148)

   1 M   0.33401 0.33384 0.33214 ( 1)  2.488 +-  2.981
   2 R   0.33401 0.33384 0.33215 ( 1)  2.488 +-  2.981
   3 R   0.33401 0.33384 0.33216 ( 1)  2.488 +-  2.981
   4 V   0.33401 0.33384 0.33216 ( 1)  2.488 +-  2.981
   5 Y   0.33400 0.33384 0.33216 ( 1)  2.488 +-  2.981
   6 K   0.33402 0.33384 0.33214 ( 1)  2.488 +-  2.981
   7 V   0.33401 0.33384 0.33215 ( 1)  2.488 +-  2.981
   8 T   0.33401 0.33384 0.33215 ( 1)  2.488 +-  2.981
   9 Q   0.33401 0.33384 0.33214 ( 1)  2.488 +-  2.981
  10 L   0.33400 0.33384 0.33216 ( 1)  2.488 +-  2.981
  11 S   0.33401 0.33384 0.33216 ( 1)  2.488 +-  2.981
  12 A   0.33401 0.33384 0.33216 ( 1)  2.488 +-  2.981
  13 Q   0.33401 0.33384 0.33214 ( 1)  2.488 +-  2.981
  14 V   0.33400 0.33384 0.33216 ( 1)  2.488 +-  2.981
  15 R   0.33401 0.33384 0.33216 ( 1)  2.488 +-  2.981
  16 T   0.33400 0.33384 0.33216 ( 1)  2.488 +-  2.981
  17 K   0.33402 0.33384 0.33214 ( 1)  2.488 +-  2.981
  18 Q   0.33401 0.33384 0.33214 ( 1)  2.488 +-  2.981
  19 S   0.33401 0.33384 0.33216 ( 1)  2.488 +-  2.981
  20 K   0.33402 0.33384 0.33214 ( 1)  2.488 +-  2.981
  21 A   0.33401 0.33384 0.33215 ( 1)  2.488 +-  2.981
  22 K   0.33402 0.33384 0.33214 ( 1)  2.488 +-  2.981
  23 R   0.33400 0.33384 0.33216 ( 1)  2.488 +-  2.981
  24 G   0.33400 0.33384 0.33216 ( 1)  2.488 +-  2.981
  25 K   0.33401 0.33384 0.33215 ( 1)  2.488 +-  2.981
  26 A   0.33401 0.33384 0.33216 ( 1)  2.488 +-  2.981
  27 E   0.33402 0.33384 0.33214 ( 1)  2.488 +-  2.981
  28 T   0.33401 0.33384 0.33215 ( 1)  2.488 +-  2.981
  29 P   0.33401 0.33384 0.33216 ( 1)  2.488 +-  2.981
  30 K   0.33401 0.33384 0.33215 ( 1)  2.488 +-  2.981
  31 E   0.33402 0.33384 0.33214 ( 1)  2.488 +-  2.981
  32 M   0.33401 0.33384 0.33214 ( 1)  2.488 +-  2.981
  33 E   0.33401 0.33384 0.33215 ( 1)  2.488 +-  2.981
  34 A   0.33401 0.33384 0.33216 ( 1)  2.488 +-  2.981
  35 M   0.33401 0.33384 0.33214 ( 1)  2.488 +-  2.981
  36 M   0.33401 0.33384 0.33214 ( 1)  2.488 +-  2.981
  37 Y   0.33401 0.33384 0.33216 ( 1)  2.488 +-  2.981
  38 P   0.33401 0.33384 0.33215 ( 1)  2.488 +-  2.981
  39 G   0.33400 0.33384 0.33216 ( 1)  2.488 +-  2.981
  40 S   0.33401 0.33384 0.33215 ( 1)  2.488 +-  2.981
  41 Y   0.33400 0.33384 0.33216 ( 1)  2.488 +-  2.981
  42 V   0.33401 0.33384 0.33215 ( 1)  2.488 +-  2.981
  43 L   0.33401 0.33384 0.33215 ( 1)  2.488 +-  2.981
  44 K   0.33402 0.33384 0.33214 ( 1)  2.488 +-  2.981
  45 T   0.33401 0.33384 0.33215 ( 1)  2.488 +-  2.981
  46 E   0.33401 0.33384 0.33215 ( 1)  2.488 +-  2.981
  47 P   0.33401 0.33384 0.33216 ( 1)  2.488 +-  2.981
  48 D   0.33401 0.33384 0.33214 ( 1)  2.488 +-  2.981
  49 S   0.33400 0.33384 0.33216 ( 1)  2.488 +-  2.981
  50 A   0.33401 0.33384 0.33215 ( 1)  2.488 +-  2.981
  51 M   0.33401 0.33384 0.33214 ( 1)  2.488 +-  2.981
  52 I   0.33401 0.33384 0.33216 ( 1)  2.488 +-  2.981
  53 V   0.33400 0.33384 0.33216 ( 1)  2.488 +-  2.981
  54 A   0.33401 0.33384 0.33216 ( 1)  2.488 +-  2.981
  55 S   0.33401 0.33384 0.33216 ( 1)  2.488 +-  2.981
  56 Q   0.33402 0.33385 0.33213 ( 1)  2.488 +-  2.981
  57 P   0.33401 0.33384 0.33216 ( 1)  2.488 +-  2.981
  58 V   0.33401 0.33384 0.33215 ( 1)  2.488 +-  2.981
  59 K   0.33401 0.33384 0.33215 ( 1)  2.488 +-  2.981
  60 M   0.33401 0.33384 0.33214 ( 1)  2.488 +-  2.981
  61 H   0.33401 0.33384 0.33215 ( 1)  2.488 +-  2.981
  62 A   0.33401 0.33384 0.33216 ( 1)  2.488 +-  2.981
  63 Y   0.33401 0.33384 0.33216 ( 1)  2.488 +-  2.981
  64 P   0.33401 0.33384 0.33215 ( 1)  2.488 +-  2.981
  65 P   0.33401 0.33384 0.33216 ( 1)  2.488 +-  2.981
  66 V   0.33401 0.33384 0.33215 ( 1)  2.488 +-  2.981
  67 L   0.33401 0.33384 0.33215 ( 1)  2.488 +-  2.981
  68 T   0.33401 0.33384 0.33215 ( 1)  2.488 +-  2.981
  69 S   0.33401 0.33384 0.33215 ( 1)  2.488 +-  2.981
  70 N   0.33402 0.33384 0.33214 ( 1)  2.488 +-  2.981
  71 P   0.33401 0.33384 0.33216 ( 1)  2.488 +-  2.981
  72 T   0.33401 0.33384 0.33215 ( 1)  2.488 +-  2.981
  73 P   0.33401 0.33384 0.33216 ( 1)  2.488 +-  2.981
  74 Q   0.33402 0.33385 0.33213 ( 1)  2.488 +-  2.981
  75 F   0.33401 0.33384 0.33216 ( 1)  2.488 +-  2.981
  76 A   0.33401 0.33384 0.33216 ( 1)  2.488 +-  2.981
  77 H   0.33401 0.33384 0.33214 ( 1)  2.488 +-  2.981
  78 T   0.33401 0.33384 0.33215 ( 1)  2.488 +-  2.981
  79 S   0.33401 0.33384 0.33216 ( 1)  2.488 +-  2.981
  80 P   0.33401 0.33384 0.33215 ( 1)  2.488 +-  2.981
  81 P   0.33401 0.33384 0.33216 ( 1)  2.488 +-  2.981
  82 L   0.33401 0.33384 0.33215 ( 1)  2.488 +-  2.981
  83 M   0.33401 0.33384 0.33214 ( 1)  2.488 +-  2.981
  84 M   0.33401 0.33384 0.33214 ( 1)  2.488 +-  2.981
  85 C   0.33400 0.33383 0.33216 ( 1)  2.488 +-  2.981
  86 P   0.33401 0.33384 0.33215 ( 1)  2.488 +-  2.981
  87 P   0.33401 0.33384 0.33216 ( 1)  2.488 +-  2.981
  88 P   0.33401 0.33384 0.33215 ( 1)  2.488 +-  2.981
  89 S   0.33400 0.33384 0.33216 ( 1)  2.488 +-  2.981
  90 V   0.33401 0.33384 0.33215 ( 1)  2.488 +-  2.981
  91 L   0.33401 0.33384 0.33215 ( 1)  2.488 +-  2.981
  92 M   0.33401 0.33384 0.33214 ( 1)  2.488 +-  2.981
  93 P   0.33401 0.33384 0.33214 ( 1)  2.488 +-  2.981
  94 K   0.33401 0.33384 0.33215 ( 1)  2.488 +-  2.981
  95 P   0.33401 0.33384 0.33216 ( 1)  2.488 +-  2.981
  96 A   0.33401 0.33384 0.33215 ( 1)  2.488 +-  2.981
  97 T   0.33401 0.33384 0.33216 ( 1)  2.488 +-  2.981
  98 E   0.33402 0.33384 0.33214 ( 1)  2.488 +-  2.981
  99 L   0.33401 0.33384 0.33215 ( 1)  2.488 +-  2.981
 100 I   0.33401 0.33384 0.33216 ( 1)  2.488 +-  2.981
 101 H   0.33401 0.33384 0.33214 ( 1)  2.488 +-  2.981
 102 T   0.33400 0.33384 0.33216 ( 1)  2.488 +-  2.981
 103 S   0.33401 0.33384 0.33216 ( 1)  2.488 +-  2.981
 104 Q   0.33401 0.33384 0.33214 ( 1)  2.488 +-  2.981
 105 P   0.33401 0.33384 0.33216 ( 1)  2.488 +-  2.981
 106 V   0.33401 0.33384 0.33215 ( 1)  2.488 +-  2.981
 107 Q   0.33401 0.33384 0.33214 ( 1)  2.488 +-  2.981
 108 M   0.33401 0.33384 0.33214 ( 1)  2.488 +-  2.981
 109 F   0.33401 0.33384 0.33216 ( 1)  2.488 +-  2.981
 110 P   0.33401 0.33384 0.33216 ( 1)  2.488 +-  2.981
 111 Y   0.33401 0.33384 0.33216 ( 1)  2.488 +-  2.981
 112 A   0.33401 0.33384 0.33215 ( 1)  2.488 +-  2.981
 113 S   0.33400 0.33384 0.33216 ( 1)  2.488 +-  2.981
 114 V   0.33400 0.33383 0.33216 ( 1)  2.488 +-  2.981
 115 M   0.33401 0.33384 0.33214 ( 1)  2.488 +-  2.981
 116 R   0.33401 0.33384 0.33215 ( 1)  2.488 +-  2.981
 117 T   0.33401 0.33384 0.33215 ( 1)  2.488 +-  2.981
 118 Q   0.33401 0.33384 0.33214 ( 1)  2.488 +-  2.981
 119 P   0.33401 0.33384 0.33214 ( 1)  2.488 +-  2.981
 120 T   0.33401 0.33384 0.33215 ( 1)  2.488 +-  2.981
 121 A   0.33400 0.33384 0.33216 ( 1)  2.488 +-  2.981
 122 E   0.33402 0.33384 0.33214 ( 1)  2.488 +-  2.981
 123 A   0.33401 0.33384 0.33215 ( 1)  2.488 +-  2.981
 124 S   0.33401 0.33384 0.33216 ( 1)  2.488 +-  2.981
 125 S   0.33401 0.33384 0.33216 ( 1)  2.488 +-  2.981
 126 A   0.33401 0.33384 0.33215 ( 1)  2.488 +-  2.981
 127 D   0.33401 0.33384 0.33214 ( 1)  2.488 +-  2.981
 128 K   0.33401 0.33384 0.33215 ( 1)  2.488 +-  2.981
 129 C   0.33400 0.33383 0.33216 ( 1)  2.488 +-  2.981
 130 L   0.33400 0.33384 0.33216 ( 1)  2.488 +-  2.981
 131 N   0.33401 0.33384 0.33214 ( 1)  2.488 +-  2.981
 132 A   0.33401 0.33384 0.33216 ( 1)  2.488 +-  2.981
 133 I   0.33401 0.33384 0.33216 ( 1)  2.488 +-  2.981
 134 E   0.33402 0.33384 0.33214 ( 1)  2.488 +-  2.981
 135 L   0.33400 0.33383 0.33216 ( 1)  2.488 +-  2.981
 136 E   0.33402 0.33384 0.33214 ( 1)  2.488 +-  2.981
 137 G   0.33401 0.33384 0.33215 ( 1)  2.488 +-  2.981
 138 A   0.33400 0.33384 0.33216 ( 1)  2.488 +-  2.981
 139 V   0.33400 0.33384 0.33216 ( 1)  2.488 +-  2.981
 140 S   0.33401 0.33384 0.33216 ( 1)  2.488 +-  2.981
 141 G   0.33400 0.33383 0.33216 ( 1)  2.488 +-  2.981
 142 S   0.33401 0.33384 0.33215 ( 1)  2.488 +-  2.981
 143 E   0.33401 0.33384 0.33215 ( 1)  2.488 +-  2.981
 144 D   0.33401 0.33384 0.33214 ( 1)  2.488 +-  2.981
 145 L   0.33400 0.33384 0.33216 ( 1)  2.488 +-  2.981
 146 S   0.33401 0.33384 0.33216 ( 1)  2.488 +-  2.981
 147 S   0.33401 0.33384 0.33216 ( 1)  2.488 +-  2.981
 148 F   0.33401 0.33384 0.33215 ( 1)  2.488 +-  2.981
 149 F   0.33401 0.33384 0.33215 ( 1)  2.488 +-  2.981
 150 L   0.33400 0.33383 0.33216 ( 1)  2.488 +-  2.981
 151 P   0.33401 0.33384 0.33216 ( 1)  2.488 +-  2.981
 152 Q   0.33402 0.33385 0.33213 ( 1)  2.488 +-  2.981
 153 K   0.33402 0.33384 0.33214 ( 1)  2.488 +-  2.981
 154 A   0.33401 0.33384 0.33215 ( 1)  2.488 +-  2.981
 155 N   0.33401 0.33384 0.33214 ( 1)  2.488 +-  2.981

Positively selected sites

	Prob(w>1)  mean w


