Supplemental results for CODEML (seqf: algn  treef: tree)


dN/dS (w) for site classes (K=9)

p:   0.12500  0.12500  0.12500  0.12500  0.12500  0.12500  0.12500  0.12500  0.00001
w:   0.83851  0.86129  0.87439  0.88473  0.89407  0.90342  0.91396  0.92950  1.00000

Naive Empirical Bayes (NEB) probabilities for 9 classes & postmean_w
(amino acids refer to 1st sequence: spe.37195)

   1 L   0.12512 0.12506 0.12503 0.12501 0.12498 0.12496 0.12493 0.12489 0.00001 ( 1)  0.887
   2 E   0.12553 0.12528 0.12514 0.12503 0.12493 0.12483 0.12471 0.12454 0.00001 ( 1)  0.887
   3 T   0.12529 0.12515 0.12508 0.12501 0.12496 0.12491 0.12484 0.12475 0.00001 ( 1)  0.887
   4 E   0.12552 0.12528 0.12514 0.12503 0.12493 0.12483 0.12472 0.12455 0.00001 ( 1)  0.887
   5 N   0.12548 0.12526 0.12513 0.12503 0.12493 0.12484 0.12474 0.12459 0.00001 ( 1)  0.887
   6 Q   0.12533 0.12518 0.12509 0.12502 0.12495 0.12489 0.12482 0.12471 0.00001 ( 1)  0.887
   7 V   0.12533 0.12518 0.12509 0.12502 0.12495 0.12489 0.12482 0.12472 0.00001 ( 1)  0.887
   8 N   0.12548 0.12526 0.12513 0.12503 0.12493 0.12484 0.12474 0.12459 0.00001 ( 1)  0.887
   9 I   0.12530 0.12516 0.12508 0.12501 0.12496 0.12490 0.12484 0.12474 0.00001 ( 1)  0.887
  10 Q   0.12533 0.12518 0.12509 0.12502 0.12495 0.12489 0.12482 0.12471 0.00001 ( 1)  0.887
  11 G   0.12542 0.12522 0.12511 0.12502 0.12494 0.12486 0.12477 0.12464 0.00001 ( 1)  0.887
  12 F   0.12533 0.12518 0.12509 0.12502 0.12495 0.12489 0.12482 0.12472 0.00001 ( 1)  0.887
  13 L   0.12521 0.12511 0.12505 0.12501 0.12497 0.12493 0.12489 0.12482 0.00001 ( 1)  0.887
  14 E   0.12552 0.12528 0.12514 0.12503 0.12493 0.12483 0.12472 0.12455 0.00001 ( 1)  0.887
  15 H   0.12547 0.12525 0.12512 0.12502 0.12494 0.12485 0.12475 0.12460 0.00001 ( 1)  0.887
  16 I   0.12547 0.12525 0.12513 0.12503 0.12493 0.12484 0.12474 0.12459 0.00001 ( 1)  0.887
  17 R   0.12524 0.12513 0.12506 0.12501 0.12497 0.12492 0.12487 0.12480 0.00001 ( 1)  0.887
  18 Q   0.12533 0.12518 0.12509 0.12502 0.12495 0.12489 0.12482 0.12471 0.00001 ( 1)  0.887
  19 Q   0.12534 0.12518 0.12509 0.12502 0.12495 0.12489 0.12482 0.12471 0.00001 ( 1)  0.887
  20 R   0.12530 0.12516 0.12508 0.12502 0.12496 0.12490 0.12484 0.12474 0.00001 ( 1)  0.887
  21 M   0.12550 0.12526 0.12513 0.12503 0.12493 0.12484 0.12473 0.12457 0.00001 ( 1)  0.887
  22 K   0.12547 0.12525 0.12512 0.12502 0.12494 0.12485 0.12474 0.12460 0.00001 ( 1)  0.887
  23 L   0.12521 0.12511 0.12505 0.12501 0.12497 0.12493 0.12489 0.12482 0.00001 ( 1)  0.887
  24 V   0.12545 0.12524 0.12512 0.12502 0.12494 0.12485 0.12475 0.12461 0.00001 ( 1)  0.887
  25 Q   0.12533 0.12518 0.12509 0.12502 0.12495 0.12489 0.12482 0.12471 0.00001 ( 1)  0.887
  26 T   0.12538 0.12520 0.12510 0.12502 0.12495 0.12487 0.12479 0.12467 0.00001 ( 1)  0.887
  27 E   0.12553 0.12528 0.12514 0.12503 0.12493 0.12483 0.12471 0.12454 0.00001 ( 1)  0.887
  28 I   0.12543 0.12523 0.12511 0.12502 0.12494 0.12486 0.12477 0.12463 0.00001 ( 1)  0.887
  29 G   0.12542 0.12522 0.12511 0.12502 0.12494 0.12486 0.12477 0.12464 0.00001 ( 1)  0.887
  30 L   0.12512 0.12506 0.12503 0.12501 0.12498 0.12496 0.12493 0.12489 0.00001 ( 1)  0.887
  31 R   0.12530 0.12516 0.12508 0.12502 0.12496 0.12490 0.12484 0.12474 0.00001 ( 1)  0.887
  32 S   0.11828 0.12141 0.12321 0.12462 0.12590 0.12718 0.12863 0.13075 0.00001 ( 8)  0.888
  33 T   0.12538 0.12520 0.12510 0.12502 0.12495 0.12487 0.12479 0.12467 0.00001 ( 1)  0.887
  34 L   0.12524 0.12513 0.12506 0.12501 0.12497 0.12492 0.12487 0.12479 0.00001 ( 1)  0.887
  35 S   0.12516 0.12509 0.12504 0.12501 0.12498 0.12495 0.12491 0.12486 0.00001 ( 1)  0.887
  36 R   0.12524 0.12513 0.12506 0.12501 0.12497 0.12492 0.12487 0.12480 0.00001 ( 1)  0.887
  37 S   0.12553 0.12528 0.12514 0.12503 0.12493 0.12482 0.12471 0.12454 0.00001 ( 1)  0.887
  38 K   0.12547 0.12525 0.12512 0.12502 0.12494 0.12485 0.12474 0.12460 0.00001 ( 1)  0.887
  39 R   0.12530 0.12516 0.12508 0.12502 0.12496 0.12490 0.12484 0.12474 0.00001 ( 1)  0.887
  40 D   0.12566 0.12535 0.12517 0.12503 0.12491 0.12479 0.12464 0.12444 0.00001 ( 1)  0.887
  41 G   0.12542 0.12522 0.12511 0.12502 0.12494 0.12486 0.12477 0.12464 0.00001 ( 1)  0.887
  42 G   0.12542 0.12522 0.12511 0.12502 0.12494 0.12486 0.12477 0.12464 0.00001 ( 1)  0.887
  43 R   0.12530 0.12516 0.12508 0.12502 0.12496 0.12490 0.12484 0.12474 0.00001 ( 1)  0.887
  44 D   0.12566 0.12535 0.12517 0.12503 0.12491 0.12479 0.12464 0.12444 0.00001 ( 1)  0.887
  45 P   0.12524 0.12513 0.12506 0.12501 0.12497 0.12492 0.12487 0.12479 0.00001 ( 1)  0.887
  46 A   0.11844 0.12150 0.12325 0.12464 0.12589 0.12713 0.12854 0.13061 0.00001 ( 8)  0.888
  47 L   0.12521 0.12511 0.12505 0.12501 0.12497 0.12493 0.12489 0.12482 0.00001 ( 1)  0.887
  48 A   0.12536 0.12519 0.12509 0.12502 0.12495 0.12488 0.12481 0.12469 0.00001 ( 1)  0.887
  49 S   0.12522 0.12512 0.12506 0.12501 0.12497 0.12493 0.12488 0.12481 0.00001 ( 1)  0.887
  50 V   0.12534 0.12518 0.12509 0.12502 0.12495 0.12489 0.12481 0.12471 0.00001 ( 1)  0.887
  51 G   0.12542 0.12522 0.12511 0.12502 0.12494 0.12486 0.12477 0.12464 0.00001 ( 1)  0.887
  52 D   0.12566 0.12535 0.12517 0.12503 0.12491 0.12479 0.12464 0.12444 0.00001 ( 1)  0.887
  53 A   0.12548 0.12525 0.12513 0.12503 0.12493 0.12484 0.12474 0.12459 0.00001 ( 1)  0.887
  54 E   0.12553 0.12528 0.12514 0.12503 0.12493 0.12483 0.12471 0.12454 0.00001 ( 1)  0.887
  55 D   0.12566 0.12535 0.12517 0.12503 0.12491 0.12479 0.12464 0.12444 0.00001 ( 1)  0.887
  56 E   0.12553 0.12528 0.12514 0.12503 0.12493 0.12483 0.12471 0.12454 0.00001 ( 1)  0.887
  57 S   0.12553 0.12528 0.12514 0.12503 0.12493 0.12482 0.12471 0.12454 0.00001 ( 1)  0.887
  58 H   0.12547 0.12525 0.12512 0.12502 0.12494 0.12485 0.12475 0.12460 0.00001 ( 1)  0.887
  59 N   0.12562 0.12533 0.12516 0.12503 0.12491 0.12480 0.12466 0.12447 0.00001 ( 1)  0.887
  60 D   0.12556 0.12530 0.12515 0.12503 0.12492 0.12481 0.12469 0.12452 0.00001 ( 1)  0.887
  61 G   0.12556 0.12530 0.12515 0.12503 0.12492 0.12481 0.12469 0.12452 0.00001 ( 1)  0.887
  62 E   0.12553 0.12528 0.12514 0.12503 0.12493 0.12483 0.12471 0.12454 0.00001 ( 1)  0.887
  63 R   0.12539 0.12521 0.12510 0.12502 0.12495 0.12487 0.12479 0.12466 0.00001 ( 1)  0.887
  64 I   0.12547 0.12525 0.12513 0.12503 0.12493 0.12484 0.12474 0.12459 0.00001 ( 1)  0.887
  65 V   0.12545 0.12524 0.12512 0.12502 0.12494 0.12485 0.12475 0.12461 0.00001 ( 1)  0.887
  66 V   0.12534 0.12518 0.12509 0.12502 0.12495 0.12489 0.12481 0.12471 0.00001 ( 1)  0.887
  67 V   0.11843 0.12149 0.12325 0.12464 0.12589 0.12714 0.12855 0.13062 0.00001 ( 8)  0.888
  68 V   0.11854 0.12156 0.12328 0.12464 0.12587 0.12710 0.12848 0.13051 0.00001 ( 8)  0.888
  69 G   0.12540 0.12521 0.12511 0.12502 0.12494 0.12487 0.12478 0.12465 0.00001 ( 1)  0.887

Positively selected sites

	Prob(w>1)  mean w



lnL =  -306.845611

Bayes Empirical Bayes (BEB) probabilities for 11 classes (class) & postmean_w
(amino acids refer to 1st sequence: spe.37195)

   1 L   0.13800 0.05826 0.05510 0.05435 0.05418 0.05419 0.05437 0.05518 0.05852 0.14168 0.27617 (11)  1.178 +-  1.574
   2 E   0.14650 0.06156 0.05788 0.05674 0.05621 0.05586 0.05571 0.05621 0.05928 0.14330 0.25074 (11)  1.056 +-  1.380
   3 T   0.14163 0.05966 0.05629 0.05539 0.05508 0.05494 0.05499 0.05568 0.05891 0.14251 0.26493 (11)  1.122 +-  1.486
   4 E   0.14627 0.06147 0.05780 0.05668 0.05616 0.05582 0.05568 0.05619 0.05927 0.14327 0.25138 (11)  1.059 +-  1.384
   5 N   0.14558 0.06120 0.05758 0.05649 0.05601 0.05571 0.05560 0.05614 0.05925 0.14322 0.25323 (11)  1.066 +-  1.395
   6 Q   0.14255 0.06002 0.05660 0.05565 0.05530 0.05512 0.05514 0.05578 0.05899 0.14268 0.26217 (11)  1.109 +-  1.465
   7 V   0.14244 0.05998 0.05656 0.05561 0.05526 0.05509 0.05510 0.05575 0.05896 0.14262 0.26262 (11)  1.111 +-  1.470
   8 N   0.14558 0.06120 0.05758 0.05649 0.05601 0.05571 0.05560 0.05614 0.05925 0.14322 0.25323 (11)  1.066 +-  1.395
   9 I   0.13956 0.05890 0.05554 0.05460 0.05426 0.05410 0.05413 0.05480 0.05799 0.14052 0.27560 (11)  1.193 +-  1.628
  10 Q   0.14255 0.06002 0.05660 0.05565 0.05530 0.05512 0.05514 0.05578 0.05899 0.14268 0.26217 (11)  1.109 +-  1.465
  11 G   0.14436 0.06073 0.05718 0.05615 0.05572 0.05547 0.05541 0.05599 0.05913 0.14298 0.25689 (11)  1.084 +-  1.426
  12 F   0.14259 0.06003 0.05661 0.05566 0.05531 0.05514 0.05515 0.05580 0.05901 0.14273 0.26195 (11)  1.107 +-  1.461
  13 L   0.13988 0.05899 0.05572 0.05489 0.05465 0.05458 0.05469 0.05544 0.05872 0.14211 0.27033 (11)  1.149 +-  1.529
  14 E   0.14627 0.06147 0.05780 0.05668 0.05616 0.05582 0.05568 0.05619 0.05927 0.14327 0.25138 (11)  1.059 +-  1.384
  15 H   0.14525 0.06107 0.05747 0.05640 0.05593 0.05564 0.05554 0.05609 0.05921 0.14314 0.25426 (11)  1.072 +-  1.405
  16 I   0.14543 0.06114 0.05753 0.05645 0.05597 0.05568 0.05558 0.05612 0.05923 0.14319 0.25368 (11)  1.069 +-  1.399
  17 R   0.14050 0.05922 0.05592 0.05507 0.05480 0.05470 0.05480 0.05552 0.05879 0.14224 0.26845 (11)  1.139 +-  1.515
  18 Q   0.14255 0.06002 0.05660 0.05565 0.05530 0.05512 0.05514 0.05578 0.05899 0.14268 0.26217 (11)  1.109 +-  1.465
  19 Q   0.14271 0.06008 0.05665 0.05569 0.05533 0.05515 0.05516 0.05580 0.05901 0.14271 0.26170 (11)  1.106 +-  1.461
  20 R   0.14181 0.05973 0.05635 0.05544 0.05512 0.05497 0.05501 0.05569 0.05892 0.14253 0.26444 (11)  1.120 +-  1.483
  21 M   0.14596 0.06135 0.05771 0.05660 0.05611 0.05579 0.05567 0.05619 0.05929 0.14331 0.25203 (11)  1.060 +-  1.385
  22 K   0.14536 0.06112 0.05751 0.05643 0.05596 0.05567 0.05557 0.05611 0.05923 0.14319 0.25384 (11)  1.069 +-  1.400
  23 L   0.13988 0.05899 0.05572 0.05489 0.05465 0.05458 0.05469 0.05544 0.05872 0.14211 0.27033 (11)  1.149 +-  1.529
  24 V   0.14493 0.06095 0.05736 0.05630 0.05584 0.05556 0.05547 0.05603 0.05915 0.14302 0.25538 (11)  1.078 +-  1.417
  25 Q   0.14255 0.06002 0.05660 0.05565 0.05530 0.05512 0.05514 0.05578 0.05899 0.14268 0.26217 (11)  1.109 +-  1.465
  26 T   0.14368 0.06046 0.05696 0.05597 0.05557 0.05535 0.05532 0.05593 0.05910 0.14292 0.25875 (11)  1.092 +-  1.437
  27 E   0.14650 0.06156 0.05788 0.05674 0.05621 0.05586 0.05571 0.05621 0.05928 0.14330 0.25074 (11)  1.056 +-  1.380
  28 I   0.14453 0.06079 0.05724 0.05620 0.05577 0.05551 0.05545 0.05602 0.05917 0.14305 0.25628 (11)  1.081 +-  1.419
  29 G   0.14436 0.06073 0.05718 0.05615 0.05572 0.05547 0.05541 0.05599 0.05913 0.14298 0.25689 (11)  1.084 +-  1.426
  30 L   0.13800 0.05826 0.05510 0.05435 0.05418 0.05419 0.05437 0.05518 0.05852 0.14168 0.27617 (11)  1.178 +-  1.574
  31 R   0.14181 0.05973 0.05635 0.05544 0.05512 0.05497 0.05501 0.05569 0.05892 0.14253 0.26444 (11)  1.120 +-  1.483
  32 S   0.00821 0.00985 0.01524 0.02075 0.02626 0.03171 0.03711 0.04277 0.05028 0.12515 0.63268 (11)  2.900 +-  2.748
  33 T   0.14368 0.06046 0.05696 0.05597 0.05557 0.05535 0.05532 0.05593 0.05910 0.14292 0.25875 (11)  1.092 +-  1.437
  34 L   0.14063 0.05927 0.05596 0.05510 0.05483 0.05473 0.05482 0.05554 0.05880 0.14228 0.26804 (11)  1.137 +-  1.511
  35 S   0.13897 0.05863 0.05542 0.05463 0.05443 0.05439 0.05454 0.05532 0.05863 0.14192 0.27309 (11)  1.162 +-  1.550
  36 R   0.14050 0.05922 0.05592 0.05507 0.05480 0.05470 0.05480 0.05552 0.05879 0.14224 0.26845 (11)  1.139 +-  1.515
  37 S   0.14668 0.06163 0.05794 0.05680 0.05627 0.05592 0.05577 0.05626 0.05934 0.14342 0.24998 (11)  1.051 +-  1.369
  38 K   0.14536 0.06112 0.05751 0.05643 0.05596 0.05567 0.05557 0.05611 0.05923 0.14319 0.25384 (11)  1.069 +-  1.400
  39 R   0.14181 0.05973 0.05635 0.05544 0.05512 0.05497 0.05501 0.05569 0.05892 0.14253 0.26444 (11)  1.120 +-  1.483
  40 D   0.14875 0.06244 0.05860 0.05735 0.05670 0.05625 0.05600 0.05640 0.05939 0.14352 0.24459 (11)  1.029 +-  1.337
  41 G   0.14436 0.06073 0.05718 0.05615 0.05572 0.05547 0.05541 0.05599 0.05913 0.14298 0.25689 (11)  1.084 +-  1.426
  42 G   0.14436 0.06073 0.05718 0.05615 0.05572 0.05547 0.05541 0.05599 0.05913 0.14298 0.25689 (11)  1.084 +-  1.426
  43 R   0.14181 0.05973 0.05635 0.05544 0.05512 0.05497 0.05501 0.05569 0.05892 0.14253 0.26444 (11)  1.120 +-  1.483
  44 D   0.14875 0.06244 0.05860 0.05735 0.05670 0.05625 0.05600 0.05640 0.05939 0.14352 0.24459 (11)  1.029 +-  1.337
  45 P   0.14063 0.05928 0.05597 0.05511 0.05483 0.05474 0.05482 0.05554 0.05881 0.14229 0.26798 (11)  1.137 +-  1.510
  46 A   0.00893 0.01055 0.01624 0.02202 0.02776 0.03338 0.03892 0.04469 0.05232 0.12933 0.61587 (11)  2.802 +-  2.699
  47 L   0.13988 0.05899 0.05572 0.05489 0.05465 0.05458 0.05469 0.05544 0.05872 0.14211 0.27033 (11)  1.149 +-  1.529
  48 A   0.14308 0.06023 0.05677 0.05580 0.05542 0.05523 0.05522 0.05585 0.05904 0.14279 0.26058 (11)  1.101 +-  1.452
  49 S   0.14023 0.05912 0.05584 0.05499 0.05474 0.05466 0.05476 0.05550 0.05877 0.14222 0.26918 (11)  1.142 +-  1.519
  50 V   0.14266 0.06006 0.05663 0.05567 0.05531 0.05513 0.05514 0.05578 0.05898 0.14266 0.26198 (11)  1.108 +-  1.466
  51 G   0.14436 0.06073 0.05718 0.05615 0.05572 0.05547 0.05541 0.05599 0.05913 0.14298 0.25689 (11)  1.084 +-  1.426
  52 D   0.14875 0.06244 0.05860 0.05735 0.05670 0.05625 0.05600 0.05640 0.05939 0.14352 0.24459 (11)  1.029 +-  1.337
  53 A   0.14553 0.06118 0.05756 0.05648 0.05600 0.05570 0.05559 0.05613 0.05924 0.14321 0.25338 (11)  1.067 +-  1.397
  54 E   0.14650 0.06156 0.05788 0.05674 0.05621 0.05586 0.05571 0.05621 0.05928 0.14330 0.25074 (11)  1.056 +-  1.380
  55 D   0.14875 0.06244 0.05860 0.05735 0.05670 0.05625 0.05600 0.05640 0.05939 0.14352 0.24459 (11)  1.029 +-  1.337
  56 E   0.14650 0.06156 0.05788 0.05674 0.05621 0.05586 0.05571 0.05621 0.05928 0.14330 0.25074 (11)  1.056 +-  1.380
  57 S   0.14668 0.06163 0.05794 0.05680 0.05627 0.05592 0.05577 0.05626 0.05934 0.14342 0.24998 (11)  1.051 +-  1.369
  58 H   0.14525 0.06107 0.05747 0.05640 0.05593 0.05564 0.05554 0.05609 0.05921 0.14314 0.25426 (11)  1.072 +-  1.405
  59 N   0.14823 0.06224 0.05844 0.05722 0.05661 0.05619 0.05597 0.05640 0.05942 0.14358 0.24570 (11)  1.032 +-  1.339
  60 D   0.14643 0.06155 0.05783 0.05666 0.05609 0.05572 0.05554 0.05601 0.05906 0.14281 0.25231 (11)  1.069 +-  1.414
  61 G   0.14712 0.06180 0.05808 0.05691 0.05635 0.05598 0.05580 0.05627 0.05932 0.14338 0.24900 (11)  1.048 +-  1.367
  62 E   0.14650 0.06156 0.05788 0.05674 0.05621 0.05586 0.05571 0.05621 0.05928 0.14330 0.25074 (11)  1.056 +-  1.380
  63 R   0.14384 0.06052 0.05702 0.05601 0.05561 0.05538 0.05534 0.05595 0.05911 0.14294 0.25829 (11)  1.090 +-  1.434
  64 I   0.14543 0.06114 0.05753 0.05645 0.05597 0.05568 0.05558 0.05612 0.05923 0.14319 0.25368 (11)  1.069 +-  1.399
  65 V   0.14493 0.06095 0.05736 0.05630 0.05584 0.05556 0.05547 0.05603 0.05915 0.14302 0.25538 (11)  1.078 +-  1.417
  66 V   0.14266 0.06006 0.05663 0.05567 0.05531 0.05513 0.05514 0.05578 0.05898 0.14266 0.26198 (11)  1.108 +-  1.466
  67 V   0.00890 0.01053 0.01621 0.02198 0.02771 0.03334 0.03888 0.04465 0.05228 0.12927 0.61625 (11)  2.803 +-  2.699
  68 V   0.00948 0.01109 0.01700 0.02297 0.02888 0.03464 0.04028 0.04613 0.05384 0.13242 0.60326 (11)  2.726 +-  2.658
  69 G   0.14395 0.06056 0.05705 0.05603 0.05562 0.05539 0.05534 0.05594 0.05910 0.14291 0.25811 (11)  1.090 +-  1.435

Positively selected sites

	Prob(w>1)  mean w

    32 S      0.633         2.900 +- 2.748
    46 A      0.616         2.802 +- 2.699
    67 V      0.616         2.803 +- 2.699
    68 V      0.603         2.726 +- 2.658

