Supplemental results for CODEML (seqf: algn  treef: tree)


dN/dS (w) for site classes (K=9)

p:   0.12500  0.12500  0.12500  0.12500  0.12500  0.12500  0.12500  0.12500  0.00001
w:   0.00000  0.00003  0.00059  0.00431  0.01917  0.06404  0.18119  0.49146  1.00000
(note that p[8] is zero)


Naive Empirical Bayes (NEB) probabilities for 9 classes & postmean_w & P(w>1)
(amino acids refer to 1st sequence: Msl.10546)

   1 M   0.16563 0.16560 0.16507 0.16155 0.14831 0.11515 0.06187 0.01684 0.00000 ( 1)  0.030  0.000
   2 E   0.00000 0.00012 0.00254 0.01824 0.07570 0.20628 0.35723 0.33987 0.00002 ( 7)  0.247  0.000
   3 I   0.15157 0.15155 0.15127 0.14943 0.14237 0.12356 0.08794 0.04231 0.00000 ( 1)  0.048  0.000
   4 S   0.00000 0.00000 0.00000 0.00014 0.00264 0.02724 0.17797 0.79188 0.00013 ( 8)  0.423  0.000
   5 S   0.14567 0.14567 0.14548 0.14428 0.13961 0.12655 0.09874 0.05399 0.00000 ( 1)  0.056  0.000
   6 D   0.00000 0.00000 0.00001 0.00027 0.00500 0.04691 0.24612 0.70162 0.00007 ( 8)  0.393  0.000
   7 N   0.00000 0.00012 0.00250 0.01798 0.07459 0.20325 0.35350 0.34804 0.00002 ( 7)  0.250  0.000
   8 D   0.00000 0.00000 0.00001 0.00033 0.00605 0.05536 0.27209 0.66611 0.00006 ( 8)  0.380  0.000
   9 K   0.00000 0.00013 0.00274 0.01966 0.08107 0.21694 0.36005 0.31939 0.00002 ( 7)  0.238  0.000
  10 A   0.00000 0.00000 0.00000 0.00016 0.00305 0.03079 0.19202 0.77386 0.00011 ( 8)  0.417  0.000
  11 L   0.15059 0.15058 0.15032 0.14865 0.14218 0.12464 0.09006 0.04298 0.00000 ( 1)  0.049  0.000
  12 D   0.16017 0.16015 0.15970 0.15673 0.14556 0.11750 0.07155 0.02863 0.00000 ( 1)  0.038  0.000
  13 S   0.14283 0.14282 0.14267 0.14166 0.13772 0.12666 0.10279 0.06285 0.00000 ( 1)  0.061  0.000
  14 T   0.00000 0.00005 0.00107 0.00782 0.03425 0.10940 0.27665 0.57069 0.00006 ( 8)  0.338  0.000
  15 I   0.00000 0.00010 0.00211 0.01526 0.06425 0.18237 0.34560 0.39028 0.00003 ( 8)  0.267  0.000
  16 D   0.16471 0.16468 0.16411 0.16040 0.14659 0.11311 0.06291 0.02350 0.00000 ( 1)  0.034  0.000
  17 S   0.00000 0.00000 0.00000 0.00013 0.00244 0.02545 0.17075 0.80109 0.00014 ( 8)  0.426  0.000
  18 G   0.00000 0.00012 0.00240 0.01728 0.07199 0.19853 0.35346 0.35620 0.00002 ( 8)  0.253  0.000
  19 Q   0.00000 0.00000 0.00000 0.00007 0.00150 0.01901 0.16259 0.81672 0.00011 ( 8)  0.432  0.000
  20 Q   0.00000 0.00009 0.00187 0.01353 0.05751 0.16783 0.33935 0.41979 0.00003 ( 8)  0.280  0.000
  21 R   0.14890 0.14888 0.14864 0.14701 0.14075 0.12393 0.09159 0.05030 0.00000 ( 1)  0.053  0.000
  22 A   0.16252 0.16250 0.16200 0.15876 0.14658 0.11615 0.06724 0.02423 0.00000 ( 1)  0.035  0.000
  23 E   0.00000 0.00013 0.00268 0.01923 0.07949 0.21416 0.36026 0.32403 0.00002 ( 7)  0.240  0.000
  24 R   0.00000 0.00008 0.00162 0.01176 0.05043 0.15125 0.32572 0.45911 0.00003 ( 8)  0.295  0.000
  25 T   0.00000 0.00009 0.00185 0.01341 0.05696 0.16597 0.33523 0.42645 0.00003 ( 8)  0.282  0.000
  26 L   0.00000 0.00009 0.00185 0.01340 0.05687 0.16562 0.33477 0.42738 0.00003 ( 8)  0.282  0.000
  27 R   0.16045 0.16043 0.16000 0.15720 0.14655 0.11917 0.07191 0.02429 0.00000 ( 1)  0.036  0.000
  28 W   0.15146 0.15145 0.15119 0.14952 0.14305 0.12530 0.08938 0.03864 0.00000 ( 1)  0.047  0.000
  29 Q   0.00000 0.00009 0.00184 0.01334 0.05663 0.16501 0.33418 0.42888 0.00003 ( 8)  0.283  0.000
  30 F   0.16360 0.16357 0.16308 0.15986 0.14769 0.11686 0.06583 0.01952 0.00000 ( 1)  0.033  0.000
  31 S   0.15489 0.15487 0.15455 0.15246 0.14441 0.12295 0.08246 0.03340 0.00000 ( 1)  0.043  0.000
  32 Q   0.15960 0.15958 0.15917 0.15648 0.14623 0.11974 0.07347 0.02572 0.00000 ( 1)  0.037  0.000
  33 V   0.15805 0.15803 0.15762 0.15495 0.14483 0.11903 0.07535 0.03213 0.00000 ( 1)  0.041  0.000
  34 K   0.15042 0.15040 0.15016 0.14852 0.14221 0.12505 0.09079 0.04244 0.00000 ( 1)  0.049  0.000
  35 G   0.16355 0.16353 0.16302 0.15966 0.14706 0.11567 0.06553 0.02198 0.00000 ( 1)  0.034  0.000
  36 T   0.15319 0.15317 0.15287 0.15089 0.14330 0.12310 0.08513 0.03833 0.00000 ( 1)  0.046  0.000
  37 A   0.16252 0.16250 0.16200 0.15876 0.14658 0.11615 0.06724 0.02423 0.00000 ( 1)  0.035  0.000
  38 W   0.15146 0.15145 0.15119 0.14952 0.14305 0.12530 0.08938 0.03864 0.00000 ( 1)  0.047  0.000
  39 E   0.16490 0.16487 0.16432 0.16068 0.14712 0.11388 0.06285 0.02138 0.00000 ( 1)  0.033  0.000
  40 A   0.00000 0.00011 0.00220 0.01589 0.06651 0.18594 0.34403 0.38529 0.00002 ( 8)  0.265  0.000
  41 V   0.16178 0.16175 0.16126 0.15802 0.14590 0.11585 0.06834 0.02709 0.00000 ( 1)  0.037  0.000
  42 N   0.00000 0.00013 0.00261 0.01877 0.07768 0.21014 0.35773 0.33292 0.00002 ( 7)  0.243  0.000
  43 E   0.16490 0.16487 0.16432 0.16068 0.14712 0.11388 0.06285 0.02138 0.00000 ( 1)  0.033  0.000
  44 Q   0.15960 0.15958 0.15917 0.15648 0.14623 0.11974 0.07347 0.02572 0.00000 ( 1)  0.037  0.000
  45 D   0.16017 0.16015 0.15970 0.15673 0.14556 0.11750 0.07155 0.02863 0.00000 ( 1)  0.038  0.000
  46 I   0.14778 0.14777 0.14756 0.14620 0.14090 0.12623 0.09555 0.04802 0.00000 ( 1)  0.052  0.000
  47 I   0.16522 0.16519 0.16465 0.16107 0.14764 0.11444 0.06241 0.01937 0.00000 ( 1)  0.032  0.000
  48 S   0.14914 0.14912 0.14889 0.14733 0.14133 0.12499 0.09240 0.04681 0.00000 ( 1)  0.051  0.000
  49 C   0.16101 0.16099 0.16056 0.15777 0.14713 0.11958 0.07125 0.02172 0.00000 ( 1)  0.035  0.000
  50 V   0.15212 0.15211 0.15182 0.14989 0.14251 0.12295 0.08648 0.04213 0.00000 ( 1)  0.048  0.000
  51 E   0.16490 0.16487 0.16432 0.16068 0.14712 0.11388 0.06285 0.02138 0.00000 ( 1)  0.033  0.000
  52 F   0.16360 0.16357 0.16308 0.15986 0.14769 0.11686 0.06583 0.01952 0.00000 ( 1)  0.033  0.000
  53 N   0.16812 0.16808 0.16744 0.16323 0.14764 0.11041 0.05678 0.01830 0.00000 ( 1)  0.030  0.000
  54 H   0.16623 0.16620 0.16561 0.16177 0.14742 0.11255 0.06020 0.02002 0.00000 ( 1)  0.032  0.000
  55 T   0.15592 0.15590 0.15556 0.15328 0.14461 0.12182 0.08028 0.03263 0.00000 ( 1)  0.042  0.000
  56 G   0.16355 0.16353 0.16302 0.15966 0.14706 0.11567 0.06553 0.02198 0.00000 ( 1)  0.034  0.000
  57 E   0.00000 0.00012 0.00252 0.01814 0.07532 0.20555 0.35635 0.34197 0.00002 ( 7)  0.247  0.000
  58 L   0.14632 0.14631 0.14611 0.14477 0.13959 0.12542 0.09670 0.05476 0.00000 ( 1)  0.056  0.000
  59 L   0.15077 0.15075 0.15049 0.14875 0.14206 0.12406 0.08923 0.04389 0.00000 ( 1)  0.049  0.000
  60 A   0.15750 0.15748 0.15710 0.15457 0.14498 0.12021 0.07688 0.03128 0.00000 ( 1)  0.041  0.000
  61 T   0.16164 0.16162 0.16116 0.15815 0.14676 0.11784 0.06942 0.02340 0.00000 ( 1)  0.035  0.000
  62 G   0.15913 0.15911 0.15870 0.15600 0.14578 0.11949 0.07401 0.02778 0.00000 ( 1)  0.038  0.000
  63 D   0.16832 0.16828 0.16761 0.16322 0.14702 0.10898 0.05619 0.02037 0.00000 ( 1)  0.031  0.000
  64 K   0.15042 0.15040 0.15016 0.14852 0.14221 0.12505 0.09079 0.04244 0.00000 ( 1)  0.049  0.000
  65 G   0.16355 0.16353 0.16302 0.15966 0.14706 0.11567 0.06553 0.02198 0.00000 ( 1)  0.034  0.000
  66 G   0.16355 0.16353 0.16302 0.15966 0.14706 0.11567 0.06553 0.02198 0.00000 ( 1)  0.034  0.000
  67 R   0.15558 0.15556 0.15521 0.15291 0.14412 0.12117 0.08000 0.03545 0.00000 ( 1)  0.043  0.000
  68 V   0.00000 0.00006 0.00127 0.00929 0.04076 0.12981 0.31214 0.50663 0.00004 ( 8)  0.315  0.000
  69 V   0.15805 0.15803 0.15762 0.15495 0.14483 0.11903 0.07535 0.03213 0.00000 ( 1)  0.041  0.000
  70 V   0.15805 0.15803 0.15762 0.15495 0.14483 0.11903 0.07535 0.03213 0.00000 ( 1)  0.041  0.000
  71 F   0.16360 0.16357 0.16308 0.15986 0.14769 0.11686 0.06583 0.01952 0.00000 ( 1)  0.033  0.000
  72 Q   0.15960 0.15958 0.15917 0.15648 0.14623 0.11974 0.07347 0.02572 0.00000 ( 1)  0.037  0.000
  73 R   0.14609 0.14608 0.14588 0.14458 0.13954 0.12568 0.09729 0.05484 0.00000 ( 1)  0.056  0.000
  74 S   0.00000 0.00009 0.00193 0.01399 0.05920 0.17081 0.33754 0.41640 0.00003 ( 8)  0.278  0.000
  75 D   0.00000 0.00000 0.00000 0.00022 0.00423 0.04077 0.22773 0.72696 0.00008 ( 8)  0.401  0.000
  76 S   0.00000 0.00016 0.00323 0.02314 0.09413 0.24209 0.36506 0.27218 0.00001 ( 7)  0.217  0.000
  77 G   0.15956 0.15954 0.15912 0.15633 0.14579 0.11890 0.07318 0.02757 0.00000 ( 1)  0.038  0.000
  78 L   0.15430 0.15428 0.15396 0.15181 0.14362 0.12207 0.08270 0.03726 0.00000 ( 1)  0.045  0.000
  79 Y   0.16304 0.16302 0.16252 0.15928 0.14709 0.11649 0.06671 0.02184 0.00000 ( 1)  0.034  0.000
  80 N   0.15783 0.15781 0.15742 0.15487 0.14520 0.12024 0.07656 0.03008 0.00000 ( 1)  0.040  0.000
  81 V   0.16178 0.16175 0.16126 0.15802 0.14590 0.11585 0.06834 0.02709 0.00000 ( 1)  0.037  0.000
  82 Y   0.14968 0.14967 0.14943 0.14784 0.14170 0.12502 0.09172 0.04495 0.00000 ( 1)  0.050  0.000
  83 S   0.15492 0.15490 0.15459 0.15249 0.14443 0.12294 0.08241 0.03333 0.00000 ( 1)  0.043  0.000
  84 T   0.14847 0.14846 0.14824 0.14677 0.14110 0.12553 0.09384 0.04758 0.00000 ( 1)  0.052  0.000
  85 F   0.16360 0.16357 0.16308 0.15986 0.14769 0.11686 0.06583 0.01952 0.00000 ( 1)  0.033  0.000
  86 T   0.14847 0.14846 0.14824 0.14677 0.14110 0.12553 0.09384 0.04758 0.00000 ( 1)  0.052  0.000
  87 S   0.16509 0.16506 0.16454 0.16110 0.14817 0.11571 0.06309 0.01724 0.00000 ( 1)  0.031  0.000
  88 H   0.16515 0.16513 0.16456 0.16089 0.14716 0.11355 0.06224 0.02131 0.00000 ( 1)  0.033  0.000
  89 E   0.16490 0.16487 0.16432 0.16068 0.14712 0.11388 0.06285 0.02138 0.00000 ( 1)  0.033  0.000
  90 P   0.15750 0.15748 0.15711 0.15468 0.14538 0.12104 0.07728 0.02952 0.00000 ( 1)  0.040  0.000
  91 E   0.16490 0.16487 0.16432 0.16068 0.14712 0.11388 0.06285 0.02138 0.00000 ( 1)  0.033  0.000
  92 F   0.16360 0.16357 0.16308 0.15986 0.14769 0.11686 0.06583 0.01952 0.00000 ( 1)  0.033  0.000
  93 D   0.16832 0.16828 0.16761 0.16322 0.14702 0.10898 0.05619 0.02037 0.00000 ( 1)  0.031  0.000
  94 Y   0.15724 0.15722 0.15685 0.15440 0.14509 0.12087 0.07779 0.03055 0.00000 ( 1)  0.040  0.000
  95 L   0.14550 0.14549 0.14530 0.14402 0.13905 0.12546 0.09788 0.05730 0.00000 ( 1)  0.057  0.000
  96 K   0.15042 0.15040 0.15016 0.14852 0.14221 0.12505 0.09079 0.04244 0.00000 ( 1)  0.049  0.000
  97 S   0.15492 0.15490 0.15459 0.15249 0.14443 0.12294 0.08241 0.03333 0.00000 ( 1)  0.043  0.000
  98 L   0.15076 0.15075 0.15048 0.14875 0.14205 0.12406 0.08924 0.04390 0.00000 ( 1)  0.049  0.000
  99 E   0.16490 0.16487 0.16432 0.16068 0.14712 0.11388 0.06285 0.02138 0.00000 ( 1)  0.033  0.000
 100 I   0.15990 0.15988 0.15945 0.15665 0.14606 0.11895 0.07268 0.02643 0.00000 ( 1)  0.037  0.000
 101 E   0.16015 0.16013 0.15969 0.15679 0.14584 0.11814 0.07198 0.02728 0.00000 ( 1)  0.038  0.000
 102 E   0.16490 0.16487 0.16432 0.16068 0.14712 0.11388 0.06285 0.02138 0.00000 ( 1)  0.033  0.000
 103 K   0.15042 0.15040 0.15016 0.14852 0.14221 0.12505 0.09079 0.04244 0.00000 ( 1)  0.049  0.000
 104 I   0.15990 0.15988 0.15945 0.15665 0.14606 0.11895 0.07268 0.02643 0.00000 ( 1)  0.037  0.000
 105 N   0.15783 0.15781 0.15742 0.15487 0.14520 0.12024 0.07656 0.03008 0.00000 ( 1)  0.040  0.000
 106 K   0.15042 0.15040 0.15016 0.14852 0.14221 0.12505 0.09079 0.04244 0.00000 ( 1)  0.049  0.000
 107 I   0.15984 0.15982 0.15939 0.15660 0.14603 0.11898 0.07278 0.02654 0.00000 ( 1)  0.037  0.000
 108 R   0.15427 0.15426 0.15394 0.15188 0.14397 0.12295 0.08346 0.03526 0.00000 ( 1)  0.044  0.000
 109 W   0.15146 0.15145 0.15119 0.14952 0.14305 0.12530 0.08938 0.03864 0.00000 ( 1)  0.047  0.000
 110 L   0.13818 0.13818 0.13807 0.13737 0.13462 0.12681 0.10940 0.07736 0.00000 ( 1)  0.069  0.000
 111 P   0.16009 0.16006 0.15964 0.15686 0.14631 0.11917 0.07240 0.02547 0.00000 ( 1)  0.037  0.000
 112 G   0.00000 0.00009 0.00192 0.01386 0.05857 0.16856 0.33324 0.42374 0.00003 ( 8)  0.281  0.000
 113 H   0.00000 0.00012 0.00247 0.01782 0.07427 0.20465 0.36061 0.34003 0.00002 ( 7)  0.247  0.000
 114 Y   0.00000 0.00008 0.00171 0.01241 0.05306 0.15743 0.33074 0.44452 0.00003 ( 8)  0.290  0.000
 115 R   0.00000 0.00000 0.00000 0.00017 0.00318 0.03178 0.19439 0.77036 0.00011 ( 8)  0.416  0.000
 116 A   0.16025 0.16023 0.15979 0.15691 0.14602 0.11828 0.07162 0.02688 0.00000 ( 1)  0.037  0.000
 117 N   0.00000 0.00011 0.00227 0.01639 0.06851 0.19071 0.34752 0.37446 0.00002 ( 8)  0.261  0.000
 118 F   0.00000 0.00007 0.00153 0.01112 0.04784 0.14486 0.31984 0.47471 0.00003 ( 8)  0.302  0.000
 119 L   0.14550 0.14549 0.14530 0.14402 0.13905 0.12546 0.09788 0.05730 0.00000 ( 1)  0.057  0.000
 120 L   0.14589 0.14588 0.14568 0.14436 0.13926 0.12533 0.09718 0.05642 0.00000 ( 1)  0.057  0.000
 121 S   0.13465 0.13464 0.13457 0.13411 0.13229 0.12699 0.11445 0.08828 0.00000 ( 1)  0.075  0.000
 122 T   0.15592 0.15590 0.15556 0.15328 0.14461 0.12182 0.08028 0.03263 0.00000 ( 1)  0.042  0.000
 123 N   0.16351 0.16348 0.16296 0.15955 0.14677 0.11518 0.06551 0.02303 0.00000 ( 1)  0.034  0.000
 124 D   0.16017 0.16015 0.15970 0.15673 0.14556 0.11750 0.07155 0.02863 0.00000 ( 1)  0.038  0.000
 125 K   0.15792 0.15790 0.15751 0.15496 0.14528 0.12029 0.07651 0.02962 0.00000 ( 1)  0.040  0.000
 126 T   0.15586 0.15584 0.15550 0.15323 0.14458 0.12185 0.08039 0.03276 0.00000 ( 1)  0.042  0.000
 127 V   0.15077 0.15075 0.15048 0.14870 0.14186 0.12361 0.08892 0.04489 0.00000 ( 1)  0.050  0.000
 128 K   0.15792 0.15790 0.15751 0.15496 0.14528 0.12029 0.07651 0.02962 0.00000 ( 1)  0.040  0.000
 129 L   0.00000 0.00010 0.00195 0.01405 0.05926 0.16946 0.33097 0.42418 0.00004 ( 8)  0.281  0.000
 130 W   0.15146 0.15145 0.15119 0.14952 0.14305 0.12530 0.08938 0.03864 0.00000 ( 1)  0.047  0.000
 131 R   0.16045 0.16043 0.16000 0.15720 0.14655 0.11917 0.07191 0.02429 0.00000 ( 1)  0.036  0.000
 132 V   0.16178 0.16175 0.16126 0.15802 0.14590 0.11585 0.06834 0.02709 0.00000 ( 1)  0.037  0.000
 133 S   0.16509 0.16506 0.16454 0.16110 0.14817 0.11571 0.06309 0.01724 0.00000 ( 1)  0.031  0.000
 134 E   0.16490 0.16487 0.16432 0.16068 0.14712 0.11388 0.06285 0.02138 0.00000 ( 1)  0.033  0.000
 135 K   0.16364 0.16362 0.16311 0.15976 0.14721 0.11588 0.06558 0.02121 0.00000 ( 1)  0.033  0.000
 136 D   0.16832 0.16828 0.16761 0.16322 0.14702 0.10898 0.05619 0.02037 0.00000 ( 1)  0.031  0.000
 137 R   0.15341 0.15339 0.15309 0.15111 0.14349 0.12318 0.08481 0.03752 0.00000 ( 1)  0.045  0.000
 138 A   0.00000 0.00012 0.00255 0.01833 0.07606 0.20702 0.35651 0.33938 0.00002 ( 7)  0.246  0.000
 139 L   0.00000 0.00011 0.00223 0.01610 0.06753 0.18958 0.35034 0.37408 0.00002 ( 8)  0.261  0.000
 140 E   0.16029 0.16027 0.15983 0.15691 0.14590 0.11806 0.07174 0.02701 0.00000 ( 1)  0.037  0.000
 141 A   0.00000 0.00009 0.00181 0.01312 0.05572 0.16247 0.33007 0.43668 0.00003 ( 8)  0.286  0.000
 142 V   0.00000 0.00000 0.00000 0.00021 0.00401 0.03914 0.22345 0.73310 0.00008 ( 8)  0.403  0.000
 143 E   0.16021 0.16019 0.15975 0.15684 0.14587 0.11811 0.07188 0.02715 0.00000 ( 1)  0.038  0.000
 144 S   0.00000 0.00000 0.00000 0.00021 0.00389 0.03766 0.21383 0.74431 0.00011 ( 8)  0.407  0.000
 145 D   0.16471 0.16468 0.16411 0.16040 0.14659 0.11311 0.06291 0.02350 0.00000 ( 1)  0.034  0.000
 146 P   0.15748 0.15746 0.15709 0.15466 0.14537 0.12105 0.07732 0.02956 0.00000 ( 1)  0.040  0.000
 147 N   0.00000 0.00000 0.00001 0.00050 0.00897 0.07689 0.32339 0.59020 0.00004 ( 8)  0.354  0.000
 148 A   0.00000 0.00009 0.00182 0.01317 0.05611 0.16483 0.33665 0.42731 0.00003 ( 8)  0.283  0.000
 149 Q   0.00000 0.00004 0.00087 0.00645 0.02940 0.10268 0.28783 0.57267 0.00005 ( 8)  0.341  0.000
 150 A   0.00000 0.00007 0.00141 0.01028 0.04504 0.14169 0.32447 0.47700 0.00004 ( 8)  0.303  0.000
 151 L   0.15073 0.15072 0.15045 0.14872 0.14204 0.12407 0.08929 0.04398 0.00000 ( 1)  0.049  0.000
 152 R   0.15671 0.15669 0.15634 0.15400 0.14505 0.12151 0.07867 0.03103 0.00000 ( 1)  0.041  0.000
 153 L   0.15143 0.15141 0.15114 0.14932 0.14233 0.12364 0.08798 0.04276 0.00000 ( 1)  0.048  0.000
 154 P   0.15439 0.15438 0.15406 0.15198 0.14398 0.12277 0.08311 0.03533 0.00000 ( 1)  0.044  0.000
 155 R   0.16045 0.16043 0.16000 0.15720 0.14655 0.11917 0.07191 0.02429 0.00000 ( 1)  0.036  0.000
 156 Y   0.15891 0.15889 0.15848 0.15581 0.14568 0.11964 0.07461 0.02798 0.00000 ( 1)  0.038  0.000
 157 V   0.00000 0.00009 0.00188 0.01362 0.05777 0.16766 0.33622 0.42272 0.00003 ( 8)  0.281  0.000
 158 P   0.15748 0.15746 0.15709 0.15466 0.14537 0.12105 0.07732 0.02956 0.00000 ( 1)  0.040  0.000
 159 A   0.16252 0.16250 0.16200 0.15876 0.14658 0.11615 0.06724 0.02423 0.00000 ( 1)  0.035  0.000
 160 E   0.16490 0.16487 0.16432 0.16068 0.14712 0.11388 0.06285 0.02138 0.00000 ( 1)  0.033  0.000
 161 L   0.14550 0.14549 0.14530 0.14402 0.13905 0.12546 0.09788 0.05730 0.00000 ( 1)  0.057  0.000
 162 I   0.00000 0.00009 0.00176 0.01273 0.05420 0.15921 0.32920 0.44278 0.00003 ( 8)  0.289  0.000
 163 V   0.16017 0.16014 0.15970 0.15678 0.14575 0.11782 0.07148 0.02816 0.00000 ( 1)  0.038  0.000
 164 E   0.15399 0.15398 0.15366 0.15161 0.14375 0.12295 0.08404 0.03601 0.00000 ( 1)  0.044  0.000
 165 A   0.16025 0.16023 0.15979 0.15691 0.14602 0.11828 0.07162 0.02688 0.00000 ( 1)  0.037  0.000
 166 A   0.15848 0.15846 0.15806 0.15542 0.14543 0.11967 0.07500 0.02949 0.00000 ( 1)  0.039  0.000
 167 P   0.14713 0.14712 0.14691 0.14557 0.14036 0.12597 0.09611 0.05083 0.00000 ( 1)  0.054  0.000
 168 R   0.15063 0.15062 0.15036 0.14865 0.14204 0.12423 0.08962 0.04385 0.00000 ( 1)  0.049  0.000
 169 R   0.15162 0.15161 0.15134 0.14956 0.14269 0.12421 0.08829 0.04067 0.00000 ( 1)  0.047  0.000
 170 I   0.00000 0.00006 0.00127 0.00931 0.04085 0.13004 0.31244 0.50599 0.00004 ( 8)  0.314  0.000
 171 F   0.15773 0.15771 0.15733 0.15488 0.14552 0.12105 0.07704 0.02874 0.00000 ( 1)  0.039  0.000
 172 A   0.16252 0.16250 0.16200 0.15876 0.14658 0.11615 0.06724 0.02423 0.00000 ( 1)  0.035  0.000
 173 N   0.16351 0.16348 0.16296 0.15955 0.14677 0.11518 0.06551 0.02303 0.00000 ( 1)  0.034  0.000
 174 A   0.15563 0.15562 0.15527 0.15300 0.14434 0.12161 0.08043 0.03409 0.00000 ( 1)  0.043  0.000
 175 H   0.16623 0.16620 0.16561 0.16177 0.14742 0.11255 0.06020 0.02002 0.00000 ( 1)  0.032  0.000
 176 T   0.16164 0.16162 0.16116 0.15815 0.14676 0.11784 0.06942 0.02340 0.00000 ( 1)  0.035  0.000
 177 Y   0.16304 0.16302 0.16252 0.15928 0.14709 0.11649 0.06671 0.02184 0.00000 ( 1)  0.034  0.000
 178 H   0.15609 0.15607 0.15572 0.15340 0.14455 0.12142 0.07974 0.03301 0.00000 ( 1)  0.042  0.000
 179 I   0.16522 0.16519 0.16465 0.16107 0.14764 0.11444 0.06241 0.01937 0.00000 ( 1)  0.032  0.000
 180 N   0.15783 0.15781 0.15742 0.15487 0.14520 0.12024 0.07656 0.03008 0.00000 ( 1)  0.040  0.000
 181 S   0.00000 0.00008 0.00168 0.01219 0.05207 0.15441 0.32556 0.45397 0.00003 ( 8)  0.293  0.000
 182 I   0.15990 0.15988 0.15945 0.15665 0.14606 0.11895 0.07268 0.02643 0.00000 ( 1)  0.037  0.000
 183 S   0.14926 0.14925 0.14902 0.14750 0.14161 0.12544 0.09259 0.04534 0.00000 ( 1)  0.051  0.000
 184 V   0.15212 0.15211 0.15182 0.14989 0.14251 0.12295 0.08648 0.04213 0.00000 ( 1)  0.048  0.000
 185 N   0.15783 0.15781 0.15742 0.15487 0.14520 0.12024 0.07656 0.03008 0.00000 ( 1)  0.040  0.000
 186 S   0.16509 0.16506 0.16454 0.16110 0.14817 0.11571 0.06309 0.01724 0.00000 ( 1)  0.031  0.000
 187 D   0.16832 0.16828 0.16761 0.16322 0.14702 0.10898 0.05619 0.02037 0.00000 ( 1)  0.031  0.000
 188 Q   0.15960 0.15958 0.15917 0.15648 0.14623 0.11974 0.07347 0.02572 0.00000 ( 1)  0.037  0.000
 189 E   0.16015 0.16013 0.15969 0.15679 0.14584 0.11814 0.07198 0.02728 0.00000 ( 1)  0.038  0.000
 190 T   0.15319 0.15317 0.15287 0.15089 0.14330 0.12310 0.08513 0.03833 0.00000 ( 1)  0.046  0.000
 191 F   0.15773 0.15771 0.15733 0.15488 0.14552 0.12105 0.07704 0.02874 0.00000 ( 1)  0.039  0.000
 192 L   0.14818 0.14817 0.14795 0.14648 0.14080 0.12527 0.09398 0.04917 0.00000 ( 1)  0.053  0.000
 193 S   0.16509 0.16506 0.16454 0.16110 0.14817 0.11571 0.06309 0.01724 0.00000 ( 1)  0.031  0.000
 194 A   0.15750 0.15748 0.15710 0.15457 0.14498 0.12021 0.07688 0.03128 0.00000 ( 1)  0.041  0.000
 195 D   0.16832 0.16828 0.16761 0.16322 0.14702 0.10898 0.05619 0.02037 0.00000 ( 1)  0.031  0.000
 196 D   0.16464 0.16462 0.16405 0.16035 0.14657 0.11315 0.06301 0.02362 0.00000 ( 1)  0.034  0.000
 197 L   0.15077 0.15075 0.15049 0.14875 0.14206 0.12406 0.08923 0.04389 0.00000 ( 1)  0.049  0.000
 198 R   0.14422 0.14421 0.14404 0.14291 0.13851 0.12628 0.10047 0.05935 0.00000 ( 1)  0.059  0.000
 199 V   0.15805 0.15803 0.15762 0.15495 0.14483 0.11903 0.07535 0.03213 0.00000 ( 1)  0.041  0.000
 200 N   0.16351 0.16348 0.16296 0.15955 0.14677 0.11518 0.06551 0.02303 0.00000 ( 1)  0.034  0.000
 201 L   0.15575 0.15573 0.15538 0.15307 0.14427 0.12129 0.08005 0.03445 0.00000 ( 1)  0.043  0.000
 202 W   0.15146 0.15145 0.15119 0.14952 0.14305 0.12530 0.08938 0.03864 0.00000 ( 1)  0.047  0.000
 203 H   0.16170 0.16168 0.16120 0.15809 0.14635 0.11688 0.06887 0.02523 0.00000 ( 1)  0.036  0.000
 204 L   0.15093 0.15092 0.15065 0.14889 0.14212 0.12394 0.08892 0.04364 0.00000 ( 1)  0.049  0.000
 205 G   0.00000 0.00000 0.00000 0.00014 0.00269 0.02890 0.19527 0.77291 0.00010 ( 8)  0.417  0.000
 206 I   0.16522 0.16519 0.16465 0.16107 0.14764 0.11444 0.06241 0.01937 0.00000 ( 1)  0.032  0.000
 207 T   0.15718 0.15716 0.15679 0.15439 0.14524 0.12128 0.07804 0.02992 0.00000 ( 1)  0.040  0.000
 208 D   0.16471 0.16468 0.16411 0.16040 0.14659 0.11311 0.06291 0.02350 0.00000 ( 1)  0.034  0.000
 209 Q   0.15960 0.15958 0.15917 0.15648 0.14623 0.11974 0.07347 0.02572 0.00000 ( 1)  0.037  0.000
 210 S   0.15889 0.15887 0.15847 0.15588 0.14600 0.12036 0.07499 0.02655 0.00000 ( 1)  0.038  0.000
 211 Y   0.16304 0.16302 0.16252 0.15928 0.14709 0.11649 0.06671 0.02184 0.00000 ( 1)  0.034  0.000
 212 N   0.16357 0.16354 0.16302 0.15960 0.14680 0.11514 0.06541 0.02292 0.00000 ( 1)  0.034  0.000
 213 I   0.15157 0.15155 0.15127 0.14943 0.14237 0.12356 0.08794 0.04231 0.00000 ( 1)  0.048  0.000
 214 V   0.16019 0.16017 0.15972 0.15680 0.14576 0.11781 0.07144 0.02811 0.00000 ( 1)  0.038  0.000
 215 D   0.16832 0.16828 0.16761 0.16322 0.14702 0.10898 0.05619 0.02037 0.00000 ( 1)  0.031  0.000
 216 I   0.16522 0.16519 0.16465 0.16107 0.14764 0.11444 0.06241 0.01937 0.00000 ( 1)  0.032  0.000
 217 K   0.16364 0.16362 0.16311 0.15976 0.14721 0.11588 0.06558 0.02121 0.00000 ( 1)  0.033  0.000
 218 P   0.15748 0.15746 0.15709 0.15466 0.14537 0.12105 0.07732 0.02956 0.00000 ( 1)  0.040  0.000
 219 N   0.00000 0.00000 0.00001 0.00030 0.00549 0.05071 0.25644 0.68698 0.00007 ( 8)  0.388  0.000
 220 N   0.16357 0.16354 0.16302 0.15960 0.14680 0.11514 0.06541 0.02292 0.00000 ( 1)  0.034  0.000
 221 M   0.16563 0.16560 0.16507 0.16155 0.14831 0.11515 0.06187 0.01684 0.00000 ( 1)  0.030  0.000
 222 E   0.16015 0.16013 0.15969 0.15679 0.14584 0.11814 0.07198 0.02728 0.00000 ( 1)  0.038  0.000
 223 D   0.16464 0.16462 0.16405 0.16035 0.14657 0.11315 0.06301 0.02362 0.00000 ( 1)  0.034  0.000
 224 L   0.15995 0.15993 0.15950 0.15665 0.14587 0.11845 0.07228 0.02737 0.00000 ( 1)  0.038  0.000
 225 T   0.15310 0.15308 0.15278 0.15081 0.14325 0.12313 0.08528 0.03855 0.00000 ( 1)  0.046  0.000
 226 E   0.16490 0.16487 0.16432 0.16068 0.14712 0.11388 0.06285 0.02138 0.00000 ( 1)  0.033  0.000
 227 V   0.15805 0.15803 0.15762 0.15495 0.14483 0.11903 0.07535 0.03213 0.00000 ( 1)  0.041  0.000
 228 I   0.16522 0.16519 0.16465 0.16107 0.14764 0.11444 0.06241 0.01937 0.00000 ( 1)  0.032  0.000
 229 T   0.15319 0.15317 0.15287 0.15089 0.14330 0.12310 0.08513 0.03833 0.00000 ( 1)  0.046  0.000
 230 A   0.16007 0.16004 0.15961 0.15675 0.14595 0.11842 0.07198 0.02718 0.00000 ( 1)  0.038  0.000
 231 A   0.16252 0.16250 0.16200 0.15876 0.14658 0.11615 0.06724 0.02423 0.00000 ( 1)  0.035  0.000
 232 E   0.16490 0.16487 0.16432 0.16068 0.14712 0.11388 0.06285 0.02138 0.00000 ( 1)  0.033  0.000
 233 F   0.16360 0.16357 0.16308 0.15986 0.14769 0.11686 0.06583 0.01952 0.00000 ( 1)  0.033  0.000
 234 H   0.15609 0.15607 0.15572 0.15340 0.14455 0.12142 0.07974 0.03301 0.00000 ( 1)  0.042  0.000
 235 P   0.16009 0.16006 0.15964 0.15686 0.14631 0.11917 0.07240 0.02547 0.00000 ( 1)  0.037  0.000
 236 S   0.16509 0.16506 0.16454 0.16110 0.14817 0.11571 0.06309 0.01724 0.00000 ( 1)  0.031  0.000
 237 H   0.16176 0.16173 0.16126 0.15814 0.14638 0.11685 0.06877 0.02511 0.00000 ( 1)  0.036  0.000
 238 C   0.15459 0.15457 0.15426 0.15220 0.14430 0.12321 0.08319 0.03368 0.00000 ( 1)  0.043  0.000
 239 H   0.16176 0.16173 0.16126 0.15814 0.14638 0.11685 0.06877 0.02511 0.00000 ( 1)  0.036  0.000
 240 L   0.15143 0.15141 0.15114 0.14932 0.14233 0.12364 0.08798 0.04276 0.00000 ( 1)  0.048  0.000
 241 F   0.15773 0.15771 0.15733 0.15488 0.14552 0.12105 0.07704 0.02874 0.00000 ( 1)  0.039  0.000
 242 L   0.00000 0.00009 0.00188 0.01364 0.05783 0.16783 0.33587 0.42283 0.00003 ( 8)  0.281  0.000
 243 Y   0.16304 0.16302 0.16252 0.15928 0.14709 0.11649 0.06671 0.02184 0.00000 ( 1)  0.034  0.000
 244 S   0.15489 0.15487 0.15455 0.15246 0.14441 0.12295 0.08246 0.03340 0.00000 ( 1)  0.043  0.000
 245 S   0.16509 0.16506 0.16454 0.16110 0.14817 0.11571 0.06309 0.01724 0.00000 ( 1)  0.031  0.000
 246 S   0.16509 0.16506 0.16454 0.16110 0.14817 0.11571 0.06309 0.01724 0.00000 ( 1)  0.031  0.000
 247 K   0.15798 0.15796 0.15757 0.15502 0.14531 0.12026 0.07640 0.02949 0.00000 ( 1)  0.040  0.000
 248 G   0.16355 0.16353 0.16302 0.15966 0.14706 0.11567 0.06553 0.02198 0.00000 ( 1)  0.034  0.000
 249 S   0.14923 0.14921 0.14898 0.14742 0.14138 0.12497 0.09226 0.04656 0.00000 ( 1)  0.051  0.000
 250 I   0.00000 0.00011 0.00220 0.01589 0.06655 0.18658 0.34594 0.38271 0.00002 ( 8)  0.264  0.000
 251 R   0.15671 0.15669 0.15634 0.15400 0.14505 0.12151 0.07867 0.03103 0.00000 ( 1)  0.041  0.000
 252 M   0.00000 0.00011 0.00223 0.01607 0.06740 0.18928 0.35012 0.37476 0.00002 ( 8)  0.261  0.000
 253 C   0.16097 0.16095 0.16052 0.15773 0.14712 0.11960 0.07132 0.02178 0.00000 ( 1)  0.035  0.000
 254 D   0.16832 0.16828 0.16761 0.16322 0.14702 0.10898 0.05619 0.02037 0.00000 ( 1)  0.031  0.000
 255 M   0.16563 0.16560 0.16507 0.16155 0.14831 0.11515 0.06187 0.01684 0.00000 ( 1)  0.030  0.000
 256 R   0.15063 0.15062 0.15036 0.14865 0.14204 0.12423 0.08962 0.04385 0.00000 ( 1)  0.049  0.000
 257 Q   0.15960 0.15958 0.15917 0.15648 0.14623 0.11974 0.07347 0.02572 0.00000 ( 1)  0.037  0.000
 258 R   0.15341 0.15339 0.15309 0.15111 0.14349 0.12318 0.08481 0.03752 0.00000 ( 1)  0.045  0.000
 259 A   0.16252 0.16250 0.16200 0.15876 0.14658 0.11615 0.06724 0.02423 0.00000 ( 1)  0.035  0.000
 260 L   0.15575 0.15573 0.15538 0.15307 0.14427 0.12129 0.08005 0.03445 0.00000 ( 1)  0.043  0.000
 261 C   0.16101 0.16099 0.16056 0.15777 0.14713 0.11958 0.07125 0.02172 0.00000 ( 1)  0.035  0.000
 262 D   0.16832 0.16828 0.16761 0.16322 0.14702 0.10898 0.05619 0.02037 0.00000 ( 1)  0.031  0.000
 263 Q   0.15960 0.15958 0.15917 0.15648 0.14623 0.11974 0.07347 0.02572 0.00000 ( 1)  0.037  0.000
 264 H   0.16623 0.16620 0.16561 0.16177 0.14742 0.11255 0.06020 0.02002 0.00000 ( 1)  0.032  0.000
 265 V   0.00000 0.00011 0.00234 0.01684 0.07030 0.19510 0.35194 0.36335 0.00002 ( 8)  0.256  0.000
 266 G   0.00000 0.00010 0.00210 0.01517 0.06398 0.18235 0.34662 0.38966 0.00003 ( 8)  0.267  0.000
 267 I   0.16522 0.16519 0.16465 0.16107 0.14764 0.11444 0.06241 0.01937 0.00000 ( 1)  0.032  0.000
 268 F   0.00000 0.00012 0.00252 0.01812 0.07520 0.20496 0.35475 0.34430 0.00002 ( 7)  0.248  0.000
 269 E   0.16490 0.16487 0.16432 0.16068 0.14712 0.11388 0.06285 0.02138 0.00000 ( 1)  0.033  0.000
 270 E   0.16490 0.16487 0.16432 0.16068 0.14712 0.11388 0.06285 0.02138 0.00000 ( 1)  0.033  0.000
 271 A   0.15750 0.15748 0.15710 0.15457 0.14498 0.12021 0.07688 0.03128 0.00000 ( 1)  0.041  0.000
 272 D   0.16832 0.16828 0.16761 0.16322 0.14702 0.10898 0.05619 0.02037 0.00000 ( 1)  0.031  0.000
 273 D   0.16471 0.16468 0.16411 0.16040 0.14659 0.11311 0.06291 0.02350 0.00000 ( 1)  0.034  0.000
 274 P   0.15748 0.15746 0.15709 0.15466 0.14537 0.12105 0.07732 0.02956 0.00000 ( 1)  0.040  0.000
 275 S   0.00000 0.00007 0.00147 0.01065 0.04588 0.13942 0.31197 0.49050 0.00004 ( 8)  0.307  0.000
 276 S   0.00000 0.00013 0.00276 0.01980 0.08161 0.21802 0.36023 0.31743 0.00002 ( 7)  0.237  0.000
 277 R   0.15341 0.15339 0.15309 0.15111 0.14349 0.12318 0.08481 0.03752 0.00000 ( 1)  0.045  0.000
 278 S   0.15492 0.15490 0.15459 0.15249 0.14443 0.12294 0.08241 0.03333 0.00000 ( 1)  0.043  0.000
 279 F   0.15778 0.15776 0.15739 0.15493 0.14555 0.12102 0.07695 0.02863 0.00000 ( 1)  0.039  0.000
 280 F   0.16360 0.16357 0.16308 0.15986 0.14769 0.11686 0.06583 0.01952 0.00000 ( 1)  0.033  0.000
 281 S   0.15911 0.15909 0.15869 0.15610 0.14620 0.12044 0.07463 0.02574 0.00000 ( 1)  0.037  0.000
 282 E   0.16484 0.16481 0.16426 0.16063 0.14710 0.11393 0.06296 0.02148 0.00000 ( 1)  0.033  0.000
 283 I   0.15984 0.15982 0.15939 0.15660 0.14603 0.11898 0.07278 0.02654 0.00000 ( 1)  0.037  0.000
 284 I   0.15990 0.15988 0.15945 0.15665 0.14606 0.11895 0.07268 0.02643 0.00000 ( 1)  0.037  0.000
 285 S   0.14923 0.14921 0.14898 0.14742 0.14138 0.12497 0.09226 0.04656 0.00000 ( 1)  0.051  0.000
 286 S   0.14526 0.14525 0.14507 0.14391 0.13937 0.12667 0.09944 0.05502 0.00000 ( 1)  0.057  0.000
 287 V   0.00000 0.00009 0.00193 0.01399 0.05925 0.17119 0.33946 0.41405 0.00003 ( 8)  0.277  0.000
 288 S   0.16509 0.16506 0.16454 0.16110 0.14817 0.11571 0.06309 0.01724 0.00000 ( 1)  0.031  0.000
 289 D   0.16017 0.16015 0.15970 0.15673 0.14556 0.11750 0.07155 0.02863 0.00000 ( 1)  0.038  0.000
 290 I   0.00000 0.00006 0.00127 0.00931 0.04085 0.13004 0.31244 0.50599 0.00004 ( 8)  0.314  0.000
 291 K   0.15042 0.15040 0.15016 0.14852 0.14221 0.12505 0.09079 0.04244 0.00000 ( 1)  0.049  0.000
 292 F   0.15773 0.15771 0.15733 0.15488 0.14552 0.12105 0.07704 0.02874 0.00000 ( 1)  0.039  0.000
 293 S   0.14914 0.14912 0.14889 0.14733 0.14133 0.12499 0.09240 0.04681 0.00000 ( 1)  0.051  0.000
 294 H   0.15609 0.15607 0.15572 0.15340 0.14455 0.12142 0.07974 0.03301 0.00000 ( 1)  0.042  0.000
 295 S   0.15904 0.15902 0.15863 0.15604 0.14617 0.12047 0.07476 0.02588 0.00000 ( 1)  0.038  0.000
 296 G   0.15083 0.15081 0.15055 0.14884 0.14224 0.12444 0.08958 0.04271 0.00000 ( 1)  0.049  0.000
 297 R   0.15671 0.15669 0.15634 0.15400 0.14505 0.12151 0.07867 0.03103 0.00000 ( 1)  0.041  0.000
 298 Y   0.16304 0.16302 0.16252 0.15928 0.14709 0.11649 0.06671 0.02184 0.00000 ( 1)  0.034  0.000
 299 I   0.00000 0.00004 0.00086 0.00636 0.02888 0.10030 0.28291 0.58060 0.00005 ( 8)  0.344  0.000
 300 L   0.15479 0.15477 0.15444 0.15226 0.14394 0.12206 0.08206 0.03569 0.00000 ( 1)  0.044  0.000
 301 S   0.15883 0.15881 0.15842 0.15583 0.14598 0.12039 0.07509 0.02666 0.00000 ( 1)  0.038  0.000
 302 R   0.15470 0.15469 0.15435 0.15214 0.14369 0.12154 0.08153 0.03737 0.00000 ( 1)  0.044  0.000
 303 D   0.16464 0.16462 0.16405 0.16035 0.14657 0.11315 0.06301 0.02362 0.00000 ( 1)  0.034  0.000
 304 Y   0.14968 0.14967 0.14943 0.14784 0.14170 0.12502 0.09172 0.04495 0.00000 ( 1)  0.050  0.000
 305 L   0.14825 0.14824 0.14799 0.14634 0.14002 0.12325 0.09197 0.05394 0.00000 ( 1)  0.054  0.000
 306 Q   0.15960 0.15958 0.15917 0.15648 0.14623 0.11974 0.07347 0.02572 0.00000 ( 1)  0.037  0.000
 307 L   0.14823 0.14822 0.14797 0.14632 0.14000 0.12326 0.09200 0.05400 0.00000 ( 1)  0.055  0.000
 308 K   0.15792 0.15790 0.15751 0.15496 0.14528 0.12029 0.07651 0.02962 0.00000 ( 1)  0.040  0.000
 309 V   0.15805 0.15803 0.15762 0.15495 0.14483 0.11903 0.07535 0.03213 0.00000 ( 1)  0.041  0.000
 310 W   0.15146 0.15145 0.15119 0.14952 0.14305 0.12530 0.08938 0.03864 0.00000 ( 1)  0.047  0.000
 311 D   0.16832 0.16828 0.16761 0.16322 0.14702 0.10898 0.05619 0.02037 0.00000 ( 1)  0.031  0.000
 312 L   0.00000 0.00011 0.00223 0.01610 0.06753 0.18958 0.35034 0.37408 0.00002 ( 8)  0.261  0.000
 313 N   0.16812 0.16808 0.16744 0.16323 0.14764 0.11041 0.05678 0.01830 0.00000 ( 1)  0.030  0.000
 314 M   0.16563 0.16560 0.16507 0.16155 0.14831 0.11515 0.06187 0.01684 0.00000 ( 1)  0.030  0.000
 315 A   0.00000 0.00000 0.00000 0.00014 0.00271 0.02776 0.17975 0.78952 0.00013 ( 8)  0.423  0.000
 316 T   0.00000 0.00007 0.00144 0.01051 0.04555 0.14017 0.31510 0.48712 0.00004 ( 8)  0.306  0.000
 317 K   0.15798 0.15796 0.15757 0.15502 0.14531 0.12026 0.07640 0.02949 0.00000 ( 1)  0.040  0.000
 318 P   0.15168 0.15167 0.15139 0.14958 0.14260 0.12387 0.08785 0.04137 0.00000 ( 1)  0.048  0.000
 319 V   0.00000 0.00011 0.00228 0.01646 0.06880 0.19156 0.34857 0.37219 0.00002 ( 8)  0.260  0.000
 320 E   0.16490 0.16487 0.16432 0.16068 0.14712 0.11388 0.06285 0.02138 0.00000 ( 1)  0.033  0.000
 321 V   0.16178 0.16175 0.16126 0.15802 0.14590 0.11585 0.06834 0.02709 0.00000 ( 1)  0.037  0.000
 322 Y   0.15724 0.15722 0.15685 0.15440 0.14509 0.12087 0.07779 0.03055 0.00000 ( 1)  0.040  0.000
 323 P   0.15576 0.15574 0.15540 0.15319 0.14472 0.12226 0.08064 0.03230 0.00000 ( 1)  0.042  0.000
 324 V   0.15805 0.15803 0.15762 0.15495 0.14483 0.11903 0.07535 0.03213 0.00000 ( 1)  0.041  0.000
 325 H   0.16623 0.16620 0.16561 0.16177 0.14742 0.11255 0.06020 0.02002 0.00000 ( 1)  0.032  0.000
 326 E   0.16490 0.16487 0.16432 0.16068 0.14712 0.11388 0.06285 0.02138 0.00000 ( 1)  0.033  0.000
 327 H   0.16170 0.16168 0.16120 0.15809 0.14635 0.11688 0.06887 0.02523 0.00000 ( 1)  0.036  0.000
 328 F   0.16360 0.16357 0.16308 0.15986 0.14769 0.11686 0.06583 0.01952 0.00000 ( 1)  0.033  0.000
 329 R   0.15410 0.15409 0.15378 0.15173 0.14387 0.12299 0.08379 0.03567 0.00000 ( 1)  0.044  0.000
 330 R   0.14616 0.14615 0.14595 0.14465 0.13959 0.12567 0.09719 0.05464 0.00000 ( 1)  0.056  0.000
 331 N   0.16351 0.16348 0.16296 0.15955 0.14677 0.11518 0.06551 0.02303 0.00000 ( 1)  0.034  0.000
 332 L   0.15143 0.15141 0.15114 0.14932 0.14233 0.12364 0.08798 0.04276 0.00000 ( 1)  0.048  0.000
 333 C   0.16101 0.16099 0.16056 0.15777 0.14713 0.11958 0.07125 0.02172 0.00000 ( 1)  0.035  0.000
 334 A   0.15757 0.15755 0.15716 0.15463 0.14501 0.12018 0.07677 0.03113 0.00000 ( 1)  0.040  0.000
 335 L   0.15143 0.15141 0.15114 0.14932 0.14233 0.12364 0.08798 0.04276 0.00000 ( 1)  0.048  0.000
 336 Y   0.16304 0.16302 0.16252 0.15928 0.14709 0.11649 0.06671 0.02184 0.00000 ( 1)  0.034  0.000
 337 E   0.16490 0.16487 0.16432 0.16068 0.14712 0.11388 0.06285 0.02138 0.00000 ( 1)  0.033  0.000
 338 N   0.16357 0.16354 0.16302 0.15960 0.14680 0.11514 0.06541 0.02292 0.00000 ( 1)  0.034  0.000
 339 D   0.16832 0.16828 0.16761 0.16322 0.14702 0.10898 0.05619 0.02037 0.00000 ( 1)  0.031  0.000
 340 S   0.00000 0.00012 0.00241 0.01740 0.07260 0.20093 0.35751 0.34902 0.00002 ( 7)  0.251  0.000
 341 I   0.15710 0.15708 0.15670 0.15422 0.14478 0.12042 0.07777 0.03193 0.00000 ( 1)  0.041  0.000
 342 F   0.15065 0.15064 0.15039 0.14876 0.14245 0.12519 0.09043 0.04148 0.00000 ( 1)  0.048  0.000
 343 D   0.16471 0.16468 0.16411 0.16040 0.14659 0.11311 0.06291 0.02350 0.00000 ( 1)  0.034  0.000
 344 K   0.15798 0.15796 0.15757 0.15502 0.14531 0.12026 0.07640 0.02949 0.00000 ( 1)  0.040  0.000
 345 F   0.16243 0.16241 0.16194 0.15887 0.14726 0.11769 0.06804 0.02136 0.00000 ( 1)  0.034  0.000
 346 E   0.16490 0.16487 0.16432 0.16068 0.14712 0.11388 0.06285 0.02138 0.00000 ( 1)  0.033  0.000
 347 C   0.16101 0.16099 0.16056 0.15777 0.14713 0.11958 0.07125 0.02172 0.00000 ( 1)  0.035  0.000
 348 C   0.16101 0.16099 0.16056 0.15777 0.14713 0.11958 0.07125 0.02172 0.00000 ( 1)  0.035  0.000
 349 W   0.15146 0.15145 0.15119 0.14952 0.14305 0.12530 0.08938 0.03864 0.00000 ( 1)  0.047  0.000
 350 S   0.14526 0.14525 0.14507 0.14391 0.13937 0.12667 0.09944 0.05502 0.00000 ( 1)  0.057  0.000
 351 G   0.15511 0.15509 0.15475 0.15253 0.14404 0.12178 0.08136 0.03533 0.00000 ( 1)  0.043  0.000
 352 D   0.16464 0.16462 0.16405 0.16035 0.14657 0.11315 0.06301 0.02362 0.00000 ( 1)  0.034  0.000
 353 D   0.16832 0.16828 0.16761 0.16322 0.14702 0.10898 0.05619 0.02037 0.00000 ( 1)  0.031  0.000
 354 R   0.00000 0.00013 0.00266 0.01911 0.07919 0.21473 0.36457 0.31960 0.00001 ( 7)  0.238  0.000
 355 L   0.15143 0.15141 0.15114 0.14932 0.14233 0.12364 0.08798 0.04276 0.00000 ( 1)  0.048  0.000
 356 V   0.15805 0.15803 0.15762 0.15495 0.14483 0.11903 0.07535 0.03213 0.00000 ( 1)  0.041  0.000
 357 L   0.00000 0.00013 0.00269 0.01932 0.08002 0.21651 0.36466 0.31665 0.00002 ( 7)  0.237  0.000
 358 T   0.16164 0.16162 0.16116 0.15815 0.14676 0.11784 0.06942 0.02340 0.00000 ( 1)  0.035  0.000
 359 G   0.16355 0.16353 0.16302 0.15966 0.14706 0.11567 0.06553 0.02198 0.00000 ( 1)  0.034  0.000
 360 S   0.15911 0.15909 0.15869 0.15610 0.14620 0.12044 0.07463 0.02574 0.00000 ( 1)  0.037  0.000
 361 Y   0.16304 0.16302 0.16252 0.15928 0.14709 0.11649 0.06671 0.02184 0.00000 ( 1)  0.034  0.000
 362 N   0.16812 0.16808 0.16744 0.16323 0.14764 0.11041 0.05678 0.01830 0.00000 ( 1)  0.030  0.000
 363 N   0.16812 0.16808 0.16744 0.16323 0.14764 0.11041 0.05678 0.01830 0.00000 ( 1)  0.030  0.000
 364 L   0.15143 0.15141 0.15114 0.14932 0.14233 0.12364 0.08798 0.04276 0.00000 ( 1)  0.048  0.000
 365 W   0.15146 0.15145 0.15119 0.14952 0.14305 0.12530 0.08938 0.03864 0.00000 ( 1)  0.047  0.000
 366 R   0.16045 0.16043 0.16000 0.15720 0.14655 0.11917 0.07191 0.02429 0.00000 ( 1)  0.036  0.000
 367 V   0.15805 0.15803 0.15762 0.15495 0.14483 0.11903 0.07535 0.03213 0.00000 ( 1)  0.041  0.000
 368 F   0.16360 0.16357 0.16308 0.15986 0.14769 0.11686 0.06583 0.01952 0.00000 ( 1)  0.033  0.000
 369 D   0.00000 0.00015 0.00304 0.02177 0.08878 0.23038 0.35835 0.29752 0.00002 ( 7)  0.228  0.000
 370 R   0.15671 0.15669 0.15634 0.15400 0.14505 0.12151 0.07867 0.03103 0.00000 ( 1)  0.041  0.000
 371 Q   0.15960 0.15958 0.15917 0.15648 0.14623 0.11974 0.07347 0.02572 0.00000 ( 1)  0.037  0.000
 372 S   0.00000 0.00000 0.00000 0.00010 0.00204 0.02215 0.16003 0.81553 0.00014 ( 8)  0.431  0.000
 373 G   0.16355 0.16353 0.16302 0.15966 0.14706 0.11567 0.06553 0.02198 0.00000 ( 1)  0.034  0.000
 374 A   0.00000 0.00011 0.00216 0.01557 0.06537 0.18413 0.34456 0.38808 0.00003 ( 8)  0.266  0.000
 375 D   0.00000 0.00016 0.00319 0.02280 0.09251 0.23662 0.35743 0.28728 0.00002 ( 7)  0.223  0.000
 376 V   0.00000 0.00010 0.00213 0.01539 0.06456 0.18190 0.34167 0.39422 0.00003 ( 8)  0.269  0.000
 377 T   0.16164 0.16162 0.16116 0.15815 0.14676 0.11784 0.06942 0.02340 0.00000 ( 1)  0.035  0.000
 378 L   0.15143 0.15141 0.15114 0.14932 0.14233 0.12364 0.08798 0.04276 0.00000 ( 1)  0.048  0.000
 379 E   0.16490 0.16487 0.16432 0.16068 0.14712 0.11388 0.06285 0.02138 0.00000 ( 1)  0.033  0.000
 380 A   0.16252 0.16250 0.16200 0.15876 0.14658 0.11615 0.06724 0.02423 0.00000 ( 1)  0.035  0.000
 381 S   0.16509 0.16506 0.16454 0.16110 0.14817 0.11571 0.06309 0.01724 0.00000 ( 1)  0.031  0.000
 382 R   0.14609 0.14608 0.14588 0.14458 0.13954 0.12568 0.09729 0.05484 0.00000 ( 1)  0.056  0.000
 383 E   0.00000 0.00016 0.00319 0.02282 0.09259 0.23677 0.35749 0.28696 0.00002 ( 7)  0.223  0.000
 384 G   0.16355 0.16353 0.16302 0.15966 0.14706 0.11567 0.06553 0.02198 0.00000 ( 1)  0.034  0.000
 385 V   0.00000 0.00013 0.00270 0.01941 0.08026 0.21620 0.36177 0.31951 0.00002 ( 7)  0.238  0.000
 386 A   0.00000 0.00009 0.00178 0.01287 0.05482 0.16105 0.33172 0.43764 0.00003 ( 8)  0.287  0.000
 387 P   0.15439 0.15438 0.15406 0.15198 0.14398 0.12277 0.08311 0.03533 0.00000 ( 1)  0.044  0.000
 388 G   0.16355 0.16353 0.16302 0.15966 0.14706 0.11567 0.06553 0.02198 0.00000 ( 1)  0.034  0.000
 389 S   0.00000 0.00008 0.00171 0.01241 0.05275 0.15446 0.32051 0.45802 0.00004 ( 8)  0.294  0.000
 390 D   0.00000 0.00016 0.00319 0.02280 0.09251 0.23662 0.35743 0.28728 0.00002 ( 7)  0.223  0.000
 391 L   0.15077 0.15075 0.15049 0.14875 0.14206 0.12406 0.08923 0.04389 0.00000 ( 1)  0.049  0.000
 392 K   0.00000 0.00003 0.00071 0.00515 0.02221 0.07106 0.21548 0.68527 0.00009 ( 8)  0.381  0.000
 393 P   0.15439 0.15438 0.15406 0.15198 0.14398 0.12277 0.08311 0.03533 0.00000 ( 1)  0.044  0.000
 394 R   0.16045 0.16043 0.16000 0.15720 0.14655 0.11917 0.07191 0.02429 0.00000 ( 1)  0.036  0.000
 395 R   0.15103 0.15102 0.15076 0.14904 0.14243 0.12449 0.08916 0.04207 0.00000 ( 1)  0.048  0.000
 396 V   0.15606 0.15605 0.15569 0.15332 0.14432 0.12091 0.07929 0.03435 0.00000 ( 1)  0.043  0.000
 397 V   0.16178 0.16175 0.16126 0.15802 0.14590 0.11585 0.06834 0.02709 0.00000 ( 1)  0.037  0.000
 398 L   0.00000 0.00009 0.00185 0.01340 0.05687 0.16562 0.33477 0.42738 0.00003 ( 8)  0.282  0.000
 399 S   0.15489 0.15487 0.15455 0.15246 0.14441 0.12295 0.08246 0.03340 0.00000 ( 1)  0.043  0.000
 400 A   0.00000 0.00010 0.00198 0.01429 0.06036 0.17324 0.33863 0.41137 0.00003 ( 8)  0.276  0.000
 401 A   0.00000 0.00008 0.00168 0.01220 0.05210 0.15446 0.32562 0.45382 0.00003 ( 8)  0.293  0.000
 402 A   0.00000 0.00000 0.00000 0.00015 0.00296 0.03065 0.19708 0.76906 0.00010 ( 8)  0.416  0.000
 403 A   0.15231 0.15230 0.15201 0.15009 0.14275 0.12321 0.08642 0.04092 0.00000 ( 1)  0.047  0.000
 404 A   0.00000 0.00010 0.00210 0.01513 0.06357 0.17979 0.34030 0.39898 0.00003 ( 8)  0.271  0.000
 405 Q   0.15960 0.15958 0.15917 0.15648 0.14623 0.11974 0.07347 0.02572 0.00000 ( 1)  0.037  0.000
 406 S   0.00000 0.00000 0.00000 0.00007 0.00150 0.01898 0.16245 0.81688 0.00011 ( 8)  0.432  0.000
 407 G   0.00000 0.00000 0.00001 0.00047 0.00856 0.07392 0.31714 0.59986 0.00004 ( 8)  0.357  0.000
 408 A   0.00000 0.00010 0.00208 0.01502 0.06315 0.17887 0.33981 0.40095 0.00003 ( 8)  0.271  0.000
 409 G   0.16355 0.16353 0.16302 0.15966 0.14706 0.11567 0.06553 0.02198 0.00000 ( 1)  0.034  0.000
 410 Q   0.00000 0.00000 0.00000 0.00014 0.00269 0.02894 0.19545 0.77269 0.00010 ( 8)  0.417  0.000
 411 H   0.00000 0.00008 0.00158 0.01149 0.04926 0.14745 0.31786 0.47224 0.00004 ( 8)  0.300  0.000
 412 A   0.16252 0.16250 0.16200 0.15876 0.14658 0.11615 0.06724 0.02423 0.00000 ( 1)  0.035  0.000
 413 E   0.16021 0.16019 0.15975 0.15684 0.14587 0.11811 0.07188 0.02715 0.00000 ( 1)  0.038  0.000
 414 L   0.00000 0.00008 0.00162 0.01174 0.05027 0.15021 0.32264 0.46341 0.00003 ( 8)  0.297  0.000
 415 L   0.00000 0.00010 0.00202 0.01456 0.06133 0.17461 0.33662 0.41073 0.00003 ( 8)  0.275  0.000
 416 T   0.00000 0.00005 0.00107 0.00782 0.03425 0.10940 0.27665 0.57069 0.00006 ( 8)  0.338  0.000
 417 A   0.16252 0.16250 0.16200 0.15876 0.14658 0.11615 0.06724 0.02423 0.00000 ( 1)  0.035  0.000
 418 D   0.16832 0.16828 0.16761 0.16322 0.14702 0.10898 0.05619 0.02037 0.00000 ( 1)  0.031  0.000
 419 S   0.15883 0.15881 0.15842 0.15583 0.14598 0.12039 0.07509 0.02666 0.00000 ( 1)  0.038  0.000
 420 L   0.15189 0.15188 0.15156 0.14948 0.14157 0.12117 0.08551 0.04695 0.00000 ( 1)  0.050  0.000
 421 D   0.16832 0.16828 0.16761 0.16322 0.14702 0.10898 0.05619 0.02037 0.00000 ( 1)  0.031  0.000
 422 L   0.15076 0.15075 0.15048 0.14875 0.14205 0.12406 0.08924 0.04390 0.00000 ( 1)  0.049  0.000
 423 Q   0.15960 0.15958 0.15917 0.15648 0.14623 0.11974 0.07347 0.02572 0.00000 ( 1)  0.037  0.000
 424 K   0.16364 0.16362 0.16311 0.15976 0.14721 0.11588 0.06558 0.02121 0.00000 ( 1)  0.033  0.000
 425 K   0.16364 0.16362 0.16311 0.15976 0.14721 0.11588 0.06558 0.02121 0.00000 ( 1)  0.033  0.000
 426 I   0.15984 0.15982 0.15939 0.15660 0.14603 0.11898 0.07278 0.02654 0.00000 ( 1)  0.037  0.000
 427 L   0.15575 0.15573 0.15538 0.15307 0.14427 0.12129 0.08005 0.03445 0.00000 ( 1)  0.043  0.000
 428 H   0.16623 0.16620 0.16561 0.16177 0.14742 0.11255 0.06020 0.02002 0.00000 ( 1)  0.032  0.000
 429 L   0.15143 0.15141 0.15114 0.14932 0.14233 0.12364 0.08798 0.04276 0.00000 ( 1)  0.048  0.000
 430 A   0.16252 0.16250 0.16200 0.15876 0.14658 0.11615 0.06724 0.02423 0.00000 ( 1)  0.035  0.000
 431 C   0.15459 0.15457 0.15426 0.15220 0.14430 0.12321 0.08319 0.03368 0.00000 ( 1)  0.043  0.000
 432 H   0.15609 0.15607 0.15572 0.15340 0.14455 0.12142 0.07974 0.03301 0.00000 ( 1)  0.042  0.000
 433 P   0.15177 0.15175 0.15148 0.14965 0.14264 0.12385 0.08771 0.04115 0.00000 ( 1)  0.048  0.000
 434 K   0.00000 0.00000 0.00000 0.00016 0.00310 0.03362 0.21984 0.74320 0.00008 ( 8)  0.407  0.000
 435 H   0.00000 0.00012 0.00237 0.01708 0.07099 0.19479 0.34611 0.36851 0.00002 ( 8)  0.258  0.000
 436 N   0.00000 0.00016 0.00323 0.02312 0.09405 0.24193 0.36501 0.27249 0.00001 ( 7)  0.217  0.000
 437 C   0.16101 0.16099 0.16056 0.15777 0.14713 0.11958 0.07125 0.02172 0.00000 ( 1)  0.035  0.000
 438 V   0.00000 0.00008 0.00162 0.01174 0.05021 0.14940 0.31919 0.46772 0.00004 ( 8)  0.298  0.000
 439 A   0.15750 0.15748 0.15710 0.15457 0.14498 0.12021 0.07688 0.03128 0.00000 ( 1)  0.041  0.000
 440 L   0.15143 0.15141 0.15114 0.14932 0.14233 0.12364 0.08798 0.04276 0.00000 ( 1)  0.048  0.000
 441 A   0.15231 0.15230 0.15201 0.15009 0.14275 0.12321 0.08642 0.04092 0.00000 ( 1)  0.047  0.000
 442 A   0.16252 0.16250 0.16200 0.15876 0.14658 0.11615 0.06724 0.02423 0.00000 ( 1)  0.035  0.000
 443 T   0.15592 0.15590 0.15556 0.15328 0.14461 0.12182 0.08028 0.03263 0.00000 ( 1)  0.042  0.000
 444 N   0.16812 0.16808 0.16744 0.16323 0.14764 0.11041 0.05678 0.01830 0.00000 ( 1)  0.030  0.000
 445 N   0.16351 0.16348 0.16296 0.15955 0.14677 0.11518 0.06551 0.02303 0.00000 ( 1)  0.034  0.000
 446 L   0.15335 0.15334 0.15301 0.15084 0.14260 0.12122 0.08344 0.04221 0.00000 ( 1)  0.047  0.000
 447 Y   0.15730 0.15728 0.15691 0.15446 0.14512 0.12084 0.07768 0.03041 0.00000 ( 1)  0.040  0.000
 448 L   0.00000 0.00011 0.00225 0.01626 0.06819 0.19142 0.35300 0.36874 0.00002 ( 8)  0.259  0.000
 449 V   0.00000 0.00009 0.00193 0.01399 0.05925 0.17119 0.33946 0.41405 0.00003 ( 8)  0.277  0.000

Positively selected sites

	Prob(w>1)  mean w



lnL = -2804.607361

Bayes Empirical Bayes (BEB) probabilities for 11 classes (class) & postmean_w
(amino acids refer to 1st sequence: Msl.10546)

   1 M   0.94165 0.03496 0.01190 0.00501 0.00238 0.00122 0.00066 0.00035 0.00018 0.00006 0.00162 ( 1)  0.062 +-  0.084
   2 E   0.71592 0.08915 0.05625 0.03633 0.02374 0.01554 0.01004 0.00623 0.00346 0.00125 0.04209 ( 1)  0.183 +-  0.367
   3 I   0.91220 0.04319 0.01843 0.00946 0.00528 0.00307 0.00180 0.00103 0.00054 0.00018 0.00482 ( 1)  0.075 +-  0.138
   4 S   0.08000 0.03850 0.05033 0.05475 0.05372 0.04888 0.04146 0.03225 0.02165 0.00913 0.56933 (11)  1.181 +-  0.834
   5 S   0.90167 0.04640 0.02108 0.01133 0.00653 0.00387 0.00229 0.00131 0.00067 0.00023 0.00462 ( 1)  0.077 +-  0.134
   6 D   0.19849 0.07877 0.08693 0.08148 0.07006 0.05670 0.04331 0.03067 0.01893 0.00740 0.32726 (11)  0.777 +-  0.766
   7 N   0.70775 0.08837 0.05614 0.03664 0.02425 0.01611 0.01057 0.00665 0.00375 0.00137 0.04841 ( 1)  0.195 +-  0.389
   8 D   0.24641 0.09245 0.09667 0.08613 0.07069 0.05485 0.04037 0.02768 0.01662 0.00635 0.26179 (11)  0.664 +-  0.727
   9 K   0.73150 0.08774 0.05363 0.03379 0.02168 0.01402 0.00900 0.00557 0.00309 0.00112 0.03886 ( 1)  0.173 +-  0.354
  10 A   0.09818 0.04537 0.05715 0.06015 0.05729 0.05078 0.04207 0.03207 0.02115 0.00878 0.52700 (11)  1.116 +-  0.845
  11 L   0.91179 0.04384 0.01881 0.00964 0.00535 0.00308 0.00179 0.00101 0.00052 0.00017 0.00400 ( 1)  0.074 +-  0.126
  12 D   0.92720 0.03812 0.01464 0.00701 0.00377 0.00216 0.00128 0.00075 0.00040 0.00014 0.00452 ( 1)  0.071 +-  0.131
  13 S   0.89240 0.04748 0.02233 0.01244 0.00743 0.00457 0.00281 0.00167 0.00089 0.00031 0.00767 ( 1)  0.084 +-  0.166
  14 T   0.42688 0.07404 0.06271 0.05253 0.04311 0.03445 0.02646 0.01905 0.01203 0.00484 0.24390 ( 1)  0.576 +-  0.740
  15 I   0.66181 0.08931 0.06022 0.04117 0.02829 0.01939 0.01308 0.00844 0.00486 0.00182 0.07162 ( 1)  0.244 +-  0.464
  16 D   0.93439 0.03532 0.01285 0.00598 0.00319 0.00184 0.00110 0.00065 0.00035 0.00013 0.00419 ( 1)  0.069 +-  0.125
  17 S   0.06626 0.03265 0.04354 0.04820 0.04805 0.04438 0.03818 0.03012 0.02052 0.00878 0.61932 (11)  1.266 +-  0.846
  18 G   0.69869 0.08915 0.05745 0.03781 0.02514 0.01674 0.01099 0.00693 0.00391 0.00143 0.05175 ( 1)  0.202 +-  0.402
  19 Q   0.06427 0.04077 0.06000 0.06837 0.06761 0.06068 0.05014 0.03776 0.02448 0.00995 0.51597 (11)  1.110 +-  0.804
  20 Q   0.64528 0.09223 0.06517 0.04611 0.03235 0.02236 0.01503 0.00958 0.00541 0.00197 0.06451 ( 1)  0.239 +-  0.437
  21 R   0.90067 0.04403 0.01944 0.01038 0.00607 0.00373 0.00233 0.00142 0.00079 0.00029 0.01085 ( 1)  0.087 +-  0.199
  22 A   0.93239 0.03672 0.01352 0.00624 0.00325 0.00183 0.00107 0.00062 0.00033 0.00012 0.00390 ( 1)  0.068 +-  0.121
  23 E   0.72904 0.08854 0.05458 0.03457 0.02224 0.01439 0.00923 0.00569 0.00315 0.00114 0.03744 ( 1)  0.171 +-  0.345
  24 R   0.59887 0.09048 0.06711 0.04958 0.03618 0.02591 0.01800 0.01183 0.00687 0.00257 0.09261 ( 1)  0.295 +-  0.506
  25 T   0.62995 0.08988 0.06366 0.04536 0.03222 0.02264 0.01554 0.01014 0.00588 0.00220 0.08252 ( 1)  0.270 +-  0.485
  26 L   0.63116 0.09007 0.06390 0.04561 0.03242 0.02277 0.01560 0.01015 0.00586 0.00218 0.08028 ( 1)  0.266 +-  0.481
  27 R   0.93167 0.03826 0.01428 0.00649 0.00327 0.00174 0.00096 0.00053 0.00026 0.00009 0.00245 ( 1)  0.066 +-  0.102
  28 W   0.91657 0.04370 0.01839 0.00916 0.00489 0.00269 0.00148 0.00079 0.00038 0.00012 0.00182 ( 1)  0.069 +-  0.095
  29 Q   0.62858 0.08985 0.06384 0.04565 0.03250 0.02287 0.01570 0.01023 0.00592 0.00221 0.08265 ( 1)  0.271 +-  0.489
  30 F   0.93784 0.03628 0.01282 0.00557 0.00270 0.00141 0.00076 0.00041 0.00021 0.00007 0.00192 ( 1)  0.064 +-  0.091
  31 S   0.92087 0.04153 0.01676 0.00813 0.00429 0.00237 0.00134 0.00074 0.00037 0.00013 0.00347 ( 1)  0.070 +-  0.121
  32 Q   0.93015 0.03876 0.01465 0.00675 0.00343 0.00185 0.00102 0.00056 0.00028 0.00009 0.00245 ( 1)  0.066 +-  0.102
  33 V   0.92287 0.03929 0.01551 0.00759 0.00415 0.00242 0.00145 0.00085 0.00046 0.00016 0.00524 ( 1)  0.073 +-  0.139
  34 K   0.91282 0.04411 0.01894 0.00966 0.00531 0.00301 0.00171 0.00094 0.00047 0.00015 0.00289 ( 1)  0.072 +-  0.112
  35 G   0.93513 0.03618 0.01304 0.00588 0.00299 0.00165 0.00095 0.00054 0.00029 0.00010 0.00326 ( 1)  0.067 +-  0.112
  36 T   0.91598 0.04233 0.01762 0.00884 0.00484 0.00277 0.00161 0.00092 0.00047 0.00016 0.00446 ( 1)  0.073 +-  0.133
  37 A   0.93239 0.03672 0.01352 0.00624 0.00325 0.00183 0.00107 0.00062 0.00033 0.00012 0.00390 ( 1)  0.068 +-  0.121
  38 W   0.91657 0.04370 0.01839 0.00916 0.00489 0.00269 0.00148 0.00079 0.00038 0.00012 0.00182 ( 1)  0.069 +-  0.095
  39 E   0.93690 0.03531 0.01261 0.00570 0.00294 0.00163 0.00095 0.00054 0.00029 0.00010 0.00303 ( 1)  0.066 +-  0.108
  40 A   0.67200 0.08856 0.05906 0.04025 0.02767 0.01901 0.01283 0.00828 0.00477 0.00177 0.06580 ( 1)  0.231 +-  0.441
  41 V   0.92914 0.03707 0.01399 0.00666 0.00359 0.00208 0.00125 0.00074 0.00040 0.00014 0.00491 ( 1)  0.071 +-  0.134
  42 N   0.71929 0.08822 0.05498 0.03520 0.02290 0.01498 0.00971 0.00606 0.00340 0.00124 0.04402 ( 1)  0.184 +-  0.374
  43 E   0.93690 0.03531 0.01261 0.00570 0.00294 0.00163 0.00095 0.00054 0.00029 0.00010 0.00303 ( 1)  0.066 +-  0.108
  44 Q   0.93015 0.03876 0.01465 0.00675 0.00343 0.00185 0.00102 0.00056 0.00028 0.00009 0.00245 ( 1)  0.066 +-  0.102
  45 D   0.92720 0.03812 0.01464 0.00701 0.00377 0.00216 0.00128 0.00075 0.00040 0.00014 0.00452 ( 1)  0.071 +-  0.131
  46 I   0.90766 0.04552 0.02015 0.01054 0.00591 0.00340 0.00196 0.00109 0.00054 0.00018 0.00307 ( 1)  0.073 +-  0.114
  47 I   0.93879 0.03515 0.01229 0.00540 0.00269 0.00145 0.00082 0.00046 0.00024 0.00008 0.00262 ( 1)  0.065 +-  0.102
  48 S   0.90776 0.04451 0.01947 0.01018 0.00575 0.00338 0.00200 0.00115 0.00060 0.00020 0.00502 ( 1)  0.076 +-  0.140
  49 C   0.93451 0.03806 0.01393 0.00615 0.00297 0.00152 0.00079 0.00041 0.00020 0.00006 0.00141 ( 1)  0.064 +-  0.083
  50 V   0.91158 0.04268 0.01810 0.00930 0.00524 0.00310 0.00186 0.00109 0.00058 0.00020 0.00625 ( 1)  0.077 +-  0.153
  51 E   0.93690 0.03531 0.01261 0.00570 0.00294 0.00163 0.00095 0.00054 0.00029 0.00010 0.00303 ( 1)  0.066 +-  0.108
  52 F   0.93784 0.03628 0.01282 0.00557 0.00270 0.00141 0.00076 0.00041 0.00021 0.00007 0.00192 ( 1)  0.064 +-  0.091
  53 N   0.94155 0.03325 0.01137 0.00503 0.00257 0.00144 0.00085 0.00049 0.00027 0.00009 0.00308 ( 1)  0.065 +-  0.108
  54 H   0.93894 0.03440 0.01204 0.00539 0.00277 0.00155 0.00090 0.00052 0.00028 0.00010 0.00309 ( 1)  0.066 +-  0.109
  55 T   0.92212 0.04087 0.01637 0.00793 0.00421 0.00235 0.00134 0.00075 0.00038 0.00013 0.00355 ( 1)  0.070 +-  0.120
  56 G   0.93513 0.03618 0.01304 0.00588 0.00299 0.00165 0.00095 0.00054 0.00029 0.00010 0.00326 ( 1)  0.067 +-  0.112
  57 E   0.71045 0.08859 0.05591 0.03616 0.02373 0.01565 0.01023 0.00643 0.00363 0.00133 0.04789 ( 1)  0.192 +-  0.386
  58 L   0.89923 0.04569 0.02073 0.01123 0.00658 0.00400 0.00244 0.00145 0.00078 0.00027 0.00759 ( 1)  0.082 +-  0.166
  59 L   0.90973 0.04351 0.01868 0.00965 0.00543 0.00319 0.00190 0.00111 0.00059 0.00020 0.00600 ( 1)  0.077 +-  0.150
  60 A   0.92356 0.03979 0.01569 0.00758 0.00405 0.00230 0.00134 0.00077 0.00041 0.00014 0.00438 ( 1)  0.071 +-  0.130
  61 T   0.93292 0.03745 0.01379 0.00625 0.00316 0.00171 0.00096 0.00053 0.00028 0.00009 0.00286 ( 1)  0.066 +-  0.107
  62 G   0.92783 0.03891 0.01492 0.00701 0.00366 0.00203 0.00116 0.00066 0.00034 0.00012 0.00336 ( 1)  0.069 +-  0.115
  63 D   0.93953 0.03305 0.01155 0.00531 0.00284 0.00166 0.00101 0.00060 0.00033 0.00012 0.00400 ( 1)  0.067 +-  0.121
  64 K   0.91282 0.04411 0.01894 0.00966 0.00531 0.00301 0.00171 0.00094 0.00047 0.00015 0.00289 ( 1)  0.072 +-  0.112
  65 G   0.93513 0.03618 0.01304 0.00588 0.00299 0.00165 0.00095 0.00054 0.00029 0.00010 0.00326 ( 1)  0.067 +-  0.112
  66 G   0.93513 0.03618 0.01304 0.00588 0.00299 0.00165 0.00095 0.00054 0.00029 0.00010 0.00326 ( 1)  0.067 +-  0.112
  67 R   0.91826 0.04068 0.01646 0.00816 0.00449 0.00263 0.00158 0.00094 0.00051 0.00018 0.00610 ( 1)  0.075 +-  0.150
  68 V   0.53636 0.08985 0.07140 0.05536 0.04186 0.03082 0.02188 0.01463 0.00863 0.00326 0.12595 ( 1)  0.365 +-  0.577
  69 V   0.92287 0.03929 0.01551 0.00759 0.00415 0.00242 0.00145 0.00085 0.00046 0.00016 0.00524 ( 1)  0.073 +-  0.139
  70 V   0.92287 0.03929 0.01551 0.00759 0.00415 0.00242 0.00145 0.00085 0.00046 0.00016 0.00524 ( 1)  0.073 +-  0.139
  71 F   0.93784 0.03628 0.01282 0.00557 0.00270 0.00141 0.00076 0.00041 0.00021 0.00007 0.00192 ( 1)  0.064 +-  0.091
  72 Q   0.93015 0.03876 0.01465 0.00675 0.00343 0.00185 0.00102 0.00056 0.00028 0.00009 0.00245 ( 1)  0.066 +-  0.102
  73 R   0.89992 0.04591 0.02086 0.01129 0.00660 0.00399 0.00242 0.00142 0.00075 0.00026 0.00657 ( 1)  0.081 +-  0.155
  74 S   0.62956 0.08808 0.06142 0.04327 0.03051 0.02139 0.01470 0.00966 0.00566 0.00214 0.09360 ( 1)  0.289 +-  0.527
  75 D   0.16484 0.06916 0.07995 0.07787 0.06913 0.05748 0.04492 0.03244 0.02037 0.00808 0.37577 (11)  0.860 +-  0.783
  76 S   0.76777 0.08468 0.04809 0.02850 0.01744 0.01090 0.00684 0.00417 0.00230 0.00083 0.02846 ( 1)  0.146 +-  0.305
  77 G   0.92802 0.03865 0.01479 0.00696 0.00364 0.00203 0.00116 0.00066 0.00034 0.00012 0.00362 ( 1)  0.069 +-  0.119
  78 L   0.91659 0.04155 0.01710 0.00856 0.00471 0.00273 0.00162 0.00094 0.00050 0.00017 0.00553 ( 1)  0.075 +-  0.145
  79 Y   0.93540 0.03659 0.01324 0.00594 0.00298 0.00161 0.00090 0.00050 0.00026 0.00009 0.00251 ( 1)  0.065 +-  0.101
  80 N   0.92525 0.03973 0.01557 0.00744 0.00393 0.00219 0.00125 0.00071 0.00036 0.00012 0.00344 ( 1)  0.069 +-  0.117
  81 V   0.92914 0.03707 0.01399 0.00666 0.00359 0.00208 0.00125 0.00074 0.00040 0.00014 0.00491 ( 1)  0.071 +-  0.134
  82 Y   0.91010 0.04435 0.01925 0.00996 0.00557 0.00322 0.00187 0.00106 0.00054 0.00018 0.00391 ( 1)  0.074 +-  0.125
  83 S   0.92096 0.04151 0.01675 0.00812 0.00429 0.00237 0.00133 0.00074 0.00037 0.00012 0.00344 ( 1)  0.070 +-  0.120
  84 T   0.90735 0.04496 0.01979 0.01036 0.00584 0.00341 0.00200 0.00113 0.00058 0.00020 0.00438 ( 1)  0.075 +-  0.131
  85 F   0.93784 0.03628 0.01282 0.00557 0.00270 0.00141 0.00076 0.00041 0.00021 0.00007 0.00192 ( 1)  0.064 +-  0.091
  86 T   0.90735 0.04496 0.01979 0.01036 0.00584 0.00341 0.00200 0.00113 0.00058 0.00020 0.00438 ( 1)  0.075 +-  0.131
  87 S   0.94071 0.03539 0.01217 0.00514 0.00243 0.00124 0.00066 0.00035 0.00018 0.00006 0.00168 ( 1)  0.063 +-  0.086
  88 H   0.93699 0.03509 0.01249 0.00565 0.00292 0.00164 0.00096 0.00055 0.00030 0.00010 0.00329 ( 1)  0.066 +-  0.113
  89 E   0.93690 0.03531 0.01261 0.00570 0.00294 0.00163 0.00095 0.00054 0.00029 0.00010 0.00303 ( 1)  0.066 +-  0.108
  90 P   0.92509 0.03991 0.01557 0.00738 0.00385 0.00213 0.00121 0.00068 0.00035 0.00012 0.00371 ( 1)  0.070 +-  0.123
  91 E   0.93690 0.03531 0.01261 0.00570 0.00294 0.00163 0.00095 0.00054 0.00029 0.00010 0.00303 ( 1)  0.066 +-  0.108
  92 F   0.93784 0.03628 0.01282 0.00557 0.00270 0.00141 0.00076 0.00041 0.00021 0.00007 0.00192 ( 1)  0.064 +-  0.091
  93 D   0.93953 0.03305 0.01155 0.00531 0.00284 0.00166 0.00101 0.00060 0.00033 0.00012 0.00400 ( 1)  0.067 +-  0.121
  94 Y   0.92477 0.04012 0.01581 0.00757 0.00398 0.00221 0.00125 0.00070 0.00035 0.00012 0.00313 ( 1)  0.069 +-  0.114
  95 L   0.89580 0.04597 0.02107 0.01154 0.00684 0.00420 0.00260 0.00156 0.00084 0.00030 0.00929 ( 1)  0.086 +-  0.184
  96 K   0.91282 0.04411 0.01894 0.00966 0.00531 0.00301 0.00171 0.00094 0.00047 0.00015 0.00289 ( 1)  0.072 +-  0.112
  97 S   0.92096 0.04151 0.01675 0.00812 0.00429 0.00237 0.00133 0.00074 0.00037 0.00012 0.00344 ( 1)  0.070 +-  0.120
  98 L   0.90972 0.04352 0.01869 0.00965 0.00543 0.00319 0.00190 0.00111 0.00059 0.00020 0.00601 ( 1)  0.077 +-  0.150
  99 E   0.93690 0.03531 0.01261 0.00570 0.00294 0.00163 0.00095 0.00054 0.00029 0.00010 0.00303 ( 1)  0.066 +-  0.108
 100 I   0.92945 0.03850 0.01461 0.00680 0.00351 0.00193 0.00109 0.00061 0.00031 0.00011 0.00308 ( 1)  0.068 +-  0.112
 101 E   0.92881 0.03829 0.01460 0.00688 0.00362 0.00202 0.00116 0.00066 0.00035 0.00012 0.00348 ( 1)  0.069 +-  0.117
 102 E   0.93690 0.03531 0.01261 0.00570 0.00294 0.00163 0.00095 0.00054 0.00029 0.00010 0.00303 ( 1)  0.066 +-  0.108
 103 K   0.91282 0.04411 0.01894 0.00966 0.00531 0.00301 0.00171 0.00094 0.00047 0.00015 0.00289 ( 1)  0.072 +-  0.112
 104 I   0.92945 0.03850 0.01461 0.00680 0.00351 0.00193 0.00109 0.00061 0.00031 0.00011 0.00308 ( 1)  0.068 +-  0.112
 105 N   0.92525 0.03973 0.01557 0.00744 0.00393 0.00219 0.00125 0.00071 0.00036 0.00012 0.00344 ( 1)  0.069 +-  0.117
 106 K   0.91282 0.04411 0.01894 0.00966 0.00531 0.00301 0.00171 0.00094 0.00047 0.00015 0.00289 ( 1)  0.072 +-  0.112
 107 I   0.92929 0.03853 0.01464 0.00682 0.00353 0.00194 0.00110 0.00061 0.00032 0.00011 0.00313 ( 1)  0.068 +-  0.113
 108 R   0.91939 0.04185 0.01711 0.00841 0.00451 0.00252 0.00143 0.00080 0.00040 0.00014 0.00344 ( 1)  0.071 +-  0.119
 109 W   0.91657 0.04370 0.01839 0.00916 0.00489 0.00269 0.00148 0.00079 0.00038 0.00012 0.00182 ( 1)  0.069 +-  0.095
 110 L   0.87729 0.04920 0.02434 0.01422 0.00889 0.00570 0.00365 0.00224 0.00124 0.00044 0.01279 ( 1)  0.096 +-  0.208
 111 P   0.93034 0.03840 0.01445 0.00665 0.00340 0.00185 0.00104 0.00058 0.00030 0.00010 0.00290 ( 1)  0.067 +-  0.109
 112 G   0.62411 0.08722 0.06113 0.04347 0.03101 0.02201 0.01531 0.01015 0.00599 0.00228 0.09733 ( 1)  0.295 +-  0.531
 113 H   0.71539 0.09065 0.05758 0.03714 0.02409 0.01561 0.00997 0.00610 0.00335 0.00120 0.03892 ( 1)  0.178 +-  0.355
 114 Y   0.61448 0.09083 0.06612 0.04807 0.03460 0.02449 0.01684 0.01097 0.00633 0.00235 0.08491 ( 1)  0.279 +-  0.493
 115 R   0.10279 0.04661 0.05810 0.06078 0.05770 0.05106 0.04227 0.03219 0.02122 0.00881 0.51847 (11)  1.098 +-  0.837
 116 A   0.92842 0.03811 0.01443 0.00677 0.00355 0.00200 0.00116 0.00067 0.00036 0.00013 0.00439 ( 1)  0.070 +-  0.130
 117 N   0.67925 0.08842 0.05813 0.03908 0.02657 0.01810 0.01215 0.00782 0.00450 0.00168 0.06430 ( 1)  0.227 +-  0.440
 118 F   0.58566 0.09040 0.06842 0.05146 0.03811 0.02761 0.01934 0.01276 0.00743 0.00277 0.09604 ( 1)  0.304 +-  0.510
 119 L   0.89580 0.04597 0.02107 0.01154 0.00684 0.00420 0.00260 0.00156 0.00084 0.00030 0.00929 ( 1)  0.086 +-  0.184
 120 L   0.89651 0.04576 0.02088 0.01140 0.00674 0.00414 0.00256 0.00154 0.00084 0.00030 0.00934 ( 1)  0.086 +-  0.184
 121 S   0.86710 0.05053 0.02585 0.01555 0.00997 0.00654 0.00427 0.00267 0.00149 0.00054 0.01549 ( 1)  0.103 +-  0.221
 122 T   0.92212 0.04087 0.01637 0.00793 0.00421 0.00235 0.00134 0.00075 0.00038 0.00013 0.00355 ( 1)  0.070 +-  0.120
 123 N   0.93426 0.03619 0.01318 0.00603 0.00313 0.00175 0.00101 0.00058 0.00031 0.00011 0.00344 ( 1)  0.067 +-  0.116
 124 D   0.92720 0.03812 0.01464 0.00701 0.00377 0.00216 0.00128 0.00075 0.00040 0.00014 0.00452 ( 1)  0.071 +-  0.131
 125 K   0.92589 0.03973 0.01554 0.00740 0.00388 0.00215 0.00121 0.00068 0.00034 0.00012 0.00306 ( 1)  0.069 +-  0.112
 126 T   0.92195 0.04090 0.01640 0.00795 0.00423 0.00236 0.00134 0.00075 0.00039 0.00013 0.00360 ( 1)  0.070 +-  0.121
 127 V   0.90859 0.04340 0.01871 0.00974 0.00554 0.00329 0.00198 0.00117 0.00062 0.00022 0.00673 ( 1)  0.079 +-  0.159
 128 K   0.92589 0.03973 0.01554 0.00740 0.00388 0.00215 0.00121 0.00068 0.00034 0.00012 0.00306 ( 1)  0.069 +-  0.112
 129 L   0.58780 0.08120 0.05657 0.04023 0.02889 0.02077 0.01473 0.01002 0.00610 0.00241 0.15128 ( 1)  0.403 +-  0.701
 130 W   0.91657 0.04370 0.01839 0.00916 0.00489 0.00269 0.00148 0.00079 0.00038 0.00012 0.00182 ( 1)  0.069 +-  0.095
 131 R   0.93167 0.03826 0.01428 0.00649 0.00327 0.00174 0.00096 0.00053 0.00026 0.00009 0.00245 ( 1)  0.066 +-  0.102
 132 V   0.92914 0.03707 0.01399 0.00666 0.00359 0.00208 0.00125 0.00074 0.00040 0.00014 0.00491 ( 1)  0.071 +-  0.134
 133 S   0.94071 0.03539 0.01217 0.00514 0.00243 0.00124 0.00066 0.00035 0.00018 0.00006 0.00168 ( 1)  0.063 +-  0.086
 134 E   0.93690 0.03531 0.01261 0.00570 0.00294 0.00163 0.00095 0.00054 0.00029 0.00010 0.00303 ( 1)  0.066 +-  0.108
 135 K   0.93642 0.03622 0.01301 0.00581 0.00291 0.00157 0.00088 0.00049 0.00025 0.00008 0.00236 ( 1)  0.065 +-  0.099
 136 D   0.93953 0.03305 0.01155 0.00531 0.00284 0.00166 0.00101 0.00060 0.00033 0.00012 0.00400 ( 1)  0.067 +-  0.121
 137 R   0.91731 0.04226 0.01750 0.00873 0.00475 0.00270 0.00156 0.00088 0.00045 0.00015 0.00370 ( 1)  0.072 +-  0.122
 138 A   0.70921 0.08792 0.05521 0.03559 0.02332 0.01540 0.01009 0.00637 0.00362 0.00134 0.05193 ( 1)  0.200 +-  0.405
 139 L   0.68171 0.08998 0.05949 0.03994 0.02697 0.01818 0.01206 0.00767 0.00436 0.00161 0.05803 ( 1)  0.217 +-  0.418
 140 E   0.92916 0.03821 0.01454 0.00684 0.00359 0.00200 0.00115 0.00065 0.00034 0.00012 0.00340 ( 1)  0.068 +-  0.116
 141 A   0.60538 0.08672 0.06191 0.04463 0.03217 0.02301 0.01611 0.01074 0.00638 0.00244 0.11051 ( 1)  0.322 +-  0.568
 142 V   0.15877 0.06796 0.07968 0.07836 0.07003 0.05845 0.04578 0.03309 0.02077 0.00823 0.37887 (11)  0.867 +-  0.783
 143 E   0.92898 0.03826 0.01458 0.00686 0.00360 0.00201 0.00116 0.00066 0.00034 0.00012 0.00344 ( 1)  0.068 +-  0.117
 144 S   0.10854 0.04613 0.05432 0.05427 0.04978 0.04305 0.03521 0.02675 0.01775 0.00747 0.55673 (11)  1.171 +-  0.897
 145 D   0.93439 0.03532 0.01285 0.00598 0.00319 0.00184 0.00110 0.00065 0.00035 0.00013 0.00419 ( 1)  0.069 +-  0.125
 146 P   0.92503 0.03992 0.01558 0.00739 0.00386 0.00213 0.00121 0.00068 0.00035 0.00012 0.00373 ( 1)  0.070 +-  0.123
 147 N   0.34048 0.11144 0.10339 0.08325 0.06291 0.04573 0.03202 0.02115 0.01237 0.00464 0.18263 ( 1)  0.508 +-  0.647
 148 A   0.62743 0.09056 0.06439 0.04586 0.03249 0.02277 0.01558 0.01014 0.00587 0.00219 0.08271 ( 1)  0.271 +-  0.486
 149 Q   0.42907 0.08320 0.07255 0.06023 0.04811 0.03710 0.02744 0.01904 0.01162 0.00453 0.20711 ( 1)  0.523 +-  0.704
 150 A   0.55782 0.08982 0.06836 0.05113 0.03767 0.02732 0.01928 0.01292 0.00768 0.00294 0.12506 ( 1)  0.356 +-  0.581
 151 L   0.90947 0.04352 0.01870 0.00966 0.00544 0.00320 0.00190 0.00111 0.00059 0.00020 0.00622 ( 1)  0.078 +-  0.155
 152 R   0.92317 0.04032 0.01590 0.00761 0.00402 0.00224 0.00129 0.00073 0.00038 0.00013 0.00421 ( 1)  0.071 +-  0.129
 153 L   0.91117 0.04315 0.01840 0.00946 0.00531 0.00312 0.00185 0.00108 0.00057 0.00020 0.00568 ( 1)  0.076 +-  0.146
 154 P   0.91924 0.04173 0.01704 0.00839 0.00451 0.00254 0.00145 0.00082 0.00042 0.00014 0.00372 ( 1)  0.071 +-  0.123
 155 R   0.93167 0.03826 0.01428 0.00649 0.00327 0.00174 0.00096 0.00053 0.00026 0.00009 0.00245 ( 1)  0.066 +-  0.102
 156 Y   0.92785 0.03913 0.01508 0.00710 0.00370 0.00203 0.00115 0.00064 0.00032 0.00011 0.00289 ( 1)  0.068 +-  0.109
 157 V   0.63558 0.09007 0.06351 0.04510 0.03191 0.02234 0.01526 0.00990 0.00571 0.00212 0.07849 ( 1)  0.263 +-  0.479
 158 P   0.92503 0.03992 0.01558 0.00739 0.00386 0.00213 0.00121 0.00068 0.00035 0.00012 0.00373 ( 1)  0.070 +-  0.123
 159 A   0.93239 0.03672 0.01352 0.00624 0.00325 0.00183 0.00107 0.00062 0.00033 0.00012 0.00390 ( 1)  0.068 +-  0.121
 160 E   0.93690 0.03531 0.01261 0.00570 0.00294 0.00163 0.00095 0.00054 0.00029 0.00010 0.00303 ( 1)  0.066 +-  0.108
 161 L   0.89580 0.04597 0.02107 0.01154 0.00684 0.00420 0.00260 0.00156 0.00084 0.00030 0.00929 ( 1)  0.086 +-  0.184
 162 I   0.61128 0.08894 0.06429 0.04670 0.03372 0.02402 0.01666 0.01096 0.00640 0.00240 0.09461 ( 1)  0.296 +-  0.524
 163 V   0.92703 0.03805 0.01452 0.00690 0.00370 0.00212 0.00126 0.00075 0.00040 0.00014 0.00513 ( 1)  0.072 +-  0.139
 164 E   0.91887 0.04205 0.01730 0.00855 0.00460 0.00258 0.00146 0.00081 0.00041 0.00014 0.00322 ( 1)  0.070 +-  0.116
 165 A   0.92842 0.03811 0.01443 0.00677 0.00355 0.00200 0.00116 0.00067 0.00036 0.00013 0.00439 ( 1)  0.070 +-  0.130
 166 A   0.92568 0.03919 0.01520 0.00725 0.00385 0.00218 0.00127 0.00073 0.00039 0.00013 0.00413 ( 1)  0.070 +-  0.126
 167 P   0.90417 0.04561 0.02039 0.01083 0.00619 0.00365 0.00216 0.00124 0.00064 0.00022 0.00490 ( 1)  0.077 +-  0.137
 168 R   0.91033 0.04366 0.01877 0.00969 0.00543 0.00317 0.00188 0.00108 0.00056 0.00019 0.00523 ( 1)  0.076 +-  0.142
 169 R   0.91428 0.04333 0.01836 0.00930 0.00510 0.00291 0.00167 0.00093 0.00047 0.00016 0.00348 ( 1)  0.072 +-  0.120
 170 I   0.53750 0.08998 0.07144 0.05536 0.04183 0.03077 0.02183 0.01459 0.00860 0.00325 0.12485 ( 1)  0.363 +-  0.575
 171 F   0.92660 0.03988 0.01550 0.00730 0.00378 0.00206 0.00115 0.00063 0.00032 0.00011 0.00269 ( 1)  0.068 +-  0.107
 172 A   0.93239 0.03672 0.01352 0.00624 0.00325 0.00183 0.00107 0.00062 0.00033 0.00012 0.00390 ( 1)  0.068 +-  0.121
 173 N   0.93426 0.03619 0.01318 0.00603 0.00313 0.00175 0.00101 0.00058 0.00031 0.00011 0.00344 ( 1)  0.067 +-  0.116
 174 A   0.91999 0.04086 0.01647 0.00808 0.00436 0.00249 0.00145 0.00084 0.00044 0.00015 0.00487 ( 1)  0.073 +-  0.138
 175 H   0.93894 0.03440 0.01204 0.00539 0.00277 0.00155 0.00090 0.00052 0.00028 0.00010 0.00309 ( 1)  0.066 +-  0.109
 176 T   0.93292 0.03745 0.01379 0.00625 0.00316 0.00171 0.00096 0.00053 0.00028 0.00009 0.00286 ( 1)  0.066 +-  0.107
 177 Y   0.93540 0.03659 0.01324 0.00594 0.00298 0.00161 0.00090 0.00050 0.00026 0.00009 0.00251 ( 1)  0.065 +-  0.101
 178 H   0.92199 0.04070 0.01631 0.00794 0.00425 0.00240 0.00138 0.00078 0.00040 0.00014 0.00369 ( 1)  0.070 +-  0.121
 179 I   0.93879 0.03515 0.01229 0.00540 0.00269 0.00145 0.00082 0.00046 0.00024 0.00008 0.00262 ( 1)  0.065 +-  0.102
 180 N   0.92525 0.03973 0.01557 0.00744 0.00393 0.00219 0.00125 0.00071 0.00036 0.00012 0.00344 ( 1)  0.069 +-  0.117
 181 S   0.58974 0.08734 0.06401 0.04704 0.03433 0.02473 0.01735 0.01156 0.00683 0.00260 0.11445 ( 1)  0.334 +-  0.576
 182 I   0.92945 0.03850 0.01461 0.00680 0.00351 0.00193 0.00109 0.00061 0.00031 0.00011 0.00308 ( 1)  0.068 +-  0.112
 183 S   0.90909 0.04457 0.01939 0.01003 0.00560 0.00323 0.00188 0.00106 0.00054 0.00018 0.00442 ( 1)  0.075 +-  0.134
 184 V   0.91158 0.04268 0.01810 0.00930 0.00524 0.00310 0.00186 0.00109 0.00058 0.00020 0.00625 ( 1)  0.077 +-  0.153
 185 N   0.92525 0.03973 0.01557 0.00744 0.00393 0.00219 0.00125 0.00071 0.00036 0.00012 0.00344 ( 1)  0.069 +-  0.117
 186 S   0.94071 0.03539 0.01217 0.00514 0.00243 0.00124 0.00066 0.00035 0.00018 0.00006 0.00168 ( 1)  0.063 +-  0.086
 187 D   0.93953 0.03305 0.01155 0.00531 0.00284 0.00166 0.00101 0.00060 0.00033 0.00012 0.00400 ( 1)  0.067 +-  0.121
 188 Q   0.93015 0.03876 0.01465 0.00675 0.00343 0.00185 0.00102 0.00056 0.00028 0.00009 0.00245 ( 1)  0.066 +-  0.102
 189 E   0.92881 0.03829 0.01460 0.00688 0.00362 0.00202 0.00116 0.00066 0.00035 0.00012 0.00348 ( 1)  0.069 +-  0.117
 190 T   0.91598 0.04233 0.01762 0.00884 0.00484 0.00277 0.00161 0.00092 0.00047 0.00016 0.00446 ( 1)  0.073 +-  0.133
 191 F   0.92660 0.03988 0.01550 0.00730 0.00378 0.00206 0.00115 0.00063 0.00032 0.00011 0.00269 ( 1)  0.068 +-  0.107
 192 L   0.90532 0.04496 0.01990 0.01051 0.00600 0.00355 0.00212 0.00123 0.00064 0.00022 0.00555 ( 1)  0.078 +-  0.145
 193 S   0.94071 0.03539 0.01217 0.00514 0.00243 0.00124 0.00066 0.00035 0.00018 0.00006 0.00168 ( 1)  0.063 +-  0.086
 194 A   0.92356 0.03979 0.01569 0.00758 0.00405 0.00230 0.00134 0.00077 0.00041 0.00014 0.00438 ( 1)  0.071 +-  0.130
 195 D   0.93953 0.03305 0.01155 0.00531 0.00284 0.00166 0.00101 0.00060 0.00033 0.00012 0.00400 ( 1)  0.067 +-  0.121
 196 D   0.93421 0.03535 0.01287 0.00600 0.00320 0.00185 0.00111 0.00066 0.00036 0.00013 0.00426 ( 1)  0.069 +-  0.126
 197 L   0.90973 0.04351 0.01868 0.00965 0.00543 0.00319 0.00190 0.00111 0.00059 0.00020 0.00600 ( 1)  0.077 +-  0.150
 198 R   0.89536 0.04680 0.02169 0.01194 0.00707 0.00432 0.00264 0.00156 0.00083 0.00029 0.00750 ( 1)  0.083 +-  0.165
 199 V   0.92287 0.03929 0.01551 0.00759 0.00415 0.00242 0.00145 0.00085 0.00046 0.00016 0.00524 ( 1)  0.073 +-  0.139
 200 N   0.93426 0.03619 0.01318 0.00603 0.00313 0.00175 0.00101 0.00058 0.00031 0.00011 0.00344 ( 1)  0.067 +-  0.116
 201 L   0.91948 0.04073 0.01644 0.00809 0.00440 0.00253 0.00149 0.00087 0.00046 0.00016 0.00535 ( 1)  0.074 +-  0.144
 202 W   0.91657 0.04370 0.01839 0.00916 0.00489 0.00269 0.00148 0.00079 0.00038 0.00012 0.00182 ( 1)  0.069 +-  0.095
 203 H   0.93145 0.03727 0.01389 0.00646 0.00337 0.00189 0.00110 0.00063 0.00033 0.00012 0.00349 ( 1)  0.068 +-  0.117
 204 L   0.90999 0.04342 0.01861 0.00960 0.00540 0.00317 0.00189 0.00110 0.00058 0.00020 0.00601 ( 1)  0.077 +-  0.151
 205 G   0.10775 0.05417 0.07012 0.07359 0.06877 0.05929 0.04758 0.03507 0.02237 0.00899 0.45229 (11)  0.999 +-  0.808
 206 I   0.93879 0.03515 0.01229 0.00540 0.00269 0.00145 0.00082 0.00046 0.00024 0.00008 0.00262 ( 1)  0.065 +-  0.102
 207 T   0.92515 0.04018 0.01577 0.00749 0.00391 0.00215 0.00121 0.00067 0.00034 0.00011 0.00303 ( 1)  0.069 +-  0.111
 208 D   0.93439 0.03532 0.01285 0.00598 0.00319 0.00184 0.00110 0.00065 0.00035 0.00013 0.00419 ( 1)  0.069 +-  0.125
 209 Q   0.93015 0.03876 0.01465 0.00675 0.00343 0.00185 0.00102 0.00056 0.00028 0.00009 0.00245 ( 1)  0.066 +-  0.102
 210 S   0.92903 0.03924 0.01499 0.00694 0.00353 0.00189 0.00104 0.00056 0.00028 0.00009 0.00239 ( 1)  0.067 +-  0.102
 211 Y   0.93540 0.03659 0.01324 0.00594 0.00298 0.00161 0.00090 0.00050 0.00026 0.00009 0.00251 ( 1)  0.065 +-  0.101
 212 N   0.93443 0.03615 0.01316 0.00602 0.00311 0.00174 0.00101 0.00058 0.00031 0.00011 0.00339 ( 1)  0.067 +-  0.115
 213 I   0.91220 0.04319 0.01843 0.00946 0.00528 0.00307 0.00180 0.00103 0.00054 0.00018 0.00482 ( 1)  0.075 +-  0.138
 214 V   0.92710 0.03803 0.01451 0.00690 0.00369 0.00212 0.00126 0.00074 0.00040 0.00014 0.00510 ( 1)  0.072 +-  0.139
 215 D   0.93953 0.03305 0.01155 0.00531 0.00284 0.00166 0.00101 0.00060 0.00033 0.00012 0.00400 ( 1)  0.067 +-  0.121
 216 I   0.93879 0.03515 0.01229 0.00540 0.00269 0.00145 0.00082 0.00046 0.00024 0.00008 0.00262 ( 1)  0.065 +-  0.102
 217 K   0.93642 0.03622 0.01301 0.00581 0.00291 0.00157 0.00088 0.00049 0.00025 0.00008 0.00236 ( 1)  0.065 +-  0.099
 218 P   0.92503 0.03992 0.01558 0.00739 0.00386 0.00213 0.00121 0.00068 0.00035 0.00012 0.00373 ( 1)  0.070 +-  0.123
 219 N   0.21396 0.08217 0.08827 0.08096 0.06845 0.05471 0.04143 0.02919 0.01797 0.00702 0.31588 (11)  0.754 +-  0.763
 220 N   0.93443 0.03615 0.01316 0.00602 0.00311 0.00174 0.00101 0.00058 0.00031 0.00011 0.00339 ( 1)  0.067 +-  0.115
 221 M   0.94165 0.03496 0.01190 0.00501 0.00238 0.00122 0.00066 0.00035 0.00018 0.00006 0.00162 ( 1)  0.062 +-  0.084
 222 E   0.92881 0.03829 0.01460 0.00688 0.00362 0.00202 0.00116 0.00066 0.00035 0.00012 0.00348 ( 1)  0.069 +-  0.117
 223 D   0.93421 0.03535 0.01287 0.00600 0.00320 0.00185 0.00111 0.00066 0.00036 0.00013 0.00426 ( 1)  0.069 +-  0.126
 224 L   0.92841 0.03835 0.01462 0.00688 0.00362 0.00203 0.00117 0.00067 0.00035 0.00012 0.00377 ( 1)  0.069 +-  0.121
 225 T   0.91571 0.04238 0.01766 0.00887 0.00486 0.00279 0.00162 0.00092 0.00048 0.00016 0.00455 ( 1)  0.073 +-  0.134
 226 E   0.93690 0.03531 0.01261 0.00570 0.00294 0.00163 0.00095 0.00054 0.00029 0.00010 0.00303 ( 1)  0.066 +-  0.108
 227 V   0.92287 0.03929 0.01551 0.00759 0.00415 0.00242 0.00145 0.00085 0.00046 0.00016 0.00524 ( 1)  0.073 +-  0.139
 228 I   0.93879 0.03515 0.01229 0.00540 0.00269 0.00145 0.00082 0.00046 0.00024 0.00008 0.00262 ( 1)  0.065 +-  0.102
 229 T   0.91598 0.04233 0.01762 0.00884 0.00484 0.00277 0.00161 0.00092 0.00047 0.00016 0.00446 ( 1)  0.073 +-  0.133
 230 A   0.92807 0.03822 0.01452 0.00682 0.00359 0.00202 0.00118 0.00068 0.00036 0.00013 0.00442 ( 1)  0.070 +-  0.131
 231 A   0.93239 0.03672 0.01352 0.00624 0.00325 0.00183 0.00107 0.00062 0.00033 0.00012 0.00390 ( 1)  0.068 +-  0.121
 232 E   0.93690 0.03531 0.01261 0.00570 0.00294 0.00163 0.00095 0.00054 0.00029 0.00010 0.00303 ( 1)  0.066 +-  0.108
 233 F   0.93784 0.03628 0.01282 0.00557 0.00270 0.00141 0.00076 0.00041 0.00021 0.00007 0.00192 ( 1)  0.064 +-  0.091
 234 H   0.92199 0.04070 0.01631 0.00794 0.00425 0.00240 0.00138 0.00078 0.00040 0.00014 0.00369 ( 1)  0.070 +-  0.121
 235 P   0.93034 0.03840 0.01445 0.00665 0.00340 0.00185 0.00104 0.00058 0.00030 0.00010 0.00290 ( 1)  0.067 +-  0.109
 236 S   0.94071 0.03539 0.01217 0.00514 0.00243 0.00124 0.00066 0.00035 0.00018 0.00006 0.00168 ( 1)  0.063 +-  0.086
 237 H   0.93162 0.03724 0.01387 0.00644 0.00336 0.00188 0.00109 0.00062 0.00033 0.00011 0.00344 ( 1)  0.068 +-  0.116
 238 C   0.92133 0.04180 0.01695 0.00823 0.00434 0.00238 0.00132 0.00072 0.00035 0.00012 0.00247 ( 1)  0.069 +-  0.105
 239 H   0.93162 0.03724 0.01387 0.00644 0.00336 0.00188 0.00109 0.00062 0.00033 0.00011 0.00344 ( 1)  0.068 +-  0.116
 240 L   0.91117 0.04315 0.01840 0.00946 0.00531 0.00312 0.00185 0.00108 0.00057 0.00020 0.00568 ( 1)  0.076 +-  0.146
 241 F   0.92660 0.03988 0.01550 0.00730 0.00378 0.00206 0.00115 0.00063 0.00032 0.00011 0.00269 ( 1)  0.068 +-  0.107
 242 L   0.63051 0.08922 0.06279 0.04455 0.03159 0.02221 0.01528 0.01001 0.00583 0.00220 0.08582 ( 1)  0.275 +-  0.496
 243 Y   0.93540 0.03659 0.01324 0.00594 0.00298 0.00161 0.00090 0.00050 0.00026 0.00009 0.00251 ( 1)  0.065 +-  0.101
 244 S   0.92087 0.04153 0.01676 0.00813 0.00429 0.00237 0.00134 0.00074 0.00037 0.00013 0.00347 ( 1)  0.070 +-  0.121
 245 S   0.94071 0.03539 0.01217 0.00514 0.00243 0.00124 0.00066 0.00035 0.00018 0.00006 0.00168 ( 1)  0.063 +-  0.086
 246 S   0.94071 0.03539 0.01217 0.00514 0.00243 0.00124 0.00066 0.00035 0.00018 0.00006 0.00168 ( 1)  0.063 +-  0.086
 247 K   0.92605 0.03969 0.01551 0.00738 0.00387 0.00214 0.00121 0.00067 0.00034 0.00011 0.00302 ( 1)  0.068 +-  0.112
 248 G   0.93513 0.03618 0.01304 0.00588 0.00299 0.00165 0.00095 0.00054 0.00029 0.00010 0.00326 ( 1)  0.067 +-  0.112
 249 S   0.90804 0.04447 0.01943 0.01014 0.00573 0.00336 0.00198 0.00114 0.00059 0.00020 0.00493 ( 1)  0.076 +-  0.138
 250 I   0.67144 0.08874 0.05910 0.04012 0.02745 0.01876 0.01261 0.00811 0.00466 0.00173 0.06728 ( 1)  0.235 +-  0.454
 251 R   0.92317 0.04032 0.01590 0.00761 0.00402 0.00224 0.00129 0.00073 0.00038 0.00013 0.00421 ( 1)  0.071 +-  0.129
 252 M   0.68083 0.08994 0.05951 0.03998 0.02702 0.01823 0.01211 0.00770 0.00438 0.00161 0.05868 ( 1)  0.218 +-  0.421
 253 C   0.93442 0.03808 0.01394 0.00616 0.00298 0.00152 0.00079 0.00041 0.00020 0.00006 0.00142 ( 1)  0.064 +-  0.083
 254 D   0.93953 0.03305 0.01155 0.00531 0.00284 0.00166 0.00101 0.00060 0.00033 0.00012 0.00400 ( 1)  0.067 +-  0.121
 255 M   0.94165 0.03496 0.01190 0.00501 0.00238 0.00122 0.00066 0.00035 0.00018 0.00006 0.00162 ( 1)  0.062 +-  0.084
 256 R   0.91033 0.04366 0.01877 0.00969 0.00543 0.00317 0.00188 0.00108 0.00056 0.00019 0.00523 ( 1)  0.076 +-  0.142
 257 Q   0.93015 0.03876 0.01465 0.00675 0.00343 0.00185 0.00102 0.00056 0.00028 0.00009 0.00245 ( 1)  0.066 +-  0.102
 258 R   0.91731 0.04226 0.01750 0.00873 0.00475 0.00270 0.00156 0.00088 0.00045 0.00015 0.00370 ( 1)  0.072 +-  0.122
 259 A   0.93239 0.03672 0.01352 0.00624 0.00325 0.00183 0.00107 0.00062 0.00033 0.00012 0.00390 ( 1)  0.068 +-  0.121
 260 L   0.91948 0.04073 0.01644 0.00809 0.00440 0.00253 0.00149 0.00087 0.00046 0.00016 0.00535 ( 1)  0.074 +-  0.144
 261 C   0.93451 0.03806 0.01393 0.00615 0.00297 0.00152 0.00079 0.00041 0.00020 0.00006 0.00141 ( 1)  0.064 +-  0.083
 262 D   0.93953 0.03305 0.01155 0.00531 0.00284 0.00166 0.00101 0.00060 0.00033 0.00012 0.00400 ( 1)  0.067 +-  0.121
 263 Q   0.93015 0.03876 0.01465 0.00675 0.00343 0.00185 0.00102 0.00056 0.00028 0.00009 0.00245 ( 1)  0.066 +-  0.102
 264 H   0.93894 0.03440 0.01204 0.00539 0.00277 0.00155 0.00090 0.00052 0.00028 0.00010 0.00309 ( 1)  0.066 +-  0.109
 265 V   0.69176 0.08932 0.05810 0.03855 0.02582 0.01729 0.01142 0.00723 0.00410 0.00151 0.05489 ( 1)  0.209 +-  0.412
 266 G   0.66248 0.08976 0.06047 0.04126 0.02831 0.01940 0.01310 0.00846 0.00489 0.00183 0.07004 ( 1)  0.240 +-  0.454
 267 I   0.93879 0.03515 0.01229 0.00540 0.00269 0.00145 0.00082 0.00046 0.00024 0.00008 0.00262 ( 1)  0.065 +-  0.102
 268 F   0.70751 0.08806 0.05559 0.03606 0.02379 0.01580 0.01040 0.00659 0.00375 0.00138 0.05106 ( 1)  0.198 +-  0.396
 269 E   0.93690 0.03531 0.01261 0.00570 0.00294 0.00163 0.00095 0.00054 0.00029 0.00010 0.00303 ( 1)  0.066 +-  0.108
 270 E   0.93690 0.03531 0.01261 0.00570 0.00294 0.00163 0.00095 0.00054 0.00029 0.00010 0.00303 ( 1)  0.066 +-  0.108
 271 A   0.92356 0.03979 0.01569 0.00758 0.00405 0.00230 0.00134 0.00077 0.00041 0.00014 0.00438 ( 1)  0.071 +-  0.130
 272 D   0.93953 0.03305 0.01155 0.00531 0.00284 0.00166 0.00101 0.00060 0.00033 0.00012 0.00400 ( 1)  0.067 +-  0.121
 273 D   0.93439 0.03532 0.01285 0.00598 0.00319 0.00184 0.00110 0.00065 0.00035 0.00013 0.00419 ( 1)  0.069 +-  0.125
 274 P   0.92503 0.03992 0.01558 0.00739 0.00386 0.00213 0.00121 0.00068 0.00035 0.00012 0.00373 ( 1)  0.070 +-  0.123
 275 S   0.55522 0.08660 0.06650 0.05091 0.03848 0.02851 0.02044 0.01383 0.00826 0.00316 0.12809 ( 1)  0.362 +-  0.583
 276 S   0.73201 0.08746 0.05327 0.03347 0.02144 0.01387 0.00892 0.00554 0.00309 0.00112 0.03980 ( 1)  0.174 +-  0.358
 277 R   0.91731 0.04226 0.01750 0.00873 0.00475 0.00270 0.00156 0.00088 0.00045 0.00015 0.00370 ( 1)  0.072 +-  0.122
 278 S   0.92096 0.04151 0.01675 0.00812 0.00429 0.00237 0.00133 0.00074 0.00037 0.00012 0.00344 ( 1)  0.070 +-  0.120
 279 F   0.92674 0.03985 0.01547 0.00728 0.00376 0.00205 0.00114 0.00063 0.00032 0.00011 0.00266 ( 1)  0.068 +-  0.106
 280 F   0.93784 0.03628 0.01282 0.00557 0.00270 0.00141 0.00076 0.00041 0.00021 0.00007 0.00192 ( 1)  0.064 +-  0.091
 281 S   0.92984 0.03913 0.01485 0.00682 0.00344 0.00183 0.00099 0.00054 0.00027 0.00009 0.00222 ( 1)  0.066 +-  0.099
 282 E   0.93674 0.03535 0.01264 0.00572 0.00295 0.00164 0.00095 0.00055 0.00029 0.00010 0.00308 ( 1)  0.066 +-  0.109
 283 I   0.92929 0.03853 0.01464 0.00682 0.00353 0.00194 0.00110 0.00061 0.00032 0.00011 0.00313 ( 1)  0.068 +-  0.113
 284 I   0.92945 0.03850 0.01461 0.00680 0.00351 0.00193 0.00109 0.00061 0.00031 0.00011 0.00308 ( 1)  0.068 +-  0.112
 285 S   0.90804 0.04447 0.01943 0.01014 0.00573 0.00336 0.00198 0.00114 0.00059 0.00020 0.00493 ( 1)  0.076 +-  0.138
 286 S   0.90077 0.04661 0.02127 0.01148 0.00663 0.00394 0.00234 0.00134 0.00069 0.00023 0.00469 ( 1)  0.077 +-  0.134
 287 V   0.64693 0.09080 0.06342 0.04460 0.03125 0.02166 0.01464 0.00941 0.00538 0.00198 0.06994 ( 1)  0.246 +-  0.454
 288 S   0.94071 0.03539 0.01217 0.00514 0.00243 0.00124 0.00066 0.00035 0.00018 0.00006 0.00168 ( 1)  0.063 +-  0.086
 289 D   0.92720 0.03812 0.01464 0.00701 0.00377 0.00216 0.00128 0.00075 0.00040 0.00014 0.00452 ( 1)  0.071 +-  0.131
 290 I   0.53750 0.08998 0.07144 0.05536 0.04183 0.03077 0.02183 0.01459 0.00860 0.00325 0.12485 ( 1)  0.363 +-  0.575
 291 K   0.91282 0.04411 0.01894 0.00966 0.00531 0.00301 0.00171 0.00094 0.00047 0.00015 0.00289 ( 1)  0.072 +-  0.112
 292 F   0.92660 0.03988 0.01550 0.00730 0.00378 0.00206 0.00115 0.00063 0.00032 0.00011 0.00269 ( 1)  0.068 +-  0.107
 293 S   0.90776 0.04451 0.01947 0.01018 0.00575 0.00338 0.00200 0.00115 0.00060 0.00020 0.00502 ( 1)  0.076 +-  0.140
 294 H   0.92199 0.04070 0.01631 0.00794 0.00425 0.00240 0.00138 0.00078 0.00040 0.00014 0.00369 ( 1)  0.070 +-  0.121
 295 S   0.92967 0.03917 0.01488 0.00684 0.00345 0.00184 0.00100 0.00054 0.00027 0.00009 0.00226 ( 1)  0.066 +-  0.099
 296 G   0.91186 0.04369 0.01871 0.00958 0.00532 0.00307 0.00179 0.00101 0.00052 0.00018 0.00428 ( 1)  0.074 +-  0.130
 297 R   0.92317 0.04032 0.01590 0.00761 0.00402 0.00224 0.00129 0.00073 0.00038 0.00013 0.00421 ( 1)  0.071 +-  0.129
 298 Y   0.93540 0.03659 0.01324 0.00594 0.00298 0.00161 0.00090 0.00050 0.00026 0.00009 0.00251 ( 1)  0.065 +-  0.101
 299 I   0.42596 0.08278 0.07299 0.06128 0.04938 0.03831 0.02841 0.01972 0.01200 0.00466 0.20450 ( 1)  0.520 +-  0.696
 300 L   0.91879 0.04139 0.01690 0.00837 0.00455 0.00260 0.00151 0.00086 0.00045 0.00015 0.00442 ( 1)  0.072 +-  0.132
 301 S   0.92889 0.03928 0.01502 0.00696 0.00354 0.00190 0.00105 0.00057 0.00028 0.00009 0.00243 ( 1)  0.067 +-  0.103
 302 R   0.91580 0.04113 0.01685 0.00845 0.00470 0.00278 0.00168 0.00100 0.00055 0.00020 0.00685 ( 1)  0.077 +-  0.159
 303 D   0.93421 0.03535 0.01287 0.00600 0.00320 0.00185 0.00111 0.00066 0.00036 0.00013 0.00426 ( 1)  0.069 +-  0.126
 304 Y   0.91010 0.04435 0.01925 0.00996 0.00557 0.00322 0.00187 0.00106 0.00054 0.00018 0.00391 ( 1)  0.074 +-  0.125
 305 L   0.89713 0.04411 0.01978 0.01079 0.00646 0.00406 0.00258 0.00160 0.00090 0.00033 0.01226 ( 1)  0.091 +-  0.209
 306 Q   0.93015 0.03876 0.01465 0.00675 0.00343 0.00185 0.00102 0.00056 0.00028 0.00009 0.00245 ( 1)  0.066 +-  0.102
 307 L   0.89704 0.04412 0.01978 0.01080 0.00647 0.00406 0.00259 0.00160 0.00090 0.00033 0.01230 ( 1)  0.091 +-  0.210
 308 K   0.92589 0.03973 0.01554 0.00740 0.00388 0.00215 0.00121 0.00068 0.00034 0.00012 0.00306 ( 1)  0.069 +-  0.112
 309 V   0.92287 0.03929 0.01551 0.00759 0.00415 0.00242 0.00145 0.00085 0.00046 0.00016 0.00524 ( 1)  0.073 +-  0.139
 310 W   0.91657 0.04370 0.01839 0.00916 0.00489 0.00269 0.00148 0.00079 0.00038 0.00012 0.00182 ( 1)  0.069 +-  0.095
 311 D   0.93953 0.03305 0.01155 0.00531 0.00284 0.00166 0.00101 0.00060 0.00033 0.00012 0.00400 ( 1)  0.067 +-  0.121
 312 L   0.68171 0.08998 0.05949 0.03994 0.02697 0.01818 0.01206 0.00767 0.00436 0.00161 0.05803 ( 1)  0.217 +-  0.418
 313 N   0.94155 0.03325 0.01137 0.00503 0.00257 0.00144 0.00085 0.00049 0.00027 0.00009 0.00308 ( 1)  0.065 +-  0.108
 314 M   0.94165 0.03496 0.01190 0.00501 0.00238 0.00122 0.00066 0.00035 0.00018 0.00006 0.00162 ( 1)  0.062 +-  0.084
 315 A   0.08003 0.03821 0.04964 0.05377 0.05258 0.04773 0.04042 0.03142 0.02110 0.00890 0.57621 (11)  1.195 +-  0.845
 316 T   0.54331 0.08549 0.06524 0.04955 0.03730 0.02768 0.02000 0.01368 0.00829 0.00322 0.14623 ( 1)  0.393 +-  0.621
 317 K   0.92605 0.03969 0.01551 0.00738 0.00387 0.00214 0.00121 0.00067 0.00034 0.00011 0.00302 ( 1)  0.068 +-  0.112
 318 P   0.91292 0.04315 0.01830 0.00932 0.00517 0.00299 0.00175 0.00100 0.00052 0.00018 0.00472 ( 1)  0.074 +-  0.136
 319 V   0.67911 0.08833 0.05793 0.03883 0.02632 0.01788 0.01199 0.00772 0.00444 0.00166 0.06578 ( 1)  0.230 +-  0.447
 320 E   0.93690 0.03531 0.01261 0.00570 0.00294 0.00163 0.00095 0.00054 0.00029 0.00010 0.00303 ( 1)  0.066 +-  0.108
 321 V   0.92914 0.03707 0.01399 0.00666 0.00359 0.00208 0.00125 0.00074 0.00040 0.00014 0.00491 ( 1)  0.071 +-  0.134
 322 Y   0.92477 0.04012 0.01581 0.00757 0.00398 0.00221 0.00125 0.00070 0.00035 0.00012 0.00313 ( 1)  0.069 +-  0.114
 323 P   0.92248 0.04097 0.01636 0.00789 0.00417 0.00232 0.00131 0.00073 0.00037 0.00013 0.00327 ( 1)  0.070 +-  0.115
 324 V   0.92287 0.03929 0.01551 0.00759 0.00415 0.00242 0.00145 0.00085 0.00046 0.00016 0.00524 ( 1)  0.073 +-  0.139
 325 H   0.93894 0.03440 0.01204 0.00539 0.00277 0.00155 0.00090 0.00052 0.00028 0.00010 0.00309 ( 1)  0.066 +-  0.109
 326 E   0.93690 0.03531 0.01261 0.00570 0.00294 0.00163 0.00095 0.00054 0.00029 0.00010 0.00303 ( 1)  0.066 +-  0.108
 327 H   0.93145 0.03727 0.01389 0.00646 0.00337 0.00189 0.00110 0.00063 0.00033 0.00012 0.00349 ( 1)  0.068 +-  0.117
 328 F   0.93784 0.03628 0.01282 0.00557 0.00270 0.00141 0.00076 0.00041 0.00021 0.00007 0.00192 ( 1)  0.064 +-  0.091
 329 R   0.91944 0.04198 0.01722 0.00849 0.00456 0.00255 0.00145 0.00080 0.00040 0.00013 0.00298 ( 1)  0.070 +-  0.112
 330 R   0.90014 0.04588 0.02083 0.01127 0.00658 0.00397 0.00241 0.00142 0.00075 0.00026 0.00649 ( 1)  0.080 +-  0.154
 331 N   0.93426 0.03619 0.01318 0.00603 0.00313 0.00175 0.00101 0.00058 0.00031 0.00011 0.00344 ( 1)  0.067 +-  0.116
 332 L   0.91117 0.04315 0.01840 0.00946 0.00531 0.00312 0.00185 0.00108 0.00057 0.00020 0.00568 ( 1)  0.076 +-  0.146
 333 C   0.93451 0.03806 0.01393 0.00615 0.00297 0.00152 0.00079 0.00041 0.00020 0.00006 0.00141 ( 1)  0.064 +-  0.083
 334 A   0.92375 0.03975 0.01566 0.00755 0.00404 0.00229 0.00133 0.00077 0.00040 0.00014 0.00431 ( 1)  0.071 +-  0.129
 335 L   0.91117 0.04315 0.01840 0.00946 0.00531 0.00312 0.00185 0.00108 0.00057 0.00020 0.00568 ( 1)  0.076 +-  0.146
 336 Y   0.93540 0.03659 0.01324 0.00594 0.00298 0.00161 0.00090 0.00050 0.00026 0.00009 0.00251 ( 1)  0.065 +-  0.101
 337 E   0.93690 0.03531 0.01261 0.00570 0.00294 0.00163 0.00095 0.00054 0.00029 0.00010 0.00303 ( 1)  0.066 +-  0.108
 338 N   0.93443 0.03615 0.01316 0.00602 0.00311 0.00174 0.00101 0.00058 0.00031 0.00011 0.00339 ( 1)  0.067 +-  0.115
 339 D   0.93953 0.03305 0.01155 0.00531 0.00284 0.00166 0.00101 0.00060 0.00033 0.00012 0.00400 ( 1)  0.067 +-  0.121
 340 S   0.70356 0.08992 0.05758 0.03751 0.02465 0.01623 0.01056 0.00661 0.00371 0.00136 0.04832 ( 1)  0.195 +-  0.387
 341 I   0.92314 0.04009 0.01593 0.00773 0.00414 0.00234 0.00135 0.00077 0.00040 0.00014 0.00397 ( 1)  0.071 +-  0.126
 342 F   0.91353 0.04398 0.01877 0.00951 0.00519 0.00293 0.00166 0.00092 0.00046 0.00015 0.00290 ( 1)  0.071 +-  0.112
 343 D   0.93439 0.03532 0.01285 0.00598 0.00319 0.00184 0.00110 0.00065 0.00035 0.00013 0.00419 ( 1)  0.069 +-  0.125
 344 K   0.92605 0.03969 0.01551 0.00738 0.00387 0.00214 0.00121 0.00067 0.00034 0.00011 0.00302 ( 1)  0.068 +-  0.112
 345 F   0.93551 0.03701 0.01336 0.00592 0.00292 0.00154 0.00084 0.00046 0.00023 0.00008 0.00212 ( 1)  0.065 +-  0.095
 346 E   0.93690 0.03531 0.01261 0.00570 0.00294 0.00163 0.00095 0.00054 0.00029 0.00010 0.00303 ( 1)  0.066 +-  0.108
 347 C   0.93451 0.03806 0.01393 0.00615 0.00297 0.00152 0.00079 0.00041 0.00020 0.00006 0.00141 ( 1)  0.064 +-  0.083
 348 C   0.93451 0.03806 0.01393 0.00615 0.00297 0.00152 0.00079 0.00041 0.00020 0.00006 0.00141 ( 1)  0.064 +-  0.083
 349 W   0.91657 0.04370 0.01839 0.00916 0.00489 0.00269 0.00148 0.00079 0.00038 0.00012 0.00182 ( 1)  0.069 +-  0.095
 350 S   0.90077 0.04661 0.02127 0.01148 0.00663 0.00394 0.00234 0.00134 0.00069 0.00023 0.00469 ( 1)  0.077 +-  0.134
 351 G   0.91886 0.04116 0.01674 0.00828 0.00450 0.00258 0.00151 0.00087 0.00046 0.00016 0.00488 ( 1)  0.073 +-  0.138
 352 D   0.93421 0.03535 0.01287 0.00600 0.00320 0.00185 0.00111 0.00066 0.00036 0.00013 0.00426 ( 1)  0.069 +-  0.126
 353 D   0.93953 0.03305 0.01155 0.00531 0.00284 0.00166 0.00101 0.00060 0.00033 0.00012 0.00400 ( 1)  0.067 +-  0.121
 354 R   0.73374 0.08998 0.05556 0.03497 0.02221 0.01412 0.00887 0.00536 0.00290 0.00103 0.03127 ( 1)  0.160 +-  0.319
 355 L   0.91117 0.04315 0.01840 0.00946 0.00531 0.00312 0.00185 0.00108 0.00057 0.00020 0.00568 ( 1)  0.076 +-  0.146
 356 V   0.92287 0.03929 0.01551 0.00759 0.00415 0.00242 0.00145 0.00085 0.00046 0.00016 0.00524 ( 1)  0.073 +-  0.139
 357 L   0.73276 0.08928 0.05474 0.03429 0.02176 0.01389 0.00879 0.00537 0.00295 0.00106 0.03512 ( 1)  0.166 +-  0.336
 358 T   0.93292 0.03745 0.01379 0.00625 0.00316 0.00171 0.00096 0.00053 0.00028 0.00009 0.00286 ( 1)  0.066 +-  0.107
 359 G   0.93513 0.03618 0.01304 0.00588 0.00299 0.00165 0.00095 0.00054 0.00029 0.00010 0.00326 ( 1)  0.067 +-  0.112
 360 S   0.92984 0.03913 0.01485 0.00682 0.00344 0.00183 0.00099 0.00054 0.00027 0.00009 0.00222 ( 1)  0.066 +-  0.099
 361 Y   0.93540 0.03659 0.01324 0.00594 0.00298 0.00161 0.00090 0.00050 0.00026 0.00009 0.00251 ( 1)  0.065 +-  0.101
 362 N   0.94155 0.03325 0.01137 0.00503 0.00257 0.00144 0.00085 0.00049 0.00027 0.00009 0.00308 ( 1)  0.065 +-  0.108
 363 N   0.94155 0.03325 0.01137 0.00503 0.00257 0.00144 0.00085 0.00049 0.00027 0.00009 0.00308 ( 1)  0.065 +-  0.108
 364 L   0.91117 0.04315 0.01840 0.00946 0.00531 0.00312 0.00185 0.00108 0.00057 0.00020 0.00568 ( 1)  0.076 +-  0.146
 365 W   0.91657 0.04370 0.01839 0.00916 0.00489 0.00269 0.00148 0.00079 0.00038 0.00012 0.00182 ( 1)  0.069 +-  0.095
 366 R   0.93167 0.03826 0.01428 0.00649 0.00327 0.00174 0.00096 0.00053 0.00026 0.00009 0.00245 ( 1)  0.066 +-  0.102
 367 V   0.92287 0.03929 0.01551 0.00759 0.00415 0.00242 0.00145 0.00085 0.00046 0.00016 0.00524 ( 1)  0.073 +-  0.139
 368 F   0.93784 0.03628 0.01282 0.00557 0.00270 0.00141 0.00076 0.00041 0.00021 0.00007 0.00192 ( 1)  0.064 +-  0.091
 369 D   0.74955 0.08474 0.04967 0.03050 0.01934 0.01249 0.00806 0.00503 0.00282 0.00103 0.03677 ( 1)  0.164 +-  0.343
 370 R   0.92317 0.04032 0.01590 0.00761 0.00402 0.00224 0.00129 0.00073 0.00038 0.00013 0.00421 ( 1)  0.071 +-  0.129
 371 Q   0.93015 0.03876 0.01465 0.00675 0.00343 0.00185 0.00102 0.00056 0.00028 0.00009 0.00245 ( 1)  0.066 +-  0.102
 372 S   0.05897 0.03116 0.04346 0.04956 0.05034 0.04702 0.04069 0.03216 0.02187 0.00932 0.61545 (11)  1.259 +-  0.830
 373 G   0.93513 0.03618 0.01304 0.00588 0.00299 0.00165 0.00095 0.00054 0.00029 0.00010 0.00326 ( 1)  0.067 +-  0.112
 374 A   0.66562 0.08872 0.05946 0.04059 0.02793 0.01921 0.01300 0.00842 0.00487 0.00182 0.07035 ( 1)  0.240 +-  0.456
 375 D   0.75799 0.08341 0.04799 0.02913 0.01834 0.01180 0.00760 0.00474 0.00267 0.00098 0.03534 ( 1)  0.159 +-  0.337
 376 V   0.65882 0.08803 0.05932 0.04080 0.02832 0.01965 0.01342 0.00877 0.00511 0.00192 0.07583 ( 1)  0.250 +-  0.470
 377 T   0.93292 0.03745 0.01379 0.00625 0.00316 0.00171 0.00096 0.00053 0.00028 0.00009 0.00286 ( 1)  0.066 +-  0.107
 378 L   0.91117 0.04315 0.01840 0.00946 0.00531 0.00312 0.00185 0.00108 0.00057 0.00020 0.00568 ( 1)  0.076 +-  0.146
 379 E   0.93690 0.03531 0.01261 0.00570 0.00294 0.00163 0.00095 0.00054 0.00029 0.00010 0.00303 ( 1)  0.066 +-  0.108
 380 A   0.93239 0.03672 0.01352 0.00624 0.00325 0.00183 0.00107 0.00062 0.00033 0.00012 0.00390 ( 1)  0.068 +-  0.121
 381 S   0.94071 0.03539 0.01217 0.00514 0.00243 0.00124 0.00066 0.00035 0.00018 0.00006 0.00168 ( 1)  0.063 +-  0.086
 382 R   0.89992 0.04591 0.02086 0.01129 0.00660 0.00399 0.00242 0.00142 0.00075 0.00026 0.00657 ( 1)  0.081 +-  0.155
 383 E   0.75830 0.08341 0.04797 0.02910 0.01832 0.01178 0.00759 0.00473 0.00266 0.00097 0.03515 ( 1)  0.159 +-  0.336
 384 G   0.93513 0.03618 0.01304 0.00588 0.00299 0.00165 0.00095 0.00054 0.00029 0.00010 0.00326 ( 1)  0.067 +-  0.112
 385 V   0.73086 0.08844 0.05416 0.03407 0.02180 0.01407 0.00902 0.00558 0.00310 0.00112 0.03776 ( 1)  0.171 +-  0.345
 386 A   0.61956 0.08992 0.06466 0.04666 0.03348 0.02371 0.01636 0.01071 0.00622 0.00233 0.08637 ( 1)  0.279 +-  0.494
 387 P   0.91924 0.04173 0.01704 0.00839 0.00451 0.00254 0.00145 0.00082 0.00042 0.00014 0.00372 ( 1)  0.071 +-  0.123
 388 G   0.93513 0.03618 0.01304 0.00588 0.00299 0.00165 0.00095 0.00054 0.00029 0.00010 0.00326 ( 1)  0.067 +-  0.112
 389 S   0.58148 0.08464 0.06184 0.04573 0.03380 0.02475 0.01768 0.01200 0.00723 0.00280 0.12805 ( 1)  0.355 +-  0.595
 390 D   0.75799 0.08341 0.04799 0.02913 0.01834 0.01180 0.00760 0.00474 0.00267 0.00098 0.03534 ( 1)  0.159 +-  0.337
 391 L   0.90973 0.04351 0.01868 0.00965 0.00543 0.00319 0.00190 0.00111 0.00059 0.00020 0.00600 ( 1)  0.077 +-  0.150
 392 K   0.28330 0.05595 0.05710 0.05587 0.05135 0.04437 0.03592 0.02677 0.01727 0.00702 0.36509 (11)  0.809 +-  0.820
 393 P   0.91924 0.04173 0.01704 0.00839 0.00451 0.00254 0.00145 0.00082 0.00042 0.00014 0.00372 ( 1)  0.071 +-  0.123
 394 R   0.93167 0.03826 0.01428 0.00649 0.00327 0.00174 0.00096 0.00053 0.00026 0.00009 0.00245 ( 1)  0.066 +-  0.102
 395 R   0.91176 0.04352 0.01854 0.00945 0.00524 0.00302 0.00177 0.00101 0.00052 0.00018 0.00500 ( 1)  0.075 +-  0.140
 396 V   0.91956 0.04049 0.01629 0.00803 0.00439 0.00254 0.00151 0.00088 0.00047 0.00017 0.00567 ( 1)  0.074 +-  0.147
 397 V   0.92914 0.03707 0.01399 0.00666 0.00359 0.00208 0.00125 0.00074 0.00040 0.00014 0.00491 ( 1)  0.071 +-  0.134
 398 L   0.63116 0.09007 0.06390 0.04561 0.03242 0.02277 0.01560 0.01015 0.00586 0.00218 0.08028 ( 1)  0.266 +-  0.481
 399 S   0.92087 0.04153 0.01676 0.00813 0.00429 0.00237 0.00134 0.00074 0.00037 0.00013 0.00347 ( 1)  0.070 +-  0.121
 400 A   0.63651 0.08818 0.06103 0.04275 0.03003 0.02101 0.01443 0.00947 0.00555 0.00210 0.08895 ( 1)  0.278 +-  0.511
 401 A   0.59001 0.08737 0.06402 0.04704 0.03433 0.02472 0.01734 0.01155 0.00683 0.00260 0.11419 ( 1)  0.333 +-  0.575
 402 A   0.11020 0.05265 0.06676 0.06965 0.06520 0.05654 0.04573 0.03401 0.02189 0.00888 0.46849 (11)  1.023 +-  0.821
 403 A   0.91325 0.04270 0.01802 0.00918 0.00512 0.00298 0.00177 0.00102 0.00054 0.00019 0.00524 ( 1)  0.075 +-  0.141
 404 A   0.64472 0.08675 0.05877 0.04061 0.02834 0.01980 0.01364 0.00900 0.00531 0.00203 0.09103 ( 1)  0.279 +-  0.520
 405 Q   0.93015 0.03876 0.01465 0.00675 0.00343 0.00185 0.00102 0.00056 0.00028 0.00009 0.00245 ( 1)  0.066 +-  0.102
 406 S   0.06404 0.04064 0.05983 0.06820 0.06746 0.06056 0.05007 0.03772 0.02446 0.00995 0.51709 (11)  1.112 +-  0.804
 407 G   0.33176 0.11049 0.10410 0.08489 0.06477 0.04739 0.03329 0.02202 0.01287 0.00482 0.18360 ( 1)  0.512 +-  0.642
 408 A   0.64256 0.08675 0.05892 0.04080 0.02852 0.01995 0.01376 0.00909 0.00537 0.00205 0.09222 ( 1)  0.282 +-  0.524
 409 G   0.93513 0.03618 0.01304 0.00588 0.00299 0.00165 0.00095 0.00054 0.00029 0.00010 0.00326 ( 1)  0.067 +-  0.112
 410 Q   0.10812 0.05433 0.07030 0.07376 0.06890 0.05937 0.04763 0.03510 0.02238 0.00899 0.45112 (11)  0.997 +-  0.807
 411 H   0.56406 0.08516 0.06359 0.04767 0.03554 0.02617 0.01877 0.01277 0.00770 0.00298 0.13559 ( 1)  0.372 +-  0.608
 412 A   0.93239 0.03672 0.01352 0.00624 0.00325 0.00183 0.00107 0.00062 0.00033 0.00012 0.00390 ( 1)  0.068 +-  0.121
 413 E   0.92898 0.03826 0.01458 0.00686 0.00360 0.00201 0.00116 0.00066 0.00034 0.00012 0.00344 ( 1)  0.068 +-  0.117
 414 L   0.59176 0.08908 0.06620 0.04918 0.03616 0.02614 0.01833 0.01215 0.00712 0.00268 0.10120 ( 1)  0.311 +-  0.530
 415 L   0.63495 0.08678 0.05970 0.04183 0.02953 0.02080 0.01441 0.00954 0.00564 0.00215 0.09466 ( 1)  0.288 +-  0.528
 416 T   0.42688 0.07404 0.06271 0.05253 0.04311 0.03445 0.02646 0.01905 0.01203 0.00484 0.24390 ( 1)  0.576 +-  0.740
 417 A   0.93239 0.03672 0.01352 0.00624 0.00325 0.00183 0.00107 0.00062 0.00033 0.00012 0.00390 ( 1)  0.068 +-  0.121
 418 D   0.93953 0.03305 0.01155 0.00531 0.00284 0.00166 0.00101 0.00060 0.00033 0.00012 0.00400 ( 1)  0.067 +-  0.121
 419 S   0.92889 0.03928 0.01502 0.00696 0.00354 0.00190 0.00105 0.00057 0.00028 0.00009 0.00243 ( 1)  0.067 +-  0.103
 420 L   0.90482 0.04226 0.01829 0.00975 0.00575 0.00357 0.00226 0.00140 0.00078 0.00029 0.01084 ( 1)  0.086 +-  0.197
 421 D   0.93953 0.03305 0.01155 0.00531 0.00284 0.00166 0.00101 0.00060 0.00033 0.00012 0.00400 ( 1)  0.067 +-  0.121
 422 L   0.90972 0.04352 0.01869 0.00965 0.00543 0.00319 0.00190 0.00111 0.00059 0.00020 0.00601 ( 1)  0.077 +-  0.150
 423 Q   0.93015 0.03876 0.01465 0.00675 0.00343 0.00185 0.00102 0.00056 0.00028 0.00009 0.00245 ( 1)  0.066 +-  0.102
 424 K   0.93642 0.03622 0.01301 0.00581 0.00291 0.00157 0.00088 0.00049 0.00025 0.00008 0.00236 ( 1)  0.065 +-  0.099
 425 K   0.93642 0.03622 0.01301 0.00581 0.00291 0.00157 0.00088 0.00049 0.00025 0.00008 0.00236 ( 1)  0.065 +-  0.099
 426 I   0.92929 0.03853 0.01464 0.00682 0.00353 0.00194 0.00110 0.00061 0.00032 0.00011 0.00313 ( 1)  0.068 +-  0.113
 427 L   0.91948 0.04073 0.01644 0.00809 0.00440 0.00253 0.00149 0.00087 0.00046 0.00016 0.00535 ( 1)  0.074 +-  0.144
 428 H   0.93894 0.03440 0.01204 0.00539 0.00277 0.00155 0.00090 0.00052 0.00028 0.00010 0.00309 ( 1)  0.066 +-  0.109
 429 L   0.91117 0.04315 0.01840 0.00946 0.00531 0.00312 0.00185 0.00108 0.00057 0.00020 0.00568 ( 1)  0.076 +-  0.146
 430 A   0.93239 0.03672 0.01352 0.00624 0.00325 0.00183 0.00107 0.00062 0.00033 0.00012 0.00390 ( 1)  0.068 +-  0.121
 431 C   0.92133 0.04180 0.01695 0.00823 0.00434 0.00238 0.00132 0.00072 0.00035 0.00012 0.00247 ( 1)  0.069 +-  0.105
 432 H   0.92199 0.04070 0.01631 0.00794 0.00425 0.00240 0.00138 0.00078 0.00040 0.00014 0.00369 ( 1)  0.070 +-  0.121
 433 P   0.91318 0.04311 0.01826 0.00929 0.00514 0.00297 0.00174 0.00099 0.00051 0.00017 0.00463 ( 1)  0.074 +-  0.135
 434 K   0.14166 0.06981 0.08637 0.08604 0.07632 0.06265 0.04809 0.03407 0.02099 0.00819 0.36581 (11)  0.857 +-  0.774
 435 H   0.68558 0.08710 0.05651 0.03780 0.02570 0.01756 0.01185 0.00766 0.00443 0.00166 0.06414 ( 1)  0.225 +-  0.439
 436 N   0.76750 0.08469 0.04811 0.02853 0.01746 0.01092 0.00685 0.00418 0.00231 0.00084 0.02861 ( 1)  0.146 +-  0.306
 437 C   0.93451 0.03806 0.01393 0.00615 0.00297 0.00152 0.00079 0.00041 0.00020 0.00006 0.00141 ( 1)  0.064 +-  0.083
 438 V   0.57246 0.08567 0.06366 0.04753 0.03528 0.02584 0.01842 0.01245 0.00745 0.00287 0.12837 ( 1)  0.360 +-  0.600
 439 A   0.92356 0.03979 0.01569 0.00758 0.00405 0.00230 0.00134 0.00077 0.00041 0.00014 0.00438 ( 1)  0.071 +-  0.130
 440 L   0.91117 0.04315 0.01840 0.00946 0.00531 0.00312 0.00185 0.00108 0.00057 0.00020 0.00568 ( 1)  0.076 +-  0.146
 441 A   0.91325 0.04270 0.01802 0.00918 0.00512 0.00298 0.00177 0.00102 0.00054 0.00019 0.00524 ( 1)  0.075 +-  0.141
 442 A   0.93239 0.03672 0.01352 0.00624 0.00325 0.00183 0.00107 0.00062 0.00033 0.00012 0.00390 ( 1)  0.068 +-  0.121
 443 T   0.92212 0.04087 0.01637 0.00793 0.00421 0.00235 0.00134 0.00075 0.00038 0.00013 0.00355 ( 1)  0.070 +-  0.120
 444 N   0.94155 0.03325 0.01137 0.00503 0.00257 0.00144 0.00085 0.00049 0.00027 0.00009 0.00308 ( 1)  0.065 +-  0.108
 445 N   0.93426 0.03619 0.01318 0.00603 0.00313 0.00175 0.00101 0.00058 0.00031 0.00011 0.00344 ( 1)  0.067 +-  0.116
 446 L   0.91020 0.04167 0.01758 0.00912 0.00524 0.00318 0.00197 0.00120 0.00066 0.00024 0.00893 ( 1)  0.082 +-  0.182
 447 Y   0.92494 0.04008 0.01578 0.00755 0.00397 0.00220 0.00124 0.00069 0.00035 0.00012 0.00308 ( 1)  0.069 +-  0.113
 448 L   0.68998 0.09095 0.05992 0.03998 0.02676 0.01784 0.01169 0.00733 0.00410 0.00149 0.04996 ( 1)  0.202 +-  0.391
 449 V   0.64693 0.09080 0.06342 0.04460 0.03125 0.02166 0.01464 0.00941 0.00538 0.00198 0.06994 ( 1)  0.246 +-  0.454

Positively selected sites

	Prob(w>1)  mean w

     4 S      0.569         1.181 +- 0.834
    10 A      0.527         1.116 +- 0.845
    17 S      0.619         1.266 +- 0.846
    19 Q      0.516         1.110 +- 0.804
   115 R      0.518         1.098 +- 0.837
   144 S      0.557         1.171 +- 0.897
   315 A      0.576         1.195 +- 0.845
   372 S      0.615         1.259 +- 0.830
   406 S      0.517         1.112 +- 0.804

