Supplemental results for CODEML (seqf: algn  treef: tree)


dN/dS (w) for site classes (K=2)

p:   0.77889  0.22111
w:   0.00000  1.00000

Naive Empirical Bayes (NEB) probabilities for 2 classes & postmean_w
(amino acids refer to 1st sequence: Msl.2378)

   1 H   0.79635 0.20365 ( 1)  0.204
   2 D   0.79975 0.20025 ( 1)  0.200
   3 S   0.79554 0.20446 ( 1)  0.204
   4 F   0.78339 0.21661 ( 1)  0.217
   5 L   0.78142 0.21858 ( 1)  0.219
   6 T   0.78471 0.21529 ( 1)  0.215
   7 A   0.78208 0.21792 ( 1)  0.218
   8 G   0.78589 0.21411 ( 1)  0.214
   9 G   0.79743 0.20257 ( 1)  0.203
  10 S   0.78563 0.21437 ( 1)  0.214
  11 G   0.79743 0.20257 ( 1)  0.203
  12 F   0.79028 0.20972 ( 1)  0.210
  13 G   0.79743 0.20257 ( 1)  0.203
  14 G   0.79743 0.20257 ( 1)  0.203
  15 H   0.78693 0.21307 ( 1)  0.213
  16 V   0.78551 0.21449 ( 1)  0.214
  17 A   0.79524 0.20476 ( 1)  0.205
  18 M   0.79583 0.20417 ( 1)  0.204
  19 A   0.78208 0.21792 ( 1)  0.218
  20 T   0.78471 0.21529 ( 1)  0.215
  21 D   0.79975 0.20025 ( 1)  0.200
  22 L   0.79392 0.20608 ( 1)  0.206
  23 L   0.79443 0.20557 ( 1)  0.206
  24 R   0.79442 0.20558 ( 1)  0.206
  25 R   0.78471 0.21529 ( 1)  0.215
  26 L   0.79443 0.20557 ( 1)  0.206
  27 P   0.78404 0.21596 ( 1)  0.216
  28 G   0.79743 0.20257 ( 1)  0.203
  29 R   0.79442 0.20558 ( 1)  0.206
  30 Q   0.79659 0.20341 ( 1)  0.203
  31 Q   0.79659 0.20341 ( 1)  0.203
  32 Q   0.79659 0.20341 ( 1)  0.203
  33 L   0.79443 0.20557 ( 1)  0.206
  34 R   0.79442 0.20558 ( 1)  0.206
  35 S   0.79554 0.20446 ( 1)  0.204
  36 L   0.79352 0.20648 ( 1)  0.206
  37 D   0.79975 0.20025 ( 1)  0.200
  38 D   0.78863 0.21137 ( 1)  0.211
  39 L   0.78898 0.21102 ( 1)  0.211
  40 G   0.79743 0.20257 ( 1)  0.203
  41 D   0.79975 0.20025 ( 1)  0.200
  42 V   0.79651 0.20349 ( 1)  0.203
  43 V   0.78551 0.21449 ( 1)  0.214
  44 E   0.80244 0.19756 ( 1)  0.198
  45 F   0.78339 0.21661 ( 1)  0.217
  46 F   0.79028 0.20972 ( 1)  0.210
  47 S   0.79554 0.20446 ( 1)  0.204
  48 E   0.80244 0.19756 ( 1)  0.198
  49 V   0.78551 0.21449 ( 1)  0.214
  50 F   0.79028 0.20972 ( 1)  0.210
  51 A   0.79821 0.20179 ( 1)  0.202
  52 L   0.79352 0.20648 ( 1)  0.206
  53 T   0.79450 0.20550 ( 1)  0.205
  54 C   0.79252 0.20748 ( 1)  0.207
  55 P   0.79521 0.20479 ( 1)  0.205
  56 E   0.80244 0.19756 ( 1)  0.198
  57 A   0.79524 0.20476 ( 1)  0.205
  58 A   0.79821 0.20179 ( 1)  0.202
  59 T   0.78471 0.21529 ( 1)  0.215
  60 S   0.79200 0.20800 ( 1)  0.208
  61 V   0.79973 0.20027 ( 1)  0.200
  62 L   0.78435 0.21565 ( 1)  0.216
  63 D   0.79975 0.20025 ( 1)  0.200
  64 E   0.78527 0.21473 ( 1)  0.215
  65 G   0.79743 0.20257 ( 1)  0.203
  66 G   0.79743 0.20257 ( 1)  0.203
  67 G   0.79743 0.20257 ( 1)  0.203
  68 A   0.78504 0.21496 ( 1)  0.215
  69 D   0.79975 0.20025 ( 1)  0.200
  70 G   0.78589 0.21411 ( 1)  0.214
  71 L   0.79352 0.20648 ( 1)  0.206
  72 D   0.78863 0.21137 ( 1)  0.211
  73 K   0.78295 0.21705 ( 1)  0.217
  74 L   0.79443 0.20557 ( 1)  0.206
  75 R   0.79442 0.20558 ( 1)  0.206
  76 G   0.79743 0.20257 ( 1)  0.203
  77 I   0.79283 0.20717 ( 1)  0.207
  78 I   0.79283 0.20717 ( 1)  0.207
  79 D   0.79975 0.20025 ( 1)  0.200
  80 S   0.78563 0.21437 ( 1)  0.214
  81 L   0.79443 0.20557 ( 1)  0.206
  82 A   0.79821 0.20179 ( 1)  0.202
  83 D   0.78863 0.21137 ( 1)  0.211
  84 D   0.79975 0.20025 ( 1)  0.200
  85 V   0.79651 0.20349 ( 1)  0.203
  86 I   0.79283 0.20717 ( 1)  0.207
  87 G   0.78245 0.21755 ( 1)  0.218
  88 V   0.79973 0.20027 ( 1)  0.200
  89 S   0.79393 0.20607 ( 1)  0.206
  90 L   0.79443 0.20557 ( 1)  0.206
  91 S   0.79393 0.20607 ( 1)  0.206
  92 H   0.79635 0.20365 ( 1)  0.204
  93 I   0.79283 0.20717 ( 1)  0.207
  94 R   0.79657 0.20343 ( 1)  0.203
  95 P   0.79521 0.20479 ( 1)  0.205
  96 K   0.00000 1.00000 ( 2)  1.000
  97 D   0.79975 0.20025 ( 1)  0.200
  98 V   0.79973 0.20027 ( 1)  0.200
  99 L   0.79443 0.20557 ( 1)  0.206
 100 A   0.79524 0.20476 ( 1)  0.205
 101 R   0.79657 0.20343 ( 1)  0.203
 102 D   0.79975 0.20025 ( 1)  0.200
 103 R   0.79657 0.20343 ( 1)  0.203
 104 T   0.79586 0.20414 ( 1)  0.204
 105 A   0.79524 0.20476 ( 1)  0.205
 106 V   0.79651 0.20349 ( 1)  0.203
 107 G   0.79743 0.20257 ( 1)  0.203
 108 N   0.79645 0.20355 ( 1)  0.204
 109 L   0.79443 0.20557 ( 1)  0.206
 110 V   0.79973 0.20027 ( 1)  0.200
 111 E   0.80244 0.19756 ( 1)  0.198
 112 I   0.78443 0.21557 ( 1)  0.216
 113 F   0.79028 0.20972 ( 1)  0.210
 114 H   0.79635 0.20365 ( 1)  0.204
 115 G   0.79743 0.20257 ( 1)  0.203
 116 L   0.78479 0.21521 ( 1)  0.215
 117 A   0.79524 0.20476 ( 1)  0.205
 118 E   0.80244 0.19756 ( 1)  0.198
 119 F   0.79028 0.20972 ( 1)  0.210
 120 A   0.79821 0.20179 ( 1)  0.202
 121 P   0.79267 0.20733 ( 1)  0.207
 122 D   0.79975 0.20025 ( 1)  0.200
 123 L   0.79443 0.20557 ( 1)  0.206
 124 E   0.80244 0.19756 ( 1)  0.198
 125 A   0.79524 0.20476 ( 1)  0.205
 126 A   0.79524 0.20476 ( 1)  0.205
 127 A   0.78504 0.21496 ( 1)  0.215
 128 E   0.80244 0.19756 ( 1)  0.198
 129 P   0.79521 0.20479 ( 1)  0.205
 130 P   0.79521 0.20479 ( 1)  0.205
 131 R   0.79671 0.20329 ( 1)  0.203
 132 T   0.79740 0.20260 ( 1)  0.203
 133 S   0.78124 0.21876 ( 1)  0.219
 134 A   0.79524 0.20476 ( 1)  0.205
 135 I   0.79283 0.20717 ( 1)  0.207
 136 E   0.80244 0.19756 ( 1)  0.198
 137 A   0.79821 0.20179 ( 1)  0.202
 138 A   0.79821 0.20179 ( 1)  0.202
 139 V   0.79651 0.20349 ( 1)  0.203
 140 D   0.78863 0.21137 ( 1)  0.211
 141 A   0.79821 0.20179 ( 1)  0.202
 142 R   0.78140 0.21860 ( 1)  0.219
 143 P   0.79521 0.20479 ( 1)  0.205
 144 R   0.00000 1.00000 ( 2)  1.000
 145 P   0.79521 0.20479 ( 1)  0.205
 146 R   0.78471 0.21529 ( 1)  0.215
 147 A   0.79821 0.20179 ( 1)  0.202
 148 A   0.78504 0.21496 ( 1)  0.215
 149 A   0.78504 0.21496 ( 1)  0.215
 150 D   0.79975 0.20025 ( 1)  0.200
 151 E   0.80244 0.19756 ( 1)  0.198
 152 F   0.78339 0.21661 ( 1)  0.217
 153 R   0.79657 0.20343 ( 1)  0.203
 154 P   0.79521 0.20479 ( 1)  0.205
 155 A   0.78208 0.21792 ( 1)  0.218
 156 T   0.79586 0.20414 ( 1)  0.204
 157 P   0.79521 0.20479 ( 1)  0.205
 158 P   0.79521 0.20479 ( 1)  0.205
 159 R   0.79671 0.20329 ( 1)  0.203
 160 P   0.79521 0.20479 ( 1)  0.205
 161 S   0.79393 0.20607 ( 1)  0.206
 162 E   0.80244 0.19756 ( 1)  0.198
 163 N   0.78603 0.21397 ( 1)  0.214
 164 S   0.78763 0.21237 ( 1)  0.212
 165 T   0.00000 1.00000 ( 2)  1.000
 166 R   0.79657 0.20343 ( 1)  0.203
 167 Q   0.79659 0.20341 ( 1)  0.203
 168 Q   0.79659 0.20341 ( 1)  0.203
 169 T   0.78190 0.21810 ( 1)  0.218
 170 S   0.00000 1.00000 ( 2)  1.000
 171 A   0.79821 0.20179 ( 1)  0.202
 172 A   0.79821 0.20179 ( 1)  0.202
 173 A   0.78504 0.21496 ( 1)  0.215
 174 A   0.79821 0.20179 ( 1)  0.202
 175 R   0.00000 1.00000 ( 2)  1.000
 176 I   0.79283 0.20717 ( 1)  0.207
 177 D   0.79975 0.20025 ( 1)  0.200
 178 Y   0.78407 0.21593 ( 1)  0.216
 179 D   0.78863 0.21137 ( 1)  0.211
 180 N   0.00000 1.00000 ( 2)  1.000
 181 P   0.78404 0.21596 ( 1)  0.216
 182 A   0.79524 0.20476 ( 1)  0.205
 183 P   0.00000 1.00000 ( 2)  1.000
 184 E   0.80244 0.19756 ( 1)  0.198
 185 M   0.79583 0.20417 ( 1)  0.204
 186 P   0.79521 0.20479 ( 1)  0.205
 187 P   0.79267 0.20733 ( 1)  0.207
 188 S   0.79393 0.20607 ( 1)  0.206
 189 L   0.78942 0.21058 ( 1)  0.211
 190 R   0.79442 0.20558 ( 1)  0.206
 191 R   0.79442 0.20558 ( 1)  0.206
 192 S   0.79200 0.20800 ( 1)  0.208
 193 Y   0.79285 0.20715 ( 1)  0.207
 194 E   0.80244 0.19756 ( 1)  0.198
 195 Q   0.79659 0.20341 ( 1)  0.203
 196 L   0.79443 0.20557 ( 1)  0.206
 197 H   0.79635 0.20365 ( 1)  0.204
 198 R   0.79657 0.20343 ( 1)  0.203
 199 L   0.79443 0.20557 ( 1)  0.206
 200 A   0.79821 0.20179 ( 1)  0.202
 201 D   0.79975 0.20025 ( 1)  0.200
 202 R   0.79657 0.20343 ( 1)  0.203
 203 T   0.79740 0.20260 ( 1)  0.203
 204 L   0.79443 0.20557 ( 1)  0.206
 205 R   0.79442 0.20558 ( 1)  0.206
 206 L   0.79443 0.20557 ( 1)  0.206
 207 S   0.79200 0.20800 ( 1)  0.208
 208 R   0.79671 0.20329 ( 1)  0.203
 209 E   0.80244 0.19756 ( 1)  0.198
 210 A   0.79821 0.20179 ( 1)  0.202
 211 V   0.79651 0.20349 ( 1)  0.203
 212 T   0.79450 0.20550 ( 1)  0.205
 213 A   0.78504 0.21496 ( 1)  0.215
 214 P   0.79521 0.20479 ( 1)  0.205
 215 A   0.79524 0.20476 ( 1)  0.205
 216 P   0.79521 0.20479 ( 1)  0.205
 217 A   0.78208 0.21792 ( 1)  0.218
 218 A   0.79524 0.20476 ( 1)  0.205
 219 S   0.79554 0.20446 ( 1)  0.204
 220 R   0.78140 0.21860 ( 1)  0.219
 221 L   0.79443 0.20557 ( 1)  0.206
 222 E   0.80244 0.19756 ( 1)  0.198
 223 D   0.79975 0.20025 ( 1)  0.200
 224 D   0.79975 0.20025 ( 1)  0.200
 225 S   0.78763 0.21237 ( 1)  0.212
 226 E   0.80244 0.19756 ( 1)  0.198
 227 D   0.79975 0.20025 ( 1)  0.200
 228 S   0.79554 0.20446 ( 1)  0.204
 229 D   0.79975 0.20025 ( 1)  0.200
 230 A   0.79524 0.20476 ( 1)  0.205
 231 G   0.78245 0.21755 ( 1)  0.218
 232 D   0.79975 0.20025 ( 1)  0.200
 233 E   0.00000 1.00000 ( 2)  1.000
 234 F   0.78339 0.21661 ( 1)  0.217
 235 Q   0.79659 0.20341 ( 1)  0.203
 236 R   0.79442 0.20558 ( 1)  0.206
 237 G   0.79743 0.20257 ( 1)  0.203
 238 Q   0.79659 0.20341 ( 1)  0.203
 239 Q   0.79659 0.20341 ( 1)  0.203
 240 L   0.78479 0.21521 ( 1)  0.215
 241 R   0.78471 0.21529 ( 1)  0.215
 242 W   0.79245 0.20755 ( 1)  0.208
 243 R   0.78471 0.21529 ( 1)  0.215
 244 R   0.79657 0.20343 ( 1)  0.203
 245 A   0.78504 0.21496 ( 1)  0.215
 246 S   0.79393 0.20607 ( 1)  0.206
 247 E   0.80244 0.19756 ( 1)  0.198
 248 G   0.79743 0.20257 ( 1)  0.203
 249 A   0.79524 0.20476 ( 1)  0.205
 250 E   0.80244 0.19756 ( 1)  0.198
 251 F   0.79028 0.20972 ( 1)  0.210
 252 R   0.78241 0.21759 ( 1)  0.218
 253 N   0.78603 0.21397 ( 1)  0.214
 254 D   0.78863 0.21137 ( 1)  0.211
 255 N   0.79645 0.20355 ( 1)  0.204
 256 T   0.78190 0.21810 ( 1)  0.218
 257 E   0.80244 0.19756 ( 1)  0.198
 258 S   0.78563 0.21437 ( 1)  0.214
 259 D   0.78863 0.21137 ( 1)  0.211
 260 E   0.78527 0.21473 ( 1)  0.215
 261 A   0.78504 0.21496 ( 1)  0.215
 262 P   0.78156 0.21844 ( 1)  0.218
 263 D   0.79975 0.20025 ( 1)  0.200
 264 D   0.78863 0.21137 ( 1)  0.211
 265 A   0.79524 0.20476 ( 1)  0.205
 266 A   0.78504 0.21496 ( 1)  0.215
 267 S   0.78124 0.21876 ( 1)  0.219
 268 A   0.78504 0.21496 ( 1)  0.215
 269 S   0.79200 0.20800 ( 1)  0.208
 270 D   0.79975 0.20025 ( 1)  0.200
 271 G   0.78589 0.21411 ( 1)  0.214
 272 G   0.78245 0.21755 ( 1)  0.218
 273 D   0.78863 0.21137 ( 1)  0.211
 274 S   0.79200 0.20800 ( 1)  0.208
 275 G   0.80079 0.19921 ( 1)  0.199
 276 V   0.78551 0.21449 ( 1)  0.214
 277 G   0.79743 0.20257 ( 1)  0.203
 278 G   0.79743 0.20257 ( 1)  0.203
 279 G   0.79743 0.20257 ( 1)  0.203
 280 G   0.79743 0.20257 ( 1)  0.203
 281 G   0.78589 0.21411 ( 1)  0.214
 282 E   0.80244 0.19756 ( 1)  0.198
 283 G   0.78589 0.21411 ( 1)  0.214
 284 G   0.79743 0.20257 ( 1)  0.203
 285 G   0.79743 0.20257 ( 1)  0.203
 286 R   0.78808 0.21192 ( 1)  0.212
 287 G   0.79743 0.20257 ( 1)  0.203
 288 G   0.79743 0.20257 ( 1)  0.203
 289 L   0.79352 0.20648 ( 1)  0.206
 290 C   0.79252 0.20748 ( 1)  0.207
 291 C   0.79252 0.20748 ( 1)  0.207
 292 G   0.79743 0.20257 ( 1)  0.203
 293 L   0.78801 0.21199 ( 1)  0.212
 294 P   0.79521 0.20479 ( 1)  0.205
 295 A   0.79524 0.20476 ( 1)  0.205
 296 T   0.78190 0.21810 ( 1)  0.218
 297 S   0.79393 0.20607 ( 1)  0.206
 298 P   0.78404 0.21596 ( 1)  0.216
 299 R   0.79442 0.20558 ( 1)  0.206
 300 T   0.00000 1.00000 ( 2)  1.000
 301 R   0.79671 0.20329 ( 1)  0.203
 302 L   0.78435 0.21565 ( 1)  0.216
 303 A   0.79821 0.20179 ( 1)  0.202
 304 G   0.79743 0.20257 ( 1)  0.203
 305 Y   0.79285 0.20715 ( 1)  0.207
 306 A   0.79821 0.20179 ( 1)  0.202
 307 E   0.80244 0.19756 ( 1)  0.198
 308 E   0.80244 0.19756 ( 1)  0.198
 309 H   0.79635 0.20365 ( 1)  0.204
 310 A   0.79821 0.20179 ( 1)  0.202
 311 V   0.79651 0.20349 ( 1)  0.203
 312 R   0.79657 0.20343 ( 1)  0.203
 313 V   0.79973 0.20027 ( 1)  0.200
 314 E   0.80244 0.19756 ( 1)  0.198
 315 E   0.80244 0.19756 ( 1)  0.198
 316 E   0.80244 0.19756 ( 1)  0.198
 317 R   0.79442 0.20558 ( 1)  0.206
 318 L   0.79443 0.20557 ( 1)  0.206
 319 R   0.79657 0.20343 ( 1)  0.203
 320 L   0.79443 0.20557 ( 1)  0.206
 321 R   0.79657 0.20343 ( 1)  0.203
 322 R   0.79657 0.20343 ( 1)  0.203
 323 L   0.79443 0.20557 ( 1)  0.206
 324 Q   0.79659 0.20341 ( 1)  0.203
 325 R   0.79442 0.20558 ( 1)  0.206
 326 E   0.80244 0.19756 ( 1)  0.198
 327 R   0.78140 0.21860 ( 1)  0.219
 328 Q   0.78375 0.21625 ( 1)  0.216
 329 L   0.79443 0.20557 ( 1)  0.206
 330 R   0.79657 0.20343 ( 1)  0.203
 331 L   0.79443 0.20557 ( 1)  0.206
 332 A   0.78504 0.21496 ( 1)  0.215
 333 A   0.79524 0.20476 ( 1)  0.205
 334 E   0.80244 0.19756 ( 1)  0.198
 335 A   0.78504 0.21496 ( 1)  0.215
 336 G   0.78589 0.21411 ( 1)  0.214
 337 G   0.80079 0.19921 ( 1)  0.199
 338 R   0.79657 0.20343 ( 1)  0.203
 339 A   0.79524 0.20476 ( 1)  0.205
 340 D   0.79975 0.20025 ( 1)  0.200
 341 G   0.80079 0.19921 ( 1)  0.199
 342 R   0.78101 0.21899 ( 1)  0.219
 343 D   0.79975 0.20025 ( 1)  0.200
 344 T   0.78190 0.21810 ( 1)  0.218
 345 A   0.79821 0.20179 ( 1)  0.202
 346 A   0.79821 0.20179 ( 1)  0.202
 347 A   0.78208 0.21792 ( 1)  0.218
 348 A   0.79524 0.20476 ( 1)  0.205
 349 E   0.80244 0.19756 ( 1)  0.198
 350 T   0.79740 0.20260 ( 1)  0.203
 351 A   0.79821 0.20179 ( 1)  0.202
 352 M   0.79583 0.20417 ( 1)  0.204
 353 L   0.79443 0.20557 ( 1)  0.206
 354 T   0.78190 0.21810 ( 1)  0.218
 355 E   0.80244 0.19756 ( 1)  0.198
 356 R   0.79442 0.20558 ( 1)  0.206
 357 R   0.79442 0.20558 ( 1)  0.206
 358 R   0.79671 0.20329 ( 1)  0.203
 359 Q   0.79659 0.20341 ( 1)  0.203
 360 L   0.79443 0.20557 ( 1)  0.206
 361 E   0.80244 0.19756 ( 1)  0.198
 362 A   0.79821 0.20179 ( 1)  0.202
 363 A   0.79524 0.20476 ( 1)  0.205
 364 Y   0.79285 0.20715 ( 1)  0.207
 365 R   0.79657 0.20343 ( 1)  0.203
 366 Q   0.79659 0.20341 ( 1)  0.203
 367 S   0.79200 0.20800 ( 1)  0.208
 368 E   0.80244 0.19756 ( 1)  0.198
 369 R   0.79657 0.20343 ( 1)  0.203
 370 Q   0.79659 0.20341 ( 1)  0.203
 371 L   0.79443 0.20557 ( 1)  0.206
 372 R   0.79657 0.20343 ( 1)  0.203
 373 D   0.79401 0.20599 ( 1)  0.206
 374 E   0.78527 0.21473 ( 1)  0.215
 375 V   0.78232 0.21768 ( 1)  0.218
 376 G   0.79743 0.20257 ( 1)  0.203
 377 G   0.78245 0.21755 ( 1)  0.218
 378 G   0.78589 0.21411 ( 1)  0.214
 379 R   0.79657 0.20343 ( 1)  0.203
 380 G   0.79743 0.20257 ( 1)  0.203
 381 R   0.79442 0.20558 ( 1)  0.206
 382 G   0.79743 0.20257 ( 1)  0.203
 383 G   0.79743 0.20257 ( 1)  0.203
 384 G   0.79743 0.20257 ( 1)  0.203
 385 L   0.79352 0.20648 ( 1)  0.206
 386 I   0.79283 0.20717 ( 1)  0.207
 387 K   0.79900 0.20100 ( 1)  0.201
 388 S   0.79554 0.20446 ( 1)  0.204
 389 R   0.79657 0.20343 ( 1)  0.203
 390 A   0.79821 0.20179 ( 1)  0.202
 391 R   0.79671 0.20329 ( 1)  0.203
 392 Q   0.79659 0.20341 ( 1)  0.203
 393 C   0.79252 0.20748 ( 1)  0.207
 394 P   0.78404 0.21596 ( 1)  0.216
 395 I   0.78429 0.21571 ( 1)  0.216
 396 K   0.78295 0.21705 ( 1)  0.217
 397 Q   0.79659 0.20341 ( 1)  0.203
 398 A   0.79524 0.20476 ( 1)  0.205
 399 K   0.79900 0.20100 ( 1)  0.201
 400 Q   0.79659 0.20341 ( 1)  0.203
 401 Q   0.79659 0.20341 ( 1)  0.203
 402 R   0.79442 0.20558 ( 1)  0.206
 403 K   0.00000 1.00000 ( 2)  1.000
 404 R   0.79442 0.20558 ( 1)  0.206
 405 C   0.00000 1.00000 ( 2)  1.000
 406 P   0.79521 0.20479 ( 1)  0.205
 407 A   0.78504 0.21496 ( 1)  0.215
 408 A   0.79524 0.20476 ( 1)  0.205
 409 P   0.00000 1.00000 ( 2)  1.000
 410 G   0.79743 0.20257 ( 1)  0.203
 411 D   0.79975 0.20025 ( 1)  0.200
 412 P   0.79267 0.20733 ( 1)  0.207
 413 Q   0.79659 0.20341 ( 1)  0.203
 414 L   0.79443 0.20557 ( 1)  0.206
 415 L   0.79443 0.20557 ( 1)  0.206
 416 P   0.79521 0.20479 ( 1)  0.205
 417 E   0.80244 0.19756 ( 1)  0.198
 418 L   0.79443 0.20557 ( 1)  0.206
 419 L   0.79443 0.20557 ( 1)  0.206
 420 S   0.79200 0.20800 ( 1)  0.208
 421 E   0.80244 0.19756 ( 1)  0.198
 422 F   0.79028 0.20972 ( 1)  0.210
 423 P   0.79267 0.20733 ( 1)  0.207
 424 F   0.79028 0.20972 ( 1)  0.210
 425 L   0.78142 0.21858 ( 1)  0.219
 426 D   0.79975 0.20025 ( 1)  0.200
 427 V   0.79973 0.20027 ( 1)  0.200
 428 S   0.78788 0.21212 ( 1)  0.212
 429 E   0.80244 0.19756 ( 1)  0.198
 430 A   0.79524 0.20476 ( 1)  0.205
 431 T   0.79450 0.20550 ( 1)  0.205
 432 L   0.79352 0.20648 ( 1)  0.206
 433 R   0.79671 0.20329 ( 1)  0.203
 434 Q   0.79659 0.20341 ( 1)  0.203
 435 M   0.79583 0.20417 ( 1)  0.204
 436 R   0.79657 0.20343 ( 1)  0.203
 437 D   0.79975 0.20025 ( 1)  0.200
 438 R   0.79442 0.20558 ( 1)  0.206
 439 L   0.79443 0.20557 ( 1)  0.206
 440 D   0.79975 0.20025 ( 1)  0.200
 441 R   0.79442 0.20558 ( 1)  0.206
 442 H   0.79635 0.20365 ( 1)  0.204
 443 S   0.79554 0.20446 ( 1)  0.204
 444 R   0.79442 0.20558 ( 1)  0.206
 445 H   0.79635 0.20365 ( 1)  0.204
 446 M   0.79583 0.20417 ( 1)  0.204
 447 A   0.79524 0.20476 ( 1)  0.205
 448 A   0.79524 0.20476 ( 1)  0.205
 449 T   0.79740 0.20260 ( 1)  0.203
 450 A   0.79821 0.20179 ( 1)  0.202
 451 A   0.78504 0.21496 ( 1)  0.215
 452 S   0.79393 0.20607 ( 1)  0.206
 453 A   0.78504 0.21496 ( 1)  0.215
 454 S   0.79554 0.20446 ( 1)  0.204
 455 R   0.78140 0.21860 ( 1)  0.219
 456 G   0.79743 0.20257 ( 1)  0.203
 457 A   0.79524 0.20476 ( 1)  0.205
 458 G   0.79743 0.20257 ( 1)  0.203
 459 G   0.79743 0.20257 ( 1)  0.203
 460 R   0.79442 0.20558 ( 1)  0.206
 461 G   0.80079 0.19921 ( 1)  0.199
 462 N   0.79645 0.20355 ( 1)  0.204
 463 K   0.79900 0.20100 ( 1)  0.201
 464 A   0.79821 0.20179 ( 1)  0.202
 465 A   0.79821 0.20179 ( 1)  0.202
 466 A   0.78504 0.21496 ( 1)  0.215
 467 V   0.78551 0.21449 ( 1)  0.214
 468 V   0.79973 0.20027 ( 1)  0.200
 469 A   0.00000 1.00000 ( 2)  1.000
 470 D   0.79975 0.20025 ( 1)  0.200
 471 A   0.79821 0.20179 ( 1)  0.202
 472 E   0.80244 0.19756 ( 1)  0.198
 473 R   0.79657 0.20343 ( 1)  0.203
 474 R   0.79657 0.20343 ( 1)  0.203
 475 Q   0.79659 0.20341 ( 1)  0.203
 476 R   0.79657 0.20343 ( 1)  0.203
 477 L   0.79443 0.20557 ( 1)  0.206
 478 L   0.79443 0.20557 ( 1)  0.206
 479 V   0.79973 0.20027 ( 1)  0.200
 480 E   0.80244 0.19756 ( 1)  0.198
 481 S   0.79393 0.20607 ( 1)  0.206
 482 L   0.79352 0.20648 ( 1)  0.206
 483 R   0.79671 0.20329 ( 1)  0.203
 484 R   0.79657 0.20343 ( 1)  0.203
 485 E   0.80244 0.19756 ( 1)  0.198
 486 A   0.79821 0.20179 ( 1)  0.202
 487 A   0.79524 0.20476 ( 1)  0.205
 488 A   0.78504 0.21496 ( 1)  0.215
 489 A   0.79821 0.20179 ( 1)  0.202
 490 E   0.80244 0.19756 ( 1)  0.198
 491 R   0.79657 0.20343 ( 1)  0.203
 492 Q   0.79659 0.20341 ( 1)  0.203
 493 R   0.79442 0.20558 ( 1)  0.206
 494 E   0.80244 0.19756 ( 1)  0.198
 495 Q   0.79659 0.20341 ( 1)  0.203
 496 S   0.79393 0.20607 ( 1)  0.206
 497 E   0.80244 0.19756 ( 1)  0.198
 498 R   0.79671 0.20329 ( 1)  0.203
 499 R   0.79442 0.20558 ( 1)  0.206
 500 A   0.79821 0.20179 ( 1)  0.202
 501 A   0.79821 0.20179 ( 1)  0.202
 502 A   0.79821 0.20179 ( 1)  0.202
 503 I   0.78443 0.21557 ( 1)  0.216
 504 R   0.78140 0.21860 ( 1)  0.219
 505 V   0.79651 0.20349 ( 1)  0.203
 506 R   0.79657 0.20343 ( 1)  0.203
 507 A   0.78504 0.21496 ( 1)  0.215
 508 L   0.79352 0.20648 ( 1)  0.206
 509 D   0.78863 0.21137 ( 1)  0.211
 510 R   0.79657 0.20343 ( 1)  0.203
 511 E   0.80244 0.19756 ( 1)  0.198
 512 R   0.79657 0.20343 ( 1)  0.203
 513 R   0.79442 0.20558 ( 1)  0.206
 514 S   0.78563 0.21437 ( 1)  0.214
 515 E   0.80244 0.19756 ( 1)  0.198
 516 S   0.79393 0.20607 ( 1)  0.206
 517 A   0.79821 0.20179 ( 1)  0.202
 518 K   0.79900 0.20100 ( 1)  0.201
 519 A   0.79524 0.20476 ( 1)  0.205
 520 R   0.79671 0.20329 ( 1)  0.203
 521 Q   0.79659 0.20341 ( 1)  0.203
 522 Y   0.79285 0.20715 ( 1)  0.207
 523 Y   0.78407 0.21593 ( 1)  0.216
 524 D   0.79975 0.20025 ( 1)  0.200
 525 Q   0.79659 0.20341 ( 1)  0.203
 526 F   0.79028 0.20972 ( 1)  0.210
 527 V   0.78551 0.21449 ( 1)  0.214
 528 A   0.79524 0.20476 ( 1)  0.205
 529 R   0.79671 0.20329 ( 1)  0.203
 530 Q   0.78375 0.21625 ( 1)  0.216
 531 R   0.79657 0.20343 ( 1)  0.203
 532 A   0.78504 0.21496 ( 1)  0.215
 533 R   0.79442 0.20558 ( 1)  0.206
 534 M   0.79583 0.20417 ( 1)  0.204
 535 L   0.79443 0.20557 ( 1)  0.206
 536 A   0.79524 0.20476 ( 1)  0.205
 537 K   0.79900 0.20100 ( 1)  0.201
 538 R   0.79657 0.20343 ( 1)  0.203
 539 S   0.78788 0.21212 ( 1)  0.212
 540 V   0.79973 0.20027 ( 1)  0.200
 541 E   0.80244 0.19756 ( 1)  0.198
 542 E   0.80244 0.19756 ( 1)  0.198
 543 Q   0.79659 0.20341 ( 1)  0.203
 544 V   0.79651 0.20349 ( 1)  0.203
 545 F   0.78339 0.21661 ( 1)  0.217
 546 R   0.79442 0.20558 ( 1)  0.206
 547 R   0.78963 0.21037 ( 1)  0.210
 548 L   0.79443 0.20557 ( 1)  0.206
 549 F   0.79028 0.20972 ( 1)  0.210
 550 T   0.78962 0.21038 ( 1)  0.210
 551 E   0.80244 0.19756 ( 1)  0.198
 552 A   0.79821 0.20179 ( 1)  0.202
 553 L   0.79443 0.20557 ( 1)  0.206
 554 Q   0.79659 0.20341 ( 1)  0.203
 555 L   0.79443 0.20557 ( 1)  0.206
 556 Q   0.79659 0.20341 ( 1)  0.203
 557 R   0.78471 0.21529 ( 1)  0.215
 558 Q   0.79659 0.20341 ( 1)  0.203
 559 R   0.78140 0.21860 ( 1)  0.219
 560 I   0.78443 0.21557 ( 1)  0.216
 561 R   0.79442 0.20558 ( 1)  0.206
 562 E   0.80244 0.19756 ( 1)  0.198
 563 H   0.79635 0.20365 ( 1)  0.204
 564 R   0.79657 0.20343 ( 1)  0.203
 565 T   0.78471 0.21529 ( 1)  0.215
 566 R   0.78140 0.21860 ( 1)  0.219
 567 A   0.79524 0.20476 ( 1)  0.205
 568 R   0.79657 0.20343 ( 1)  0.203
 569 D   0.79975 0.20025 ( 1)  0.200
 570 H   0.79148 0.20852 ( 1)  0.209
 571 Q   0.78375 0.21625 ( 1)  0.216
 572 A   0.79524 0.20476 ( 1)  0.205
 573 E   0.80244 0.19756 ( 1)  0.198
 574 L   0.79443 0.20557 ( 1)  0.206
 575 H   0.79635 0.20365 ( 1)  0.204
 576 K   0.79900 0.20100 ( 1)  0.201
 577 R   0.79657 0.20343 ( 1)  0.203
 578 T   0.79740 0.20260 ( 1)  0.203
 579 A   0.79821 0.20179 ( 1)  0.202
 580 D   0.79975 0.20025 ( 1)  0.200
 581 E   0.78527 0.21473 ( 1)  0.215
 582 V   0.79973 0.20027 ( 1)  0.200
 583 A   0.79524 0.20476 ( 1)  0.205
 584 S   0.79393 0.20607 ( 1)  0.206
 585 M   0.79583 0.20417 ( 1)  0.204
 586 E   0.80244 0.19756 ( 1)  0.198
 587 N   0.78603 0.21397 ( 1)  0.214
 588 F   0.79028 0.20972 ( 1)  0.210
 589 Y   0.79285 0.20715 ( 1)  0.207
 590 R   0.79671 0.20329 ( 1)  0.203
 591 D   0.79975 0.20025 ( 1)  0.200
 592 R   0.79657 0.20343 ( 1)  0.203
 593 F   0.79028 0.20972 ( 1)  0.210
 594 A   0.79524 0.20476 ( 1)  0.205
 595 M   0.79583 0.20417 ( 1)  0.204
 596 L   0.79443 0.20557 ( 1)  0.206
 597 A   0.79524 0.20476 ( 1)  0.205
 598 E   0.80244 0.19756 ( 1)  0.198
 599 S   0.78375 0.21625 ( 1)  0.216
 600 L   0.79443 0.20557 ( 1)  0.206
 601 A   0.79524 0.20476 ( 1)  0.205
 602 T   0.78471 0.21529 ( 1)  0.215
 603 E   0.80244 0.19756 ( 1)  0.198
 604 R   0.79657 0.20343 ( 1)  0.203
 605 R   0.79442 0.20558 ( 1)  0.206
 606 E   0.80244 0.19756 ( 1)  0.198
 607 L   0.79443 0.20557 ( 1)  0.206
 608 Q   0.79659 0.20341 ( 1)  0.203
 609 V   0.79651 0.20349 ( 1)  0.203
 610 R   0.79657 0.20343 ( 1)  0.203
 611 E   0.80244 0.19756 ( 1)  0.198
 612 R   0.78140 0.21860 ( 1)  0.219
 613 A   0.78504 0.21496 ( 1)  0.215
 614 H   0.79635 0.20365 ( 1)  0.204
 615 D   0.79975 0.20025 ( 1)  0.200
 616 H   0.79635 0.20365 ( 1)  0.204
 617 L   0.79443 0.20557 ( 1)  0.206
 618 V   0.79973 0.20027 ( 1)  0.200
 619 R   0.79442 0.20558 ( 1)  0.206
 620 G   0.79743 0.20257 ( 1)  0.203
 621 L   0.79443 0.20557 ( 1)  0.206
 622 S   0.79200 0.20800 ( 1)  0.208
 623 R   0.79442 0.20558 ( 1)  0.206
 624 D   0.79975 0.20025 ( 1)  0.200
 625 L   0.78435 0.21565 ( 1)  0.216
 626 R   0.79442 0.20558 ( 1)  0.206
 627 R   0.79442 0.20558 ( 1)  0.206
 628 R   0.79442 0.20558 ( 1)  0.206
 629 M   0.79583 0.20417 ( 1)  0.204
 630 E   0.80244 0.19756 ( 1)  0.198
 631 T   0.79450 0.20550 ( 1)  0.205
 632 E   0.80244 0.19756 ( 1)  0.198
 633 V   0.79973 0.20027 ( 1)  0.200
 634 R   0.79442 0.20558 ( 1)  0.206
 635 D   0.79975 0.20025 ( 1)  0.200
 636 I   0.79283 0.20717 ( 1)  0.207
 637 Q   0.79659 0.20341 ( 1)  0.203
 638 E   0.80244 0.19756 ( 1)  0.198
 639 Q   0.79659 0.20341 ( 1)  0.203
 640 L   0.79443 0.20557 ( 1)  0.206
 641 A   0.78504 0.21496 ( 1)  0.215
 642 R   0.79442 0.20558 ( 1)  0.206
 643 D   0.79975 0.20025 ( 1)  0.200
 644 Q   0.78375 0.21625 ( 1)  0.216
 645 D   0.79975 0.20025 ( 1)  0.200
 646 D   0.78863 0.21137 ( 1)  0.211
 647 A   0.79524 0.20476 ( 1)  0.205
 648 H   0.79635 0.20365 ( 1)  0.204
 649 F   0.79028 0.20972 ( 1)  0.210
 650 R   0.79671 0.20329 ( 1)  0.203
 651 Q   0.79659 0.20341 ( 1)  0.203
 652 L   0.79443 0.20557 ( 1)  0.206
 653 D   0.79975 0.20025 ( 1)  0.200
 654 A   0.79524 0.20476 ( 1)  0.205
 655 D   0.79975 0.20025 ( 1)  0.200
 656 Q   0.79659 0.20341 ( 1)  0.203
 657 V   0.79973 0.20027 ( 1)  0.200
 658 L   0.79352 0.20648 ( 1)  0.206
 659 A   0.79524 0.20476 ( 1)  0.205
 660 R   0.79671 0.20329 ( 1)  0.203
 661 L   0.78435 0.21565 ( 1)  0.216
 662 Y   0.79285 0.20715 ( 1)  0.207
 663 S   0.79200 0.20800 ( 1)  0.208
 664 R   0.79671 0.20329 ( 1)  0.203
 665 M   0.79583 0.20417 ( 1)  0.204
 666 A   0.79524 0.20476 ( 1)  0.205
 667 E   0.78527 0.21473 ( 1)  0.215
 668 P   0.79521 0.20479 ( 1)  0.205
 669 P   0.79521 0.20479 ( 1)  0.205
 670 R   0.79657 0.20343 ( 1)  0.203
 671 L   0.79352 0.20648 ( 1)  0.206
 672 H   0.78693 0.21307 ( 1)  0.213
 673 A   0.79524 0.20476 ( 1)  0.205
 674 V   0.79973 0.20027 ( 1)  0.200


lnL = -2729.580114

