Supplemental results for CODEML (seqf: algn  treef: tree)


dN/dS (w) for site classes (K=9)

p:   0.10764  0.10764  0.10764  0.10764  0.10764  0.10764  0.10764  0.10764  0.13889
w:   0.13753  0.15760  0.17073  0.18209  0.19322  0.20530  0.22031  0.24571 135.07711

Naive Empirical Bayes (NEB) probabilities for 9 classes & postmean_w & P(w>1)
(amino acids refer to 1st sequence: ecp.17965)

   1 M   0.14580 0.13638 0.13062 0.12588 0.12144 0.11684 0.11142 0.10296 0.00866 ( 1)  1.353  0.009
   2 L   0.08019 0.08965 0.09556 0.10051 0.10520 0.11014 0.11603 0.12545 0.17727 ( 9) 24.104  0.177
   3 A   0.09587 0.10521 0.11082 0.11537 0.11957 0.12385 0.12879 0.13625 0.06428 ( 8)  8.863  0.064
   4 A   0.09360 0.10353 0.10960 0.11460 0.11927 0.12410 0.12977 0.13856 0.06696 ( 8)  9.225  0.067
   5 G   0.09727 0.10605 0.11123 0.11538 0.11917 0.12299 0.12732 0.13372 0.06686 ( 8)  9.210  0.067
   6 Q   0.08454 0.09292 0.09798 0.10211 0.10594 0.10987 0.11444 0.12145 0.17073 ( 9) 23.221  0.171
   7 D   0.13770 0.13171 0.12797 0.12484 0.12187 0.11874 0.11500 0.10899 0.01317 ( 1)  1.964  0.013
   8 P   0.06938 0.07756 0.08268 0.08697 0.09105 0.09534 0.10049 0.10874 0.28780 ( 9) 39.013  0.288
   9 Q   0.09180 0.10068 0.10600 0.11031 0.11429 0.11834 0.12300 0.13004 0.10555 ( 8) 14.429  0.106
  10 E   0.14146 0.13360 0.12877 0.12478 0.12104 0.11714 0.11254 0.10532 0.01535 ( 1)  2.257  0.015
  11 L   0.13013 0.12785 0.12639 0.12514 0.12393 0.12263 0.12104 0.11841 0.00448 ( 1)  0.792  0.004
  12 V   0.13620 0.13105 0.12782 0.12511 0.12253 0.11980 0.11652 0.11123 0.00974 ( 1)  1.501  0.010
  13 L   0.13176 0.12858 0.12656 0.12484 0.12319 0.12144 0.11930 0.11580 0.00852 ( 1)  1.338  0.009
  14 R   0.13205 0.12862 0.12644 0.12459 0.12280 0.12090 0.11859 0.11481 0.01118 ( 1)  1.696  0.011
  15 K   0.08148 0.08967 0.09462 0.09867 0.10244 0.10631 0.11082 0.11777 0.19823 ( 9) 26.930  0.198
  16 V   0.13640 0.13077 0.12725 0.12430 0.12150 0.11854 0.11500 0.10932 0.01691 ( 1)  2.467  0.017
  17 I   0.13381 0.12937 0.12657 0.12421 0.12196 0.11957 0.11670 0.11205 0.01576 ( 1)  2.314  0.016
  18 E   0.13984 0.13249 0.12797 0.12423 0.12070 0.11703 0.11268 0.10583 0.01923 ( 1)  2.780  0.019
  19 T   0.09587 0.10521 0.11082 0.11537 0.11957 0.12385 0.12879 0.13625 0.06428 ( 8)  8.863  0.064
  20 I   0.13500 0.13039 0.12749 0.12505 0.12271 0.12025 0.11727 0.11246 0.00938 ( 1)  1.452  0.009
  21 S   0.13281 0.12958 0.12752 0.12576 0.12406 0.12225 0.12004 0.11640 0.00157 ( 1)  0.399  0.002
  22 Q   0.13591 0.13029 0.12679 0.12387 0.12109 0.11817 0.11469 0.10911 0.02007 ( 1)  2.894  0.020
  23 G   0.09482 0.10483 0.11094 0.11597 0.12066 0.12552 0.13120 0.14001 0.05603 ( 8)  7.751  0.056
  24 K   0.08282 0.09133 0.09651 0.10075 0.10472 0.10881 0.11359 0.12100 0.18048 ( 9) 24.536  0.180
  25 Q   0.13687 0.13096 0.12729 0.12423 0.12133 0.11829 0.11466 0.10887 0.01750 ( 1)  2.547  0.017
  26 Y   0.13461 0.13057 0.12801 0.12584 0.12375 0.12153 0.11883 0.11442 0.00244 ( 1)  0.517  0.002
  27 R   0.13443 0.12974 0.12679 0.12431 0.12194 0.11944 0.11642 0.11154 0.01539 ( 1)  2.263  0.015
  28 N   0.13940 0.13268 0.12852 0.12505 0.12177 0.11834 0.11425 0.10775 0.01224 ( 1)  1.838  0.012
  29 I   0.09518 0.10362 0.10858 0.11254 0.11614 0.11975 0.12383 0.12980 0.09056 ( 8) 12.408  0.091
  30 Q   0.13687 0.13096 0.12729 0.12423 0.12133 0.11829 0.11466 0.10887 0.01750 ( 1)  2.547  0.017
  31 H   0.13708 0.13160 0.12816 0.12528 0.12254 0.11964 0.11617 0.11058 0.00894 ( 1)  1.393  0.009
  32 S   0.13607 0.13099 0.12779 0.12509 0.12252 0.11980 0.11652 0.11120 0.01003 ( 1)  1.540  0.010
  33 T   0.13914 0.13277 0.12879 0.12547 0.12231 0.11900 0.11504 0.10870 0.00879 ( 1)  1.373  0.009
  34 H   0.09180 0.10068 0.10600 0.11031 0.11429 0.11834 0.12300 0.13004 0.10555 ( 8) 14.429  0.106
  35 M   0.14580 0.13638 0.13062 0.12588 0.12144 0.11684 0.11142 0.10296 0.00866 ( 1)  1.353  0.009
  36 Y   0.13369 0.13005 0.12774 0.12578 0.12388 0.12186 0.11941 0.11538 0.00220 ( 1)  0.485  0.002
  37 L   0.12130 0.11874 0.11712 0.11576 0.11445 0.11307 0.11141 0.10870 0.07945 ( 1) 10.905  0.079
  38 N   0.13879 0.13239 0.12841 0.12509 0.12194 0.11864 0.11471 0.10843 0.01161 ( 1)  1.753  0.012
  39 K   0.00664 0.00869 0.01017 0.01153 0.01294 0.01456 0.01668 0.02056 0.89822 ( 9) 121.350  0.898
  40 T   0.13301 0.12955 0.12734 0.12547 0.12367 0.12174 0.11941 0.11557 0.00423 ( 1)  0.758  0.004
  41 T   0.00483 0.00629 0.00733 0.00830 0.00930 0.01045 0.01195 0.01470 0.92685 ( 9) 125.211  0.927
  42 T   0.09240 0.10269 0.10905 0.11431 0.11928 0.12445 0.13057 0.14021 0.06703 ( 8)  9.235  0.067
  43 K   0.01522 0.01942 0.02236 0.02503 0.02774 0.03079 0.03471 0.04167 0.78307 ( 9) 105.818  0.783
  44 K   0.08650 0.09460 0.09944 0.10336 0.10697 0.11065 0.11489 0.12131 0.16230 ( 9) 22.084  0.162
  45 K   0.13863 0.13142 0.12700 0.12335 0.11993 0.11638 0.11219 0.10562 0.02548 ( 1)  3.623  0.025
  46 V   0.00905 0.01170 0.01358 0.01531 0.01708 0.01910 0.02172 0.02647 0.86598 ( 9) 117.001  0.866
  47 P   0.04424 0.05089 0.05524 0.05899 0.06267 0.06665 0.07156 0.07983 0.50993 ( 9) 68.975  0.510
  48 C   0.05215 0.05836 0.06225 0.06551 0.06862 0.07190 0.07582 0.08213 0.46325 ( 9) 62.678  0.463
  49 G   0.13285 0.12839 0.12557 0.12319 0.12091 0.11849 0.11557 0.11082 0.02421 ( 1)  3.453  0.024
  50 R   0.10414 0.10075 0.09866 0.09693 0.09529 0.09358 0.09156 0.08837 0.23072 ( 9) 31.309  0.231

Positively selected sites

	Prob(w>1)  mean w

    39 K      0.898         121.350
    41 T      0.927         125.211
    43 K      0.783         105.818
    46 V      0.866         117.001
    47 P      0.510         68.975


lnL =  -329.053247

Bayes Empirical Bayes (BEB) probabilities for 11 classes (class) & postmean_w
(amino acids refer to 1st sequence: ecp.17965)

   1 M   0.57516 0.15515 0.08956 0.05675 0.03780 0.02602 0.01830 0.01301 0.00924 0.00813 0.01089 ( 1)  0.222 +-  0.661
   2 L   0.09817 0.08207 0.09190 0.09387 0.09090 0.08476 0.07655 0.06701 0.05678 0.05905 0.19894 (11)  1.515 +-  2.513
   3 A   0.15169 0.11275 0.11547 0.10876 0.09781 0.08522 0.07233 0.05984 0.04823 0.04894 0.09895 ( 1)  0.895 +-  1.786
   4 A   0.13539 0.10406 0.11041 0.10745 0.09953 0.08904 0.07734 0.06525 0.05344 0.05450 0.10360 ( 1)  0.921 +-  1.782
   5 G   0.16413 0.11862 0.11804 0.10849 0.09558 0.08188 0.06856 0.05613 0.04489 0.04547 0.09822 ( 1)  0.893 +-  1.818
   6 Q   0.12421 0.09575 0.09951 0.09547 0.08780 0.07852 0.06864 0.05863 0.04884 0.05075 0.19189 (11)  1.480 +-  2.537
   7 D   0.51708 0.15194 0.09658 0.06660 0.04760 0.03464 0.02540 0.01858 0.01346 0.01212 0.01601 ( 1)  0.278 +-  0.800
   8 P   0.08622 0.07351 0.08278 0.08526 0.08344 0.07877 0.07213 0.06405 0.05505 0.05788 0.26091 (11)  1.929 +-  2.890
   9 Q   0.14519 0.10886 0.11136 0.10481 0.09426 0.08222 0.06997 0.05811 0.04709 0.04803 0.13011 ( 1)  1.102 +-  2.123
  10 E   0.54313 0.15114 0.09125 0.06062 0.04233 0.03049 0.02237 0.01653 0.01216 0.01109 0.01888 ( 1)  0.283 +-  0.867
  11 L   0.43727 0.14119 0.10087 0.07763 0.06138 0.04895 0.03895 0.03064 0.02364 0.02261 0.01685 ( 1)  0.300 +-  0.600
  12 V   0.50063 0.15015 0.09798 0.06929 0.05070 0.03768 0.02815 0.02093 0.01537 0.01402 0.01509 ( 1)  0.276 +-  0.733
  13 L   0.45522 0.14356 0.09964 0.07469 0.05768 0.04509 0.03527 0.02737 0.02089 0.01980 0.02079 ( 1)  0.319 +-  0.776
  14 R   0.46506 0.14586 0.10032 0.07440 0.05678 0.04378 0.03375 0.02577 0.01934 0.01803 0.01691 ( 1)  0.302 +-  0.750
  15 K   0.11939 0.09297 0.09722 0.09375 0.08659 0.07773 0.06814 0.05833 0.04868 0.05062 0.20657 (11)  1.584 +-  2.646
  16 V   0.50671 0.15008 0.09640 0.06722 0.04862 0.03585 0.02666 0.01980 0.01457 0.01333 0.02073 ( 1)  0.310 +-  0.908
  17 I   0.48338 0.14742 0.09825 0.07092 0.05292 0.04009 0.03049 0.02306 0.01720 0.01595 0.02033 ( 1)  0.316 +-  0.869
  18 E   0.53346 0.15038 0.09206 0.06188 0.04361 0.03164 0.02334 0.01731 0.01277 0.01169 0.02185 ( 1)  0.306 +-  0.948
  19 T   0.15169 0.11275 0.11547 0.10876 0.09781 0.08522 0.07233 0.05984 0.04823 0.04894 0.09895 ( 1)  0.895 +-  1.786
  20 I   0.48803 0.14835 0.09843 0.07074 0.05256 0.03966 0.03006 0.02267 0.01687 0.01561 0.01699 ( 1)  0.290 +-  0.752
  21 S   0.46570 0.14700 0.10177 0.07582 0.05800 0.04475 0.03444 0.02620 0.01955 0.01811 0.00866 ( 1)  0.250 +-  0.411
  22 Q   0.50242 0.14832 0.09542 0.06690 0.04881 0.03639 0.02741 0.02064 0.01540 0.01428 0.02403 ( 1)  0.331 +-  0.976
  23 G   0.13858 0.10586 0.11201 0.10874 0.10050 0.08971 0.07776 0.06548 0.05352 0.05452 0.09332 ( 1)  0.856 +-  1.665
  24 K   0.11777 0.09233 0.09741 0.09467 0.08802 0.07943 0.06992 0.06004 0.05020 0.05219 0.19804 (11)  1.521 +-  2.569
  25 Q   0.50755 0.14868 0.09491 0.06613 0.04805 0.03573 0.02688 0.02025 0.01512 0.01403 0.02266 ( 1)  0.318 +-  0.933
  26 Y   0.48445 0.14996 0.10120 0.07353 0.05491 0.04139 0.03116 0.02322 0.01699 0.01543 0.00776 ( 1)  0.240 +-  0.444
  27 R   0.48873 0.14820 0.09802 0.07023 0.05204 0.03916 0.02962 0.02229 0.01655 0.01529 0.01989 ( 1)  0.312 +-  0.868
  28 N   0.52761 0.15184 0.09461 0.06430 0.04555 0.03303 0.02424 0.01783 0.01301 0.01180 0.01620 ( 1)  0.273 +-  0.791
  29 I   0.16359 0.11824 0.11695 0.10679 0.09350 0.07965 0.06638 0.05415 0.04321 0.04378 0.11376 ( 1)  1.002 +-  2.018
  30 Q   0.50755 0.14868 0.09491 0.06613 0.04805 0.03573 0.02688 0.02025 0.01512 0.01403 0.02266 ( 1)  0.318 +-  0.933
  31 H   0.50765 0.15116 0.09762 0.06832 0.04950 0.03649 0.02707 0.02003 0.01465 0.01332 0.01419 ( 1)  0.267 +-  0.707
  32 S   0.50292 0.15151 0.09894 0.06976 0.05072 0.03737 0.02760 0.02025 0.01464 0.01315 0.01314 ( 1)  0.267 +-  0.710
  33 T   0.52614 0.15329 0.09636 0.06572 0.04646 0.03346 0.02429 0.01761 0.01264 0.01128 0.01277 ( 1)  0.253 +-  0.694
  34 H   0.14519 0.10886 0.11136 0.10481 0.09426 0.08222 0.06997 0.05811 0.04709 0.04803 0.13011 ( 1)  1.102 +-  2.123
  35 M   0.57516 0.15515 0.08956 0.05675 0.03780 0.02602 0.01830 0.01301 0.00924 0.00813 0.01089 ( 1)  0.222 +-  0.661
  36 Y   0.47504 0.14848 0.10148 0.07467 0.05644 0.04305 0.03278 0.02469 0.01825 0.01674 0.00838 ( 1)  0.246 +-  0.440
  37 L   0.40987 0.13080 0.09239 0.07091 0.05640 0.04563 0.03712 0.03006 0.02401 0.02379 0.07904 ( 1)  0.705 +-  1.783
  38 N   0.52288 0.15182 0.09545 0.06532 0.04649 0.03381 0.02485 0.01827 0.01332 0.01207 0.01572 ( 1)  0.272 +-  0.775
  39 K   0.00279 0.00900 0.01881 0.02934 0.03915 0.04720 0.05272 0.05516 0.05420 0.06133 0.63028 (11)  4.232 +-  3.544
  40 T   0.46772 0.14666 0.10081 0.07469 0.05692 0.04382 0.03372 0.02570 0.01924 0.01789 0.01283 ( 1)  0.272 +-  0.581
  41 T   0.00233 0.00732 0.01515 0.02374 0.03210 0.03941 0.04495 0.04807 0.04829 0.05592 0.68273 (11)  4.546 +-  3.526
  42 T   0.12400 0.09765 0.10592 0.10521 0.09930 0.09039 0.07977 0.06829 0.05664 0.05812 0.11472 ( 1)  0.975 +-  1.828
  43 K   0.00612 0.01651 0.03066 0.04354 0.05383 0.06091 0.06450 0.06449 0.06098 0.06702 0.53144 (11)  3.616 +-  3.499
  44 K   0.13260 0.09962 0.10136 0.09569 0.08700 0.07722 0.06718 0.05723 0.04763 0.04955 0.18493 (11)  1.433 +-  2.501
  45 K   0.52363 0.14700 0.09052 0.06167 0.04432 0.03291 0.02489 0.01894 0.01431 0.01339 0.02842 ( 1)  0.349 +-  1.076
  46 V   0.00373 0.01107 0.02193 0.03296 0.04283 0.05065 0.05577 0.05774 0.05629 0.06333 0.60370 (11)  4.055 +-  3.535
  47 P   0.04396 0.04536 0.05829 0.06681 0.07145 0.07265 0.07080 0.06623 0.05940 0.06360 0.38146 (11)  2.698 +-  3.293
  48 C   0.06923 0.06144 0.06994 0.07258 0.07151 0.06795 0.06266 0.05611 0.04869 0.05179 0.36810 (11)  2.640 +-  3.327
  49 G   0.48345 0.14780 0.09819 0.07042 0.05208 0.03904 0.02936 0.02195 0.01620 0.01489 0.02661 ( 1)  0.359 +-  1.056
  50 R   0.37270 0.11419 0.07720 0.05769 0.04552 0.03723 0.03113 0.02625 0.02205 0.02299 0.19306 ( 1)  1.446 +-  2.754

Positively selected sites

	Prob(w>1)  mean w

    39 K      0.630         4.232 +- 3.544
    41 T      0.683         4.546 +- 3.526
    43 K      0.531         3.616 +- 3.499
    46 V      0.604         4.055 +- 3.535

