Supplemental results for CODEML (seqf: algn  treef: tree)


dN/dS (w) for site classes (K=3)

p:   0.85439  0.00344  0.14217
w:   0.00000  1.00000  1.56752

Naive Empirical Bayes (NEB) probabilities for 3 classes & postmean_w & P(w>1)
(amino acids refer to 1st sequence: spe.18895)

   1 M   0.87136 0.00320 0.12545 ( 1)  0.200  0.125
   2 S   0.86179 0.00334 0.13487 ( 1)  0.215  0.135
   3 V   0.86494 0.00329 0.13177 ( 1)  0.210  0.132
   4 E   0.86454 0.00330 0.13217 ( 1)  0.210  0.132
   5 D   0.87319 0.00317 0.12365 ( 1)  0.197  0.124
   6 T   0.87966 0.00307 0.11727 ( 1)  0.187  0.117
   7 S   0.87197 0.00319 0.12484 ( 1)  0.199  0.125
   8 S   0.87322 0.00317 0.12362 ( 1)  0.197  0.124
   9 G   0.86179 0.00333 0.13487 ( 1)  0.215  0.135
  10 G   0.00000 0.01581 0.98418 ( 3)  1.559  0.984
  11 S   0.86956 0.00322 0.12721 ( 1)  0.203  0.127
  12 G   0.86651 0.00327 0.13023 ( 1)  0.207  0.130
  13 A   0.88172 0.00303 0.11525 ( 1)  0.184  0.115
  14 E   0.86254 0.00332 0.13414 ( 1)  0.214  0.134
  15 A   0.86876 0.00323 0.12801 ( 1)  0.204  0.128
  16 A   0.86876 0.00323 0.12801 ( 1)  0.204  0.128
  17 V   0.87512 0.00313 0.12175 ( 1)  0.194  0.122
  18 T   0.86740 0.00325 0.12934 ( 1)  0.206  0.129
  19 P   0.86220 0.00333 0.13447 ( 1)  0.214  0.134
  20 A   0.86876 0.00323 0.12801 ( 1)  0.204  0.128
  21 T   0.86740 0.00325 0.12934 ( 1)  0.206  0.129
  22 T   0.87966 0.00307 0.11727 ( 1)  0.187  0.117
  23 S   0.87197 0.00319 0.12484 ( 1)  0.199  0.125
  24 V   0.86494 0.00329 0.13177 ( 1)  0.210  0.132
  25 A   0.88172 0.00303 0.11525 ( 1)  0.184  0.115
  26 R   0.85748 0.00340 0.13913 ( 1)  0.221  0.139
  27 I   0.87707 0.00311 0.11983 ( 1)  0.191  0.120
  28 F   0.87115 0.00320 0.12565 ( 1)  0.200  0.126
  29 L   0.87377 0.00316 0.12307 ( 1)  0.196  0.123
  30 L   0.85935 0.00337 0.13728 ( 1)  0.219  0.137
  31 S   0.86864 0.00324 0.12813 ( 1)  0.204  0.128
  32 G   0.86651 0.00327 0.13023 ( 1)  0.207  0.130
  33 G   0.86651 0.00327 0.13023 ( 1)  0.207  0.130
  34 V   0.87512 0.00313 0.12175 ( 1)  0.194  0.122
  35 A   0.87672 0.00311 0.12017 ( 1)  0.191  0.120
  36 L   0.87377 0.00316 0.12307 ( 1)  0.196  0.123
  37 F   0.87115 0.00320 0.12565 ( 1)  0.200  0.126
  38 L   0.86059 0.00335 0.13606 ( 1)  0.217  0.136
  39 L   0.87007 0.00321 0.12672 ( 1)  0.202  0.127
  40 I   0.87707 0.00311 0.11983 ( 1)  0.191  0.120
  41 V   0.87971 0.00306 0.11723 ( 1)  0.187  0.117
  42 F   0.87497 0.00314 0.12189 ( 1)  0.194  0.122
  43 T   0.87966 0.00307 0.11727 ( 1)  0.187  0.117
  44 A   0.86876 0.00323 0.12801 ( 1)  0.204  0.128
  45 V   0.87971 0.00306 0.11723 ( 1)  0.187  0.117
  46 I   0.88220 0.00303 0.11477 ( 1)  0.183  0.115
  47 S   0.87322 0.00317 0.12362 ( 1)  0.197  0.124
  48 C   0.86667 0.00326 0.13007 ( 1)  0.207  0.130
  49 K   0.86113 0.00334 0.13552 ( 1)  0.216  0.136
  50 R   0.86362 0.00331 0.13307 ( 1)  0.212  0.133
  51 Q   0.85974 0.00336 0.13689 ( 1)  0.218  0.137
  52 L   0.85965 0.00337 0.13698 ( 1)  0.218  0.137
  53 A   0.87923 0.00307 0.11770 ( 1)  0.188  0.118
  54 R   0.86590 0.00328 0.13082 ( 1)  0.208  0.131
  55 A   0.88172 0.00303 0.11525 ( 1)  0.184  0.115
  56 C   0.86427 0.00330 0.13243 ( 1)  0.211  0.132
  57 R   0.86362 0.00331 0.13307 ( 1)  0.212  0.133
  58 L   0.87377 0.00316 0.12307 ( 1)  0.196  0.123
  59 T   0.86459 0.00330 0.13211 ( 1)  0.210  0.132
  60 L   0.87007 0.00321 0.12672 ( 1)  0.202  0.127
  61 I   0.87707 0.00311 0.11983 ( 1)  0.191  0.120
  62 V   0.87512 0.00313 0.12175 ( 1)  0.194  0.122
  63 L   0.87377 0.00316 0.12307 ( 1)  0.196  0.123
  64 C   0.86427 0.00330 0.13243 ( 1)  0.211  0.132
  65 V   0.87971 0.00306 0.11723 ( 1)  0.187  0.117
  66 I   0.88220 0.00303 0.11477 ( 1)  0.183  0.115
  67 C   0.86667 0.00326 0.13007 ( 1)  0.207  0.130
  68 T   0.86740 0.00325 0.12934 ( 1)  0.206  0.129
  69 T   0.87486 0.00314 0.12199 ( 1)  0.194  0.122
  70 G   0.86942 0.00322 0.12736 ( 1)  0.203  0.127
  71 F   0.87300 0.00317 0.12383 ( 1)  0.197  0.124
  72 C   0.86427 0.00330 0.13243 ( 1)  0.211  0.132
  73 A   0.87672 0.00311 0.12017 ( 1)  0.191  0.120
  74 F   0.87497 0.00314 0.12189 ( 1)  0.194  0.122
  75 L   0.87007 0.00321 0.12672 ( 1)  0.202  0.127
  76 L   0.87007 0.00321 0.12672 ( 1)  0.202  0.127
  77 V   0.87971 0.00306 0.11723 ( 1)  0.187  0.117
  78 Y   0.86442 0.00330 0.13228 ( 1)  0.211  0.132
  79 L   0.85923 0.00337 0.13740 ( 1)  0.219  0.137
  80 G   0.86037 0.00336 0.13627 ( 1)  0.217  0.136
  81 L   0.86479 0.00329 0.13191 ( 1)  0.210  0.132
  82 G   0.86179 0.00333 0.13487 ( 1)  0.215  0.135
  83 A   0.88172 0.00303 0.11525 ( 1)  0.184  0.115
  84 R   0.86590 0.00328 0.13082 ( 1)  0.208  0.131
  85 E   0.86454 0.00330 0.13217 ( 1)  0.210  0.132
  86 L   0.85923 0.00337 0.13740 ( 1)  0.219  0.137
  87 R   0.85867 0.00338 0.13795 ( 1)  0.220  0.138
  88 L   0.86040 0.00335 0.13625 ( 1)  0.217  0.136
  89 A   0.87672 0.00311 0.12017 ( 1)  0.191  0.120
  90 L   0.87377 0.00316 0.12307 ( 1)  0.196  0.123
  91 G   0.86942 0.00322 0.12736 ( 1)  0.203  0.127
  92 D   0.86961 0.00322 0.12716 ( 1)  0.203  0.127
  93 Q   0.85868 0.00338 0.13794 ( 1)  0.220  0.138
  94 V   0.86776 0.00325 0.12899 ( 1)  0.205  0.129
  95 V   0.87971 0.00306 0.11723 ( 1)  0.187  0.117
  96 L   0.87007 0.00321 0.12672 ( 1)  0.202  0.127
  97 I   0.87182 0.00319 0.12499 ( 1)  0.199  0.125
  98 P   0.87392 0.00316 0.12292 ( 1)  0.196  0.123
  99 G   0.00000 0.01583 0.98416 ( 3)  1.559  0.984
 100 A   0.88172 0.00303 0.11525 ( 1)  0.184  0.115
 101 A   0.88172 0.00303 0.11525 ( 1)  0.184  0.115
 102 S   0.86361 0.00331 0.13308 ( 1)  0.212  0.133
 103 E   0.86254 0.00332 0.13414 ( 1)  0.214  0.134
 104 G   0.86942 0.00322 0.12736 ( 1)  0.203  0.127
 105 V   0.86776 0.00325 0.12899 ( 1)  0.205  0.129
 106 A   0.88172 0.00303 0.11525 ( 1)  0.184  0.115
 107 A   0.88172 0.00303 0.11525 ( 1)  0.184  0.115
 108 S   0.86864 0.00324 0.12813 ( 1)  0.204  0.128
 109 A   0.88172 0.00303 0.11525 ( 1)  0.184  0.115

Positively selected sites

	Prob(w>1)  mean w

    10 G      0.984*        1.559
    99 G      0.984*        1.559


lnL =  -462.618670

Bayes Empirical Bayes (BEB) probabilities for 3 classes (class) & postmean_w
(amino acids refer to 1st sequence: spe.18895)

   1 M   0.73273 0.20199 0.06528 ( 1)  0.545 +-  0.882
   2 S   0.72115 0.20542 0.07343 ( 1)  0.587 +-  1.000
   3 V   0.72475 0.20424 0.07101 ( 1)  0.575 +-  0.969
   4 E   0.72459 0.20450 0.07091 ( 1)  0.574 +-  0.963
   5 D   0.73477 0.20123 0.06400 ( 1)  0.539 +-  0.865
   6 T   0.74201 0.19845 0.05954 ( 1)  0.518 +-  0.806
   7 S   0.73329 0.20168 0.06503 ( 1)  0.544 +-  0.881
   8 S   0.73471 0.20118 0.06411 ( 1)  0.540 +-  0.868
   9 G   0.72102 0.20537 0.07361 ( 1)  0.588 +-  1.005
  10 G   0.28583 0.34298 0.37119 ( 3)  2.138 +-  2.592
  11 S   0.73051 0.20263 0.06687 ( 1)  0.553 +-  0.906
  12 G   0.72661 0.20367 0.06972 ( 1)  0.568 +-  0.951
  13 A   0.74341 0.19716 0.05943 ( 1)  0.520 +-  0.823
  14 E   0.72212 0.20519 0.07269 ( 1)  0.583 +-  0.989
  15 A   0.72929 0.20284 0.06787 ( 1)  0.559 +-  0.925
  16 A   0.72929 0.20284 0.06787 ( 1)  0.559 +-  0.925
  17 V   0.73601 0.20004 0.06395 ( 1)  0.541 +-  0.882
  18 T   0.72801 0.20346 0.06853 ( 1)  0.562 +-  0.929
  19 P   0.72162 0.20527 0.07311 ( 1)  0.585 +-  0.996
  20 A   0.72929 0.20284 0.06787 ( 1)  0.559 +-  0.925
  21 T   0.72801 0.20346 0.06853 ( 1)  0.562 +-  0.929
  22 T   0.74201 0.19845 0.05954 ( 1)  0.518 +-  0.806
  23 S   0.73329 0.20168 0.06503 ( 1)  0.544 +-  0.881
  24 V   0.72475 0.20424 0.07101 ( 1)  0.575 +-  0.969
  25 A   0.74341 0.19716 0.05943 ( 1)  0.520 +-  0.823
  26 R   0.71564 0.20677 0.07758 ( 1)  0.609 +-  1.061
  27 I   0.73902 0.19955 0.06143 ( 1)  0.527 +-  0.833
  28 F   0.73230 0.20199 0.06572 ( 1)  0.548 +-  0.891
  29 L   0.73497 0.20080 0.06423 ( 1)  0.541 +-  0.877
  30 L   0.71770 0.20609 0.07620 ( 1)  0.603 +-  1.047
  31 S   0.72943 0.20299 0.06758 ( 1)  0.557 +-  0.916
  32 G   0.72661 0.20367 0.06972 ( 1)  0.568 +-  0.951
  33 G   0.72661 0.20367 0.06972 ( 1)  0.568 +-  0.951
  34 V   0.73601 0.20004 0.06395 ( 1)  0.541 +-  0.882
  35 A   0.73810 0.19948 0.06242 ( 1)  0.533 +-  0.857
  36 L   0.73497 0.20080 0.06423 ( 1)  0.541 +-  0.877
  37 F   0.73230 0.20199 0.06572 ( 1)  0.548 +-  0.891
  38 L   0.71955 0.20578 0.07467 ( 1)  0.594 +-  1.020
  39 L   0.73083 0.20233 0.06684 ( 1)  0.554 +-  0.911
  40 I   0.73902 0.19955 0.06143 ( 1)  0.527 +-  0.833
  41 V   0.74083 0.19791 0.06126 ( 1)  0.529 +-  0.853
  42 F   0.73661 0.20042 0.06298 ( 1)  0.535 +-  0.855
  43 T   0.74201 0.19845 0.05954 ( 1)  0.518 +-  0.806
  44 A   0.72929 0.20284 0.06787 ( 1)  0.559 +-  0.925
  45 V   0.74083 0.19791 0.06126 ( 1)  0.529 +-  0.853
  46 I   0.74464 0.19724 0.05812 ( 1)  0.512 +-  0.791
  47 S   0.73471 0.20118 0.06411 ( 1)  0.540 +-  0.868
  48 C   0.72706 0.20371 0.06923 ( 1)  0.565 +-  0.940
  49 K   0.72038 0.20565 0.07396 ( 1)  0.590 +-  1.007
  50 R   0.72333 0.20477 0.07190 ( 1)  0.579 +-  0.979
  51 Q   0.71860 0.20609 0.07531 ( 1)  0.597 +-  1.027
  52 L   0.71847 0.20611 0.07542 ( 1)  0.597 +-  1.029
  53 A   0.74075 0.19832 0.06093 ( 1)  0.526 +-  0.840
  54 R   0.72605 0.20395 0.07000 ( 1)  0.569 +-  0.953
  55 A   0.74341 0.19716 0.05943 ( 1)  0.520 +-  0.823
  56 C   0.72419 0.20457 0.07125 ( 1)  0.576 +-  0.969
  57 R   0.72333 0.20477 0.07190 ( 1)  0.579 +-  0.979
  58 L   0.73497 0.20080 0.06423 ( 1)  0.541 +-  0.877
  59 T   0.72463 0.20447 0.07090 ( 1)  0.574 +-  0.963
  60 L   0.73083 0.20233 0.06684 ( 1)  0.554 +-  0.911
  61 I   0.73902 0.19955 0.06143 ( 1)  0.527 +-  0.833
  62 V   0.73601 0.20004 0.06395 ( 1)  0.541 +-  0.882
  63 L   0.73497 0.20080 0.06423 ( 1)  0.541 +-  0.877
  64 C   0.72419 0.20457 0.07125 ( 1)  0.576 +-  0.969
  65 V   0.74083 0.19791 0.06126 ( 1)  0.529 +-  0.853
  66 I   0.74464 0.19724 0.05812 ( 1)  0.512 +-  0.791
  67 C   0.72706 0.20371 0.06923 ( 1)  0.565 +-  0.940
  68 T   0.72801 0.20346 0.06853 ( 1)  0.562 +-  0.929
  69 T   0.73665 0.20052 0.06283 ( 1)  0.534 +-  0.849
  70 G   0.72992 0.20253 0.06755 ( 1)  0.558 +-  0.923
  71 F   0.73425 0.20119 0.06456 ( 1)  0.543 +-  0.878
  72 C   0.72419 0.20457 0.07125 ( 1)  0.576 +-  0.969
  73 A   0.73810 0.19948 0.06242 ( 1)  0.533 +-  0.857
  74 F   0.73661 0.20042 0.06298 ( 1)  0.535 +-  0.855
  75 L   0.73083 0.20233 0.06684 ( 1)  0.554 +-  0.911
  76 L   0.73083 0.20233 0.06684 ( 1)  0.554 +-  0.911
  77 V   0.74083 0.19791 0.06126 ( 1)  0.529 +-  0.853
  78 Y   0.72447 0.20455 0.07098 ( 1)  0.574 +-  0.963
  79 L   0.71787 0.20622 0.07591 ( 1)  0.600 +-  1.037
  80 G   0.71930 0.20585 0.07485 ( 1)  0.595 +-  1.022
  81 L   0.72459 0.20430 0.07111 ( 1)  0.575 +-  0.971
  82 G   0.72102 0.20537 0.07361 ( 1)  0.588 +-  1.005
  83 A   0.74341 0.19716 0.05943 ( 1)  0.520 +-  0.823
  84 R   0.72605 0.20395 0.07000 ( 1)  0.569 +-  0.953
  85 E   0.72459 0.20450 0.07091 ( 1)  0.574 +-  0.963
  86 L   0.71787 0.20622 0.07591 ( 1)  0.600 +-  1.037
  87 R   0.71718 0.20641 0.07641 ( 1)  0.603 +-  1.044
  88 L   0.71888 0.20571 0.07541 ( 1)  0.599 +-  1.038
  89 A   0.73810 0.19948 0.06242 ( 1)  0.533 +-  0.857
  90 L   0.73497 0.20080 0.06423 ( 1)  0.541 +-  0.877
  91 G   0.72992 0.20253 0.06755 ( 1)  0.558 +-  0.923
  92 D   0.73064 0.20264 0.06672 ( 1)  0.552 +-  0.903
  93 Q   0.71724 0.20642 0.07634 ( 1)  0.602 +-  1.043
  94 V   0.72799 0.20316 0.06886 ( 1)  0.564 +-  0.941
  95 V   0.74083 0.19791 0.06126 ( 1)  0.529 +-  0.853
  96 L   0.73083 0.20233 0.06684 ( 1)  0.554 +-  0.911
  97 I   0.73317 0.20176 0.06507 ( 1)  0.544 +-  0.881
  98 P   0.73531 0.20081 0.06388 ( 1)  0.539 +-  0.869
  99 G   0.28680 0.34365 0.36956 ( 3)  2.128 +-  2.584
 100 A   0.74341 0.19716 0.05943 ( 1)  0.520 +-  0.823
 101 A   0.74341 0.19716 0.05943 ( 1)  0.520 +-  0.823
 102 S   0.72338 0.20480 0.07182 ( 1)  0.578 +-  0.977
 103 E   0.72212 0.20519 0.07269 ( 1)  0.583 +-  0.989
 104 G   0.72992 0.20253 0.06755 ( 1)  0.558 +-  0.923
 105 V   0.72799 0.20316 0.06886 ( 1)  0.564 +-  0.941
 106 A   0.74341 0.19716 0.05943 ( 1)  0.520 +-  0.823
 107 A   0.74341 0.19716 0.05943 ( 1)  0.520 +-  0.823
 108 S   0.72943 0.20299 0.06758 ( 1)  0.557 +-  0.916
 109 A   0.74341 0.19716 0.05943 ( 1)  0.520 +-  0.823

Positively selected sites

	Prob(w>1)  mean w


