Supplemental results for CODEML (seqf: algn  treef: tree)


dN/dS (w) for site classes (K=2)

p:   0.78474  0.21526
w:   0.00000  1.00000

Naive Empirical Bayes (NEB) probabilities for 2 classes & postmean_w
(amino acids refer to 1st sequence: Msl.18193)

   1 M   0.81973 0.18027 ( 1)  0.180
   2 L   0.80356 0.19644 ( 1)  0.196
   3 G   0.80522 0.19478 ( 1)  0.195
   4 I   0.80258 0.19742 ( 1)  0.197
   5 A   0.81465 0.18535 ( 1)  0.185
   6 P   0.81182 0.18818 ( 1)  0.188
   7 T   0.81219 0.18781 ( 1)  0.188
   8 R   0.79601 0.20399 ( 1)  0.204
   9 T   0.79775 0.20225 ( 1)  0.202
  10 T   0.80597 0.19403 ( 1)  0.194
  11 N   0.80170 0.19830 ( 1)  0.198
  12 M   0.81973 0.18027 ( 1)  0.180
  13 D   0.80489 0.19511 ( 1)  0.195
  14 H   0.00000 1.00000 ( 2)  1.000
  15 V   0.80038 0.19962 ( 1)  0.200
  16 T   0.00000 1.00000 ( 2)  1.000
  17 T   0.79982 0.20018 ( 1)  0.200
  18 D   0.80489 0.19511 ( 1)  0.195
  19 P   0.81182 0.18818 ( 1)  0.188
  20 A   0.80027 0.19973 ( 1)  0.200
  21 V   0.80808 0.19192 ( 1)  0.192
  22 R   0.80739 0.19261 ( 1)  0.193
  23 S   0.80766 0.19234 ( 1)  0.192
  24 I   0.00000 1.00000 ( 2)  1.000
  25 P   0.81182 0.18818 ( 1)  0.188
  26 A   0.80027 0.19973 ( 1)  0.200
  27 K   0.81095 0.18905 ( 1)  0.189
  28 S   0.79662 0.20338 ( 1)  0.203
  29 A   0.81465 0.18535 ( 1)  0.185
  30 T   0.80597 0.19403 ( 1)  0.194
  31 P   0.81182 0.18818 ( 1)  0.188
  32 S   0.80766 0.19234 ( 1)  0.192
  33 S   0.80495 0.19505 ( 1)  0.195
  34 S   0.80766 0.19234 ( 1)  0.192
  35 A   0.79897 0.20103 ( 1)  0.201
  36 V   0.80038 0.19962 ( 1)  0.200
  37 S   0.80766 0.19234 ( 1)  0.192
  38 S   0.80414 0.19586 ( 1)  0.196
  39 S   0.79921 0.20079 ( 1)  0.201
  40 H   0.80240 0.19760 ( 1)  0.198
  41 S   0.80766 0.19234 ( 1)  0.192
  42 L   0.80676 0.19324 ( 1)  0.193
  43 P   0.79757 0.20243 ( 1)  0.202
  44 S   0.80766 0.19234 ( 1)  0.192
  45 S   0.79479 0.20521 ( 1)  0.205
  46 I   0.80969 0.19031 ( 1)  0.190
  47 N   0.80170 0.19830 ( 1)  0.198
  48 S   0.80495 0.19505 ( 1)  0.195
  49 S   0.80495 0.19505 ( 1)  0.195
  50 A   0.80027 0.19973 ( 1)  0.200
  51 W   0.80224 0.19776 ( 1)  0.198
  52 Q   0.80891 0.19109 ( 1)  0.191
  53 A   0.79897 0.20103 ( 1)  0.201
  54 A   0.80027 0.19973 ( 1)  0.200
  55 S   0.80766 0.19234 ( 1)  0.192
  56 E   0.81481 0.18519 ( 1)  0.185
  57 D   0.81169 0.18831 ( 1)  0.188
  58 S   0.80766 0.19234 ( 1)  0.192
  59 V   0.80038 0.19962 ( 1)  0.200
  60 R   0.80620 0.19380 ( 1)  0.194
  61 L   0.79512 0.20488 ( 1)  0.205
  62 W   0.80224 0.19776 ( 1)  0.198
  63 M   0.81973 0.18027 ( 1)  0.180
  64 S   0.79997 0.20003 ( 1)  0.200
  65 E   0.80189 0.19811 ( 1)  0.198
  66 L   0.80356 0.19644 ( 1)  0.196
  67 R   0.79676 0.20324 ( 1)  0.203
  68 W   0.80224 0.19776 ( 1)  0.198
  69 Y   0.80241 0.19759 ( 1)  0.198
  70 V   0.80038 0.19962 ( 1)  0.200
  71 E   0.81481 0.18519 ( 1)  0.185
  72 S   0.80414 0.19586 ( 1)  0.196
  73 D   0.81169 0.18831 ( 1)  0.188
  74 C   0.80192 0.19808 ( 1)  0.198
  75 S   0.79479 0.20521 ( 1)  0.205
  76 N   0.80170 0.19830 ( 1)  0.198
  77 V   0.79907 0.20093 ( 1)  0.201
  78 L   0.80676 0.19324 ( 1)  0.193
  79 H   0.80240 0.19760 ( 1)  0.198
  80 N   0.80802 0.19198 ( 1)  0.192
  81 K   0.81095 0.18905 ( 1)  0.189
  82 A   0.80027 0.19973 ( 1)  0.200
  83 I   0.80493 0.19507 ( 1)  0.195
  84 P   0.81182 0.18818 ( 1)  0.188
  85 Q   0.80891 0.19109 ( 1)  0.191
  86 Q   0.80891 0.19109 ( 1)  0.191
  87 Q   0.80891 0.19109 ( 1)  0.191
  88 Q   0.80891 0.19109 ( 1)  0.191
  89 L   0.00000 1.00000 ( 2)  1.000
  90 Q   0.79998 0.20002 ( 1)  0.200
  91 H   0.80860 0.19140 ( 1)  0.191
  92 Q   0.79849 0.20151 ( 1)  0.202
  93 S   0.80495 0.19505 ( 1)  0.195
  94 I   0.80258 0.19742 ( 1)  0.197
  95 L   0.79470 0.20530 ( 1)  0.205
  96 R   0.80739 0.19261 ( 1)  0.193
  97 H   0.80240 0.19760 ( 1)  0.198
  98 Q   0.79849 0.20151 ( 1)  0.202
  99 N   0.80170 0.19830 ( 1)  0.198
 100 C   0.79674 0.20326 ( 1)  0.203
 101 L   0.80356 0.19644 ( 1)  0.196
 102 P   0.81182 0.18818 ( 1)  0.188
 103 A   0.81465 0.18535 ( 1)  0.185
 104 S   0.79479 0.20521 ( 1)  0.205
 105 P   0.80568 0.19432 ( 1)  0.194
 106 R   0.79601 0.20399 ( 1)  0.204
 107 V   0.81486 0.18514 ( 1)  0.185
 108 S   0.79479 0.20521 ( 1)  0.205
 109 I   0.80969 0.19031 ( 1)  0.190
 110 E   0.81481 0.18519 ( 1)  0.185
 111 M   0.81973 0.18027 ( 1)  0.180
 112 L   0.79468 0.20532 ( 1)  0.205
 113 E   0.80189 0.19811 ( 1)  0.198
 114 L   0.80356 0.19644 ( 1)  0.196
 115 N   0.80170 0.19830 ( 1)  0.198
 116 S   0.79769 0.20231 ( 1)  0.202
 117 R   0.80620 0.19380 ( 1)  0.194
 118 K   0.81095 0.18905 ( 1)  0.189
 119 L   0.80676 0.19324 ( 1)  0.193
 120 L   0.80676 0.19324 ( 1)  0.193
 121 A   0.80791 0.19209 ( 1)  0.192
 122 D   0.81169 0.18831 ( 1)  0.188
 123 F   0.80858 0.19142 ( 1)  0.191
 124 N   0.80170 0.19830 ( 1)  0.198
 125 A   0.79897 0.20103 ( 1)  0.201
 126 I   0.00000 1.00000 ( 2)  1.000
 127 L   0.79512 0.20488 ( 1)  0.205
 128 V   0.81253 0.18747 ( 1)  0.187
 129 S   0.80495 0.19505 ( 1)  0.195
 130 I   0.80847 0.19153 ( 1)  0.192
 131 Q   0.80891 0.19109 ( 1)  0.191
 132 S   0.80495 0.19505 ( 1)  0.195
 133 S   0.79921 0.20079 ( 1)  0.201
 134 Q   0.80891 0.19109 ( 1)  0.191
 135 L   0.80597 0.19403 ( 1)  0.194
 136 K   0.79904 0.20096 ( 1)  0.201
 137 R   0.79325 0.20675 ( 1)  0.207
 138 V   0.80808 0.19192 ( 1)  0.192
 139 H   0.80240 0.19760 ( 1)  0.198
 140 P   0.81182 0.18818 ( 1)  0.188
 141 L   0.80597 0.19403 ( 1)  0.194
 142 L   0.80676 0.19324 ( 1)  0.193
 143 S   0.80766 0.19234 ( 1)  0.192
 144 A   0.80791 0.19209 ( 1)  0.192
 145 L   0.80597 0.19403 ( 1)  0.194
 146 T   0.80597 0.19403 ( 1)  0.194
 147 S   0.80495 0.19505 ( 1)  0.195
 148 C   0.79674 0.20326 ( 1)  0.203
 149 L   0.80597 0.19403 ( 1)  0.194
 150 R   0.79676 0.20324 ( 1)  0.203
 151 G   0.80522 0.19478 ( 1)  0.195
 152 F   0.80858 0.19142 ( 1)  0.191
 153 L   0.79512 0.20488 ( 1)  0.205
 154 Q   0.80891 0.19109 ( 1)  0.191
 155 N   0.80170 0.19830 ( 1)  0.198
 156 L   0.80676 0.19324 ( 1)  0.193
 157 H   0.80240 0.19760 ( 1)  0.198
 158 R   0.79325 0.20675 ( 1)  0.207
 159 L   0.79894 0.20106 ( 1)  0.201
 160 L   0.80566 0.19434 ( 1)  0.194
 161 S   0.79769 0.20231 ( 1)  0.202
 162 M   0.00000 1.00000 ( 2)  1.000
 163 Q   0.80891 0.19109 ( 1)  0.191
 164 Q   0.80891 0.19109 ( 1)  0.191
 165 P   0.79757 0.20243 ( 1)  0.202
 166 V   0.81486 0.18514 ( 1)  0.185
 167 S   0.79479 0.20521 ( 1)  0.205
 168 L   0.80356 0.19644 ( 1)  0.196
 169 P   0.79757 0.20243 ( 1)  0.202
 170 I   0.80493 0.19507 ( 1)  0.195
 171 L   0.80356 0.19644 ( 1)  0.196
 172 K   0.79904 0.20096 ( 1)  0.201
 173 S   0.00000 1.00000 ( 2)  1.000
 174 P   0.00000 1.00000 ( 2)  1.000
 175 A   0.80027 0.19973 ( 1)  0.200
 176 E   0.81481 0.18519 ( 1)  0.185
 177 V   0.81486 0.18514 ( 1)  0.185
 178 A   0.81465 0.18535 ( 1)  0.185
 179 S   0.80495 0.19505 ( 1)  0.195
 180 F   0.80858 0.19142 ( 1)  0.191
 181 R   0.79601 0.20399 ( 1)  0.204
 182 E   0.81481 0.18519 ( 1)  0.185
 183 I   0.80258 0.19742 ( 1)  0.197
 184 E   0.81481 0.18519 ( 1)  0.185
 185 Q   0.00000 1.00000 ( 2)  1.000
 186 T   0.79894 0.20106 ( 1)  0.201
 187 L   0.80356 0.19644 ( 1)  0.196
 188 L   0.79512 0.20488 ( 1)  0.205
 189 T   0.80597 0.19403 ( 1)  0.194
 190 L   0.80676 0.19324 ( 1)  0.193
 191 C   0.79674 0.20326 ( 1)  0.203
 192 S   0.79479 0.20521 ( 1)  0.205
 193 N   0.80802 0.19198 ( 1)  0.192
 194 L   0.80676 0.19324 ( 1)  0.193
 195 D   0.81169 0.18831 ( 1)  0.188
 196 A   0.00000 1.00000 ( 2)  1.000
 197 A   0.79897 0.20103 ( 1)  0.201
 198 N   0.80170 0.19830 ( 1)  0.198
 199 S   0.79769 0.20231 ( 1)  0.202
 200 E   0.81213 0.18787 ( 1)  0.188
 201 F   0.80858 0.19142 ( 1)  0.191
 202 L   0.80676 0.19324 ( 1)  0.193
 203 V   0.81486 0.18514 ( 1)  0.185
 204 M   0.81973 0.18027 ( 1)  0.180
 205 N   0.80802 0.19198 ( 1)  0.192
 206 G   0.79962 0.20038 ( 1)  0.200
 207 H   0.80860 0.19140 ( 1)  0.191
 208 L   0.80676 0.19324 ( 1)  0.193
 209 P   0.79757 0.20243 ( 1)  0.202
 210 P   0.81061 0.18939 ( 1)  0.189
 211 V   0.81486 0.18514 ( 1)  0.185
 212 D   0.80489 0.19511 ( 1)  0.195
 213 A   0.80027 0.19973 ( 1)  0.200
 214 V   0.81486 0.18514 ( 1)  0.185
 215 L   0.80676 0.19324 ( 1)  0.193
 216 R   0.79676 0.20324 ( 1)  0.203
 217 L   0.80597 0.19403 ( 1)  0.194
 218 L   0.79512 0.20488 ( 1)  0.205
 219 A   0.80027 0.19973 ( 1)  0.200
 220 E   0.81481 0.18519 ( 1)  0.185
 221 A   0.79897 0.20103 ( 1)  0.201
 222 A   0.80791 0.19209 ( 1)  0.192
 223 E   0.81481 0.18519 ( 1)  0.185
 224 A   0.80791 0.19209 ( 1)  0.192
 225 F   0.80858 0.19142 ( 1)  0.191
 226 A   0.80005 0.19995 ( 1)  0.200
 227 A   0.81158 0.18842 ( 1)  0.188
 228 V   0.81486 0.18514 ( 1)  0.185
 229 L   0.80676 0.19324 ( 1)  0.193
 230 D   0.81169 0.18831 ( 1)  0.188
 231 A   0.80180 0.19820 ( 1)  0.198
 232 A   0.81465 0.18535 ( 1)  0.185
 233 E   0.81481 0.18519 ( 1)  0.185
 234 L   0.80676 0.19324 ( 1)  0.193
 235 Q   0.79849 0.20151 ( 1)  0.202
 236 L   0.80049 0.19951 ( 1)  0.200
 237 L   0.80676 0.19324 ( 1)  0.193
 238 E   0.81481 0.18519 ( 1)  0.185
 239 R   0.79325 0.20675 ( 1)  0.207
 240 V   0.80038 0.19962 ( 1)  0.200
 241 V   0.80808 0.19192 ( 1)  0.192
 242 N   0.80802 0.19198 ( 1)  0.192
 243 A   0.80027 0.19973 ( 1)  0.200
 244 V   0.81486 0.18514 ( 1)  0.185
 245 R   0.80620 0.19380 ( 1)  0.194
 246 C   0.80192 0.19808 ( 1)  0.198
 247 K   0.79904 0.20096 ( 1)  0.201
 248 T   0.79894 0.20106 ( 1)  0.201
 249 S   0.80414 0.19586 ( 1)  0.196
 250 G   0.81124 0.18876 ( 1)  0.189
 251 A   0.79897 0.20103 ( 1)  0.201
 252 N   0.80170 0.19830 ( 1)  0.198
 253 F   0.80858 0.19142 ( 1)  0.191
 254 T   0.79894 0.20106 ( 1)  0.201
 255 A   0.81191 0.18809 ( 1)  0.188
 256 A   0.79897 0.20103 ( 1)  0.201
 257 L   0.80676 0.19324 ( 1)  0.193
 258 R   0.79601 0.20399 ( 1)  0.204
 259 D   0.81169 0.18831 ( 1)  0.188
 260 L   0.80356 0.19644 ( 1)  0.196
 261 L   0.80676 0.19324 ( 1)  0.193
 262 R   0.80739 0.19261 ( 1)  0.193
 263 L   0.80676 0.19324 ( 1)  0.193
 264 A   0.81465 0.18535 ( 1)  0.185
 265 M   0.81973 0.18027 ( 1)  0.180
 266 K   0.81095 0.18905 ( 1)  0.189
 267 S   0.80495 0.19505 ( 1)  0.195
 268 E   0.80189 0.19811 ( 1)  0.198
 269 R   0.80620 0.19380 ( 1)  0.194
 270 L   0.80597 0.19403 ( 1)  0.194
 271 S   0.80495 0.19505 ( 1)  0.195
 272 C   0.80192 0.19808 ( 1)  0.198
 273 L   0.79894 0.20106 ( 1)  0.201
 274 V   0.80038 0.19962 ( 1)  0.200
 275 A   0.80027 0.19973 ( 1)  0.200
 276 K   0.81095 0.18905 ( 1)  0.189
 277 A   0.80791 0.19209 ( 1)  0.192
 278 E   0.81481 0.18519 ( 1)  0.185
 279 A   0.81332 0.18668 ( 1)  0.187
 280 V   0.79907 0.20093 ( 1)  0.201
 281 E   0.80189 0.19811 ( 1)  0.198
 282 T   0.79894 0.20106 ( 1)  0.201
 283 V   0.81486 0.18514 ( 1)  0.185
 284 L   0.80597 0.19403 ( 1)  0.194
 285 Q   0.79849 0.20151 ( 1)  0.202
 286 V   0.81486 0.18514 ( 1)  0.185
 287 C   0.80192 0.19808 ( 1)  0.198
 288 S   0.79479 0.20521 ( 1)  0.205
 289 D   0.81169 0.18831 ( 1)  0.188
 290 R   0.79325 0.20675 ( 1)  0.207
 291 T   0.79894 0.20106 ( 1)  0.201
 292 Q   0.80891 0.19109 ( 1)  0.191
 293 R   0.80275 0.19725 ( 1)  0.197
 294 K   0.81095 0.18905 ( 1)  0.189
 295 F   0.80858 0.19142 ( 1)  0.191
 296 W   0.80224 0.19776 ( 1)  0.198
 297 P   0.81182 0.18818 ( 1)  0.188
 298 L   0.80676 0.19324 ( 1)  0.193
 299 A   0.80027 0.19973 ( 1)  0.200
 300 L   0.80676 0.19324 ( 1)  0.193
 301 R   0.79325 0.20675 ( 1)  0.207
 302 V   0.80904 0.19096 ( 1)  0.191
 303 L   0.80676 0.19324 ( 1)  0.193
 304 S   0.80414 0.19586 ( 1)  0.196
 305 C   0.00000 1.00000 ( 2)  1.000
 306 V   0.80808 0.19192 ( 1)  0.192
 307 C   0.80192 0.19808 ( 1)  0.198
 308 C   0.80192 0.19808 ( 1)  0.198
 309 V   0.80038 0.19962 ( 1)  0.200
 310 E   0.80189 0.19811 ( 1)  0.198
 311 E   0.81481 0.18519 ( 1)  0.185
 312 S   0.80414 0.19586 ( 1)  0.196
 313 I   0.80969 0.19031 ( 1)  0.190
 314 R   0.80739 0.19261 ( 1)  0.193
 315 R   0.79325 0.20675 ( 1)  0.207
 316 F   0.80858 0.19142 ( 1)  0.191
 317 D   0.80489 0.19511 ( 1)  0.195
 318 Q   0.80891 0.19109 ( 1)  0.191
 319 S   0.80766 0.19234 ( 1)  0.192
 320 N   0.80802 0.19198 ( 1)  0.192
 321 G   0.80522 0.19478 ( 1)  0.195
 322 L   0.80597 0.19403 ( 1)  0.194
 323 A   0.80791 0.19209 ( 1)  0.192
 324 T   0.79775 0.20225 ( 1)  0.202
 325 V   0.80808 0.19192 ( 1)  0.192
 326 S   0.80495 0.19505 ( 1)  0.195
 327 G   0.81124 0.18876 ( 1)  0.189
 328 I   0.80258 0.19742 ( 1)  0.197
 329 L   0.80676 0.19324 ( 1)  0.193
 330 G   0.80522 0.19478 ( 1)  0.195
 331 E   0.80189 0.19811 ( 1)  0.198
 332 L   0.80676 0.19324 ( 1)  0.193
 333 G   0.81124 0.18876 ( 1)  0.189
 334 N   0.80802 0.19198 ( 1)  0.192
 335 S   0.79479 0.20521 ( 1)  0.205
 336 E   0.81481 0.18519 ( 1)  0.185
 337 L   0.80676 0.19324 ( 1)  0.193
 338 V   0.80808 0.19192 ( 1)  0.192
 339 R   0.80739 0.19261 ( 1)  0.193
 340 A   0.79897 0.20103 ( 1)  0.201
 341 E   0.81481 0.18519 ( 1)  0.185
 342 A   0.79897 0.20103 ( 1)  0.201
 343 A   0.79897 0.20103 ( 1)  0.201
 344 G   0.79843 0.20157 ( 1)  0.202
 345 V   0.79907 0.20093 ( 1)  0.201
 346 V   0.79907 0.20093 ( 1)  0.201
 347 A   0.80791 0.19209 ( 1)  0.192
 348 Q   0.80891 0.19109 ( 1)  0.191
 349 L   0.80597 0.19403 ( 1)  0.194
 350 T   0.79775 0.20225 ( 1)  0.202
 351 S   0.80008 0.19992 ( 1)  0.200
 352 P   0.80568 0.19432 ( 1)  0.194
 353 Y   0.80241 0.19759 ( 1)  0.198
 354 I   0.80493 0.19507 ( 1)  0.195
 355 L   0.80459 0.19541 ( 1)  0.195
 356 G   0.80522 0.19478 ( 1)  0.195
 357 K   0.81095 0.18905 ( 1)  0.189
 358 G   0.80522 0.19478 ( 1)  0.195
 359 K   0.81095 0.18905 ( 1)  0.189
 360 D   0.80489 0.19511 ( 1)  0.195
 361 L   0.80676 0.19324 ( 1)  0.193
 362 L   0.80676 0.19324 ( 1)  0.193
 363 G   0.80522 0.19478 ( 1)  0.195
 364 C   0.79674 0.20326 ( 1)  0.203
 365 L   0.80356 0.19644 ( 1)  0.196
 366 T   0.79775 0.20225 ( 1)  0.202
 367 S   0.79921 0.20079 ( 1)  0.201
 368 H   0.80860 0.19140 ( 1)  0.191
 369 A   0.80791 0.19209 ( 1)  0.192
 370 E   0.80189 0.19811 ( 1)  0.198
 371 S   0.79664 0.20336 ( 1)  0.203
 372 L   0.80356 0.19644 ( 1)  0.196
 373 V   0.80808 0.19192 ( 1)  0.192
 374 K   0.81095 0.18905 ( 1)  0.189
 375 S   0.80766 0.19234 ( 1)  0.192
 376 L   0.80346 0.19654 ( 1)  0.197
 377 T   0.79894 0.20106 ( 1)  0.201
 378 L   0.80356 0.19644 ( 1)  0.196
 379 L   0.80676 0.19324 ( 1)  0.193
 380 C   0.80192 0.19808 ( 1)  0.198
 381 K   0.79904 0.20096 ( 1)  0.201
 382 E   0.81481 0.18519 ( 1)  0.185
 383 A   0.80791 0.19209 ( 1)  0.192
 384 D   0.81169 0.18831 ( 1)  0.188
 385 S   0.00000 1.00000 ( 2)  1.000
 386 H   0.80860 0.19140 ( 1)  0.191
 387 D   0.81169 0.18831 ( 1)  0.188
 388 V   0.81486 0.18514 ( 1)  0.185
 389 F   0.80858 0.19142 ( 1)  0.191
 390 L   0.80676 0.19324 ( 1)  0.193
 391 L   0.80676 0.19324 ( 1)  0.193
 392 A   0.81236 0.18764 ( 1)  0.188
 393 S   0.80766 0.19234 ( 1)  0.192
 394 A   0.80791 0.19209 ( 1)  0.192
 395 A   0.80791 0.19209 ( 1)  0.192
 396 I   0.80258 0.19742 ( 1)  0.197
 397 A   0.80791 0.19209 ( 1)  0.192
 398 N   0.80170 0.19830 ( 1)  0.198
 399 I   0.80493 0.19507 ( 1)  0.195
 400 T   0.79938 0.20062 ( 1)  0.201
 401 F   0.80858 0.19142 ( 1)  0.191
 402 I   0.80969 0.19031 ( 1)  0.190
 403 S   0.79921 0.20079 ( 1)  0.201
 404 P   0.81182 0.18818 ( 1)  0.188
 405 A   0.80791 0.19209 ( 1)  0.192
 406 S   0.79921 0.20079 ( 1)  0.201
 407 F   0.80204 0.19796 ( 1)  0.198
 408 E   0.81481 0.18519 ( 1)  0.185
 409 Y   0.80241 0.19759 ( 1)  0.198
 410 M   0.81973 0.18027 ( 1)  0.180
 411 L   0.80597 0.19403 ( 1)  0.194
 412 K   0.81095 0.18905 ( 1)  0.189
 413 Y   0.80241 0.19759 ( 1)  0.198
 414 N   0.80170 0.19830 ( 1)  0.198
 415 T   0.79894 0.20106 ( 1)  0.201
 416 V   0.81486 0.18514 ( 1)  0.185
 417 R   0.80739 0.19261 ( 1)  0.193
 418 A   0.81465 0.18535 ( 1)  0.185
 419 L   0.80676 0.19324 ( 1)  0.193
 420 V   0.80038 0.19962 ( 1)  0.200
 421 D   0.80489 0.19511 ( 1)  0.195
 422 A   0.80791 0.19209 ( 1)  0.192
 423 C   0.80192 0.19808 ( 1)  0.198
 424 Q   0.80891 0.19109 ( 1)  0.191
 425 L   0.80676 0.19324 ( 1)  0.193
 426 S   0.80495 0.19505 ( 1)  0.195
 427 K   0.81095 0.18905 ( 1)  0.189
 428 A   0.80027 0.19973 ( 1)  0.200
 429 A   0.79897 0.20103 ( 1)  0.201
 430 S   0.79479 0.20521 ( 1)  0.205
 431 L   0.80676 0.19324 ( 1)  0.193
 432 F   0.80204 0.19796 ( 1)  0.198
 433 A   0.79897 0.20103 ( 1)  0.201
 434 K   0.81095 0.18905 ( 1)  0.189
 435 D   0.80489 0.19511 ( 1)  0.195
 436 Q   0.80891 0.19109 ( 1)  0.191
 437 V   0.80038 0.19962 ( 1)  0.200
 438 A   0.80791 0.19209 ( 1)  0.192
 439 T   0.79775 0.20225 ( 1)  0.202
 440 V   0.80038 0.19962 ( 1)  0.200
 441 L   0.80597 0.19403 ( 1)  0.194
 442 A   0.80791 0.19209 ( 1)  0.192
 443 N   0.80802 0.19198 ( 1)  0.192
 444 M   0.81973 0.18027 ( 1)  0.180
 445 A   0.80791 0.19209 ( 1)  0.192
 446 A   0.81465 0.18535 ( 1)  0.185
 447 Y   0.79653 0.20347 ( 1)  0.203
 448 A   0.81465 0.18535 ( 1)  0.185
 449 W   0.80224 0.19776 ( 1)  0.198
 450 C   0.79674 0.20326 ( 1)  0.203
 451 H   0.80860 0.19140 ( 1)  0.191
 452 Q   0.79849 0.20151 ( 1)  0.202
 453 S   0.80495 0.19505 ( 1)  0.195
 454 L   0.80676 0.19324 ( 1)  0.193
 455 T   0.81219 0.18781 ( 1)  0.188
 456 R   0.80275 0.19725 ( 1)  0.197
 457 H   0.80860 0.19140 ( 1)  0.191
 458 N   0.80802 0.19198 ( 1)  0.192
 459 A   0.80791 0.19209 ( 1)  0.192
 460 I   0.80969 0.19031 ( 1)  0.190
 461 E   0.81481 0.18519 ( 1)  0.185
 462 L   0.80676 0.19324 ( 1)  0.193
 463 L   0.80676 0.19324 ( 1)  0.193
 464 L   0.79512 0.20488 ( 1)  0.205
 465 H   0.80860 0.19140 ( 1)  0.191
 466 F   0.80858 0.19142 ( 1)  0.191
 467 L   0.80676 0.19324 ( 1)  0.193
 468 S   0.80414 0.19586 ( 1)  0.196
 469 E   0.81481 0.18519 ( 1)  0.185
 470 S   0.80766 0.19234 ( 1)  0.192
 471 P   0.81182 0.18818 ( 1)  0.188
 472 M   0.81973 0.18027 ( 1)  0.180
 473 G   0.80522 0.19478 ( 1)  0.195
 474 S   0.80495 0.19505 ( 1)  0.195
 475 C   0.80192 0.19808 ( 1)  0.198
 476 R   0.79325 0.20675 ( 1)  0.207
 477 Y   0.80241 0.19759 ( 1)  0.198
 478 A   0.00000 1.00000 ( 2)  1.000
 479 S   0.80495 0.19505 ( 1)  0.195
 480 S   0.80766 0.19234 ( 1)  0.192
 481 S   0.80414 0.19586 ( 1)  0.196
 482 S   0.79479 0.20521 ( 1)  0.205
 483 S   0.79921 0.20079 ( 1)  0.201
 484 G   0.79843 0.20157 ( 1)  0.202
 485 V   0.79907 0.20093 ( 1)  0.201
 486 K   0.00000 1.00000 ( 2)  1.000
 487 S   0.79705 0.20295 ( 1)  0.203
 488 S   0.80766 0.19234 ( 1)  0.192
 489 A   0.80027 0.19973 ( 1)  0.200
 490 C   0.80192 0.19808 ( 1)  0.198
 491 E   0.81481 0.18519 ( 1)  0.185
 492 R   0.79676 0.20324 ( 1)  0.203
 493 L   0.80597 0.19403 ( 1)  0.194
 494 Q   0.80891 0.19109 ( 1)  0.191
 495 Q   0.80891 0.19109 ( 1)  0.191
 496 K   0.79904 0.20096 ( 1)  0.201
 497 A   0.81465 0.18535 ( 1)  0.185
 498 A   0.79897 0.20103 ( 1)  0.201
 499 I   0.80258 0.19742 ( 1)  0.197
 500 A   0.81465 0.18535 ( 1)  0.185
 501 L   0.80676 0.19324 ( 1)  0.193
 502 G   0.80522 0.19478 ( 1)  0.195
 503 R   0.79676 0.20324 ( 1)  0.203
 504 L   0.80597 0.19403 ( 1)  0.194
 505 A   0.80027 0.19973 ( 1)  0.200
 506 R   0.79676 0.20324 ( 1)  0.203
 507 D   0.81169 0.18831 ( 1)  0.188
 508 A   0.79897 0.20103 ( 1)  0.201
 509 S   0.80414 0.19586 ( 1)  0.196
 510 A   0.79897 0.20103 ( 1)  0.201
 511 A   0.80791 0.19209 ( 1)  0.192
 512 Q   0.79849 0.20151 ( 1)  0.202
 513 I   0.80493 0.19507 ( 1)  0.195
 514 V   0.80808 0.19192 ( 1)  0.192
 515 V   0.80808 0.19192 ( 1)  0.192
 516 E   0.81481 0.18519 ( 1)  0.185
 517 L   0.80676 0.19324 ( 1)  0.193
 518 A   0.00000 1.00000 ( 2)  1.000
 519 G   0.81124 0.18876 ( 1)  0.189
 520 A   0.81465 0.18535 ( 1)  0.185
 521 N   0.80802 0.19198 ( 1)  0.192
 522 R   0.79325 0.20675 ( 1)  0.207
 523 L   0.79512 0.20488 ( 1)  0.205
 524 A   0.81465 0.18535 ( 1)  0.185
 525 Q   0.80891 0.19109 ( 1)  0.191
 526 L   0.80597 0.19403 ( 1)  0.194
 527 C   0.79674 0.20326 ( 1)  0.203
 528 R   0.79676 0.20324 ( 1)  0.203
 529 R   0.79676 0.20324 ( 1)  0.203
 530 P   0.81182 0.18818 ( 1)  0.188
 531 E   0.81481 0.18519 ( 1)  0.185
 532 E   0.81481 0.18519 ( 1)  0.185
 533 R   0.80275 0.19725 ( 1)  0.197
 534 N   0.80802 0.19198 ( 1)  0.192
 535 N   0.80170 0.19830 ( 1)  0.198
 536 S   0.80414 0.19586 ( 1)  0.196
 537 D   0.81169 0.18831 ( 1)  0.188
 538 A   0.80027 0.19973 ( 1)  0.200
 539 V   0.79907 0.20093 ( 1)  0.201
 540 L   0.80676 0.19324 ( 1)  0.193
 541 V   0.81486 0.18514 ( 1)  0.185
 542 A   0.79897 0.20103 ( 1)  0.201
 543 A   0.81465 0.18535 ( 1)  0.185
 544 L   0.80676 0.19324 ( 1)  0.193
 545 A   0.80791 0.19209 ( 1)  0.192
 546 A   0.80791 0.19209 ( 1)  0.192
 547 L   0.80676 0.19324 ( 1)  0.193
 548 R   0.80739 0.19261 ( 1)  0.193
 549 Q   0.80891 0.19109 ( 1)  0.191
 550 I   0.80258 0.19742 ( 1)  0.197
 551 H   0.80860 0.19140 ( 1)  0.191
 552 D   0.81169 0.18831 ( 1)  0.188
 553 S   0.80495 0.19505 ( 1)  0.195
 554 V   0.81486 0.18514 ( 1)  0.185
 555 G   0.80522 0.19478 ( 1)  0.195
 556 S   0.79479 0.20521 ( 1)  0.205
 557 E   0.81481 0.18519 ( 1)  0.185
 558 D   0.80489 0.19511 ( 1)  0.195
 559 L   0.80356 0.19644 ( 1)  0.196
 560 E   0.80189 0.19811 ( 1)  0.198
 561 E   0.81481 0.18519 ( 1)  0.185
 562 R   0.80620 0.19380 ( 1)  0.194
 563 D   0.81169 0.18831 ( 1)  0.188
 564 V   0.80038 0.19962 ( 1)  0.200
 565 V   0.80808 0.19192 ( 1)  0.192
 566 Q   0.80891 0.19109 ( 1)  0.191
 567 L   0.80356 0.19644 ( 1)  0.196
 568 I   0.80258 0.19742 ( 1)  0.197
 569 R   0.80620 0.19380 ( 1)  0.194
 570 P   0.81182 0.18818 ( 1)  0.188
 571 R   0.79601 0.20399 ( 1)  0.204
 572 L   0.80356 0.19644 ( 1)  0.196
 573 S   0.80414 0.19586 ( 1)  0.196
 574 E   0.80189 0.19811 ( 1)  0.198
 575 A   0.81465 0.18535 ( 1)  0.185
 576 F   0.80204 0.19796 ( 1)  0.198
 577 L   0.80676 0.19324 ( 1)  0.193
 578 A   0.81465 0.18535 ( 1)  0.185
 579 C   0.80192 0.19808 ( 1)  0.198
 580 S   0.79769 0.20231 ( 1)  0.202
 581 R   0.79325 0.20675 ( 1)  0.207
 582 L   0.80356 0.19644 ( 1)  0.196
 583 D   0.81169 0.18831 ( 1)  0.188
 584 E   0.81481 0.18519 ( 1)  0.185
 585 S   0.80495 0.19505 ( 1)  0.195
 586 Y   0.80241 0.19759 ( 1)  0.198
 587 V   0.80038 0.19962 ( 1)  0.200


lnL = -2654.595250

