Supplemental results for CODEML (seqf: algn  treef: tree)


dN/dS (w) for site classes (K=8)

p:   0.12500  0.12500  0.12500  0.12500  0.12500  0.12500  0.12500  0.12500
w:   0.00000  0.00000  0.00000  0.00000  0.00000  0.00000  1.00000  1.00000

Naive Empirical Bayes (NEB) probabilities for 8 classes & postmean_w
(amino acids refer to 1st sequence: Msl.25135)

   1 M   0.13506 0.13506 0.13506 0.13506 0.13506 0.13506 0.09482 0.09482 ( 2)  0.190
   2 S   0.12912 0.12912 0.12912 0.12912 0.12912 0.12912 0.11263 0.11263 ( 2)  0.225
   3 D   0.13211 0.13211 0.13211 0.13211 0.13211 0.13211 0.10368 0.10368 ( 5)  0.207
   4 A   0.13401 0.13401 0.13401 0.13401 0.13401 0.13401 0.09798 0.09798 ( 5)  0.196
   5 C   0.12869 0.12869 0.12869 0.12869 0.12869 0.12869 0.11393 0.11393 ( 2)  0.228
   6 T   0.12900 0.12900 0.12900 0.12900 0.12900 0.12900 0.11299 0.11299 ( 2)  0.226
   7 S   0.12809 0.12809 0.12809 0.12809 0.12809 0.12809 0.11573 0.11573 ( 2)  0.231
   8 S   0.13224 0.13224 0.13224 0.13224 0.13224 0.13224 0.10328 0.10328 ( 2)  0.207
   9 N   0.13154 0.13154 0.13154 0.13154 0.13154 0.13154 0.10539 0.10539 ( 5)  0.211
  10 L   0.12984 0.12984 0.12984 0.12984 0.12984 0.12984 0.11047 0.11047 ( 2)  0.221
  11 E   0.13077 0.13077 0.13077 0.13077 0.13077 0.13077 0.10770 0.10770 ( 1)  0.215
  12 A   0.12973 0.12973 0.12973 0.12973 0.12973 0.12973 0.11081 0.11081 ( 5)  0.222
  13 G   0.12857 0.12857 0.12857 0.12857 0.12857 0.12857 0.11430 0.11430 ( 2)  0.229
  14 I   0.13044 0.13044 0.13044 0.13044 0.13044 0.13044 0.10869 0.10869 ( 2)  0.217
  15 G   0.12926 0.12926 0.12926 0.12926 0.12926 0.12926 0.11221 0.11221 ( 2)  0.224
  16 E   0.13506 0.13506 0.13506 0.13506 0.13506 0.13506 0.09481 0.09481 ( 1)  0.190
  17 L   0.13380 0.13380 0.13380 0.13380 0.13380 0.13380 0.09860 0.09860 ( 1)  0.197
  18 Q   0.13152 0.13152 0.13152 0.13152 0.13152 0.13152 0.10545 0.10545 ( 1)  0.211
  19 I   0.13040 0.13040 0.13040 0.13040 0.13040 0.13040 0.10879 0.10879 ( 5)  0.218
  20 T   0.13072 0.13072 0.13072 0.13072 0.13072 0.13072 0.10784 0.10784 ( 1)  0.216
  21 D   0.13211 0.13211 0.13211 0.13211 0.13211 0.13211 0.10368 0.10368 ( 5)  0.207
  22 E   0.13506 0.13506 0.13506 0.13506 0.13506 0.13506 0.09481 0.09481 ( 1)  0.190
  23 E   0.13506 0.13506 0.13506 0.13506 0.13506 0.13506 0.09481 0.09481 ( 1)  0.190
  24 H   0.13315 0.13315 0.13315 0.13315 0.13315 0.13315 0.10054 0.10054 ( 5)  0.201
  25 A   0.13401 0.13401 0.13401 0.13401 0.13401 0.13401 0.09798 0.09798 ( 5)  0.196
  26 E   0.13506 0.13506 0.13506 0.13506 0.13506 0.13506 0.09481 0.09481 ( 1)  0.190
  27 F   0.12974 0.12974 0.12974 0.12974 0.12974 0.12974 0.11078 0.11078 ( 5)  0.222
  28 V   0.13377 0.13377 0.13377 0.13377 0.13377 0.13377 0.09869 0.09869 ( 5)  0.197
  29 Q   0.13582 0.13582 0.13582 0.13582 0.13582 0.13582 0.09253 0.09253 ( 1)  0.185
  30 H   0.13315 0.13315 0.13315 0.13315 0.13315 0.13315 0.10054 0.10054 ( 5)  0.201
  31 L   0.13007 0.13007 0.13007 0.13007 0.13007 0.13007 0.10980 0.10980 ( 5)  0.220
  32 Y   0.13043 0.13043 0.13043 0.13043 0.13043 0.13043 0.10870 0.10870 ( 1)  0.217
  33 T   0.13072 0.13072 0.13072 0.13072 0.13072 0.13072 0.10784 0.10784 ( 1)  0.216
  34 K   0.13450 0.13450 0.13450 0.13450 0.13450 0.13450 0.09650 0.09650 ( 5)  0.193
  35 Q   0.13152 0.13152 0.13152 0.13152 0.13152 0.13152 0.10545 0.10545 ( 1)  0.211
  36 P   0.12953 0.12953 0.12953 0.12953 0.12953 0.12953 0.11142 0.11142 ( 1)  0.223
  37 K   0.13450 0.13450 0.13450 0.13450 0.13450 0.13450 0.09650 0.09650 ( 5)  0.193
  38 R   0.13121 0.13121 0.13121 0.13121 0.13121 0.13121 0.10638 0.10638 ( 1)  0.213
  39 L   0.13380 0.13380 0.13380 0.13380 0.13380 0.13380 0.09860 0.09860 ( 1)  0.197
  40 E   0.13077 0.13077 0.13077 0.13077 0.13077 0.13077 0.10770 0.10770 ( 1)  0.215
  41 Q   0.13582 0.13582 0.13582 0.13582 0.13582 0.13582 0.09253 0.09253 ( 1)  0.185
  42 S   0.13023 0.13023 0.13023 0.13023 0.13023 0.13023 0.10932 0.10932 ( 2)  0.219
  43 G   0.13040 0.13040 0.13040 0.13040 0.13040 0.13040 0.10881 0.10881 ( 2)  0.218
  44 K   0.13029 0.13029 0.13029 0.13029 0.13029 0.13029 0.10914 0.10914 ( 1)  0.218
  45 A   0.12919 0.12919 0.12919 0.12919 0.12919 0.12919 0.11244 0.11244 ( 1)  0.225
  46 A   0.13097 0.13097 0.13097 0.13097 0.13097 0.13097 0.10709 0.10709 ( 5)  0.214
  47 E   0.13506 0.13506 0.13506 0.13506 0.13506 0.13506 0.09481 0.09481 ( 1)  0.190
  48 R   0.12871 0.12871 0.12871 0.12871 0.12871 0.12871 0.11386 0.11386 ( 1)  0.228
  49 L   0.13380 0.13380 0.13380 0.13380 0.13380 0.13380 0.09860 0.09860 ( 1)  0.197
  50 R   0.13217 0.13217 0.13217 0.13217 0.13217 0.13217 0.10348 0.10348 ( 1)  0.207
  51 Q   0.13582 0.13582 0.13582 0.13582 0.13582 0.13582 0.09253 0.09253 ( 1)  0.185
  52 P   0.13463 0.13463 0.13463 0.13463 0.13463 0.13463 0.09610 0.09610 ( 2)  0.192
  53 A   0.13401 0.13401 0.13401 0.13401 0.13401 0.13401 0.09798 0.09798 ( 5)  0.196
  54 R   0.13364 0.13364 0.13364 0.13364 0.13364 0.13364 0.09907 0.09907 ( 1)  0.198
  55 P   0.13143 0.13143 0.13143 0.13143 0.13143 0.13143 0.10571 0.10571 ( 5)  0.211
  56 R   0.13364 0.13364 0.13364 0.13364 0.13364 0.13364 0.09907 0.09907 ( 1)  0.198
  57 S   0.13224 0.13224 0.13224 0.13224 0.13224 0.13224 0.10328 0.10328 ( 2)  0.207
  58 G   0.12857 0.12857 0.12857 0.12857 0.12857 0.12857 0.11430 0.11430 ( 2)  0.229
  59 V   0.12959 0.12959 0.12959 0.12959 0.12959 0.12959 0.11123 0.11123 ( 1)  0.222
  60 S   0.13023 0.13023 0.13023 0.13023 0.13023 0.13023 0.10932 0.10932 ( 2)  0.219
  61 V   0.12959 0.12959 0.12959 0.12959 0.12959 0.12959 0.11123 0.11123 ( 1)  0.222
  62 S   0.13224 0.13224 0.13224 0.13224 0.13224 0.13224 0.10328 0.10328 ( 2)  0.207
  63 G   0.13040 0.13040 0.13040 0.13040 0.13040 0.13040 0.10881 0.10881 ( 2)  0.218
  64 A   0.13401 0.13401 0.13401 0.13401 0.13401 0.13401 0.09798 0.09798 ( 5)  0.196
  65 L   0.13380 0.13380 0.13380 0.13380 0.13380 0.13380 0.09860 0.09860 ( 1)  0.197
  66 Q   0.13152 0.13152 0.13152 0.13152 0.13152 0.13152 0.10545 0.10545 ( 1)  0.211
  67 P   0.13143 0.13143 0.13143 0.13143 0.13143 0.13143 0.10571 0.10571 ( 5)  0.211
  68 S   0.13109 0.13109 0.13109 0.13109 0.13109 0.13109 0.10672 0.10672 ( 2)  0.213
  69 Q   0.13582 0.13582 0.13582 0.13582 0.13582 0.13582 0.09253 0.09253 ( 1)  0.185
  70 L   0.13380 0.13380 0.13380 0.13380 0.13380 0.13380 0.09860 0.09860 ( 1)  0.197
  71 V   0.13377 0.13377 0.13377 0.13377 0.13377 0.13377 0.09869 0.09869 ( 5)  0.197
  72 Q   0.13582 0.13582 0.13582 0.13582 0.13582 0.13582 0.09253 0.09253 ( 1)  0.185
  73 Q   0.13582 0.13582 0.13582 0.13582 0.13582 0.13582 0.09253 0.09253 ( 1)  0.185
  74 Q   0.13582 0.13582 0.13582 0.13582 0.13582 0.13582 0.09253 0.09253 ( 1)  0.185
  75 Q   0.13582 0.13582 0.13582 0.13582 0.13582 0.13582 0.09253 0.09253 ( 1)  0.185
  76 Q   0.13582 0.13582 0.13582 0.13582 0.13582 0.13582 0.09253 0.09253 ( 1)  0.185
  77 Q   0.13582 0.13582 0.13582 0.13582 0.13582 0.13582 0.09253 0.09253 ( 1)  0.185
  78 Q   0.13582 0.13582 0.13582 0.13582 0.13582 0.13582 0.09253 0.09253 ( 1)  0.185
  79 Q   0.13582 0.13582 0.13582 0.13582 0.13582 0.13582 0.09253 0.09253 ( 1)  0.185
  80 H   0.13315 0.13315 0.13315 0.13315 0.13315 0.13315 0.10054 0.10054 ( 5)  0.201
  81 V   0.12959 0.12959 0.12959 0.12959 0.12959 0.12959 0.11123 0.11123 ( 1)  0.222
  82 S   0.12809 0.12809 0.12809 0.12809 0.12809 0.12809 0.11573 0.11573 ( 2)  0.231
  83 S   0.13109 0.13109 0.13109 0.13109 0.13109 0.13109 0.10672 0.10672 ( 2)  0.213
  84 P   0.13463 0.13463 0.13463 0.13463 0.13463 0.13463 0.09610 0.09610 ( 2)  0.192
  85 V   0.12906 0.12906 0.12906 0.12906 0.12906 0.12906 0.11282 0.11282 ( 2)  0.226
  86 T   0.12900 0.12900 0.12900 0.12900 0.12900 0.12900 0.11299 0.11299 ( 2)  0.226
  87 P   0.12953 0.12953 0.12953 0.12953 0.12953 0.12953 0.11142 0.11142 ( 1)  0.223
  88 Q   0.13152 0.13152 0.13152 0.13152 0.13152 0.13152 0.10545 0.10545 ( 1)  0.211
  89 G   0.13321 0.13321 0.13321 0.13321 0.13321 0.13321 0.10038 0.10038 ( 2)  0.201
  90 R   0.12871 0.12871 0.12871 0.12871 0.12871 0.12871 0.11386 0.11386 ( 1)  0.228
  91 G   0.13040 0.13040 0.13040 0.13040 0.13040 0.13040 0.10881 0.10881 ( 2)  0.218
  92 M   0.13506 0.13506 0.13506 0.13506 0.13506 0.13506 0.09482 0.09482 ( 2)  0.190
  93 H   0.13315 0.13315 0.13315 0.13315 0.13315 0.13315 0.10054 0.10054 ( 5)  0.201
  94 S   0.13224 0.13224 0.13224 0.13224 0.13224 0.13224 0.10328 0.10328 ( 2)  0.207
  95 P   0.13143 0.13143 0.13143 0.13143 0.13143 0.13143 0.10571 0.10571 ( 5)  0.211
  96 Y   0.13043 0.13043 0.13043 0.13043 0.13043 0.13043 0.10870 0.10870 ( 1)  0.217
  97 Q   0.13152 0.13152 0.13152 0.13152 0.13152 0.13152 0.10545 0.10545 ( 1)  0.211
  98 Q   0.13582 0.13582 0.13582 0.13582 0.13582 0.13582 0.09253 0.09253 ( 1)  0.185
  99 W   0.13072 0.13072 0.13072 0.13072 0.13072 0.13072 0.10783 0.10783 ( 1)  0.216
 100 E   0.13077 0.13077 0.13077 0.13077 0.13077 0.13077 0.10770 0.10770 ( 1)  0.215
 101 G   0.12857 0.12857 0.12857 0.12857 0.12857 0.12857 0.11430 0.11430 ( 2)  0.229
 102 A   0.12973 0.12973 0.12973 0.12973 0.12973 0.12973 0.11081 0.11081 ( 5)  0.222
 103 V   0.12959 0.12959 0.12959 0.12959 0.12959 0.12959 0.11123 0.11123 ( 1)  0.222
 104 Q   0.13582 0.13582 0.13582 0.13582 0.13582 0.13582 0.09253 0.09253 ( 1)  0.185
 105 Q   0.13582 0.13582 0.13582 0.13582 0.13582 0.13582 0.09253 0.09253 ( 1)  0.185
 106 Q   0.13582 0.13582 0.13582 0.13582 0.13582 0.13582 0.09253 0.09253 ( 1)  0.185
 107 Q   0.13582 0.13582 0.13582 0.13582 0.13582 0.13582 0.09253 0.09253 ( 1)  0.185
 108 Q   0.13582 0.13582 0.13582 0.13582 0.13582 0.13582 0.09253 0.09253 ( 1)  0.185
 109 L   0.12910 0.12910 0.12910 0.12910 0.12910 0.12910 0.11270 0.11270 ( 2)  0.225
 110 I   0.13044 0.13044 0.13044 0.13044 0.13044 0.13044 0.10869 0.10869 ( 2)  0.217
 111 Q   0.13582 0.13582 0.13582 0.13582 0.13582 0.13582 0.09253 0.09253 ( 1)  0.185
 112 R   0.12992 0.12992 0.12992 0.12992 0.12992 0.12992 0.11025 0.11025 ( 2)  0.220
 113 T   0.13366 0.13366 0.13366 0.13366 0.13366 0.13366 0.09901 0.09901 ( 2)  0.198
 114 Q   0.13152 0.13152 0.13152 0.13152 0.13152 0.13152 0.10545 0.10545 ( 1)  0.211
 115 P   0.13463 0.13463 0.13463 0.13463 0.13463 0.13463 0.09610 0.09610 ( 2)  0.192
 116 Q   0.13582 0.13582 0.13582 0.13582 0.13582 0.13582 0.09253 0.09253 ( 1)  0.185
 117 A   0.13401 0.13401 0.13401 0.13401 0.13401 0.13401 0.09798 0.09798 ( 5)  0.196
 118 Q   0.13152 0.13152 0.13152 0.13152 0.13152 0.13152 0.10545 0.10545 ( 1)  0.211
 119 G   0.13040 0.13040 0.13040 0.13040 0.13040 0.13040 0.10881 0.10881 ( 2)  0.218
 120 F   0.13075 0.13075 0.13075 0.13075 0.13075 0.13075 0.10776 0.10776 ( 5)  0.216
 121 D   0.13329 0.13329 0.13329 0.13329 0.13329 0.13329 0.10014 0.10014 ( 5)  0.200
 122 D   0.13329 0.13329 0.13329 0.13329 0.13329 0.13329 0.10014 0.10014 ( 5)  0.200
 123 T   0.13366 0.13366 0.13366 0.13366 0.13366 0.13366 0.09901 0.09901 ( 2)  0.198
 124 G   0.13040 0.13040 0.13040 0.13040 0.13040 0.13040 0.10881 0.10881 ( 2)  0.218
 125 E   0.13077 0.13077 0.13077 0.13077 0.13077 0.13077 0.10770 0.10770 ( 1)  0.215
 126 G   0.12926 0.12926 0.12926 0.12926 0.12926 0.12926 0.11221 0.11221 ( 2)  0.224
 127 F   0.12974 0.12974 0.12974 0.12974 0.12974 0.12974 0.11078 0.11078 ( 5)  0.222
 128 E   0.13077 0.13077 0.13077 0.13077 0.13077 0.13077 0.10770 0.10770 ( 1)  0.215
 129 S   0.13109 0.13109 0.13109 0.13109 0.13109 0.13109 0.10672 0.10672 ( 2)  0.213
 130 L   0.13380 0.13380 0.13380 0.13380 0.13380 0.13380 0.09860 0.09860 ( 1)  0.197
 131 L   0.13380 0.13380 0.13380 0.13380 0.13380 0.13380 0.09860 0.09860 ( 1)  0.197
 132 E   0.13506 0.13506 0.13506 0.13506 0.13506 0.13506 0.09481 0.09481 ( 1)  0.190
 133 L   0.13380 0.13380 0.13380 0.13380 0.13380 0.13380 0.09860 0.09860 ( 1)  0.197
 134 L   0.12984 0.12984 0.12984 0.12984 0.12984 0.12984 0.11047 0.11047 ( 2)  0.221
 135 N   0.13270 0.13270 0.13270 0.13270 0.13270 0.13270 0.10191 0.10191 ( 5)  0.204
 136 G   0.12857 0.12857 0.12857 0.12857 0.12857 0.12857 0.11430 0.11430 ( 2)  0.229
 137 P   0.13011 0.13011 0.13011 0.13011 0.13011 0.13011 0.10968 0.10968 ( 5)  0.219
 138 T   0.13366 0.13366 0.13366 0.13366 0.13366 0.13366 0.09901 0.09901 ( 2)  0.198
 139 D   0.13211 0.13211 0.13211 0.13211 0.13211 0.13211 0.10368 0.10368 ( 5)  0.207
 140 P   0.13463 0.13463 0.13463 0.13463 0.13463 0.13463 0.09610 0.09610 ( 2)  0.192
 141 G   0.12857 0.12857 0.12857 0.12857 0.12857 0.12857 0.11430 0.11430 ( 2)  0.229
 142 P   0.12953 0.12953 0.12953 0.12953 0.12953 0.12953 0.11142 0.11142 ( 1)  0.223
 143 P   0.13463 0.13463 0.13463 0.13463 0.13463 0.13463 0.09610 0.09610 ( 2)  0.192
 144 S   0.13109 0.13109 0.13109 0.13109 0.13109 0.13109 0.10672 0.10672 ( 2)  0.213
 145 G   0.12857 0.12857 0.12857 0.12857 0.12857 0.12857 0.11430 0.11430 ( 2)  0.229
 146 G   0.13040 0.13040 0.13040 0.13040 0.13040 0.13040 0.10881 0.10881 ( 2)  0.218
 147 A   0.13097 0.13097 0.13097 0.13097 0.13097 0.13097 0.10709 0.10709 ( 5)  0.214
 148 C   0.12955 0.12955 0.12955 0.12955 0.12955 0.12955 0.11134 0.11134 ( 2)  0.223
 149 M   0.13506 0.13506 0.13506 0.13506 0.13506 0.13506 0.09482 0.09482 ( 2)  0.190
 150 P   0.12953 0.12953 0.12953 0.12953 0.12953 0.12953 0.11142 0.11142 ( 1)  0.223
 151 G   0.12926 0.12926 0.12926 0.12926 0.12926 0.12926 0.11221 0.11221 ( 2)  0.224
 152 S   0.13109 0.13109 0.13109 0.13109 0.13109 0.13109 0.10672 0.10672 ( 2)  0.213
 153 R   0.13217 0.13217 0.13217 0.13217 0.13217 0.13217 0.10348 0.10348 ( 1)  0.207
 154 A   0.13401 0.13401 0.13401 0.13401 0.13401 0.13401 0.09798 0.09798 ( 5)  0.196
 155 D   0.13329 0.13329 0.13329 0.13329 0.13329 0.13329 0.10014 0.10014 ( 5)  0.200
 156 I   0.13156 0.13156 0.13156 0.13156 0.13156 0.13156 0.10533 0.10533 ( 2)  0.211
 157 I   0.13156 0.13156 0.13156 0.13156 0.13156 0.13156 0.10533 0.10533 ( 2)  0.211
 158 I   0.13156 0.13156 0.13156 0.13156 0.13156 0.13156 0.10533 0.10533 ( 2)  0.211
 159 N   0.13270 0.13270 0.13270 0.13270 0.13270 0.13270 0.10191 0.10191 ( 5)  0.204
 160 A   0.12973 0.12973 0.12973 0.12973 0.12973 0.12973 0.11081 0.11081 ( 5)  0.222
 161 P   0.12953 0.12953 0.12953 0.12953 0.12953 0.12953 0.11142 0.11142 ( 1)  0.223
 162 M   0.13506 0.13506 0.13506 0.13506 0.13506 0.13506 0.09482 0.09482 ( 2)  0.190
 163 M   0.13506 0.13506 0.13506 0.13506 0.13506 0.13506 0.09482 0.09482 ( 2)  0.190
 164 V   0.13080 0.13080 0.13080 0.13080 0.13080 0.13080 0.10761 0.10761 ( 1)  0.215
 165 P   0.13143 0.13143 0.13143 0.13143 0.13143 0.13143 0.10571 0.10571 ( 5)  0.211
 166 A   0.13401 0.13401 0.13401 0.13401 0.13401 0.13401 0.09798 0.09798 ( 5)  0.196
 167 Q   0.13582 0.13582 0.13582 0.13582 0.13582 0.13582 0.09253 0.09253 ( 1)  0.185
 168 P   0.13463 0.13463 0.13463 0.13463 0.13463 0.13463 0.09610 0.09610 ( 2)  0.192
 169 P   0.12953 0.12953 0.12953 0.12953 0.12953 0.12953 0.11142 0.11142 ( 1)  0.223
 170 P   0.12953 0.12953 0.12953 0.12953 0.12953 0.12953 0.11142 0.11142 ( 1)  0.223
 171 P   0.12953 0.12953 0.12953 0.12953 0.12953 0.12953 0.11142 0.11142 ( 1)  0.223
 172 P   0.13463 0.13463 0.13463 0.13463 0.13463 0.13463 0.09610 0.09610 ( 2)  0.192
 173 P   0.13463 0.13463 0.13463 0.13463 0.13463 0.13463 0.09610 0.09610 ( 2)  0.192
 174 P   0.12953 0.12953 0.12953 0.12953 0.12953 0.12953 0.11142 0.11142 ( 1)  0.223
 175 P   0.13463 0.13463 0.13463 0.13463 0.13463 0.13463 0.09610 0.09610 ( 2)  0.192
 176 P   0.13463 0.13463 0.13463 0.13463 0.13463 0.13463 0.09610 0.09610 ( 2)  0.192
 177 P   0.13463 0.13463 0.13463 0.13463 0.13463 0.13463 0.09610 0.09610 ( 2)  0.192
 178 P   0.13463 0.13463 0.13463 0.13463 0.13463 0.13463 0.09610 0.09610 ( 2)  0.192
 179 A   0.12919 0.12919 0.12919 0.12919 0.12919 0.12919 0.11244 0.11244 ( 1)  0.225
 180 P   0.13463 0.13463 0.13463 0.13463 0.13463 0.13463 0.09610 0.09610 ( 2)  0.192
 181 P   0.13463 0.13463 0.13463 0.13463 0.13463 0.13463 0.09610 0.09610 ( 2)  0.192
 182 A   0.12973 0.12973 0.12973 0.12973 0.12973 0.12973 0.11081 0.11081 ( 5)  0.222
 183 A   0.13097 0.13097 0.13097 0.13097 0.13097 0.13097 0.10709 0.10709 ( 5)  0.214
 184 E   0.13506 0.13506 0.13506 0.13506 0.13506 0.13506 0.09481 0.09481 ( 1)  0.190
 185 S   0.13023 0.13023 0.13023 0.13023 0.13023 0.13023 0.10932 0.10932 ( 2)  0.219
 186 R   0.13121 0.13121 0.13121 0.13121 0.13121 0.13121 0.10638 0.10638 ( 1)  0.213
 187 S   0.12912 0.12912 0.12912 0.12912 0.12912 0.12912 0.11263 0.11263 ( 2)  0.225
 188 G   0.12926 0.12926 0.12926 0.12926 0.12926 0.12926 0.11221 0.11221 ( 2)  0.224
 189 P   0.13463 0.13463 0.13463 0.13463 0.13463 0.13463 0.09610 0.09610 ( 2)  0.192
 190 S   0.13109 0.13109 0.13109 0.13109 0.13109 0.13109 0.10672 0.10672 ( 2)  0.213
 191 K   0.13450 0.13450 0.13450 0.13450 0.13450 0.13450 0.09650 0.09650 ( 5)  0.193
 192 A   0.13401 0.13401 0.13401 0.13401 0.13401 0.13401 0.09798 0.09798 ( 5)  0.196
 193 P   0.12953 0.12953 0.12953 0.12953 0.12953 0.12953 0.11142 0.11142 ( 1)  0.223
 194 V   0.13377 0.13377 0.13377 0.13377 0.13377 0.13377 0.09869 0.09869 ( 5)  0.197
 195 S   0.12912 0.12912 0.12912 0.12912 0.12912 0.12912 0.11263 0.11263 ( 2)  0.225
 196 E   0.13506 0.13506 0.13506 0.13506 0.13506 0.13506 0.09481 0.09481 ( 1)  0.190
 197 Q   0.13152 0.13152 0.13152 0.13152 0.13152 0.13152 0.10545 0.10545 ( 1)  0.211
 198 T   0.13366 0.13366 0.13366 0.13366 0.13366 0.13366 0.09901 0.09901 ( 2)  0.198
 199 R   0.13121 0.13121 0.13121 0.13121 0.13121 0.13121 0.10638 0.10638 ( 1)  0.213
 200 L   0.13380 0.13380 0.13380 0.13380 0.13380 0.13380 0.09860 0.09860 ( 1)  0.197
 201 A   0.12919 0.12919 0.12919 0.12919 0.12919 0.12919 0.11244 0.11244 ( 1)  0.225
 202 L   0.12910 0.12910 0.12910 0.12910 0.12910 0.12910 0.11270 0.11270 ( 2)  0.225
 203 I   0.13044 0.13044 0.13044 0.13044 0.13044 0.13044 0.10869 0.10869 ( 2)  0.217
 204 K   0.13029 0.13029 0.13029 0.13029 0.13029 0.13029 0.10914 0.10914 ( 1)  0.218
 205 K   0.13450 0.13450 0.13450 0.13450 0.13450 0.13450 0.09650 0.09650 ( 5)  0.193
 206 L   0.13138 0.13138 0.13138 0.13138 0.13138 0.13138 0.10585 0.10585 ( 5)  0.212
 207 N   0.13154 0.13154 0.13154 0.13154 0.13154 0.13154 0.10539 0.10539 ( 5)  0.211
 208 P   0.13143 0.13143 0.13143 0.13143 0.13143 0.13143 0.10571 0.10571 ( 5)  0.211
 209 Q   0.13152 0.13152 0.13152 0.13152 0.13152 0.13152 0.10545 0.10545 ( 1)  0.211
 210 S   0.12912 0.12912 0.12912 0.12912 0.12912 0.12912 0.11263 0.11263 ( 2)  0.225
 211 I   0.13044 0.13044 0.13044 0.13044 0.13044 0.13044 0.10869 0.10869 ( 2)  0.217
 212 L   0.13007 0.13007 0.13007 0.13007 0.13007 0.13007 0.10980 0.10980 ( 5)  0.220
 213 V   0.12959 0.12959 0.12959 0.12959 0.12959 0.12959 0.11123 0.11123 ( 1)  0.222
 214 D   0.13211 0.13211 0.13211 0.13211 0.13211 0.13211 0.10368 0.10368 ( 5)  0.207
 215 E   0.13506 0.13506 0.13506 0.13506 0.13506 0.13506 0.09481 0.09481 ( 1)  0.190
 216 N   0.13154 0.13154 0.13154 0.13154 0.13154 0.13154 0.10539 0.10539 ( 5)  0.211
 217 F   0.13075 0.13075 0.13075 0.13075 0.13075 0.13075 0.10776 0.10776 ( 5)  0.216
 218 N   0.13154 0.13154 0.13154 0.13154 0.13154 0.13154 0.10539 0.10539 ( 5)  0.211
 219 S   0.13007 0.13007 0.13007 0.13007 0.13007 0.13007 0.10979 0.10979 ( 5)  0.220
 220 Q   0.13582 0.13582 0.13582 0.13582 0.13582 0.13582 0.09253 0.09253 ( 1)  0.185
 221 L   0.13007 0.13007 0.13007 0.13007 0.13007 0.13007 0.10980 0.10980 ( 5)  0.220
 222 H   0.13437 0.13437 0.13437 0.13437 0.13437 0.13437 0.09690 0.09690 ( 5)  0.194
 223 T   0.13366 0.13366 0.13366 0.13366 0.13366 0.13366 0.09901 0.09901 ( 2)  0.198
 224 A   0.13097 0.13097 0.13097 0.13097 0.13097 0.13097 0.10709 0.10709 ( 5)  0.214
 225 V   0.12906 0.12906 0.12906 0.12906 0.12906 0.12906 0.11282 0.11282 ( 2)  0.226
 226 L   0.13380 0.13380 0.13380 0.13380 0.13380 0.13380 0.09860 0.09860 ( 1)  0.197
 227 Q   0.13152 0.13152 0.13152 0.13152 0.13152 0.13152 0.10545 0.10545 ( 1)  0.211
 228 S   0.13007 0.13007 0.13007 0.13007 0.13007 0.13007 0.10979 0.10979 ( 5)  0.220
 229 Q   0.13152 0.13152 0.13152 0.13152 0.13152 0.13152 0.10545 0.10545 ( 1)  0.211
 230 P   0.12953 0.12953 0.12953 0.12953 0.12953 0.12953 0.11142 0.11142 ( 1)  0.223
 231 R   0.12992 0.12992 0.12992 0.12992 0.12992 0.12992 0.11025 0.11025 ( 2)  0.220
 232 E   0.13506 0.13506 0.13506 0.13506 0.13506 0.13506 0.09481 0.09481 ( 1)  0.190
 233 A   0.12919 0.12919 0.12919 0.12919 0.12919 0.12919 0.11244 0.11244 ( 1)  0.225
 234 V   0.13080 0.13080 0.13080 0.13080 0.13080 0.13080 0.10761 0.10761 ( 1)  0.215
 235 D   0.13329 0.13329 0.13329 0.13329 0.13329 0.13329 0.10014 0.10014 ( 5)  0.200
 236 F   0.12974 0.12974 0.12974 0.12974 0.12974 0.12974 0.11078 0.11078 ( 5)  0.222
 237 L   0.13380 0.13380 0.13380 0.13380 0.13380 0.13380 0.09860 0.09860 ( 1)  0.197
 238 L   0.13007 0.13007 0.13007 0.13007 0.13007 0.13007 0.10980 0.10980 ( 5)  0.220
 239 C   0.12955 0.12955 0.12955 0.12955 0.12955 0.12955 0.11134 0.11134 ( 2)  0.223
 240 N   0.13270 0.13270 0.13270 0.13270 0.13270 0.13270 0.10191 0.10191 ( 5)  0.204
 241 L   0.13138 0.13138 0.13138 0.13138 0.13138 0.13138 0.10585 0.10585 ( 5)  0.212
 242 K   0.13029 0.13029 0.13029 0.13029 0.13029 0.13029 0.10914 0.10914 ( 1)  0.218
 243 R   0.13217 0.13217 0.13217 0.13217 0.13217 0.13217 0.10348 0.10348 ( 1)  0.207
 244 Q   0.13582 0.13582 0.13582 0.13582 0.13582 0.13582 0.09253 0.09253 ( 1)  0.185
 245 K   0.13450 0.13450 0.13450 0.13450 0.13450 0.13450 0.09650 0.09650 ( 5)  0.193
 246 K   0.13450 0.13450 0.13450 0.13450 0.13450 0.13450 0.09650 0.09650 ( 5)  0.193
 247 L   0.13380 0.13380 0.13380 0.13380 0.13380 0.13380 0.09860 0.09860 ( 1)  0.197
 248 L   0.12910 0.12910 0.12910 0.12910 0.12910 0.12910 0.11270 0.11270 ( 2)  0.225
 249 P   0.12953 0.12953 0.12953 0.12953 0.12953 0.12953 0.11142 0.11142 ( 1)  0.223
 250 I   0.13040 0.13040 0.13040 0.13040 0.13040 0.13040 0.10879 0.10879 ( 5)  0.218
 251 I   0.13156 0.13156 0.13156 0.13156 0.13156 0.13156 0.10533 0.10533 ( 2)  0.211
 252 N   0.13270 0.13270 0.13270 0.13270 0.13270 0.13270 0.10191 0.10191 ( 5)  0.204
 253 M   0.13506 0.13506 0.13506 0.13506 0.13506 0.13506 0.09482 0.09482 ( 2)  0.190
 254 V   0.12959 0.12959 0.12959 0.12959 0.12959 0.12959 0.11123 0.11123 ( 1)  0.222
 255 N   0.13154 0.13154 0.13154 0.13154 0.13154 0.13154 0.10539 0.10539 ( 5)  0.211
 256 I   0.13156 0.13156 0.13156 0.13156 0.13156 0.13156 0.10533 0.10533 ( 2)  0.211
 257 C   0.12869 0.12869 0.12869 0.12869 0.12869 0.12869 0.11393 0.11393 ( 2)  0.228
 258 G   0.13321 0.13321 0.13321 0.13321 0.13321 0.13321 0.10038 0.10038 ( 2)  0.201
 259 H   0.13437 0.13437 0.13437 0.13437 0.13437 0.13437 0.09690 0.09690 ( 5)  0.194
 260 T   0.13366 0.13366 0.13366 0.13366 0.13366 0.13366 0.09901 0.09901 ( 2)  0.198
 261 P   0.13463 0.13463 0.13463 0.13463 0.13463 0.13463 0.09610 0.09610 ( 2)  0.192
 262 L   0.13007 0.13007 0.13007 0.13007 0.13007 0.13007 0.10980 0.10980 ( 5)  0.220
 263 S   0.13224 0.13224 0.13224 0.13224 0.13224 0.13224 0.10328 0.10328 ( 2)  0.207
 264 L   0.13380 0.13380 0.13380 0.13380 0.13380 0.13380 0.09860 0.09860 ( 1)  0.197
 265 C   0.12955 0.12955 0.12955 0.12955 0.12955 0.12955 0.11134 0.11134 ( 2)  0.223
 266 L   0.13380 0.13380 0.13380 0.13380 0.13380 0.13380 0.09860 0.09860 ( 1)  0.197
 267 K   0.13450 0.13450 0.13450 0.13450 0.13450 0.13450 0.09650 0.09650 ( 5)  0.193
 268 M   0.13506 0.13506 0.13506 0.13506 0.13506 0.13506 0.09482 0.09482 ( 2)  0.190
 269 R   0.13121 0.13121 0.13121 0.13121 0.13121 0.13121 0.10638 0.10638 ( 1)  0.213
 270 R   0.13121 0.13121 0.13121 0.13121 0.13121 0.13121 0.10638 0.10638 ( 1)  0.213
 271 A   0.12973 0.12973 0.12973 0.12973 0.12973 0.12973 0.11081 0.11081 ( 5)  0.222
 272 D   0.13329 0.13329 0.13329 0.13329 0.13329 0.13329 0.10014 0.10014 ( 5)  0.200
 273 L   0.13380 0.13380 0.13380 0.13380 0.13380 0.13380 0.09860 0.09860 ( 1)  0.197
 274 L   0.13380 0.13380 0.13380 0.13380 0.13380 0.13380 0.09860 0.09860 ( 1)  0.197
 275 S   0.13224 0.13224 0.13224 0.13224 0.13224 0.13224 0.10328 0.10328 ( 2)  0.207
 276 L   0.13007 0.13007 0.13007 0.13007 0.13007 0.13007 0.10980 0.10980 ( 5)  0.220
 277 L   0.13138 0.13138 0.13138 0.13138 0.13138 0.13138 0.10585 0.10585 ( 5)  0.212
 278 I   0.13156 0.13156 0.13156 0.13156 0.13156 0.13156 0.10533 0.10533 ( 2)  0.211
 279 D   0.13329 0.13329 0.13329 0.13329 0.13329 0.13329 0.10014 0.10014 ( 5)  0.200
 280 F   0.12974 0.12974 0.12974 0.12974 0.12974 0.12974 0.11078 0.11078 ( 5)  0.222
 281 D   0.13211 0.13211 0.13211 0.13211 0.13211 0.13211 0.10368 0.10368 ( 5)  0.207
 282 A   0.13401 0.13401 0.13401 0.13401 0.13401 0.13401 0.09798 0.09798 ( 5)  0.196
 283 G   0.12857 0.12857 0.12857 0.12857 0.12857 0.12857 0.11430 0.11430 ( 2)  0.229
 284 P   0.13463 0.13463 0.13463 0.13463 0.13463 0.13463 0.09610 0.09610 ( 2)  0.192
 285 T   0.12953 0.12953 0.12953 0.12953 0.12953 0.12953 0.11142 0.11142 ( 1)  0.223
 286 Q   0.13582 0.13582 0.13582 0.13582 0.13582 0.13582 0.09253 0.09253 ( 1)  0.185
 287 L   0.13380 0.13380 0.13380 0.13380 0.13380 0.13380 0.09860 0.09860 ( 1)  0.197
 288 C   0.12955 0.12955 0.12955 0.12955 0.12955 0.12955 0.11134 0.11134 ( 2)  0.223
 289 C   0.12955 0.12955 0.12955 0.12955 0.12955 0.12955 0.11134 0.11134 ( 2)  0.223
 290 C   0.12955 0.12955 0.12955 0.12955 0.12955 0.12955 0.11134 0.11134 ( 2)  0.223
 291 V   0.12959 0.12959 0.12959 0.12959 0.12959 0.12959 0.11123 0.11123 ( 1)  0.222
 292 S   0.13109 0.13109 0.13109 0.13109 0.13109 0.13109 0.10672 0.10672 ( 2)  0.213
 293 E   0.13506 0.13506 0.13506 0.13506 0.13506 0.13506 0.09481 0.09481 ( 1)  0.190
 294 R   0.13121 0.13121 0.13121 0.13121 0.13121 0.13121 0.10638 0.10638 ( 1)  0.213
 295 T   0.13366 0.13366 0.13366 0.13366 0.13366 0.13366 0.09901 0.09901 ( 2)  0.198
 296 N   0.13154 0.13154 0.13154 0.13154 0.13154 0.13154 0.10539 0.10539 ( 5)  0.211
 297 H   0.13437 0.13437 0.13437 0.13437 0.13437 0.13437 0.09690 0.09690 ( 5)  0.194
 298 F   0.12974 0.12974 0.12974 0.12974 0.12974 0.12974 0.11078 0.11078 ( 5)  0.222
 299 H   0.13437 0.13437 0.13437 0.13437 0.13437 0.13437 0.09690 0.09690 ( 5)  0.194
 300 Y   0.13043 0.13043 0.13043 0.13043 0.13043 0.13043 0.10870 0.10870 ( 1)  0.217
 301 A   0.13401 0.13401 0.13401 0.13401 0.13401 0.13401 0.09798 0.09798 ( 5)  0.196
 302 F   0.12974 0.12974 0.12974 0.12974 0.12974 0.12974 0.11078 0.11078 ( 5)  0.222
 303 A   0.13401 0.13401 0.13401 0.13401 0.13401 0.13401 0.09798 0.09798 ( 5)  0.196
 304 K   0.13450 0.13450 0.13450 0.13450 0.13450 0.13450 0.09650 0.09650 ( 5)  0.193
 305 C   0.12870 0.12870 0.12870 0.12870 0.12870 0.12870 0.11390 0.11390 ( 5)  0.228
 306 L   0.13380 0.13380 0.13380 0.13380 0.13380 0.13380 0.09860 0.09860 ( 1)  0.197
 307 D   0.13329 0.13329 0.13329 0.13329 0.13329 0.13329 0.10014 0.10014 ( 5)  0.200
 308 T   0.13072 0.13072 0.13072 0.13072 0.13072 0.13072 0.10784 0.10784 ( 1)  0.216
 309 T   0.13072 0.13072 0.13072 0.13072 0.13072 0.13072 0.10784 0.10784 ( 1)  0.216
 310 A   0.12973 0.12973 0.12973 0.12973 0.12973 0.12973 0.11081 0.11081 ( 5)  0.222
 311 A   0.13097 0.13097 0.13097 0.13097 0.13097 0.13097 0.10709 0.10709 ( 5)  0.214
 312 I   0.13044 0.13044 0.13044 0.13044 0.13044 0.13044 0.10869 0.10869 ( 2)  0.217
 313 Q   0.13582 0.13582 0.13582 0.13582 0.13582 0.13582 0.09253 0.09253 ( 1)  0.185
 314 M   0.13506 0.13506 0.13506 0.13506 0.13506 0.13506 0.09482 0.09482 ( 2)  0.190
 315 V   0.13377 0.13377 0.13377 0.13377 0.13377 0.13377 0.09869 0.09869 ( 5)  0.197
 316 Q   0.13152 0.13152 0.13152 0.13152 0.13152 0.13152 0.10545 0.10545 ( 1)  0.211
 317 C   0.12955 0.12955 0.12955 0.12955 0.12955 0.12955 0.11134 0.11134 ( 2)  0.223
 318 L   0.12984 0.12984 0.12984 0.12984 0.12984 0.12984 0.11047 0.11047 ( 2)  0.221
 319 I   0.13156 0.13156 0.13156 0.13156 0.13156 0.13156 0.10533 0.10533 ( 2)  0.211
 320 S   0.13109 0.13109 0.13109 0.13109 0.13109 0.13109 0.10672 0.10672 ( 2)  0.213
 321 C   0.12955 0.12955 0.12955 0.12955 0.12955 0.12955 0.11134 0.11134 ( 2)  0.223
 322 V   0.13377 0.13377 0.13377 0.13377 0.13377 0.13377 0.09869 0.09869 ( 5)  0.197
 323 A   0.13239 0.13239 0.13239 0.13239 0.13239 0.13239 0.10282 0.10282 ( 1)  0.206
 324 R   0.00000 0.00000 0.00000 0.00000 0.00000 0.00000 0.50000 0.50000 ( 8)  1.000
 325 S   0.00000 0.00000 0.00000 0.00000 0.00000 0.00000 0.50000 0.50000 ( 8)  1.000
 326 T   0.00000 0.00000 0.00000 0.00000 0.00000 0.00000 0.50000 0.50000 ( 8)  1.000
 327 S   0.00000 0.00000 0.00000 0.00000 0.00000 0.00000 0.50000 0.50000 ( 8)  1.000
 328 P   0.00000 0.00000 0.00000 0.00000 0.00000 0.00000 0.50000 0.50000 ( 8)  1.000
 329 T   0.00000 0.00000 0.00000 0.00000 0.00000 0.00000 0.50000 0.50000 ( 8)  1.000
 330 S   0.00000 0.00000 0.00000 0.00000 0.00000 0.00000 0.50000 0.50000 ( 8)  1.000
 331 L   0.00000 0.00000 0.00000 0.00000 0.00000 0.00000 0.50000 0.50000 ( 8)  1.000
 332 V   0.00000 0.00000 0.00000 0.00000 0.00000 0.00000 0.50000 0.50000 ( 8)  1.000
 333 F   0.00000 0.00000 0.00000 0.00000 0.00000 0.00000 0.50000 0.50000 ( 8)  1.000
 334 M   0.00000 0.00000 0.00000 0.00000 0.00000 0.00000 0.50000 0.50000 ( 8)  1.000
 335 P   0.00000 0.00000 0.00000 0.00000 0.00000 0.00000 0.50000 0.50000 ( 8)  1.000
 336 R   0.00000 0.00000 0.00000 0.00000 0.00000 0.00000 0.50000 0.50000 ( 8)  1.000
 337 T   0.00000 0.00000 0.00000 0.00000 0.00000 0.00000 0.50000 0.50000 ( 8)  1.000
 338 A   0.00000 0.00000 0.00000 0.00000 0.00000 0.00000 0.50000 0.50000 ( 8)  1.000
 339 L   0.00000 0.00000 0.00000 0.00000 0.00000 0.00000 0.50000 0.50000 ( 8)  1.000
 340 G   0.00000 0.00000 0.00000 0.00000 0.00000 0.00000 0.50000 0.50000 ( 8)  1.000
 341 R   0.00000 0.00000 0.00000 0.00000 0.00000 0.00000 0.50000 0.50000 ( 8)  1.000
 342 R   0.00000 0.00000 0.00000 0.00000 0.00000 0.00000 0.50000 0.50000 ( 8)  1.000


lnL = -1602.021241

