Supplemental results for CODEML (seqf: algn  treef: tree)


dN/dS (w) for site classes (K=2)

p:   0.42270  0.57730
w:   0.15443  1.00000

Naive Empirical Bayes (NEB) probabilities for 2 classes & postmean_w
(amino acids refer to 1st sequence: Msl.14401)

   1 A   0.86514 0.13486 ( 1)  0.268
   2 S   0.39958 0.60042 ( 2)  0.662
   3 Q   0.01686 0.98314 ( 2)  0.986
   4 Q   0.02295 0.97705 ( 2)  0.981
   5 G   0.86915 0.13085 ( 1)  0.265
   6 H   0.03107 0.96893 ( 2)  0.974
   7 L   0.32379 0.67621 ( 2)  0.726
   8 D   0.03423 0.96577 ( 2)  0.971
   9 V   0.50524 0.49476 ( 1)  0.573
  10 V   0.45210 0.54790 ( 2)  0.618
  11 K   0.86594 0.13406 ( 1)  0.268
  12 F   0.46817 0.53183 ( 2)  0.604
  13 L   0.80157 0.19843 ( 1)  0.322
  14 V   0.06835 0.93165 ( 2)  0.942
  15 Q   0.05182 0.94818 ( 2)  0.956
  16 A   0.00096 0.99904 ( 2)  0.999
  17 V   0.12006 0.87994 ( 2)  0.898
  18 A   0.12934 0.87066 ( 2)  0.891
  19 D   0.93840 0.06160 ( 1)  0.207
  20 E   0.46196 0.53804 ( 2)  0.609
  21 A   0.08419 0.91581 ( 2)  0.929
  22 K   0.58048 0.41952 ( 1)  0.509
  23 R   0.33640 0.66360 ( 2)  0.716
  24 D   0.92889 0.07111 ( 1)  0.215
  25 Q   0.00405 0.99595 ( 2)  0.997
  26 C   0.76276 0.23724 ( 1)  0.355
  27 C   0.76276 0.23724 ( 1)  0.355
  28 M   0.55329 0.44671 ( 1)  0.532
  29 E   0.11846 0.88154 ( 2)  0.900
  30 A   0.86486 0.13514 ( 1)  0.269
  31 V   0.07319 0.92681 ( 2)  0.938
  32 E   0.51912 0.48088 ( 1)  0.561
  33 F   0.00202 0.99798 ( 2)  0.998
  34 A   0.86630 0.13370 ( 1)  0.267
  35 G   0.43382 0.56618 ( 2)  0.633
  36 S   0.00319 0.99681 ( 2)  0.997
  37 G   0.01415 0.98585 ( 2)  0.988
  38 G   0.86915 0.13085 ( 1)  0.265
  39 R   0.00751 0.99249 ( 2)  0.994
  40 I   0.06953 0.93047 ( 2)  0.941
  41 D   0.64662 0.35338 ( 1)  0.453
  42 A   0.12678 0.87322 ( 2)  0.893
  43 V   0.84793 0.15207 ( 1)  0.283
  44 K   0.11498 0.88502 ( 2)  0.903
  45 F   0.86272 0.13728 ( 1)  0.271
  46 L   0.80157 0.19843 ( 1)  0.322
  47 V   0.35924 0.64076 ( 2)  0.696
  48 Q   0.04692 0.95308 ( 2)  0.960
  49 T   0.01701 0.98299 ( 2)  0.986
  50 V   0.48841 0.51159 ( 2)  0.587
  51 V   0.01913 0.98087 ( 2)  0.984
  52 D   0.93840 0.06160 ( 1)  0.207
  53 Q   0.45320 0.54680 ( 2)  0.617
  54 T   0.38374 0.61626 ( 2)  0.676
  55 N   0.22266 0.77734 ( 2)  0.812
  56 R   0.37078 0.62922 ( 2)  0.686
  57 D   0.92889 0.07111 ( 1)  0.215
  58 Q   0.00405 0.99595 ( 2)  0.997
  59 C   0.76276 0.23724 ( 1)  0.355
  60 C   0.76276 0.23724 ( 1)  0.355
  61 M   0.55329 0.44671 ( 1)  0.532
  62 E   0.64103 0.35897 ( 1)  0.458
  63 A   0.86486 0.13514 ( 1)  0.269
  64 A   0.86654 0.13346 ( 1)  0.267
  65 K   0.14729 0.85271 ( 2)  0.875
  66 C   0.01193 0.98807 ( 2)  0.990
  67 A   0.86630 0.13370 ( 1)  0.267
  68 S   0.41975 0.58025 ( 2)  0.645
  69 K   0.00056 0.99944 ( 2)  1.000
  70 K   0.11980 0.88020 ( 2)  0.899
  71 G   0.86867 0.13133 ( 1)  0.265
  72 H   0.88472 0.11528 ( 1)  0.252
  73 L   0.48256 0.51744 ( 2)  0.592
  74 N   0.16661 0.83339 ( 2)  0.859
  75 V   0.42105 0.57895 ( 2)  0.644
  76 V   0.86190 0.13810 ( 1)  0.271
  77 K   0.50231 0.49769 ( 1)  0.575
  78 F   0.48219 0.51781 ( 2)  0.592
  79 L   0.79503 0.20497 ( 1)  0.328
  80 V   0.32636 0.67364 ( 2)  0.724
  81 Q   0.05004 0.94996 ( 2)  0.958
  82 I   0.01551 0.98449 ( 2)  0.987
  83 V   0.45780 0.54220 ( 2)  0.613
  84 P   0.00231 0.99769 ( 2)  0.998
  85 D   0.93840 0.06160 ( 1)  0.207
  86 E   0.51733 0.48267 ( 1)  0.563
  87 A   0.08419 0.91581 ( 2)  0.929
  88 K   0.58048 0.41952 ( 1)  0.509
  89 T   0.01696 0.98304 ( 2)  0.986
  90 D   0.92889 0.07111 ( 1)  0.215
  91 Q   0.00405 0.99595 ( 2)  0.997
  92 C   0.31344 0.68656 ( 2)  0.735
  93 C   0.76276 0.23724 ( 1)  0.355
  94 M   0.51093 0.48907 ( 1)  0.568
  95 E   0.11512 0.88488 ( 2)  0.903
  96 A   0.86486 0.13514 ( 1)  0.269
  97 A   0.85104 0.14896 ( 1)  0.280
  98 R   0.02000 0.98000 ( 2)  0.983
  99 S   0.00888 0.99112 ( 2)  0.992
 100 A   0.86630 0.13370 ( 1)  0.267
 101 A   0.41183 0.58817 ( 2)  0.652
 102 I   0.01030 0.98970 ( 2)  0.991
 103 Y   0.01985 0.98015 ( 2)  0.983
 104 C   0.01616 0.98384 ( 2)  0.986
 105 Q   0.08521 0.91479 ( 2)  0.928
 106 W   0.05685 0.94315 ( 2)  0.952
 107 E   0.93796 0.06204 ( 1)  0.207
 108 V   0.39419 0.60581 ( 2)  0.667
 109 L   0.44875 0.55125 ( 2)  0.621
 110 K   0.86594 0.13406 ( 1)  0.268
 111 F   0.86272 0.13728 ( 1)  0.271
 112 L   0.80157 0.19843 ( 1)  0.322
 113 V   0.32939 0.67061 ( 2)  0.721
 114 Q   0.00960 0.99040 ( 2)  0.992
 115 T   0.01171 0.98829 ( 2)  0.990
 116 V   0.11832 0.88168 ( 2)  0.900
 117 A   0.11892 0.88108 ( 2)  0.899
 118 G   0.86915 0.13085 ( 1)  0.265
 119 H   0.01751 0.98249 ( 2)  0.985
 120 L   0.07726 0.92274 ( 2)  0.935
 121 N   0.03916 0.96084 ( 2)  0.967
 122 V   0.37617 0.62383 ( 2)  0.682
 123 V   0.45130 0.54870 ( 2)  0.618
 124 K   0.86594 0.13406 ( 1)  0.268
 125 F   0.48164 0.51836 ( 2)  0.593
 126 L   0.74582 0.25418 ( 1)  0.369
 127 V   0.32939 0.67061 ( 2)  0.721
 128 Q   0.00710 0.99290 ( 2)  0.994
 129 I   0.01551 0.98449 ( 2)  0.987
 130 V   0.49076 0.50924 ( 2)  0.585
 131 P   0.01394 0.98606 ( 2)  0.988
 132 D   0.93840 0.06160 ( 1)  0.207
 133 E   0.51733 0.48267 ( 1)  0.563
 134 A   0.08419 0.91581 ( 2)  0.929
 135 K   0.58048 0.41952 ( 1)  0.509
 136 T   0.08388 0.91612 ( 2)  0.929
 137 D   0.92889 0.07111 ( 1)  0.215
 138 Q   0.00405 0.99595 ( 2)  0.997
 139 C   0.31344 0.68656 ( 2)  0.735
 140 C   0.76276 0.23724 ( 1)  0.355
 141 M   0.55329 0.44671 ( 1)  0.532
 142 E   0.11512 0.88488 ( 2)  0.903
 143 A   0.86486 0.13514 ( 1)  0.269
 144 A   0.85104 0.14896 ( 1)  0.280
 145 R   0.02000 0.98000 ( 2)  0.983
 146 S   0.00125 0.99875 ( 2)  0.999
 147 A   0.86630 0.13370 ( 1)  0.267
 148 A   0.86372 0.13628 ( 1)  0.270
 149 I   0.00027 0.99973 ( 2)  1.000
 150 Y   0.00205 0.99795 ( 2)  0.998
 151 C   0.01661 0.98339 ( 2)  0.986
 152 Q   0.40926 0.59074 ( 2)  0.654
 153 W   0.01041 0.98959 ( 2)  0.991
 154 E   0.93796 0.06204 ( 1)  0.207
 155 V   0.08430 0.91570 ( 2)  0.929
 156 L   0.44420 0.55580 ( 2)  0.624
 157 K   0.86594 0.13406 ( 1)  0.268
 158 F   0.86272 0.13728 ( 1)  0.271
 159 L   0.80157 0.19843 ( 1)  0.322
 160 V   0.32939 0.67061 ( 2)  0.721
 161 Q   0.04692 0.95308 ( 2)  0.960
 162 T   0.01483 0.98517 ( 2)  0.987
 163 V   0.48803 0.51197 ( 2)  0.587
 164 A   0.12934 0.87066 ( 2)  0.891
 165 D   0.93840 0.06160 ( 1)  0.207
 166 E   0.51733 0.48267 ( 1)  0.563
 167 T   0.38374 0.61626 ( 2)  0.676
 168 S   0.03488 0.96512 ( 2)  0.971
 169 R   0.82042 0.17958 ( 1)  0.306
 170 D   0.58740 0.41260 ( 1)  0.503
 171 Q   0.00405 0.99595 ( 2)  0.997
 172 C   0.76276 0.23724 ( 1)  0.355
 173 C   0.76276 0.23724 ( 1)  0.355
 174 M   0.55329 0.44671 ( 1)  0.532
 175 E   0.14721 0.85279 ( 2)  0.876
 176 A   0.86486 0.13514 ( 1)  0.269
 177 A   0.84941 0.15059 ( 1)  0.282
 178 K   0.68296 0.31704 ( 1)  0.423
 179 C   0.01081 0.98919 ( 2)  0.991
 180 A   0.86630 0.13370 ( 1)  0.267
 181 S   0.41975 0.58025 ( 2)  0.645
 182 E   0.00095 0.99905 ( 2)  0.999
 183 Q   0.02581 0.97419 ( 2)  0.978
 184 D   0.47128 0.52872 ( 2)  0.602
 185 N   0.50770 0.49230 ( 1)  0.571
 186 L   0.35604 0.64396 ( 2)  0.699
 187 D   0.71055 0.28945 ( 1)  0.399
 188 V   0.50523 0.49477 ( 1)  0.573
 189 V   0.86579 0.13421 ( 1)  0.268
 190 K   0.86594 0.13406 ( 1)  0.268
 191 F   0.87162 0.12838 ( 1)  0.263
 192 L   0.79503 0.20497 ( 1)  0.328
 193 V   0.36818 0.63182 ( 2)  0.689
 194 Q   0.00811 0.99189 ( 2)  0.993
 195 T   0.09626 0.90374 ( 2)  0.919
 196 V   0.49076 0.50924 ( 2)  0.585


lnL = -2200.081123

