Supplemental results for CODEML (seqf: algn  treef: tree)


dN/dS (w) for site classes (K=2)

p:   0.75125  0.24875
w:   0.07891  1.00000

Naive Empirical Bayes (NEB) probabilities for 2 classes & postmean_w
(amino acids refer to 1st sequence: Msl.28920)

   1 L   0.58531 0.41469 ( 1)  0.461
   2 L   0.76027 0.23973 ( 1)  0.300
   3 P   0.99415 0.00585 ( 1)  0.084
   4 A   0.00826 0.99174 ( 2)  0.992
   5 S   0.37287 0.62713 ( 2)  0.657
   6 V   0.78220 0.21780 ( 1)  0.280
   7 L   0.99253 0.00747 ( 1)  0.086
   8 R   0.91921 0.08079 ( 1)  0.153
   9 A   0.53219 0.46781 ( 1)  0.510
  10 H   0.99789 0.00211 ( 1)  0.081
  11 V   0.97573 0.02427 ( 1)  0.101
  12 I   0.99602 0.00398 ( 1)  0.083
  13 M   0.99819 0.00181 ( 1)  0.081
  14 G   0.98992 0.01008 ( 1)  0.088
  15 A   0.88855 0.11145 ( 1)  0.182
  16 I   0.99602 0.00398 ( 1)  0.083
  17 Q   0.96858 0.03142 ( 1)  0.108
  18 I   0.78606 0.21394 ( 1)  0.276
  19 T   0.35913 0.64087 ( 2)  0.669
  20 V   0.86957 0.13043 ( 1)  0.199
  21 G   0.97979 0.02021 ( 1)  0.098
  22 C   0.39171 0.60829 ( 2)  0.639
  23 L   0.97717 0.02283 ( 1)  0.100
  24 L   0.75904 0.24096 ( 1)  0.301
  25 I   0.83306 0.16694 ( 1)  0.233
  26 F   0.48623 0.51377 ( 2)  0.552
  27 L   0.62455 0.37545 ( 1)  0.425
  28 N   0.42751 0.57249 ( 2)  0.606
  29 I   0.94733 0.05267 ( 1)  0.127
  30 Y   0.99019 0.00981 ( 1)  0.088
  31 S   0.03824 0.96176 ( 2)  0.965
  32 R   0.67888 0.32112 ( 1)  0.375
  33 L   0.98445 0.01555 ( 1)  0.093
  34 A   0.99372 0.00628 ( 1)  0.085
  35 H   0.01639 0.98361 ( 2)  0.985
  36 D   0.99571 0.00429 ( 1)  0.083
  37 Y   0.03229 0.96771 ( 2)  0.970
  38 S   0.82856 0.17144 ( 1)  0.237
  39 N   0.62795 0.37205 ( 1)  0.422
  40 M   0.92619 0.07381 ( 1)  0.147
  41 Y   0.91002 0.08998 ( 1)  0.162
  42 A   0.86406 0.13594 ( 1)  0.204
  43 G   0.92238 0.07762 ( 1)  0.150
  44 F   0.99506 0.00494 ( 1)  0.083
  45 W   0.99415 0.00585 ( 1)  0.084
  46 T   0.90222 0.09778 ( 1)  0.169
  47 G   0.10140 0.89860 ( 2)  0.907
  48 V   0.05761 0.94239 ( 2)  0.947
  49 F   0.91372 0.08628 ( 1)  0.158
  50 F   0.99506 0.00494 ( 1)  0.083
  51 I   0.99602 0.00398 ( 1)  0.083
  52 S   0.28294 0.71706 ( 2)  0.739
  53 A   0.99466 0.00534 ( 1)  0.084
  54 G   0.98420 0.01580 ( 1)  0.093
  55 T   0.86294 0.13706 ( 1)  0.205
  56 F   0.44920 0.55080 ( 2)  0.586
  57 G   0.98680 0.01320 ( 1)  0.091
  58 L   0.97717 0.02283 ( 1)  0.100
  59 L   0.31007 0.68993 ( 2)  0.714
  60 A   0.84790 0.15210 ( 1)  0.219
  61 G   0.99356 0.00644 ( 1)  0.085
  62 K   0.60016 0.39984 ( 1)  0.447
  63 G   0.99356 0.00644 ( 1)  0.085
  64 R   0.99665 0.00335 ( 1)  0.082
  65 V   0.37929 0.62071 ( 2)  0.651
  66 L   0.55583 0.44417 ( 1)  0.488
  67 T   0.99510 0.00490 ( 1)  0.083
  68 F   0.39202 0.60798 ( 2)  0.639
  69 C   0.99745 0.00255 ( 1)  0.081
  70 C   0.99311 0.00689 ( 1)  0.085
  71 I   0.92490 0.07510 ( 1)  0.148
  72 I   0.88174 0.11826 ( 1)  0.188
  73 G   0.24861 0.75139 ( 2)  0.771
  74 C   0.97083 0.02917 ( 1)  0.106
  75 L   0.98170 0.01830 ( 1)  0.096
  76 V   0.97573 0.02427 ( 1)  0.101
  77 L   0.99253 0.00747 ( 1)  0.086
  78 S   0.99342 0.00658 ( 1)  0.085
  79 V   0.52214 0.47786 ( 1)  0.519
  80 I   0.74379 0.25621 ( 1)  0.315
  81 S   0.89723 0.10277 ( 1)  0.174
  82 A   0.99466 0.00534 ( 1)  0.084
  83 M   0.02185 0.97815 ( 2)  0.980
  84 V   0.97868 0.02132 ( 1)  0.099
  85 S   0.01956 0.98044 ( 2)  0.982
  86 V   0.30492 0.69508 ( 2)  0.719
  87 V   0.11361 0.88639 ( 2)  0.895
  88 A   0.99384 0.00616 ( 1)  0.085
  89 I   0.99470 0.00530 ( 1)  0.084
  90 V   0.21872 0.78128 ( 2)  0.799
  91 L   0.02994 0.97006 ( 2)  0.972
  92 G   0.69957 0.30043 ( 1)  0.356
  93 S   0.13889 0.86111 ( 2)  0.872
  94 V   0.43872 0.56128 ( 2)  0.596
  95 M   0.99819 0.00181 ( 1)  0.081
  96 A   0.24830 0.75170 ( 2)  0.771
  97 A   0.87428 0.12572 ( 1)  0.195
  98 D   0.99545 0.00455 ( 1)  0.083
  99 V   0.88638 0.11362 ( 1)  0.184
 100 L   0.98960 0.01040 ( 1)  0.088
 101 W   0.99415 0.00585 ( 1)  0.084
 102 F   0.91871 0.08129 ( 1)  0.154
 103 L   0.96169 0.03831 ( 1)  0.114
 104 V   0.29119 0.70881 ( 2)  0.732
 105 F   0.91251 0.08749 ( 1)  0.159
 106 L   0.81897 0.18103 ( 1)  0.246
 107 L   0.14259 0.85741 ( 2)  0.869
 108 G   0.90275 0.09725 ( 1)  0.168
 109 L   0.20674 0.79326 ( 2)  0.810
 110 V   0.97573 0.02427 ( 1)  0.101
 111 V   0.97573 0.02427 ( 1)  0.101
 112 A   0.99466 0.00534 ( 1)  0.084
 113 I   0.99602 0.00398 ( 1)  0.083
 114 V   0.98151 0.01849 ( 1)  0.096
 115 Q   0.74713 0.25287 ( 1)  0.312
 116 A   0.93928 0.06072 ( 1)  0.135
 117 A   0.93928 0.06072 ( 1)  0.135
 118 F   0.99506 0.00494 ( 1)  0.083
 119 A   0.89307 0.10693 ( 1)  0.177
 120 C   0.94689 0.05311 ( 1)  0.128
 121 R   0.99665 0.00335 ( 1)  0.082
 122 A   0.94535 0.05465 ( 1)  0.129
 123 S   0.59622 0.40378 ( 1)  0.451
 124 C   0.99745 0.00255 ( 1)  0.081
 125 C   0.99745 0.00255 ( 1)  0.081
 126 C   0.96232 0.03768 ( 1)  0.114


lnL = -1164.800364

