Supplemental results for CODEML (seqf: algn  treef: tree)


dN/dS (w) for site classes (K=3)

p:   1.00000  0.00000  0.00000
w:   0.00000  1.00000  1.00000

Naive Empirical Bayes (NEB) probabilities for 3 classes & postmean_w
(amino acids refer to 1st sequence: opv.3027)

   1 W   1.00000 0.00000 0.00000 ( 1)  0.000
   2 H   1.00000 0.00000 0.00000 ( 1)  0.000
   3 C   1.00000 0.00000 0.00000 ( 1)  0.000
   4 S   1.00000 0.00000 0.00000 ( 1)  0.000
   5 Q   1.00000 0.00000 0.00000 ( 1)  0.000
   6 R   1.00000 0.00000 0.00000 ( 1)  0.000
   7 W   1.00000 0.00000 0.00000 ( 1)  0.000
   8 K   1.00000 0.00000 0.00000 ( 1)  0.000
   9 V   1.00000 0.00000 0.00000 ( 1)  0.000
  10 S   1.00000 0.00000 0.00000 ( 1)  0.000
  11 V   1.00000 0.00000 0.00000 ( 1)  0.000
  12 K   1.00000 0.00000 0.00000 ( 1)  0.000
  13 R   1.00000 0.00000 0.00000 ( 1)  0.000
  14 V   1.00000 0.00000 0.00000 ( 1)  0.000
  15 L   1.00000 0.00000 0.00000 ( 1)  0.000
  16 A   1.00000 0.00000 0.00000 ( 1)  0.000
  17 F   1.00000 0.00000 0.00000 ( 1)  0.000
  18 V   1.00000 0.00000 0.00000 ( 1)  0.000
  19 T   1.00000 0.00000 0.00000 ( 1)  0.000
  20 L   1.00000 0.00000 0.00000 ( 1)  0.000
  21 G   1.00000 0.00000 0.00000 ( 1)  0.000
  22 L   1.00000 0.00000 0.00000 ( 1)  0.000
  23 A   1.00000 0.00000 0.00000 ( 1)  0.000
  24 S   1.00000 0.00000 0.00000 ( 1)  0.000
  25 R   1.00000 0.00000 0.00000 ( 1)  0.000
  26 K   1.00000 0.00000 0.00000 ( 1)  0.000
  27 S   1.00000 0.00000 0.00000 ( 1)  0.000
  28 H   1.00000 0.00000 0.00000 ( 1)  0.000
  29 S   1.00000 0.00000 0.00000 ( 1)  0.000
  30 T   1.00000 0.00000 0.00000 ( 1)  0.000
  31 S   1.00000 0.00000 0.00000 ( 1)  0.000
  32 F   1.00000 0.00000 0.00000 ( 1)  0.000
  33 S   1.00000 0.00000 0.00000 ( 1)  0.000
  34 R   1.00000 0.00000 0.00000 ( 1)  0.000
  35 V   1.00000 0.00000 0.00000 ( 1)  0.000
  36 E   1.00000 0.00000 0.00000 ( 1)  0.000
  37 C   1.00000 0.00000 0.00000 ( 1)  0.000
  38 V   1.00000 0.00000 0.00000 ( 1)  0.000
  39 H   1.00000 0.00000 0.00000 ( 1)  0.000
  40 L   1.00000 0.00000 0.00000 ( 1)  0.000
  41 P   1.00000 0.00000 0.00000 ( 1)  0.000
  42 L   1.00000 0.00000 0.00000 ( 1)  0.000
  43 F   1.00000 0.00000 0.00000 ( 1)  0.000
  44 V   1.00000 0.00000 0.00000 ( 1)  0.000
  45 G   1.00000 0.00000 0.00000 ( 1)  0.000
  46 M   1.00000 0.00000 0.00000 ( 1)  0.000
  47 T   1.00000 0.00000 0.00000 ( 1)  0.000
  48 V   1.00000 0.00000 0.00000 ( 1)  0.000
  49 R   1.00000 0.00000 0.00000 ( 1)  0.000
  50 I   1.00000 0.00000 0.00000 ( 1)  0.000
  51 M   1.00000 0.00000 0.00000 ( 1)  0.000
  52 P   1.00000 0.00000 0.00000 ( 1)  0.000
  53 L   1.00000 0.00000 0.00000 ( 1)  0.000
  54 N   1.00000 0.00000 0.00000 ( 1)  0.000
  55 C   1.00000 0.00000 0.00000 ( 1)  0.000
  56 L   1.00000 0.00000 0.00000 ( 1)  0.000
  57 E   1.00000 0.00000 0.00000 ( 1)  0.000
  58 L   1.00000 0.00000 0.00000 ( 1)  0.000
  59 T   1.00000 0.00000 0.00000 ( 1)  0.000
  60 D   1.00000 0.00000 0.00000 ( 1)  0.000
  61 T   1.00000 0.00000 0.00000 ( 1)  0.000
  62 Q   1.00000 0.00000 0.00000 ( 1)  0.000
  63 H   1.00000 0.00000 0.00000 ( 1)  0.000
  64 M   1.00000 0.00000 0.00000 ( 1)  0.000
  65 K   1.00000 0.00000 0.00000 ( 1)  0.000
  66 L   1.00000 0.00000 0.00000 ( 1)  0.000
  67 T   1.00000 0.00000 0.00000 ( 1)  0.000
  68 T   1.00000 0.00000 0.00000 ( 1)  0.000
  69 R   1.00000 0.00000 0.00000 ( 1)  0.000
  70 P   1.00000 0.00000 0.00000 ( 1)  0.000
  71 S   1.00000 0.00000 0.00000 ( 1)  0.000
  72 V   1.00000 0.00000 0.00000 ( 1)  0.000
  73 I   1.00000 0.00000 0.00000 ( 1)  0.000

Positively selected sites

	Prob(w>1)  mean w



lnL =  -300.792646

Bayes Empirical Bayes (BEB) probabilities for 3 classes (class) & postmean_w
(amino acids refer to 1st sequence: opv.3027)

   1 W   0.48944 0.35513 0.15543 ( 1)  1.063 +-  1.354
   2 H   0.49088 0.35540 0.15372 ( 1)  1.054 +-  1.336
   3 C   0.49086 0.35539 0.15375 ( 1)  1.054 +-  1.337
   4 S   0.49022 0.35528 0.15450 ( 1)  1.058 +-  1.344
   5 Q   0.48772 0.35484 0.15744 ( 1)  1.073 +-  1.375
   6 R   0.49334 0.35576 0.15090 ( 1)  1.040 +-  1.307
   7 W   0.48944 0.35513 0.15543 ( 1)  1.063 +-  1.354
   8 K   0.49312 0.35572 0.15116 ( 1)  1.041 +-  1.310
   9 V   0.49723 0.35621 0.14656 ( 1)  1.019 +-  1.264
  10 S   0.49750 0.35625 0.14624 ( 1)  1.017 +-  1.261
  11 V   0.49723 0.35621 0.14656 ( 1)  1.019 +-  1.264
  12 K   0.49312 0.35572 0.15116 ( 1)  1.041 +-  1.310
  13 R   0.48956 0.35517 0.15527 ( 1)  1.062 +-  1.352
  14 V   0.49723 0.35621 0.14656 ( 1)  1.019 +-  1.264
  15 L   0.49127 0.35537 0.15336 ( 1)  1.053 +-  1.334
  16 A   0.49256 0.35567 0.15178 ( 1)  1.044 +-  1.316
  17 F   0.49267 0.35564 0.15169 ( 1)  1.044 +-  1.316
  18 V   0.49723 0.35621 0.14656 ( 1)  1.019 +-  1.264
  19 T   0.49728 0.35624 0.14648 ( 1)  1.018 +-  1.263
  20 L   0.49127 0.35537 0.15336 ( 1)  1.053 +-  1.334
  21 G   0.48957 0.35518 0.15525 ( 1)  1.062 +-  1.352
  22 L   0.49054 0.35528 0.15418 ( 1)  1.057 +-  1.342
  23 A   0.49335 0.35578 0.15086 ( 1)  1.040 +-  1.307
  24 S   0.49289 0.35570 0.15140 ( 1)  1.042 +-  1.312
  25 R   0.48771 0.35484 0.15745 ( 1)  1.073 +-  1.375
  26 K   0.48956 0.35517 0.15526 ( 1)  1.062 +-  1.352
  27 S   0.49750 0.35625 0.14624 ( 1)  1.017 +-  1.261
  28 H   0.49061 0.35535 0.15404 ( 1)  1.056 +-  1.339
  29 S   0.49183 0.35555 0.15262 ( 1)  1.049 +-  1.325
  30 T   0.49171 0.35553 0.15276 ( 1)  1.049 +-  1.326
  31 S   0.49289 0.35570 0.15140 ( 1)  1.042 +-  1.312
  32 F   0.49347 0.35574 0.15079 ( 1)  1.040 +-  1.307
  33 S   0.49289 0.35570 0.15140 ( 1)  1.042 +-  1.312
  34 R   0.48771 0.35484 0.15745 ( 1)  1.073 +-  1.375
  35 V   0.49354 0.35578 0.15068 ( 1)  1.039 +-  1.305
  36 E   0.49317 0.35574 0.15108 ( 1)  1.041 +-  1.309
  37 C   0.49086 0.35539 0.15375 ( 1)  1.054 +-  1.337
  38 V   0.49354 0.35578 0.15068 ( 1)  1.039 +-  1.305
  39 H   0.49034 0.35531 0.15435 ( 1)  1.057 +-  1.343
  40 L   0.49054 0.35528 0.15418 ( 1)  1.057 +-  1.342
  41 P   0.49171 0.35554 0.15275 ( 1)  1.049 +-  1.326
  42 L   0.49127 0.35537 0.15336 ( 1)  1.053 +-  1.334
  43 F   0.49347 0.35574 0.15079 ( 1)  1.040 +-  1.307
  44 V   0.49723 0.35621 0.14656 ( 1)  1.019 +-  1.264
  45 G   0.48957 0.35518 0.15525 ( 1)  1.062 +-  1.352
  46 M   0.49990 0.35642 0.14368 ( 1)  1.005 +-  1.236
  47 T   0.49274 0.35568 0.15158 ( 1)  1.043 +-  1.314
  48 V   0.49354 0.35578 0.15068 ( 1)  1.039 +-  1.305
  49 R   0.49034 0.35531 0.15435 ( 1)  1.057 +-  1.343
  50 I   0.49324 0.35571 0.15105 ( 1)  1.041 +-  1.310
  51 M   0.49990 0.35642 0.14368 ( 1)  1.005 +-  1.236
  52 P   0.49275 0.35569 0.15155 ( 1)  1.043 +-  1.314
  53 L   0.49127 0.35537 0.15336 ( 1)  1.053 +-  1.334
  54 N   0.49074 0.35537 0.15390 ( 1)  1.055 +-  1.338
  55 C   0.49033 0.35530 0.15437 ( 1)  1.058 +-  1.343
  56 L   0.49369 0.35580 0.15052 ( 1)  1.038 +-  1.304
  57 E   0.49317 0.35574 0.15108 ( 1)  1.041 +-  1.309
  58 L   0.49286 0.35569 0.15145 ( 1)  1.043 +-  1.313
  59 T   0.49356 0.35579 0.15065 ( 1)  1.039 +-  1.305
  60 D   0.49023 0.35529 0.15447 ( 1)  1.058 +-  1.344
  61 T   0.49171 0.35553 0.15276 ( 1)  1.049 +-  1.326
  62 Q   0.48946 0.35514 0.15540 ( 1)  1.063 +-  1.354
  63 H   0.49088 0.35540 0.15372 ( 1)  1.054 +-  1.336
  64 M   0.49990 0.35642 0.14368 ( 1)  1.005 +-  1.236
  65 K   0.49312 0.35572 0.15116 ( 1)  1.041 +-  1.310
  66 L   0.48867 0.35500 0.15634 ( 1)  1.068 +-  1.364
  67 T   0.49171 0.35553 0.15276 ( 1)  1.049 +-  1.326
  68 T   0.49356 0.35579 0.15065 ( 1)  1.039 +-  1.305
  69 R   0.49313 0.35572 0.15116 ( 1)  1.041 +-  1.310
  70 P   0.49275 0.35569 0.15155 ( 1)  1.043 +-  1.314
  71 S   0.49373 0.35582 0.15046 ( 1)  1.038 +-  1.303
  72 V   0.49354 0.35578 0.15068 ( 1)  1.039 +-  1.305
  73 I   0.49246 0.35561 0.15193 ( 1)  1.045 +-  1.318

Positively selected sites

	Prob(w>1)  mean w


