Supplemental results for CODEML (seqf: algn  treef: tree)


dN/dS (w) for site classes (K=8)

p:   0.12500  0.12500  0.12500  0.12500  0.12500  0.12500  0.12500  0.12500
w:   0.00000  0.00000  0.00000  0.00000  0.00000  0.00000  1.00000  1.00000

Naive Empirical Bayes (NEB) probabilities for 8 classes & postmean_w
(amino acids refer to 1st sequence: spe.17892)

   1 M   0.13079 0.13079 0.13079 0.13079 0.13079 0.13079 0.10762 0.10762 ( 1)  0.215
   2 P   0.13132 0.13132 0.13132 0.13132 0.13132 0.13132 0.10605 0.10605 ( 2)  0.212
   3 I   0.00000 0.00000 0.00000 0.00000 0.00000 0.00000 0.50000 0.50000 ( 8)  1.000
   4 Q   0.12930 0.12930 0.12930 0.12930 0.12930 0.12930 0.11210 0.11210 ( 1)  0.224
   5 K   0.12849 0.12849 0.12849 0.12849 0.12849 0.12849 0.11454 0.11454 ( 1)  0.229
   6 A   0.12880 0.12880 0.12880 0.12880 0.12880 0.12880 0.11359 0.11359 ( 2)  0.227
   7 Q   0.12951 0.12951 0.12951 0.12951 0.12951 0.12951 0.11147 0.11147 ( 2)  0.223
   8 A   0.12898 0.12898 0.12898 0.12898 0.12898 0.12898 0.11306 0.11306 ( 2)  0.226
   9 R   0.12974 0.12974 0.12974 0.12974 0.12974 0.12974 0.11077 0.11077 ( 1)  0.222
  10 L   0.13128 0.13128 0.13128 0.13128 0.13128 0.13128 0.10617 0.10617 ( 1)  0.212
  11 L   0.12849 0.12849 0.12849 0.12849 0.12849 0.12849 0.11454 0.11454 ( 5)  0.229
  12 Q   0.12965 0.12965 0.12965 0.12965 0.12965 0.12965 0.11105 0.11105 ( 5)  0.222
  13 L   0.13128 0.13128 0.13128 0.13128 0.13128 0.13128 0.10617 0.10617 ( 1)  0.212
  14 I   0.13023 0.13023 0.13023 0.13023 0.13023 0.13023 0.10932 0.10932 ( 5)  0.219
  15 G   0.12924 0.12924 0.12924 0.12924 0.12924 0.12924 0.11228 0.11228 ( 2)  0.225
  16 R   0.12809 0.12809 0.12809 0.12809 0.12809 0.12809 0.11574 0.11574 ( 5)  0.231
  17 T   0.12851 0.12851 0.12851 0.12851 0.12851 0.12851 0.11446 0.11446 ( 5)  0.229
  18 I   0.12968 0.12968 0.12968 0.12968 0.12968 0.12968 0.11097 0.11097 ( 2)  0.222
  19 A   0.13072 0.13072 0.13072 0.13072 0.13072 0.13072 0.10784 0.10784 ( 2)  0.216
  20 S   0.12939 0.12939 0.12939 0.12939 0.12939 0.12939 0.11182 0.11182 ( 5)  0.224
  21 F   0.13088 0.13088 0.13088 0.13088 0.13088 0.13088 0.10736 0.10736 ( 1)  0.215
  22 R   0.12928 0.12928 0.12928 0.12928 0.12928 0.12928 0.11217 0.11217 ( 1)  0.224
  23 A   0.12944 0.12944 0.12944 0.12944 0.12944 0.12944 0.11169 0.11169 ( 5)  0.223
  24 L   0.12849 0.12849 0.12849 0.12849 0.12849 0.12849 0.11454 0.11454 ( 5)  0.229
  25 V   0.12910 0.12910 0.12910 0.12910 0.12910 0.12910 0.11271 0.11271 ( 1)  0.225
  26 P   0.12922 0.12922 0.12922 0.12922 0.12922 0.12922 0.11235 0.11235 ( 1)  0.225
  27 L   0.12849 0.12849 0.12849 0.12849 0.12849 0.12849 0.11454 0.11454 ( 5)  0.229
  28 H   0.13151 0.13151 0.13151 0.13151 0.13151 0.13151 0.10546 0.10546 ( 1)  0.211
  29 K   0.12836 0.12836 0.12836 0.12836 0.12836 0.12836 0.11492 0.11492 ( 1)  0.230
  30 P   0.13132 0.13132 0.13132 0.13132 0.13132 0.13132 0.10605 0.10605 ( 2)  0.212
  31 D   0.13081 0.13081 0.13081 0.13081 0.13081 0.13081 0.10757 0.10757 ( 1)  0.215
  32 R   0.12780 0.12780 0.12780 0.12780 0.12780 0.12780 0.11661 0.11661 ( 2)  0.233
  33 Q   0.12965 0.12965 0.12965 0.12965 0.12965 0.12965 0.11105 0.11105 ( 5)  0.222
  34 L   0.12833 0.12833 0.12833 0.12833 0.12833 0.12833 0.11500 0.11500 ( 5)  0.230
  35 A   0.00000 0.00000 0.00000 0.00000 0.00000 0.00000 0.50000 0.50000 ( 8)  1.000
  36 G   0.12808 0.12808 0.12808 0.12808 0.12808 0.12808 0.11577 0.11577 ( 2)  0.232
  37 P   0.13040 0.13040 0.13040 0.13040 0.13040 0.13040 0.10881 0.10881 ( 2)  0.218
  38 Q   0.12951 0.12951 0.12951 0.12951 0.12951 0.12951 0.11147 0.11147 ( 2)  0.223
  39 P   0.12922 0.12922 0.12922 0.12922 0.12922 0.12922 0.11235 0.11235 ( 1)  0.225
  40 L   0.12810 0.12810 0.12810 0.12810 0.12810 0.12810 0.11570 0.11570 ( 5)  0.231
  41 H   0.13071 0.13071 0.13071 0.13071 0.13071 0.13071 0.10787 0.10787 ( 1)  0.216
  42 A   0.12988 0.12988 0.12988 0.12988 0.12988 0.12988 0.11037 0.11037 ( 2)  0.221
  43 L   0.13128 0.13128 0.13128 0.13128 0.13128 0.13128 0.10617 0.10617 ( 1)  0.212
  44 S   0.12907 0.12907 0.12907 0.12907 0.12907 0.12907 0.11280 0.11280 ( 2)  0.226
  45 T   0.12836 0.12836 0.12836 0.12836 0.12836 0.12836 0.11493 0.11493 ( 2)  0.230
  46 S   0.12846 0.12846 0.12846 0.12846 0.12846 0.12846 0.11463 0.11463 ( 1)  0.229
  47 D   0.13007 0.13007 0.13007 0.13007 0.13007 0.13007 0.10978 0.10978 ( 2)  0.220
  48 L   0.12849 0.12849 0.12849 0.12849 0.12849 0.12849 0.11454 0.11454 ( 5)  0.229
  49 F   0.13088 0.13088 0.13088 0.13088 0.13088 0.13088 0.10736 0.10736 ( 1)  0.215
  50 R   0.00000 0.00000 0.00000 0.00000 0.00000 0.00000 0.50000 0.50000 ( 8)  1.000
  51 R   0.13056 0.13056 0.13056 0.13056 0.13056 0.13056 0.10831 0.10831 ( 1)  0.217
  52 H   0.13151 0.13151 0.13151 0.13151 0.13151 0.13151 0.10546 0.10546 ( 1)  0.211
  53 F   0.13088 0.13088 0.13088 0.13088 0.13088 0.13088 0.10736 0.10736 ( 1)  0.215
  54 S   0.12808 0.12808 0.12808 0.12808 0.12808 0.12808 0.11575 0.11575 ( 2)  0.232
  55 I   0.12968 0.12968 0.12968 0.12968 0.12968 0.12968 0.11097 0.11097 ( 2)  0.222
  56 C   0.12974 0.12974 0.12974 0.12974 0.12974 0.12974 0.11078 0.11078 ( 5)  0.222
  57 L   0.13037 0.13037 0.13037 0.13037 0.13037 0.13037 0.10889 0.10889 ( 2)  0.218
  58 P   0.13132 0.13132 0.13132 0.13132 0.13132 0.13132 0.10605 0.10605 ( 2)  0.212
  59 F   0.13175 0.13175 0.13175 0.13175 0.13175 0.13175 0.10474 0.10474 ( 1)  0.209
  60 P   0.12941 0.12941 0.12941 0.12941 0.12941 0.12941 0.11177 0.11177 ( 1)  0.224
  61 D   0.13081 0.13081 0.13081 0.13081 0.13081 0.13081 0.10757 0.10757 ( 1)  0.215
  62 L   0.12849 0.12849 0.12849 0.12849 0.12849 0.12849 0.11454 0.11454 ( 5)  0.229
  63 R   0.12796 0.12796 0.12796 0.12796 0.12796 0.12796 0.11611 0.11611 ( 5)  0.232
  64 P   0.13132 0.13132 0.13132 0.13132 0.13132 0.13132 0.10605 0.10605 ( 2)  0.212
  65 Q   0.12951 0.12951 0.12951 0.12951 0.12951 0.12951 0.11147 0.11147 ( 2)  0.223
  66 L   0.12849 0.12849 0.12849 0.12849 0.12849 0.12849 0.11454 0.11454 ( 5)  0.229
  67 R   0.12974 0.12974 0.12974 0.12974 0.12974 0.12974 0.11077 0.11077 ( 1)  0.222
  68 L   0.12833 0.12833 0.12833 0.12833 0.12833 0.12833 0.11500 0.11500 ( 5)  0.230
  69 G   0.12808 0.12808 0.12808 0.12808 0.12808 0.12808 0.11577 0.11577 ( 2)  0.232
  70 D   0.13081 0.13081 0.13081 0.13081 0.13081 0.13081 0.10757 0.10757 ( 1)  0.215
  71 A   0.12880 0.12880 0.12880 0.12880 0.12880 0.12880 0.11359 0.11359 ( 2)  0.227
  72 Q   0.12965 0.12965 0.12965 0.12965 0.12965 0.12965 0.11105 0.11105 ( 5)  0.222
  73 L   0.13128 0.13128 0.13128 0.13128 0.13128 0.13128 0.10617 0.10617 ( 1)  0.212
  74 L   0.13128 0.13128 0.13128 0.13128 0.13128 0.13128 0.10617 0.10617 ( 1)  0.212
  75 S   0.00000 0.00000 0.00000 0.00000 0.00000 0.00000 0.50000 0.50000 ( 8)  1.000
  76 R   0.13056 0.13056 0.13056 0.13056 0.13056 0.13056 0.10831 0.10831 ( 1)  0.217
  77 C   0.12906 0.12906 0.12906 0.12906 0.12906 0.12906 0.11281 0.11281 ( 1)  0.226
  78 F   0.13175 0.13175 0.13175 0.13175 0.13175 0.13175 0.10474 0.10474 ( 1)  0.209
  79 F   0.13175 0.13175 0.13175 0.13175 0.13175 0.13175 0.10474 0.10474 ( 1)  0.209
  80 L   0.13037 0.13037 0.13037 0.13037 0.13037 0.13037 0.10889 0.10889 ( 2)  0.218
  81 L   0.13128 0.13128 0.13128 0.13128 0.13128 0.13128 0.10617 0.10617 ( 1)  0.212
  82 F   0.13175 0.13175 0.13175 0.13175 0.13175 0.13175 0.10474 0.10474 ( 1)  0.209
  83 W   0.12813 0.12813 0.12813 0.12813 0.12813 0.12813 0.11562 0.11562 ( 5)  0.231
  84 R   0.12796 0.12796 0.12796 0.12796 0.12796 0.12796 0.11611 0.11611 ( 5)  0.232
  85 P   0.12922 0.12922 0.12922 0.12922 0.12922 0.12922 0.11235 0.11235 ( 1)  0.225
  86 C   0.12906 0.12906 0.12906 0.12906 0.12906 0.12906 0.11281 0.11281 ( 1)  0.226
  87 N   0.12992 0.12992 0.12992 0.12992 0.12992 0.12992 0.11024 0.11024 ( 2)  0.220
  88 S   0.12907 0.12907 0.12907 0.12907 0.12907 0.12907 0.11280 0.11280 ( 2)  0.226
  89 L   0.12849 0.12849 0.12849 0.12849 0.12849 0.12849 0.11454 0.11454 ( 5)  0.229
  90 N   0.12992 0.12992 0.12992 0.12992 0.12992 0.12992 0.11024 0.11024 ( 2)  0.220
  91 C   0.12974 0.12974 0.12974 0.12974 0.12974 0.12974 0.11078 0.11078 ( 5)  0.222
  92 Q   0.12951 0.12951 0.12951 0.12951 0.12951 0.12951 0.11147 0.11147 ( 2)  0.223
  93 S   0.12808 0.12808 0.12808 0.12808 0.12808 0.12808 0.11575 0.11575 ( 2)  0.232
  94 D   0.13007 0.13007 0.13007 0.13007 0.13007 0.13007 0.10978 0.10978 ( 2)  0.220
  95 D   0.13081 0.13081 0.13081 0.13081 0.13081 0.13081 0.10757 0.10757 ( 1)  0.215
  96 R   0.12776 0.12776 0.12776 0.12776 0.12776 0.12776 0.11673 0.11673 ( 5)  0.233
  97 G   0.12924 0.12924 0.12924 0.12924 0.12924 0.12924 0.11228 0.11228 ( 2)  0.225
  98 A   0.13072 0.13072 0.13072 0.13072 0.13072 0.13072 0.10784 0.10784 ( 2)  0.216
  99 V   0.13087 0.13087 0.13087 0.13087 0.13087 0.13087 0.10738 0.10738 ( 5)  0.215
 100 S   0.12907 0.12907 0.12907 0.12907 0.12907 0.12907 0.11280 0.11280 ( 2)  0.226
 101 R   0.12796 0.12796 0.12796 0.12796 0.12796 0.12796 0.11611 0.11611 ( 5)  0.232
 102 Q   0.12965 0.12965 0.12965 0.12965 0.12965 0.12965 0.11105 0.11105 ( 5)  0.222
 103 A   0.12898 0.12898 0.12898 0.12898 0.12898 0.12898 0.11306 0.11306 ( 2)  0.226
 104 R   0.13056 0.13056 0.13056 0.13056 0.13056 0.13056 0.10831 0.10831 ( 1)  0.217
 105 V   0.13002 0.13002 0.13002 0.13002 0.13002 0.13002 0.10995 0.10995 ( 2)  0.220
 106 S   0.13035 0.13035 0.13035 0.13035 0.13035 0.13035 0.10894 0.10894 ( 2)  0.218
 107 A   0.12880 0.12880 0.12880 0.12880 0.12880 0.12880 0.11359 0.11359 ( 2)  0.227
 108 A   0.13072 0.13072 0.13072 0.13072 0.13072 0.13072 0.10784 0.10784 ( 2)  0.216
 109 E   0.12922 0.12922 0.12922 0.12922 0.12922 0.12922 0.11235 0.11235 ( 5)  0.225
 110 F   0.13175 0.13175 0.13175 0.13175 0.13175 0.13175 0.10474 0.10474 ( 1)  0.209
 111 L   0.12849 0.12849 0.12849 0.12849 0.12849 0.12849 0.11454 0.11454 ( 5)  0.229
 112 H   0.13151 0.13151 0.13151 0.13151 0.13151 0.13151 0.10546 0.10546 ( 1)  0.211
 113 E   0.12936 0.12936 0.12936 0.12936 0.12936 0.12936 0.11193 0.11193 ( 5)  0.224
 114 F   0.13175 0.13175 0.13175 0.13175 0.13175 0.13175 0.10474 0.10474 ( 1)  0.209
 115 I   0.13107 0.13107 0.13107 0.13107 0.13107 0.13107 0.10680 0.10680 ( 1)  0.214
 116 V   0.13087 0.13087 0.13087 0.13087 0.13087 0.13087 0.10738 0.10738 ( 5)  0.215
 117 L   0.13037 0.13037 0.13037 0.13037 0.13037 0.13037 0.10889 0.10889 ( 2)  0.218
 118 G   0.12998 0.12998 0.12998 0.12998 0.12998 0.12998 0.11005 0.11005 ( 2)  0.220
 119 V   0.12910 0.12910 0.12910 0.12910 0.12910 0.12910 0.11271 0.11271 ( 1)  0.225
 120 T   0.13008 0.13008 0.13008 0.13008 0.13008 0.13008 0.10977 0.10977 ( 1)  0.220
 121 N   0.12926 0.12926 0.12926 0.12926 0.12926 0.12926 0.11223 0.11223 ( 5)  0.224
 122 R   0.12809 0.12809 0.12809 0.12809 0.12809 0.12809 0.11574 0.11574 ( 5)  0.231
 123 V   0.12902 0.12902 0.12902 0.12902 0.12902 0.12902 0.11294 0.11294 ( 5)  0.226
 124 N   0.12992 0.12992 0.12992 0.12992 0.12992 0.12992 0.11024 0.11024 ( 2)  0.220
 125 T   0.12836 0.12836 0.12836 0.12836 0.12836 0.12836 0.11493 0.11493 ( 2)  0.230
 126 R   0.12796 0.12796 0.12796 0.12796 0.12796 0.12796 0.11611 0.11611 ( 5)  0.232
 127 A   0.12985 0.12985 0.12985 0.12985 0.12985 0.12985 0.11046 0.11046 ( 5)  0.221
 128 D   0.13081 0.13081 0.13081 0.13081 0.13081 0.13081 0.10757 0.10757 ( 1)  0.215
 129 S   0.12808 0.12808 0.12808 0.12808 0.12808 0.12808 0.11575 0.11575 ( 2)  0.232
 130 Q   0.12965 0.12965 0.12965 0.12965 0.12965 0.12965 0.11105 0.11105 ( 5)  0.222
 131 L   0.12849 0.12849 0.12849 0.12849 0.12849 0.12849 0.11454 0.11454 ( 5)  0.229
 132 S   0.13035 0.13035 0.13035 0.13035 0.13035 0.13035 0.10894 0.10894 ( 2)  0.218
 133 S   0.12971 0.12971 0.12971 0.12971 0.12971 0.12971 0.11088 0.11088 ( 2)  0.222
 134 P   0.13040 0.13040 0.13040 0.13040 0.13040 0.13040 0.10881 0.10881 ( 2)  0.218
 135 L   0.12833 0.12833 0.12833 0.12833 0.12833 0.12833 0.11500 0.11500 ( 5)  0.230
 136 L   0.00000 0.00000 0.00000 0.00000 0.00000 0.00000 0.50000 0.50000 ( 8)  1.000
 137 V   0.00000 0.00000 0.00000 0.00000 0.00000 0.00000 0.50000 0.50000 ( 8)  1.000
 138 A   0.13072 0.13072 0.13072 0.13072 0.13072 0.13072 0.10784 0.10784 ( 2)  0.216
 139 G   0.12924 0.12924 0.12924 0.12924 0.12924 0.12924 0.11228 0.11228 ( 2)  0.225
 140 A   0.12880 0.12880 0.12880 0.12880 0.12880 0.12880 0.11359 0.11359 ( 2)  0.227
 141 I   0.00000 0.00000 0.00000 0.00000 0.00000 0.00000 0.50000 0.50000 ( 8)  1.000
 142 D   0.13007 0.13007 0.13007 0.13007 0.13007 0.13007 0.10978 0.10978 ( 2)  0.220
 143 G   0.12961 0.12961 0.12961 0.12961 0.12961 0.12961 0.11117 0.11117 ( 1)  0.222
 144 S   0.00000 0.00000 0.00000 0.00000 0.00000 0.00000 0.50000 0.50000 ( 8)  1.000
 145 N   0.12926 0.12926 0.12926 0.12926 0.12926 0.12926 0.11223 0.11223 ( 5)  0.224
 146 D   0.13007 0.13007 0.13007 0.13007 0.13007 0.13007 0.10978 0.10978 ( 2)  0.220
 147 S   0.12907 0.12907 0.12907 0.12907 0.12907 0.12907 0.11280 0.11280 ( 2)  0.226
 148 L   0.12843 0.12843 0.12843 0.12843 0.12843 0.12843 0.11471 0.11471 ( 1)  0.229
 149 R   0.12974 0.12974 0.12974 0.12974 0.12974 0.12974 0.11077 0.11077 ( 1)  0.222
 150 F   0.13175 0.13175 0.13175 0.13175 0.13175 0.13175 0.10474 0.10474 ( 1)  0.209
 151 W   0.12813 0.12813 0.12813 0.12813 0.12813 0.12813 0.11562 0.11562 ( 5)  0.231
 152 G   0.12998 0.12998 0.12998 0.12998 0.12998 0.12998 0.11005 0.11005 ( 2)  0.220
 153 L   0.13128 0.13128 0.13128 0.13128 0.13128 0.13128 0.10617 0.10617 ( 1)  0.212
 154 M   0.13079 0.13079 0.13079 0.13079 0.13079 0.13079 0.10762 0.10762 ( 1)  0.215
 155 F   0.13175 0.13175 0.13175 0.13175 0.13175 0.13175 0.10474 0.10474 ( 1)  0.209
 156 H   0.13071 0.13071 0.13071 0.13071 0.13071 0.13071 0.10787 0.10787 ( 1)  0.216
 157 S   0.12846 0.12846 0.12846 0.12846 0.12846 0.12846 0.11463 0.11463 ( 1)  0.229
 158 T   0.13008 0.13008 0.13008 0.13008 0.13008 0.13008 0.10977 0.10977 ( 1)  0.220
 159 F   0.13175 0.13175 0.13175 0.13175 0.13175 0.13175 0.10474 0.10474 ( 1)  0.209
 160 V   0.13002 0.13002 0.13002 0.13002 0.13002 0.13002 0.10995 0.10995 ( 2)  0.220
 161 L   0.13037 0.13037 0.13037 0.13037 0.13037 0.13037 0.10889 0.10889 ( 2)  0.218
 162 A   0.12988 0.12988 0.12988 0.12988 0.12988 0.12988 0.11037 0.11037 ( 2)  0.221
 163 V   0.12910 0.12910 0.12910 0.12910 0.12910 0.12910 0.11271 0.11271 ( 1)  0.225
 164 D   0.13081 0.13081 0.13081 0.13081 0.13081 0.13081 0.10757 0.10757 ( 1)  0.215
 165 T   0.12891 0.12891 0.12891 0.12891 0.12891 0.12891 0.11326 0.11326 ( 2)  0.227
 166 D   0.13007 0.13007 0.13007 0.13007 0.13007 0.13007 0.10978 0.10978 ( 2)  0.220
 167 P   0.13085 0.13085 0.13085 0.13085 0.13085 0.13085 0.10744 0.10744 ( 5)  0.215
 168 I   0.13023 0.13023 0.13023 0.13023 0.13023 0.13023 0.10932 0.10932 ( 5)  0.219
 169 I   0.12968 0.12968 0.12968 0.12968 0.12968 0.12968 0.11097 0.11097 ( 2)  0.222
 170 S   0.12929 0.12929 0.12929 0.12929 0.12929 0.12929 0.11212 0.11212 ( 5)  0.224
 171 G   0.12998 0.12998 0.12998 0.12998 0.12998 0.12998 0.11005 0.11005 ( 2)  0.220
 172 L   0.12786 0.12786 0.12786 0.12786 0.12786 0.12786 0.11643 0.11643 ( 1)  0.233
 173 F   0.13088 0.13088 0.13088 0.13088 0.13088 0.13088 0.10736 0.10736 ( 1)  0.215
 174 K   0.12836 0.12836 0.12836 0.12836 0.12836 0.12836 0.11492 0.11492 ( 1)  0.230
 175 R   0.13056 0.13056 0.13056 0.13056 0.13056 0.13056 0.10831 0.10831 ( 1)  0.217
 176 L   0.12810 0.12810 0.12810 0.12810 0.12810 0.12810 0.11570 0.11570 ( 5)  0.231
 177 A   0.12898 0.12898 0.12898 0.12898 0.12898 0.12898 0.11306 0.11306 ( 2)  0.226
 178 L   0.12849 0.12849 0.12849 0.12849 0.12849 0.12849 0.11454 0.11454 ( 5)  0.229
 179 Q   0.12965 0.12965 0.12965 0.12965 0.12965 0.12965 0.11105 0.11105 ( 5)  0.222
 180 L   0.12810 0.12810 0.12810 0.12810 0.12810 0.12810 0.11570 0.11570 ( 5)  0.231
 181 V   0.12892 0.12892 0.12892 0.12892 0.12892 0.12892 0.11325 0.11325 ( 1)  0.227
 182 H   0.13151 0.13151 0.13151 0.13151 0.13151 0.13151 0.10546 0.10546 ( 1)  0.211
 183 W   0.12813 0.12813 0.12813 0.12813 0.12813 0.12813 0.11562 0.11562 ( 5)  0.231
 184 F   0.13115 0.13115 0.13115 0.13115 0.13115 0.13115 0.10655 0.10655 ( 1)  0.213
 185 A   0.13072 0.13072 0.13072 0.13072 0.13072 0.13072 0.10784 0.10784 ( 2)  0.216
 186 G   0.12924 0.12924 0.12924 0.12924 0.12924 0.12924 0.11228 0.11228 ( 2)  0.225
 187 Y   0.12970 0.12970 0.12970 0.12970 0.12970 0.12970 0.11091 0.11091 ( 5)  0.222
 188 P   0.12922 0.12922 0.12922 0.12922 0.12922 0.12922 0.11235 0.11235 ( 1)  0.225
 189 A   0.13072 0.13072 0.13072 0.13072 0.13072 0.13072 0.10784 0.10784 ( 2)  0.216
 190 A   0.12880 0.12880 0.12880 0.12880 0.12880 0.12880 0.11359 0.11359 ( 2)  0.227
 191 G   0.12924 0.12924 0.12924 0.12924 0.12924 0.12924 0.11228 0.11228 ( 2)  0.225
 192 L   0.13037 0.13037 0.13037 0.13037 0.13037 0.13037 0.10889 0.10889 ( 2)  0.218
 193 Q   0.12965 0.12965 0.12965 0.12965 0.12965 0.12965 0.11105 0.11105 ( 5)  0.222
 194 E   0.12936 0.12936 0.12936 0.12936 0.12936 0.12936 0.11193 0.11193 ( 5)  0.224
 195 A   0.12988 0.12988 0.12988 0.12988 0.12988 0.12988 0.11037 0.11037 ( 2)  0.221
 196 R   0.13056 0.13056 0.13056 0.13056 0.13056 0.13056 0.10831 0.10831 ( 1)  0.217
 197 C   0.12906 0.12906 0.12906 0.12906 0.12906 0.12906 0.11281 0.11281 ( 1)  0.226
 198 L   0.13084 0.13084 0.13084 0.13084 0.13084 0.13084 0.10748 0.10748 ( 5)  0.215
 199 Q   0.12951 0.12951 0.12951 0.12951 0.12951 0.12951 0.11147 0.11147 ( 2)  0.223
 200 L   0.13128 0.13128 0.13128 0.13128 0.13128 0.13128 0.10617 0.10617 ( 1)  0.212
 201 V   0.13002 0.13002 0.13002 0.13002 0.13002 0.13002 0.10995 0.10995 ( 2)  0.220
 202 L   0.12849 0.12849 0.12849 0.12849 0.12849 0.12849 0.11454 0.11454 ( 5)  0.229
 203 L   0.13128 0.13128 0.13128 0.13128 0.13128 0.13128 0.10617 0.10617 ( 1)  0.212
 204 S   0.12808 0.12808 0.12808 0.12808 0.12808 0.12808 0.11575 0.11575 ( 2)  0.232
 205 I   0.13107 0.13107 0.13107 0.13107 0.13107 0.13107 0.10680 0.10680 ( 1)  0.214
 206 T   0.12932 0.12932 0.12932 0.12932 0.12932 0.12932 0.11205 0.11205 ( 2)  0.224
 207 G   0.12998 0.12998 0.12998 0.12998 0.12998 0.12998 0.11005 0.11005 ( 2)  0.220
 208 L   0.13037 0.13037 0.13037 0.13037 0.13037 0.13037 0.10889 0.10889 ( 2)  0.218
 209 V   0.13087 0.13087 0.13087 0.13087 0.13087 0.13087 0.10738 0.10738 ( 5)  0.215
 210 D   0.13007 0.13007 0.13007 0.13007 0.13007 0.13007 0.10978 0.10978 ( 2)  0.220
 211 E   0.12936 0.12936 0.12936 0.12936 0.12936 0.12936 0.11193 0.11193 ( 5)  0.224
 212 T   0.12932 0.12932 0.12932 0.12932 0.12932 0.12932 0.11205 0.11205 ( 2)  0.224
 213 L   0.13128 0.13128 0.13128 0.13128 0.13128 0.13128 0.10617 0.10617 ( 1)  0.212
 214 L   0.12849 0.12849 0.12849 0.12849 0.12849 0.12849 0.11454 0.11454 ( 5)  0.229
 215 S   0.12971 0.12971 0.12971 0.12971 0.12971 0.12971 0.11088 0.11088 ( 2)  0.222
 216 T   0.12932 0.12932 0.12932 0.12932 0.12932 0.12932 0.11205 0.11205 ( 2)  0.224
 217 G   0.12808 0.12808 0.12808 0.12808 0.12808 0.12808 0.11577 0.11577 ( 2)  0.232
 218 E   0.12922 0.12922 0.12922 0.12922 0.12922 0.12922 0.11235 0.11235 ( 5)  0.225
 219 A   0.12880 0.12880 0.12880 0.12880 0.12880 0.12880 0.11359 0.11359 ( 2)  0.227
 220 Y   0.12899 0.12899 0.12899 0.12899 0.12899 0.12899 0.11302 0.11302 ( 1)  0.226
 221 D   0.13007 0.13007 0.13007 0.13007 0.13007 0.13007 0.10978 0.10978 ( 2)  0.220
 222 V   0.12910 0.12910 0.12910 0.12910 0.12910 0.12910 0.11271 0.11271 ( 1)  0.225
 223 A   0.12935 0.12935 0.12935 0.12935 0.12935 0.12935 0.11195 0.11195 ( 5)  0.224
 224 A   0.12988 0.12988 0.12988 0.12988 0.12988 0.12988 0.11037 0.11037 ( 2)  0.221
 225 E   0.12922 0.12922 0.12922 0.12922 0.12922 0.12922 0.11235 0.11235 ( 5)  0.225
 226 A   0.13072 0.13072 0.13072 0.13072 0.13072 0.13072 0.10784 0.10784 ( 2)  0.216
 227 F   0.13088 0.13088 0.13088 0.13088 0.13088 0.13088 0.10736 0.10736 ( 1)  0.215
 228 Q   0.12951 0.12951 0.12951 0.12951 0.12951 0.12951 0.11147 0.11147 ( 2)  0.223
 229 R   0.12796 0.12796 0.12796 0.12796 0.12796 0.12796 0.11611 0.11611 ( 5)  0.232
 230 Q   0.12951 0.12951 0.12951 0.12951 0.12951 0.12951 0.11147 0.11147 ( 2)  0.223
 231 W   0.12813 0.12813 0.12813 0.12813 0.12813 0.12813 0.11562 0.11562 ( 5)  0.231
 232 P   0.13040 0.13040 0.13040 0.13040 0.13040 0.13040 0.10881 0.10881 ( 2)  0.218
 233 L   0.13084 0.13084 0.13084 0.13084 0.13084 0.13084 0.10748 0.10748 ( 5)  0.215
 234 P   0.13132 0.13132 0.13132 0.13132 0.13132 0.13132 0.10605 0.10605 ( 2)  0.212
 235 G   0.12924 0.12924 0.12924 0.12924 0.12924 0.12924 0.11228 0.11228 ( 2)  0.225
 236 M   0.13079 0.13079 0.13079 0.13079 0.13079 0.13079 0.10762 0.10762 ( 1)  0.215
 237 Y   0.12970 0.12970 0.12970 0.12970 0.12970 0.12970 0.11091 0.11091 ( 5)  0.222
 238 N   0.12992 0.12992 0.12992 0.12992 0.12992 0.12992 0.11024 0.11024 ( 2)  0.220
 239 P   0.13040 0.13040 0.13040 0.13040 0.13040 0.13040 0.10881 0.10881 ( 2)  0.218
 240 S   0.12846 0.12846 0.12846 0.12846 0.12846 0.12846 0.11463 0.11463 ( 1)  0.229
 241 H   0.13151 0.13151 0.13151 0.13151 0.13151 0.13151 0.10546 0.10546 ( 1)  0.211
 242 L   0.13037 0.13037 0.13037 0.13037 0.13037 0.13037 0.10889 0.10889 ( 2)  0.218
 243 P   0.13132 0.13132 0.13132 0.13132 0.13132 0.13132 0.10605 0.10605 ( 2)  0.212
 244 H   0.00000 0.00000 0.00000 0.00000 0.00000 0.00000 0.50000 0.50000 ( 8)  1.000
 245 V   0.13087 0.13087 0.13087 0.13087 0.13087 0.13087 0.10738 0.10738 ( 5)  0.215
 246 G   0.12924 0.12924 0.12924 0.12924 0.12924 0.12924 0.11228 0.11228 ( 2)  0.225
 247 S   0.12846 0.12846 0.12846 0.12846 0.12846 0.12846 0.11463 0.11463 ( 1)  0.229
 248 L   0.13128 0.13128 0.13128 0.13128 0.13128 0.13128 0.10617 0.10617 ( 1)  0.212
 249 M   0.13079 0.13079 0.13079 0.13079 0.13079 0.13079 0.10762 0.10762 ( 1)  0.215
 250 V   0.12892 0.12892 0.12892 0.12892 0.12892 0.12892 0.11325 0.11325 ( 1)  0.227
 251 I   0.13107 0.13107 0.13107 0.13107 0.13107 0.13107 0.10680 0.10680 ( 1)  0.214
 252 S   0.13035 0.13035 0.13035 0.13035 0.13035 0.13035 0.10894 0.10894 ( 2)  0.218


lnL = -1155.406924

