Supplemental results for CODEML (seqf: algn  treef: tree)


dN/dS (w) for site classes (K=9)

p:   0.11286  0.11286  0.11286  0.11286  0.11286  0.11286  0.11286  0.11286  0.09708
w:   0.00000  0.00000  0.00000  0.00000  0.00000  0.00000  0.00000  0.00000  2.82077

Naive Empirical Bayes (NEB) probabilities for 9 classes & postmean_w & P(w>1)
(amino acids refer to 1st sequence: Msl.19363)

   1 M   0.11498 0.11498 0.11498 0.11498 0.11498 0.11498 0.11498 0.11498 0.08015 ( 6)  0.226  0.080
   2 L   0.11442 0.11442 0.11442 0.11442 0.11442 0.11442 0.11442 0.11442 0.08467 ( 3)  0.239  0.085
   3 C   0.11411 0.11411 0.11411 0.11411 0.11411 0.11411 0.11411 0.11411 0.08710 ( 1)  0.246  0.087
   4 Y   0.11337 0.11337 0.11337 0.11337 0.11337 0.11337 0.11337 0.11337 0.09307 ( 1)  0.263  0.093
   5 L   0.11442 0.11442 0.11442 0.11442 0.11442 0.11442 0.11442 0.11442 0.08467 ( 3)  0.239  0.085
   6 N   0.11475 0.11475 0.11475 0.11475 0.11475 0.11475 0.11475 0.11475 0.08197 ( 1)  0.231  0.082
   7 S   0.11436 0.11436 0.11436 0.11436 0.11436 0.11436 0.11436 0.11436 0.08515 ( 2)  0.240  0.085
   8 A   0.11467 0.11467 0.11467 0.11467 0.11467 0.11467 0.11467 0.11467 0.08265 ( 3)  0.233  0.083
   9 R   0.11457 0.11457 0.11457 0.11457 0.11457 0.11457 0.11457 0.11457 0.08347 ( 5)  0.235  0.083
  10 R   0.11450 0.11450 0.11450 0.11450 0.11450 0.11450 0.11450 0.11450 0.08401 ( 2)  0.237  0.084
  11 V   0.11515 0.11515 0.11515 0.11515 0.11515 0.11515 0.11515 0.11515 0.07883 ( 5)  0.222  0.079
  12 L   0.11442 0.11442 0.11442 0.11442 0.11442 0.11442 0.11442 0.11442 0.08467 ( 3)  0.239  0.085
  13 Q   0.11471 0.11471 0.11471 0.11471 0.11471 0.11471 0.11471 0.11471 0.08233 ( 2)  0.232  0.082
  14 R   0.11457 0.11457 0.11457 0.11457 0.11457 0.11457 0.11457 0.11457 0.08347 ( 5)  0.235  0.083
  15 I   0.11356 0.11356 0.11356 0.11356 0.11356 0.11356 0.11356 0.11356 0.09148 ( 6)  0.258  0.091
  16 D   0.11517 0.11517 0.11517 0.11517 0.11517 0.11517 0.11517 0.11517 0.07866 ( 1)  0.222  0.079
  17 V   0.11515 0.11515 0.11515 0.11515 0.11515 0.11515 0.11515 0.11515 0.07883 ( 5)  0.222  0.079
  18 S   0.11415 0.11415 0.11415 0.11415 0.11415 0.11415 0.11415 0.11415 0.08676 ( 2)  0.245  0.087
  19 E   0.11540 0.11540 0.11540 0.11540 0.11540 0.11540 0.11540 0.11540 0.07676 ( 1)  0.217  0.077
  20 M   0.11498 0.11498 0.11498 0.11498 0.11498 0.11498 0.11498 0.11498 0.08015 ( 6)  0.226  0.080
  21 S   0.11438 0.11438 0.11438 0.11438 0.11438 0.11438 0.11438 0.11438 0.08493 ( 1)  0.240  0.085
  22 R   0.11380 0.11380 0.11380 0.11380 0.11380 0.11380 0.11380 0.11380 0.08957 ( 2)  0.253  0.090
  23 S   0.11436 0.11436 0.11436 0.11436 0.11436 0.11436 0.11436 0.11436 0.08515 ( 2)  0.240  0.085
  24 D   0.11517 0.11517 0.11517 0.11517 0.11517 0.11517 0.11517 0.11517 0.07866 ( 1)  0.222  0.079
  25 I   0.11452 0.11452 0.11452 0.11452 0.11452 0.11452 0.11452 0.11452 0.08387 ( 5)  0.237  0.084
  26 N   0.11371 0.11371 0.11371 0.11371 0.11371 0.11371 0.11371 0.11371 0.09032 ( 3)  0.255  0.090
  27 S   0.11314 0.11314 0.11314 0.11314 0.11314 0.11314 0.11314 0.11314 0.09488 ( 1)  0.268  0.095
  28 M   0.11498 0.11498 0.11498 0.11498 0.11498 0.11498 0.11498 0.11498 0.08015 ( 6)  0.226  0.080
  29 L   0.11442 0.11442 0.11442 0.11442 0.11442 0.11442 0.11442 0.11442 0.08467 ( 3)  0.239  0.085
  30 A   0.11467 0.11467 0.11467 0.11467 0.11467 0.11467 0.11467 0.11467 0.08265 ( 3)  0.233  0.083
  31 A   0.11351 0.11351 0.11351 0.11351 0.11351 0.11351 0.11351 0.11351 0.09189 ( 3)  0.259  0.092
  32 R   0.11424 0.11424 0.11424 0.11424 0.11424 0.11424 0.11424 0.11424 0.08604 ( 6)  0.243  0.086
  33 G   0.11470 0.11470 0.11470 0.11470 0.11470 0.11470 0.11470 0.11470 0.08236 ( 6)  0.232  0.082
  34 F   0.11428 0.11428 0.11428 0.11428 0.11428 0.11428 0.11428 0.11428 0.08576 ( 5)  0.242  0.086
  35 R   0.11424 0.11424 0.11424 0.11424 0.11424 0.11424 0.11424 0.11424 0.08604 ( 6)  0.243  0.086
  36 K   0.11349 0.11349 0.11349 0.11349 0.11349 0.11349 0.11349 0.11349 0.09211 ( 5)  0.260  0.092
  37 E   0.11540 0.11540 0.11540 0.11540 0.11540 0.11540 0.11540 0.11540 0.07676 ( 1)  0.217  0.077
  38 A   0.11467 0.11467 0.11467 0.11467 0.11467 0.11467 0.11467 0.11467 0.08265 ( 3)  0.233  0.083
  39 D   0.11517 0.11517 0.11517 0.11517 0.11517 0.11517 0.11517 0.11517 0.07866 ( 1)  0.222  0.079
  40 A   0.11467 0.11467 0.11467 0.11467 0.11467 0.11467 0.11467 0.11467 0.08265 ( 3)  0.233  0.083
  41 Q   0.11471 0.11471 0.11471 0.11471 0.11471 0.11471 0.11471 0.11471 0.08233 ( 2)  0.232  0.082
  42 Q   0.11471 0.11471 0.11471 0.11471 0.11471 0.11471 0.11471 0.11471 0.08233 ( 2)  0.232  0.082
  43 Q   0.11471 0.11471 0.11471 0.11471 0.11471 0.11471 0.11471 0.11471 0.08233 ( 2)  0.232  0.082
  44 G   0.11470 0.11470 0.11470 0.11470 0.11470 0.11470 0.11470 0.11470 0.08236 ( 6)  0.232  0.082
  45 A   0.11467 0.11467 0.11467 0.11467 0.11467 0.11467 0.11467 0.11467 0.08265 ( 3)  0.233  0.083
  46 E   0.11540 0.11540 0.11540 0.11540 0.11540 0.11540 0.11540 0.11540 0.07676 ( 1)  0.217  0.077
  47 R   0.11450 0.11450 0.11450 0.11450 0.11450 0.11450 0.11450 0.11450 0.08401 ( 2)  0.237  0.084
  48 S   0.11415 0.11415 0.11415 0.11415 0.11415 0.11415 0.11415 0.11415 0.08676 ( 2)  0.245  0.087
  49 Y   0.11429 0.11429 0.11429 0.11429 0.11429 0.11429 0.11429 0.11429 0.08570 ( 1)  0.242  0.086
  50 G   0.11333 0.11333 0.11333 0.11333 0.11333 0.11333 0.11333 0.11333 0.09340 ( 3)  0.263  0.093
  51 V   0.11515 0.11515 0.11515 0.11515 0.11515 0.11515 0.11515 0.11515 0.07883 ( 5)  0.222  0.079
  52 P   0.11323 0.11323 0.11323 0.11323 0.11323 0.11323 0.11323 0.11323 0.09414 ( 5)  0.266  0.094
  53 D   0.11517 0.11517 0.11517 0.11517 0.11517 0.11517 0.11517 0.11517 0.07866 ( 1)  0.222  0.079
  54 E   0.11540 0.11540 0.11540 0.11540 0.11540 0.11540 0.11540 0.11540 0.07676 ( 1)  0.217  0.077
  55 A   0.11351 0.11351 0.11351 0.11351 0.11351 0.11351 0.11351 0.11351 0.09189 ( 3)  0.259  0.092
  56 P   0.11323 0.11323 0.11323 0.11323 0.11323 0.11323 0.11323 0.11323 0.09414 ( 5)  0.266  0.094
  57 K   0.11501 0.11501 0.11501 0.11501 0.11501 0.11501 0.11501 0.11501 0.07989 ( 6)  0.225  0.080
  58 P   0.11468 0.11468 0.11468 0.11468 0.11468 0.11468 0.11468 0.11468 0.08252 ( 6)  0.233  0.083
  59 I   0.11452 0.11452 0.11452 0.11452 0.11452 0.11452 0.11452 0.11452 0.08387 ( 5)  0.237  0.084
  60 V   0.11334 0.11334 0.11334 0.11334 0.11334 0.11334 0.11334 0.11334 0.09330 ( 3)  0.263  0.093
  61 D   0.11409 0.11409 0.11409 0.11409 0.11409 0.11409 0.11409 0.11409 0.08730 ( 2)  0.246  0.087
  62 E   0.11540 0.11540 0.11540 0.11540 0.11540 0.11540 0.11540 0.11540 0.07676 ( 1)  0.217  0.077
  63 A   0.11514 0.11514 0.11514 0.11514 0.11514 0.11514 0.11514 0.11514 0.07888 ( 6)  0.223  0.079
  64 A   0.11514 0.11514 0.11514 0.11514 0.11514 0.11514 0.11514 0.11514 0.07888 ( 6)  0.223  0.079
  65 E   0.11540 0.11540 0.11540 0.11540 0.11540 0.11540 0.11540 0.11540 0.07676 ( 1)  0.217  0.077
  66 S   0.11332 0.11332 0.11332 0.11332 0.11332 0.11332 0.11332 0.11332 0.09346 ( 1)  0.264  0.093
  67 G   0.00000 0.00000 0.00000 0.00000 0.00000 0.00000 0.00000 0.00000 1.00000 ( 9)  2.821  1.000
  68 R   0.11450 0.11450 0.11450 0.11450 0.11450 0.11450 0.11450 0.11450 0.08401 ( 2)  0.237  0.084
  69 V   0.11352 0.11352 0.11352 0.11352 0.11352 0.11352 0.11352 0.11352 0.09188 ( 5)  0.259  0.092
  70 D   0.11517 0.11517 0.11517 0.11517 0.11517 0.11517 0.11517 0.11517 0.07866 ( 1)  0.222  0.079
  71 L   0.11442 0.11442 0.11442 0.11442 0.11442 0.11442 0.11442 0.11442 0.08467 ( 3)  0.239  0.085

Positively selected sites

	Prob(w>1)  mean w

    67 G      1.000**       2.821


lnL =  -285.378770

Bayes Empirical Bayes (BEB) probabilities for 11 classes (class) & postmean_w
(amino acids refer to 1st sequence: Msl.19363)

   1 M   0.26254 0.08104 0.07015 0.06486 0.06124 0.05823 0.05549 0.05310 0.05206 0.09593 0.14537 ( 1)  0.715 +-  1.098
   2 L   0.25978 0.08019 0.06951 0.06438 0.06089 0.05800 0.05537 0.05308 0.05212 0.09602 0.15064 ( 1)  0.739 +-  1.154
   3 C   0.25833 0.07974 0.06918 0.06413 0.06071 0.05789 0.05531 0.05307 0.05216 0.09608 0.15340 ( 1)  0.752 +-  1.182
   4 Y   0.25473 0.07863 0.06834 0.06349 0.06024 0.05755 0.05512 0.05299 0.05218 0.09611 0.16062 ( 1)  0.787 +-  1.260
   5 L   0.25978 0.08019 0.06951 0.06438 0.06089 0.05800 0.05537 0.05308 0.05212 0.09602 0.15064 ( 1)  0.739 +-  1.154
   6 N   0.26143 0.08070 0.06989 0.06467 0.06110 0.05814 0.05545 0.05310 0.05209 0.09597 0.14745 ( 1)  0.724 +-  1.120
   7 S   0.25950 0.08010 0.06945 0.06434 0.06086 0.05798 0.05537 0.05308 0.05213 0.09604 0.15114 ( 1)  0.741 +-  1.159
   8 A   0.26099 0.08056 0.06979 0.06459 0.06104 0.05809 0.05541 0.05308 0.05208 0.09596 0.14842 ( 1)  0.729 +-  1.133
   9 R   0.26052 0.08042 0.06968 0.06451 0.06099 0.05807 0.05541 0.05309 0.05211 0.09601 0.14917 ( 1)  0.732 +-  1.138
  10 R   0.26018 0.08031 0.06960 0.06445 0.06095 0.05804 0.05539 0.05309 0.05212 0.09601 0.14985 ( 1)  0.735 +-  1.146
  11 V   0.26330 0.08128 0.07032 0.06498 0.06131 0.05826 0.05549 0.05307 0.05200 0.09583 0.14415 ( 1)  0.710 +-  1.090
  12 L   0.25978 0.08019 0.06951 0.06438 0.06089 0.05800 0.05537 0.05308 0.05212 0.09602 0.15064 ( 1)  0.739 +-  1.154
  13 Q   0.26120 0.08063 0.06984 0.06463 0.06107 0.05812 0.05543 0.05309 0.05209 0.09597 0.14795 ( 1)  0.727 +-  1.126
  14 R   0.26052 0.08042 0.06968 0.06451 0.06099 0.05807 0.05541 0.05309 0.05211 0.09601 0.14917 ( 1)  0.732 +-  1.138
  15 I   0.25569 0.07893 0.06857 0.06366 0.06037 0.05764 0.05517 0.05302 0.05218 0.09611 0.15867 ( 1)  0.777 +-  1.239
  16 D   0.26341 0.08132 0.07034 0.06500 0.06133 0.05828 0.05550 0.05308 0.05201 0.09584 0.14389 ( 1)  0.709 +-  1.087
  17 V   0.26330 0.08128 0.07032 0.06498 0.06131 0.05826 0.05549 0.05307 0.05200 0.09583 0.14415 ( 1)  0.710 +-  1.090
  18 S   0.25853 0.07980 0.06923 0.06417 0.06074 0.05790 0.05532 0.05307 0.05215 0.09607 0.15302 ( 1)  0.750 +-  1.178
  19 E   0.26456 0.08168 0.07060 0.06519 0.06146 0.05834 0.05552 0.05305 0.05195 0.09574 0.14192 ( 1)  0.700 +-  1.069
  20 M   0.26254 0.08104 0.07015 0.06486 0.06124 0.05823 0.05549 0.05310 0.05206 0.09593 0.14537 ( 1)  0.715 +-  1.098
  21 S   0.25964 0.08015 0.06948 0.06436 0.06088 0.05800 0.05538 0.05309 0.05213 0.09604 0.15085 ( 1)  0.740 +-  1.155
  22 R   0.25683 0.07928 0.06883 0.06386 0.06051 0.05775 0.05523 0.05304 0.05216 0.09609 0.15641 ( 1)  0.766 +-  1.215
  23 S   0.25950 0.08010 0.06945 0.06434 0.06086 0.05798 0.05537 0.05308 0.05213 0.09604 0.15114 ( 1)  0.741 +-  1.159
  24 D   0.26341 0.08132 0.07034 0.06500 0.06133 0.05828 0.05550 0.05308 0.05201 0.09584 0.14389 ( 1)  0.709 +-  1.087
  25 I   0.26028 0.08034 0.06963 0.06447 0.06096 0.05805 0.05540 0.05309 0.05212 0.09602 0.14963 ( 1)  0.734 +-  1.143
  26 N   0.25639 0.07914 0.06873 0.06379 0.06046 0.05771 0.05521 0.05304 0.05217 0.09610 0.15726 ( 1)  0.770 +-  1.223
  27 S   0.25364 0.07830 0.06809 0.06329 0.06009 0.05745 0.05505 0.05296 0.05217 0.09610 0.16286 ( 1)  0.798 +-  1.284
  28 M   0.26254 0.08104 0.07015 0.06486 0.06124 0.05823 0.05549 0.05310 0.05206 0.09593 0.14537 ( 1)  0.715 +-  1.098
  29 L   0.25978 0.08019 0.06951 0.06438 0.06089 0.05800 0.05537 0.05308 0.05212 0.09602 0.15064 ( 1)  0.739 +-  1.154
  30 A   0.26099 0.08056 0.06979 0.06459 0.06104 0.05809 0.05541 0.05308 0.05208 0.09596 0.14842 ( 1)  0.729 +-  1.133
  31 A   0.25544 0.07885 0.06851 0.06362 0.06033 0.05762 0.05516 0.05301 0.05217 0.09610 0.15920 ( 1)  0.780 +-  1.245
  32 R   0.25896 0.07994 0.06932 0.06424 0.06079 0.05794 0.05534 0.05308 0.05214 0.09605 0.15219 ( 1)  0.746 +-  1.170
  33 G   0.26118 0.08062 0.06983 0.06462 0.06107 0.05811 0.05543 0.05309 0.05209 0.09597 0.14800 ( 1)  0.727 +-  1.127
  34 F   0.25914 0.07999 0.06937 0.06427 0.06082 0.05795 0.05535 0.05308 0.05214 0.09606 0.15182 ( 1)  0.744 +-  1.166
  35 R   0.25896 0.07994 0.06932 0.06424 0.06079 0.05794 0.05534 0.05308 0.05214 0.09605 0.15219 ( 1)  0.746 +-  1.170
  36 K   0.25531 0.07881 0.06848 0.06359 0.06031 0.05761 0.05515 0.05301 0.05218 0.09611 0.15944 ( 1)  0.781 +-  1.247
  37 E   0.26456 0.08168 0.07060 0.06519 0.06146 0.05834 0.05552 0.05305 0.05195 0.09574 0.14192 ( 1)  0.700 +-  1.069
  38 A   0.26099 0.08056 0.06979 0.06459 0.06104 0.05809 0.05541 0.05308 0.05208 0.09596 0.14842 ( 1)  0.729 +-  1.133
  39 D   0.26341 0.08132 0.07034 0.06500 0.06133 0.05828 0.05550 0.05308 0.05201 0.09584 0.14389 ( 1)  0.709 +-  1.087
  40 A   0.26099 0.08056 0.06979 0.06459 0.06104 0.05809 0.05541 0.05308 0.05208 0.09596 0.14842 ( 1)  0.729 +-  1.133
  41 Q   0.26120 0.08063 0.06984 0.06463 0.06107 0.05812 0.05543 0.05309 0.05209 0.09597 0.14795 ( 1)  0.727 +-  1.126
  42 Q   0.26120 0.08063 0.06984 0.06463 0.06107 0.05812 0.05543 0.05309 0.05209 0.09597 0.14795 ( 1)  0.727 +-  1.126
  43 Q   0.26120 0.08063 0.06984 0.06463 0.06107 0.05812 0.05543 0.05309 0.05209 0.09597 0.14795 ( 1)  0.727 +-  1.126
  44 G   0.26118 0.08062 0.06983 0.06462 0.06107 0.05811 0.05543 0.05309 0.05209 0.09597 0.14800 ( 1)  0.727 +-  1.127
  45 A   0.26099 0.08056 0.06979 0.06459 0.06104 0.05809 0.05541 0.05308 0.05208 0.09596 0.14842 ( 1)  0.729 +-  1.133
  46 E   0.26456 0.08168 0.07060 0.06519 0.06146 0.05834 0.05552 0.05305 0.05195 0.09574 0.14192 ( 1)  0.700 +-  1.069
  47 R   0.26018 0.08031 0.06960 0.06445 0.06095 0.05804 0.05539 0.05309 0.05212 0.09601 0.14985 ( 1)  0.735 +-  1.146
  48 S   0.25853 0.07980 0.06923 0.06417 0.06074 0.05790 0.05532 0.05307 0.05215 0.09607 0.15302 ( 1)  0.750 +-  1.178
  49 Y   0.25917 0.08000 0.06937 0.06428 0.06082 0.05796 0.05535 0.05308 0.05214 0.09605 0.15177 ( 1)  0.744 +-  1.165
  50 G   0.25453 0.07857 0.06830 0.06345 0.06021 0.05753 0.05510 0.05299 0.05218 0.09610 0.16104 ( 1)  0.789 +-  1.264
  51 V   0.26330 0.08128 0.07032 0.06498 0.06131 0.05826 0.05549 0.05307 0.05200 0.09583 0.14415 ( 1)  0.710 +-  1.090
  52 P   0.25408 0.07843 0.06819 0.06337 0.06015 0.05749 0.05508 0.05298 0.05218 0.09610 0.16196 ( 1)  0.794 +-  1.274
  53 D   0.26341 0.08132 0.07034 0.06500 0.06133 0.05828 0.05550 0.05308 0.05201 0.09584 0.14389 ( 1)  0.709 +-  1.087
  54 E   0.26456 0.08168 0.07060 0.06519 0.06146 0.05834 0.05552 0.05305 0.05195 0.09574 0.14192 ( 1)  0.700 +-  1.069
  55 A   0.25544 0.07885 0.06851 0.06362 0.06033 0.05762 0.05516 0.05301 0.05217 0.09610 0.15920 ( 1)  0.780 +-  1.245
  56 P   0.25408 0.07843 0.06819 0.06337 0.06015 0.05749 0.05508 0.05298 0.05218 0.09610 0.16196 ( 1)  0.794 +-  1.274
  57 K   0.26268 0.08109 0.07018 0.06488 0.06125 0.05823 0.05549 0.05310 0.05205 0.09591 0.14513 ( 1)  0.714 +-  1.097
  58 P   0.26108 0.08059 0.06981 0.06461 0.06106 0.05811 0.05543 0.05309 0.05209 0.09597 0.14817 ( 1)  0.728 +-  1.129
  59 I   0.26028 0.08034 0.06963 0.06447 0.06096 0.05805 0.05540 0.05309 0.05212 0.09602 0.14963 ( 1)  0.734 +-  1.143
  60 V   0.25459 0.07859 0.06831 0.06346 0.06022 0.05754 0.05511 0.05299 0.05218 0.09610 0.16092 ( 1)  0.788 +-  1.263
  61 D   0.25820 0.07970 0.06915 0.06411 0.06070 0.05787 0.05531 0.05307 0.05215 0.09607 0.15366 ( 1)  0.753 +-  1.185
  62 E   0.26456 0.08168 0.07060 0.06519 0.06146 0.05834 0.05552 0.05305 0.05195 0.09574 0.14192 ( 1)  0.700 +-  1.069
  63 A   0.26327 0.08127 0.07031 0.06497 0.06131 0.05826 0.05549 0.05307 0.05200 0.09583 0.14422 ( 1)  0.710 +-  1.091
  64 A   0.26327 0.08127 0.07031 0.06497 0.06131 0.05826 0.05549 0.05307 0.05200 0.09583 0.14422 ( 1)  0.710 +-  1.091
  65 E   0.26456 0.08168 0.07060 0.06519 0.06146 0.05834 0.05552 0.05305 0.05195 0.09574 0.14192 ( 1)  0.700 +-  1.069
  66 S   0.25449 0.07856 0.06829 0.06345 0.06020 0.05753 0.05510 0.05299 0.05218 0.09610 0.16110 ( 1)  0.789 +-  1.265
  67 G   0.02761 0.02065 0.02829 0.03535 0.04173 0.04734 0.05209 0.05605 0.06014 0.10832 0.52242 (11)  2.514 +-  2.726
  68 R   0.26018 0.08031 0.06960 0.06445 0.06095 0.05804 0.05539 0.05309 0.05212 0.09601 0.14985 ( 1)  0.735 +-  1.146
  69 V   0.25544 0.07885 0.06851 0.06362 0.06033 0.05762 0.05516 0.05301 0.05217 0.09610 0.15918 ( 1)  0.780 +-  1.244
  70 D   0.26341 0.08132 0.07034 0.06500 0.06133 0.05828 0.05550 0.05308 0.05201 0.09584 0.14389 ( 1)  0.709 +-  1.087
  71 L   0.25978 0.08019 0.06951 0.06438 0.06089 0.05800 0.05537 0.05308 0.05212 0.09602 0.15064 ( 1)  0.739 +-  1.154

Positively selected sites

	Prob(w>1)  mean w

    67 G      0.522         2.514 +- 2.726

