Supplemental results for CODEML (seqf: algn  treef: tree)


dN/dS (w) for site classes (K=3)

p:   0.99646  0.00000  0.00354
w:   0.00000  1.00000 96.28237

Naive Empirical Bayes (NEB) probabilities for 3 classes & postmean_w & P(w>1)
(amino acids refer to 1st sequence: Msl.13663)

   1 Q   0.99889 0.00000 0.00111 ( 1)  0.107  0.001
   2 A   0.99902 0.00000 0.00098 ( 1)  0.095  0.001
   3 Q   0.99889 0.00000 0.00111 ( 1)  0.107  0.001
   4 A   0.99902 0.00000 0.00098 ( 1)  0.095  0.001
   5 T   0.99907 0.00000 0.00093 ( 1)  0.090  0.001
   6 Q   0.99941 0.00000 0.00059 ( 1)  0.057  0.001
   7 P   0.99931 0.00000 0.00069 ( 1)  0.067  0.001
   8 Q   0.99941 0.00000 0.00059 ( 1)  0.057  0.001
   9 S   0.99954 0.00000 0.00046 ( 1)  0.044  0.000
  10 R   0.99926 0.00000 0.00074 ( 1)  0.071  0.001
  11 L   0.99918 0.00000 0.00082 ( 1)  0.079  0.001
  12 L   0.99918 0.00000 0.00082 ( 1)  0.079  0.001
  13 L   0.99905 0.00000 0.00095 ( 1)  0.091  0.001
  14 P   0.99931 0.00000 0.00069 ( 1)  0.067  0.001
  15 A   0.99902 0.00000 0.00098 ( 1)  0.095  0.001
  16 R   0.99631 0.00000 0.00369 ( 1)  0.355  0.004
  17 K   0.00001 0.00000 0.99999 ( 3) 96.281  1.000
  18 S   0.99930 0.00000 0.00070 ( 1)  0.068  0.001
  19 L   0.99918 0.00000 0.00082 ( 1)  0.079  0.001
  20 D   0.99959 0.00000 0.00041 ( 1)  0.039  0.000
  21 L   0.99918 0.00000 0.00082 ( 1)  0.079  0.001
  22 S   0.99930 0.00000 0.00070 ( 1)  0.068  0.001
  23 T   0.99809 0.00000 0.00191 ( 1)  0.184  0.002
  24 S   0.99906 0.00000 0.00094 ( 1)  0.091  0.001
  25 M   0.00000 0.00000 1.00000 ( 3) 96.282  1.000
  26 S   0.99930 0.00000 0.00070 ( 1)  0.068  0.001
  27 G   0.99951 0.00000 0.00049 ( 1)  0.047  0.000
  28 K   0.99944 0.00000 0.00056 ( 1)  0.054  0.001
  29 S   0.99930 0.00000 0.00070 ( 1)  0.068  0.001
  30 S   0.99906 0.00000 0.00094 ( 1)  0.091  0.001
  31 V   0.99906 0.00000 0.00094 ( 1)  0.091  0.001
  32 S   0.99906 0.00000 0.00094 ( 1)  0.091  0.001
  33 A   0.99801 0.00000 0.00199 ( 1)  0.191  0.002
  34 V   0.99939 0.00000 0.00061 ( 1)  0.059  0.001
  35 S   0.99930 0.00000 0.00070 ( 1)  0.068  0.001
  36 N   0.99917 0.00000 0.00083 ( 1)  0.080  0.001
  37 S   0.99830 0.00000 0.00170 ( 1)  0.163  0.002
  38 A   0.99902 0.00000 0.00098 ( 1)  0.095  0.001
  39 S   0.99954 0.00000 0.00046 ( 1)  0.044  0.000
  40 G   0.99901 0.00000 0.00099 ( 1)  0.095  0.001
  41 S   0.99930 0.00000 0.00070 ( 1)  0.068  0.001
  42 A   0.99902 0.00000 0.00098 ( 1)  0.095  0.001
  43 S   0.99830 0.00000 0.00170 ( 1)  0.163  0.002
  44 G   0.99951 0.00000 0.00049 ( 1)  0.047  0.000
  45 L   0.99918 0.00000 0.00082 ( 1)  0.079  0.001
  46 S   0.99954 0.00000 0.00046 ( 1)  0.044  0.000
  47 N   0.99961 0.00000 0.00039 ( 1)  0.037  0.000
  48 S   0.99914 0.00000 0.00086 ( 1)  0.083  0.001
  49 P   0.99931 0.00000 0.00069 ( 1)  0.067  0.001
  50 R   0.99951 0.00000 0.00049 ( 1)  0.047  0.000
  51 G   0.99901 0.00000 0.00099 ( 1)  0.095  0.001
  52 S   0.99906 0.00000 0.00094 ( 1)  0.091  0.001
  53 S   0.99830 0.00000 0.00170 ( 1)  0.163  0.002
  54 C   0.99958 0.00000 0.00042 ( 1)  0.041  0.000
  55 A   0.99902 0.00000 0.00098 ( 1)  0.095  0.001
  56 V   0.99906 0.00000 0.00094 ( 1)  0.091  0.001
  57 C   0.99958 0.00000 0.00042 ( 1)  0.041  0.000
  58 Q   0.99941 0.00000 0.00059 ( 1)  0.057  0.001
  59 D   0.99929 0.00000 0.00071 ( 1)  0.068  0.001
  60 V   0.99856 0.00000 0.00144 ( 1)  0.139  0.001
  61 A   0.99944 0.00000 0.00056 ( 1)  0.054  0.001
  62 S   0.99960 0.00000 0.00040 ( 1)  0.039  0.000
  63 G   0.99901 0.00000 0.00099 ( 1)  0.095  0.001
  64 V   0.99939 0.00000 0.00061 ( 1)  0.059  0.001
  65 H   0.99959 0.00000 0.00041 ( 1)  0.039  0.000
  66 Y   0.99953 0.00000 0.00047 ( 1)  0.045  0.000
  67 G   0.99901 0.00000 0.00099 ( 1)  0.095  0.001
  68 V   0.99939 0.00000 0.00061 ( 1)  0.059  0.001
  69 P   0.99946 0.00000 0.00054 ( 1)  0.052  0.001
  70 T   0.99907 0.00000 0.00093 ( 1)  0.090  0.001
  71 C   0.99958 0.00000 0.00042 ( 1)  0.041  0.000
  72 E   0.99904 0.00000 0.00096 ( 1)  0.092  0.001
  73 G   0.99951 0.00000 0.00049 ( 1)  0.047  0.000
  74 C   0.99958 0.00000 0.00042 ( 1)  0.041  0.000
  75 K   0.99944 0.00000 0.00056 ( 1)  0.054  0.001
  76 G   0.99951 0.00000 0.00049 ( 1)  0.047  0.000
  77 F   0.99923 0.00000 0.00077 ( 1)  0.074  0.001
  78 F   0.99962 0.00000 0.00038 ( 1)  0.036  0.000
  79 R   0.99951 0.00000 0.00049 ( 1)  0.047  0.000
  80 R   0.99900 0.00000 0.00100 ( 1)  0.096  0.001
  81 I   0.99961 0.00000 0.00039 ( 1)  0.037  0.000
  82 V   0.99939 0.00000 0.00061 ( 1)  0.059  0.001
  83 S   0.99930 0.00000 0.00070 ( 1)  0.068  0.001
  84 S   0.99954 0.00000 0.00046 ( 1)  0.044  0.000
  85 R   0.99951 0.00000 0.00049 ( 1)  0.047  0.000
  86 N   0.99961 0.00000 0.00039 ( 1)  0.037  0.000
  87 P   0.99931 0.00000 0.00069 ( 1)  0.067  0.001
  88 A   0.99944 0.00000 0.00056 ( 1)  0.054  0.001
  89 G   0.99912 0.00000 0.00088 ( 1)  0.085  0.001
  90 A   0.99944 0.00000 0.00056 ( 1)  0.054  0.001
  91 C   0.99958 0.00000 0.00042 ( 1)  0.041  0.000
  92 S   0.99954 0.00000 0.00046 ( 1)  0.044  0.000
  93 H   0.99959 0.00000 0.00041 ( 1)  0.039  0.000
  94 A   0.99944 0.00000 0.00056 ( 1)  0.054  0.001
  95 S   0.99960 0.00000 0.00040 ( 1)  0.039  0.000
  96 P   0.99931 0.00000 0.00069 ( 1)  0.067  0.001
  97 L   0.99918 0.00000 0.00082 ( 1)  0.079  0.001
  98 A   0.99931 0.00000 0.00069 ( 1)  0.066  0.001
  99 I   0.99897 0.00000 0.00103 ( 1)  0.099  0.001
 100 T   0.99942 0.00000 0.00058 ( 1)  0.056  0.001
 101 P   0.99931 0.00000 0.00069 ( 1)  0.067  0.001
 102 Q   0.99941 0.00000 0.00059 ( 1)  0.057  0.001
 103 T   0.99907 0.00000 0.00093 ( 1)  0.090  0.001
 104 R   0.99951 0.00000 0.00049 ( 1)  0.047  0.000
 105 N   0.99961 0.00000 0.00039 ( 1)  0.037  0.000
 106 A   0.99944 0.00000 0.00056 ( 1)  0.054  0.001
 107 C   0.99958 0.00000 0.00042 ( 1)  0.041  0.000
 108 Q   0.99889 0.00000 0.00111 ( 1)  0.107  0.001
 109 W   0.99932 0.00000 0.00068 ( 1)  0.066  0.001
 110 C   0.99958 0.00000 0.00042 ( 1)  0.041  0.000
 111 R   0.99900 0.00000 0.00100 ( 1)  0.096  0.001
 112 L   0.99918 0.00000 0.00082 ( 1)  0.079  0.001
 113 K   0.99876 0.00000 0.00124 ( 1)  0.119  0.001
 114 K   0.99944 0.00000 0.00056 ( 1)  0.054  0.001
 115 C   0.99958 0.00000 0.00042 ( 1)  0.041  0.000
 116 C   0.99958 0.00000 0.00042 ( 1)  0.041  0.000
 117 A   0.99944 0.00000 0.00056 ( 1)  0.054  0.001
 118 V   0.99906 0.00000 0.00094 ( 1)  0.091  0.001
 119 N   0.99961 0.00000 0.00039 ( 1)  0.037  0.000
 120 M   0.99958 0.00000 0.00042 ( 1)  0.040  0.000
 121 G   0.99951 0.00000 0.00049 ( 1)  0.047  0.000
 122 R   0.99926 0.00000 0.00074 ( 1)  0.071  0.001
 123 Q   0.99941 0.00000 0.00059 ( 1)  0.057  0.001
 124 R   0.99900 0.00000 0.00100 ( 1)  0.096  0.001
 125 S   0.99930 0.00000 0.00070 ( 1)  0.068  0.001
 126 K   0.99876 0.00000 0.00124 ( 1)  0.119  0.001
 127 L   0.99953 0.00000 0.00047 ( 1)  0.046  0.000
 128 G   0.99951 0.00000 0.00049 ( 1)  0.047  0.000
 129 R   0.99900 0.00000 0.00100 ( 1)  0.096  0.001
 130 R   0.99926 0.00000 0.00074 ( 1)  0.071  0.001
 131 A   0.99944 0.00000 0.00056 ( 1)  0.054  0.001
 132 R   0.99858 0.00000 0.00142 ( 1)  0.136  0.001
 133 L   0.99953 0.00000 0.00047 ( 1)  0.046  0.000
 134 D   0.99959 0.00000 0.00041 ( 1)  0.039  0.000
 135 A   0.99944 0.00000 0.00056 ( 1)  0.054  0.001
 136 D   0.99959 0.00000 0.00041 ( 1)  0.039  0.000
 137 N   0.99961 0.00000 0.00039 ( 1)  0.037  0.000
 138 G   0.99951 0.00000 0.00049 ( 1)  0.047  0.000
 139 N   0.99961 0.00000 0.00039 ( 1)  0.037  0.000
 140 G   0.99951 0.00000 0.00049 ( 1)  0.047  0.000
 141 G   0.99901 0.00000 0.00099 ( 1)  0.095  0.001
 142 R   0.99951 0.00000 0.00049 ( 1)  0.047  0.000
 143 G   0.99838 0.00000 0.00162 ( 1)  0.156  0.002
 144 V   0.99952 0.00000 0.00048 ( 1)  0.047  0.000
 145 G   0.99951 0.00000 0.00049 ( 1)  0.047  0.000
 146 G   0.99951 0.00000 0.00049 ( 1)  0.047  0.000
 147 A   0.99854 0.00000 0.00146 ( 1)  0.141  0.001
 148 K   0.99944 0.00000 0.00056 ( 1)  0.054  0.001
 149 R   0.99900 0.00000 0.00100 ( 1)  0.096  0.001
 150 R   0.99807 0.00000 0.00193 ( 1)  0.186  0.002
 151 T   0.99956 0.00000 0.00044 ( 1)  0.042  0.000
 152 Q   0.99941 0.00000 0.00059 ( 1)  0.057  0.001
 153 Q   0.99941 0.00000 0.00059 ( 1)  0.057  0.001
 154 P   0.99931 0.00000 0.00069 ( 1)  0.067  0.001
 155 P   0.99902 0.00000 0.00098 ( 1)  0.094  0.001
 156 S   0.99930 0.00000 0.00070 ( 1)  0.068  0.001
 157 P   0.99931 0.00000 0.00069 ( 1)  0.067  0.001
 158 S   0.99960 0.00000 0.00040 ( 1)  0.039  0.000
 159 S   0.99906 0.00000 0.00094 ( 1)  0.091  0.001
 160 V   0.99856 0.00000 0.00144 ( 1)  0.139  0.001
 161 D   0.99959 0.00000 0.00041 ( 1)  0.039  0.000
 162 A   0.99902 0.00000 0.00098 ( 1)  0.095  0.001
 163 E   0.99950 0.00000 0.00050 ( 1)  0.048  0.001
 164 T   0.99854 0.00000 0.00146 ( 1)  0.140  0.001
 165 I   0.99961 0.00000 0.00039 ( 1)  0.037  0.000
 166 S   0.99655 0.00000 0.00345 ( 1)  0.332  0.003
 167 D   0.99929 0.00000 0.00071 ( 1)  0.068  0.001
 168 Q   0.99941 0.00000 0.00059 ( 1)  0.057  0.001
 169 Q   0.99889 0.00000 0.00111 ( 1)  0.107  0.001
 170 L   0.99918 0.00000 0.00082 ( 1)  0.079  0.001
 171 L   0.99918 0.00000 0.00082 ( 1)  0.079  0.001
 172 R   0.99951 0.00000 0.00049 ( 1)  0.047  0.000
 173 F   0.99962 0.00000 0.00038 ( 1)  0.036  0.000
 174 I   0.99961 0.00000 0.00039 ( 1)  0.037  0.000
 175 E   0.99950 0.00000 0.00050 ( 1)  0.048  0.001
 176 L   0.99918 0.00000 0.00082 ( 1)  0.079  0.001
 177 K   0.99876 0.00000 0.00124 ( 1)  0.119  0.001
 178 R   0.99926 0.00000 0.00074 ( 1)  0.071  0.001
 179 R   0.99926 0.00000 0.00074 ( 1)  0.071  0.001
 180 E   0.99904 0.00000 0.00096 ( 1)  0.092  0.001
 181 F   0.99923 0.00000 0.00077 ( 1)  0.074  0.001
 182 E   0.99904 0.00000 0.00096 ( 1)  0.092  0.001
 183 N   0.99961 0.00000 0.00039 ( 1)  0.037  0.000
 184 Q   0.99889 0.00000 0.00111 ( 1)  0.107  0.001
 185 V   0.99952 0.00000 0.00048 ( 1)  0.047  0.000
 186 C   0.99911 0.00000 0.00089 ( 1)  0.086  0.001
 187 R   0.99900 0.00000 0.00100 ( 1)  0.096  0.001
 188 R   0.99951 0.00000 0.00049 ( 1)  0.047  0.000
 189 T   0.99956 0.00000 0.00044 ( 1)  0.042  0.000
 190 C   0.99911 0.00000 0.00089 ( 1)  0.086  0.001
 191 F   0.99923 0.00000 0.00077 ( 1)  0.074  0.001
 192 R   0.99858 0.00000 0.00142 ( 1)  0.136  0.001
 193 R   0.99807 0.00000 0.00193 ( 1)  0.186  0.002
 194 Q   0.99941 0.00000 0.00059 ( 1)  0.057  0.001
 195 A   0.99944 0.00000 0.00056 ( 1)  0.054  0.001
 196 S   0.99930 0.00000 0.00070 ( 1)  0.068  0.001
 197 L   0.99826 0.00000 0.00174 ( 1)  0.168  0.002
 198 N   0.99917 0.00000 0.00083 ( 1)  0.080  0.001
 199 S   0.99960 0.00000 0.00040 ( 1)  0.039  0.000
 200 D   0.99959 0.00000 0.00041 ( 1)  0.039  0.000
 201 K   0.99876 0.00000 0.00124 ( 1)  0.119  0.001
 202 S   0.99930 0.00000 0.00070 ( 1)  0.068  0.001
 203 P   0.99902 0.00000 0.00098 ( 1)  0.094  0.001
 204 V   0.99952 0.00000 0.00048 ( 1)  0.047  0.000
 205 T   0.99956 0.00000 0.00044 ( 1)  0.042  0.000
 206 S   0.99954 0.00000 0.00046 ( 1)  0.044  0.000
 207 C   0.99911 0.00000 0.00089 ( 1)  0.086  0.001
 208 A   0.99902 0.00000 0.00098 ( 1)  0.095  0.001
 209 R   0.99926 0.00000 0.00074 ( 1)  0.071  0.001
 210 T   0.99956 0.00000 0.00044 ( 1)  0.042  0.000
 211 S   0.99960 0.00000 0.00040 ( 1)  0.039  0.000
 212 S   0.99954 0.00000 0.00046 ( 1)  0.044  0.000
 213 L   0.99918 0.00000 0.00082 ( 1)  0.079  0.001
 214 P   0.99946 0.00000 0.00054 ( 1)  0.052  0.001
 215 R   0.99807 0.00000 0.00193 ( 1)  0.186  0.002
 216 L   0.99905 0.00000 0.00095 ( 1)  0.091  0.001
 217 L   0.99826 0.00000 0.00174 ( 1)  0.168  0.002
 218 S   0.99930 0.00000 0.00070 ( 1)  0.068  0.001
 219 S   0.99914 0.00000 0.00086 ( 1)  0.083  0.001
 220 P   0.99946 0.00000 0.00054 ( 1)  0.052  0.001
 221 V   0.99952 0.00000 0.00048 ( 1)  0.047  0.000
 222 A   0.99944 0.00000 0.00056 ( 1)  0.054  0.001
 223 T   0.99956 0.00000 0.00044 ( 1)  0.042  0.000
 224 S   0.99830 0.00000 0.00170 ( 1)  0.163  0.002
 225 P   0.99931 0.00000 0.00069 ( 1)  0.067  0.001
 226 P   0.99931 0.00000 0.00069 ( 1)  0.067  0.001
 227 P   0.99931 0.00000 0.00069 ( 1)  0.067  0.001
 228 P   0.99931 0.00000 0.00069 ( 1)  0.067  0.001
 229 P   0.99853 0.00000 0.00147 ( 1)  0.142  0.001
 230 P   0.99931 0.00000 0.00069 ( 1)  0.067  0.001
 231 P   0.99931 0.00000 0.00069 ( 1)  0.067  0.001
 232 S   0.99930 0.00000 0.00070 ( 1)  0.068  0.001
 233 A   0.99854 0.00000 0.00146 ( 1)  0.141  0.001
 234 S   0.99930 0.00000 0.00070 ( 1)  0.068  0.001
 235 F   0.99923 0.00000 0.00077 ( 1)  0.074  0.001
 236 P   0.99931 0.00000 0.00069 ( 1)  0.067  0.001
 237 P   0.99853 0.00000 0.00147 ( 1)  0.142  0.001
 238 S   0.99954 0.00000 0.00046 ( 1)  0.044  0.000
 239 A   0.99854 0.00000 0.00146 ( 1)  0.141  0.001
 240 Q   0.99889 0.00000 0.00111 ( 1)  0.107  0.001
 241 S   0.99954 0.00000 0.00046 ( 1)  0.044  0.000
 242 V   0.99952 0.00000 0.00048 ( 1)  0.047  0.000
 243 P   0.99931 0.00000 0.00069 ( 1)  0.067  0.001
 244 V   0.99952 0.00000 0.00048 ( 1)  0.047  0.000
 245 T   0.99907 0.00000 0.00093 ( 1)  0.090  0.001
 246 P   0.99931 0.00000 0.00069 ( 1)  0.067  0.001
 247 S   0.99930 0.00000 0.00070 ( 1)  0.068  0.001
 248 V   0.99952 0.00000 0.00048 ( 1)  0.047  0.000
 249 A   0.99854 0.00000 0.00146 ( 1)  0.141  0.001
 250 V   0.99952 0.00000 0.00048 ( 1)  0.047  0.000
 251 V   0.99952 0.00000 0.00048 ( 1)  0.047  0.000
 252 G   0.99951 0.00000 0.00049 ( 1)  0.047  0.000
 253 A   0.99944 0.00000 0.00056 ( 1)  0.054  0.001
 254 Q   0.99941 0.00000 0.00059 ( 1)  0.057  0.001
 255 S   0.99830 0.00000 0.00170 ( 1)  0.163  0.002
 256 P   0.99946 0.00000 0.00054 ( 1)  0.052  0.001
 257 W   0.99932 0.00000 0.00068 ( 1)  0.066  0.001
 258 A   0.99854 0.00000 0.00146 ( 1)  0.141  0.001
 259 S   0.99930 0.00000 0.00070 ( 1)  0.068  0.001
 260 S   0.99960 0.00000 0.00040 ( 1)  0.039  0.000
 261 S   0.99954 0.00000 0.00046 ( 1)  0.044  0.000
 262 G   0.99901 0.00000 0.00099 ( 1)  0.095  0.001
 263 R   0.99951 0.00000 0.00049 ( 1)  0.047  0.000
 264 C   0.99958 0.00000 0.00042 ( 1)  0.041  0.000
 265 G   0.99951 0.00000 0.00049 ( 1)  0.047  0.000
 266 S   0.99960 0.00000 0.00040 ( 1)  0.039  0.000
 267 S   0.99960 0.00000 0.00040 ( 1)  0.039  0.000
 268 S   0.99914 0.00000 0.00086 ( 1)  0.083  0.001
 269 R   0.99926 0.00000 0.00074 ( 1)  0.071  0.001
 270 S   0.99960 0.00000 0.00040 ( 1)  0.039  0.000
 271 S   0.99954 0.00000 0.00046 ( 1)  0.044  0.000
 272 P   0.99931 0.00000 0.00069 ( 1)  0.067  0.001
 273 T   0.99907 0.00000 0.00093 ( 1)  0.090  0.001
 274 P   0.99931 0.00000 0.00069 ( 1)  0.067  0.001
 275 P   0.99931 0.00000 0.00069 ( 1)  0.067  0.001
 276 P   0.99902 0.00000 0.00098 ( 1)  0.094  0.001
 277 H   0.99959 0.00000 0.00041 ( 1)  0.039  0.000
 278 P   0.99931 0.00000 0.00069 ( 1)  0.067  0.001
 279 P   0.99902 0.00000 0.00098 ( 1)  0.094  0.001
 280 P   0.99902 0.00000 0.00098 ( 1)  0.094  0.001
 281 P   0.99946 0.00000 0.00054 ( 1)  0.052  0.001
 282 P   0.99931 0.00000 0.00069 ( 1)  0.067  0.001
 283 P   0.99931 0.00000 0.00069 ( 1)  0.067  0.001
 284 P   0.99931 0.00000 0.00069 ( 1)  0.067  0.001
 285 P   0.99931 0.00000 0.00069 ( 1)  0.067  0.001
 286 D   0.99959 0.00000 0.00041 ( 1)  0.039  0.000
 287 G   0.99901 0.00000 0.00099 ( 1)  0.095  0.001
 288 Q   0.99941 0.00000 0.00059 ( 1)  0.057  0.001
 289 L   0.99905 0.00000 0.00095 ( 1)  0.091  0.001
 290 S   0.99960 0.00000 0.00040 ( 1)  0.039  0.000
 291 E   0.99904 0.00000 0.00096 ( 1)  0.092  0.001
 292 A   0.99944 0.00000 0.00056 ( 1)  0.054  0.001
 293 W   0.99932 0.00000 0.00068 ( 1)  0.066  0.001
 294 L   0.99826 0.00000 0.00174 ( 1)  0.168  0.002
 295 T   0.99956 0.00000 0.00044 ( 1)  0.042  0.000
 296 G   0.99951 0.00000 0.00049 ( 1)  0.047  0.000
 297 C   0.99911 0.00000 0.00089 ( 1)  0.086  0.001
 298 Q   0.99941 0.00000 0.00059 ( 1)  0.057  0.001
 299 P   0.99931 0.00000 0.00069 ( 1)  0.067  0.001
 300 L   0.99918 0.00000 0.00082 ( 1)  0.079  0.001
 301 L   0.99826 0.00000 0.00174 ( 1)  0.168  0.002
 302 S   0.99930 0.00000 0.00070 ( 1)  0.068  0.001
 303 G   0.99951 0.00000 0.00049 ( 1)  0.047  0.000
 304 Q   0.99941 0.00000 0.00059 ( 1)  0.057  0.001
 305 S   0.99930 0.00000 0.00070 ( 1)  0.068  0.001
 306 L   0.99905 0.00000 0.00095 ( 1)  0.091  0.001
 307 V   0.99952 0.00000 0.00048 ( 1)  0.047  0.000
 308 R   0.99951 0.00000 0.00049 ( 1)  0.047  0.000
 309 L   0.99918 0.00000 0.00082 ( 1)  0.079  0.001
 310 C   0.99958 0.00000 0.00042 ( 1)  0.041  0.000
 311 H   0.99959 0.00000 0.00041 ( 1)  0.039  0.000
 312 R   0.99951 0.00000 0.00049 ( 1)  0.047  0.000
 313 L   0.99918 0.00000 0.00082 ( 1)  0.079  0.001
 314 T   0.99907 0.00000 0.00093 ( 1)  0.090  0.001
 315 G   0.99951 0.00000 0.00049 ( 1)  0.047  0.000
 316 D   0.99959 0.00000 0.00041 ( 1)  0.039  0.000
 317 T   0.99956 0.00000 0.00044 ( 1)  0.042  0.000
 318 D   0.99959 0.00000 0.00041 ( 1)  0.039  0.000
 319 S   0.99914 0.00000 0.00086 ( 1)  0.083  0.001
 320 R   0.99951 0.00000 0.00049 ( 1)  0.047  0.000
 321 S   0.99930 0.00000 0.00070 ( 1)  0.068  0.001
 322 A   0.99944 0.00000 0.00056 ( 1)  0.054  0.001
 323 A   0.99931 0.00000 0.00069 ( 1)  0.066  0.001
 324 W   0.99932 0.00000 0.00068 ( 1)  0.066  0.001
 325 L   0.99905 0.00000 0.00095 ( 1)  0.091  0.001
 326 C   0.99958 0.00000 0.00042 ( 1)  0.041  0.000
 327 S   0.99830 0.00000 0.00170 ( 1)  0.163  0.002
 328 L   0.99953 0.00000 0.00047 ( 1)  0.046  0.000
 329 C   0.99958 0.00000 0.00042 ( 1)  0.041  0.000
 330 D   0.99929 0.00000 0.00071 ( 1)  0.068  0.001
 331 R   0.99900 0.00000 0.00100 ( 1)  0.096  0.001
 332 P   0.99931 0.00000 0.00069 ( 1)  0.067  0.001
 333 D   0.99959 0.00000 0.00041 ( 1)  0.039  0.000
 334 V   0.99939 0.00000 0.00061 ( 1)  0.059  0.001
 335 S   0.99954 0.00000 0.00046 ( 1)  0.044  0.000
 336 G   0.99951 0.00000 0.00049 ( 1)  0.047  0.000
 337 D   0.99929 0.00000 0.00071 ( 1)  0.068  0.001
 338 S   0.99930 0.00000 0.00070 ( 1)  0.068  0.001
 339 A   0.99944 0.00000 0.00056 ( 1)  0.054  0.001
 340 K   0.99944 0.00000 0.00056 ( 1)  0.054  0.001
 341 L   0.99843 0.00000 0.00157 ( 1)  0.151  0.002
 342 I   0.99961 0.00000 0.00039 ( 1)  0.037  0.000
 343 L   0.99918 0.00000 0.00082 ( 1)  0.079  0.001
 344 C   0.99958 0.00000 0.00042 ( 1)  0.041  0.000
 345 A   0.99931 0.00000 0.00069 ( 1)  0.066  0.001
 346 V   0.99906 0.00000 0.00094 ( 1)  0.091  0.001
 347 D   0.99959 0.00000 0.00041 ( 1)  0.039  0.000
 348 K   0.99876 0.00000 0.00124 ( 1)  0.119  0.001
 349 F   0.99923 0.00000 0.00077 ( 1)  0.074  0.001
 350 V   0.99939 0.00000 0.00061 ( 1)  0.059  0.001
 351 Q   0.99941 0.00000 0.00059 ( 1)  0.057  0.001
 352 Y   0.99953 0.00000 0.00047 ( 1)  0.045  0.000
 353 W   0.99932 0.00000 0.00068 ( 1)  0.066  0.001
 354 E   0.99367 0.00000 0.00633 ( 1)  0.609  0.006
 355 A   0.99944 0.00000 0.00056 ( 1)  0.054  0.001
 356 D   0.99929 0.00000 0.00071 ( 1)  0.068  0.001
 357 L   0.99843 0.00000 0.00157 ( 1)  0.151  0.002
 358 N   0.99961 0.00000 0.00039 ( 1)  0.037  0.000
 359 D   0.99929 0.00000 0.00071 ( 1)  0.068  0.001
 360 Q   0.99941 0.00000 0.00059 ( 1)  0.057  0.001
 361 F   0.99962 0.00000 0.00038 ( 1)  0.036  0.000
 362 S   0.99960 0.00000 0.00040 ( 1)  0.039  0.000
 363 Q   0.99941 0.00000 0.00059 ( 1)  0.057  0.001
 364 N   0.99961 0.00000 0.00039 ( 1)  0.037  0.000
 365 P   0.99902 0.00000 0.00098 ( 1)  0.094  0.001
 366 V   0.99952 0.00000 0.00048 ( 1)  0.047  0.000
 367 C   0.99958 0.00000 0.00042 ( 1)  0.041  0.000
 368 G   0.99951 0.00000 0.00049 ( 1)  0.047  0.000
 369 R   0.99926 0.00000 0.00074 ( 1)  0.071  0.001
 370 A   0.99944 0.00000 0.00056 ( 1)  0.054  0.001
 371 I   0.99915 0.00000 0.00085 ( 1)  0.081  0.001
 372 A   0.99944 0.00000 0.00056 ( 1)  0.054  0.001
 373 E   0.99950 0.00000 0.00050 ( 1)  0.048  0.001
 374 S   0.99960 0.00000 0.00040 ( 1)  0.039  0.000
 375 T   0.99942 0.00000 0.00058 ( 1)  0.056  0.001
 376 E   0.99950 0.00000 0.00050 ( 1)  0.048  0.001
 377 L   0.99953 0.00000 0.00047 ( 1)  0.046  0.000
 378 I   0.99915 0.00000 0.00085 ( 1)  0.081  0.001
 379 L   0.99953 0.00000 0.00047 ( 1)  0.046  0.000
 380 E   0.99950 0.00000 0.00050 ( 1)  0.048  0.001
 381 G   0.99936 0.00000 0.00064 ( 1)  0.062  0.001
 382 H   0.99927 0.00000 0.00073 ( 1)  0.071  0.001
 383 R   0.99926 0.00000 0.00074 ( 1)  0.071  0.001
 384 R   0.99951 0.00000 0.00049 ( 1)  0.047  0.000
 385 T   0.99956 0.00000 0.00044 ( 1)  0.042  0.000
 386 A   0.99944 0.00000 0.00056 ( 1)  0.054  0.001
 387 Y   0.99953 0.00000 0.00047 ( 1)  0.045  0.000
 388 F   0.99962 0.00000 0.00038 ( 1)  0.036  0.000
 389 C   0.99911 0.00000 0.00089 ( 1)  0.086  0.001
 390 Q   0.99941 0.00000 0.00059 ( 1)  0.057  0.001
 391 D   0.99959 0.00000 0.00041 ( 1)  0.039  0.000
 392 R   0.99926 0.00000 0.00074 ( 1)  0.071  0.001
 393 M   0.99958 0.00000 0.00042 ( 1)  0.040  0.000
 394 S   0.99906 0.00000 0.00094 ( 1)  0.091  0.001
 395 K   0.99944 0.00000 0.00056 ( 1)  0.054  0.001
 396 F   0.99962 0.00000 0.00038 ( 1)  0.036  0.000
 397 R   0.99938 0.00000 0.00062 ( 1)  0.059  0.001
 398 A   0.99902 0.00000 0.00098 ( 1)  0.095  0.001
 399 E   0.99950 0.00000 0.00050 ( 1)  0.048  0.001
 400 R   0.99951 0.00000 0.00049 ( 1)  0.047  0.000
 401 L   0.99918 0.00000 0.00082 ( 1)  0.079  0.001
 402 P   0.99902 0.00000 0.00098 ( 1)  0.094  0.001
 403 M   0.99958 0.00000 0.00042 ( 1)  0.040  0.000
 404 L   0.99843 0.00000 0.00157 ( 1)  0.151  0.002
 405 R   0.99951 0.00000 0.00049 ( 1)  0.047  0.000
 406 E   0.99904 0.00000 0.00096 ( 1)  0.092  0.001
 407 P   0.99931 0.00000 0.00069 ( 1)  0.067  0.001
 408 A   0.99902 0.00000 0.00098 ( 1)  0.095  0.001
 409 I   0.99961 0.00000 0.00039 ( 1)  0.037  0.000
 410 G   0.99901 0.00000 0.00099 ( 1)  0.095  0.001
 411 E   0.99904 0.00000 0.00096 ( 1)  0.092  0.001
 412 E   0.99904 0.00000 0.00096 ( 1)  0.092  0.001
 413 A   0.99944 0.00000 0.00056 ( 1)  0.054  0.001
 414 A   0.99944 0.00000 0.00056 ( 1)  0.054  0.001
 415 V   0.99939 0.00000 0.00061 ( 1)  0.059  0.001
 416 L   0.99918 0.00000 0.00082 ( 1)  0.079  0.001
 417 N   0.99917 0.00000 0.00083 ( 1)  0.080  0.001
 418 H   0.99959 0.00000 0.00041 ( 1)  0.039  0.000
 419 L   0.99918 0.00000 0.00082 ( 1)  0.079  0.001
 420 V   0.99939 0.00000 0.00061 ( 1)  0.059  0.001
 421 G   0.99951 0.00000 0.00049 ( 1)  0.047  0.000
 422 C   0.99958 0.00000 0.00042 ( 1)  0.041  0.000
 423 I   0.99897 0.00000 0.00103 ( 1)  0.099  0.001
 424 P   0.99946 0.00000 0.00054 ( 1)  0.052  0.001
 425 Q   0.99941 0.00000 0.00059 ( 1)  0.057  0.001
 426 L   0.99918 0.00000 0.00082 ( 1)  0.079  0.001
 427 M   0.99958 0.00000 0.00042 ( 1)  0.040  0.000
 428 L   0.99953 0.00000 0.00047 ( 1)  0.046  0.000
 429 R   0.99900 0.00000 0.00100 ( 1)  0.096  0.001
 430 I   0.99897 0.00000 0.00103 ( 1)  0.099  0.001
 431 V   0.99939 0.00000 0.00061 ( 1)  0.059  0.001
 432 A   0.99944 0.00000 0.00056 ( 1)  0.054  0.001
 433 F   0.99962 0.00000 0.00038 ( 1)  0.036  0.000
 434 A   0.99944 0.00000 0.00056 ( 1)  0.054  0.001
 435 R   0.99938 0.00000 0.00062 ( 1)  0.059  0.001
 436 N   0.99961 0.00000 0.00039 ( 1)  0.037  0.000
 437 I   0.99915 0.00000 0.00085 ( 1)  0.081  0.001
 438 L   0.99826 0.00000 0.00174 ( 1)  0.168  0.002
 439 G   0.99951 0.00000 0.00049 ( 1)  0.047  0.000
 440 S   0.99960 0.00000 0.00040 ( 1)  0.039  0.000
 441 S   0.99960 0.00000 0.00040 ( 1)  0.039  0.000
 442 A   0.99944 0.00000 0.00056 ( 1)  0.054  0.001
 443 A   0.99944 0.00000 0.00056 ( 1)  0.054  0.001
 444 A   0.99902 0.00000 0.00098 ( 1)  0.095  0.001
 445 H   0.99959 0.00000 0.00041 ( 1)  0.039  0.000
 446 G   0.99901 0.00000 0.00099 ( 1)  0.095  0.001
 447 H   0.99927 0.00000 0.00073 ( 1)  0.071  0.001
 448 S   0.99830 0.00000 0.00170 ( 1)  0.163  0.002
 449 D   0.99929 0.00000 0.00071 ( 1)  0.068  0.001
 450 Q   0.99941 0.00000 0.00059 ( 1)  0.057  0.001
 451 Q   0.99941 0.00000 0.00059 ( 1)  0.057  0.001
 452 Q   0.99889 0.00000 0.00111 ( 1)  0.107  0.001
 453 L   0.99953 0.00000 0.00047 ( 1)  0.046  0.000
 454 N   0.99961 0.00000 0.00039 ( 1)  0.037  0.000
 455 D   0.99959 0.00000 0.00041 ( 1)  0.039  0.000
 456 S   0.99960 0.00000 0.00040 ( 1)  0.039  0.000
 457 D   0.99959 0.00000 0.00041 ( 1)  0.039  0.000
 458 H   0.99959 0.00000 0.00041 ( 1)  0.039  0.000
 459 N   0.99961 0.00000 0.00039 ( 1)  0.037  0.000
 460 R   0.99926 0.00000 0.00074 ( 1)  0.071  0.001
 461 V   0.99939 0.00000 0.00061 ( 1)  0.059  0.001
 462 L   0.99918 0.00000 0.00082 ( 1)  0.079  0.001
 463 A   0.99854 0.00000 0.00146 ( 1)  0.141  0.001
 464 S   0.99906 0.00000 0.00094 ( 1)  0.091  0.001
 465 R   0.99951 0.00000 0.00049 ( 1)  0.047  0.000
 466 C   0.99958 0.00000 0.00042 ( 1)  0.041  0.000
 467 S   0.99954 0.00000 0.00046 ( 1)  0.044  0.000
 468 D   0.99929 0.00000 0.00071 ( 1)  0.068  0.001
 469 V   0.99906 0.00000 0.00094 ( 1)  0.091  0.001
 470 L   0.99826 0.00000 0.00174 ( 1)  0.168  0.002
 471 L   0.99905 0.00000 0.00095 ( 1)  0.091  0.001
 472 D   0.99959 0.00000 0.00041 ( 1)  0.039  0.000
 473 S   0.99906 0.00000 0.00094 ( 1)  0.091  0.001
 474 D   0.99929 0.00000 0.00071 ( 1)  0.068  0.001
 475 K   0.99944 0.00000 0.00056 ( 1)  0.054  0.001
 476 R   0.99926 0.00000 0.00074 ( 1)  0.071  0.001
 477 R   0.99951 0.00000 0.00049 ( 1)  0.047  0.000
 478 L   0.99918 0.00000 0.00082 ( 1)  0.079  0.001
 479 I   0.99915 0.00000 0.00085 ( 1)  0.081  0.001
 480 V   0.99939 0.00000 0.00061 ( 1)  0.059  0.001
 481 H   0.99959 0.00000 0.00041 ( 1)  0.039  0.000
 482 H   0.99959 0.00000 0.00041 ( 1)  0.039  0.000
 483 C   0.99958 0.00000 0.00042 ( 1)  0.041  0.000
 484 F   0.99962 0.00000 0.00038 ( 1)  0.036  0.000
 485 K   0.99944 0.00000 0.00056 ( 1)  0.054  0.001
 486 V   0.99952 0.00000 0.00048 ( 1)  0.047  0.000
 487 I   0.99915 0.00000 0.00085 ( 1)  0.081  0.001
 488 A   0.99902 0.00000 0.00098 ( 1)  0.095  0.001
 489 M   0.99958 0.00000 0.00042 ( 1)  0.040  0.000
 490 R   0.99951 0.00000 0.00049 ( 1)  0.047  0.000
 491 F   0.99962 0.00000 0.00038 ( 1)  0.036  0.000
 492 C   0.99958 0.00000 0.00042 ( 1)  0.041  0.000
 493 D   0.99959 0.00000 0.00041 ( 1)  0.039  0.000
 494 A   0.99944 0.00000 0.00056 ( 1)  0.054  0.001
 495 L   0.99918 0.00000 0.00082 ( 1)  0.079  0.001
 496 I   0.99961 0.00000 0.00039 ( 1)  0.037  0.000
 497 Q   0.99941 0.00000 0.00059 ( 1)  0.057  0.001
 498 S   0.99906 0.00000 0.00094 ( 1)  0.091  0.001
 499 G   0.99951 0.00000 0.00049 ( 1)  0.047  0.000
 500 E   0.99904 0.00000 0.00096 ( 1)  0.092  0.001
 501 G   0.99951 0.00000 0.00049 ( 1)  0.047  0.000
 502 Y   0.99953 0.00000 0.00047 ( 1)  0.045  0.000
 503 I   0.99915 0.00000 0.00085 ( 1)  0.081  0.001
 504 I   0.99961 0.00000 0.00039 ( 1)  0.037  0.000
 505 D   0.99929 0.00000 0.00071 ( 1)  0.068  0.001
 506 P   0.99902 0.00000 0.00098 ( 1)  0.094  0.001
 507 A   0.99931 0.00000 0.00069 ( 1)  0.066  0.001
 508 L   0.99918 0.00000 0.00082 ( 1)  0.079  0.001
 509 H   0.99959 0.00000 0.00041 ( 1)  0.039  0.000
 510 Y   0.99897 0.00000 0.00103 ( 1)  0.099  0.001
 511 R   0.99900 0.00000 0.00100 ( 1)  0.096  0.001
 512 L   0.99918 0.00000 0.00082 ( 1)  0.079  0.001
 513 T   0.99907 0.00000 0.00093 ( 1)  0.090  0.001
 514 K   0.99876 0.00000 0.00124 ( 1)  0.119  0.001
 515 E   0.99950 0.00000 0.00050 ( 1)  0.048  0.001
 516 F   0.99962 0.00000 0.00038 ( 1)  0.036  0.000
 517 L   0.99953 0.00000 0.00047 ( 1)  0.046  0.000
 518 A   0.99931 0.00000 0.00069 ( 1)  0.066  0.001
 519 T   0.99907 0.00000 0.00093 ( 1)  0.090  0.001
 520 A   0.99944 0.00000 0.00056 ( 1)  0.054  0.001
 521 N   0.99961 0.00000 0.00039 ( 1)  0.037  0.000
 522 H   0.99927 0.00000 0.00073 ( 1)  0.071  0.001
 523 P   0.99946 0.00000 0.00054 ( 1)  0.052  0.001
 524 M   0.99958 0.00000 0.00042 ( 1)  0.040  0.000
 525 L   0.99918 0.00000 0.00082 ( 1)  0.079  0.001
 526 S   0.99930 0.00000 0.00070 ( 1)  0.068  0.001
 527 Q   0.99941 0.00000 0.00059 ( 1)  0.057  0.001
 528 L   0.99918 0.00000 0.00082 ( 1)  0.079  0.001
 529 F   0.99923 0.00000 0.00077 ( 1)  0.074  0.001
 530 L   0.99905 0.00000 0.00095 ( 1)  0.091  0.001
 531 K   0.99876 0.00000 0.00124 ( 1)  0.119  0.001
 532 F   0.99962 0.00000 0.00038 ( 1)  0.036  0.000
 533 F   0.99962 0.00000 0.00038 ( 1)  0.036  0.000
 534 D   0.99959 0.00000 0.00041 ( 1)  0.039  0.000
 535 V   0.99952 0.00000 0.00048 ( 1)  0.047  0.000
 536 S   0.99830 0.00000 0.00170 ( 1)  0.163  0.002
 537 T   0.99907 0.00000 0.00093 ( 1)  0.090  0.001
 538 V   0.99906 0.00000 0.00094 ( 1)  0.091  0.001
 539 W   0.99932 0.00000 0.00068 ( 1)  0.066  0.001
 540 D   0.99929 0.00000 0.00071 ( 1)  0.068  0.001
 541 S   0.99930 0.00000 0.00070 ( 1)  0.068  0.001
 542 H   0.99959 0.00000 0.00041 ( 1)  0.039  0.000
 543 G   0.99951 0.00000 0.00049 ( 1)  0.047  0.000
 544 V   0.99952 0.00000 0.00048 ( 1)  0.047  0.000
 545 T   0.99942 0.00000 0.00058 ( 1)  0.056  0.001
 546 E   0.99950 0.00000 0.00050 ( 1)  0.048  0.001
 547 Q   0.99889 0.00000 0.00111 ( 1)  0.107  0.001
 548 E   0.99950 0.00000 0.00050 ( 1)  0.048  0.001
 549 L   0.99918 0.00000 0.00082 ( 1)  0.079  0.001
 550 A   0.99944 0.00000 0.00056 ( 1)  0.054  0.001
 551 F   0.99923 0.00000 0.00077 ( 1)  0.074  0.001
 552 L   0.99918 0.00000 0.00082 ( 1)  0.079  0.001
 553 S   0.99930 0.00000 0.00070 ( 1)  0.068  0.001
 554 A   0.99944 0.00000 0.00056 ( 1)  0.054  0.001
 555 I   0.99961 0.00000 0.00039 ( 1)  0.037  0.000
 556 C   0.99911 0.00000 0.00089 ( 1)  0.086  0.001
 557 L   0.99953 0.00000 0.00047 ( 1)  0.046  0.000
 558 T   0.99907 0.00000 0.00093 ( 1)  0.090  0.001
 559 S   0.99930 0.00000 0.00070 ( 1)  0.068  0.001
 560 P   0.99853 0.00000 0.00147 ( 1)  0.142  0.001
 561 F   0.99923 0.00000 0.00077 ( 1)  0.074  0.001
 562 L   0.99918 0.00000 0.00082 ( 1)  0.079  0.001
 563 D   0.99959 0.00000 0.00041 ( 1)  0.039  0.000
 564 S   0.99930 0.00000 0.00070 ( 1)  0.068  0.001
 565 K   0.99876 0.00000 0.00124 ( 1)  0.119  0.001
 566 N   0.99917 0.00000 0.00083 ( 1)  0.080  0.001
 567 D   0.99929 0.00000 0.00071 ( 1)  0.068  0.001
 568 A   0.99854 0.00000 0.00146 ( 1)  0.141  0.001
 569 F   0.99923 0.00000 0.00077 ( 1)  0.074  0.001
 570 S   0.99960 0.00000 0.00040 ( 1)  0.039  0.000
 571 S   0.99914 0.00000 0.00086 ( 1)  0.083  0.001
 572 S   0.99930 0.00000 0.00070 ( 1)  0.068  0.001
 573 S   0.99830 0.00000 0.00170 ( 1)  0.163  0.002
 574 E   0.99950 0.00000 0.00050 ( 1)  0.048  0.001
 575 T   0.99854 0.00000 0.00146 ( 1)  0.140  0.001
 576 Q   0.99941 0.00000 0.00059 ( 1)  0.057  0.001
 577 F   0.99923 0.00000 0.00077 ( 1)  0.074  0.001
 578 D   0.99929 0.00000 0.00071 ( 1)  0.068  0.001
 579 D   0.99959 0.00000 0.00041 ( 1)  0.039  0.000
 580 A   0.99944 0.00000 0.00056 ( 1)  0.054  0.001
 581 N   0.99917 0.00000 0.00083 ( 1)  0.080  0.001
 582 A   0.99902 0.00000 0.00098 ( 1)  0.095  0.001
 583 V   0.99906 0.00000 0.00094 ( 1)  0.091  0.001
 584 V   0.99856 0.00000 0.00144 ( 1)  0.139  0.001
 585 S   0.99960 0.00000 0.00040 ( 1)  0.039  0.000
 586 V   0.99906 0.00000 0.00094 ( 1)  0.091  0.001
 587 H   0.99959 0.00000 0.00041 ( 1)  0.039  0.000
 588 S   0.99954 0.00000 0.00046 ( 1)  0.044  0.000
 589 A   0.99902 0.00000 0.00098 ( 1)  0.095  0.001
 590 V   0.99939 0.00000 0.00061 ( 1)  0.059  0.001
 591 I   0.99961 0.00000 0.00039 ( 1)  0.037  0.000
 592 G   0.99838 0.00000 0.00162 ( 1)  0.156  0.002
 593 L   0.99918 0.00000 0.00082 ( 1)  0.079  0.001
 594 F   0.99923 0.00000 0.00077 ( 1)  0.074  0.001
 595 W   0.99932 0.00000 0.00068 ( 1)  0.066  0.001
 596 I   0.99961 0.00000 0.00039 ( 1)  0.037  0.000
 597 H   0.99959 0.00000 0.00041 ( 1)  0.039  0.000
 598 L   0.99953 0.00000 0.00047 ( 1)  0.046  0.000
 599 R   0.99807 0.00000 0.00193 ( 1)  0.186  0.002
 600 S   0.99930 0.00000 0.00070 ( 1)  0.068  0.001
 601 A   0.99902 0.00000 0.00098 ( 1)  0.095  0.001
 602 E   0.99950 0.00000 0.00050 ( 1)  0.048  0.001
 603 M   0.99958 0.00000 0.00042 ( 1)  0.040  0.000
 604 T   0.99942 0.00000 0.00058 ( 1)  0.056  0.001
 605 R   0.99858 0.00000 0.00142 ( 1)  0.136  0.001
 606 R   0.99858 0.00000 0.00142 ( 1)  0.136  0.001
 607 G   0.99951 0.00000 0.00049 ( 1)  0.047  0.000
 608 C   0.99958 0.00000 0.00042 ( 1)  0.041  0.000
 609 D   0.99929 0.00000 0.00071 ( 1)  0.068  0.001
 610 P   0.99946 0.00000 0.00054 ( 1)  0.052  0.001
 611 A   0.99902 0.00000 0.00098 ( 1)  0.095  0.001
 612 K   0.99876 0.00000 0.00124 ( 1)  0.119  0.001
 613 V   0.99952 0.00000 0.00048 ( 1)  0.047  0.000
 614 K   0.99944 0.00000 0.00056 ( 1)  0.054  0.001
 615 L   0.99918 0.00000 0.00082 ( 1)  0.079  0.001
 616 D   0.99929 0.00000 0.00071 ( 1)  0.068  0.001
 617 S   0.99954 0.00000 0.00046 ( 1)  0.044  0.000
 618 R   0.99926 0.00000 0.00074 ( 1)  0.071  0.001
 619 L   0.99905 0.00000 0.00095 ( 1)  0.091  0.001
 620 N   0.99961 0.00000 0.00039 ( 1)  0.037  0.000
 621 L   0.99918 0.00000 0.00082 ( 1)  0.079  0.001
 622 E   0.99950 0.00000 0.00050 ( 1)  0.048  0.001
 623 L   0.99918 0.00000 0.00082 ( 1)  0.079  0.001
 624 R   0.99858 0.00000 0.00142 ( 1)  0.136  0.001
 625 V   0.99939 0.00000 0.00061 ( 1)  0.059  0.001
 626 Q   0.99889 0.00000 0.00111 ( 1)  0.107  0.001
 627 A   0.99931 0.00000 0.00069 ( 1)  0.066  0.001
 628 L   0.99953 0.00000 0.00047 ( 1)  0.046  0.000
 629 S   0.99960 0.00000 0.00040 ( 1)  0.039  0.000
 630 R   0.99951 0.00000 0.00049 ( 1)  0.047  0.000
 631 I   0.99961 0.00000 0.00039 ( 1)  0.037  0.000
 632 M   0.99958 0.00000 0.00042 ( 1)  0.040  0.000
 633 D   0.99929 0.00000 0.00071 ( 1)  0.068  0.001
 634 L   0.99918 0.00000 0.00082 ( 1)  0.079  0.001
 635 S   0.99830 0.00000 0.00170 ( 1)  0.163  0.002
 636 A   0.99854 0.00000 0.00146 ( 1)  0.141  0.001
 637 V   0.99856 0.00000 0.00144 ( 1)  0.139  0.001
 638 F   0.99962 0.00000 0.00038 ( 1)  0.036  0.000
 639 D   0.99959 0.00000 0.00041 ( 1)  0.039  0.000
 640 A   0.99854 0.00000 0.00146 ( 1)  0.141  0.001
 641 L   0.99918 0.00000 0.00082 ( 1)  0.079  0.001
 642 Q   0.99889 0.00000 0.00111 ( 1)  0.107  0.001
 643 S   0.99960 0.00000 0.00040 ( 1)  0.039  0.000
 644 V   0.99906 0.00000 0.00094 ( 1)  0.091  0.001
 645 D   0.99959 0.00000 0.00041 ( 1)  0.039  0.000
 646 G   0.99901 0.00000 0.00099 ( 1)  0.095  0.001
 647 V   0.99939 0.00000 0.00061 ( 1)  0.059  0.001
 648 H   0.99959 0.00000 0.00041 ( 1)  0.039  0.000
 649 K   0.99944 0.00000 0.00056 ( 1)  0.054  0.001
 650 Q   0.99941 0.00000 0.00059 ( 1)  0.057  0.001
 651 N   0.99961 0.00000 0.00039 ( 1)  0.037  0.000
 652 E   0.99950 0.00000 0.00050 ( 1)  0.048  0.001
 653 A   0.99854 0.00000 0.00146 ( 1)  0.141  0.001
 654 M   0.99958 0.00000 0.00042 ( 1)  0.040  0.000
 655 I   0.99915 0.00000 0.00085 ( 1)  0.081  0.001
 656 D   0.99959 0.00000 0.00041 ( 1)  0.039  0.000
 657 S   0.99960 0.00000 0.00040 ( 1)  0.039  0.000
 658 I   0.99961 0.00000 0.00039 ( 1)  0.037  0.000
 659 V   0.99856 0.00000 0.00144 ( 1)  0.139  0.001
 660 E   0.99950 0.00000 0.00050 ( 1)  0.048  0.001
 661 R   0.99807 0.00000 0.00193 ( 1)  0.186  0.002
 662 L   0.99918 0.00000 0.00082 ( 1)  0.079  0.001
 663 S   0.99930 0.00000 0.00070 ( 1)  0.068  0.001
 664 A   0.99944 0.00000 0.00056 ( 1)  0.054  0.001
 665 S   0.99930 0.00000 0.00070 ( 1)  0.068  0.001
 666 C   0.99911 0.00000 0.00089 ( 1)  0.086  0.001
 667 S   0.99830 0.00000 0.00170 ( 1)  0.163  0.002
 668 T   0.99956 0.00000 0.00044 ( 1)  0.042  0.000
 669 S   0.99954 0.00000 0.00046 ( 1)  0.044  0.000
 670 G   0.99901 0.00000 0.00099 ( 1)  0.095  0.001
 671 L   0.99918 0.00000 0.00082 ( 1)  0.079  0.001
 672 P   0.99853 0.00000 0.00147 ( 1)  0.142  0.001
 673 D   0.99929 0.00000 0.00071 ( 1)  0.068  0.001
 674 G   0.99951 0.00000 0.00049 ( 1)  0.047  0.000
 675 F   0.99962 0.00000 0.00038 ( 1)  0.036  0.000
 676 P   0.99853 0.00000 0.00147 ( 1)  0.142  0.001
 677 D   0.99929 0.00000 0.00071 ( 1)  0.068  0.001
 678 F   0.99962 0.00000 0.00038 ( 1)  0.036  0.000
 679 S   0.99960 0.00000 0.00040 ( 1)  0.039  0.000
 680 A   0.99944 0.00000 0.00056 ( 1)  0.054  0.001
 681 A   0.99944 0.00000 0.00056 ( 1)  0.054  0.001
 682 F   0.99962 0.00000 0.00038 ( 1)  0.036  0.000
 683 N   0.99961 0.00000 0.00039 ( 1)  0.037  0.000
 684 P   0.99902 0.00000 0.00098 ( 1)  0.094  0.001
 685 V   0.99939 0.00000 0.00061 ( 1)  0.059  0.001
 686 G   0.99951 0.00000 0.00049 ( 1)  0.047  0.000
 687 H   0.99927 0.00000 0.00073 ( 1)  0.071  0.001
 688 P   0.99931 0.00000 0.00069 ( 1)  0.067  0.001
 689 A   0.99854 0.00000 0.00146 ( 1)  0.141  0.001
 690 P   0.99853 0.00000 0.00147 ( 1)  0.142  0.001
 691 D   0.99929 0.00000 0.00071 ( 1)  0.068  0.001
 692 P   0.99931 0.00000 0.00069 ( 1)  0.067  0.001
 693 Q   0.99941 0.00000 0.00059 ( 1)  0.057  0.001
 694 R   0.99926 0.00000 0.00074 ( 1)  0.071  0.001
 695 L   0.99918 0.00000 0.00082 ( 1)  0.079  0.001
 696 N   0.99961 0.00000 0.00039 ( 1)  0.037  0.000
 697 Q   0.99941 0.00000 0.00059 ( 1)  0.057  0.001
 698 Y   0.99953 0.00000 0.00047 ( 1)  0.045  0.000
 699 G   0.99936 0.00000 0.00064 ( 1)  0.062  0.001
 700 A   0.99944 0.00000 0.00056 ( 1)  0.054  0.001
 701 G   0.99951 0.00000 0.00049 ( 1)  0.047  0.000
 702 V   0.99952 0.00000 0.00048 ( 1)  0.047  0.000
 703 Y   0.99953 0.00000 0.00047 ( 1)  0.045  0.000
 704 Q   0.99941 0.00000 0.00059 ( 1)  0.057  0.001
 705 E   0.99950 0.00000 0.00050 ( 1)  0.048  0.001
 706 V   0.99939 0.00000 0.00061 ( 1)  0.059  0.001
 707 F   0.99962 0.00000 0.00038 ( 1)  0.036  0.000
 708 G   0.99951 0.00000 0.00049 ( 1)  0.047  0.000
 709 P   0.99946 0.00000 0.00054 ( 1)  0.052  0.001
 710 A   0.99854 0.00000 0.00146 ( 1)  0.141  0.001
 711 A   0.99944 0.00000 0.00056 ( 1)  0.054  0.001
 712 N   0.99961 0.00000 0.00039 ( 1)  0.037  0.000
 713 S   0.99906 0.00000 0.00094 ( 1)  0.091  0.001
 714 G   0.99901 0.00000 0.00099 ( 1)  0.095  0.001

Positively selected sites

	Prob(w>1)  mean w

    17 K      1.000**       96.281
    25 M      1.000**       96.282


lnL = -2933.273162

Bayes Empirical Bayes (BEB) probabilities for 3 classes (class) & postmean_w
(amino acids refer to 1st sequence: Msl.13663)

   1 Q   0.86652 0.08825 0.04523 ( 1)  0.355 +-  1.021
   2 A   0.86742 0.08803 0.04455 ( 1)  0.351 +-  1.008
   3 Q   0.86652 0.08825 0.04523 ( 1)  0.355 +-  1.021
   4 A   0.86742 0.08803 0.04455 ( 1)  0.351 +-  1.008
   5 T   0.86721 0.08809 0.04470 ( 1)  0.352 +-  1.011
   6 Q   0.86875 0.08771 0.04354 ( 1)  0.345 +-  0.989
   7 P   0.86911 0.08761 0.04328 ( 1)  0.343 +-  0.984
   8 Q   0.86875 0.08771 0.04354 ( 1)  0.345 +-  0.989
   9 S   0.87027 0.08732 0.04241 ( 1)  0.338 +-  0.968
  10 R   0.86824 0.08783 0.04393 ( 1)  0.347 +-  0.997
  11 L   0.86787 0.08792 0.04421 ( 1)  0.349 +-  1.002
  12 L   0.86787 0.08792 0.04421 ( 1)  0.349 +-  1.002
  13 L   0.86726 0.08807 0.04467 ( 1)  0.352 +-  1.011
  14 P   0.86911 0.08761 0.04328 ( 1)  0.343 +-  0.984
  15 A   0.86742 0.08803 0.04455 ( 1)  0.351 +-  1.008
  16 R   0.86752 0.08799 0.04448 ( 1)  0.351 +-  1.008
  17 K   0.23704 0.24002 0.52294 ( 3)  3.129 +-  3.158
  18 S   0.86849 0.08777 0.04374 ( 1)  0.346 +-  0.993
  19 L   0.86787 0.08792 0.04421 ( 1)  0.349 +-  1.002
  20 D   0.87094 0.08714 0.04191 ( 1)  0.335 +-  0.958
  21 L   0.86750 0.08802 0.04449 ( 1)  0.351 +-  1.007
  22 S   0.86849 0.08777 0.04374 ( 1)  0.346 +-  0.993
  23 T   0.86737 0.08804 0.04459 ( 1)  0.351 +-  1.009
  24 S   0.86725 0.08808 0.04468 ( 1)  0.352 +-  1.011
  25 M   0.02292 0.14328 0.83380 ( 3)  4.602 +-  2.951
  26 S   0.86849 0.08777 0.04374 ( 1)  0.346 +-  0.993
  27 G   0.87003 0.08738 0.04259 ( 1)  0.339 +-  0.971
  28 K   0.86854 0.08776 0.04369 ( 1)  0.346 +-  0.992
  29 S   0.86849 0.08777 0.04374 ( 1)  0.346 +-  0.993
  30 S   0.86725 0.08808 0.04468 ( 1)  0.352 +-  1.011
  31 V   0.86736 0.08805 0.04460 ( 1)  0.351 +-  1.009
  32 S   0.86725 0.08808 0.04468 ( 1)  0.352 +-  1.011
  33 A   0.86986 0.08741 0.04272 ( 1)  0.340 +-  0.974
  34 V   0.86908 0.08762 0.04330 ( 1)  0.343 +-  0.985
  35 S   0.86849 0.08777 0.04374 ( 1)  0.346 +-  0.993
  36 N   0.86733 0.08806 0.04461 ( 1)  0.351 +-  1.010
  37 S   0.86551 0.08848 0.04601 ( 1)  0.360 +-  1.036
  38 A   0.86742 0.08803 0.04455 ( 1)  0.351 +-  1.008
  39 S   0.87027 0.08732 0.04241 ( 1)  0.338 +-  0.968
  40 G   0.86711 0.08811 0.04478 ( 1)  0.352 +-  1.013
  41 S   0.86849 0.08777 0.04374 ( 1)  0.346 +-  0.993
  42 A   0.86742 0.08803 0.04455 ( 1)  0.351 +-  1.008
  43 S   0.86551 0.08848 0.04601 ( 1)  0.360 +-  1.036
  44 G   0.87003 0.08738 0.04259 ( 1)  0.339 +-  0.971
  45 L   0.86750 0.08802 0.04449 ( 1)  0.351 +-  1.007
  46 S   0.87027 0.08732 0.04241 ( 1)  0.338 +-  0.968
  47 N   0.86994 0.08741 0.04265 ( 1)  0.339 +-  0.972
  48 S   0.86723 0.08808 0.04469 ( 1)  0.352 +-  1.011
  49 P   0.86911 0.08761 0.04328 ( 1)  0.343 +-  0.984
  50 R   0.86988 0.08742 0.04270 ( 1)  0.340 +-  0.973
  51 G   0.86711 0.08811 0.04478 ( 1)  0.352 +-  1.013
  52 S   0.86725 0.08808 0.04468 ( 1)  0.352 +-  1.011
  53 S   0.86551 0.08848 0.04601 ( 1)  0.360 +-  1.036
  54 C   0.86983 0.08744 0.04273 ( 1)  0.340 +-  0.974
  55 A   0.86742 0.08803 0.04455 ( 1)  0.351 +-  1.008
  56 V   0.86736 0.08805 0.04460 ( 1)  0.351 +-  1.009
  57 C   0.86983 0.08744 0.04273 ( 1)  0.340 +-  0.974
  58 Q   0.86875 0.08771 0.04354 ( 1)  0.345 +-  0.989
  59 D   0.86807 0.08788 0.04405 ( 1)  0.348 +-  0.999
  60 V   0.86596 0.08838 0.04566 ( 1)  0.358 +-  1.030
  61 A   0.87056 0.08723 0.04220 ( 1)  0.337 +-  0.964
  62 S   0.86980 0.08745 0.04275 ( 1)  0.340 +-  0.974
  63 G   0.86711 0.08811 0.04478 ( 1)  0.352 +-  1.013
  64 V   0.86908 0.08762 0.04330 ( 1)  0.343 +-  0.985
  65 H   0.87074 0.08720 0.04206 ( 1)  0.336 +-  0.961
  66 Y   0.86952 0.08752 0.04297 ( 1)  0.341 +-  0.978
  67 G   0.86711 0.08811 0.04478 ( 1)  0.352 +-  1.013
  68 V   0.86908 0.08762 0.04330 ( 1)  0.343 +-  0.985
  69 P   0.87049 0.08726 0.04226 ( 1)  0.337 +-  0.965
  70 T   0.86721 0.08809 0.04470 ( 1)  0.352 +-  1.011
  71 C   0.86983 0.08744 0.04273 ( 1)  0.340 +-  0.974
  72 E   0.86694 0.08815 0.04491 ( 1)  0.353 +-  1.015
  73 G   0.87003 0.08738 0.04259 ( 1)  0.339 +-  0.971
  74 C   0.86983 0.08744 0.04273 ( 1)  0.340 +-  0.974
  75 K   0.86854 0.08776 0.04369 ( 1)  0.346 +-  0.992
  76 G   0.87003 0.08738 0.04259 ( 1)  0.339 +-  0.971
  77 F   0.86763 0.08799 0.04438 ( 1)  0.350 +-  1.005
  78 F   0.87042 0.08728 0.04229 ( 1)  0.337 +-  0.965
  79 R   0.86988 0.08742 0.04270 ( 1)  0.340 +-  0.973
  80 R   0.86703 0.08813 0.04484 ( 1)  0.353 +-  1.014
  81 I   0.87005 0.08738 0.04256 ( 1)  0.339 +-  0.970
  82 V   0.86908 0.08762 0.04330 ( 1)  0.343 +-  0.985
  83 S   0.86849 0.08777 0.04374 ( 1)  0.346 +-  0.993
  84 S   0.87027 0.08732 0.04241 ( 1)  0.338 +-  0.968
  85 R   0.86988 0.08742 0.04270 ( 1)  0.340 +-  0.973
  86 N   0.86994 0.08741 0.04265 ( 1)  0.339 +-  0.972
  87 P   0.86911 0.08761 0.04328 ( 1)  0.343 +-  0.984
  88 A   0.87056 0.08723 0.04220 ( 1)  0.337 +-  0.964
  89 G   0.86859 0.08774 0.04367 ( 1)  0.346 +-  0.992
  90 A   0.87056 0.08723 0.04220 ( 1)  0.337 +-  0.964
  91 C   0.86983 0.08744 0.04273 ( 1)  0.340 +-  0.974
  92 S   0.87027 0.08732 0.04241 ( 1)  0.338 +-  0.968
  93 H   0.87074 0.08720 0.04206 ( 1)  0.336 +-  0.961
  94 A   0.87056 0.08723 0.04220 ( 1)  0.337 +-  0.964
  95 S   0.86980 0.08745 0.04275 ( 1)  0.340 +-  0.974
  96 P   0.86911 0.08761 0.04328 ( 1)  0.343 +-  0.984
  97 L   0.86787 0.08792 0.04421 ( 1)  0.349 +-  1.002
  98 A   0.86917 0.08760 0.04323 ( 1)  0.343 +-  0.984
  99 I   0.86668 0.08821 0.04511 ( 1)  0.354 +-  1.019
 100 T   0.86887 0.08768 0.04345 ( 1)  0.344 +-  0.987
 101 P   0.86911 0.08761 0.04328 ( 1)  0.343 +-  0.984
 102 Q   0.86875 0.08771 0.04354 ( 1)  0.345 +-  0.989
 103 T   0.86721 0.08809 0.04470 ( 1)  0.352 +-  1.011
 104 R   0.86988 0.08742 0.04270 ( 1)  0.340 +-  0.973
 105 N   0.86994 0.08741 0.04265 ( 1)  0.339 +-  0.972
 106 A   0.87056 0.08723 0.04220 ( 1)  0.337 +-  0.964
 107 C   0.86983 0.08744 0.04273 ( 1)  0.340 +-  0.974
 108 Q   0.86652 0.08825 0.04523 ( 1)  0.355 +-  1.021
 109 W   0.86798 0.08790 0.04412 ( 1)  0.348 +-  1.000
 110 C   0.86983 0.08744 0.04273 ( 1)  0.340 +-  0.974
 111 R   0.86703 0.08813 0.04484 ( 1)  0.353 +-  1.014
 112 L   0.86750 0.08802 0.04449 ( 1)  0.351 +-  1.007
 113 K   0.86618 0.08833 0.04549 ( 1)  0.357 +-  1.026
 114 K   0.86854 0.08776 0.04369 ( 1)  0.346 +-  0.992
 115 C   0.86983 0.08744 0.04273 ( 1)  0.340 +-  0.974
 116 C   0.86983 0.08744 0.04273 ( 1)  0.340 +-  0.974
 117 A   0.87056 0.08723 0.04220 ( 1)  0.337 +-  0.964
 118 V   0.86736 0.08805 0.04460 ( 1)  0.351 +-  1.009
 119 N   0.86994 0.08741 0.04265 ( 1)  0.339 +-  0.972
 120 M   0.86960 0.08750 0.04290 ( 1)  0.341 +-  0.977
 121 G   0.87003 0.08738 0.04259 ( 1)  0.339 +-  0.971
 122 R   0.86824 0.08783 0.04393 ( 1)  0.347 +-  0.997
 123 Q   0.86875 0.08771 0.04354 ( 1)  0.345 +-  0.989
 124 R   0.86703 0.08813 0.04484 ( 1)  0.353 +-  1.014
 125 S   0.86849 0.08777 0.04374 ( 1)  0.346 +-  0.993
 126 K   0.86618 0.08833 0.04549 ( 1)  0.357 +-  1.026
 127 L   0.87029 0.08731 0.04240 ( 1)  0.338 +-  0.967
 128 G   0.87003 0.08738 0.04259 ( 1)  0.339 +-  0.971
 129 R   0.86703 0.08813 0.04484 ( 1)  0.353 +-  1.014
 130 R   0.86824 0.08783 0.04393 ( 1)  0.347 +-  0.997
 131 A   0.87056 0.08723 0.04220 ( 1)  0.337 +-  0.964
 132 R   0.86586 0.08841 0.04574 ( 1)  0.358 +-  1.031
 133 L   0.87029 0.08731 0.04240 ( 1)  0.338 +-  0.967
 134 D   0.87094 0.08714 0.04191 ( 1)  0.335 +-  0.958
 135 A   0.87056 0.08723 0.04220 ( 1)  0.337 +-  0.964
 136 D   0.87094 0.08714 0.04191 ( 1)  0.335 +-  0.958
 137 N   0.86994 0.08741 0.04265 ( 1)  0.339 +-  0.972
 138 G   0.87003 0.08738 0.04259 ( 1)  0.339 +-  0.971
 139 N   0.86994 0.08741 0.04265 ( 1)  0.339 +-  0.972
 140 G   0.87003 0.08738 0.04259 ( 1)  0.339 +-  0.971
 141 G   0.86711 0.08811 0.04478 ( 1)  0.352 +-  1.013
 142 R   0.86988 0.08742 0.04270 ( 1)  0.340 +-  0.973
 143 G   0.86562 0.08846 0.04592 ( 1)  0.359 +-  1.035
 144 V   0.87045 0.08727 0.04228 ( 1)  0.337 +-  0.965
 145 G   0.87003 0.08738 0.04259 ( 1)  0.339 +-  0.971
 146 G   0.87003 0.08738 0.04259 ( 1)  0.339 +-  0.971
 147 A   0.86600 0.08837 0.04563 ( 1)  0.358 +-  1.029
 148 K   0.86854 0.08776 0.04369 ( 1)  0.346 +-  0.992
 149 R   0.86703 0.08813 0.04484 ( 1)  0.353 +-  1.014
 150 R   0.86514 0.08857 0.04629 ( 1)  0.362 +-  1.042
 151 T   0.87021 0.08734 0.04246 ( 1)  0.338 +-  0.968
 152 Q   0.86875 0.08771 0.04354 ( 1)  0.345 +-  0.989
 153 Q   0.86875 0.08771 0.04354 ( 1)  0.345 +-  0.989
 154 P   0.86911 0.08761 0.04328 ( 1)  0.343 +-  0.984
 155 P   0.86738 0.08804 0.04458 ( 1)  0.351 +-  1.009
 156 S   0.86849 0.08777 0.04374 ( 1)  0.346 +-  0.993
 157 P   0.86911 0.08761 0.04328 ( 1)  0.343 +-  0.984
 158 S   0.86980 0.08745 0.04275 ( 1)  0.340 +-  0.974
 159 S   0.86725 0.08808 0.04468 ( 1)  0.352 +-  1.011
 160 V   0.86596 0.08838 0.04566 ( 1)  0.358 +-  1.030
 161 D   0.87094 0.08714 0.04191 ( 1)  0.335 +-  0.958
 162 A   0.86742 0.08803 0.04455 ( 1)  0.351 +-  1.008
 163 E   0.86957 0.08750 0.04293 ( 1)  0.341 +-  0.977
 164 T   0.86586 0.08840 0.04573 ( 1)  0.358 +-  1.031
 165 I   0.87005 0.08738 0.04256 ( 1)  0.339 +-  0.970
 166 S   0.86803 0.08776 0.04421 ( 1)  0.349 +-  1.006
 167 D   0.86807 0.08788 0.04405 ( 1)  0.348 +-  0.999
 168 Q   0.86875 0.08771 0.04354 ( 1)  0.345 +-  0.989
 169 Q   0.86652 0.08825 0.04523 ( 1)  0.355 +-  1.021
 170 L   0.86787 0.08792 0.04421 ( 1)  0.349 +-  1.002
 171 L   0.86787 0.08792 0.04421 ( 1)  0.349 +-  1.002
 172 R   0.86988 0.08742 0.04270 ( 1)  0.340 +-  0.973
 173 F   0.87042 0.08728 0.04229 ( 1)  0.337 +-  0.965
 174 I   0.87005 0.08738 0.04256 ( 1)  0.339 +-  0.970
 175 E   0.86957 0.08750 0.04293 ( 1)  0.341 +-  0.977
 176 L   0.86787 0.08792 0.04421 ( 1)  0.349 +-  1.002
 177 K   0.86618 0.08833 0.04549 ( 1)  0.357 +-  1.026
 178 R   0.86824 0.08783 0.04393 ( 1)  0.347 +-  0.997
 179 R   0.86824 0.08783 0.04393 ( 1)  0.347 +-  0.997
 180 E   0.86694 0.08815 0.04491 ( 1)  0.353 +-  1.015
 181 F   0.86763 0.08799 0.04438 ( 1)  0.350 +-  1.005
 182 E   0.86694 0.08815 0.04491 ( 1)  0.353 +-  1.015
 183 N   0.86994 0.08741 0.04265 ( 1)  0.339 +-  0.972
 184 Q   0.86652 0.08825 0.04523 ( 1)  0.355 +-  1.021
 185 V   0.87045 0.08727 0.04228 ( 1)  0.337 +-  0.965
 186 C   0.86719 0.08809 0.04472 ( 1)  0.352 +-  1.012
 187 R   0.86703 0.08813 0.04484 ( 1)  0.353 +-  1.014
 188 R   0.86988 0.08742 0.04270 ( 1)  0.340 +-  0.973
 189 T   0.87021 0.08734 0.04246 ( 1)  0.338 +-  0.968
 190 C   0.86719 0.08809 0.04472 ( 1)  0.352 +-  1.012
 191 F   0.86763 0.08799 0.04438 ( 1)  0.350 +-  1.005
 192 R   0.86586 0.08841 0.04574 ( 1)  0.358 +-  1.031
 193 R   0.86514 0.08857 0.04629 ( 1)  0.362 +-  1.042
 194 Q   0.86875 0.08771 0.04354 ( 1)  0.345 +-  0.989
 195 A   0.87056 0.08723 0.04220 ( 1)  0.337 +-  0.964
 196 S   0.86849 0.08777 0.04374 ( 1)  0.346 +-  0.993
 197 L   0.86542 0.08850 0.04607 ( 1)  0.360 +-  1.037
 198 N   0.86733 0.08806 0.04461 ( 1)  0.351 +-  1.010
 199 S   0.86980 0.08745 0.04275 ( 1)  0.340 +-  0.974
 200 D   0.87094 0.08714 0.04191 ( 1)  0.335 +-  0.958
 201 K   0.86618 0.08833 0.04549 ( 1)  0.357 +-  1.026
 202 S   0.86849 0.08777 0.04374 ( 1)  0.346 +-  0.993
 203 P   0.86738 0.08804 0.04458 ( 1)  0.351 +-  1.009
 204 V   0.87045 0.08727 0.04228 ( 1)  0.337 +-  0.965
 205 T   0.87021 0.08734 0.04246 ( 1)  0.338 +-  0.968
 206 S   0.87027 0.08732 0.04241 ( 1)  0.338 +-  0.968
 207 C   0.86719 0.08809 0.04472 ( 1)  0.352 +-  1.012
 208 A   0.86742 0.08803 0.04455 ( 1)  0.351 +-  1.008
 209 R   0.86824 0.08783 0.04393 ( 1)  0.347 +-  0.997
 210 T   0.87021 0.08734 0.04246 ( 1)  0.338 +-  0.968
 211 S   0.86980 0.08745 0.04275 ( 1)  0.340 +-  0.974
 212 S   0.87027 0.08732 0.04241 ( 1)  0.338 +-  0.968
 213 L   0.86750 0.08802 0.04449 ( 1)  0.351 +-  1.007
 214 P   0.87049 0.08726 0.04226 ( 1)  0.337 +-  0.965
 215 R   0.86514 0.08857 0.04629 ( 1)  0.362 +-  1.042
 216 L   0.86726 0.08807 0.04467 ( 1)  0.352 +-  1.011
 217 L   0.86542 0.08850 0.04607 ( 1)  0.360 +-  1.037
 218 S   0.86849 0.08777 0.04374 ( 1)  0.346 +-  0.993
 219 S   0.86723 0.08808 0.04469 ( 1)  0.352 +-  1.011
 220 P   0.87049 0.08726 0.04226 ( 1)  0.337 +-  0.965
 221 V   0.87045 0.08727 0.04228 ( 1)  0.337 +-  0.965
 222 A   0.87056 0.08723 0.04220 ( 1)  0.337 +-  0.964
 223 T   0.87021 0.08734 0.04246 ( 1)  0.338 +-  0.968
 224 S   0.86551 0.08848 0.04601 ( 1)  0.360 +-  1.036
 225 P   0.86911 0.08761 0.04328 ( 1)  0.343 +-  0.984
 226 P   0.86911 0.08761 0.04328 ( 1)  0.343 +-  0.984
 227 P   0.86911 0.08761 0.04328 ( 1)  0.343 +-  0.984
 228 P   0.86911 0.08761 0.04328 ( 1)  0.343 +-  0.984
 229 P   0.86597 0.08838 0.04565 ( 1)  0.358 +-  1.029
 230 P   0.86911 0.08761 0.04328 ( 1)  0.343 +-  0.984
 231 P   0.86911 0.08761 0.04328 ( 1)  0.343 +-  0.984
 232 S   0.86849 0.08777 0.04374 ( 1)  0.346 +-  0.993
 233 A   0.86600 0.08837 0.04563 ( 1)  0.358 +-  1.029
 234 S   0.86849 0.08777 0.04374 ( 1)  0.346 +-  0.993
 235 F   0.86763 0.08799 0.04438 ( 1)  0.350 +-  1.005
 236 P   0.86911 0.08761 0.04328 ( 1)  0.343 +-  0.984
 237 P   0.86597 0.08838 0.04565 ( 1)  0.358 +-  1.029
 238 S   0.87027 0.08732 0.04241 ( 1)  0.338 +-  0.968
 239 A   0.86600 0.08837 0.04563 ( 1)  0.358 +-  1.029
 240 Q   0.86652 0.08825 0.04523 ( 1)  0.355 +-  1.021
 241 S   0.87027 0.08732 0.04241 ( 1)  0.338 +-  0.968
 242 V   0.87045 0.08727 0.04228 ( 1)  0.337 +-  0.965
 243 P   0.86911 0.08761 0.04328 ( 1)  0.343 +-  0.984
 244 V   0.87045 0.08727 0.04228 ( 1)  0.337 +-  0.965
 245 T   0.86721 0.08809 0.04470 ( 1)  0.352 +-  1.011
 246 P   0.86911 0.08761 0.04328 ( 1)  0.343 +-  0.984
 247 S   0.86849 0.08777 0.04374 ( 1)  0.346 +-  0.993
 248 V   0.87045 0.08727 0.04228 ( 1)  0.337 +-  0.965
 249 A   0.86600 0.08837 0.04563 ( 1)  0.358 +-  1.029
 250 V   0.87045 0.08727 0.04228 ( 1)  0.337 +-  0.965
 251 V   0.87045 0.08727 0.04228 ( 1)  0.337 +-  0.965
 252 G   0.87003 0.08738 0.04259 ( 1)  0.339 +-  0.971
 253 A   0.87056 0.08723 0.04220 ( 1)  0.337 +-  0.964
 254 Q   0.86875 0.08771 0.04354 ( 1)  0.345 +-  0.989
 255 S   0.86551 0.08848 0.04601 ( 1)  0.360 +-  1.036
 256 P   0.87049 0.08726 0.04226 ( 1)  0.337 +-  0.965
 257 W   0.86798 0.08790 0.04412 ( 1)  0.348 +-  1.000
 258 A   0.86600 0.08837 0.04563 ( 1)  0.358 +-  1.029
 259 S   0.86849 0.08777 0.04374 ( 1)  0.346 +-  0.993
 260 S   0.86980 0.08745 0.04275 ( 1)  0.340 +-  0.974
 261 S   0.87027 0.08732 0.04241 ( 1)  0.338 +-  0.968
 262 G   0.86711 0.08811 0.04478 ( 1)  0.352 +-  1.013
 263 R   0.86988 0.08742 0.04270 ( 1)  0.340 +-  0.973
 264 C   0.86983 0.08744 0.04273 ( 1)  0.340 +-  0.974
 265 G   0.87003 0.08738 0.04259 ( 1)  0.339 +-  0.971
 266 S   0.86980 0.08745 0.04275 ( 1)  0.340 +-  0.974
 267 S   0.86980 0.08745 0.04275 ( 1)  0.340 +-  0.974
 268 S   0.86723 0.08808 0.04469 ( 1)  0.352 +-  1.011
 269 R   0.86824 0.08783 0.04393 ( 1)  0.347 +-  0.997
 270 S   0.86980 0.08745 0.04275 ( 1)  0.340 +-  0.974
 271 S   0.87027 0.08732 0.04241 ( 1)  0.338 +-  0.968
 272 P   0.86911 0.08761 0.04328 ( 1)  0.343 +-  0.984
 273 T   0.86721 0.08809 0.04470 ( 1)  0.352 +-  1.011
 274 P   0.86911 0.08761 0.04328 ( 1)  0.343 +-  0.984
 275 P   0.86911 0.08761 0.04328 ( 1)  0.343 +-  0.984
 276 P   0.86738 0.08804 0.04458 ( 1)  0.351 +-  1.009
 277 H   0.87074 0.08720 0.04206 ( 1)  0.336 +-  0.961
 278 P   0.86911 0.08761 0.04328 ( 1)  0.343 +-  0.984
 279 P   0.86738 0.08804 0.04458 ( 1)  0.351 +-  1.009
 280 P   0.86738 0.08804 0.04458 ( 1)  0.351 +-  1.009
 281 P   0.87049 0.08726 0.04226 ( 1)  0.337 +-  0.965
 282 P   0.86911 0.08761 0.04328 ( 1)  0.343 +-  0.984
 283 P   0.86911 0.08761 0.04328 ( 1)  0.343 +-  0.984
 284 P   0.86911 0.08761 0.04328 ( 1)  0.343 +-  0.984
 285 P   0.86911 0.08761 0.04328 ( 1)  0.343 +-  0.984
 286 D   0.87094 0.08714 0.04191 ( 1)  0.335 +-  0.958
 287 G   0.86711 0.08811 0.04478 ( 1)  0.352 +-  1.013
 288 Q   0.86875 0.08771 0.04354 ( 1)  0.345 +-  0.989
 289 L   0.86726 0.08807 0.04467 ( 1)  0.352 +-  1.011
 290 S   0.86980 0.08745 0.04275 ( 1)  0.340 +-  0.974
 291 E   0.86694 0.08815 0.04491 ( 1)  0.353 +-  1.015
 292 A   0.87056 0.08723 0.04220 ( 1)  0.337 +-  0.964
 293 W   0.86798 0.08790 0.04412 ( 1)  0.348 +-  1.000
 294 L   0.86542 0.08850 0.04607 ( 1)  0.360 +-  1.037
 295 T   0.87021 0.08734 0.04246 ( 1)  0.338 +-  0.968
 296 G   0.87003 0.08738 0.04259 ( 1)  0.339 +-  0.971
 297 C   0.86719 0.08809 0.04472 ( 1)  0.352 +-  1.012
 298 Q   0.86875 0.08771 0.04354 ( 1)  0.345 +-  0.989
 299 P   0.86911 0.08761 0.04328 ( 1)  0.343 +-  0.984
 300 L   0.86787 0.08792 0.04421 ( 1)  0.349 +-  1.002
 301 L   0.86542 0.08850 0.04607 ( 1)  0.360 +-  1.037
 302 S   0.86849 0.08777 0.04374 ( 1)  0.346 +-  0.993
 303 G   0.87003 0.08738 0.04259 ( 1)  0.339 +-  0.971
 304 Q   0.86875 0.08771 0.04354 ( 1)  0.345 +-  0.989
 305 S   0.86849 0.08777 0.04374 ( 1)  0.346 +-  0.993
 306 L   0.86726 0.08807 0.04467 ( 1)  0.352 +-  1.011
 307 V   0.87045 0.08727 0.04228 ( 1)  0.337 +-  0.965
 308 R   0.86988 0.08742 0.04270 ( 1)  0.340 +-  0.973
 309 L   0.86787 0.08792 0.04421 ( 1)  0.349 +-  1.002
 310 C   0.86983 0.08744 0.04273 ( 1)  0.340 +-  0.974
 311 H   0.87074 0.08720 0.04206 ( 1)  0.336 +-  0.961
 312 R   0.86988 0.08742 0.04270 ( 1)  0.340 +-  0.973
 313 L   0.86787 0.08792 0.04421 ( 1)  0.349 +-  1.002
 314 T   0.86721 0.08809 0.04470 ( 1)  0.352 +-  1.011
 315 G   0.87003 0.08738 0.04259 ( 1)  0.339 +-  0.971
 316 D   0.87094 0.08714 0.04191 ( 1)  0.335 +-  0.958
 317 T   0.87021 0.08734 0.04246 ( 1)  0.338 +-  0.968
 318 D   0.87094 0.08714 0.04191 ( 1)  0.335 +-  0.958
 319 S   0.86723 0.08808 0.04469 ( 1)  0.352 +-  1.011
 320 R   0.86988 0.08742 0.04270 ( 1)  0.340 +-  0.973
 321 S   0.86849 0.08777 0.04374 ( 1)  0.346 +-  0.993
 322 A   0.87056 0.08723 0.04220 ( 1)  0.337 +-  0.964
 323 A   0.86917 0.08760 0.04323 ( 1)  0.343 +-  0.984
 324 W   0.86798 0.08790 0.04412 ( 1)  0.348 +-  1.000
 325 L   0.86726 0.08807 0.04467 ( 1)  0.352 +-  1.011
 326 C   0.86983 0.08744 0.04273 ( 1)  0.340 +-  0.974
 327 S   0.86551 0.08848 0.04601 ( 1)  0.360 +-  1.036
 328 L   0.87029 0.08731 0.04240 ( 1)  0.338 +-  0.967
 329 C   0.86983 0.08744 0.04273 ( 1)  0.340 +-  0.974
 330 D   0.86807 0.08788 0.04405 ( 1)  0.348 +-  0.999
 331 R   0.86703 0.08813 0.04484 ( 1)  0.353 +-  1.014
 332 P   0.86911 0.08761 0.04328 ( 1)  0.343 +-  0.984
 333 D   0.87094 0.08714 0.04191 ( 1)  0.335 +-  0.958
 334 V   0.86908 0.08762 0.04330 ( 1)  0.343 +-  0.985
 335 S   0.87027 0.08732 0.04241 ( 1)  0.338 +-  0.968
 336 G   0.87003 0.08738 0.04259 ( 1)  0.339 +-  0.971
 337 D   0.86807 0.08788 0.04405 ( 1)  0.348 +-  0.999
 338 S   0.86849 0.08777 0.04374 ( 1)  0.346 +-  0.993
 339 A   0.87056 0.08723 0.04220 ( 1)  0.337 +-  0.964
 340 K   0.86854 0.08776 0.04369 ( 1)  0.346 +-  0.992
 341 L   0.86561 0.08846 0.04593 ( 1)  0.359 +-  1.035
 342 I   0.87005 0.08738 0.04256 ( 1)  0.339 +-  0.970
 343 L   0.86787 0.08792 0.04421 ( 1)  0.349 +-  1.002
 344 C   0.86983 0.08744 0.04273 ( 1)  0.340 +-  0.974
 345 A   0.86917 0.08760 0.04323 ( 1)  0.343 +-  0.984
 346 V   0.86736 0.08805 0.04460 ( 1)  0.351 +-  1.009
 347 D   0.87094 0.08714 0.04191 ( 1)  0.335 +-  0.958
 348 K   0.86618 0.08833 0.04549 ( 1)  0.357 +-  1.026
 349 F   0.86763 0.08799 0.04438 ( 1)  0.350 +-  1.005
 350 V   0.86908 0.08762 0.04330 ( 1)  0.343 +-  0.985
 351 Q   0.86875 0.08771 0.04354 ( 1)  0.345 +-  0.989
 352 Y   0.86952 0.08752 0.04297 ( 1)  0.341 +-  0.978
 353 W   0.86798 0.08790 0.04412 ( 1)  0.348 +-  1.000
 354 E   0.86710 0.08782 0.04508 ( 1)  0.355 +-  1.026
 355 A   0.87056 0.08723 0.04220 ( 1)  0.337 +-  0.964
 356 D   0.86807 0.08788 0.04405 ( 1)  0.348 +-  0.999
 357 L   0.86561 0.08846 0.04593 ( 1)  0.359 +-  1.035
 358 N   0.86994 0.08741 0.04265 ( 1)  0.339 +-  0.972
 359 D   0.86807 0.08788 0.04405 ( 1)  0.348 +-  0.999
 360 Q   0.86875 0.08771 0.04354 ( 1)  0.345 +-  0.989
 361 F   0.87042 0.08728 0.04229 ( 1)  0.337 +-  0.965
 362 S   0.86980 0.08745 0.04275 ( 1)  0.340 +-  0.974
 363 Q   0.86875 0.08771 0.04354 ( 1)  0.345 +-  0.989
 364 N   0.86994 0.08741 0.04265 ( 1)  0.339 +-  0.972
 365 P   0.86738 0.08804 0.04458 ( 1)  0.351 +-  1.009
 366 V   0.87045 0.08727 0.04228 ( 1)  0.337 +-  0.965
 367 C   0.86983 0.08744 0.04273 ( 1)  0.340 +-  0.974
 368 G   0.87003 0.08738 0.04259 ( 1)  0.339 +-  0.971
 369 R   0.86824 0.08783 0.04393 ( 1)  0.347 +-  0.997
 370 A   0.87056 0.08723 0.04220 ( 1)  0.337 +-  0.964
 371 I   0.86731 0.08806 0.04463 ( 1)  0.351 +-  1.010
 372 A   0.87056 0.08723 0.04220 ( 1)  0.337 +-  0.964
 373 E   0.86957 0.08750 0.04293 ( 1)  0.341 +-  0.977
 374 S   0.86980 0.08745 0.04275 ( 1)  0.340 +-  0.974
 375 T   0.86887 0.08768 0.04345 ( 1)  0.344 +-  0.987
 376 E   0.86957 0.08750 0.04293 ( 1)  0.341 +-  0.977
 377 L   0.87029 0.08731 0.04240 ( 1)  0.338 +-  0.967
 378 I   0.86731 0.08806 0.04463 ( 1)  0.351 +-  1.010
 379 L   0.87029 0.08731 0.04240 ( 1)  0.338 +-  0.967
 380 E   0.86957 0.08750 0.04293 ( 1)  0.341 +-  0.977
 381 G   0.86873 0.08771 0.04356 ( 1)  0.345 +-  0.990
 382 H   0.86792 0.08791 0.04417 ( 1)  0.349 +-  1.001
 383 R   0.86824 0.08783 0.04393 ( 1)  0.347 +-  0.997
 384 R   0.86988 0.08742 0.04270 ( 1)  0.340 +-  0.973
 385 T   0.87021 0.08734 0.04246 ( 1)  0.338 +-  0.968
 386 A   0.87056 0.08723 0.04220 ( 1)  0.337 +-  0.964
 387 Y   0.86952 0.08752 0.04297 ( 1)  0.341 +-  0.978
 388 F   0.87042 0.08728 0.04229 ( 1)  0.337 +-  0.965
 389 C   0.86719 0.08809 0.04472 ( 1)  0.352 +-  1.012
 390 Q   0.86875 0.08771 0.04354 ( 1)  0.345 +-  0.989
 391 D   0.87094 0.08714 0.04191 ( 1)  0.335 +-  0.958
 392 R   0.86824 0.08783 0.04393 ( 1)  0.347 +-  0.997
 393 M   0.86960 0.08750 0.04290 ( 1)  0.341 +-  0.977
 394 S   0.86725 0.08808 0.04468 ( 1)  0.352 +-  1.011
 395 K   0.86854 0.08776 0.04369 ( 1)  0.346 +-  0.992
 396 F   0.87042 0.08728 0.04229 ( 1)  0.337 +-  0.965
 397 R   0.86828 0.08783 0.04389 ( 1)  0.347 +-  0.996
 398 A   0.86742 0.08803 0.04455 ( 1)  0.351 +-  1.008
 399 E   0.86957 0.08750 0.04293 ( 1)  0.341 +-  0.977
 400 R   0.86988 0.08742 0.04270 ( 1)  0.340 +-  0.973
 401 L   0.86750 0.08802 0.04449 ( 1)  0.351 +-  1.007
 402 P   0.86738 0.08804 0.04458 ( 1)  0.351 +-  1.009
 403 M   0.86960 0.08750 0.04290 ( 1)  0.341 +-  0.977
 404 L   0.86561 0.08846 0.04593 ( 1)  0.359 +-  1.035
 405 R   0.86988 0.08742 0.04270 ( 1)  0.340 +-  0.973
 406 E   0.86694 0.08815 0.04491 ( 1)  0.353 +-  1.015
 407 P   0.86911 0.08761 0.04328 ( 1)  0.343 +-  0.984
 408 A   0.86742 0.08803 0.04455 ( 1)  0.351 +-  1.008
 409 I   0.87005 0.08738 0.04256 ( 1)  0.339 +-  0.970
 410 G   0.86711 0.08811 0.04478 ( 1)  0.352 +-  1.013
 411 E   0.86694 0.08815 0.04491 ( 1)  0.353 +-  1.015
 412 E   0.86694 0.08815 0.04491 ( 1)  0.353 +-  1.015
 413 A   0.87056 0.08723 0.04220 ( 1)  0.337 +-  0.964
 414 A   0.87056 0.08723 0.04220 ( 1)  0.337 +-  0.964
 415 V   0.86908 0.08762 0.04330 ( 1)  0.343 +-  0.985
 416 L   0.86787 0.08792 0.04421 ( 1)  0.349 +-  1.002
 417 N   0.86733 0.08806 0.04461 ( 1)  0.351 +-  1.010
 418 H   0.87074 0.08720 0.04206 ( 1)  0.336 +-  0.961
 419 L   0.86787 0.08792 0.04421 ( 1)  0.349 +-  1.002
 420 V   0.86908 0.08762 0.04330 ( 1)  0.343 +-  0.985
 421 G   0.87003 0.08738 0.04259 ( 1)  0.339 +-  0.971
 422 C   0.86983 0.08744 0.04273 ( 1)  0.340 +-  0.974
 423 I   0.86668 0.08821 0.04511 ( 1)  0.354 +-  1.019
 424 P   0.87049 0.08726 0.04226 ( 1)  0.337 +-  0.965
 425 Q   0.86875 0.08771 0.04354 ( 1)  0.345 +-  0.989
 426 L   0.86787 0.08792 0.04421 ( 1)  0.349 +-  1.002
 427 M   0.86960 0.08750 0.04290 ( 1)  0.341 +-  0.977
 428 L   0.87029 0.08731 0.04240 ( 1)  0.338 +-  0.967
 429 R   0.86703 0.08813 0.04484 ( 1)  0.353 +-  1.014
 430 I   0.86668 0.08821 0.04511 ( 1)  0.354 +-  1.019
 431 V   0.86908 0.08762 0.04330 ( 1)  0.343 +-  0.985
 432 A   0.87056 0.08723 0.04220 ( 1)  0.337 +-  0.964
 433 F   0.87042 0.08728 0.04229 ( 1)  0.337 +-  0.965
 434 A   0.87056 0.08723 0.04220 ( 1)  0.337 +-  0.964
 435 R   0.86828 0.08783 0.04389 ( 1)  0.347 +-  0.996
 436 N   0.86994 0.08741 0.04265 ( 1)  0.339 +-  0.972
 437 I   0.86731 0.08806 0.04463 ( 1)  0.351 +-  1.010
 438 L   0.86542 0.08850 0.04607 ( 1)  0.360 +-  1.037
 439 G   0.87003 0.08738 0.04259 ( 1)  0.339 +-  0.971
 440 S   0.86980 0.08745 0.04275 ( 1)  0.340 +-  0.974
 441 S   0.86980 0.08745 0.04275 ( 1)  0.340 +-  0.974
 442 A   0.87056 0.08723 0.04220 ( 1)  0.337 +-  0.964
 443 A   0.87056 0.08723 0.04220 ( 1)  0.337 +-  0.964
 444 A   0.86742 0.08803 0.04455 ( 1)  0.351 +-  1.008
 445 H   0.87074 0.08720 0.04206 ( 1)  0.336 +-  0.961
 446 G   0.86711 0.08811 0.04478 ( 1)  0.352 +-  1.013
 447 H   0.86792 0.08791 0.04417 ( 1)  0.349 +-  1.001
 448 S   0.86551 0.08848 0.04601 ( 1)  0.360 +-  1.036
 449 D   0.86807 0.08788 0.04405 ( 1)  0.348 +-  0.999
 450 Q   0.86875 0.08771 0.04354 ( 1)  0.345 +-  0.989
 451 Q   0.86875 0.08771 0.04354 ( 1)  0.345 +-  0.989
 452 Q   0.86652 0.08825 0.04523 ( 1)  0.355 +-  1.021
 453 L   0.87029 0.08731 0.04240 ( 1)  0.338 +-  0.967
 454 N   0.86994 0.08741 0.04265 ( 1)  0.339 +-  0.972
 455 D   0.87094 0.08714 0.04191 ( 1)  0.335 +-  0.958
 456 S   0.86980 0.08745 0.04275 ( 1)  0.340 +-  0.974
 457 D   0.87094 0.08714 0.04191 ( 1)  0.335 +-  0.958
 458 H   0.87074 0.08720 0.04206 ( 1)  0.336 +-  0.961
 459 N   0.86994 0.08741 0.04265 ( 1)  0.339 +-  0.972
 460 R   0.86824 0.08783 0.04393 ( 1)  0.347 +-  0.997
 461 V   0.86908 0.08762 0.04330 ( 1)  0.343 +-  0.985
 462 L   0.86787 0.08792 0.04421 ( 1)  0.349 +-  1.002
 463 A   0.86600 0.08837 0.04563 ( 1)  0.358 +-  1.029
 464 S   0.86725 0.08808 0.04468 ( 1)  0.352 +-  1.011
 465 R   0.86988 0.08742 0.04270 ( 1)  0.340 +-  0.973
 466 C   0.86983 0.08744 0.04273 ( 1)  0.340 +-  0.974
 467 S   0.87027 0.08732 0.04241 ( 1)  0.338 +-  0.968
 468 D   0.86807 0.08788 0.04405 ( 1)  0.348 +-  0.999
 469 V   0.86736 0.08805 0.04460 ( 1)  0.351 +-  1.009
 470 L   0.86542 0.08850 0.04607 ( 1)  0.360 +-  1.037
 471 L   0.86726 0.08807 0.04467 ( 1)  0.352 +-  1.011
 472 D   0.87094 0.08714 0.04191 ( 1)  0.335 +-  0.958
 473 S   0.86725 0.08808 0.04468 ( 1)  0.352 +-  1.011
 474 D   0.86807 0.08788 0.04405 ( 1)  0.348 +-  0.999
 475 K   0.86854 0.08776 0.04369 ( 1)  0.346 +-  0.992
 476 R   0.86824 0.08783 0.04393 ( 1)  0.347 +-  0.997
 477 R   0.86988 0.08742 0.04270 ( 1)  0.340 +-  0.973
 478 L   0.86787 0.08792 0.04421 ( 1)  0.349 +-  1.002
 479 I   0.86731 0.08806 0.04463 ( 1)  0.351 +-  1.010
 480 V   0.86908 0.08762 0.04330 ( 1)  0.343 +-  0.985
 481 H   0.87074 0.08720 0.04206 ( 1)  0.336 +-  0.961
 482 H   0.87074 0.08720 0.04206 ( 1)  0.336 +-  0.961
 483 C   0.86983 0.08744 0.04273 ( 1)  0.340 +-  0.974
 484 F   0.87042 0.08728 0.04229 ( 1)  0.337 +-  0.965
 485 K   0.86854 0.08776 0.04369 ( 1)  0.346 +-  0.992
 486 V   0.87045 0.08727 0.04228 ( 1)  0.337 +-  0.965
 487 I   0.86731 0.08806 0.04463 ( 1)  0.351 +-  1.010
 488 A   0.86742 0.08803 0.04455 ( 1)  0.351 +-  1.008
 489 M   0.86960 0.08750 0.04290 ( 1)  0.341 +-  0.977
 490 R   0.86988 0.08742 0.04270 ( 1)  0.340 +-  0.973
 491 F   0.87042 0.08728 0.04229 ( 1)  0.337 +-  0.965
 492 C   0.86983 0.08744 0.04273 ( 1)  0.340 +-  0.974
 493 D   0.87094 0.08714 0.04191 ( 1)  0.335 +-  0.958
 494 A   0.87056 0.08723 0.04220 ( 1)  0.337 +-  0.964
 495 L   0.86750 0.08802 0.04449 ( 1)  0.351 +-  1.007
 496 I   0.87005 0.08738 0.04256 ( 1)  0.339 +-  0.970
 497 Q   0.86875 0.08771 0.04354 ( 1)  0.345 +-  0.989
 498 S   0.86725 0.08808 0.04468 ( 1)  0.352 +-  1.011
 499 G   0.87003 0.08738 0.04259 ( 1)  0.339 +-  0.971
 500 E   0.86694 0.08815 0.04491 ( 1)  0.353 +-  1.015
 501 G   0.87003 0.08738 0.04259 ( 1)  0.339 +-  0.971
 502 Y   0.86952 0.08752 0.04297 ( 1)  0.341 +-  0.978
 503 I   0.86731 0.08806 0.04463 ( 1)  0.351 +-  1.010
 504 I   0.87005 0.08738 0.04256 ( 1)  0.339 +-  0.970
 505 D   0.86807 0.08788 0.04405 ( 1)  0.348 +-  0.999
 506 P   0.86738 0.08804 0.04458 ( 1)  0.351 +-  1.009
 507 A   0.86917 0.08760 0.04323 ( 1)  0.343 +-  0.984
 508 L   0.86787 0.08792 0.04421 ( 1)  0.349 +-  1.002
 509 H   0.87074 0.08720 0.04206 ( 1)  0.336 +-  0.961
 510 Y   0.86682 0.08818 0.04500 ( 1)  0.354 +-  1.017
 511 R   0.86703 0.08813 0.04484 ( 1)  0.353 +-  1.014
 512 L   0.86750 0.08802 0.04449 ( 1)  0.351 +-  1.007
 513 T   0.86721 0.08809 0.04470 ( 1)  0.352 +-  1.011
 514 K   0.86618 0.08833 0.04549 ( 1)  0.357 +-  1.026
 515 E   0.86957 0.08750 0.04293 ( 1)  0.341 +-  0.977
 516 F   0.87042 0.08728 0.04229 ( 1)  0.337 +-  0.965
 517 L   0.87029 0.08731 0.04240 ( 1)  0.338 +-  0.967
 518 A   0.86917 0.08760 0.04323 ( 1)  0.343 +-  0.984
 519 T   0.86721 0.08809 0.04470 ( 1)  0.352 +-  1.011
 520 A   0.87056 0.08723 0.04220 ( 1)  0.337 +-  0.964
 521 N   0.86994 0.08741 0.04265 ( 1)  0.339 +-  0.972
 522 H   0.86792 0.08791 0.04417 ( 1)  0.349 +-  1.001
 523 P   0.87049 0.08726 0.04226 ( 1)  0.337 +-  0.965
 524 M   0.86960 0.08750 0.04290 ( 1)  0.341 +-  0.977
 525 L   0.86750 0.08802 0.04449 ( 1)  0.351 +-  1.007
 526 S   0.86849 0.08777 0.04374 ( 1)  0.346 +-  0.993
 527 Q   0.86875 0.08771 0.04354 ( 1)  0.345 +-  0.989
 528 L   0.86787 0.08792 0.04421 ( 1)  0.349 +-  1.002
 529 F   0.86763 0.08799 0.04438 ( 1)  0.350 +-  1.005
 530 L   0.86726 0.08807 0.04467 ( 1)  0.352 +-  1.011
 531 K   0.86618 0.08833 0.04549 ( 1)  0.357 +-  1.026
 532 F   0.87042 0.08728 0.04229 ( 1)  0.337 +-  0.965
 533 F   0.87042 0.08728 0.04229 ( 1)  0.337 +-  0.965
 534 D   0.87094 0.08714 0.04191 ( 1)  0.335 +-  0.958
 535 V   0.87045 0.08727 0.04228 ( 1)  0.337 +-  0.965
 536 S   0.86551 0.08848 0.04601 ( 1)  0.360 +-  1.036
 537 T   0.86721 0.08809 0.04470 ( 1)  0.352 +-  1.011
 538 V   0.86736 0.08805 0.04460 ( 1)  0.351 +-  1.009
 539 W   0.86798 0.08790 0.04412 ( 1)  0.348 +-  1.000
 540 D   0.86807 0.08788 0.04405 ( 1)  0.348 +-  0.999
 541 S   0.86849 0.08777 0.04374 ( 1)  0.346 +-  0.993
 542 H   0.87074 0.08720 0.04206 ( 1)  0.336 +-  0.961
 543 G   0.87003 0.08738 0.04259 ( 1)  0.339 +-  0.971
 544 V   0.87045 0.08727 0.04228 ( 1)  0.337 +-  0.965
 545 T   0.86887 0.08768 0.04345 ( 1)  0.344 +-  0.987
 546 E   0.86957 0.08750 0.04293 ( 1)  0.341 +-  0.977
 547 Q   0.86652 0.08825 0.04523 ( 1)  0.355 +-  1.021
 548 E   0.86957 0.08750 0.04293 ( 1)  0.341 +-  0.977
 549 L   0.86750 0.08802 0.04449 ( 1)  0.351 +-  1.007
 550 A   0.87056 0.08723 0.04220 ( 1)  0.337 +-  0.964
 551 F   0.86763 0.08799 0.04438 ( 1)  0.350 +-  1.005
 552 L   0.86787 0.08792 0.04421 ( 1)  0.349 +-  1.002
 553 S   0.86849 0.08777 0.04374 ( 1)  0.346 +-  0.993
 554 A   0.87056 0.08723 0.04220 ( 1)  0.337 +-  0.964
 555 I   0.87005 0.08738 0.04256 ( 1)  0.339 +-  0.970
 556 C   0.86719 0.08809 0.04472 ( 1)  0.352 +-  1.012
 557 L   0.87029 0.08731 0.04240 ( 1)  0.338 +-  0.967
 558 T   0.86721 0.08809 0.04470 ( 1)  0.352 +-  1.011
 559 S   0.86849 0.08777 0.04374 ( 1)  0.346 +-  0.993
 560 P   0.86597 0.08838 0.04565 ( 1)  0.358 +-  1.029
 561 F   0.86763 0.08799 0.04438 ( 1)  0.350 +-  1.005
 562 L   0.86750 0.08802 0.04449 ( 1)  0.351 +-  1.007
 563 D   0.87094 0.08714 0.04191 ( 1)  0.335 +-  0.958
 564 S   0.86849 0.08777 0.04374 ( 1)  0.346 +-  0.993
 565 K   0.86618 0.08833 0.04549 ( 1)  0.357 +-  1.026
 566 N   0.86733 0.08806 0.04461 ( 1)  0.351 +-  1.010
 567 D   0.86807 0.08788 0.04405 ( 1)  0.348 +-  0.999
 568 A   0.86600 0.08837 0.04563 ( 1)  0.358 +-  1.029
 569 F   0.86763 0.08799 0.04438 ( 1)  0.350 +-  1.005
 570 S   0.86980 0.08745 0.04275 ( 1)  0.340 +-  0.974
 571 S   0.86723 0.08808 0.04469 ( 1)  0.352 +-  1.011
 572 S   0.86849 0.08777 0.04374 ( 1)  0.346 +-  0.993
 573 S   0.86551 0.08848 0.04601 ( 1)  0.360 +-  1.036
 574 E   0.86957 0.08750 0.04293 ( 1)  0.341 +-  0.977
 575 T   0.86586 0.08840 0.04573 ( 1)  0.358 +-  1.031
 576 Q   0.86875 0.08771 0.04354 ( 1)  0.345 +-  0.989
 577 F   0.86763 0.08799 0.04438 ( 1)  0.350 +-  1.005
 578 D   0.86807 0.08788 0.04405 ( 1)  0.348 +-  0.999
 579 D   0.87094 0.08714 0.04191 ( 1)  0.335 +-  0.958
 580 A   0.87056 0.08723 0.04220 ( 1)  0.337 +-  0.964
 581 N   0.86733 0.08806 0.04461 ( 1)  0.351 +-  1.010
 582 A   0.86742 0.08803 0.04455 ( 1)  0.351 +-  1.008
 583 V   0.86736 0.08805 0.04460 ( 1)  0.351 +-  1.009
 584 V   0.86596 0.08838 0.04566 ( 1)  0.358 +-  1.030
 585 S   0.86980 0.08745 0.04275 ( 1)  0.340 +-  0.974
 586 V   0.86736 0.08805 0.04460 ( 1)  0.351 +-  1.009
 587 H   0.87074 0.08720 0.04206 ( 1)  0.336 +-  0.961
 588 S   0.87027 0.08732 0.04241 ( 1)  0.338 +-  0.968
 589 A   0.86742 0.08803 0.04455 ( 1)  0.351 +-  1.008
 590 V   0.86908 0.08762 0.04330 ( 1)  0.343 +-  0.985
 591 I   0.87005 0.08738 0.04256 ( 1)  0.339 +-  0.970
 592 G   0.86562 0.08846 0.04592 ( 1)  0.359 +-  1.035
 593 L   0.86787 0.08792 0.04421 ( 1)  0.349 +-  1.002
 594 F   0.86763 0.08799 0.04438 ( 1)  0.350 +-  1.005
 595 W   0.86798 0.08790 0.04412 ( 1)  0.348 +-  1.000
 596 I   0.87005 0.08738 0.04256 ( 1)  0.339 +-  0.970
 597 H   0.87074 0.08720 0.04206 ( 1)  0.336 +-  0.961
 598 L   0.87029 0.08731 0.04240 ( 1)  0.338 +-  0.967
 599 R   0.86514 0.08857 0.04629 ( 1)  0.362 +-  1.042
 600 S   0.86849 0.08777 0.04374 ( 1)  0.346 +-  0.993
 601 A   0.86742 0.08803 0.04455 ( 1)  0.351 +-  1.008
 602 E   0.86957 0.08750 0.04293 ( 1)  0.341 +-  0.977
 603 M   0.86960 0.08750 0.04290 ( 1)  0.341 +-  0.977
 604 T   0.86887 0.08768 0.04345 ( 1)  0.344 +-  0.987
 605 R   0.86586 0.08841 0.04574 ( 1)  0.358 +-  1.031
 606 R   0.86586 0.08841 0.04574 ( 1)  0.358 +-  1.031
 607 G   0.87003 0.08738 0.04259 ( 1)  0.339 +-  0.971
 608 C   0.86983 0.08744 0.04273 ( 1)  0.340 +-  0.974
 609 D   0.86807 0.08788 0.04405 ( 1)  0.348 +-  0.999
 610 P   0.87049 0.08726 0.04226 ( 1)  0.337 +-  0.965
 611 A   0.86742 0.08803 0.04455 ( 1)  0.351 +-  1.008
 612 K   0.86618 0.08833 0.04549 ( 1)  0.357 +-  1.026
 613 V   0.87045 0.08727 0.04228 ( 1)  0.337 +-  0.965
 614 K   0.86854 0.08776 0.04369 ( 1)  0.346 +-  0.992
 615 L   0.86750 0.08802 0.04449 ( 1)  0.351 +-  1.007
 616 D   0.86807 0.08788 0.04405 ( 1)  0.348 +-  0.999
 617 S   0.87027 0.08732 0.04241 ( 1)  0.338 +-  0.968
 618 R   0.86824 0.08783 0.04393 ( 1)  0.347 +-  0.997
 619 L   0.86726 0.08807 0.04467 ( 1)  0.352 +-  1.011
 620 N   0.86994 0.08741 0.04265 ( 1)  0.339 +-  0.972
 621 L   0.86750 0.08802 0.04449 ( 1)  0.351 +-  1.007
 622 E   0.86957 0.08750 0.04293 ( 1)  0.341 +-  0.977
 623 L   0.86787 0.08792 0.04421 ( 1)  0.349 +-  1.002
 624 R   0.86586 0.08841 0.04574 ( 1)  0.358 +-  1.031
 625 V   0.86908 0.08762 0.04330 ( 1)  0.343 +-  0.985
 626 Q   0.86652 0.08825 0.04523 ( 1)  0.355 +-  1.021
 627 A   0.86917 0.08760 0.04323 ( 1)  0.343 +-  0.984
 628 L   0.87029 0.08731 0.04240 ( 1)  0.338 +-  0.967
 629 S   0.86980 0.08745 0.04275 ( 1)  0.340 +-  0.974
 630 R   0.86988 0.08742 0.04270 ( 1)  0.340 +-  0.973
 631 I   0.87005 0.08738 0.04256 ( 1)  0.339 +-  0.970
 632 M   0.86960 0.08750 0.04290 ( 1)  0.341 +-  0.977
 633 D   0.86807 0.08788 0.04405 ( 1)  0.348 +-  0.999
 634 L   0.86787 0.08792 0.04421 ( 1)  0.349 +-  1.002
 635 S   0.86551 0.08848 0.04601 ( 1)  0.360 +-  1.036
 636 A   0.86600 0.08837 0.04563 ( 1)  0.358 +-  1.029
 637 V   0.86596 0.08838 0.04566 ( 1)  0.358 +-  1.030
 638 F   0.87042 0.08728 0.04229 ( 1)  0.337 +-  0.965
 639 D   0.87094 0.08714 0.04191 ( 1)  0.335 +-  0.958
 640 A   0.86600 0.08837 0.04563 ( 1)  0.358 +-  1.029
 641 L   0.86750 0.08802 0.04449 ( 1)  0.351 +-  1.007
 642 Q   0.86652 0.08825 0.04523 ( 1)  0.355 +-  1.021
 643 S   0.86980 0.08745 0.04275 ( 1)  0.340 +-  0.974
 644 V   0.86736 0.08805 0.04460 ( 1)  0.351 +-  1.009
 645 D   0.87094 0.08714 0.04191 ( 1)  0.335 +-  0.958
 646 G   0.86711 0.08811 0.04478 ( 1)  0.352 +-  1.013
 647 V   0.86908 0.08762 0.04330 ( 1)  0.343 +-  0.985
 648 H   0.87074 0.08720 0.04206 ( 1)  0.336 +-  0.961
 649 K   0.86854 0.08776 0.04369 ( 1)  0.346 +-  0.992
 650 Q   0.86875 0.08771 0.04354 ( 1)  0.345 +-  0.989
 651 N   0.86994 0.08741 0.04265 ( 1)  0.339 +-  0.972
 652 E   0.86957 0.08750 0.04293 ( 1)  0.341 +-  0.977
 653 A   0.86600 0.08837 0.04563 ( 1)  0.358 +-  1.029
 654 M   0.86960 0.08750 0.04290 ( 1)  0.341 +-  0.977
 655 I   0.86731 0.08806 0.04463 ( 1)  0.351 +-  1.010
 656 D   0.87094 0.08714 0.04191 ( 1)  0.335 +-  0.958
 657 S   0.86980 0.08745 0.04275 ( 1)  0.340 +-  0.974
 658 I   0.87005 0.08738 0.04256 ( 1)  0.339 +-  0.970
 659 V   0.86596 0.08838 0.04566 ( 1)  0.358 +-  1.030
 660 E   0.86957 0.08750 0.04293 ( 1)  0.341 +-  0.977
 661 R   0.86514 0.08857 0.04629 ( 1)  0.362 +-  1.042
 662 L   0.86787 0.08792 0.04421 ( 1)  0.349 +-  1.002
 663 S   0.86849 0.08777 0.04374 ( 1)  0.346 +-  0.993
 664 A   0.87056 0.08723 0.04220 ( 1)  0.337 +-  0.964
 665 S   0.86849 0.08777 0.04374 ( 1)  0.346 +-  0.993
 666 C   0.86719 0.08809 0.04472 ( 1)  0.352 +-  1.012
 667 S   0.86551 0.08848 0.04601 ( 1)  0.360 +-  1.036
 668 T   0.87021 0.08734 0.04246 ( 1)  0.338 +-  0.968
 669 S   0.87027 0.08732 0.04241 ( 1)  0.338 +-  0.968
 670 G   0.86711 0.08811 0.04478 ( 1)  0.352 +-  1.013
 671 L   0.86787 0.08792 0.04421 ( 1)  0.349 +-  1.002
 672 P   0.86597 0.08838 0.04565 ( 1)  0.358 +-  1.029
 673 D   0.86807 0.08788 0.04405 ( 1)  0.348 +-  0.999
 674 G   0.87003 0.08738 0.04259 ( 1)  0.339 +-  0.971
 675 F   0.87042 0.08728 0.04229 ( 1)  0.337 +-  0.965
 676 P   0.86597 0.08838 0.04565 ( 1)  0.358 +-  1.029
 677 D   0.86807 0.08788 0.04405 ( 1)  0.348 +-  0.999
 678 F   0.87042 0.08728 0.04229 ( 1)  0.337 +-  0.965
 679 S   0.86980 0.08745 0.04275 ( 1)  0.340 +-  0.974
 680 A   0.87056 0.08723 0.04220 ( 1)  0.337 +-  0.964
 681 A   0.87056 0.08723 0.04220 ( 1)  0.337 +-  0.964
 682 F   0.87042 0.08728 0.04229 ( 1)  0.337 +-  0.965
 683 N   0.86994 0.08741 0.04265 ( 1)  0.339 +-  0.972
 684 P   0.86738 0.08804 0.04458 ( 1)  0.351 +-  1.009
 685 V   0.86908 0.08762 0.04330 ( 1)  0.343 +-  0.985
 686 G   0.87003 0.08738 0.04259 ( 1)  0.339 +-  0.971
 687 H   0.86792 0.08791 0.04417 ( 1)  0.349 +-  1.001
 688 P   0.86911 0.08761 0.04328 ( 1)  0.343 +-  0.984
 689 A   0.86600 0.08837 0.04563 ( 1)  0.358 +-  1.029
 690 P   0.86597 0.08838 0.04565 ( 1)  0.358 +-  1.029
 691 D   0.86807 0.08788 0.04405 ( 1)  0.348 +-  0.999
 692 P   0.86911 0.08761 0.04328 ( 1)  0.343 +-  0.984
 693 Q   0.86875 0.08771 0.04354 ( 1)  0.345 +-  0.989
 694 R   0.86824 0.08783 0.04393 ( 1)  0.347 +-  0.997
 695 L   0.86750 0.08802 0.04449 ( 1)  0.351 +-  1.007
 696 N   0.86994 0.08741 0.04265 ( 1)  0.339 +-  0.972
 697 Q   0.86875 0.08771 0.04354 ( 1)  0.345 +-  0.989
 698 Y   0.86952 0.08752 0.04297 ( 1)  0.341 +-  0.978
 699 G   0.86873 0.08771 0.04356 ( 1)  0.345 +-  0.990
 700 A   0.87056 0.08723 0.04220 ( 1)  0.337 +-  0.964
 701 G   0.87003 0.08738 0.04259 ( 1)  0.339 +-  0.971
 702 V   0.87045 0.08727 0.04228 ( 1)  0.337 +-  0.965
 703 Y   0.86952 0.08752 0.04297 ( 1)  0.341 +-  0.978
 704 Q   0.86875 0.08771 0.04354 ( 1)  0.345 +-  0.989
 705 E   0.86957 0.08750 0.04293 ( 1)  0.341 +-  0.977
 706 V   0.86908 0.08762 0.04330 ( 1)  0.343 +-  0.985
 707 F   0.87042 0.08728 0.04229 ( 1)  0.337 +-  0.965
 708 G   0.87003 0.08738 0.04259 ( 1)  0.339 +-  0.971
 709 P   0.87049 0.08726 0.04226 ( 1)  0.337 +-  0.965
 710 A   0.86600 0.08837 0.04563 ( 1)  0.358 +-  1.029
 711 A   0.87056 0.08723 0.04220 ( 1)  0.337 +-  0.964
 712 N   0.86994 0.08741 0.04265 ( 1)  0.339 +-  0.972
 713 S   0.86725 0.08808 0.04468 ( 1)  0.352 +-  1.011
 714 G   0.86711 0.08811 0.04478 ( 1)  0.352 +-  1.013

Positively selected sites

	Prob(w>1)  mean w

    17 K      0.523         3.129 +- 3.158
    25 M      0.834         4.602 +- 2.951

