Supplemental results for CODEML (seqf: algn  treef: tree)


dN/dS (w) for site classes (K=3)

p:   1.00000  0.00000  0.00000
w:   0.00000  1.00000  1.00000

Naive Empirical Bayes (NEB) probabilities for 3 classes & postmean_w
(amino acids refer to 1st sequence: Msl.39308)

   1 M   1.00000 0.00000 -0.00000 ( 1)  0.000
   2 N   1.00000 0.00000 -0.00000 ( 1)  0.000
   3 F   1.00000 0.00000 -0.00000 ( 1)  0.000
   4 F   1.00000 0.00000 -0.00000 ( 1)  0.000
   5 S   1.00000 0.00000 -0.00000 ( 1)  0.000
   6 L   1.00000 0.00000 -0.00000 ( 1)  0.000
   7 R   1.00000 0.00000 -0.00000 ( 1)  0.000
   8 L   1.00000 0.00000 -0.00000 ( 1)  0.000
   9 L   1.00000 0.00000 -0.00000 ( 1)  0.000
  10 L   1.00000 0.00000 -0.00000 ( 1)  0.000
  11 A   1.00000 0.00000 -0.00000 ( 1)  0.000
  12 C   1.00000 0.00000 -0.00000 ( 1)  0.000
  13 C   1.00000 0.00000 -0.00000 ( 1)  0.000
  14 L   1.00000 0.00000 -0.00000 ( 1)  0.000
  15 M   1.00000 0.00000 -0.00000 ( 1)  0.000
  16 A   1.00000 0.00000 -0.00000 ( 1)  0.000
  17 A   1.00000 0.00000 -0.00000 ( 1)  0.000
  18 L   1.00000 0.00000 -0.00000 ( 1)  0.000
  19 V   1.00000 0.00000 -0.00000 ( 1)  0.000
  20 D   1.00000 0.00000 -0.00000 ( 1)  0.000
  21 C   1.00000 0.00000 -0.00000 ( 1)  0.000
  22 R   1.00000 0.00000 -0.00000 ( 1)  0.000
  23 A   1.00000 0.00000 -0.00000 ( 1)  0.000
  24 P   1.00000 0.00000 -0.00000 ( 1)  0.000
  25 F   1.00000 0.00000 -0.00000 ( 1)  0.000
  26 V   1.00000 0.00000 -0.00000 ( 1)  0.000
  27 P   1.00000 0.00000 -0.00000 ( 1)  0.000
  28 K   1.00000 0.00000 -0.00000 ( 1)  0.000
  29 L   1.00000 0.00000 -0.00000 ( 1)  0.000
  30 L   1.00000 0.00000 -0.00000 ( 1)  0.000
  31 Q   1.00000 0.00000 -0.00000 ( 1)  0.000
  32 D   1.00000 0.00000 -0.00000 ( 1)  0.000
  33 P   1.00000 0.00000 -0.00000 ( 1)  0.000
  34 D   1.00000 0.00000 -0.00000 ( 1)  0.000
  35 R   1.00000 0.00000 -0.00000 ( 1)  0.000
  36 L   1.00000 0.00000 -0.00000 ( 1)  0.000
  37 L   1.00000 0.00000 -0.00000 ( 1)  0.000
  38 S   1.00000 0.00000 -0.00000 ( 1)  0.000
  39 M   1.00000 0.00000 -0.00000 ( 1)  0.000
  40 T   1.00000 0.00000 -0.00000 ( 1)  0.000
  41 R   1.00000 0.00000 -0.00000 ( 1)  0.000
  42 Y   1.00000 0.00000 -0.00000 ( 1)  0.000
  43 E   1.00000 0.00000 -0.00000 ( 1)  0.000
  44 A   1.00000 0.00000 -0.00000 ( 1)  0.000
  45 M   1.00000 0.00000 -0.00000 ( 1)  0.000
  46 I   1.00000 0.00000 -0.00000 ( 1)  0.000
  47 A   1.00000 0.00000 -0.00000 ( 1)  0.000
  48 I   1.00000 0.00000 -0.00000 ( 1)  0.000
  49 M   1.00000 0.00000 -0.00000 ( 1)  0.000
  50 S   1.00000 0.00000 -0.00000 ( 1)  0.000
  51 E   1.00000 0.00000 -0.00000 ( 1)  0.000
  52 V   1.00000 0.00000 -0.00000 ( 1)  0.000
  53 C   1.00000 0.00000 -0.00000 ( 1)  0.000
  54 E   1.00000 0.00000 -0.00000 ( 1)  0.000
  55 D   1.00000 0.00000 -0.00000 ( 1)  0.000
  56 S   1.00000 0.00000 -0.00000 ( 1)  0.000
  57 C   1.00000 0.00000 -0.00000 ( 1)  0.000
  58 R   1.00000 0.00000 -0.00000 ( 1)  0.000
  59 Y   1.00000 0.00000 -0.00000 ( 1)  0.000
  60 S   1.00000 0.00000 -0.00000 ( 1)  0.000
  61 H   1.00000 0.00000 -0.00000 ( 1)  0.000
  62 P   1.00000 0.00000 -0.00000 ( 1)  0.000
  63 G   1.00000 0.00000 -0.00000 ( 1)  0.000
  64 V   1.00000 0.00000 -0.00000 ( 1)  0.000
  65 P   1.00000 0.00000 -0.00000 ( 1)  0.000
  66 E   1.00000 0.00000 -0.00000 ( 1)  0.000
  67 C   1.00000 0.00000 -0.00000 ( 1)  0.000
  68 S   1.00000 0.00000 -0.00000 ( 1)  0.000
  69 G   1.00000 0.00000 -0.00000 ( 1)  0.000
  70 Y   1.00000 0.00000 -0.00000 ( 1)  0.000
  71 Y   1.00000 0.00000 -0.00000 ( 1)  0.000
  72 T   1.00000 0.00000 -0.00000 ( 1)  0.000
  73 G   1.00000 0.00000 -0.00000 ( 1)  0.000
  74 N   1.00000 0.00000 -0.00000 ( 1)  0.000
  75 W   1.00000 0.00000 -0.00000 ( 1)  0.000
  76 H   1.00000 0.00000 -0.00000 ( 1)  0.000
  77 M   1.00000 0.00000 -0.00000 ( 1)  0.000
  78 Y   1.00000 0.00000 -0.00000 ( 1)  0.000
  79 N   1.00000 0.00000 -0.00000 ( 1)  0.000
  80 D   1.00000 0.00000 -0.00000 ( 1)  0.000
  81 C   1.00000 0.00000 -0.00000 ( 1)  0.000
  82 V   1.00000 0.00000 -0.00000 ( 1)  0.000
  83 C   1.00000 0.00000 -0.00000 ( 1)  0.000
  84 T   1.00000 0.00000 -0.00000 ( 1)  0.000
  85 S   1.00000 0.00000 -0.00000 ( 1)  0.000
  86 C   1.00000 0.00000 -0.00000 ( 1)  0.000
  87 S   1.00000 0.00000 -0.00000 ( 1)  0.000
  88 F   1.00000 0.00000 -0.00000 ( 1)  0.000
  89 F   1.00000 0.00000 -0.00000 ( 1)  0.000
  90 G   1.00000 0.00000 -0.00000 ( 1)  0.000

Positively selected sites

	Prob(w>1)  mean w



lnL =  -355.182969

Bayes Empirical Bayes (BEB) probabilities for 3 classes (class) & postmean_w
(amino acids refer to 1st sequence: Msl.39308)

   1 M   0.79012 0.15481 0.05507 ( 1)  0.448 +-  0.867
   2 N   0.79338 0.15362 0.05300 ( 1)  0.438 +-  0.836
   3 F   0.79380 0.15294 0.05326 ( 1)  0.441 +-  0.853
   4 F   0.79380 0.15294 0.05326 ( 1)  0.441 +-  0.853
   5 S   0.79339 0.15359 0.05303 ( 1)  0.438 +-  0.837
   6 L   0.77778 0.15871 0.06351 ( 1)  0.492 +-  0.995
   7 R   0.78818 0.15557 0.05625 ( 1)  0.454 +-  0.882
   8 L   0.77778 0.15871 0.06351 ( 1)  0.492 +-  0.995
   9 L   0.77778 0.15871 0.06351 ( 1)  0.492 +-  0.995
  10 L   0.78837 0.15537 0.05627 ( 1)  0.455 +-  0.886
  11 A   0.79538 0.15282 0.05180 ( 1)  0.432 +-  0.819
  12 C   0.79342 0.15332 0.05326 ( 1)  0.440 +-  0.847
  13 C   0.78638 0.15600 0.05762 ( 1)  0.462 +-  0.907
  14 L   0.79661 0.15226 0.05113 ( 1)  0.429 +-  0.811
  15 M   0.79012 0.15481 0.05507 ( 1)  0.448 +-  0.867
  16 A   0.79538 0.15282 0.05180 ( 1)  0.432 +-  0.819
  17 A   0.79538 0.15282 0.05180 ( 1)  0.432 +-  0.819
  18 L   0.78057 0.15780 0.06163 ( 1)  0.483 +-  0.969
  19 V   0.77850 0.15858 0.06292 ( 1)  0.489 +-  0.984
  20 D   0.79314 0.15358 0.05328 ( 1)  0.440 +-  0.843
  21 C   0.79342 0.15332 0.05326 ( 1)  0.440 +-  0.847
  22 R   0.78748 0.15580 0.05671 ( 1)  0.456 +-  0.889
  23 A   0.79538 0.15282 0.05180 ( 1)  0.432 +-  0.819
  24 P   0.78899 0.15537 0.05564 ( 1)  0.451 +-  0.870
  25 F   0.77860 0.15854 0.06286 ( 1)  0.488 +-  0.983
  26 V   0.78800 0.15546 0.05654 ( 1)  0.456 +-  0.891
  27 P   0.77507 0.15951 0.06542 ( 1)  0.502 +-  1.023
  28 K   0.78746 0.15583 0.05671 ( 1)  0.456 +-  0.889
  29 L   0.78057 0.15780 0.06163 ( 1)  0.483 +-  0.969
  30 L   0.79661 0.15226 0.05113 ( 1)  0.429 +-  0.811
  31 Q   0.77308 0.15998 0.06694 ( 1)  0.511 +-  1.047
  32 D   0.77814 0.15870 0.06316 ( 1)  0.490 +-  0.987
  33 P   0.78899 0.15537 0.05564 ( 1)  0.451 +-  0.870
  34 D   0.79314 0.15358 0.05328 ( 1)  0.440 +-  0.843
  35 R   0.79448 0.15325 0.05227 ( 1)  0.434 +-  0.824
  36 L   0.78057 0.15780 0.06163 ( 1)  0.483 +-  0.969
  37 L   0.77926 0.15840 0.06234 ( 1)  0.486 +-  0.974
  38 S   0.77925 0.15840 0.06235 ( 1)  0.486 +-  0.975
  39 M   0.79012 0.15481 0.05507 ( 1)  0.448 +-  0.867
  40 T   0.79500 0.15309 0.05192 ( 1)  0.433 +-  0.817
  41 R   0.77480 0.15957 0.06563 ( 1)  0.503 +-  1.026
  42 Y   0.79371 0.15325 0.05304 ( 1)  0.439 +-  0.843
  43 E   0.78735 0.15580 0.05685 ( 1)  0.457 +-  0.893
  44 A   0.79538 0.15282 0.05180 ( 1)  0.432 +-  0.819
  45 M   0.79012 0.15481 0.05507 ( 1)  0.448 +-  0.867
  46 I   0.78480 0.15688 0.05832 ( 1)  0.464 +-  0.908
  47 A   0.78899 0.15529 0.05572 ( 1)  0.451 +-  0.874
  48 I   0.79496 0.15281 0.05223 ( 1)  0.435 +-  0.830
  49 M   0.79012 0.15481 0.05507 ( 1)  0.448 +-  0.867
  50 S   0.77816 0.15870 0.06314 ( 1)  0.490 +-  0.987
  51 E   0.78735 0.15580 0.05685 ( 1)  0.457 +-  0.893
  52 V   0.78800 0.15546 0.05654 ( 1)  0.456 +-  0.891
  53 C   0.79342 0.15332 0.05326 ( 1)  0.440 +-  0.847
  54 E   0.78735 0.15580 0.05685 ( 1)  0.457 +-  0.893
  55 D   0.79314 0.15358 0.05328 ( 1)  0.440 +-  0.843
  56 S   0.78984 0.15491 0.05525 ( 1)  0.449 +-  0.870
  57 C   0.79342 0.15332 0.05326 ( 1)  0.440 +-  0.847
  58 R   0.79448 0.15325 0.05227 ( 1)  0.434 +-  0.824
  59 Y   0.77839 0.15862 0.06298 ( 1)  0.489 +-  0.985
  60 S   0.78984 0.15491 0.05525 ( 1)  0.449 +-  0.870
  61 H   0.79436 0.15332 0.05232 ( 1)  0.435 +-  0.823
  62 P   0.79556 0.15294 0.05150 ( 1)  0.430 +-  0.809
  63 G   0.79296 0.15361 0.05343 ( 1)  0.441 +-  0.846
  64 V   0.77498 0.15952 0.06549 ( 1)  0.503 +-  1.024
  65 P   0.79556 0.15294 0.05150 ( 1)  0.430 +-  0.809
  66 E   0.78735 0.15580 0.05685 ( 1)  0.457 +-  0.893
  67 C   0.79342 0.15332 0.05326 ( 1)  0.440 +-  0.847
  68 S   0.78984 0.15491 0.05525 ( 1)  0.449 +-  0.870
  69 G   0.79296 0.15361 0.05343 ( 1)  0.441 +-  0.846
  70 Y   0.79371 0.15325 0.05304 ( 1)  0.439 +-  0.843
  71 Y   0.79371 0.15325 0.05304 ( 1)  0.439 +-  0.843
  72 T   0.78864 0.15548 0.05589 ( 1)  0.452 +-  0.875
  73 G   0.79296 0.15361 0.05343 ( 1)  0.441 +-  0.846
  74 N   0.79338 0.15362 0.05300 ( 1)  0.438 +-  0.836
  75 W   0.77860 0.15845 0.06295 ( 1)  0.489 +-  0.987
  76 H   0.79436 0.15332 0.05232 ( 1)  0.435 +-  0.823
  77 M   0.79012 0.15481 0.05507 ( 1)  0.448 +-  0.867
  78 Y   0.79371 0.15325 0.05304 ( 1)  0.439 +-  0.843
  79 N   0.79338 0.15362 0.05300 ( 1)  0.438 +-  0.836
  80 D   0.79314 0.15358 0.05328 ( 1)  0.440 +-  0.843
  81 C   0.79342 0.15332 0.05326 ( 1)  0.440 +-  0.847
  82 V   0.78800 0.15546 0.05654 ( 1)  0.456 +-  0.891
  83 C   0.79342 0.15332 0.05326 ( 1)  0.440 +-  0.847
  84 T   0.79500 0.15309 0.05192 ( 1)  0.433 +-  0.817
  85 S   0.79649 0.15226 0.05125 ( 1)  0.430 +-  0.815
  86 C   0.79342 0.15332 0.05326 ( 1)  0.440 +-  0.847
  87 S   0.79339 0.15359 0.05303 ( 1)  0.438 +-  0.837
  88 F   0.77860 0.15854 0.06286 ( 1)  0.488 +-  0.983
  89 F   0.77860 0.15854 0.06286 ( 1)  0.488 +-  0.983
  90 G   0.77810 0.15871 0.06320 ( 1)  0.490 +-  0.988

Positively selected sites

	Prob(w>1)  mean w


