Supplemental results for CODEML (seqf: algn  treef: tree)


dN/dS (w) for site classes (K=9)

p:   0.12500  0.12500  0.12500  0.12500  0.12500  0.12500  0.12500  0.12500  0.00001
w:   0.01857  0.02694  0.03321  0.03910  0.04529  0.05244  0.06192  0.07937  1.00000

Naive Empirical Bayes (NEB) probabilities for 9 classes & postmean_w
(amino acids refer to 1st sequence: Msl.10934)

   1 M   0.12566 0.12545 0.12529 0.12514 0.12498 0.12480 0.12456 0.12412 0.00001 ( 1)  0.045
   2 C   0.12522 0.12515 0.12510 0.12505 0.12499 0.12493 0.12485 0.12470 0.00001 ( 1)  0.045
   3 N   0.12546 0.12531 0.12520 0.12510 0.12499 0.12486 0.12469 0.12438 0.00001 ( 1)  0.045
   4 V   0.12549 0.12533 0.12521 0.12510 0.12499 0.12485 0.12467 0.12434 0.00001 ( 1)  0.045
   5 E   0.12538 0.12526 0.12517 0.12508 0.12499 0.12488 0.12474 0.12449 0.00001 ( 1)  0.045
   6 I   0.12549 0.12533 0.12521 0.12510 0.12499 0.12485 0.12467 0.12434 0.00001 ( 1)  0.045
   7 K   0.12533 0.12522 0.12514 0.12507 0.12499 0.12490 0.12478 0.12455 0.00001 ( 1)  0.045
   8 A   0.12541 0.12528 0.12518 0.12509 0.12499 0.12487 0.12472 0.12445 0.00001 ( 1)  0.045
   9 K   0.12533 0.12522 0.12514 0.12507 0.12499 0.12490 0.12478 0.12455 0.00001 ( 1)  0.045
  10 I   0.12542 0.12528 0.12518 0.12509 0.12499 0.12487 0.12472 0.12444 0.00001 ( 1)  0.045
  11 H   0.12546 0.12531 0.12520 0.12510 0.12499 0.12486 0.12469 0.12438 0.00001 ( 1)  0.045
  12 N   0.12554 0.12537 0.12524 0.12511 0.12498 0.12484 0.12464 0.12428 0.00001 ( 1)  0.045
  13 F   0.12530 0.12520 0.12513 0.12506 0.12499 0.12491 0.12480 0.12460 0.00001 ( 1)  0.045
  14 D   0.12551 0.12535 0.12522 0.12511 0.12498 0.12484 0.12466 0.12432 0.00001 ( 1)  0.045
  15 D   0.12551 0.12535 0.12522 0.12511 0.12498 0.12484 0.12466 0.12432 0.00001 ( 1)  0.045
  16 F   0.12530 0.12520 0.12513 0.12506 0.12499 0.12491 0.12480 0.12460 0.00001 ( 1)  0.045
  17 L   0.12516 0.12511 0.12507 0.12503 0.12499 0.12495 0.12489 0.12479 0.00001 ( 1)  0.045
  18 A   0.12541 0.12528 0.12518 0.12509 0.12499 0.12487 0.12472 0.12445 0.00001 ( 1)  0.045
  19 K   0.12533 0.12522 0.12514 0.12507 0.12499 0.12490 0.12478 0.12455 0.00001 ( 1)  0.045
  20 A   0.12527 0.12519 0.12512 0.12506 0.12499 0.12492 0.12482 0.12463 0.00001 ( 1)  0.045
  21 I   0.12542 0.12528 0.12518 0.12509 0.12499 0.12487 0.12472 0.12444 0.00001 ( 1)  0.045
  22 A   0.12534 0.12523 0.12515 0.12507 0.12499 0.12490 0.12477 0.12455 0.00001 ( 1)  0.045
  23 I   0.12535 0.12524 0.12515 0.12507 0.12499 0.12489 0.12476 0.12453 0.00001 ( 1)  0.045
  24 S   0.12517 0.12512 0.12507 0.12504 0.12499 0.12495 0.12488 0.12477 0.00001 ( 1)  0.045
  25 D   0.12551 0.12535 0.12522 0.12511 0.12498 0.12484 0.12466 0.12432 0.00001 ( 1)  0.045
  26 K   0.12533 0.12522 0.12514 0.12507 0.12499 0.12490 0.12478 0.12455 0.00001 ( 1)  0.045
  27 N   0.12546 0.12531 0.12520 0.12510 0.12499 0.12486 0.12469 0.12438 0.00001 ( 1)  0.045
  28 P   0.12515 0.12510 0.12507 0.12503 0.12499 0.12495 0.12490 0.12479 0.00001 ( 1)  0.045
  29 P   0.12515 0.12510 0.12507 0.12503 0.12499 0.12495 0.12490 0.12479 0.00001 ( 1)  0.045
  30 P   0.12515 0.12510 0.12507 0.12503 0.12499 0.12495 0.12490 0.12479 0.00001 ( 1)  0.045
  31 K   0.12533 0.12522 0.12514 0.12507 0.12499 0.12490 0.12478 0.12455 0.00001 ( 1)  0.045
  32 V   0.12549 0.12533 0.12521 0.12510 0.12499 0.12485 0.12467 0.12434 0.00001 ( 1)  0.045
  33 I   0.12542 0.12528 0.12518 0.12509 0.12499 0.12487 0.12472 0.12444 0.00001 ( 1)  0.045
  34 N   0.12546 0.12531 0.12520 0.12510 0.12499 0.12486 0.12469 0.12438 0.00001 ( 1)  0.045
  35 M   0.12566 0.12545 0.12529 0.12514 0.12498 0.12480 0.12456 0.12412 0.00001 ( 1)  0.045
  36 I   0.12542 0.12528 0.12518 0.12509 0.12499 0.12487 0.12472 0.12444 0.00001 ( 1)  0.045
  37 D   0.12559 0.12540 0.12526 0.12512 0.12498 0.12482 0.12460 0.12421 0.00001 ( 1)  0.045
  38 T   0.12529 0.12520 0.12513 0.12506 0.12499 0.12491 0.12480 0.12461 0.00001 ( 1)  0.045
  39 F   0.12530 0.12520 0.12513 0.12506 0.12499 0.12491 0.12480 0.12460 0.00001 ( 1)  0.045
  40 Y   0.12534 0.12523 0.12515 0.12507 0.12499 0.12490 0.12477 0.12455 0.00001 ( 1)  0.045
  41 K   0.12559 0.12540 0.12526 0.12512 0.12498 0.12482 0.12461 0.12422 0.00001 ( 1)  0.045
  42 V   0.12549 0.12533 0.12521 0.12510 0.12499 0.12485 0.12467 0.12434 0.00001 ( 1)  0.045
  43 N   0.12554 0.12537 0.12524 0.12511 0.12498 0.12484 0.12464 0.12428 0.00001 ( 1)  0.045
  44 S   0.12517 0.12512 0.12507 0.12504 0.12499 0.12495 0.12488 0.12477 0.00001 ( 1)  0.045
  45 G   0.12541 0.12528 0.12518 0.12509 0.12499 0.12487 0.12472 0.12445 0.00001 ( 1)  0.045
  46 R   0.12525 0.12517 0.12511 0.12505 0.12499 0.12492 0.12483 0.12466 0.00001 ( 1)  0.045
  47 L   0.12535 0.12524 0.12515 0.12507 0.12499 0.12489 0.12476 0.12453 0.00001 ( 1)  0.045
  48 K   0.12559 0.12540 0.12526 0.12512 0.12498 0.12482 0.12461 0.12422 0.00001 ( 1)  0.045
  49 L   0.12535 0.12524 0.12515 0.12507 0.12499 0.12489 0.12476 0.12453 0.00001 ( 1)  0.045
  50 R   0.12531 0.12521 0.12513 0.12506 0.12499 0.12491 0.12479 0.12459 0.00001 ( 1)  0.045
  51 E   0.12538 0.12526 0.12517 0.12508 0.12499 0.12488 0.12474 0.12449 0.00001 ( 1)  0.045
  52 Y   0.12527 0.12519 0.12512 0.12506 0.12499 0.12492 0.12482 0.12463 0.00001 ( 1)  0.045
  53 P   0.12531 0.12521 0.12513 0.12506 0.12499 0.12491 0.12479 0.12459 0.00001 ( 1)  0.045
  54 G   0.12520 0.12514 0.12509 0.12504 0.12499 0.12494 0.12486 0.12473 0.00001 ( 1)  0.045
  55 H   0.12546 0.12531 0.12520 0.12510 0.12499 0.12486 0.12469 0.12438 0.00001 ( 1)  0.045
  56 E   0.12564 0.12544 0.12528 0.12513 0.12498 0.12480 0.12457 0.12414 0.00001 ( 1)  0.045
  57 E   0.12564 0.12544 0.12528 0.12513 0.12498 0.12480 0.12457 0.12414 0.00001 ( 1)  0.045
  58 A   0.12541 0.12528 0.12518 0.12509 0.12499 0.12487 0.12472 0.12445 0.00001 ( 1)  0.045
  59 R   0.12531 0.12521 0.12514 0.12506 0.12499 0.12490 0.12479 0.12458 0.00001 ( 1)  0.045
  60 V   0.12543 0.12529 0.12519 0.12509 0.12499 0.12487 0.12471 0.12442 0.00001 ( 1)  0.045
  61 S   0.12541 0.12528 0.12518 0.12509 0.12499 0.12487 0.12472 0.12445 0.00001 ( 1)  0.045
  62 E   0.12564 0.12544 0.12528 0.12513 0.12498 0.12480 0.12457 0.12414 0.00001 ( 1)  0.045
  63 L   0.12535 0.12524 0.12515 0.12507 0.12499 0.12489 0.12476 0.12453 0.00001 ( 1)  0.045
  64 V   0.12549 0.12533 0.12521 0.12510 0.12499 0.12485 0.12467 0.12434 0.00001 ( 1)  0.045
  65 H   0.12546 0.12531 0.12520 0.12510 0.12499 0.12486 0.12469 0.12438 0.00001 ( 1)  0.045
  66 Y   0.12527 0.12519 0.12512 0.12506 0.12499 0.12492 0.12482 0.12463 0.00001 ( 1)  0.045
  67 H   0.12546 0.12531 0.12520 0.12510 0.12499 0.12486 0.12469 0.12438 0.00001 ( 1)  0.045
  68 R   0.12532 0.12522 0.12514 0.12507 0.12499 0.12490 0.12478 0.12457 0.00001 ( 1)  0.045
  69 E   0.12564 0.12544 0.12528 0.12513 0.12498 0.12480 0.12457 0.12414 0.00001 ( 1)  0.045
  70 D   0.12559 0.12540 0.12526 0.12512 0.12498 0.12482 0.12460 0.12421 0.00001 ( 1)  0.045
  71 S   0.12515 0.12510 0.12507 0.12503 0.12499 0.12495 0.12490 0.12479 0.00001 ( 1)  0.045
  72 T   0.12529 0.12520 0.12513 0.12506 0.12499 0.12491 0.12480 0.12461 0.00001 ( 1)  0.045
  73 G   0.12527 0.12518 0.12512 0.12506 0.12499 0.12492 0.12482 0.12463 0.00001 ( 1)  0.045
  74 A   0.12534 0.12523 0.12515 0.12507 0.12499 0.12490 0.12477 0.12455 0.00001 ( 1)  0.045
  75 K   0.12533 0.12522 0.12514 0.12507 0.12499 0.12490 0.12478 0.12455 0.00001 ( 1)  0.045
  76 L   0.12535 0.12524 0.12515 0.12507 0.12499 0.12489 0.12476 0.12453 0.00001 ( 1)  0.045
  77 S   0.12541 0.12528 0.12518 0.12509 0.12499 0.12487 0.12472 0.12445 0.00001 ( 1)  0.045
  78 R   0.12531 0.12521 0.12513 0.12506 0.12499 0.12491 0.12479 0.12459 0.00001 ( 1)  0.045
  79 Y   0.12534 0.12523 0.12515 0.12507 0.12499 0.12490 0.12477 0.12455 0.00001 ( 1)  0.045
  80 S   0.12541 0.12528 0.12518 0.12509 0.12499 0.12487 0.12472 0.12445 0.00001 ( 1)  0.045
  81 K   0.12559 0.12540 0.12526 0.12512 0.12498 0.12482 0.12461 0.12422 0.00001 ( 1)  0.045
  82 V   0.12549 0.12533 0.12521 0.12510 0.12499 0.12485 0.12467 0.12434 0.00001 ( 1)  0.045
  83 P   0.12535 0.12524 0.12515 0.12507 0.12499 0.12489 0.12477 0.12453 0.00001 ( 1)  0.045
  84 V   0.12549 0.12533 0.12521 0.12510 0.12499 0.12485 0.12467 0.12434 0.00001 ( 1)  0.045
  85 P   0.12515 0.12510 0.12507 0.12503 0.12499 0.12495 0.12490 0.12479 0.00001 ( 1)  0.045
  86 D   0.12559 0.12540 0.12526 0.12512 0.12498 0.12482 0.12460 0.12421 0.00001 ( 1)  0.045
  87 P   0.12535 0.12524 0.12515 0.12507 0.12499 0.12489 0.12477 0.12453 0.00001 ( 1)  0.045
  88 A   0.12541 0.12528 0.12518 0.12509 0.12499 0.12487 0.12472 0.12445 0.00001 ( 1)  0.045
  89 G   0.12520 0.12514 0.12509 0.12504 0.12499 0.12494 0.12486 0.12473 0.00001 ( 1)  0.045
  90 L   0.12535 0.12524 0.12515 0.12507 0.12499 0.12489 0.12476 0.12453 0.00001 ( 1)  0.045
  91 G   0.12541 0.12528 0.12518 0.12509 0.12499 0.12487 0.12472 0.12445 0.00001 ( 1)  0.045
  92 A   0.12541 0.12528 0.12518 0.12509 0.12499 0.12487 0.12472 0.12445 0.00001 ( 1)  0.045
  93 I   0.12542 0.12528 0.12518 0.12509 0.12499 0.12487 0.12472 0.12444 0.00001 ( 1)  0.045
  94 L   0.12535 0.12524 0.12515 0.12507 0.12499 0.12489 0.12476 0.12453 0.00001 ( 1)  0.045
  95 A   0.12534 0.12523 0.12515 0.12507 0.12499 0.12490 0.12477 0.12455 0.00001 ( 1)  0.045
  96 D   0.12559 0.12540 0.12526 0.12512 0.12498 0.12482 0.12460 0.12421 0.00001 ( 1)  0.045
  97 S   0.12535 0.12523 0.12515 0.12507 0.12499 0.12489 0.12477 0.12454 0.00001 ( 1)  0.045
  98 L   0.12535 0.12524 0.12515 0.12507 0.12499 0.12489 0.12477 0.12453 0.00001 ( 1)  0.045
  99 G   0.12534 0.12523 0.12515 0.12507 0.12499 0.12490 0.12477 0.12455 0.00001 ( 1)  0.045
 100 V   0.12549 0.12533 0.12521 0.12510 0.12499 0.12485 0.12467 0.12434 0.00001 ( 1)  0.045
 101 I   0.12549 0.12533 0.12521 0.12510 0.12499 0.12485 0.12467 0.12434 0.00001 ( 1)  0.045
 102 G   0.12541 0.12528 0.12518 0.12509 0.12499 0.12487 0.12472 0.12445 0.00001 ( 1)  0.045
 103 Q   0.12547 0.12532 0.12521 0.12510 0.12499 0.12486 0.12468 0.12437 0.00001 ( 1)  0.045
 104 V   0.12522 0.12515 0.12509 0.12504 0.12499 0.12493 0.12485 0.12471 0.00001 ( 1)  0.045
 105 K   0.12559 0.12540 0.12526 0.12512 0.12498 0.12482 0.12461 0.12422 0.00001 ( 1)  0.045
 106 K   0.12533 0.12522 0.12514 0.12507 0.12499 0.12490 0.12478 0.12455 0.00001 ( 1)  0.045
 107 V   0.12549 0.12533 0.12521 0.12510 0.12499 0.12485 0.12467 0.12434 0.00001 ( 1)  0.045
 108 R   0.12531 0.12521 0.12513 0.12506 0.12499 0.12491 0.12479 0.12459 0.00001 ( 1)  0.045
 109 H   0.12540 0.12527 0.12517 0.12508 0.12499 0.12488 0.12474 0.12447 0.00001 ( 1)  0.045
 110 L   0.12525 0.12517 0.12511 0.12505 0.12499 0.12492 0.12483 0.12466 0.00001 ( 1)  0.045
 111 L   0.12535 0.12524 0.12515 0.12507 0.12499 0.12489 0.12477 0.12453 0.00001 ( 1)  0.045
 112 M   0.05232 0.07580 0.09333 0.10979 0.12703 0.14693 0.17321 0.22140 0.00019 ( 8)  0.052
 113 S   0.12521 0.12514 0.12509 0.12504 0.12499 0.12493 0.12486 0.12471 0.00001 ( 1)  0.045
 114 G   0.12534 0.12523 0.12515 0.12507 0.12499 0.12490 0.12477 0.12455 0.00001 ( 1)  0.045
 115 Q   0.12527 0.12519 0.12512 0.12506 0.12499 0.12492 0.12482 0.12463 0.00001 ( 1)  0.045
 116 T   0.12541 0.12527 0.12518 0.12508 0.12499 0.12488 0.12473 0.12446 0.00001 ( 1)  0.045
 117 R   0.12531 0.12521 0.12513 0.12506 0.12499 0.12491 0.12479 0.12459 0.00001 ( 1)  0.045
 118 I   0.12542 0.12528 0.12518 0.12509 0.12499 0.12487 0.12472 0.12444 0.00001 ( 1)  0.045
 119 H   0.12546 0.12531 0.12520 0.12510 0.12499 0.12486 0.12469 0.12438 0.00001 ( 1)  0.045
 120 V   0.12535 0.12524 0.12515 0.12507 0.12499 0.12489 0.12476 0.12453 0.00001 ( 1)  0.045
 121 D   0.12551 0.12535 0.12522 0.12511 0.12498 0.12484 0.12466 0.12432 0.00001 ( 1)  0.045
 122 R   0.12531 0.12521 0.12513 0.12506 0.12499 0.12491 0.12479 0.12459 0.00001 ( 1)  0.045
 123 V   0.12549 0.12533 0.12521 0.12510 0.12499 0.12485 0.12467 0.12434 0.00001 ( 1)  0.045
 124 H   0.12546 0.12531 0.12520 0.12510 0.12499 0.12486 0.12469 0.12438 0.00001 ( 1)  0.045
 125 N   0.12554 0.12537 0.12524 0.12511 0.12498 0.12484 0.12464 0.12428 0.00001 ( 1)  0.045
 126 L   0.12535 0.12524 0.12515 0.12507 0.12499 0.12489 0.12476 0.12453 0.00001 ( 1)  0.045
 127 G   0.12538 0.12525 0.12516 0.12508 0.12499 0.12489 0.12475 0.12450 0.00001 ( 1)  0.045
 128 D   0.12551 0.12535 0.12522 0.12511 0.12498 0.12484 0.12466 0.12432 0.00001 ( 1)  0.045
 129 F   0.12530 0.12520 0.12513 0.12506 0.12499 0.12491 0.12480 0.12460 0.00001 ( 1)  0.045
 130 M   0.12566 0.12545 0.12529 0.12514 0.12498 0.12480 0.12456 0.12412 0.00001 ( 1)  0.045
 131 E   0.12538 0.12526 0.12517 0.12508 0.12499 0.12488 0.12474 0.12449 0.00001 ( 1)  0.045
 132 L   0.12535 0.12524 0.12515 0.12507 0.12499 0.12489 0.12476 0.12453 0.00001 ( 1)  0.045
 133 E   0.12538 0.12526 0.12517 0.12508 0.12499 0.12488 0.12474 0.12449 0.00001 ( 1)  0.045
 134 V   0.12549 0.12533 0.12521 0.12510 0.12499 0.12485 0.12467 0.12434 0.00001 ( 1)  0.045
 135 M   0.12566 0.12545 0.12529 0.12514 0.12498 0.12480 0.12456 0.12412 0.00001 ( 1)  0.045
 136 L   0.12535 0.12524 0.12515 0.12507 0.12499 0.12489 0.12476 0.12453 0.00001 ( 1)  0.045
 137 T   0.12536 0.12524 0.12516 0.12507 0.12499 0.12489 0.12476 0.12452 0.00001 ( 1)  0.045
 138 D   0.12559 0.12540 0.12526 0.12512 0.12498 0.12482 0.12460 0.12421 0.00001 ( 1)  0.045
 139 S   0.12541 0.12528 0.12518 0.12509 0.12499 0.12487 0.12472 0.12445 0.00001 ( 1)  0.045
 140 D   0.12559 0.12540 0.12526 0.12512 0.12498 0.12482 0.12460 0.12421 0.00001 ( 1)  0.045
 141 S   0.12541 0.12528 0.12518 0.12509 0.12499 0.12487 0.12472 0.12445 0.00001 ( 1)  0.045
 142 V   0.12549 0.12533 0.12521 0.12510 0.12499 0.12485 0.12467 0.12434 0.00001 ( 1)  0.045
 143 E   0.12538 0.12526 0.12517 0.12508 0.12499 0.12488 0.12474 0.12449 0.00001 ( 1)  0.045
 144 A   0.12534 0.12523 0.12515 0.12507 0.12499 0.12490 0.12477 0.12455 0.00001 ( 1)  0.045
 145 G   0.12541 0.12528 0.12518 0.12509 0.12499 0.12487 0.12472 0.12445 0.00001 ( 1)  0.045
 146 Q   0.12547 0.12532 0.12521 0.12510 0.12499 0.12486 0.12468 0.12437 0.00001 ( 1)  0.045
 147 M   0.12566 0.12545 0.12529 0.12514 0.12498 0.12480 0.12456 0.12412 0.00001 ( 1)  0.045
 148 I   0.12549 0.12533 0.12521 0.12510 0.12499 0.12485 0.12467 0.12434 0.00001 ( 1)  0.045
 149 A   0.12534 0.12523 0.12515 0.12507 0.12499 0.12490 0.12477 0.12455 0.00001 ( 1)  0.045
 150 Q   0.12547 0.12532 0.12521 0.12510 0.12499 0.12486 0.12468 0.12437 0.00001 ( 1)  0.045
 151 Q   0.12527 0.12519 0.12512 0.12506 0.12499 0.12492 0.12482 0.12463 0.00001 ( 1)  0.045
 152 L   0.12535 0.12524 0.12515 0.12507 0.12499 0.12489 0.12476 0.12453 0.00001 ( 1)  0.045
 153 M   0.12566 0.12545 0.12529 0.12514 0.12498 0.12480 0.12456 0.12412 0.00001 ( 1)  0.045
 154 K   0.12559 0.12540 0.12526 0.12512 0.12498 0.12482 0.12461 0.12422 0.00001 ( 1)  0.045
 155 Q   0.12547 0.12532 0.12521 0.12510 0.12499 0.12486 0.12468 0.12437 0.00001 ( 1)  0.045
 156 L   0.12535 0.12524 0.12515 0.12507 0.12499 0.12489 0.12476 0.12453 0.00001 ( 1)  0.045
 157 G   0.12541 0.12528 0.12518 0.12509 0.12499 0.12487 0.12472 0.12445 0.00001 ( 1)  0.045
 158 V   0.12549 0.12533 0.12521 0.12510 0.12499 0.12485 0.12467 0.12434 0.00001 ( 1)  0.045
 159 A   0.12547 0.12532 0.12520 0.12510 0.12499 0.12486 0.12469 0.12437 0.00001 ( 1)  0.045
 160 E   0.12564 0.12544 0.12528 0.12513 0.12498 0.12480 0.12457 0.12414 0.00001 ( 1)  0.045
 161 A   0.12534 0.12523 0.12515 0.12507 0.12499 0.12490 0.12477 0.12455 0.00001 ( 1)  0.045
 162 D   0.12559 0.12540 0.12526 0.12512 0.12498 0.12482 0.12460 0.12421 0.00001 ( 1)  0.045
 163 L   0.12535 0.12524 0.12515 0.12507 0.12499 0.12489 0.12476 0.12453 0.00001 ( 1)  0.045
 164 L   0.12525 0.12517 0.12511 0.12505 0.12499 0.12492 0.12483 0.12466 0.00001 ( 1)  0.045
 165 A   0.12534 0.12523 0.12515 0.12507 0.12499 0.12490 0.12477 0.12455 0.00001 ( 1)  0.045
 166 G   0.12534 0.12523 0.12515 0.12507 0.12499 0.12490 0.12477 0.12455 0.00001 ( 1)  0.045
 167 A   0.12541 0.12528 0.12518 0.12509 0.12499 0.12487 0.12472 0.12445 0.00001 ( 1)  0.045
 168 Y   0.12534 0.12523 0.12515 0.12507 0.12499 0.12490 0.12477 0.12455 0.00001 ( 1)  0.045
 169 M   0.12566 0.12545 0.12529 0.12514 0.12498 0.12480 0.12456 0.12412 0.00001 ( 1)  0.045
 170 D   0.12551 0.12535 0.12522 0.12511 0.12498 0.12484 0.12466 0.12432 0.00001 ( 1)  0.045
 171 M   0.12566 0.12545 0.12529 0.12514 0.12498 0.12480 0.12456 0.12412 0.00001 ( 1)  0.045
 172 L   0.12535 0.12524 0.12515 0.12507 0.12499 0.12489 0.12476 0.12453 0.00001 ( 1)  0.045
 173 L   0.12525 0.12517 0.12511 0.12505 0.12499 0.12492 0.12483 0.12466 0.00001 ( 1)  0.045
 174 E   0.12564 0.12544 0.12528 0.12513 0.12498 0.12480 0.12457 0.12414 0.00001 ( 1)  0.045
 175 L   0.12535 0.12524 0.12515 0.12507 0.12499 0.12489 0.12476 0.12453 0.00001 ( 1)  0.045
 176 N   0.12546 0.12531 0.12520 0.12510 0.12499 0.12486 0.12469 0.12438 0.00001 ( 1)  0.045
 177 S   0.12535 0.12523 0.12515 0.12507 0.12499 0.12489 0.12477 0.12454 0.00001 ( 1)  0.045
 178 G   0.12541 0.12528 0.12518 0.12509 0.12499 0.12487 0.12472 0.12445 0.00001 ( 1)  0.045

Positively selected sites

	Prob(w>1)  mean w



lnL =  -748.140360

Bayes Empirical Bayes (BEB) probabilities for 11 classes (class) & postmean_w
(amino acids refer to 1st sequence: Msl.10934)

   1 M   0.73170 0.07123 0.04391 0.03126 0.02365 0.01842 0.01452 0.01144 0.00892 0.00795 0.03699 ( 1)  0.206 +-  0.503
   2 C   0.71679 0.07044 0.04396 0.03170 0.02428 0.01915 0.01529 0.01220 0.00963 0.00868 0.04787 ( 1)  0.243 +-  0.625
   3 N   0.72548 0.07092 0.04396 0.03148 0.02395 0.01876 0.01487 0.01178 0.00924 0.00827 0.04131 ( 1)  0.220 +-  0.549
   4 V   0.72603 0.07093 0.04393 0.03144 0.02390 0.01871 0.01482 0.01173 0.00920 0.00823 0.04107 ( 1)  0.220 +-  0.551
   5 E   0.72269 0.07077 0.04397 0.03156 0.02406 0.01889 0.01501 0.01192 0.00937 0.00841 0.04334 ( 1)  0.227 +-  0.572
   6 I   0.72642 0.07097 0.04395 0.03144 0.02390 0.01871 0.01481 0.01173 0.00919 0.00822 0.04067 ( 1)  0.218 +-  0.543
   7 K   0.72094 0.07068 0.04397 0.03160 0.02414 0.01898 0.01510 0.01201 0.00945 0.00849 0.04466 ( 1)  0.231 +-  0.587
   8 A   0.72375 0.07083 0.04396 0.03153 0.02402 0.01884 0.01496 0.01187 0.00932 0.00835 0.04257 ( 1)  0.224 +-  0.564
   9 K   0.72094 0.07068 0.04397 0.03160 0.02414 0.01898 0.01510 0.01201 0.00945 0.00849 0.04466 ( 1)  0.231 +-  0.587
  10 I   0.72385 0.07083 0.04396 0.03152 0.02401 0.01883 0.01495 0.01186 0.00931 0.00835 0.04251 ( 1)  0.224 +-  0.564
  11 H   0.72538 0.07092 0.04396 0.03148 0.02395 0.01876 0.01487 0.01178 0.00924 0.00827 0.04138 ( 1)  0.220 +-  0.550
  12 N   0.72802 0.07105 0.04394 0.03139 0.02383 0.01862 0.01473 0.01164 0.00911 0.00814 0.03952 ( 1)  0.214 +-  0.530
  13 F   0.71979 0.07061 0.04397 0.03164 0.02418 0.01903 0.01515 0.01206 0.00951 0.00855 0.04551 ( 1)  0.234 +-  0.596
  14 D   0.72701 0.07100 0.04394 0.03142 0.02387 0.01867 0.01478 0.01169 0.00916 0.00819 0.04026 ( 1)  0.217 +-  0.539
  15 D   0.72701 0.07100 0.04394 0.03142 0.02387 0.01867 0.01478 0.01169 0.00916 0.00819 0.04026 ( 1)  0.217 +-  0.539
  16 F   0.71979 0.07061 0.04397 0.03164 0.02418 0.01903 0.01515 0.01206 0.00951 0.00855 0.04551 ( 1)  0.234 +-  0.596
  17 L   0.71410 0.07027 0.04394 0.03174 0.02437 0.01926 0.01540 0.01231 0.00974 0.00879 0.05009 ( 1)  0.251 +-  0.654
  18 A   0.72375 0.07083 0.04396 0.03153 0.02402 0.01884 0.01496 0.01187 0.00932 0.00835 0.04257 ( 1)  0.224 +-  0.564
  19 K   0.72094 0.07068 0.04397 0.03160 0.02414 0.01898 0.01510 0.01201 0.00945 0.00849 0.04466 ( 1)  0.231 +-  0.587
  20 A   0.71863 0.07054 0.04396 0.03165 0.02421 0.01907 0.01520 0.01211 0.00955 0.00859 0.04651 ( 1)  0.238 +-  0.613
  21 I   0.72385 0.07083 0.04396 0.03152 0.02401 0.01883 0.01495 0.01186 0.00931 0.00835 0.04251 ( 1)  0.224 +-  0.564
  22 A   0.72105 0.07068 0.04397 0.03160 0.02413 0.01897 0.01509 0.01200 0.00945 0.00848 0.04459 ( 1)  0.231 +-  0.587
  23 I   0.72160 0.07071 0.04397 0.03159 0.02411 0.01894 0.01506 0.01197 0.00942 0.00846 0.04417 ( 1)  0.230 +-  0.582
  24 S   0.71485 0.07032 0.04395 0.03173 0.02435 0.01923 0.01537 0.01228 0.00971 0.00876 0.04945 ( 1)  0.248 +-  0.645
  25 D   0.72701 0.07100 0.04394 0.03142 0.02387 0.01867 0.01478 0.01169 0.00916 0.00819 0.04026 ( 1)  0.217 +-  0.539
  26 K   0.72094 0.07068 0.04397 0.03160 0.02414 0.01898 0.01510 0.01201 0.00945 0.00849 0.04466 ( 1)  0.231 +-  0.587
  27 N   0.72548 0.07092 0.04396 0.03148 0.02395 0.01876 0.01487 0.01178 0.00924 0.00827 0.04131 ( 1)  0.220 +-  0.549
  28 P   0.71409 0.07027 0.04394 0.03174 0.02437 0.01926 0.01540 0.01231 0.00974 0.00879 0.05008 ( 1)  0.251 +-  0.653
  29 P   0.71409 0.07027 0.04394 0.03174 0.02437 0.01926 0.01540 0.01231 0.00974 0.00879 0.05008 ( 1)  0.251 +-  0.653
  30 P   0.71409 0.07027 0.04394 0.03174 0.02437 0.01926 0.01540 0.01231 0.00974 0.00879 0.05008 ( 1)  0.251 +-  0.653
  31 K   0.72094 0.07068 0.04397 0.03160 0.02414 0.01898 0.01510 0.01201 0.00945 0.00849 0.04466 ( 1)  0.231 +-  0.587
  32 V   0.72603 0.07093 0.04393 0.03144 0.02390 0.01871 0.01482 0.01173 0.00920 0.00823 0.04107 ( 1)  0.220 +-  0.551
  33 I   0.72385 0.07083 0.04396 0.03152 0.02401 0.01883 0.01495 0.01186 0.00931 0.00835 0.04251 ( 1)  0.224 +-  0.564
  34 N   0.72548 0.07092 0.04396 0.03148 0.02395 0.01876 0.01487 0.01178 0.00924 0.00827 0.04131 ( 1)  0.220 +-  0.549
  35 M   0.73170 0.07123 0.04391 0.03126 0.02365 0.01842 0.01452 0.01144 0.00892 0.00795 0.03699 ( 1)  0.206 +-  0.503
  36 I   0.72385 0.07083 0.04396 0.03152 0.02401 0.01883 0.01495 0.01186 0.00931 0.00835 0.04251 ( 1)  0.224 +-  0.564
  37 D   0.72951 0.07112 0.04392 0.03133 0.02375 0.01853 0.01464 0.01156 0.00903 0.00806 0.03856 ( 1)  0.211 +-  0.522
  38 T   0.71927 0.07057 0.04395 0.03163 0.02418 0.01904 0.01516 0.01207 0.00952 0.00856 0.04605 ( 1)  0.237 +-  0.609
  39 F   0.71979 0.07061 0.04397 0.03164 0.02418 0.01903 0.01515 0.01206 0.00951 0.00855 0.04551 ( 1)  0.234 +-  0.596
  40 Y   0.72115 0.07069 0.04397 0.03160 0.02413 0.01897 0.01509 0.01200 0.00945 0.00848 0.04447 ( 1)  0.231 +-  0.584
  41 K   0.72939 0.07112 0.04393 0.03134 0.02376 0.01855 0.01465 0.01157 0.00904 0.00807 0.03858 ( 1)  0.211 +-  0.520
  42 V   0.72603 0.07093 0.04393 0.03144 0.02390 0.01871 0.01482 0.01173 0.00920 0.00823 0.04107 ( 1)  0.220 +-  0.551
  43 N   0.72802 0.07105 0.04394 0.03139 0.02383 0.01862 0.01473 0.01164 0.00911 0.00814 0.03952 ( 1)  0.214 +-  0.530
  44 S   0.71485 0.07032 0.04395 0.03173 0.02435 0.01923 0.01537 0.01228 0.00971 0.00876 0.04945 ( 1)  0.248 +-  0.645
  45 G   0.72383 0.07083 0.04396 0.03153 0.02402 0.01884 0.01495 0.01186 0.00932 0.00835 0.04250 ( 1)  0.224 +-  0.563
  46 R   0.71791 0.07050 0.04396 0.03167 0.02424 0.01911 0.01524 0.01215 0.00959 0.00863 0.04701 ( 1)  0.240 +-  0.615
  47 L   0.72151 0.07070 0.04396 0.03158 0.02410 0.01894 0.01506 0.01197 0.00942 0.00846 0.04428 ( 1)  0.230 +-  0.585
  48 K   0.72939 0.07112 0.04393 0.03134 0.02376 0.01855 0.01465 0.01157 0.00904 0.00807 0.03858 ( 1)  0.211 +-  0.520
  49 L   0.72151 0.07070 0.04396 0.03158 0.02410 0.01894 0.01506 0.01197 0.00942 0.00846 0.04428 ( 1)  0.230 +-  0.585
  50 R   0.72006 0.07063 0.04397 0.03163 0.02417 0.01901 0.01514 0.01205 0.00949 0.00853 0.04533 ( 1)  0.234 +-  0.595
  51 E   0.72269 0.07077 0.04397 0.03156 0.02406 0.01889 0.01501 0.01192 0.00937 0.00841 0.04334 ( 1)  0.227 +-  0.572
  52 Y   0.71882 0.07056 0.04397 0.03166 0.02422 0.01907 0.01520 0.01211 0.00955 0.00859 0.04627 ( 1)  0.237 +-  0.606
  53 P   0.72004 0.07062 0.04397 0.03163 0.02417 0.01902 0.01514 0.01205 0.00949 0.00853 0.04535 ( 1)  0.234 +-  0.595
  54 G   0.71603 0.07039 0.04395 0.03171 0.02431 0.01918 0.01532 0.01223 0.00966 0.00871 0.04851 ( 1)  0.245 +-  0.634
  55 H   0.72538 0.07092 0.04396 0.03148 0.02395 0.01876 0.01487 0.01178 0.00924 0.00827 0.04138 ( 1)  0.220 +-  0.550
  56 E   0.73099 0.07118 0.04390 0.03128 0.02367 0.01845 0.01455 0.01147 0.00895 0.00798 0.03758 ( 1)  0.208 +-  0.512
  57 E   0.73099 0.07118 0.04390 0.03128 0.02367 0.01845 0.01455 0.01147 0.00895 0.00798 0.03758 ( 1)  0.208 +-  0.512
  58 A   0.72375 0.07083 0.04396 0.03153 0.02402 0.01884 0.01496 0.01187 0.00932 0.00835 0.04257 ( 1)  0.224 +-  0.564
  59 R   0.72016 0.07063 0.04397 0.03162 0.02416 0.01901 0.01513 0.01204 0.00949 0.00853 0.04526 ( 1)  0.233 +-  0.595
  60 V   0.72412 0.07084 0.04395 0.03150 0.02399 0.01881 0.01492 0.01183 0.00929 0.00833 0.04243 ( 1)  0.224 +-  0.566
  61 S   0.72384 0.07084 0.04397 0.03153 0.02402 0.01884 0.01496 0.01187 0.00932 0.00835 0.04246 ( 1)  0.224 +-  0.561
  62 E   0.73099 0.07118 0.04390 0.03128 0.02367 0.01845 0.01455 0.01147 0.00895 0.00798 0.03758 ( 1)  0.208 +-  0.512
  63 L   0.72151 0.07070 0.04396 0.03158 0.02410 0.01894 0.01506 0.01197 0.00942 0.00846 0.04428 ( 1)  0.230 +-  0.585
  64 V   0.72603 0.07093 0.04393 0.03144 0.02390 0.01871 0.01482 0.01173 0.00920 0.00823 0.04107 ( 1)  0.220 +-  0.551
  65 H   0.72538 0.07092 0.04396 0.03148 0.02395 0.01876 0.01487 0.01178 0.00924 0.00827 0.04138 ( 1)  0.220 +-  0.550
  66 Y   0.71882 0.07056 0.04397 0.03166 0.02422 0.01907 0.01520 0.01211 0.00955 0.00859 0.04627 ( 1)  0.237 +-  0.606
  67 H   0.72538 0.07092 0.04396 0.03148 0.02395 0.01876 0.01487 0.01178 0.00924 0.00827 0.04138 ( 1)  0.220 +-  0.550
  68 R   0.71919 0.07052 0.04389 0.03156 0.02411 0.01897 0.01511 0.01202 0.00948 0.00852 0.04663 ( 1)  0.240 +-  0.629
  69 E   0.73099 0.07118 0.04390 0.03128 0.02367 0.01845 0.01455 0.01147 0.00895 0.00798 0.03758 ( 1)  0.208 +-  0.512
  70 D   0.72951 0.07112 0.04392 0.03133 0.02375 0.01853 0.01464 0.01156 0.00903 0.00806 0.03856 ( 1)  0.211 +-  0.522
  71 S   0.71397 0.07026 0.04394 0.03175 0.02437 0.01926 0.01541 0.01232 0.00975 0.00880 0.05018 ( 1)  0.251 +-  0.655
  72 T   0.71941 0.07059 0.04397 0.03164 0.02419 0.01904 0.01517 0.01208 0.00952 0.00856 0.04584 ( 1)  0.235 +-  0.601
  73 G   0.71842 0.07052 0.04395 0.03164 0.02421 0.01907 0.01520 0.01211 0.00955 0.00859 0.04675 ( 1)  0.240 +-  0.620
  74 A   0.72105 0.07068 0.04397 0.03160 0.02413 0.01897 0.01509 0.01200 0.00945 0.00848 0.04459 ( 1)  0.231 +-  0.587
  75 K   0.72094 0.07068 0.04397 0.03160 0.02414 0.01898 0.01510 0.01201 0.00945 0.00849 0.04466 ( 1)  0.231 +-  0.587
  76 L   0.72151 0.07070 0.04396 0.03158 0.02410 0.01894 0.01506 0.01197 0.00942 0.00846 0.04428 ( 1)  0.230 +-  0.585
  77 S   0.72384 0.07084 0.04397 0.03153 0.02402 0.01884 0.01496 0.01187 0.00932 0.00835 0.04246 ( 1)  0.224 +-  0.561
  78 R   0.72006 0.07063 0.04397 0.03163 0.02417 0.01901 0.01514 0.01205 0.00949 0.00853 0.04533 ( 1)  0.234 +-  0.595
  79 Y   0.72115 0.07069 0.04397 0.03160 0.02413 0.01897 0.01509 0.01200 0.00945 0.00848 0.04447 ( 1)  0.231 +-  0.584
  80 S   0.72384 0.07084 0.04397 0.03153 0.02402 0.01884 0.01496 0.01187 0.00932 0.00835 0.04246 ( 1)  0.224 +-  0.561
  81 K   0.72939 0.07112 0.04393 0.03134 0.02376 0.01855 0.01465 0.01157 0.00904 0.00807 0.03858 ( 1)  0.211 +-  0.520
  82 V   0.72603 0.07093 0.04393 0.03144 0.02390 0.01871 0.01482 0.01173 0.00920 0.00823 0.04107 ( 1)  0.220 +-  0.551
  83 P   0.72157 0.07071 0.04397 0.03159 0.02411 0.01895 0.01507 0.01198 0.00942 0.00846 0.04418 ( 1)  0.230 +-  0.582
  84 V   0.72603 0.07093 0.04393 0.03144 0.02390 0.01871 0.01482 0.01173 0.00920 0.00823 0.04107 ( 1)  0.220 +-  0.551
  85 P   0.71409 0.07027 0.04394 0.03174 0.02437 0.01926 0.01540 0.01231 0.00974 0.00879 0.05008 ( 1)  0.251 +-  0.653
  86 D   0.72951 0.07112 0.04392 0.03133 0.02375 0.01853 0.01464 0.01156 0.00903 0.00806 0.03856 ( 1)  0.211 +-  0.522
  87 P   0.72157 0.07071 0.04397 0.03159 0.02411 0.01895 0.01507 0.01198 0.00942 0.00846 0.04418 ( 1)  0.230 +-  0.582
  88 A   0.72375 0.07083 0.04396 0.03153 0.02402 0.01884 0.01496 0.01187 0.00932 0.00835 0.04257 ( 1)  0.224 +-  0.564
  89 G   0.71603 0.07039 0.04395 0.03171 0.02431 0.01918 0.01532 0.01223 0.00966 0.00871 0.04851 ( 1)  0.245 +-  0.634
  90 L   0.72151 0.07070 0.04396 0.03158 0.02410 0.01894 0.01506 0.01197 0.00942 0.00846 0.04428 ( 1)  0.230 +-  0.585
  91 G   0.72383 0.07083 0.04396 0.03153 0.02402 0.01884 0.01495 0.01186 0.00932 0.00835 0.04250 ( 1)  0.224 +-  0.563
  92 A   0.72375 0.07083 0.04396 0.03153 0.02402 0.01884 0.01496 0.01187 0.00932 0.00835 0.04257 ( 1)  0.224 +-  0.564
  93 I   0.72385 0.07083 0.04396 0.03152 0.02401 0.01883 0.01495 0.01186 0.00931 0.00835 0.04251 ( 1)  0.224 +-  0.564
  94 L   0.72151 0.07070 0.04396 0.03158 0.02410 0.01894 0.01506 0.01197 0.00942 0.00846 0.04428 ( 1)  0.230 +-  0.585
  95 A   0.72105 0.07068 0.04397 0.03160 0.02413 0.01897 0.01509 0.01200 0.00945 0.00848 0.04459 ( 1)  0.231 +-  0.587
  96 D   0.72951 0.07112 0.04392 0.03133 0.02375 0.01853 0.01464 0.01156 0.00903 0.00806 0.03856 ( 1)  0.211 +-  0.522
  97 S   0.72149 0.07071 0.04397 0.03159 0.02412 0.01895 0.01507 0.01198 0.00943 0.00847 0.04422 ( 1)  0.230 +-  0.581
  98 L   0.72144 0.07070 0.04396 0.03158 0.02411 0.01895 0.01507 0.01198 0.00943 0.00846 0.04433 ( 1)  0.230 +-  0.585
  99 G   0.72112 0.07069 0.04397 0.03160 0.02413 0.01897 0.01509 0.01200 0.00944 0.00848 0.04453 ( 1)  0.231 +-  0.586
 100 V   0.72603 0.07093 0.04393 0.03144 0.02390 0.01871 0.01482 0.01173 0.00920 0.00823 0.04107 ( 1)  0.220 +-  0.551
 101 I   0.72642 0.07097 0.04395 0.03144 0.02390 0.01871 0.01481 0.01173 0.00919 0.00822 0.04067 ( 1)  0.218 +-  0.543
 102 G   0.72383 0.07083 0.04396 0.03153 0.02402 0.01884 0.01495 0.01186 0.00932 0.00835 0.04250 ( 1)  0.224 +-  0.563
 103 Q   0.72578 0.07094 0.04396 0.03147 0.02393 0.01874 0.01485 0.01176 0.00922 0.00825 0.04110 ( 1)  0.219 +-  0.547
 104 V   0.71650 0.07041 0.04395 0.03169 0.02429 0.01916 0.01529 0.01220 0.00964 0.00869 0.04817 ( 1)  0.244 +-  0.631
 105 K   0.72939 0.07112 0.04393 0.03134 0.02376 0.01855 0.01465 0.01157 0.00904 0.00807 0.03858 ( 1)  0.211 +-  0.520
 106 K   0.72094 0.07068 0.04397 0.03160 0.02414 0.01898 0.01510 0.01201 0.00945 0.00849 0.04466 ( 1)  0.231 +-  0.587
 107 V   0.72603 0.07093 0.04393 0.03144 0.02390 0.01871 0.01482 0.01173 0.00920 0.00823 0.04107 ( 1)  0.220 +-  0.551
 108 R   0.72006 0.07063 0.04397 0.03163 0.02417 0.01901 0.01514 0.01205 0.00949 0.00853 0.04533 ( 1)  0.234 +-  0.595
 109 H   0.72315 0.07080 0.04397 0.03154 0.02405 0.01887 0.01499 0.01190 0.00935 0.00838 0.04300 ( 1)  0.226 +-  0.568
 110 L   0.71786 0.07049 0.04395 0.03166 0.02424 0.01910 0.01523 0.01214 0.00958 0.00862 0.04713 ( 1)  0.240 +-  0.620
 111 L   0.72144 0.07070 0.04396 0.03158 0.02411 0.01895 0.01507 0.01198 0.00943 0.00846 0.04433 ( 1)  0.230 +-  0.585
 112 M   0.19030 0.04987 0.05017 0.04928 0.04738 0.04466 0.04122 0.03714 0.03247 0.03090 0.42660 (11)  1.459 +-  1.797
 113 S   0.71643 0.07042 0.04396 0.03170 0.02430 0.01917 0.01530 0.01221 0.00965 0.00869 0.04816 ( 1)  0.244 +-  0.629
 114 G   0.72112 0.07069 0.04397 0.03160 0.02413 0.01897 0.01509 0.01200 0.00944 0.00848 0.04453 ( 1)  0.231 +-  0.586
 115 Q   0.71881 0.07055 0.04397 0.03165 0.02421 0.01907 0.01520 0.01211 0.00955 0.00859 0.04630 ( 1)  0.237 +-  0.607
 116 T   0.72355 0.07082 0.04397 0.03154 0.02403 0.01885 0.01497 0.01188 0.00933 0.00837 0.04269 ( 1)  0.225 +-  0.564
 117 R   0.72006 0.07063 0.04397 0.03163 0.02417 0.01901 0.01514 0.01205 0.00949 0.00853 0.04533 ( 1)  0.234 +-  0.595
 118 I   0.72385 0.07083 0.04396 0.03152 0.02401 0.01883 0.01495 0.01186 0.00931 0.00835 0.04251 ( 1)  0.224 +-  0.564
 119 H   0.72538 0.07092 0.04396 0.03148 0.02395 0.01876 0.01487 0.01178 0.00924 0.00827 0.04138 ( 1)  0.220 +-  0.550
 120 V   0.72141 0.07069 0.04395 0.03158 0.02410 0.01894 0.01506 0.01197 0.00942 0.00846 0.04441 ( 1)  0.231 +-  0.588
 121 D   0.72701 0.07100 0.04394 0.03142 0.02387 0.01867 0.01478 0.01169 0.00916 0.00819 0.04026 ( 1)  0.217 +-  0.539
 122 R   0.72006 0.07063 0.04397 0.03163 0.02417 0.01901 0.01514 0.01205 0.00949 0.00853 0.04533 ( 1)  0.234 +-  0.595
 123 V   0.72603 0.07093 0.04393 0.03144 0.02390 0.01871 0.01482 0.01173 0.00920 0.00823 0.04107 ( 1)  0.220 +-  0.551
 124 H   0.72538 0.07092 0.04396 0.03148 0.02395 0.01876 0.01487 0.01178 0.00924 0.00827 0.04138 ( 1)  0.220 +-  0.550
 125 N   0.72802 0.07105 0.04394 0.03139 0.02383 0.01862 0.01473 0.01164 0.00911 0.00814 0.03952 ( 1)  0.214 +-  0.530
 126 L   0.72151 0.07070 0.04396 0.03158 0.02410 0.01894 0.01506 0.01197 0.00942 0.00846 0.04428 ( 1)  0.230 +-  0.585
 127 G   0.72241 0.07075 0.04396 0.03156 0.02407 0.01890 0.01502 0.01193 0.00938 0.00842 0.04359 ( 1)  0.228 +-  0.577
 128 D   0.72701 0.07100 0.04394 0.03142 0.02387 0.01867 0.01478 0.01169 0.00916 0.00819 0.04026 ( 1)  0.217 +-  0.539
 129 F   0.71979 0.07061 0.04397 0.03164 0.02418 0.01903 0.01515 0.01206 0.00951 0.00855 0.04551 ( 1)  0.234 +-  0.596
 130 M   0.73170 0.07123 0.04391 0.03126 0.02365 0.01842 0.01452 0.01144 0.00892 0.00795 0.03699 ( 1)  0.206 +-  0.503
 131 E   0.72269 0.07077 0.04397 0.03156 0.02406 0.01889 0.01501 0.01192 0.00937 0.00841 0.04334 ( 1)  0.227 +-  0.572
 132 L   0.72151 0.07070 0.04396 0.03158 0.02410 0.01894 0.01506 0.01197 0.00942 0.00846 0.04428 ( 1)  0.230 +-  0.585
 133 E   0.72269 0.07077 0.04397 0.03156 0.02406 0.01889 0.01501 0.01192 0.00937 0.00841 0.04334 ( 1)  0.227 +-  0.572
 134 V   0.72603 0.07093 0.04393 0.03144 0.02390 0.01871 0.01482 0.01173 0.00920 0.00823 0.04107 ( 1)  0.220 +-  0.551
 135 M   0.73170 0.07123 0.04391 0.03126 0.02365 0.01842 0.01452 0.01144 0.00892 0.00795 0.03699 ( 1)  0.206 +-  0.503
 136 L   0.72151 0.07070 0.04396 0.03158 0.02410 0.01894 0.01506 0.01197 0.00942 0.00846 0.04428 ( 1)  0.230 +-  0.585
 137 T   0.72182 0.07073 0.04397 0.03158 0.02410 0.01893 0.01505 0.01196 0.00941 0.00845 0.04399 ( 1)  0.229 +-  0.579
 138 D   0.72951 0.07112 0.04392 0.03133 0.02375 0.01853 0.01464 0.01156 0.00903 0.00806 0.03856 ( 1)  0.211 +-  0.522
 139 S   0.72384 0.07084 0.04397 0.03153 0.02402 0.01884 0.01496 0.01187 0.00932 0.00835 0.04246 ( 1)  0.224 +-  0.561
 140 D   0.72951 0.07112 0.04392 0.03133 0.02375 0.01853 0.01464 0.01156 0.00903 0.00806 0.03856 ( 1)  0.211 +-  0.522
 141 S   0.72384 0.07084 0.04397 0.03153 0.02402 0.01884 0.01496 0.01187 0.00932 0.00835 0.04246 ( 1)  0.224 +-  0.561
 142 V   0.72603 0.07093 0.04393 0.03144 0.02390 0.01871 0.01482 0.01173 0.00920 0.00823 0.04107 ( 1)  0.220 +-  0.551
 143 E   0.72269 0.07077 0.04397 0.03156 0.02406 0.01889 0.01501 0.01192 0.00937 0.00841 0.04334 ( 1)  0.227 +-  0.572
 144 A   0.72105 0.07068 0.04397 0.03160 0.02413 0.01897 0.01509 0.01200 0.00945 0.00848 0.04459 ( 1)  0.231 +-  0.587
 145 G   0.72383 0.07083 0.04396 0.03153 0.02402 0.01884 0.01495 0.01186 0.00932 0.00835 0.04250 ( 1)  0.224 +-  0.563
 146 Q   0.72578 0.07094 0.04396 0.03147 0.02393 0.01874 0.01485 0.01176 0.00922 0.00825 0.04110 ( 1)  0.219 +-  0.547
 147 M   0.73170 0.07123 0.04391 0.03126 0.02365 0.01842 0.01452 0.01144 0.00892 0.00795 0.03699 ( 1)  0.206 +-  0.503
 148 I   0.72642 0.07097 0.04395 0.03144 0.02390 0.01871 0.01481 0.01173 0.00919 0.00822 0.04067 ( 1)  0.218 +-  0.543
 149 A   0.72105 0.07068 0.04397 0.03160 0.02413 0.01897 0.01509 0.01200 0.00945 0.00848 0.04459 ( 1)  0.231 +-  0.587
 150 Q   0.72578 0.07094 0.04396 0.03147 0.02393 0.01874 0.01485 0.01176 0.00922 0.00825 0.04110 ( 1)  0.219 +-  0.547
 151 Q   0.71881 0.07055 0.04397 0.03165 0.02421 0.01907 0.01520 0.01211 0.00955 0.00859 0.04630 ( 1)  0.237 +-  0.607
 152 L   0.72151 0.07070 0.04396 0.03158 0.02410 0.01894 0.01506 0.01197 0.00942 0.00846 0.04428 ( 1)  0.230 +-  0.585
 153 M   0.73170 0.07123 0.04391 0.03126 0.02365 0.01842 0.01452 0.01144 0.00892 0.00795 0.03699 ( 1)  0.206 +-  0.503
 154 K   0.72939 0.07112 0.04393 0.03134 0.02376 0.01855 0.01465 0.01157 0.00904 0.00807 0.03858 ( 1)  0.211 +-  0.520
 155 Q   0.72578 0.07094 0.04396 0.03147 0.02393 0.01874 0.01485 0.01176 0.00922 0.00825 0.04110 ( 1)  0.219 +-  0.547
 156 L   0.72151 0.07070 0.04396 0.03158 0.02410 0.01894 0.01506 0.01197 0.00942 0.00846 0.04428 ( 1)  0.230 +-  0.585
 157 G   0.72383 0.07083 0.04396 0.03153 0.02402 0.01884 0.01495 0.01186 0.00932 0.00835 0.04250 ( 1)  0.224 +-  0.563
 158 V   0.72603 0.07093 0.04393 0.03144 0.02390 0.01871 0.01482 0.01173 0.00920 0.00823 0.04107 ( 1)  0.220 +-  0.551
 159 A   0.72566 0.07093 0.04396 0.03147 0.02394 0.01875 0.01486 0.01177 0.00923 0.00826 0.04118 ( 1)  0.220 +-  0.548
 160 E   0.73099 0.07118 0.04390 0.03128 0.02367 0.01845 0.01455 0.01147 0.00895 0.00798 0.03758 ( 1)  0.208 +-  0.512
 161 A   0.72105 0.07068 0.04397 0.03160 0.02413 0.01897 0.01509 0.01200 0.00945 0.00848 0.04459 ( 1)  0.231 +-  0.587
 162 D   0.72951 0.07112 0.04392 0.03133 0.02375 0.01853 0.01464 0.01156 0.00903 0.00806 0.03856 ( 1)  0.211 +-  0.522
 163 L   0.72151 0.07070 0.04396 0.03158 0.02410 0.01894 0.01506 0.01197 0.00942 0.00846 0.04428 ( 1)  0.230 +-  0.585
 164 L   0.71805 0.07051 0.04396 0.03167 0.02424 0.01910 0.01523 0.01214 0.00958 0.00862 0.04688 ( 1)  0.239 +-  0.613
 165 A   0.72105 0.07068 0.04397 0.03160 0.02413 0.01897 0.01509 0.01200 0.00945 0.00848 0.04459 ( 1)  0.231 +-  0.587
 166 G   0.72112 0.07069 0.04397 0.03160 0.02413 0.01897 0.01509 0.01200 0.00944 0.00848 0.04453 ( 1)  0.231 +-  0.586
 167 A   0.72375 0.07083 0.04396 0.03153 0.02402 0.01884 0.01496 0.01187 0.00932 0.00835 0.04257 ( 1)  0.224 +-  0.564
 168 Y   0.72115 0.07069 0.04397 0.03160 0.02413 0.01897 0.01509 0.01200 0.00945 0.00848 0.04447 ( 1)  0.231 +-  0.584
 169 M   0.73170 0.07123 0.04391 0.03126 0.02365 0.01842 0.01452 0.01144 0.00892 0.00795 0.03699 ( 1)  0.206 +-  0.503
 170 D   0.72701 0.07100 0.04394 0.03142 0.02387 0.01867 0.01478 0.01169 0.00916 0.00819 0.04026 ( 1)  0.217 +-  0.539
 171 M   0.73170 0.07123 0.04391 0.03126 0.02365 0.01842 0.01452 0.01144 0.00892 0.00795 0.03699 ( 1)  0.206 +-  0.503
 172 L   0.72151 0.07070 0.04396 0.03158 0.02410 0.01894 0.01506 0.01197 0.00942 0.00846 0.04428 ( 1)  0.230 +-  0.585
 173 L   0.71805 0.07051 0.04396 0.03167 0.02424 0.01910 0.01523 0.01214 0.00958 0.00862 0.04688 ( 1)  0.239 +-  0.613
 174 E   0.73099 0.07118 0.04390 0.03128 0.02367 0.01845 0.01455 0.01147 0.00895 0.00798 0.03758 ( 1)  0.208 +-  0.512
 175 L   0.72151 0.07070 0.04396 0.03158 0.02410 0.01894 0.01506 0.01197 0.00942 0.00846 0.04428 ( 1)  0.230 +-  0.585
 176 N   0.72548 0.07092 0.04396 0.03148 0.02395 0.01876 0.01487 0.01178 0.00924 0.00827 0.04131 ( 1)  0.220 +-  0.549
 177 S   0.72149 0.07071 0.04397 0.03159 0.02412 0.01895 0.01507 0.01198 0.00943 0.00847 0.04422 ( 1)  0.230 +-  0.581
 178 G   0.72383 0.07083 0.04396 0.03153 0.02402 0.01884 0.01495 0.01186 0.00932 0.00835 0.04250 ( 1)  0.224 +-  0.563

Positively selected sites

	Prob(w>1)  mean w


