Supplemental results for CODEML (seqf: algn  treef: tree)


dN/dS (w) for site classes (K=8)

p:   0.12500  0.12500  0.12500  0.12500  0.12500  0.12500  0.12500  0.12500
w:   0.00000  0.00000  0.00000  0.00000  1.00000  1.00000  1.00000  1.00000

Naive Empirical Bayes (NEB) probabilities for 8 classes & postmean_w
(amino acids refer to 1st sequence: Msl.20938)

   1 T   0.00000 0.00000 0.00000 0.00000 0.25000 0.25000 0.25000 0.25000 ( 6)  1.000
   2 I   0.00000 0.00000 0.00000 0.00000 0.25000 0.25000 0.25000 0.25000 ( 6)  1.000
   3 T   0.16201 0.16201 0.16201 0.16201 0.08799 0.08799 0.08799 0.08799 ( 2)  0.352
   4 R   0.00000 0.00000 0.00000 0.00000 0.25000 0.25000 0.25000 0.25000 ( 6)  1.000
   5 A   0.00000 0.00000 0.00000 0.00000 0.25000 0.25000 0.25000 0.25000 ( 6)  1.000
   6 L   0.16247 0.16247 0.16247 0.16247 0.08753 0.08753 0.08753 0.08753 ( 1)  0.350
   7 F   0.00000 0.00000 0.00000 0.00000 0.25000 0.25000 0.25000 0.25000 ( 6)  1.000
   8 G   0.00000 0.00000 0.00000 0.00000 0.25000 0.25000 0.25000 0.25000 ( 6)  1.000
   9 I   0.16391 0.16391 0.16391 0.16391 0.08609 0.08609 0.08609 0.08609 ( 2)  0.344
  10 F   0.00000 0.00000 0.00000 0.00000 0.25000 0.25000 0.25000 0.25000 ( 6)  1.000
  11 V   0.20612 0.20612 0.20612 0.20612 0.04388 0.04388 0.04388 0.04388 ( 1)  0.176
  12 C   0.21022 0.21022 0.21022 0.21022 0.03978 0.03978 0.03978 0.03978 ( 2)  0.159
  13 L   0.16247 0.16247 0.16247 0.16247 0.08753 0.08753 0.08753 0.08753 ( 1)  0.350
  14 C   0.19384 0.19384 0.19384 0.19384 0.05616 0.05616 0.05616 0.05616 ( 2)  0.225
  15 L   0.16247 0.16247 0.16247 0.16247 0.08753 0.08753 0.08753 0.08753 ( 1)  0.350
  16 A   0.18651 0.18651 0.18651 0.18651 0.06349 0.06349 0.06349 0.06349 ( 1)  0.254
  17 A   0.18116 0.18116 0.18116 0.18116 0.06884 0.06884 0.06884 0.06884 ( 1)  0.275
  18 G   0.15749 0.15749 0.15749 0.15749 0.09251 0.09251 0.09251 0.09251 ( 2)  0.370
  19 C   0.19384 0.19384 0.19384 0.19384 0.05616 0.05616 0.05616 0.05616 ( 2)  0.225
  20 A   0.16205 0.16205 0.16205 0.16205 0.08795 0.08795 0.08795 0.08795 ( 1)  0.352
  21 E   0.17649 0.17649 0.17649 0.17649 0.07351 0.07351 0.07351 0.07351 ( 2)  0.294
  22 A   0.17002 0.17002 0.17002 0.17002 0.07998 0.07998 0.07998 0.07998 ( 2)  0.320
  23 F   0.00000 0.00000 0.00000 0.00000 0.25000 0.25000 0.25000 0.25000 ( 6)  1.000
  24 T   0.18648 0.18648 0.18648 0.18648 0.06352 0.06352 0.06352 0.06352 ( 2)  0.254
  25 R   0.00000 0.00000 0.00000 0.00000 0.25000 0.25000 0.25000 0.25000 ( 6)  1.000
  26 I   0.00000 0.00000 0.00000 0.00000 0.25000 0.25000 0.25000 0.25000 ( 6)  1.000
  27 G   0.19247 0.19247 0.19247 0.19247 0.05753 0.05753 0.05753 0.05753 ( 2)  0.230
  28 C   0.21022 0.21022 0.21022 0.21022 0.03978 0.03978 0.03978 0.03978 ( 2)  0.159
  29 Y   0.20683 0.20683 0.20683 0.20683 0.04317 0.04317 0.04317 0.04317 ( 2)  0.173
  30 K   0.00000 0.00000 0.00000 0.00000 0.25000 0.25000 0.25000 0.25000 ( 6)  1.000
  31 D   0.21521 0.21521 0.21521 0.21521 0.03479 0.03479 0.03479 0.03479 ( 2)  0.139
  32 K   0.19775 0.19775 0.19775 0.19775 0.05225 0.05225 0.05225 0.05225 ( 2)  0.209
  33 A   0.00000 0.00000 0.00000 0.00000 0.25000 0.25000 0.25000 0.25000 ( 6)  1.000
  34 S   0.18218 0.18218 0.18218 0.18218 0.06782 0.06782 0.06782 0.06782 ( 1)  0.271
  35 P   0.00000 0.00000 0.00000 0.00000 0.25000 0.25000 0.25000 0.25000 ( 6)  1.000
  36 R   0.17735 0.17735 0.17735 0.17735 0.07265 0.07265 0.07265 0.07265 ( 2)  0.291
  37 D   0.21521 0.21521 0.21521 0.21521 0.03479 0.03479 0.03479 0.03479 ( 2)  0.139
  38 L   0.16247 0.16247 0.16247 0.16247 0.08753 0.08753 0.08753 0.08753 ( 1)  0.350
  39 P   0.17588 0.17588 0.17588 0.17588 0.07412 0.07412 0.07412 0.07412 ( 1)  0.296
  40 L   0.00000 0.00000 0.00000 0.00000 0.25000 0.25000 0.25000 0.25000 ( 6)  1.000
  41 L   0.19557 0.19557 0.19557 0.19557 0.05443 0.05443 0.05443 0.05443 ( 2)  0.218
  42 H   0.16975 0.16975 0.16975 0.16975 0.08025 0.08025 0.08025 0.08025 ( 1)  0.321
  43 H   0.19178 0.19178 0.19178 0.19178 0.05822 0.05822 0.05822 0.05822 ( 2)  0.233
  44 S   0.15848 0.15848 0.15848 0.15848 0.09152 0.09152 0.09152 0.09152 ( 1)  0.366
  45 K   0.00000 0.00000 0.00000 0.00000 0.25000 0.25000 0.25000 0.25000 ( 6)  1.000
  46 S   0.17024 0.17024 0.17024 0.17024 0.07976 0.07976 0.07976 0.07976 ( 1)  0.319
  47 T   0.16201 0.16201 0.16201 0.16201 0.08799 0.08799 0.08799 0.08799 ( 2)  0.352
  48 T   0.18115 0.18115 0.18115 0.18115 0.06885 0.06885 0.06885 0.06885 ( 2)  0.275
  49 P   0.20019 0.20019 0.20019 0.20019 0.04981 0.04981 0.04981 0.04981 ( 1)  0.199
  50 E   0.19787 0.19787 0.19787 0.19787 0.05213 0.05213 0.05213 0.05213 ( 1)  0.209
  51 S   0.19971 0.19971 0.19971 0.19971 0.05029 0.05029 0.05029 0.05029 ( 1)  0.201
  52 C   0.21022 0.21022 0.21022 0.21022 0.03978 0.03978 0.03978 0.03978 ( 2)  0.159
  53 V   0.18033 0.18033 0.18033 0.18033 0.06967 0.06967 0.06967 0.06967 ( 1)  0.279
  54 S   0.21414 0.21414 0.21414 0.21414 0.03586 0.03586 0.03586 0.03586 ( 2)  0.143
  55 R   0.20697 0.20697 0.20697 0.20697 0.04303 0.04303 0.04303 0.04303 ( 2)  0.172
  56 C   0.21022 0.21022 0.21022 0.21022 0.03978 0.03978 0.03978 0.03978 ( 2)  0.159
  57 K   0.17631 0.17631 0.17631 0.17631 0.07369 0.07369 0.07369 0.07369 ( 2)  0.295
  58 A   0.00000 0.00000 0.00000 0.00000 0.25000 0.25000 0.25000 0.25000 ( 6)  1.000
  59 R   0.00000 0.00000 0.00000 0.00000 0.25000 0.25000 0.25000 0.25000 ( 6)  1.000
  60 K   0.00000 0.00000 0.00000 0.00000 0.25000 0.25000 0.25000 0.25000 ( 5)  1.000
  61 Y   0.20683 0.20683 0.20683 0.20683 0.04317 0.04317 0.04317 0.04317 ( 2)  0.173
  62 K   0.19775 0.19775 0.19775 0.19775 0.05225 0.05225 0.05225 0.05225 ( 2)  0.209
  63 Y   0.20683 0.20683 0.20683 0.20683 0.04317 0.04317 0.04317 0.04317 ( 2)  0.173
  64 A   0.20338 0.20338 0.20338 0.20338 0.04662 0.04662 0.04662 0.04662 ( 2)  0.186
  65 G   0.16878 0.16878 0.16878 0.16878 0.08122 0.08122 0.08122 0.08122 ( 2)  0.325
  66 L   0.17853 0.17853 0.17853 0.17853 0.07147 0.07147 0.07147 0.07147 ( 1)  0.286
  67 Q   0.16950 0.16950 0.16950 0.16950 0.08050 0.08050 0.08050 0.08050 ( 2)  0.322
  68 A   0.18651 0.18651 0.18651 0.18651 0.06349 0.06349 0.06349 0.06349 ( 1)  0.254
  69 G   0.00000 0.00000 0.00000 0.00000 0.25000 0.25000 0.25000 0.25000 ( 5)  1.000
  70 A   0.00000 0.00000 0.00000 0.00000 0.25000 0.25000 0.25000 0.25000 ( 6)  1.000
  71 W   0.18882 0.18882 0.18882 0.18882 0.06118 0.06118 0.06118 0.06118 ( 1)  0.245
  72 C   0.21022 0.21022 0.21022 0.21022 0.03978 0.03978 0.03978 0.03978 ( 2)  0.159
  73 L   0.19557 0.19557 0.19557 0.19557 0.05443 0.05443 0.05443 0.05443 ( 2)  0.218
  74 C   0.21022 0.21022 0.21022 0.21022 0.03978 0.03978 0.03978 0.03978 ( 2)  0.159
  75 G   0.20624 0.20624 0.20624 0.20624 0.04376 0.04376 0.04376 0.04376 ( 2)  0.175
  76 N   0.21523 0.21523 0.21523 0.21523 0.03477 0.03477 0.03477 0.03477 ( 1)  0.139
  77 S   0.17024 0.17024 0.17024 0.17024 0.07976 0.07976 0.07976 0.07976 ( 1)  0.319
  78 Y   0.20683 0.20683 0.20683 0.20683 0.04317 0.04317 0.04317 0.04317 ( 2)  0.173
  79 G   0.19247 0.19247 0.19247 0.19247 0.05753 0.05753 0.05753 0.05753 ( 2)  0.230
  80 R   0.00000 0.00000 0.00000 0.00000 0.25000 0.25000 0.25000 0.25000 ( 6)  1.000
  81 H   0.21102 0.21102 0.21102 0.21102 0.03898 0.03898 0.03898 0.03898 ( 2)  0.156
  82 G   0.20624 0.20624 0.20624 0.20624 0.04376 0.04376 0.04376 0.04376 ( 2)  0.175
  83 K   0.19775 0.19775 0.19775 0.19775 0.05225 0.05225 0.05225 0.05225 ( 2)  0.209
  84 A   0.17492 0.17492 0.17492 0.17492 0.07508 0.07508 0.07508 0.07508 ( 1)  0.300
  85 R   0.00000 0.00000 0.00000 0.00000 0.25000 0.25000 0.25000 0.25000 ( 5)  1.000
  86 N   0.00000 0.00000 0.00000 0.00000 0.25000 0.25000 0.25000 0.25000 ( 5)  1.000
  87 A   0.00000 0.00000 0.00000 0.00000 0.25000 0.25000 0.25000 0.25000 ( 6)  1.000
  88 D   0.19939 0.19939 0.19939 0.19939 0.05061 0.05061 0.05061 0.05061 ( 2)  0.202
  89 C   0.21022 0.21022 0.21022 0.21022 0.03978 0.03978 0.03978 0.03978 ( 2)  0.159
  90 N   0.00000 0.00000 0.00000 0.00000 0.25000 0.25000 0.25000 0.25000 ( 5)  1.000
  91 M   0.19260 0.19260 0.19260 0.19260 0.05740 0.05740 0.05740 0.05740 ( 1)  0.230
  92 R   0.00000 0.00000 0.00000 0.00000 0.25000 0.25000 0.25000 0.25000 ( 6)  1.000
  93 C   0.21022 0.21022 0.21022 0.21022 0.03978 0.03978 0.03978 0.03978 ( 2)  0.159
  94 S   0.00000 0.00000 0.00000 0.00000 0.25000 0.25000 0.25000 0.25000 ( 5)  1.000
  95 G   0.15749 0.15749 0.15749 0.15749 0.09251 0.09251 0.09251 0.09251 ( 2)  0.370
  96 N   0.00000 0.00000 0.00000 0.00000 0.25000 0.25000 0.25000 0.25000 ( 5)  1.000
  97 S   0.21414 0.21414 0.21414 0.21414 0.03586 0.03586 0.03586 0.03586 ( 2)  0.143
  98 R   0.00000 0.00000 0.00000 0.00000 0.25000 0.25000 0.25000 0.25000 ( 5)  1.000
  99 K   0.19775 0.19775 0.19775 0.19775 0.05225 0.05225 0.05225 0.05225 ( 2)  0.209
 100 T   0.20343 0.20343 0.20343 0.20343 0.04657 0.04657 0.04657 0.04657 ( 2)  0.186
 101 C   0.21022 0.21022 0.21022 0.21022 0.03978 0.03978 0.03978 0.03978 ( 2)  0.159
 102 G   0.18796 0.18796 0.18796 0.18796 0.06204 0.06204 0.06204 0.06204 ( 2)  0.248
 103 G   0.17494 0.17494 0.17494 0.17494 0.07506 0.07506 0.07506 0.07506 ( 2)  0.300
 104 P   0.00000 0.00000 0.00000 0.00000 0.25000 0.25000 0.25000 0.25000 ( 6)  1.000
 105 W   0.00000 0.00000 0.00000 0.00000 0.25000 0.25000 0.25000 0.25000 ( 6)  1.000
 106 R   0.17735 0.17735 0.17735 0.17735 0.07265 0.07265 0.07265 0.07265 ( 2)  0.291
 107 N   0.21523 0.21523 0.21523 0.21523 0.03477 0.03477 0.03477 0.03477 ( 1)  0.139
 108 D   0.00000 0.00000 0.00000 0.00000 0.25000 0.25000 0.25000 0.25000 ( 5)  1.000
 109 V   0.17144 0.17144 0.17144 0.17144 0.07856 0.07856 0.07856 0.07856 ( 1)  0.314
 110 L   0.00000 0.00000 0.00000 0.00000 0.25000 0.25000 0.25000 0.25000 ( 6)  1.000
 111 A   0.00000 0.00000 0.00000 0.00000 0.25000 0.25000 0.25000 0.25000 ( 6)  1.000
 112 T   0.16201 0.16201 0.16201 0.16201 0.08799 0.08799 0.08799 0.08799 ( 2)  0.352
 113 G   0.15749 0.15749 0.15749 0.15749 0.09251 0.09251 0.09251 0.09251 ( 2)  0.370
 114 Y   0.00000 0.00000 0.00000 0.00000 0.25000 0.25000 0.25000 0.25000 ( 6)  1.000
 115 S   0.00000 0.00000 0.00000 0.00000 0.25000 0.25000 0.25000 0.25000 ( 6)  1.000
 116 S   0.00000 0.00000 0.00000 0.00000 0.25000 0.25000 0.25000 0.25000 ( 6)  1.000
 117 R   0.00000 0.00000 0.00000 0.00000 0.25000 0.25000 0.25000 0.25000 ( 6)  1.000
 118 P   0.00000 0.00000 0.00000 0.00000 0.25000 0.25000 0.25000 0.25000 ( 6)  1.000
 119 K   0.19775 0.19775 0.19775 0.19775 0.05225 0.05225 0.05225 0.05225 ( 2)  0.209
 120 R   0.20697 0.20697 0.20697 0.20697 0.04303 0.04303 0.04303 0.04303 ( 2)  0.172
 121 I   0.00000 0.00000 0.00000 0.00000 0.25000 0.25000 0.25000 0.25000 ( 6)  1.000
 122 G   0.19247 0.19247 0.19247 0.19247 0.05753 0.05753 0.05753 0.05753 ( 2)  0.230
 123 C   0.21022 0.21022 0.21022 0.21022 0.03978 0.03978 0.03978 0.03978 ( 2)  0.159
 124 Y   0.20683 0.20683 0.20683 0.20683 0.04317 0.04317 0.04317 0.04317 ( 2)  0.173
 125 K   0.00000 0.00000 0.00000 0.00000 0.25000 0.25000 0.25000 0.25000 ( 6)  1.000
 126 D   0.21521 0.21521 0.21521 0.21521 0.03479 0.03479 0.03479 0.03479 ( 2)  0.139
 127 K   0.19775 0.19775 0.19775 0.19775 0.05225 0.05225 0.05225 0.05225 ( 2)  0.209
 128 A   0.00000 0.00000 0.00000 0.00000 0.25000 0.25000 0.25000 0.25000 ( 6)  1.000
 129 S   0.18218 0.18218 0.18218 0.18218 0.06782 0.06782 0.06782 0.06782 ( 1)  0.271
 130 P   0.00000 0.00000 0.00000 0.00000 0.25000 0.25000 0.25000 0.25000 ( 6)  1.000
 131 R   0.17735 0.17735 0.17735 0.17735 0.07265 0.07265 0.07265 0.07265 ( 2)  0.291
 132 D   0.21521 0.21521 0.21521 0.21521 0.03479 0.03479 0.03479 0.03479 ( 2)  0.139
 133 L   0.16247 0.16247 0.16247 0.16247 0.08753 0.08753 0.08753 0.08753 ( 1)  0.350
 134 P   0.17588 0.17588 0.17588 0.17588 0.07412 0.07412 0.07412 0.07412 ( 1)  0.296
 135 L   0.00000 0.00000 0.00000 0.00000 0.25000 0.25000 0.25000 0.25000 ( 6)  1.000
 136 L   0.19557 0.19557 0.19557 0.19557 0.05443 0.05443 0.05443 0.05443 ( 2)  0.218
 137 H   0.16975 0.16975 0.16975 0.16975 0.08025 0.08025 0.08025 0.08025 ( 1)  0.321
 138 H   0.19178 0.19178 0.19178 0.19178 0.05822 0.05822 0.05822 0.05822 ( 2)  0.233
 139 S   0.15848 0.15848 0.15848 0.15848 0.09152 0.09152 0.09152 0.09152 ( 1)  0.366
 140 K   0.00000 0.00000 0.00000 0.00000 0.25000 0.25000 0.25000 0.25000 ( 6)  1.000
 141 S   0.17024 0.17024 0.17024 0.17024 0.07976 0.07976 0.07976 0.07976 ( 1)  0.319
 142 T   0.16201 0.16201 0.16201 0.16201 0.08799 0.08799 0.08799 0.08799 ( 2)  0.352
 143 T   0.18115 0.18115 0.18115 0.18115 0.06885 0.06885 0.06885 0.06885 ( 2)  0.275
 144 P   0.20019 0.20019 0.20019 0.20019 0.04981 0.04981 0.04981 0.04981 ( 1)  0.199
 145 E   0.19787 0.19787 0.19787 0.19787 0.05213 0.05213 0.05213 0.05213 ( 1)  0.209
 146 S   0.19971 0.19971 0.19971 0.19971 0.05029 0.05029 0.05029 0.05029 ( 1)  0.201
 147 C   0.21022 0.21022 0.21022 0.21022 0.03978 0.03978 0.03978 0.03978 ( 2)  0.159
 148 V   0.18033 0.18033 0.18033 0.18033 0.06967 0.06967 0.06967 0.06967 ( 1)  0.279
 149 S   0.21414 0.21414 0.21414 0.21414 0.03586 0.03586 0.03586 0.03586 ( 2)  0.143
 150 R   0.20697 0.20697 0.20697 0.20697 0.04303 0.04303 0.04303 0.04303 ( 2)  0.172
 151 C   0.21022 0.21022 0.21022 0.21022 0.03978 0.03978 0.03978 0.03978 ( 2)  0.159
 152 K   0.17631 0.17631 0.17631 0.17631 0.07369 0.07369 0.07369 0.07369 ( 2)  0.295
 153 A   0.00000 0.00000 0.00000 0.00000 0.25000 0.25000 0.25000 0.25000 ( 6)  1.000
 154 R   0.00000 0.00000 0.00000 0.00000 0.25000 0.25000 0.25000 0.25000 ( 6)  1.000
 155 K   0.00000 0.00000 0.00000 0.00000 0.25000 0.25000 0.25000 0.25000 ( 5)  1.000
 156 Y   0.20683 0.20683 0.20683 0.20683 0.04317 0.04317 0.04317 0.04317 ( 2)  0.173
 157 K   0.19775 0.19775 0.19775 0.19775 0.05225 0.05225 0.05225 0.05225 ( 2)  0.209
 158 Y   0.20683 0.20683 0.20683 0.20683 0.04317 0.04317 0.04317 0.04317 ( 2)  0.173
 159 A   0.20338 0.20338 0.20338 0.20338 0.04662 0.04662 0.04662 0.04662 ( 2)  0.186
 160 G   0.16878 0.16878 0.16878 0.16878 0.08122 0.08122 0.08122 0.08122 ( 2)  0.325
 161 L   0.17853 0.17853 0.17853 0.17853 0.07147 0.07147 0.07147 0.07147 ( 1)  0.286
 162 Q   0.16950 0.16950 0.16950 0.16950 0.08050 0.08050 0.08050 0.08050 ( 2)  0.322
 163 A   0.20338 0.20338 0.20338 0.20338 0.04662 0.04662 0.04662 0.04662 ( 2)  0.186
 164 G   0.00000 0.00000 0.00000 0.00000 0.25000 0.25000 0.25000 0.25000 ( 5)  1.000
 165 A   0.00000 0.00000 0.00000 0.00000 0.25000 0.25000 0.25000 0.25000 ( 6)  1.000
 166 W   0.18882 0.18882 0.18882 0.18882 0.06118 0.06118 0.06118 0.06118 ( 1)  0.245
 167 C   0.21022 0.21022 0.21022 0.21022 0.03978 0.03978 0.03978 0.03978 ( 2)  0.159
 168 L   0.19557 0.19557 0.19557 0.19557 0.05443 0.05443 0.05443 0.05443 ( 2)  0.218
 169 C   0.21022 0.21022 0.21022 0.21022 0.03978 0.03978 0.03978 0.03978 ( 2)  0.159
 170 G   0.20624 0.20624 0.20624 0.20624 0.04376 0.04376 0.04376 0.04376 ( 2)  0.175
 171 N   0.21523 0.21523 0.21523 0.21523 0.03477 0.03477 0.03477 0.03477 ( 1)  0.139
 172 S   0.17024 0.17024 0.17024 0.17024 0.07976 0.07976 0.07976 0.07976 ( 1)  0.319
 173 Y   0.20683 0.20683 0.20683 0.20683 0.04317 0.04317 0.04317 0.04317 ( 2)  0.173
 174 G   0.19247 0.19247 0.19247 0.19247 0.05753 0.05753 0.05753 0.05753 ( 2)  0.230
 175 R   0.00000 0.00000 0.00000 0.00000 0.25000 0.25000 0.25000 0.25000 ( 6)  1.000
 176 H   0.21102 0.21102 0.21102 0.21102 0.03898 0.03898 0.03898 0.03898 ( 2)  0.156
 177 G   0.20624 0.20624 0.20624 0.20624 0.04376 0.04376 0.04376 0.04376 ( 2)  0.175
 178 K   0.19775 0.19775 0.19775 0.19775 0.05225 0.05225 0.05225 0.05225 ( 2)  0.209
 179 A   0.17492 0.17492 0.17492 0.17492 0.07508 0.07508 0.07508 0.07508 ( 1)  0.300
 180 R   0.00000 0.00000 0.00000 0.00000 0.25000 0.25000 0.25000 0.25000 ( 5)  1.000
 181 N   0.00000 0.00000 0.00000 0.00000 0.25000 0.25000 0.25000 0.25000 ( 5)  1.000
 182 A   0.00000 0.00000 0.00000 0.00000 0.25000 0.25000 0.25000 0.25000 ( 6)  1.000
 183 D   0.19939 0.19939 0.19939 0.19939 0.05061 0.05061 0.05061 0.05061 ( 2)  0.202
 184 C   0.21022 0.21022 0.21022 0.21022 0.03978 0.03978 0.03978 0.03978 ( 2)  0.159
 185 N   0.00000 0.00000 0.00000 0.00000 0.25000 0.25000 0.25000 0.25000 ( 5)  1.000
 186 M   0.19260 0.19260 0.19260 0.19260 0.05740 0.05740 0.05740 0.05740 ( 1)  0.230
 187 R   0.00000 0.00000 0.00000 0.00000 0.25000 0.25000 0.25000 0.25000 ( 6)  1.000
 188 C   0.21022 0.21022 0.21022 0.21022 0.03978 0.03978 0.03978 0.03978 ( 2)  0.159
 189 S   0.00000 0.00000 0.00000 0.00000 0.25000 0.25000 0.25000 0.25000 ( 5)  1.000
 190 G   0.15749 0.15749 0.15749 0.15749 0.09251 0.09251 0.09251 0.09251 ( 2)  0.370
 191 N   0.00000 0.00000 0.00000 0.00000 0.25000 0.25000 0.25000 0.25000 ( 5)  1.000
 192 S   0.21414 0.21414 0.21414 0.21414 0.03586 0.03586 0.03586 0.03586 ( 2)  0.143
 193 R   0.00000 0.00000 0.00000 0.00000 0.25000 0.25000 0.25000 0.25000 ( 5)  1.000
 194 K   0.19775 0.19775 0.19775 0.19775 0.05225 0.05225 0.05225 0.05225 ( 2)  0.209
 195 T   0.20343 0.20343 0.20343 0.20343 0.04657 0.04657 0.04657 0.04657 ( 2)  0.186
 196 C   0.21022 0.21022 0.21022 0.21022 0.03978 0.03978 0.03978 0.03978 ( 2)  0.159
 197 G   0.18796 0.18796 0.18796 0.18796 0.06204 0.06204 0.06204 0.06204 ( 2)  0.248
 198 G   0.17494 0.17494 0.17494 0.17494 0.07506 0.07506 0.07506 0.07506 ( 2)  0.300
 199 P   0.00000 0.00000 0.00000 0.00000 0.25000 0.25000 0.25000 0.25000 ( 6)  1.000
 200 W   0.00000 0.00000 0.00000 0.00000 0.25000 0.25000 0.25000 0.25000 ( 6)  1.000
 201 R   0.17735 0.17735 0.17735 0.17735 0.07265 0.07265 0.07265 0.07265 ( 2)  0.291
 202 N   0.21523 0.21523 0.21523 0.21523 0.03477 0.03477 0.03477 0.03477 ( 1)  0.139
 203 D   0.00000 0.00000 0.00000 0.00000 0.25000 0.25000 0.25000 0.25000 ( 5)  1.000
 204 V   0.17144 0.17144 0.17144 0.17144 0.07856 0.07856 0.07856 0.07856 ( 1)  0.314
 205 L   0.00000 0.00000 0.00000 0.00000 0.25000 0.25000 0.25000 0.25000 ( 6)  1.000
 206 A   0.00000 0.00000 0.00000 0.00000 0.25000 0.25000 0.25000 0.25000 ( 6)  1.000
 207 T   0.16201 0.16201 0.16201 0.16201 0.08799 0.08799 0.08799 0.08799 ( 2)  0.352
 208 G   0.15749 0.15749 0.15749 0.15749 0.09251 0.09251 0.09251 0.09251 ( 2)  0.370
 209 Y   0.00000 0.00000 0.00000 0.00000 0.25000 0.25000 0.25000 0.25000 ( 6)  1.000
 210 S   0.00000 0.00000 0.00000 0.00000 0.25000 0.25000 0.25000 0.25000 ( 6)  1.000
 211 S   0.00000 0.00000 0.00000 0.00000 0.25000 0.25000 0.25000 0.25000 ( 6)  1.000
 212 R   0.00000 0.00000 0.00000 0.00000 0.25000 0.25000 0.25000 0.25000 ( 6)  1.000
 213 P   0.00000 0.00000 0.00000 0.00000 0.25000 0.25000 0.25000 0.25000 ( 6)  1.000


lnL = -1320.989649

