Supplemental results for CODEML (seqf: algn  treef: tree)


dN/dS (w) for site classes (K=8)

p:   0.12500  0.12500  0.12500  0.12500  0.12500  0.12500  0.12500  0.12500
w:   0.00005  0.00071  0.00251  0.00591  0.01164  0.02112  0.03806  0.07956

Naive Empirical Bayes (NEB) probabilities for 8 classes & postmean_w
(amino acids refer to 1st sequence: Msl.3324)

   1 M   0.26670 0.24835 0.20501 0.14377 0.08151 0.03559 0.01284 0.00623 ( 1)  0.004
   2 T   0.00172 0.02373 0.07421 0.14030 0.19535 0.21411 0.19282 0.15776 ( 6)  0.028
   3 F   0.00153 0.02126 0.06751 0.13117 0.19022 0.21911 0.20473 0.16447 ( 6)  0.029
   4 A   0.22686 0.21558 0.18828 0.14753 0.10183 0.06191 0.03532 0.02269 ( 1)  0.007
   5 V   0.22493 0.21360 0.18630 0.14596 0.10140 0.06327 0.03831 0.02622 ( 1)  0.008
   6 V   0.22556 0.21409 0.18647 0.14576 0.10097 0.06286 0.03810 0.02619 ( 1)  0.008
   7 G   0.22917 0.21808 0.19103 0.15004 0.10290 0.06033 0.03108 0.01736 ( 1)  0.007
   8 F   0.23517 0.22399 0.19642 0.15386 0.10351 0.05635 0.02296 0.00774 ( 1)  0.005
   9 D   0.25281 0.23545 0.19509 0.13975 0.08569 0.04697 0.02649 0.01776 ( 1)  0.006
  10 L   0.00168 0.02320 0.07258 0.13750 0.19258 0.21385 0.19634 0.16227 ( 6)  0.028
  11 G   0.22917 0.21808 0.19103 0.15004 0.10290 0.06033 0.03108 0.01736 ( 1)  0.007
  12 F   0.00172 0.02382 0.07511 0.14382 0.20282 0.22202 0.19055 0.14014 ( 6)  0.027
  13 Q   0.00107 0.01508 0.04955 0.10226 0.16233 0.21186 0.23302 0.22482 ( 7)  0.034
  14 N   0.24680 0.23220 0.19737 0.14699 0.09319 0.04932 0.02265 0.01147 ( 1)  0.005
  15 S   0.20962 0.20261 0.18487 0.15592 0.11814 0.07670 0.03893 0.01322 ( 1)  0.007
  16 Y   0.00169 0.02350 0.07424 0.14259 0.20202 0.22254 0.19221 0.14120 ( 6)  0.027
  17 V   0.22463 0.21338 0.18623 0.14606 0.10161 0.06346 0.03841 0.02622 ( 1)  0.008
  18 A   0.22764 0.21619 0.18850 0.14730 0.10130 0.06139 0.03503 0.02265 ( 1)  0.007
  19 I   0.00169 0.02343 0.07331 0.13879 0.19378 0.21356 0.19432 0.16111 ( 6)  0.028
  20 A   0.22756 0.21613 0.18848 0.14734 0.10137 0.06145 0.03506 0.02262 ( 1)  0.007
  21 R   0.21098 0.20344 0.18451 0.15408 0.11543 0.07468 0.03954 0.01732 ( 1)  0.007
  22 S   0.00129 0.01806 0.05818 0.11604 0.17543 0.21506 0.21969 0.19624 ( 7)  0.031
  23 G   0.22806 0.21721 0.19068 0.15034 0.10366 0.06112 0.03152 0.01741 ( 1)  0.007
  24 G   0.22866 0.21769 0.19088 0.15019 0.10326 0.06069 0.03127 0.01736 ( 1)  0.007
  25 I   0.23583 0.22376 0.19444 0.15040 0.10046 0.05613 0.02625 0.01272 ( 1)  0.006
  26 E   0.24929 0.23349 0.19624 0.14368 0.08979 0.04832 0.02461 0.01458 ( 1)  0.006
  27 T   0.22261 0.21309 0.18955 0.15287 0.10863 0.06554 0.03252 0.01520 ( 1)  0.007
  28 V   0.22521 0.21383 0.18639 0.14589 0.10123 0.06309 0.03820 0.02615 ( 1)  0.008
  29 A   0.22732 0.21595 0.18842 0.14742 0.10154 0.06161 0.03513 0.02262 ( 1)  0.007
  30 N   0.24680 0.23220 0.19737 0.14699 0.09319 0.04932 0.02265 0.01147 ( 1)  0.005
  31 E   0.24934 0.23352 0.19626 0.14368 0.08977 0.04829 0.02459 0.01455 ( 1)  0.006
  32 Y   0.22624 0.21653 0.19246 0.15479 0.10899 0.06378 0.02833 0.00888 ( 1)  0.006
  33 S   0.23499 0.22386 0.19646 0.15415 0.10397 0.05666 0.02270 0.00720 ( 1)  0.005
  34 D   0.25281 0.23545 0.19509 0.13975 0.08569 0.04697 0.02649 0.01776 ( 1)  0.006
  35 R   0.21098 0.20344 0.18451 0.15408 0.11543 0.07468 0.03954 0.01732 ( 1)  0.007
  36 C   0.21672 0.20894 0.18929 0.15737 0.11609 0.07158 0.03237 0.00763 ( 1)  0.006
  37 T   0.22329 0.21364 0.18981 0.15275 0.10820 0.06502 0.03217 0.01513 ( 1)  0.007
  38 S   0.00127 0.01774 0.05726 0.11465 0.17437 0.21538 0.22159 0.19775 ( 7)  0.032
  39 S   0.21214 0.20475 0.18611 0.15586 0.11678 0.07460 0.03711 0.01265 ( 1)  0.007
  40 C   0.21847 0.21042 0.19013 0.15729 0.11512 0.07013 0.03116 0.00730 ( 1)  0.006
  41 I   0.00168 0.02319 0.07267 0.13786 0.19306 0.21361 0.19529 0.16265 ( 6)  0.028
  42 S   0.20993 0.20288 0.18504 0.15593 0.11798 0.07643 0.03868 0.01314 ( 1)  0.007
  43 F   0.23636 0.22493 0.19684 0.15360 0.10272 0.05546 0.02243 0.00766 ( 1)  0.005
  44 T   0.00119 0.01678 0.05491 0.11234 0.17546 0.22170 0.22744 0.19017 ( 7)  0.031
  45 D   0.25323 0.23575 0.19515 0.13956 0.08540 0.04675 0.02640 0.01775 ( 1)  0.006
  46 T   0.00118 0.01663 0.05446 0.11163 0.17486 0.22181 0.22852 0.19091 ( 7)  0.031
  47 M   0.00238 0.03265 0.09941 0.17846 0.22723 0.21446 0.15179 0.09361 ( 5)  0.022
  48 R   0.21184 0.20415 0.18488 0.15399 0.11492 0.07399 0.03903 0.01722 ( 1)  0.007
  49 F   0.23401 0.22304 0.19600 0.15411 0.10429 0.05723 0.02349 0.00783 ( 1)  0.006
  50 I   0.23511 0.22320 0.19421 0.15060 0.10095 0.05664 0.02654 0.01275 ( 1)  0.006
  51 G   0.22977 0.21856 0.19122 0.14989 0.10250 0.05991 0.03084 0.01732 ( 1)  0.007
  52 N   0.24677 0.23217 0.19736 0.14700 0.09320 0.04934 0.02267 0.01149 ( 1)  0.005
  53 S   0.20964 0.20263 0.18489 0.15592 0.11813 0.07668 0.03891 0.01320 ( 1)  0.007
  54 A   0.22768 0.21622 0.18852 0.14730 0.10129 0.06137 0.03501 0.02261 ( 1)  0.007
  55 R   0.00131 0.01822 0.05794 0.11332 0.16805 0.20563 0.21964 0.21589 ( 7)  0.033
  56 Q   0.23194 0.22102 0.19420 0.15304 0.10462 0.05917 0.02613 0.00989 ( 1)  0.006
  57 R   0.21177 0.20410 0.18486 0.15401 0.11497 0.07403 0.03904 0.01721 ( 1)  0.007
  58 C   0.00000 0.00033 0.00381 0.01880 0.06020 0.14678 0.29195 0.47814 ( 8)  0.053
  59 I   0.00107 0.01512 0.05014 0.10476 0.16789 0.21828 0.23259 0.21014 ( 7)  0.033
  60 T   0.22385 0.21409 0.19001 0.15263 0.10783 0.06459 0.03190 0.01510 ( 1)  0.007
  61 N   0.24751 0.23274 0.19754 0.14675 0.09270 0.04888 0.02243 0.01145 ( 1)  0.005
  62 M   0.00000 0.00057 0.00649 0.03021 0.08797 0.18640 0.30400 0.38435 ( 8)  0.047
  63 R   0.21267 0.20484 0.18525 0.15392 0.11444 0.07332 0.03850 0.01708 ( 1)  0.007
  64 D   0.25369 0.23609 0.19523 0.13937 0.08510 0.04652 0.02629 0.01772 ( 1)  0.006
  65 T   0.22258 0.21307 0.18953 0.15287 0.10864 0.06555 0.03253 0.01522 ( 1)  0.007
  66 L   0.00101 0.01438 0.04807 0.10174 0.16576 0.21925 0.23665 0.21314 ( 7)  0.033
  67 H   0.24192 0.22853 0.19627 0.14870 0.09639 0.05217 0.02422 0.01181 ( 1)  0.006
  68 A   0.00129 0.01807 0.05835 0.11676 0.17676 0.21579 0.21813 0.19485 ( 7)  0.031
  69 F   0.23636 0.22493 0.19684 0.15360 0.10272 0.05546 0.02243 0.00766 ( 1)  0.005
  70 T   0.22434 0.21449 0.19020 0.15255 0.10752 0.06420 0.03164 0.01506 ( 1)  0.007
  71 E   0.00000 0.00055 0.00628 0.02927 0.08554 0.18248 0.30192 0.39394 ( 8)  0.048
  72 F   0.23520 0.22400 0.19643 0.15386 0.10350 0.05633 0.02294 0.00773 ( 1)  0.005
  73 V   0.00133 0.01857 0.05940 0.11708 0.17430 0.21081 0.21623 0.20227 ( 7)  0.032
  74 G   0.22917 0.21808 0.19103 0.15004 0.10290 0.06033 0.03108 0.01736 ( 1)  0.007
  75 K   0.23786 0.22562 0.19589 0.15128 0.10057 0.05515 0.02398 0.00966 ( 1)  0.006
  76 D   0.00246 0.03345 0.09979 0.17350 0.21348 0.20063 0.15688 0.11981 ( 5)  0.024
  77 F   0.23517 0.22399 0.19642 0.15386 0.10351 0.05635 0.02296 0.00774 ( 1)  0.005
  78 D   0.25369 0.23609 0.19523 0.13937 0.08510 0.04652 0.02629 0.01772 ( 1)  0.006
  79 D   0.25281 0.23545 0.19509 0.13975 0.08569 0.04697 0.02649 0.01776 ( 1)  0.006
  80 P   0.21911 0.21023 0.18815 0.15337 0.11067 0.06810 0.03449 0.01587 ( 1)  0.007
  81 A   0.00127 0.01780 0.05744 0.11492 0.17456 0.21531 0.22123 0.19747 ( 7)  0.032
  82 V   0.22521 0.21383 0.18639 0.14589 0.10123 0.06309 0.03820 0.02615 ( 1)  0.008
  83 Q   0.22951 0.21905 0.19328 0.15349 0.10617 0.06102 0.02736 0.01013 ( 1)  0.006
  84 A   0.22764 0.21619 0.18850 0.14730 0.10130 0.06139 0.03503 0.02265 ( 1)  0.007
  85 E   0.25013 0.23411 0.19641 0.14337 0.08923 0.04784 0.02438 0.01453 ( 1)  0.006
  86 L   0.21096 0.20292 0.18296 0.15155 0.11295 0.07405 0.04213 0.02248 ( 1)  0.008
  87 P   0.21970 0.21072 0.18839 0.15327 0.11029 0.06763 0.03418 0.01583 ( 1)  0.007
  88 Y   0.00169 0.02350 0.07424 0.14259 0.20202 0.22254 0.19221 0.14120 ( 6)  0.027
  89 L   0.00000 0.00045 0.00515 0.02479 0.07595 0.17224 0.30487 0.41656 ( 8)  0.049
  90 P   0.21911 0.21023 0.18815 0.15337 0.11067 0.06810 0.03449 0.01587 ( 1)  0.007
  91 Y   0.22391 0.21462 0.19151 0.15513 0.11042 0.06560 0.02963 0.00918 ( 1)  0.006
  92 R   0.00000 0.00063 0.00708 0.03252 0.09290 0.19185 0.30330 0.37171 ( 8)  0.046
  93 L   0.20746 0.20002 0.18143 0.15190 0.11499 0.07683 0.04432 0.02306 ( 1)  0.008
  94 V   0.22547 0.21402 0.18645 0.14579 0.10103 0.06292 0.03812 0.02619 ( 1)  0.008
  95 K   0.23786 0.22562 0.19589 0.15128 0.10057 0.05515 0.02398 0.00966 ( 1)  0.006
  96 V   0.00135 0.01884 0.06016 0.11819 0.17513 0.21058 0.21488 0.20088 ( 7)  0.032
  97 D   0.00255 0.03467 0.10311 0.17822 0.21721 0.20095 0.15260 0.11069 ( 5)  0.023
  98 T   0.00142 0.01979 0.06284 0.12234 0.17871 0.21061 0.20979 0.19450 ( 6)  0.031
  99 G   0.22977 0.21856 0.19122 0.14989 0.10250 0.05991 0.03084 0.01732 ( 1)  0.007
 100 C   0.00122 0.01714 0.05612 0.11497 0.17962 0.22595 0.22707 0.17791 ( 7)  0.030
 101 V   0.22524 0.21385 0.18639 0.14587 0.10120 0.06307 0.03820 0.02619 ( 1)  0.008
 102 G   0.22803 0.21719 0.19067 0.15034 0.10367 0.06114 0.03154 0.01743 ( 1)  0.007
 103 F   0.23517 0.22399 0.19642 0.15386 0.10351 0.05635 0.02296 0.00774 ( 1)  0.005
 104 R   0.00131 0.01826 0.05826 0.11455 0.17066 0.20857 0.21937 0.20902 ( 7)  0.032
 105 V   0.22593 0.21437 0.18657 0.14565 0.10073 0.06263 0.03797 0.02614 ( 1)  0.008
 106 N   0.24606 0.23163 0.19719 0.14724 0.09369 0.04978 0.02289 0.01151 ( 1)  0.005
 107 Y   0.22624 0.21653 0.19246 0.15479 0.10899 0.06378 0.02833 0.00888 ( 1)  0.006
 108 L   0.21044 0.20250 0.18275 0.15162 0.11327 0.07446 0.04243 0.02254 ( 1)  0.008
 109 G   0.00000 0.00082 0.00906 0.04013 0.10852 0.20808 0.30018 0.33320 ( 8)  0.044
 110 K   0.00236 0.03223 0.09745 0.17328 0.21923 0.20936 0.15758 0.10851 ( 5)  0.023
 111 E   0.24929 0.23349 0.19624 0.14368 0.08979 0.04832 0.02461 0.01458 ( 1)  0.006
 112 C   0.00000 0.00031 0.00362 0.01809 0.05879 0.14558 0.29308 0.48052 ( 8)  0.053
 113 I   0.00160 0.02222 0.07035 0.13580 0.19450 0.21931 0.19900 0.15721 ( 6)  0.028
 114 F   0.23636 0.22493 0.19684 0.15360 0.10272 0.05546 0.02243 0.00766 ( 1)  0.005
 115 S   0.00000 0.00025 0.00304 0.01554 0.05238 0.13602 0.28962 0.50315 ( 8)  0.055
 116 A   0.22724 0.21588 0.18839 0.14743 0.10158 0.06165 0.03517 0.02265 ( 1)  0.007
 117 E   0.24934 0.23352 0.19626 0.14368 0.08977 0.04829 0.02459 0.01455 ( 1)  0.006
 118 Q   0.23074 0.22004 0.19375 0.15327 0.10539 0.06008 0.02673 0.01000 ( 1)  0.006
 119 A   0.00176 0.02424 0.07547 0.14158 0.19515 0.21195 0.19094 0.15891 ( 6)  0.028
 120 V   0.00175 0.02420 0.07537 0.14145 0.19510 0.21203 0.19109 0.15900 ( 6)  0.028
 121 A   0.22764 0.21619 0.18850 0.14730 0.10130 0.06139 0.03503 0.02265 ( 1)  0.007
 122 M   0.26670 0.24835 0.20501 0.14377 0.08151 0.03559 0.01284 0.00623 ( 1)  0.004
 123 M   0.00163 0.02260 0.07097 0.13526 0.19105 0.21423 0.19853 0.16572 ( 6)  0.028
 124 L   0.21025 0.20234 0.18266 0.15164 0.11337 0.07461 0.04256 0.02256 ( 1)  0.008
 125 G   0.00000 0.00047 0.00540 0.02587 0.07866 0.17604 0.30542 0.40814 ( 8)  0.049
 126 K   0.24054 0.22772 0.19672 0.15057 0.09878 0.05328 0.02290 0.00949 ( 1)  0.005
 127 L   0.21021 0.20230 0.18264 0.15163 0.11339 0.07464 0.04259 0.02260 ( 1)  0.008
 128 R   0.00128 0.01786 0.05693 0.11187 0.16695 0.20574 0.22113 0.21824 ( 7)  0.033
 129 S   0.00119 0.01668 0.05461 0.11189 0.17512 0.22189 0.22828 0.19034 ( 7)  0.031
 130 V   0.22532 0.21391 0.18642 0.14586 0.10116 0.06302 0.03816 0.02615 ( 1)  0.008
 131 A   0.22807 0.21653 0.18862 0.14718 0.10102 0.06110 0.03488 0.02261 ( 1)  0.007
 132 E   0.00199 0.02728 0.08381 0.15351 0.20395 0.21029 0.17756 0.14162 ( 6)  0.026
 133 S   0.00000 0.00026 0.00316 0.01611 0.05397 0.13887 0.29162 0.49602 ( 8)  0.054
 134 N   0.24680 0.23220 0.19737 0.14699 0.09319 0.04932 0.02265 0.01147 ( 1)  0.005
 135 L   0.21096 0.20292 0.18296 0.15155 0.11295 0.07405 0.04213 0.02248 ( 1)  0.008
 136 D   0.00180 0.02482 0.07698 0.14361 0.19678 0.21264 0.18980 0.15356 ( 6)  0.027
 137 A   0.00174 0.02406 0.07508 0.14145 0.19596 0.21351 0.19141 0.15680 ( 6)  0.028
 138 P   0.21855 0.20977 0.18792 0.15345 0.11102 0.06855 0.03481 0.01594 ( 1)  0.007
 139 V   0.22521 0.21383 0.18639 0.14589 0.10123 0.06309 0.03820 0.02615 ( 1)  0.008
 140 T   0.00000 0.00073 0.00811 0.03662 0.10184 0.20202 0.30229 0.34839 ( 8)  0.045
 141 D   0.25369 0.23609 0.19523 0.13937 0.08510 0.04652 0.02629 0.01772 ( 1)  0.006
 142 C   0.21848 0.21043 0.19013 0.15729 0.11511 0.07012 0.03115 0.00729 ( 1)  0.006
 143 V   0.22515 0.21378 0.18636 0.14588 0.10124 0.06312 0.03824 0.02622 ( 1)  0.008
 144 L   0.20962 0.20183 0.18241 0.15174 0.11377 0.07510 0.04289 0.02264 ( 1)  0.008
 145 N   0.24606 0.23163 0.19719 0.14724 0.09369 0.04978 0.02289 0.01151 ( 1)  0.005
 146 V   0.22551 0.21405 0.18647 0.14579 0.10103 0.06290 0.03810 0.02615 ( 1)  0.008
 147 P   0.21873 0.20992 0.18800 0.15343 0.11091 0.06840 0.03470 0.01590 ( 1)  0.007
 148 I   0.00162 0.02256 0.07130 0.13722 0.19564 0.21923 0.19743 0.15500 ( 6)  0.028
 149 Y   0.22624 0.21653 0.19246 0.15479 0.10899 0.06378 0.02833 0.00888 ( 1)  0.006
 150 Y   0.00000 0.00044 0.00507 0.02442 0.07513 0.17167 0.30699 0.41627 ( 8)  0.049
 151 D   0.00000 0.00058 0.00656 0.03025 0.08727 0.18380 0.30123 0.39031 ( 8)  0.048
 152 D   0.25327 0.23578 0.19517 0.13956 0.08539 0.04673 0.02638 0.01772 ( 1)  0.006
 153 R   0.21234 0.20459 0.18517 0.15406 0.11474 0.07361 0.03855 0.01693 ( 1)  0.007
 154 E   0.24934 0.23352 0.19626 0.14368 0.08977 0.04829 0.02459 0.01455 ( 1)  0.006
 155 R   0.21346 0.20551 0.18560 0.15384 0.11396 0.07267 0.03800 0.01696 ( 1)  0.007
 156 Q   0.00130 0.01830 0.05939 0.11977 0.18301 0.22421 0.22040 0.17362 ( 6)  0.030
 157 A   0.22807 0.21653 0.18862 0.14718 0.10102 0.06110 0.03488 0.02261 ( 1)  0.007
 158 L   0.21035 0.20243 0.18272 0.15165 0.11334 0.07453 0.04245 0.02253 ( 1)  0.008
 159 L   0.21038 0.20245 0.18271 0.15161 0.11329 0.07451 0.04249 0.02256 ( 1)  0.008
 160 D   0.25323 0.23575 0.19515 0.13956 0.08540 0.04675 0.02640 0.01775 ( 1)  0.006
 161 S   0.00131 0.01837 0.05905 0.11735 0.17647 0.21487 0.21804 0.19453 ( 7)  0.031
 162 A   0.00173 0.02393 0.07475 0.14102 0.19574 0.21375 0.19195 0.15713 ( 6)  0.028
 163 S   0.00000 0.00067 0.00755 0.03440 0.09700 0.19623 0.30210 0.36204 ( 8)  0.046
 164 I   0.23511 0.22320 0.19421 0.15060 0.10095 0.05664 0.02654 0.01275 ( 1)  0.006
 165 A   0.22807 0.21653 0.18862 0.14718 0.10102 0.06110 0.03488 0.02261 ( 1)  0.007
 166 G   0.22850 0.21756 0.19083 0.15023 0.10336 0.06080 0.03135 0.01738 ( 1)  0.007
 167 L   0.20974 0.20192 0.18245 0.15171 0.11369 0.07502 0.04284 0.02264 ( 1)  0.008
 168 N   0.24751 0.23274 0.19754 0.14675 0.09270 0.04888 0.02243 0.01145 ( 1)  0.005
 169 C   0.21670 0.20892 0.18928 0.15737 0.11610 0.07160 0.03238 0.00764 ( 1)  0.006
 170 L   0.20824 0.20067 0.18178 0.15184 0.11455 0.07622 0.04381 0.02289 ( 1)  0.008
 171 K   0.24054 0.22772 0.19672 0.15057 0.09878 0.05328 0.02290 0.00949 ( 1)  0.005
 172 L   0.21035 0.20243 0.18272 0.15165 0.11334 0.07453 0.04245 0.02253 ( 1)  0.008
 173 I   0.23586 0.22379 0.19445 0.15040 0.10045 0.05611 0.02623 0.01270 ( 1)  0.006
 174 N   0.24751 0.23274 0.19754 0.14675 0.09270 0.04888 0.02243 0.01145 ( 1)  0.005
 175 D   0.25327 0.23578 0.19517 0.13956 0.08539 0.04673 0.02638 0.01772 ( 1)  0.006
 176 I   0.00113 0.01590 0.05229 0.10789 0.17023 0.21782 0.22906 0.20569 ( 7)  0.032
 177 A   0.00169 0.02344 0.07344 0.13926 0.19476 0.21460 0.19409 0.15872 ( 6)  0.028
 178 A   0.22753 0.21610 0.18847 0.14733 0.10138 0.06146 0.03508 0.02265 ( 1)  0.007
 179 I   0.23586 0.22379 0.19445 0.15040 0.10045 0.05611 0.02623 0.01270 ( 1)  0.006
 180 A   0.00129 0.01801 0.05820 0.11653 0.17659 0.21585 0.21841 0.19513 ( 7)  0.031
 181 L   0.21038 0.20245 0.18271 0.15161 0.11329 0.07451 0.04249 0.02256 ( 1)  0.008
 182 S   0.00221 0.03039 0.09304 0.16890 0.21955 0.21493 0.16212 0.10886 ( 5)  0.023
 183 Y   0.22507 0.21557 0.19198 0.15496 0.10971 0.06470 0.02898 0.00903 ( 1)  0.006
 184 G   0.22866 0.21769 0.19088 0.15019 0.10326 0.06069 0.03127 0.01736 ( 1)  0.007
 185 F   0.00158 0.02196 0.06951 0.13429 0.19290 0.21907 0.20105 0.15964 ( 6)  0.028
 186 Y   0.22391 0.21462 0.19151 0.15513 0.11042 0.06560 0.02963 0.00918 ( 1)  0.006
 187 R   0.00155 0.02153 0.06785 0.13030 0.18665 0.21423 0.20489 0.17300 ( 6)  0.029
 188 K   0.23923 0.22669 0.19633 0.15093 0.09966 0.05419 0.02341 0.00956 ( 1)  0.006
 189 D   0.25327 0.23578 0.19517 0.13956 0.08539 0.04673 0.02638 0.01772 ( 1)  0.006
 190 L   0.20824 0.20066 0.18178 0.15184 0.11455 0.07622 0.04382 0.02289 ( 1)  0.008
 191 P   0.21855 0.20977 0.18792 0.15345 0.11102 0.06855 0.03481 0.01594 ( 1)  0.007
 192 T   0.00170 0.02356 0.07377 0.13971 0.19504 0.21443 0.19355 0.15823 ( 6)  0.028
 193 V   0.22524 0.21385 0.18639 0.14587 0.10120 0.06307 0.03820 0.02619 ( 1)  0.008
 194 G   0.00180 0.02482 0.07698 0.14361 0.19678 0.21263 0.18980 0.15358 ( 6)  0.027
 195 Q   0.00170 0.02359 0.07465 0.14372 0.20404 0.22465 0.19228 0.13537 ( 6)  0.026
 196 P   0.21851 0.20973 0.18790 0.15344 0.11103 0.06857 0.03484 0.01597 ( 1)  0.007
 197 P   0.00141 0.01974 0.06378 0.12761 0.19235 0.23005 0.21521 0.14985 ( 6)  0.028
 198 R   0.00157 0.02177 0.06854 0.13134 0.18742 0.21394 0.20343 0.17198 ( 6)  0.029
 199 I   0.00177 0.02439 0.07548 0.14034 0.19153 0.20708 0.18977 0.16965 ( 6)  0.028
 200 V   0.22547 0.21402 0.18645 0.14579 0.10103 0.06292 0.03812 0.02619 ( 1)  0.008
 201 L   0.00000 0.00053 0.00604 0.02823 0.08301 0.17904 0.30150 0.40166 ( 8)  0.048
 202 F   0.23517 0.22399 0.19642 0.15386 0.10351 0.05635 0.02296 0.00774 ( 1)  0.005
 203 V   0.22524 0.21385 0.18639 0.14587 0.10120 0.06307 0.03820 0.02619 ( 1)  0.008
 204 D   0.25323 0.23575 0.19515 0.13956 0.08540 0.04675 0.02640 0.01775 ( 1)  0.006
 205 M   0.26670 0.24835 0.20501 0.14377 0.08151 0.03559 0.01284 0.00623 ( 1)  0.004
 206 G   0.22945 0.21831 0.19113 0.14996 0.10270 0.06012 0.03098 0.01735 ( 1)  0.007
 207 H   0.24192 0.22853 0.19627 0.14870 0.09639 0.05217 0.02422 0.01181 ( 1)  0.006
 208 C   0.00000 0.00055 0.00626 0.02945 0.08696 0.18677 0.30663 0.38337 ( 8)  0.047
 209 H   0.24194 0.22855 0.19628 0.14870 0.09638 0.05216 0.02420 0.01179 ( 1)  0.006
 210 L   0.21035 0.20243 0.18272 0.15165 0.11334 0.07453 0.04245 0.02253 ( 1)  0.008
 211 Q   0.23194 0.22102 0.19420 0.15304 0.10462 0.05917 0.02613 0.00989 ( 1)  0.006
 212 V   0.22583 0.21430 0.18655 0.14568 0.10080 0.06269 0.03800 0.02615 ( 1)  0.008
 213 G   0.00130 0.01816 0.05862 0.11718 0.17709 0.21570 0.21755 0.19441 ( 7)  0.031
 214 L   0.00134 0.01866 0.05964 0.11744 0.17459 0.21080 0.21586 0.20167 ( 7)  0.032
 215 V   0.00168 0.02320 0.07268 0.13788 0.19308 0.21362 0.19528 0.16260 ( 6)  0.028
 216 A   0.22689 0.21561 0.18829 0.14754 0.10183 0.06189 0.03530 0.02266 ( 1)  0.007
 217 F   0.23636 0.22493 0.19684 0.15360 0.10272 0.05546 0.02243 0.00766 ( 1)  0.005
 218 N   0.24680 0.23220 0.19737 0.14699 0.09319 0.04932 0.02265 0.01147 ( 1)  0.005
 219 A   0.00124 0.01745 0.05653 0.11365 0.17318 0.21369 0.22071 0.20354 ( 7)  0.032
 220 N   0.00000 0.00079 0.00876 0.03899 0.10631 0.20607 0.30109 0.33799 ( 8)  0.044
 221 C   0.00000 0.00021 0.00262 0.01419 0.05098 0.13957 0.30214 0.49029 ( 8)  0.054
 222 A   0.00000 0.00084 0.00924 0.04083 0.10999 0.20915 0.29832 0.33163 ( 8)  0.044
 223 R   0.21271 0.20492 0.18538 0.15411 0.11459 0.07329 0.03820 0.01680 ( 1)  0.007
 224 I   0.00164 0.02267 0.07127 0.13603 0.19212 0.21462 0.19753 0.16413 ( 6)  0.028
 225 L   0.20756 0.20009 0.18144 0.15184 0.11491 0.07677 0.04432 0.02307 ( 1)  0.008
 226 S   0.00130 0.01816 0.05846 0.11647 0.17580 0.21505 0.21919 0.19557 ( 7)  0.031
 227 T   0.22449 0.21461 0.19025 0.15250 0.10740 0.06409 0.03159 0.01506 ( 1)  0.007
 228 A   0.22732 0.21595 0.18842 0.14742 0.10154 0.06161 0.03513 0.02262 ( 1)  0.007
 229 S   0.00000 0.00026 0.00308 0.01575 0.05307 0.13751 0.29113 0.49920 ( 8)  0.054
 230 D   0.25369 0.23609 0.19523 0.13937 0.08510 0.04652 0.02629 0.01772 ( 1)  0.006
 231 A   0.00138 0.01927 0.06129 0.11963 0.17557 0.20883 0.21213 0.20191 ( 7)  0.031
 232 N   0.00000 0.00032 0.00370 0.01845 0.05964 0.14655 0.29245 0.47888 ( 8)  0.053
 233 L   0.20824 0.20067 0.18178 0.15184 0.11455 0.07622 0.04381 0.02289 ( 1)  0.008
 234 G   0.22977 0.21856 0.19122 0.14989 0.10250 0.05991 0.03084 0.01732 ( 1)  0.007
 235 G   0.22920 0.21811 0.19105 0.15004 0.10289 0.06031 0.03106 0.01733 ( 1)  0.007
 236 R   0.21346 0.20551 0.18560 0.15384 0.11396 0.07267 0.03800 0.01696 ( 1)  0.007
 237 D   0.25369 0.23609 0.19523 0.13937 0.08510 0.04652 0.02629 0.01772 ( 1)  0.006
 238 F   0.23636 0.22493 0.19684 0.15360 0.10272 0.05546 0.02243 0.00766 ( 1)  0.005
 239 D   0.25281 0.23545 0.19509 0.13975 0.08569 0.04697 0.02649 0.01776 ( 1)  0.006
 240 R   0.21428 0.20620 0.18601 0.15385 0.11357 0.07202 0.03736 0.01670 ( 1)  0.007
 241 A   0.22732 0.21595 0.18842 0.14742 0.10154 0.06161 0.03513 0.02262 ( 1)  0.007
 242 L   0.00105 0.01491 0.04950 0.10374 0.16704 0.21851 0.23416 0.21109 ( 7)  0.033
 243 S   0.00158 0.02199 0.06995 0.13620 0.19731 0.22472 0.20215 0.14610 ( 6)  0.027
 244 N   0.00219 0.03012 0.09232 0.16798 0.21911 0.21550 0.16326 0.10952 ( 5)  0.023
 245 H   0.24192 0.22853 0.19627 0.14870 0.09639 0.05217 0.02422 0.01181 ( 1)  0.006
 246 F   0.23401 0.22304 0.19600 0.15411 0.10429 0.05723 0.02349 0.00783 ( 1)  0.006
 247 V   0.00176 0.02430 0.07562 0.14178 0.19527 0.21185 0.19068 0.15875 ( 6)  0.028
 248 E   0.00255 0.03459 0.10294 0.17808 0.21728 0.20121 0.15279 0.11057 ( 5)  0.023
 249 E   0.00254 0.03446 0.10262 0.17778 0.21733 0.20160 0.15311 0.11055 ( 5)  0.023
 250 F   0.00156 0.02174 0.06890 0.13339 0.19223 0.21927 0.20218 0.16072 ( 6)  0.028
 251 N   0.00236 0.03220 0.09749 0.17376 0.22056 0.21116 0.15777 0.10470 ( 5)  0.023
 252 N   0.00000 0.00079 0.00884 0.04002 0.11085 0.21544 0.30512 0.31893 ( 8)  0.043
 253 R   0.21329 0.20537 0.18553 0.15387 0.11407 0.07280 0.03809 0.01698 ( 1)  0.007
 254 L   0.00166 0.02316 0.07349 0.14235 0.20409 0.22764 0.19599 0.13162 ( 6)  0.026
 255 S   0.00000 0.00094 0.01030 0.04523 0.12023 0.22284 0.30092 0.29953 ( 7)  0.042
 256 L   0.20962 0.20183 0.18241 0.15174 0.11377 0.07510 0.04289 0.02264 ( 1)  0.008
 257 D   0.25281 0.23545 0.19509 0.13975 0.08569 0.04697 0.02649 0.01776 ( 1)  0.006
 258 V   0.22524 0.21385 0.18639 0.14587 0.10120 0.06307 0.03820 0.02619 ( 1)  0.008
 259 R   0.21154 0.20390 0.18475 0.15402 0.11509 0.07422 0.03921 0.01727 ( 1)  0.007
 260 S   0.21278 0.20528 0.18639 0.15580 0.11641 0.07409 0.03671 0.01253 ( 1)  0.007
 261 S   0.00216 0.02965 0.09109 0.16644 0.21844 0.21655 0.16520 0.11046 ( 5)  0.023
 262 L   0.00000 0.00054 0.00614 0.02867 0.08402 0.18032 0.30161 0.39869 ( 8)  0.048
 263 R   0.00133 0.01854 0.05907 0.11584 0.17188 0.20887 0.21813 0.20634 ( 7)  0.032
 264 A   0.22768 0.21622 0.18852 0.14730 0.10129 0.06137 0.03501 0.02261 ( 1)  0.007
 265 Q   0.00000 0.00033 0.00390 0.01939 0.06248 0.15229 0.29780 0.46379 ( 8)  0.052
 266 L   0.00168 0.02320 0.07258 0.13750 0.19258 0.21385 0.19634 0.16227 ( 6)  0.028
 267 K   0.00129 0.01794 0.05712 0.11202 0.16679 0.20526 0.22085 0.21874 ( 7)  0.033
 268 L   0.21035 0.20243 0.18272 0.15165 0.11334 0.07453 0.04245 0.02253 ( 1)  0.008
 269 L   0.20962 0.20183 0.18241 0.15174 0.11377 0.07510 0.04289 0.02264 ( 1)  0.008
 270 D   0.00256 0.03479 0.10337 0.17844 0.21710 0.20055 0.15233 0.11086 ( 5)  0.023
 271 E   0.24934 0.23352 0.19626 0.14368 0.08977 0.04829 0.02459 0.01455 ( 1)  0.006
 272 C   0.21848 0.21043 0.19013 0.15729 0.11511 0.07012 0.03115 0.00729 ( 1)  0.006
 273 A   0.00131 0.01836 0.05902 0.11729 0.17640 0.21482 0.21807 0.19472 ( 7)  0.031
 274 R   0.00153 0.02124 0.06704 0.12911 0.18573 0.21437 0.20627 0.17472 ( 6)  0.029
 275 V   0.22583 0.21430 0.18655 0.14568 0.10080 0.06269 0.03800 0.02615 ( 1)  0.008
 276 K   0.24054 0.22772 0.19672 0.15057 0.09878 0.05328 0.02290 0.00949 ( 1)  0.005
 277 K   0.23923 0.22669 0.19633 0.15093 0.09966 0.05419 0.02341 0.00956 ( 1)  0.006
 278 L   0.20824 0.20067 0.18178 0.15184 0.11455 0.07622 0.04381 0.02289 ( 1)  0.008
 279 M   0.26670 0.24835 0.20501 0.14377 0.08151 0.03559 0.01284 0.00623 ( 1)  0.004
 280 S   0.20996 0.20291 0.18506 0.15593 0.11797 0.07640 0.03865 0.01312 ( 1)  0.007
 281 A   0.22724 0.21588 0.18839 0.14743 0.10158 0.06165 0.03517 0.02265 ( 1)  0.007
 282 N   0.24679 0.23219 0.19736 0.14700 0.09320 0.04933 0.02266 0.01148 ( 1)  0.005
 283 S   0.21115 0.20391 0.18564 0.15590 0.11733 0.07542 0.03780 0.01286 ( 1)  0.007
 284 A   0.00174 0.02406 0.07508 0.14145 0.19596 0.21351 0.19141 0.15680 ( 6)  0.028
 285 D   0.25369 0.23609 0.19523 0.13937 0.08510 0.04652 0.02629 0.01772 ( 1)  0.006
 286 L   0.00102 0.01452 0.04849 0.10244 0.16643 0.21933 0.23576 0.21202 ( 7)  0.033
 287 P   0.21855 0.20977 0.18792 0.15345 0.11102 0.06855 0.03481 0.01594 ( 1)  0.007
 288 V   0.00134 0.01869 0.05976 0.11772 0.17505 0.21126 0.21580 0.20038 ( 7)  0.032
 289 S   0.00216 0.02965 0.09109 0.16644 0.21844 0.21655 0.16520 0.11046 ( 5)  0.023
 290 V   0.00169 0.02344 0.07336 0.13887 0.19386 0.21360 0.19427 0.16091 ( 6)  0.028
 291 E   0.25013 0.23411 0.19641 0.14337 0.08923 0.04784 0.02438 0.01453 ( 1)  0.006
 292 C   0.21848 0.21043 0.19013 0.15729 0.11511 0.07012 0.03115 0.00729 ( 1)  0.006
 293 I   0.00111 0.01569 0.05168 0.10693 0.16946 0.21808 0.23055 0.20651 ( 7)  0.033
 294 L   0.00157 0.02181 0.06881 0.13227 0.18925 0.21563 0.20256 0.16811 ( 6)  0.029
 295 D   0.00001 0.00100 0.01081 0.04668 0.12121 0.21901 0.29307 0.30822 ( 8)  0.042
 296 E   0.00254 0.03446 0.10262 0.17778 0.21733 0.20160 0.15311 0.11055 ( 5)  0.023
 297 R   0.21346 0.20551 0.18560 0.15384 0.11396 0.07267 0.03800 0.01696 ( 1)  0.007
 298 D   0.25369 0.23609 0.19523 0.13937 0.08510 0.04652 0.02629 0.01772 ( 1)  0.006
 299 A   0.00176 0.02433 0.07570 0.14186 0.19527 0.21177 0.19060 0.15871 ( 6)  0.028
 300 S   0.00000 0.00032 0.00371 0.01849 0.05975 0.14676 0.29264 0.47833 ( 8)  0.053
 301 G   0.22920 0.21811 0.19105 0.15004 0.10289 0.06031 0.03106 0.01733 ( 1)  0.007
 302 S   0.00158 0.02199 0.07007 0.13672 0.19841 0.22557 0.20066 0.14500 ( 6)  0.027
 303 I   0.23658 0.22435 0.19467 0.15021 0.09996 0.05561 0.02595 0.01267 ( 1)  0.006
 304 N   0.24680 0.23220 0.19737 0.14699 0.09319 0.04932 0.02265 0.01147 ( 1)  0.005
 305 R   0.21301 0.20513 0.18539 0.15387 0.11421 0.07302 0.03830 0.01706 ( 1)  0.007
 306 A   0.00124 0.01745 0.05653 0.11365 0.17318 0.21369 0.22071 0.20354 ( 7)  0.032
 307 T   0.22326 0.21362 0.18979 0.15275 0.10821 0.06503 0.03219 0.01515 ( 1)  0.007
 308 F   0.23520 0.22400 0.19643 0.15386 0.10350 0.05633 0.02294 0.00773 ( 1)  0.005
 309 A   0.00000 0.00062 0.00690 0.03161 0.09033 0.18763 0.30161 0.38131 ( 8)  0.047
 310 S   0.00172 0.02378 0.07450 0.14122 0.19704 0.21558 0.19199 0.15417 ( 6)  0.027
 311 L   0.20824 0.20067 0.18178 0.15184 0.11455 0.07622 0.04381 0.02289 ( 1)  0.008
 312 L   0.20983 0.20199 0.18248 0.15167 0.11362 0.07494 0.04282 0.02265 ( 1)  0.008
 313 D   0.25327 0.23578 0.19517 0.13956 0.08539 0.04673 0.02638 0.01772 ( 1)  0.006
 314 S   0.21083 0.20364 0.18546 0.15588 0.11749 0.07570 0.03806 0.01294 ( 1)  0.007
 315 A   0.22807 0.21653 0.18862 0.14718 0.10102 0.06110 0.03488 0.02261 ( 1)  0.007
 316 G   0.22977 0.21856 0.19122 0.14989 0.10250 0.05991 0.03084 0.01732 ( 1)  0.007
 317 L   0.21038 0.20245 0.18271 0.15161 0.11329 0.07451 0.04249 0.02256 ( 1)  0.008
 318 L   0.20974 0.20192 0.18245 0.15171 0.11369 0.07502 0.04284 0.02264 ( 1)  0.008
 319 R   0.00000 0.00037 0.00435 0.02116 0.06627 0.15628 0.29642 0.45515 ( 8)  0.052
 320 R   0.21246 0.20467 0.18516 0.15395 0.11456 0.07347 0.03862 0.01712 ( 1)  0.007
 321 L   0.00135 0.01877 0.06000 0.11818 0.17560 0.21155 0.21538 0.19917 ( 7)  0.031
 322 R   0.00000 0.00057 0.00641 0.02982 0.08677 0.18399 0.30202 0.39043 ( 8)  0.048
 323 D   0.00000 0.00099 0.01076 0.04651 0.12095 0.21891 0.29337 0.30851 ( 8)  0.042
 324 C   0.21672 0.20894 0.18929 0.15737 0.11609 0.07158 0.03237 0.00763 ( 1)  0.006
 325 I   0.00106 0.01500 0.04977 0.10414 0.16733 0.21830 0.23342 0.21099 ( 7)  0.033
 326 R   0.00000 0.00034 0.00397 0.01962 0.06273 0.15194 0.29671 0.46469 ( 8)  0.052
 327 Q   0.00122 0.01712 0.05612 0.11503 0.17949 0.22499 0.22581 0.18022 ( 7)  0.031
 328 C   0.21848 0.21043 0.19013 0.15729 0.11511 0.07012 0.03115 0.00729 ( 1)  0.006
 329 L   0.21096 0.20292 0.18296 0.15155 0.11295 0.07405 0.04213 0.02248 ( 1)  0.008
 330 T   0.22385 0.21409 0.19001 0.15263 0.10783 0.06459 0.03190 0.01510 ( 1)  0.007
 331 S   0.00059 0.00854 0.02997 0.06909 0.12786 0.20131 0.26971 0.29293 ( 8)  0.040
 332 A   0.22768 0.21622 0.18852 0.14730 0.10129 0.06137 0.03501 0.02261 ( 1)  0.007
 333 S   0.00000 0.00018 0.00217 0.01169 0.04234 0.12008 0.28226 0.54128 ( 8)  0.057
 334 P   0.00142 0.01978 0.06333 0.12487 0.18511 0.21969 0.21271 0.17309 ( 6)  0.030
 335 A   0.00000 0.00037 0.00433 0.02126 0.06706 0.15872 0.29916 0.44910 ( 8)  0.051
 336 E   0.00000 0.00037 0.00428 0.02103 0.06645 0.15751 0.29777 0.45259 ( 8)  0.052
 337 S   0.00000 0.00018 0.00222 0.01193 0.04306 0.12141 0.28307 0.53813 ( 8)  0.057
 338 Q   0.00000 0.00097 0.01057 0.04581 0.11975 0.21817 0.29434 0.31037 ( 8)  0.042
 339 I   0.23658 0.22435 0.19467 0.15021 0.09996 0.05561 0.02595 0.01267 ( 1)  0.006
 340 H   0.00000 0.00045 0.00509 0.02415 0.07296 0.16461 0.29735 0.43540 ( 8)  0.050
 341 S   0.21116 0.20392 0.18564 0.15590 0.11732 0.07541 0.03779 0.01285 ( 1)  0.007
 342 V   0.22524 0.21385 0.18639 0.14587 0.10120 0.06307 0.03820 0.02619 ( 1)  0.008
 343 E   0.25013 0.23411 0.19641 0.14337 0.08923 0.04784 0.02438 0.01453 ( 1)  0.006
 344 L   0.20598 0.19876 0.18071 0.15193 0.11577 0.07803 0.04540 0.02342 ( 1)  0.008
 345 V   0.22524 0.21385 0.18639 0.14587 0.10120 0.06307 0.03820 0.02619 ( 1)  0.008
 346 G   0.22977 0.21856 0.19122 0.14989 0.10250 0.05991 0.03084 0.01732 ( 1)  0.007
 347 G   0.22917 0.21808 0.19103 0.15004 0.10290 0.06033 0.03108 0.01736 ( 1)  0.007
 348 S   0.21212 0.20474 0.18610 0.15586 0.11679 0.07461 0.03712 0.01266 ( 1)  0.007
 349 T   0.22382 0.21407 0.18999 0.15263 0.10784 0.06461 0.03192 0.01512 ( 1)  0.007
 350 R   0.21086 0.20336 0.18451 0.15421 0.11563 0.07482 0.03947 0.01714 ( 1)  0.007
 351 V   0.22515 0.21378 0.18636 0.14588 0.10124 0.06312 0.03824 0.02622 ( 1)  0.008
 352 P   0.21954 0.21059 0.18832 0.15329 0.11039 0.06776 0.03427 0.01584 ( 1)  0.007
 353 A   0.22724 0.21588 0.18839 0.14743 0.10158 0.06165 0.03517 0.02265 ( 1)  0.007
 354 V   0.22573 0.21422 0.18652 0.14571 0.10087 0.06276 0.03803 0.02615 ( 1)  0.008
 355 K   0.23923 0.22669 0.19633 0.15093 0.09966 0.05419 0.02341 0.00956 ( 1)  0.006
 356 S   0.00000 0.00038 0.00441 0.02128 0.06595 0.15429 0.29297 0.46072 ( 8)  0.052
 357 V   0.00135 0.01884 0.06016 0.11819 0.17513 0.21058 0.21488 0.20088 ( 7)  0.032
 358 I   0.00170 0.02358 0.07372 0.13935 0.19414 0.21338 0.19369 0.16044 ( 6)  0.028
 359 S   0.00119 0.01679 0.05492 0.11236 0.17549 0.22171 0.22743 0.19011 ( 7)  0.031
 360 D   0.00001 0.00130 0.01384 0.05784 0.14249 0.23773 0.28452 0.26228 ( 7)  0.039
 361 T   0.00000 0.00074 0.00826 0.03719 0.10298 0.20313 0.30191 0.34579 ( 8)  0.045
 362 V   0.00136 0.01900 0.06078 0.11976 0.17788 0.21346 0.21444 0.19331 ( 7)  0.031
 363 S   0.00177 0.02445 0.07638 0.14404 0.19940 0.21564 0.18898 0.14934 ( 6)  0.027
 364 Q   0.23194 0.22102 0.19420 0.15304 0.10462 0.05917 0.02613 0.00989 ( 1)  0.006
 365 P   0.00142 0.01986 0.06409 0.12800 0.19248 0.22959 0.21445 0.15011 ( 6)  0.028
 366 C   0.00000 0.00030 0.00360 0.01814 0.05950 0.14847 0.29810 0.47188 ( 8)  0.053
 367 R   0.00123 0.01717 0.05453 0.10640 0.15762 0.19495 0.21982 0.24827 ( 8)  0.035
 368 T   0.22261 0.21309 0.18955 0.15287 0.10863 0.06554 0.03252 0.01520 ( 1)  0.007
 369 T   0.22416 0.21435 0.19014 0.15260 0.10764 0.06434 0.03170 0.01506 ( 1)  0.007
 370 L   0.20970 0.20188 0.18243 0.15170 0.11370 0.07504 0.04289 0.02266 ( 1)  0.008
 371 N   0.24677 0.23217 0.19736 0.14700 0.09320 0.04934 0.02267 0.01149 ( 1)  0.005
 372 A   0.22724 0.21588 0.18839 0.14743 0.10158 0.06165 0.03517 0.02265 ( 1)  0.007
 373 D   0.25281 0.23545 0.19509 0.13975 0.08569 0.04697 0.02649 0.01776 ( 1)  0.006
 374 E   0.24850 0.23290 0.19608 0.14399 0.09034 0.04878 0.02482 0.01460 ( 1)  0.006
 375 A   0.22768 0.21622 0.18852 0.14730 0.10129 0.06137 0.03501 0.02261 ( 1)  0.007
 376 I   0.00165 0.02291 0.07194 0.13699 0.19286 0.21456 0.19654 0.16257 ( 6)  0.028
 377 A   0.22753 0.21610 0.18847 0.14733 0.10138 0.06146 0.03508 0.02265 ( 1)  0.007
 378 R   0.21322 0.20529 0.18547 0.15385 0.11416 0.07297 0.03817 0.01688 ( 1)  0.007
 379 G   0.22977 0.21856 0.19122 0.14989 0.10250 0.05991 0.03084 0.01732 ( 1)  0.007
 380 C   0.21848 0.21043 0.19013 0.15729 0.11511 0.07012 0.03115 0.00729 ( 1)  0.006
 381 A   0.22732 0.21595 0.18842 0.14742 0.10154 0.06161 0.03513 0.02262 ( 1)  0.007
 382 L   0.20974 0.20192 0.18245 0.15171 0.11369 0.07502 0.04284 0.02264 ( 1)  0.008
 383 M   0.26670 0.24835 0.20501 0.14377 0.08151 0.03559 0.01284 0.00623 ( 1)  0.004
 384 C   0.21848 0.21043 0.19013 0.15729 0.11511 0.07012 0.03115 0.00729 ( 1)  0.006
 385 A   0.22807 0.21653 0.18862 0.14718 0.10102 0.06110 0.03488 0.02261 ( 1)  0.007
 386 L   0.00106 0.01500 0.04977 0.10415 0.16734 0.21831 0.23342 0.21095 ( 7)  0.033
 387 L   0.21102 0.20297 0.18297 0.15151 0.11288 0.07400 0.04214 0.02251 ( 1)  0.008
 388 S   0.23375 0.22286 0.19601 0.15441 0.10479 0.05761 0.02328 0.00729 ( 1)  0.005
 389 P   0.21855 0.20977 0.18792 0.15345 0.11102 0.06855 0.03481 0.01594 ( 1)  0.007
 390 V   0.00177 0.02440 0.07590 0.14214 0.19544 0.21163 0.19024 0.15849 ( 6)  0.028
 391 C   0.00158 0.02199 0.07027 0.13773 0.20085 0.22872 0.20095 0.13790 ( 6)  0.027
 392 R   0.00135 0.01882 0.05989 0.11715 0.17314 0.20914 0.21669 0.20384 ( 7)  0.032
 393 V   0.22551 0.21405 0.18647 0.14579 0.10103 0.06290 0.03810 0.02615 ( 1)  0.008
 394 R   0.21346 0.20551 0.18560 0.15384 0.11396 0.07267 0.03800 0.01696 ( 1)  0.007
 395 Q   0.00195 0.02687 0.08272 0.15210 0.20325 0.21110 0.17931 0.14271 ( 6)  0.026
 396 F   0.23636 0.22493 0.19684 0.15360 0.10272 0.05546 0.02243 0.00766 ( 1)  0.005
 397 D   0.00000 0.00096 0.01043 0.04505 0.11733 0.21417 0.29371 0.31834 ( 8)  0.043
 398 L   0.00109 0.01540 0.05087 0.10570 0.16842 0.21802 0.23180 0.20871 ( 7)  0.033
 399 I   0.00000 0.00039 0.00449 0.02198 0.06910 0.16267 0.30285 0.43853 ( 8)  0.051
 400 D   0.25369 0.23609 0.19523 0.13937 0.08510 0.04652 0.02629 0.01772 ( 1)  0.006
 401 Q   0.00000 0.00041 0.00480 0.02330 0.07235 0.16744 0.30473 0.42697 ( 8)  0.050
 402 Q   0.23194 0.22102 0.19420 0.15304 0.10462 0.05917 0.02613 0.00989 ( 1)  0.006
 403 P   0.21990 0.21088 0.18847 0.15325 0.11018 0.06748 0.03406 0.01578 ( 1)  0.007
 404 Y   0.22509 0.21559 0.19200 0.15496 0.10970 0.06468 0.02896 0.00902 ( 1)  0.006
 405 S   0.21064 0.20348 0.18538 0.15590 0.11759 0.07585 0.03819 0.01297 ( 1)  0.007
 406 I   0.23508 0.22317 0.19419 0.15060 0.10098 0.05668 0.02655 0.01274 ( 1)  0.006
 407 S   0.21146 0.20418 0.18580 0.15590 0.11716 0.07515 0.03756 0.01279 ( 1)  0.007
 408 L   0.21035 0.20243 0.18272 0.15165 0.11334 0.07453 0.04245 0.02253 ( 1)  0.008
 409 A   0.00000 0.00047 0.00541 0.02588 0.07845 0.17520 0.30428 0.41030 ( 8)  0.049
 410 L   0.00168 0.02336 0.07404 0.14309 0.20450 0.22716 0.19485 0.13133 ( 6)  0.026
 411 P   0.21873 0.20992 0.18800 0.15343 0.11091 0.06840 0.03470 0.01590 ( 1)  0.007
 412 A   0.00000 0.00084 0.00923 0.04082 0.11001 0.20925 0.29838 0.33147 ( 8)  0.044
 413 P   0.00142 0.01988 0.06419 0.12825 0.19289 0.22999 0.21434 0.14903 ( 6)  0.028
 414 V   0.00000 0.00037 0.00434 0.02111 0.06613 0.15602 0.29621 0.45582 ( 8)  0.052
 415 E   0.00000 0.00052 0.00593 0.02798 0.08319 0.18092 0.30418 0.39728 ( 8)  0.048
 416 A   0.00000 0.00055 0.00618 0.02881 0.08434 0.18071 0.30163 0.39777 ( 8)  0.048
 417 A   0.00172 0.02382 0.07444 0.14060 0.19549 0.21391 0.19242 0.15759 ( 6)  0.028
 418 Q   0.00000 0.00033 0.00387 0.01931 0.06243 0.15269 0.29896 0.46241 ( 8)  0.052
 419 A   0.00000 0.00040 0.00461 0.02224 0.06879 0.15973 0.29738 0.44685 ( 8)  0.051
 420 A   0.00000 0.00035 0.00411 0.02018 0.06400 0.15333 0.29586 0.46217 ( 8)  0.052
 421 E   0.00236 0.03220 0.09736 0.17316 0.21912 0.20935 0.15769 0.10878 ( 5)  0.023
 422 F   0.00000 0.00052 0.00587 0.02759 0.08174 0.17801 0.30266 0.40361 ( 8)  0.049
 423 A   0.22650 0.21531 0.18817 0.14764 0.10208 0.06215 0.03545 0.02270 ( 1)  0.007
 424 F   0.23636 0.22493 0.19684 0.15360 0.10272 0.05546 0.02243 0.00766 ( 1)  0.005
 425 D   0.00255 0.03467 0.10311 0.17822 0.21721 0.20095 0.15260 0.11069 ( 5)  0.023
 426 L   0.20973 0.20191 0.18244 0.15170 0.11370 0.07502 0.04285 0.02264 ( 1)  0.008
 427 A   0.22768 0.21622 0.18852 0.14730 0.10129 0.06137 0.03501 0.02261 ( 1)  0.007
 428 V   0.00176 0.02430 0.07562 0.14178 0.19527 0.21185 0.19068 0.15875 ( 6)  0.028
 429 G   0.00000 0.00061 0.00680 0.03119 0.08925 0.18596 0.30100 0.38520 ( 8)  0.047
 430 Y   0.22509 0.21559 0.19200 0.15496 0.10970 0.06468 0.02896 0.00902 ( 1)  0.006
 431 T   0.22258 0.21307 0.18953 0.15287 0.10864 0.06555 0.03253 0.01522 ( 1)  0.007
 432 N   0.24606 0.23163 0.19719 0.14724 0.09369 0.04978 0.02289 0.01151 ( 1)  0.005
 433 R   0.00105 0.01478 0.04827 0.09878 0.15580 0.20432 0.23261 0.24438 ( 8)  0.035
 434 H   0.00216 0.02968 0.09147 0.16799 0.22191 0.22088 0.16564 0.10028 ( 5)  0.023
 435 A   0.22720 0.21585 0.18838 0.14745 0.10162 0.06169 0.03519 0.02263 ( 1)  0.007
 436 V   0.00147 0.02019 0.06206 0.11439 0.15617 0.17652 0.19267 0.27653 ( 8)  0.036
 437 A   0.00138 0.01917 0.06102 0.11924 0.17527 0.20887 0.21254 0.20251 ( 7)  0.032
 438 D   0.00000 0.00056 0.00637 0.02956 0.08596 0.18264 0.30170 0.39320 ( 8)  0.048
 439 R   0.00111 0.01566 0.05122 0.10494 0.16498 0.21279 0.23076 0.21853 ( 7)  0.033
 440 Q   0.00114 0.01605 0.05231 0.10647 0.16590 0.21189 0.22832 0.21791 ( 7)  0.033
 441 I   0.23583 0.22376 0.19444 0.15040 0.10046 0.05613 0.02625 0.01272 ( 1)  0.006
 442 A   0.00131 0.01835 0.05915 0.11800 0.17779 0.21563 0.21653 0.19324 ( 7)  0.031
 443 Q   0.00173 0.02397 0.07571 0.14530 0.20522 0.22424 0.19017 0.13366 ( 6)  0.026
 444 Y   0.00174 0.02418 0.07609 0.14519 0.20367 0.22139 0.18870 0.13904 ( 6)  0.026
 445 R   0.00159 0.02219 0.07060 0.13743 0.19873 0.22495 0.19952 0.14499 ( 6)  0.027
 446 L   0.00134 0.01863 0.05959 0.11750 0.17492 0.21137 0.21611 0.20055 ( 7)  0.032
 447 T   0.00000 0.00046 0.00526 0.02527 0.07719 0.17406 0.30516 0.41261 ( 8)  0.049
 448 K   0.00233 0.03181 0.09655 0.17281 0.22062 0.21252 0.15909 0.10427 ( 5)  0.023
 449 P   0.00000 0.00055 0.00621 0.02891 0.08450 0.18076 0.30135 0.39772 ( 8)  0.048
 450 Q   0.23194 0.22102 0.19420 0.15304 0.10462 0.05917 0.02613 0.00989 ( 1)  0.006
 451 P   0.21973 0.21074 0.18840 0.15327 0.11028 0.06761 0.03416 0.01581 ( 1)  0.007
 452 P   0.00000 0.00035 0.00403 0.01980 0.06288 0.15138 0.29507 0.46649 ( 8)  0.052
 453 P   0.21851 0.20973 0.18790 0.15344 0.11103 0.06857 0.03484 0.01597 ( 1)  0.007
 454 P   0.00000 0.00035 0.00404 0.01989 0.06322 0.15214 0.29564 0.46472 ( 8)  0.052
 455 N   0.00000 0.00081 0.00889 0.03947 0.10726 0.20695 0.30068 0.33594 ( 8)  0.044
 456 S   0.00000 0.00025 0.00299 0.01537 0.05197 0.13523 0.28864 0.50554 ( 8)  0.055
 457 A   0.22732 0.21595 0.18842 0.14742 0.10154 0.06161 0.03513 0.02262 ( 1)  0.007
 458 I   0.00000 0.00074 0.00824 0.03718 0.10326 0.20404 0.30268 0.34387 ( 8)  0.045
 459 Q   0.00121 0.01706 0.05567 0.11343 0.17612 0.22099 0.22563 0.18989 ( 7)  0.031
 460 L   0.00102 0.01452 0.04849 0.10244 0.16643 0.21933 0.23576 0.21202 ( 7)  0.033
 461 K   0.23919 0.22666 0.19631 0.15093 0.09968 0.05421 0.02344 0.00958 ( 1)  0.006
 462 L   0.00136 0.01900 0.06060 0.11886 0.17568 0.21055 0.21412 0.19983 ( 7)  0.031
 463 R   0.00135 0.01882 0.05989 0.11715 0.17314 0.20914 0.21669 0.20384 ( 7)  0.032
 464 L   0.00136 0.01892 0.06039 0.11862 0.17564 0.21084 0.21449 0.19974 ( 7)  0.031
 465 Q   0.00126 0.01769 0.05764 0.11707 0.18076 0.22442 0.22382 0.17735 ( 6)  0.030
 466 L   0.20746 0.20002 0.18143 0.15190 0.11499 0.07683 0.04432 0.02306 ( 1)  0.008
 467 N   0.24677 0.23217 0.19736 0.14700 0.09320 0.04934 0.02267 0.01149 ( 1)  0.005
 468 C   0.00154 0.02152 0.06889 0.13550 0.19895 0.22927 0.20483 0.13949 ( 6)  0.027
 469 H   0.24262 0.22907 0.19647 0.14849 0.09592 0.05171 0.02396 0.01176 ( 1)  0.006
 470 G   0.22860 0.21764 0.19085 0.15019 0.10329 0.06074 0.03130 0.01738 ( 1)  0.007
 471 L   0.00102 0.01452 0.04849 0.10244 0.16643 0.21933 0.23576 0.21202 ( 7)  0.033
 472 L   0.00171 0.02374 0.07514 0.14476 0.20584 0.22694 0.19278 0.12909 ( 6)  0.026
 473 R   0.00076 0.01080 0.03634 0.07838 0.13381 0.19517 0.25171 0.29303 ( 8)  0.039
 474 L   0.00135 0.01877 0.06000 0.11818 0.17560 0.21155 0.21538 0.19917 ( 7)  0.031
 475 T   0.00137 0.01910 0.06145 0.12199 0.18218 0.21743 0.21228 0.18419 ( 6)  0.030
 476 E   0.00197 0.02703 0.08314 0.15261 0.20342 0.21066 0.17863 0.14254 ( 6)  0.026
 477 A   0.22724 0.21588 0.18839 0.14743 0.10158 0.06165 0.03517 0.02265 ( 1)  0.007
 478 W   0.00000 0.00040 0.00458 0.02198 0.06764 0.15676 0.29431 0.45433 ( 8)  0.052
 479 L   0.20962 0.20183 0.18241 0.15174 0.11377 0.07510 0.04289 0.02264 ( 1)  0.008
 480 E   0.00124 0.01744 0.05649 0.11355 0.17305 0.21368 0.22088 0.20366 ( 7)  0.032
 481 E   0.24934 0.23352 0.19626 0.14368 0.08977 0.04829 0.02459 0.01455 ( 1)  0.006
 482 L   0.00000 0.00044 0.00511 0.02465 0.07565 0.17189 0.30486 0.41739 ( 8)  0.049
 483 L   0.00134 0.01872 0.05983 0.11780 0.17501 0.21100 0.21551 0.20078 ( 7)  0.032
 484 A   0.00124 0.01745 0.05650 0.11356 0.17307 0.21369 0.22088 0.20362 ( 7)  0.032
 485 G   0.00000 0.00061 0.00697 0.03258 0.09487 0.19813 0.30926 0.35757 ( 8)  0.046
 486 D   0.00141 0.01957 0.06196 0.12015 0.17524 0.20811 0.21246 0.20111 ( 7)  0.031
 487 A   0.00174 0.02405 0.07496 0.14091 0.19476 0.21222 0.19169 0.15965 ( 6)  0.028
 488 D   0.25327 0.23578 0.19517 0.13956 0.08539 0.04673 0.02638 0.01772 ( 1)  0.006
 489 Q   0.00199 0.02730 0.08385 0.15358 0.20401 0.21031 0.17751 0.14145 ( 6)  0.026
 490 P   0.21750 0.20891 0.18749 0.15359 0.11166 0.06937 0.03540 0.01608 ( 1)  0.007
 491 A   0.00129 0.01810 0.05824 0.11591 0.17456 0.21307 0.21836 0.20048 ( 7)  0.032
 492 V   0.22573 0.21422 0.18652 0.14571 0.10087 0.06276 0.03803 0.02615 ( 1)  0.008
 493 V   0.22560 0.21413 0.18649 0.14576 0.10096 0.06284 0.03807 0.02614 ( 1)  0.008
 494 D   0.00143 0.01986 0.06281 0.12161 0.17695 0.20918 0.21132 0.19685 ( 7)  0.031
 495 E   0.24934 0.23352 0.19626 0.14368 0.08977 0.04829 0.02459 0.01455 ( 1)  0.006
 496 A   0.22768 0.21622 0.18852 0.14730 0.10129 0.06137 0.03501 0.02261 ( 1)  0.007
 497 D   0.00254 0.03445 0.10259 0.17774 0.21729 0.20160 0.15315 0.11065 ( 5)  0.023
 498 E   0.00125 0.01746 0.05656 0.11371 0.17325 0.21374 0.22068 0.20336 ( 7)  0.032
 499 E   0.00127 0.01779 0.05739 0.11471 0.17369 0.21329 0.21970 0.20216 ( 7)  0.032
 500 T   0.00127 0.01777 0.05752 0.11560 0.17616 0.21675 0.22017 0.19477 ( 7)  0.031
 501 G   0.22866 0.21769 0.19088 0.15019 0.10326 0.06069 0.03127 0.01736 ( 1)  0.007
 502 G   0.22748 0.21675 0.19049 0.15048 0.10404 0.06154 0.03177 0.01746 ( 1)  0.007
 503 P   0.00140 0.01948 0.06188 0.12047 0.17614 0.20859 0.21115 0.20088 ( 7)  0.031
 504 D   0.25327 0.23578 0.19517 0.13956 0.08539 0.04673 0.02638 0.01772 ( 1)  0.006
 505 G   0.00000 0.00049 0.00566 0.02694 0.08096 0.17843 0.30454 0.40296 ( 8)  0.049
 506 G   0.00131 0.01835 0.05916 0.11801 0.17780 0.21563 0.21653 0.19321 ( 7)  0.031
 507 F   0.00000 0.00028 0.00336 0.01706 0.05667 0.14368 0.29471 0.48424 ( 8)  0.054
 508 Q   0.00120 0.01685 0.05504 0.11236 0.17501 0.22064 0.22679 0.19211 ( 7)  0.031
 509 Q   0.23194 0.22102 0.19420 0.15304 0.10462 0.05917 0.02613 0.00989 ( 1)  0.006
 510 Q   0.23074 0.22004 0.19375 0.15327 0.10539 0.06008 0.02673 0.01000 ( 1)  0.006
 511 Q   0.23194 0.22102 0.19420 0.15304 0.10462 0.05917 0.02613 0.00989 ( 1)  0.006
 512 Q   0.23194 0.22102 0.19420 0.15304 0.10462 0.05917 0.02613 0.00989 ( 1)  0.006
 513 A   0.00000 0.00051 0.00588 0.02795 0.08369 0.18268 0.30577 0.39351 ( 8)  0.048
 514 R   0.00123 0.01735 0.05651 0.11477 0.17734 0.22106 0.22398 0.18777 ( 7)  0.031
 515 L   0.21035 0.20243 0.18272 0.15165 0.11334 0.07453 0.04245 0.02253 ( 1)  0.008
 516 S   0.00000 0.00025 0.00304 0.01554 0.05238 0.13602 0.28962 0.50315 ( 8)  0.055
 517 A   0.00000 0.00051 0.00588 0.02795 0.08369 0.18268 0.30577 0.39351 ( 8)  0.048
 518 E   0.00233 0.03186 0.09650 0.17207 0.21863 0.21001 0.15899 0.10961 ( 5)  0.023
 519 L   0.20973 0.20191 0.18244 0.15170 0.11370 0.07502 0.04285 0.02264 ( 1)  0.008
 520 L   0.21098 0.20294 0.18297 0.15155 0.11294 0.07404 0.04212 0.02246 ( 1)  0.008
 521 A   0.00173 0.02393 0.07475 0.14102 0.19574 0.21375 0.19195 0.15713 ( 6)  0.028
 522 Q   0.00000 0.00099 0.01076 0.04651 0.12096 0.21894 0.29337 0.30845 ( 8)  0.042
 523 Y   0.00169 0.02350 0.07424 0.14259 0.20202 0.22254 0.19221 0.14120 ( 6)  0.027
 524 R   0.00123 0.01735 0.05651 0.11477 0.17734 0.22106 0.22398 0.18777 ( 7)  0.031
 525 A   0.00126 0.01765 0.05708 0.11445 0.17378 0.21360 0.21986 0.20233 ( 7)  0.032
 526 R   0.21329 0.20537 0.18553 0.15387 0.11407 0.07280 0.03809 0.01698 ( 1)  0.007
 527 E   0.24934 0.23352 0.19626 0.14368 0.08977 0.04829 0.02459 0.01455 ( 1)  0.006
 528 Q   0.00000 0.00036 0.00422 0.02080 0.06596 0.15716 0.29870 0.45280 ( 8)  0.052
 529 E   0.00001 0.00134 0.01424 0.05921 0.14476 0.23895 0.28259 0.25891 ( 7)  0.038
 530 M   0.26670 0.24835 0.20501 0.14377 0.08151 0.03559 0.01284 0.00623 ( 1)  0.004
 531 V   0.22573 0.21422 0.18652 0.14571 0.10087 0.06276 0.03803 0.02615 ( 1)  0.008
 532 Q   0.00114 0.01605 0.05231 0.10647 0.16590 0.21189 0.22832 0.21791 ( 7)  0.033
 533 Q   0.23194 0.22102 0.19420 0.15304 0.10462 0.05917 0.02613 0.00989 ( 1)  0.006
 534 E   0.25013 0.23411 0.19641 0.14337 0.08923 0.04784 0.02438 0.01453 ( 1)  0.006
 535 H   0.00000 0.00038 0.00437 0.02133 0.06698 0.15807 0.29831 0.45056 ( 8)  0.051
 536 L   0.00100 0.01412 0.04653 0.09663 0.15537 0.20770 0.23788 0.24077 ( 8)  0.035
 537 E   0.25013 0.23411 0.19641 0.14337 0.08923 0.04784 0.02438 0.01453 ( 1)  0.006
 538 Q   0.00216 0.02969 0.09149 0.16802 0.22194 0.22088 0.16561 0.10022 ( 5)  0.023
 539 E   0.25013 0.23411 0.19641 0.14337 0.08923 0.04784 0.02438 0.01453 ( 1)  0.006
 540 R   0.21183 0.20415 0.18489 0.15402 0.11495 0.07400 0.03899 0.01717 ( 1)  0.007
 541 I   0.00000 0.00037 0.00427 0.02068 0.06448 0.15205 0.29190 0.46625 ( 8)  0.052
 542 S   0.00000 0.00029 0.00349 0.01768 0.05835 0.14648 0.29610 0.47759 ( 8)  0.053
 543 A   0.22807 0.21653 0.18862 0.14718 0.10102 0.06110 0.03488 0.02261 ( 1)  0.007
 544 R   0.21464 0.20652 0.18623 0.15390 0.11342 0.07170 0.03701 0.01657 ( 1)  0.007
 545 N   0.24751 0.23274 0.19754 0.14675 0.09270 0.04888 0.02243 0.01145 ( 1)  0.005
 546 S   0.00121 0.01696 0.05543 0.11323 0.17640 0.22200 0.22647 0.18831 ( 7)  0.031
 547 V   0.22521 0.21383 0.18639 0.14589 0.10123 0.06309 0.03820 0.02615 ( 1)  0.008
 548 E   0.24850 0.23290 0.19608 0.14399 0.09034 0.04878 0.02482 0.01460 ( 1)  0.006
 549 E   0.25013 0.23411 0.19641 0.14337 0.08923 0.04784 0.02438 0.01453 ( 1)  0.006
 550 Y   0.22624 0.21653 0.19246 0.15479 0.10899 0.06378 0.02833 0.00888 ( 1)  0.006
 551 V   0.22593 0.21437 0.18657 0.14565 0.10073 0.06263 0.03797 0.02614 ( 1)  0.008
 552 Y   0.22624 0.21653 0.19246 0.15479 0.10899 0.06378 0.02833 0.00888 ( 1)  0.006
 553 E   0.25013 0.23411 0.19641 0.14337 0.08923 0.04784 0.02438 0.01453 ( 1)  0.006
 554 M   0.26670 0.24835 0.20501 0.14377 0.08151 0.03559 0.01284 0.00623 ( 1)  0.004
 555 R   0.21328 0.20535 0.18553 0.15387 0.11408 0.07281 0.03810 0.01699 ( 1)  0.007
 556 D   0.25369 0.23609 0.19523 0.13937 0.08510 0.04652 0.02629 0.01772 ( 1)  0.006
 557 R   0.00157 0.02177 0.06854 0.13134 0.18742 0.21394 0.20343 0.17198 ( 6)  0.029
 558 L   0.21035 0.20243 0.18272 0.15165 0.11334 0.07453 0.04245 0.02253 ( 1)  0.008
 559 A   0.00131 0.01836 0.05902 0.11729 0.17640 0.21482 0.21807 0.19472 ( 7)  0.031
 560 S   0.00000 0.00026 0.00308 0.01575 0.05307 0.13751 0.29113 0.49920 ( 8)  0.054
 561 G   0.00133 0.01857 0.05963 0.11826 0.17701 0.21386 0.21579 0.19555 ( 7)  0.031
 562 L   0.21035 0.20243 0.18272 0.15165 0.11334 0.07453 0.04245 0.02253 ( 1)  0.008
 563 A   0.00126 0.01766 0.05712 0.11453 0.17389 0.21360 0.21969 0.20225 ( 7)  0.032
 564 N   0.00000 0.00079 0.00884 0.04002 0.11085 0.21544 0.30512 0.31893 ( 8)  0.043
 565 L   0.00168 0.02336 0.07404 0.14309 0.20450 0.22716 0.19485 0.13133 ( 6)  0.026
 566 L   0.00136 0.01900 0.06060 0.11886 0.17568 0.21055 0.21412 0.19983 ( 7)  0.031
 567 T   0.00120 0.01692 0.05530 0.11298 0.17605 0.22172 0.22661 0.18922 ( 7)  0.031
 568 D   0.00256 0.03479 0.10337 0.17844 0.21710 0.20055 0.15233 0.11086 ( 5)  0.023
 569 V   0.00176 0.02426 0.07553 0.14165 0.19516 0.21185 0.19080 0.15899 ( 6)  0.028
 570 E   0.24934 0.23352 0.19626 0.14368 0.08977 0.04829 0.02459 0.01455 ( 1)  0.006
 571 R   0.21183 0.20415 0.18489 0.15402 0.11495 0.07400 0.03899 0.01717 ( 1)  0.007
 572 V   0.00128 0.01793 0.05774 0.11500 0.17328 0.21182 0.21868 0.20426 ( 7)  0.032
 573 G   0.00000 0.00032 0.00373 0.01851 0.05964 0.14638 0.29247 0.47896 ( 8)  0.053
 574 F   0.00174 0.02417 0.07608 0.14517 0.20365 0.22138 0.18872 0.13908 ( 6)  0.026
 575 V   0.00000 0.00048 0.00554 0.02638 0.07954 0.17631 0.30368 0.40806 ( 8)  0.049
 576 D   0.00001 0.00100 0.01081 0.04668 0.12121 0.21901 0.29307 0.30822 ( 8)  0.042
 577 A   0.00000 0.00055 0.00618 0.02881 0.08434 0.18071 0.30163 0.39777 ( 8)  0.048
 578 L   0.21157 0.20342 0.18319 0.15144 0.11256 0.07358 0.04182 0.02242 ( 1)  0.008
 579 D   0.00000 0.00057 0.00644 0.02986 0.08670 0.18368 0.30197 0.39077 ( 8)  0.048
 580 A   0.22807 0.21653 0.18862 0.14718 0.10102 0.06110 0.03488 0.02261 ( 1)  0.007
 581 T   0.22382 0.21407 0.18999 0.15263 0.10784 0.06461 0.03192 0.01512 ( 1)  0.007
 582 E   0.25013 0.23411 0.19641 0.14337 0.08923 0.04784 0.02438 0.01453 ( 1)  0.006
 583 A   0.00144 0.01997 0.06312 0.12205 0.17726 0.20909 0.21083 0.19625 ( 7)  0.031
 584 W   0.21207 0.20516 0.18754 0.15839 0.11956 0.07577 0.03471 0.00680 ( 1)  0.006
 585 L   0.00107 0.01514 0.05018 0.10483 0.16798 0.21835 0.23256 0.20989 ( 7)  0.033
 586 Y   0.22624 0.21653 0.19246 0.15479 0.10899 0.06378 0.02833 0.00888 ( 1)  0.006
 587 G   0.22974 0.21853 0.19121 0.14988 0.10251 0.05993 0.03086 0.01734 ( 1)  0.007
 588 D   0.25369 0.23609 0.19523 0.13937 0.08510 0.04652 0.02629 0.01772 ( 1)  0.006
 589 G   0.22977 0.21856 0.19122 0.14989 0.10250 0.05991 0.03084 0.01732 ( 1)  0.007
 590 E   0.25013 0.23411 0.19641 0.14337 0.08923 0.04784 0.02438 0.01453 ( 1)  0.006
 591 R   0.00000 0.00063 0.00708 0.03252 0.09290 0.19185 0.30330 0.37171 ( 8)  0.046
 592 L   0.21096 0.20292 0.18296 0.15155 0.11295 0.07405 0.04213 0.02248 ( 1)  0.008
 593 D   0.00142 0.01969 0.06237 0.12100 0.17655 0.20933 0.21197 0.19768 ( 7)  0.031
 594 R   0.00137 0.01910 0.06069 0.11840 0.17428 0.20936 0.21545 0.20136 ( 7)  0.032
 595 Q   0.23194 0.22102 0.19420 0.15304 0.10462 0.05917 0.02613 0.00989 ( 1)  0.006
 596 A   0.22807 0.21653 0.18862 0.14718 0.10102 0.06110 0.03488 0.02261 ( 1)  0.007
 597 Y   0.22624 0.21653 0.19246 0.15479 0.10899 0.06378 0.02833 0.00888 ( 1)  0.006
 598 V   0.22556 0.21409 0.18647 0.14576 0.10097 0.06286 0.03810 0.02619 ( 1)  0.008
 599 N   0.00248 0.03364 0.10026 0.17404 0.21366 0.20026 0.15629 0.11938 ( 5)  0.023
 600 R   0.00131 0.01826 0.05826 0.11455 0.17066 0.20857 0.21937 0.20902 ( 7)  0.032
 601 L   0.21035 0.20243 0.18272 0.15165 0.11334 0.07453 0.04245 0.02253 ( 1)  0.008
 602 A   0.22768 0.21622 0.18852 0.14730 0.10129 0.06137 0.03501 0.02261 ( 1)  0.007
 603 D   0.00255 0.03467 0.10311 0.17822 0.21721 0.20095 0.15260 0.11069 ( 5)  0.023
 604 L   0.20962 0.20183 0.18241 0.15174 0.11377 0.07510 0.04289 0.02264 ( 1)  0.008
 605 R   0.21346 0.20551 0.18560 0.15384 0.11396 0.07267 0.03800 0.01696 ( 1)  0.007
 606 R   0.00145 0.02014 0.06409 0.12501 0.18257 0.21363 0.20828 0.18484 ( 6)  0.030
 607 E   0.00000 0.00036 0.00425 0.02090 0.06606 0.15679 0.29730 0.45433 ( 8)  0.052
 608 G   0.22977 0.21856 0.19122 0.14989 0.10250 0.05991 0.03084 0.01732 ( 1)  0.007
 609 D   0.00255 0.03457 0.10286 0.17796 0.21719 0.20119 0.15288 0.11081 ( 5)  0.023
 610 A   0.00000 0.00035 0.00413 0.02027 0.06425 0.15370 0.29599 0.46131 ( 8)  0.052
 611 Y   0.00174 0.02418 0.07609 0.14519 0.20367 0.22139 0.18870 0.13904 ( 6)  0.026
 612 C   0.00000 0.00040 0.00462 0.02238 0.06947 0.16152 0.29937 0.44224 ( 8)  0.051
 613 Q   0.00130 0.01830 0.05939 0.11977 0.18301 0.22421 0.22040 0.17362 ( 6)  0.030
 614 R   0.21006 0.20267 0.18409 0.15415 0.11596 0.07544 0.04015 0.01748 ( 1)  0.007
 615 L   0.00000 0.00054 0.00613 0.02863 0.08402 0.18054 0.30209 0.39803 ( 8)  0.048
 616 V   0.00000 0.00059 0.00667 0.03082 0.08893 0.18658 0.30240 0.38401 ( 8)  0.047
 617 N   0.00001 0.00135 0.01438 0.05967 0.14540 0.23908 0.28180 0.25831 ( 7)  0.038
 618 G   0.00000 0.00037 0.00428 0.02092 0.06589 0.15625 0.29724 0.45506 ( 8)  0.052
 619 E   0.25013 0.23411 0.19641 0.14337 0.08923 0.04784 0.02438 0.01453 ( 1)  0.006
 620 S   0.00000 0.00036 0.00441 0.02295 0.07584 0.18019 0.31635 0.39989 ( 8)  0.049
 621 R   0.21328 0.20535 0.18553 0.15387 0.11408 0.07281 0.03810 0.01699 ( 1)  0.007
 622 G   0.00000 0.00036 0.00415 0.02036 0.06444 0.15390 0.29597 0.46082 ( 8)  0.052
 623 G   0.00148 0.02055 0.06524 0.12676 0.18412 0.21405 0.20717 0.18064 ( 6)  0.030
 624 S   0.00130 0.01814 0.05841 0.11641 0.17576 0.21507 0.21924 0.19567 ( 7)  0.031
 625 G   0.00130 0.01825 0.05887 0.11758 0.17743 0.21567 0.21705 0.19384 ( 7)  0.031
 626 G   0.00180 0.02482 0.07698 0.14361 0.19678 0.21263 0.18980 0.15358 ( 6)  0.027
 627 G   0.00130 0.01825 0.05887 0.11758 0.17743 0.21567 0.21705 0.19384 ( 7)  0.031
 628 N   0.00000 0.00034 0.00398 0.01974 0.06332 0.15326 0.29734 0.46203 ( 8)  0.052
 629 G   0.22945 0.21831 0.19113 0.14996 0.10270 0.06012 0.03098 0.01735 ( 1)  0.007
 630 P   0.00141 0.01970 0.06272 0.12256 0.17979 0.21237 0.21057 0.19087 ( 6)  0.031
 631 S   0.00000 0.00047 0.00542 0.02589 0.07846 0.17522 0.30430 0.41025 ( 8)  0.049
 632 S   0.00000 0.00029 0.00349 0.01768 0.05835 0.14648 0.29610 0.47759 ( 8)  0.053
 633 K   0.00175 0.02435 0.07679 0.14690 0.20639 0.22381 0.18811 0.13189 ( 6)  0.026
 634 R   0.00142 0.01974 0.06295 0.12339 0.18189 0.21601 0.21307 0.18154 ( 6)  0.030
 635 C   0.00000 0.00030 0.00348 0.01746 0.05706 0.14256 0.29107 0.48807 ( 8)  0.054
 636 R   0.21428 0.20620 0.18601 0.15385 0.11357 0.07202 0.03736 0.01670 ( 1)  0.007


lnL = -4595.637412

