Supplemental results for CODEML (seqf: algn  treef: tree)


dN/dS (w) for site classes (K=8)

p:   0.12500  0.12500  0.12500  0.12500  0.12500  0.12500  0.12500  0.12500
w:   0.00292  0.03268  0.09975  0.20606  0.35018  0.52698  0.72591  0.92436

Naive Empirical Bayes (NEB) probabilities for 8 classes & postmean_w
(amino acids refer to 1st sequence: scw.10197)

   1 M   0.27713 0.24831 0.19400 0.13142 0.07778 0.04111 0.02021 0.01004 ( 1)  0.128
   2 V   0.19327 0.18466 0.16667 0.14173 0.11386 0.08716 0.06463 0.04804 ( 1)  0.230
   3 S   0.18121 0.17457 0.16051 0.14053 0.11742 0.09428 0.07372 0.05776 ( 1)  0.249
   4 G   0.00000 0.00005 0.00122 0.00994 0.04374 0.13040 0.29327 0.52138 ( 8)  0.781
   5 Q   0.14621 0.14417 0.13968 0.13286 0.12413 0.11421 0.10400 0.09473 ( 1)  0.313
   6 W   0.00201 0.02172 0.06139 0.11232 0.16192 0.19923 0.21888 0.22254 ( 8)  0.556
   7 M   0.00629 0.06316 0.15068 0.21103 0.21246 0.16915 0.11467 0.07255 ( 5)  0.374
   8 L   0.21682 0.20374 0.17712 0.14199 0.10539 0.07330 0.04889 0.03275 ( 1)  0.196
   9 S   0.21604 0.20318 0.17696 0.14220 0.10581 0.07373 0.04918 0.03290 ( 1)  0.196
  10 I   0.00247 0.02642 0.07275 0.12767 0.17405 0.20012 0.20394 0.19259 ( 7)  0.527
  11 L   0.00322 0.03388 0.08997 0.14918 0.18849 0.19768 0.18200 0.15559 ( 6)  0.487
  12 R   0.00000 0.00000 0.00022 0.00356 0.02477 0.10166 0.28511 0.58467 ( 8)  0.810
  13 R   0.16804 0.16333 0.15320 0.13842 0.12066 0.10198 0.08442 0.06995 ( 1)  0.272
  14 Q   0.15608 0.15290 0.14599 0.13567 0.12285 0.10879 0.09490 0.08282 ( 1)  0.294
  15 L   0.15377 0.15087 0.14453 0.13503 0.12317 0.11006 0.09701 0.08557 ( 1)  0.298
  16 F   0.27098 0.24399 0.19277 0.13300 0.08079 0.04416 0.02260 0.01170 ( 1)  0.134
  17 I   0.24103 0.22246 0.18576 0.13971 0.09514 0.05956 0.03530 0.02104 ( 1)  0.165
  18 N   0.21432 0.20181 0.17627 0.14228 0.10650 0.07473 0.05024 0.03386 ( 1)  0.199
  19 T   0.26000 0.23634 0.19071 0.13596 0.08620 0.04953 0.02672 0.01454 ( 1)  0.145
  20 C   0.20975 0.19814 0.17431 0.14232 0.10821 0.07741 0.05320 0.03666 ( 1)  0.205
  21 T   0.20171 0.19158 0.17063 0.14210 0.11101 0.08216 0.05871 0.04209 ( 1)  0.217
  22 F   0.00268 0.02851 0.07767 0.13407 0.17872 0.19991 0.19754 0.18090 ( 6)  0.515
  23 L   0.21565 0.20280 0.17663 0.14201 0.10583 0.07399 0.04964 0.03346 ( 1)  0.197
  24 M   0.00000 0.00031 0.00695 0.04188 0.12311 0.22517 0.29467 0.30792 ( 8)  0.670
  25 V   0.00003 0.00294 0.02314 0.07568 0.15272 0.22353 0.26068 0.26130 ( 8)  0.620
  26 V   0.26572 0.24035 0.19184 0.13447 0.08339 0.04670 0.02452 0.01301 ( 1)  0.139
  27 V   0.00004 0.00453 0.03383 0.10179 0.18367 0.23495 0.23624 0.20495 ( 7)  0.574
  28 V   0.19327 0.18466 0.16667 0.14173 0.11386 0.08716 0.06463 0.04804 ( 1)  0.230
  29 V   0.26572 0.24035 0.19184 0.13447 0.08339 0.04670 0.02452 0.01301 ( 1)  0.139
  30 L   0.18445 0.17732 0.16225 0.14097 0.11656 0.09237 0.07117 0.05492 ( 1)  0.243
  31 Q   0.14621 0.14417 0.13968 0.13286 0.12413 0.11421 0.10400 0.09473 ( 1)  0.313
  32 V   0.26572 0.24035 0.19184 0.13447 0.08339 0.04670 0.02452 0.01301 ( 1)  0.139
  33 S   0.18229 0.17547 0.16106 0.14064 0.11711 0.09364 0.07291 0.05688 ( 1)  0.247
  34 A   0.00003 0.00399 0.03029 0.09357 0.17475 0.23272 0.24420 0.22045 ( 7)  0.587
  35 P   0.00207 0.02232 0.06288 0.11438 0.16364 0.19947 0.21691 0.21832 ( 8)  0.552
  36 Y   0.15816 0.15473 0.14728 0.13621 0.12252 0.10762 0.09302 0.08046 ( 1)  0.290
  37 S   0.00315 0.03324 0.08859 0.14770 0.18783 0.19830 0.18361 0.15758 ( 6)  0.490
  38 R   0.16725 0.16263 0.15270 0.13821 0.12078 0.10242 0.08515 0.07087 ( 1)  0.273
  39 T   0.26000 0.23634 0.19071 0.13596 0.08620 0.04953 0.02672 0.01454 ( 1)  0.145
  40 L   0.00000 0.00006 0.00165 0.01280 0.05277 0.14539 0.29942 0.48792 ( 8)  0.766
  41 L   0.21682 0.20374 0.17712 0.14199 0.10539 0.07330 0.04889 0.03275 ( 1)  0.196
  42 T   0.22315 0.20874 0.17964 0.14169 0.10287 0.06963 0.04502 0.02925 ( 1)  0.187
  43 L   0.00002 0.00216 0.01763 0.06095 0.13243 0.21200 0.27306 0.30174 ( 8)  0.650
  44 V   0.00245 0.02618 0.07216 0.12689 0.17345 0.20009 0.20471 0.19408 ( 7)  0.528
  45 L   0.00330 0.03469 0.09180 0.15136 0.18979 0.19722 0.17972 0.15211 ( 6)  0.483
  46 K   0.18800 0.18030 0.16409 0.14136 0.11554 0.09028 0.06845 0.05198 ( 1)  0.238
  47 I   0.27353 0.24575 0.19321 0.13228 0.07954 0.04294 0.02168 0.01108 ( 1)  0.132
  48 L   0.00214 0.02306 0.06468 0.11687 0.16568 0.19973 0.21453 0.21331 ( 7)  0.547
  49 T   0.25737 0.23445 0.19010 0.13655 0.08746 0.05088 0.02783 0.01534 ( 1)  0.147
  50 L   0.21488 0.20218 0.17630 0.14202 0.10613 0.07444 0.05013 0.03392 ( 1)  0.198
  51 I   0.24103 0.22246 0.18576 0.13971 0.09514 0.05956 0.03530 0.02104 ( 1)  0.165
  52 L   0.00329 0.03454 0.09146 0.15095 0.18955 0.19731 0.18015 0.15275 ( 6)  0.484
  53 V   0.26572 0.24035 0.19184 0.13447 0.08339 0.04670 0.02452 0.01301 ( 1)  0.139
  54 E   0.16405 0.15988 0.15086 0.13760 0.12148 0.10427 0.08784 0.07404 ( 1)  0.279
  55 S   0.00320 0.03370 0.08963 0.14896 0.18861 0.19807 0.18231 0.15553 ( 6)  0.487
  56 C   0.21025 0.19854 0.17452 0.14231 0.10802 0.07712 0.05288 0.03635 ( 1)  0.204
  57 F   0.26800 0.24191 0.19221 0.13380 0.08226 0.04561 0.02372 0.01248 ( 1)  0.137
  58 E   0.18323 0.17630 0.16163 0.14086 0.11693 0.09310 0.07208 0.05587 ( 1)  0.245
  59 F   0.00281 0.02983 0.08072 0.13786 0.18122 0.19942 0.19366 0.17448 ( 6)  0.508
  60 H   0.00243 0.02607 0.07193 0.12667 0.17343 0.20031 0.20498 0.19418 ( 7)  0.529
  61 M   0.27713 0.24831 0.19400 0.13142 0.07778 0.04111 0.02021 0.01004 ( 1)  0.128
  62 F   0.20227 0.19206 0.17094 0.14218 0.11087 0.08183 0.05826 0.04160 ( 1)  0.216
  63 F   0.00517 0.05269 0.12992 0.19182 0.20765 0.18098 0.13609 0.09568 ( 5)  0.410
  64 N   0.17393 0.16837 0.15651 0.13943 0.11926 0.09854 0.07958 0.06437 ( 1)  0.261
  65 C   0.00306 0.03232 0.08650 0.14514 0.18619 0.19870 0.18625 0.16184 ( 6)  0.494
  66 R   0.19285 0.18434 0.16653 0.14179 0.11407 0.08741 0.06484 0.04818 ( 1)  0.230
  67 N   0.21432 0.20181 0.17627 0.14228 0.10650 0.07473 0.05024 0.03386 ( 1)  0.199
  68 A   0.25217 0.23071 0.18889 0.13773 0.08997 0.05356 0.03002 0.01694 ( 1)  0.153
  69 V   0.00000 0.00000 0.00023 0.00367 0.02535 0.10309 0.28623 0.58143 ( 8)  0.809
  70 L   0.26007 0.23645 0.19086 0.13608 0.08621 0.04942 0.02655 0.01436 ( 1)  0.144
  71 A   0.00460 0.04726 0.11902 0.18146 0.20473 0.18703 0.14759 0.10831 ( 5)  0.428
  72 L   0.21682 0.20374 0.17712 0.14199 0.10539 0.07330 0.04889 0.03275 ( 1)  0.196
  73 P   0.00001 0.00131 0.01127 0.04243 0.10334 0.18998 0.28525 0.36642 ( 8)  0.692
  74 I   0.19954 0.18982 0.16964 0.14203 0.11176 0.08344 0.06020 0.04357 ( 1)  0.220
  75 L   0.00495 0.05062 0.12597 0.18851 0.20736 0.18362 0.13988 0.09910 ( 5)  0.416
  76 D   0.00001 0.00129 0.01108 0.04182 0.10228 0.18901 0.28550 0.36901 ( 8)  0.694
  77 F   0.26598 0.24049 0.19180 0.13431 0.08324 0.04662 0.02452 0.01304 ( 1)  0.139
  78 T   0.22358 0.20907 0.17979 0.14166 0.10270 0.06939 0.04478 0.02903 ( 1)  0.186
  79 S   0.25653 0.23382 0.18986 0.13670 0.08785 0.05134 0.02824 0.01566 ( 1)  0.148
  80 A   0.18705 0.17949 0.16359 0.14124 0.11580 0.09084 0.06919 0.05279 ( 1)  0.239
  81 S   0.25653 0.23382 0.18986 0.13670 0.08785 0.05134 0.02824 0.01566 ( 1)  0.148
  82 E   0.00001 0.00107 0.00939 0.03652 0.09294 0.18030 0.28755 0.39222 ( 8)  0.707
  83 P   0.23532 0.21818 0.18404 0.14062 0.09775 0.06269 0.03812 0.02327 ( 1)  0.172
  84 P   0.00003 0.00319 0.02491 0.08037 0.15902 0.22687 0.25661 0.24900 ( 7)  0.611
  85 C   0.21197 0.19993 0.17526 0.14230 0.10738 0.07611 0.05176 0.03530 ( 1)  0.202
  86 S   0.18307 0.17613 0.16147 0.14074 0.11689 0.09318 0.07230 0.05621 ( 1)  0.246
  87 S   0.21926 0.20567 0.17810 0.14188 0.10443 0.07189 0.04739 0.03138 ( 1)  0.192
  88 M   0.27713 0.24831 0.19400 0.13142 0.07778 0.04111 0.02021 0.01004 ( 1)  0.128
  89 M   0.00617 0.06197 0.14843 0.20912 0.21223 0.17058 0.11684 0.07466 ( 5)  0.378
  90 L   0.26007 0.23645 0.19086 0.13608 0.08621 0.04942 0.02655 0.01436 ( 1)  0.144
  91 P   0.21778 0.20454 0.17762 0.14209 0.10510 0.07272 0.04815 0.03199 ( 1)  0.194
  92 R   0.00001 0.00159 0.01343 0.04889 0.11395 0.19869 0.28154 0.34190 ( 8)  0.676
  93 Y   0.20781 0.19658 0.17348 0.14235 0.10894 0.07855 0.05445 0.03784 ( 1)  0.208
  94 V   0.00384 0.03991 0.10333 0.16461 0.19708 0.19360 0.16574 0.13189 ( 5)  0.459
  95 K   0.18900 0.18114 0.16462 0.14148 0.11526 0.08968 0.06768 0.05115 ( 1)  0.236
  96 D   0.00203 0.02199 0.06206 0.11323 0.16266 0.19929 0.21799 0.22073 ( 8)  0.555
  97 S   0.00503 0.05131 0.12725 0.18951 0.20731 0.18267 0.13871 0.09821 ( 5)  0.414
  98 T   0.00001 0.00165 0.01383 0.05009 0.11595 0.20038 0.28088 0.33722 ( 8)  0.674
  99 S   0.00004 0.00462 0.03440 0.10307 0.18497 0.23516 0.23498 0.20276 ( 6)  0.572
 100 S   0.18277 0.17588 0.16132 0.14071 0.11699 0.09336 0.07252 0.05644 ( 1)  0.246
 101 R   0.00180 0.01963 0.05620 0.10494 0.15551 0.19787 0.22575 0.23829 ( 8)  0.571
 102 V   0.00559 0.05657 0.13780 0.19947 0.21007 0.17681 0.12765 0.08604 ( 5)  0.396
 103 S   0.00000 0.00012 0.00293 0.02067 0.07495 0.17656 0.30549 0.41927 ( 8)  0.733
 104 P   0.17913 0.17282 0.15943 0.14031 0.11803 0.09551 0.07531 0.05945 ( 1)  0.252
 105 S   0.18229 0.17547 0.16106 0.14064 0.11711 0.09364 0.07291 0.05688 ( 1)  0.247
 106 R   0.00180 0.01963 0.05622 0.10496 0.15552 0.19787 0.22574 0.23826 ( 8)  0.571
 107 V   0.00369 0.03853 0.10032 0.16124 0.19535 0.19468 0.16932 0.13685 ( 5)  0.465
 108 I   0.27353 0.24575 0.19321 0.13228 0.07954 0.04294 0.02168 0.01108 ( 1)  0.132
 109 G   0.00000 0.00000 0.00016 0.00263 0.01965 0.08809 0.27267 0.61680 ( 8)  0.822
 110 L   0.21682 0.20374 0.17712 0.14199 0.10539 0.07330 0.04889 0.03275 ( 1)  0.196
 111 L   0.20209 0.19186 0.17072 0.14199 0.11080 0.08194 0.05856 0.04204 ( 1)  0.216
 112 F   0.25012 0.22910 0.18810 0.13787 0.09083 0.05476 0.03123 0.01799 ( 1)  0.155
 113 S   0.18016 0.17368 0.15994 0.14039 0.11771 0.09490 0.07455 0.05866 ( 1)  0.251
 114 A   0.00452 0.04647 0.11734 0.17971 0.20399 0.18779 0.14949 0.11070 ( 5)  0.432
 115 L   0.21682 0.20374 0.17712 0.14199 0.10539 0.07330 0.04889 0.03275 ( 1)  0.196
 116 N   0.21432 0.20181 0.17627 0.14228 0.10650 0.07473 0.05024 0.03386 ( 1)  0.199
 117 L   0.21682 0.20374 0.17712 0.14199 0.10539 0.07330 0.04889 0.03275 ( 1)  0.196
 118 R   0.00246 0.02635 0.07260 0.12753 0.17403 0.20025 0.20412 0.19266 ( 7)  0.527
 119 T   0.23657 0.21906 0.18427 0.14025 0.09709 0.06206 0.03768 0.02301 ( 1)  0.170
 120 S   0.00324 0.03406 0.09038 0.14968 0.18879 0.19758 0.18148 0.15479 ( 6)  0.486
 121 V   0.26572 0.24035 0.19184 0.13447 0.08339 0.04670 0.02452 0.01301 ( 1)  0.139
 122 F   0.20073 0.19081 0.17025 0.14216 0.11142 0.08274 0.05929 0.04260 ( 1)  0.218
 123 P   0.23532 0.21818 0.18404 0.14062 0.09775 0.06269 0.03812 0.02327 ( 1)  0.172
 124 L   0.21682 0.20374 0.17712 0.14199 0.10539 0.07330 0.04889 0.03275 ( 1)  0.196
 125 C   0.00305 0.03218 0.08618 0.14474 0.18594 0.19877 0.18666 0.16248 ( 6)  0.495
 126 M   0.00623 0.06254 0.14951 0.21004 0.21235 0.16990 0.11579 0.07364 ( 5)  0.376
 127 L   0.17000 0.16500 0.15430 0.13875 0.12019 0.10084 0.08282 0.06810 ( 1)  0.268
 128 R   0.00242 0.02595 0.07165 0.12627 0.17307 0.20022 0.20536 0.19505 ( 7)  0.530
 129 P   0.00416 0.04305 0.11020 0.17236 0.20112 0.19120 0.15750 0.12041 ( 5)  0.445
 130 T   0.00004 0.00401 0.03044 0.09387 0.17500 0.23267 0.24388 0.22010 ( 7)  0.587
 131 D   0.20743 0.19629 0.17335 0.14238 0.10910 0.07877 0.05466 0.03801 ( 1)  0.208
 132 A   0.18705 0.17949 0.16359 0.14124 0.11580 0.09084 0.06919 0.05279 ( 1)  0.239
 133 E   0.00219 0.02363 0.06606 0.11877 0.16725 0.19995 0.21271 0.20945 ( 7)  0.544
 134 T   0.25745 0.23450 0.19012 0.13654 0.08743 0.05084 0.02780 0.01532 ( 1)  0.147
 135 V   0.00004 0.00401 0.03044 0.09392 0.17516 0.23285 0.24386 0.21972 ( 7)  0.587
 136 A   0.00433 0.04468 0.11358 0.17578 0.20237 0.18951 0.15375 0.11600 ( 5)  0.439
 137 T   0.19006 0.18200 0.16510 0.14150 0.11488 0.08905 0.06695 0.05044 ( 1)  0.235
 138 L   0.00188 0.02046 0.05826 0.10786 0.15805 0.19841 0.22303 0.23205 ( 8)  0.565
 139 A   0.00494 0.05053 0.12576 0.18823 0.20716 0.18365 0.14017 0.09956 ( 5)  0.416
 140 V   0.00220 0.02364 0.06607 0.11873 0.16713 0.19980 0.21270 0.20973 ( 7)  0.544
 141 F   0.21363 0.20117 0.17575 0.14201 0.10657 0.07517 0.05097 0.03473 ( 1)  0.200
 142 I   0.19938 0.18968 0.16956 0.14203 0.11182 0.08354 0.06031 0.04367 ( 1)  0.220
 143 C   0.00306 0.03229 0.08642 0.14504 0.18613 0.19873 0.18635 0.16198 ( 6)  0.494
 144 S   0.00321 0.03379 0.08978 0.14898 0.18839 0.19776 0.18222 0.15587 ( 6)  0.487
 145 C   0.00305 0.03223 0.08627 0.14484 0.18598 0.19872 0.18655 0.16236 ( 6)  0.495
 146 V   0.19308 0.18451 0.16658 0.14171 0.11392 0.08726 0.06476 0.04818 ( 1)  0.230
 147 C   0.00000 0.00000 0.00021 0.00342 0.02402 0.09977 0.28351 0.58906 ( 8)  0.812
 148 D   0.20743 0.19629 0.17335 0.14238 0.10910 0.07877 0.05466 0.03801 ( 1)  0.208
 149 S   0.00000 0.00002 0.00058 0.00611 0.03337 0.11698 0.29254 0.55040 ( 8)  0.796
 150 W   0.00000 0.00001 0.00022 0.00262 0.01830 0.08405 0.27012 0.62468 ( 8)  0.825
 151 A   0.00003 0.00370 0.02836 0.08888 0.16927 0.23082 0.24864 0.23030 ( 7)  0.596


lnL = -1766.327009

