Supplemental results for CODEML (seqf: algn  treef: tree)


dN/dS (w) for site classes (K=8)

p:   0.12500  0.12500  0.12500  0.12500  0.12500  0.12500  0.12500  0.12500
w:   0.00000  0.00000  0.00000  0.00000  1.00000  1.00000  1.00000  1.00000

Naive Empirical Bayes (NEB) probabilities for 8 classes & postmean_w
(amino acids refer to 1st sequence: scw.25264)

   1 L   0.16019 0.16019 0.16019 0.16019 0.08981 0.08981 0.08981 0.08981 ( 2)  0.359
   2 V   0.16101 0.16101 0.16101 0.16101 0.08899 0.08899 0.08899 0.08899 ( 1)  0.356
   3 H   0.17462 0.17462 0.17462 0.17462 0.07538 0.07538 0.07538 0.07538 ( 2)  0.302
   4 T   0.00000 0.00000 0.00000 0.00000 0.25000 0.25000 0.25000 0.25000 ( 6)  1.000
   5 P   0.15766 0.15766 0.15766 0.15766 0.09234 0.09234 0.09234 0.09234 ( 1)  0.369
   6 F   0.16893 0.16893 0.16893 0.16893 0.08107 0.08107 0.08107 0.08107 ( 1)  0.324
   7 V   0.00000 0.00000 0.00000 0.00000 0.25000 0.25000 0.25000 0.25000 ( 6)  1.000
   8 P   0.16577 0.16577 0.16577 0.16577 0.08423 0.08423 0.08423 0.08423 ( 1)  0.337
   9 S   0.00000 0.00000 0.00000 0.00000 0.25000 0.25000 0.25000 0.25000 ( 6)  1.000
  10 G   0.15104 0.15104 0.15104 0.15104 0.09896 0.09896 0.09896 0.09896 ( 2)  0.396
  11 S   0.00000 0.00000 0.00000 0.00000 0.25000 0.25000 0.25000 0.25000 ( 6)  1.000
  12 W   0.16836 0.16836 0.16836 0.16836 0.08164 0.08164 0.08164 0.08164 ( 2)  0.327
  13 S   0.16743 0.16743 0.16743 0.16743 0.08257 0.08257 0.08257 0.08257 ( 2)  0.330
  14 P   0.15766 0.15766 0.15766 0.15766 0.09234 0.09234 0.09234 0.09234 ( 1)  0.369
  15 C   0.16879 0.16879 0.16879 0.16879 0.08121 0.08121 0.08121 0.08121 ( 2)  0.325
  16 A   0.15700 0.15700 0.15700 0.15700 0.09300 0.09300 0.09300 0.09300 ( 1)  0.372
  17 T   0.00000 0.00000 0.00000 0.00000 0.25000 0.25000 0.25000 0.25000 ( 6)  1.000
  18 L   0.16019 0.16019 0.16019 0.16019 0.08981 0.08981 0.08981 0.08981 ( 2)  0.359
  19 I   0.16519 0.16519 0.16519 0.16519 0.08481 0.08481 0.08481 0.08481 ( 2)  0.339
  20 S   0.00000 0.00000 0.00000 0.00000 0.25000 0.25000 0.25000 0.25000 ( 6)  1.000
  21 N   0.17068 0.17068 0.17068 0.17068 0.07932 0.07932 0.07932 0.07932 ( 1)  0.317
  22 P   0.17174 0.17174 0.17174 0.17174 0.07826 0.07826 0.07826 0.07826 ( 2)  0.313
  23 V   0.16294 0.16294 0.16294 0.16294 0.08706 0.08706 0.08706 0.08706 ( 2)  0.348
  24 K   0.15874 0.15874 0.15874 0.15874 0.09126 0.09126 0.09126 0.09126 ( 1)  0.365
  25 A   0.17117 0.17117 0.17117 0.17117 0.07883 0.07883 0.07883 0.07883 ( 2)  0.315
  26 P   0.16533 0.16533 0.16533 0.16533 0.08467 0.08467 0.08467 0.08467 ( 2)  0.339
  27 D   0.16931 0.16931 0.16931 0.16931 0.08069 0.08069 0.08069 0.08069 ( 2)  0.323
  28 I   0.16519 0.16519 0.16519 0.16519 0.08481 0.08481 0.08481 0.08481 ( 2)  0.339
  29 R   0.16148 0.16148 0.16148 0.16148 0.08852 0.08852 0.08852 0.08852 ( 2)  0.354
  30 F   0.16893 0.16893 0.16893 0.16893 0.08107 0.08107 0.08107 0.08107 ( 1)  0.324
  31 S   0.16736 0.16736 0.16736 0.16736 0.08264 0.08264 0.08264 0.08264 ( 2)  0.331
  32 S   0.00000 0.00000 0.00000 0.00000 0.25000 0.25000 0.25000 0.25000 ( 6)  1.000
  33 S   0.16712 0.16712 0.16712 0.16712 0.08288 0.08288 0.08288 0.08288 ( 2)  0.332
  34 H   0.17462 0.17462 0.17462 0.17462 0.07538 0.07538 0.07538 0.07538 ( 2)  0.302
  35 F   0.16893 0.16893 0.16893 0.16893 0.08107 0.08107 0.08107 0.08107 ( 1)  0.324
  36 R   0.16501 0.16501 0.16501 0.16501 0.08499 0.08499 0.08499 0.08499 ( 1)  0.340
  37 K   0.15874 0.15874 0.15874 0.15874 0.09126 0.09126 0.09126 0.09126 ( 1)  0.365
  38 Q   0.16022 0.16022 0.16022 0.16022 0.08978 0.08978 0.08978 0.08978 ( 2)  0.359
  39 H   0.17135 0.17135 0.17135 0.17135 0.07865 0.07865 0.07865 0.07865 ( 2)  0.315
  40 P   0.16361 0.16361 0.16361 0.16361 0.08639 0.08639 0.08639 0.08639 ( 2)  0.346
  41 L   0.00000 0.00000 0.00000 0.00000 0.25000 0.25000 0.25000 0.25000 ( 6)  1.000
  42 H   0.17135 0.17135 0.17135 0.17135 0.07865 0.07865 0.07865 0.07865 ( 2)  0.315
  43 E   0.17243 0.17243 0.17243 0.17243 0.07757 0.07757 0.07757 0.07757 ( 2)  0.310
  44 K   0.17044 0.17044 0.17044 0.17044 0.07956 0.07956 0.07956 0.07956 ( 1)  0.318
  45 A   0.15700 0.15700 0.15700 0.15700 0.09300 0.09300 0.09300 0.09300 ( 1)  0.372
  46 V   0.16772 0.16772 0.16772 0.16772 0.08228 0.08228 0.08228 0.08228 ( 2)  0.329
  47 S   0.17069 0.17069 0.17069 0.17069 0.07931 0.07931 0.07931 0.07931 ( 2)  0.317
  48 R   0.16928 0.16928 0.16928 0.16928 0.08072 0.08072 0.08072 0.08072 ( 2)  0.323
  49 T   0.16211 0.16211 0.16211 0.16211 0.08789 0.08789 0.08789 0.08789 ( 1)  0.352
  50 S   0.16351 0.16351 0.16351 0.16351 0.08649 0.08649 0.08649 0.08649 ( 2)  0.346
  51 L   0.16282 0.16282 0.16282 0.16282 0.08718 0.08718 0.08718 0.08718 ( 2)  0.349
  52 A   0.15700 0.15700 0.15700 0.15700 0.09300 0.09300 0.09300 0.09300 ( 1)  0.372
  53 K   0.00000 0.00000 0.00000 0.00000 0.25000 0.25000 0.25000 0.25000 ( 6)  1.000
  54 A   0.16495 0.16495 0.16495 0.16495 0.08505 0.08505 0.08505 0.08505 ( 1)  0.340
  55 I   0.15958 0.15958 0.15958 0.15958 0.09042 0.09042 0.09042 0.09042 ( 1)  0.362
  56 Y   0.16027 0.16027 0.16027 0.16027 0.08973 0.08973 0.08973 0.08973 ( 2)  0.359
  57 A   0.17117 0.17117 0.17117 0.17117 0.07883 0.07883 0.07883 0.07883 ( 2)  0.315
  58 W   0.16836 0.16836 0.16836 0.16836 0.08164 0.08164 0.08164 0.08164 ( 2)  0.327
  59 P   0.16533 0.16533 0.16533 0.16533 0.08467 0.08467 0.08467 0.08467 ( 2)  0.339
  60 C   0.16879 0.16879 0.16879 0.16879 0.08121 0.08121 0.08121 0.08121 ( 2)  0.325
  61 E   0.17243 0.17243 0.17243 0.17243 0.07757 0.07757 0.07757 0.07757 ( 2)  0.310
  62 S   0.16680 0.16680 0.16680 0.16680 0.08320 0.08320 0.08320 0.08320 ( 1)  0.333
  63 I   0.16519 0.16519 0.16519 0.16519 0.08481 0.08481 0.08481 0.08481 ( 2)  0.339
  64 S   0.00000 0.00000 0.00000 0.00000 0.25000 0.25000 0.25000 0.25000 ( 6)  1.000
  65 G   0.00000 0.00000 0.00000 0.00000 0.25000 0.25000 0.25000 0.25000 ( 6)  1.000
  66 G   0.16570 0.16570 0.16570 0.16570 0.08430 0.08430 0.08430 0.08430 ( 2)  0.337
  67 R   0.15457 0.15457 0.15457 0.15457 0.09543 0.09543 0.09543 0.09543 ( 2)  0.382
  68 A   0.00000 0.00000 0.00000 0.00000 0.25000 0.25000 0.25000 0.25000 ( 6)  1.000
  69 D   0.16931 0.16931 0.16931 0.16931 0.08069 0.08069 0.08069 0.08069 ( 2)  0.323
  70 S   0.16712 0.16712 0.16712 0.16712 0.08288 0.08288 0.08288 0.08288 ( 2)  0.332
  71 P   0.16361 0.16361 0.16361 0.16361 0.08639 0.08639 0.08639 0.08639 ( 2)  0.346
  72 H   0.17135 0.17135 0.17135 0.17135 0.07865 0.07865 0.07865 0.07865 ( 2)  0.315
  73 S   0.16712 0.16712 0.16712 0.16712 0.08288 0.08288 0.08288 0.08288 ( 2)  0.332
  74 R   0.16497 0.16497 0.16497 0.16497 0.08503 0.08503 0.08503 0.08503 ( 1)  0.340
  75 P   0.17174 0.17174 0.17174 0.17174 0.07826 0.07826 0.07826 0.07826 ( 2)  0.313
  76 Y   0.16027 0.16027 0.16027 0.16027 0.08973 0.08973 0.08973 0.08973 ( 2)  0.359
  77 Q   0.17132 0.17132 0.17132 0.17132 0.07868 0.07868 0.07868 0.07868 ( 2)  0.315
  78 G   0.16023 0.16023 0.16023 0.16023 0.08977 0.08977 0.08977 0.08977 ( 1)  0.359
  79 I   0.16519 0.16519 0.16519 0.16519 0.08481 0.08481 0.08481 0.08481 ( 2)  0.339
  80 R   0.16320 0.16320 0.16320 0.16320 0.08680 0.08680 0.08680 0.08680 ( 1)  0.347
  81 S   0.00000 0.00000 0.00000 0.00000 0.25000 0.25000 0.25000 0.25000 ( 6)  1.000
  82 G   0.00000 0.00000 0.00000 0.00000 0.25000 0.25000 0.25000 0.25000 ( 6)  1.000
  83 H   0.17029 0.17029 0.17029 0.17029 0.07971 0.07971 0.07971 0.07971 ( 1)  0.319
  84 G   0.00000 0.00000 0.00000 0.00000 0.25000 0.25000 0.25000 0.25000 ( 6)  1.000
  85 P   0.00000 0.00000 0.00000 0.00000 0.25000 0.25000 0.25000 0.25000 ( 6)  1.000
  86 L   0.00000 0.00000 0.00000 0.00000 0.25000 0.25000 0.25000 0.25000 ( 6)  1.000
  87 G   0.00000 0.00000 0.00000 0.00000 0.25000 0.25000 0.25000 0.25000 ( 6)  1.000
  88 R   0.00000 0.00000 0.00000 0.00000 0.25000 0.25000 0.25000 0.25000 ( 6)  1.000
  89 P   0.00000 0.00000 0.00000 0.00000 0.25000 0.25000 0.25000 0.25000 ( 6)  1.000
  90 P   0.00000 0.00000 0.00000 0.00000 0.25000 0.25000 0.25000 0.25000 ( 6)  1.000
  91 A   0.00000 0.00000 0.00000 0.00000 0.25000 0.25000 0.25000 0.25000 ( 6)  1.000
  92 L   0.00000 0.00000 0.00000 0.00000 0.25000 0.25000 0.25000 0.25000 ( 6)  1.000
  93 V   0.00000 0.00000 0.00000 0.00000 0.25000 0.25000 0.25000 0.25000 ( 6)  1.000
  94 Y   0.00000 0.00000 0.00000 0.00000 0.25000 0.25000 0.25000 0.25000 ( 6)  1.000
  95 L   0.16282 0.16282 0.16282 0.16282 0.08718 0.08718 0.08718 0.08718 ( 2)  0.349
  96 A   0.00000 0.00000 0.00000 0.00000 0.25000 0.25000 0.25000 0.25000 ( 6)  1.000
  97 K   0.00000 0.00000 0.00000 0.00000 0.25000 0.25000 0.25000 0.25000 ( 6)  1.000
  98 A   0.16495 0.16495 0.16495 0.16495 0.08505 0.08505 0.08505 0.08505 ( 1)  0.340
  99 I   0.15958 0.15958 0.15958 0.15958 0.09042 0.09042 0.09042 0.09042 ( 1)  0.362
 100 Y   0.16027 0.16027 0.16027 0.16027 0.08973 0.08973 0.08973 0.08973 ( 2)  0.359
 101 A   0.17117 0.17117 0.17117 0.17117 0.07883 0.07883 0.07883 0.07883 ( 2)  0.315
 102 W   0.00000 0.00000 0.00000 0.00000 0.25000 0.25000 0.25000 0.25000 ( 6)  1.000
 103 P   0.16533 0.16533 0.16533 0.16533 0.08467 0.08467 0.08467 0.08467 ( 2)  0.339
 104 C   0.16879 0.16879 0.16879 0.16879 0.08121 0.08121 0.08121 0.08121 ( 2)  0.325
 105 E   0.17243 0.17243 0.17243 0.17243 0.07757 0.07757 0.07757 0.07757 ( 2)  0.310
 106 S   0.16743 0.16743 0.16743 0.16743 0.08257 0.08257 0.08257 0.08257 ( 2)  0.330
 107 I   0.16519 0.16519 0.16519 0.16519 0.08481 0.08481 0.08481 0.08481 ( 2)  0.339
 108 S   0.16736 0.16736 0.16736 0.16736 0.08264 0.08264 0.08264 0.08264 ( 2)  0.331
 109 R   0.15457 0.15457 0.15457 0.15457 0.09543 0.09543 0.09543 0.09543 ( 2)  0.382
 110 G   0.16839 0.16839 0.16839 0.16839 0.08161 0.08161 0.08161 0.08161 ( 1)  0.326
 111 R   0.15457 0.15457 0.15457 0.15457 0.09543 0.09543 0.09543 0.09543 ( 2)  0.382
 112 A   0.17117 0.17117 0.17117 0.17117 0.07883 0.07883 0.07883 0.07883 ( 2)  0.315
 113 D   0.16931 0.16931 0.16931 0.16931 0.08069 0.08069 0.08069 0.08069 ( 2)  0.323
 114 S   0.16712 0.16712 0.16712 0.16712 0.08288 0.08288 0.08288 0.08288 ( 2)  0.332
 115 P   0.00000 0.00000 0.00000 0.00000 0.25000 0.25000 0.25000 0.25000 ( 6)  1.000
 116 H   0.17135 0.17135 0.17135 0.17135 0.07865 0.07865 0.07865 0.07865 ( 2)  0.315
 117 S   0.16712 0.16712 0.16712 0.16712 0.08288 0.08288 0.08288 0.08288 ( 2)  0.332
 118 R   0.16460 0.16460 0.16460 0.16460 0.08540 0.08540 0.08540 0.08540 ( 2)  0.342
 119 P   0.00000 0.00000 0.00000 0.00000 0.25000 0.25000 0.25000 0.25000 ( 6)  1.000
 120 Y   0.16027 0.16027 0.16027 0.16027 0.08973 0.08973 0.08973 0.08973 ( 2)  0.359
 121 Q   0.17132 0.17132 0.17132 0.17132 0.07868 0.07868 0.07868 0.07868 ( 2)  0.315
 122 G   0.16023 0.16023 0.16023 0.16023 0.08977 0.08977 0.08977 0.08977 ( 1)  0.359
 123 I   0.16519 0.16519 0.16519 0.16519 0.08481 0.08481 0.08481 0.08481 ( 2)  0.339
 124 W   0.16836 0.16836 0.16836 0.16836 0.08164 0.08164 0.08164 0.08164 ( 2)  0.327
 125 G   0.16839 0.16839 0.16839 0.16839 0.08161 0.08161 0.08161 0.08161 ( 1)  0.326
 126 P   0.00000 0.00000 0.00000 0.00000 0.25000 0.25000 0.25000 0.25000 ( 6)  1.000
 127 T   0.00000 0.00000 0.00000 0.00000 0.25000 0.25000 0.25000 0.25000 ( 6)  1.000
 128 V   0.00000 0.00000 0.00000 0.00000 0.25000 0.25000 0.25000 0.25000 ( 6)  1.000
 129 P   0.16712 0.16712 0.16712 0.16712 0.08288 0.08288 0.08288 0.08288 ( 2)  0.332


lnL =  -761.444227

