Supplemental results for CODEML (seqf: algn  treef: tree)


dN/dS (w) for site classes (K=2)

p:   0.73627  0.26373
w:   0.00000  1.00000

Naive Empirical Bayes (NEB) probabilities for 2 classes & postmean_w
(amino acids refer to 1st sequence: Msl.1210)

   1 M   0.74652 0.25348 ( 1)  0.253
   2 A   0.00000 1.00000 ( 2)  1.000
   3 A   0.74324 0.25676 ( 1)  0.257
   4 R   0.73920 0.26080 ( 1)  0.261
   5 P   0.74483 0.25517 ( 1)  0.255
   6 R   0.74463 0.25537 ( 1)  0.255
   7 R   0.74278 0.25722 ( 1)  0.257
   8 V   0.74582 0.25418 ( 1)  0.254
   9 D   0.74611 0.25389 ( 1)  0.254
  10 F   0.74184 0.25816 ( 1)  0.258
  11 E   0.74723 0.25277 ( 1)  0.253
  12 T   0.74421 0.25579 ( 1)  0.256
  13 L   0.74310 0.25690 ( 1)  0.257
  14 A   0.74324 0.25676 ( 1)  0.257
  15 S   0.74321 0.25679 ( 1)  0.257
  16 T   0.74084 0.25916 ( 1)  0.259
  17 T   0.74319 0.25681 ( 1)  0.257
  18 G   0.74049 0.25951 ( 1)  0.260
  19 A   0.74088 0.25912 ( 1)  0.259
  20 S   0.74321 0.25679 ( 1)  0.257
  21 A   0.74605 0.25395 ( 1)  0.254
  22 L   0.74100 0.25900 ( 1)  0.259
  23 S   0.74321 0.25679 ( 1)  0.257
  24 S   0.74406 0.25594 ( 1)  0.256
  25 Q   0.74412 0.25588 ( 1)  0.256
  26 Q   0.74412 0.25588 ( 1)  0.256
  27 Q   0.74412 0.25588 ( 1)  0.256
  28 Q   0.74412 0.25588 ( 1)  0.256
  29 Q   0.74412 0.25588 ( 1)  0.256
  30 Q   0.74088 0.25912 ( 1)  0.259
  31 Q   0.74412 0.25588 ( 1)  0.256
  32 Q   0.74412 0.25588 ( 1)  0.256
  33 K   0.74197 0.25803 ( 1)  0.258
  34 C   0.74137 0.25863 ( 1)  0.259
  35 Q   0.74412 0.25588 ( 1)  0.256
  36 P   0.74483 0.25517 ( 1)  0.255
  37 A   0.74324 0.25676 ( 1)  0.257
  38 S   0.74231 0.25769 ( 1)  0.258
  39 S   0.74261 0.25739 ( 1)  0.257
  40 K   0.74197 0.25803 ( 1)  0.258
  41 S   0.74370 0.25630 ( 1)  0.256
  42 K   0.74197 0.25803 ( 1)  0.258
  43 F   0.74184 0.25816 ( 1)  0.258
  44 P   0.00000 1.00000 ( 2)  1.000
  45 K   0.74666 0.25334 ( 1)  0.253
  46 S   0.74321 0.25679 ( 1)  0.257
  47 S   0.74370 0.25630 ( 1)  0.256
  48 D   0.74611 0.25389 ( 1)  0.254
  49 S   0.74284 0.25716 ( 1)  0.257
  50 K   0.74197 0.25803 ( 1)  0.258
  51 S   0.73976 0.26024 ( 1)  0.260
  52 D   0.74511 0.25489 ( 1)  0.255
  53 F   0.74184 0.25816 ( 1)  0.258
  54 A   0.74427 0.25573 ( 1)  0.256
  55 Y   0.74225 0.25775 ( 1)  0.258
  56 R   0.73920 0.26080 ( 1)  0.261
  57 V   0.74408 0.25592 ( 1)  0.256
  58 E   0.74255 0.25745 ( 1)  0.257
  59 I   0.74378 0.25622 ( 1)  0.256
  60 K   0.74197 0.25803 ( 1)  0.258
  61 L   0.74310 0.25690 ( 1)  0.257
  62 F   0.74184 0.25816 ( 1)  0.258
  63 P   0.74327 0.25673 ( 1)  0.257
  64 D   0.74511 0.25489 ( 1)  0.255
  65 G   0.74390 0.25610 ( 1)  0.256
  66 E   0.74723 0.25277 ( 1)  0.253
  67 L   0.74295 0.25705 ( 1)  0.257
  68 N   0.74555 0.25445 ( 1)  0.254
  69 D   0.74511 0.25489 ( 1)  0.255
  70 D   0.74511 0.25489 ( 1)  0.255
  71 E   0.74723 0.25277 ( 1)  0.253
  72 H   0.74480 0.25520 ( 1)  0.255
  73 R   0.74045 0.25955 ( 1)  0.260
  74 R   0.74372 0.25628 ( 1)  0.256
  75 Y   0.74314 0.25686 ( 1)  0.257
  76 E   0.74274 0.25726 ( 1)  0.257
  77 Y   0.74225 0.25775 ( 1)  0.258
  78 S   0.73976 0.26024 ( 1)  0.260
  79 F   0.74258 0.25742 ( 1)  0.257
  80 L   0.73948 0.26052 ( 1)  0.261
  81 D   0.74511 0.25489 ( 1)  0.255
  82 L   0.74209 0.25791 ( 1)  0.258
  83 I   0.74378 0.25622 ( 1)  0.256
  84 G   0.74390 0.25610 ( 1)  0.256
  85 K   0.74666 0.25334 ( 1)  0.253
  86 A   0.74324 0.25676 ( 1)  0.257
  87 A   0.74324 0.25676 ( 1)  0.257
  88 S   0.73976 0.26024 ( 1)  0.260
  89 T   0.74319 0.25681 ( 1)  0.257
  90 K   0.74197 0.25803 ( 1)  0.258
  91 P   0.74327 0.25673 ( 1)  0.257
  92 S   0.00000 1.00000 ( 2)  1.000
  93 Q   0.74412 0.25588 ( 1)  0.256
  94 P   0.00000 1.00000 ( 2)  1.000
  95 A   0.74532 0.25468 ( 1)  0.255
  96 E   0.74255 0.25745 ( 1)  0.257
  97 P   0.74236 0.25764 ( 1)  0.258
  98 L   0.74100 0.25900 ( 1)  0.259
  99 P   0.74483 0.25517 ( 1)  0.255
 100 L   0.74310 0.25690 ( 1)  0.257
 101 H   0.74480 0.25520 ( 1)  0.255
 102 N   0.74555 0.25445 ( 1)  0.254
 103 G   0.74390 0.25610 ( 1)  0.256
 104 G   0.74292 0.25708 ( 1)  0.257
 105 G   0.74390 0.25610 ( 1)  0.256
 106 S   0.74370 0.25630 ( 1)  0.256
 107 S   0.74370 0.25630 ( 1)  0.256
 108 N   0.74455 0.25545 ( 1)  0.255
 109 G   0.74292 0.25708 ( 1)  0.257
 110 N   0.74455 0.25545 ( 1)  0.255
 111 N   0.74555 0.25445 ( 1)  0.254
 112 N   0.74455 0.25545 ( 1)  0.255
 113 G   0.74390 0.25610 ( 1)  0.256
 114 S   0.73976 0.26024 ( 1)  0.260
 115 A   0.74324 0.25676 ( 1)  0.257
 116 D   0.74511 0.25489 ( 1)  0.255
 117 P   0.74030 0.25970 ( 1)  0.260
 118 F   0.74258 0.25742 ( 1)  0.257
 119 A   0.74324 0.25676 ( 1)  0.257
 120 A   0.74324 0.25676 ( 1)  0.257
 121 V   0.74408 0.25592 ( 1)  0.256
 122 D   0.74511 0.25489 ( 1)  0.255
 123 S   0.74370 0.25630 ( 1)  0.256
 124 A   0.74088 0.25912 ( 1)  0.259
 125 E   0.74723 0.25277 ( 1)  0.253
 126 D   0.74511 0.25489 ( 1)  0.255
 127 D   0.74611 0.25389 ( 1)  0.254
 128 R   0.74045 0.25955 ( 1)  0.260
 129 L   0.74209 0.25791 ( 1)  0.258
 130 R   0.74372 0.25628 ( 1)  0.256
 131 S   0.73976 0.26024 ( 1)  0.260
 132 I   0.74289 0.25711 ( 1)  0.257
 133 A   0.74324 0.25676 ( 1)  0.257
 134 Q   0.74412 0.25588 ( 1)  0.256
 135 S   0.74284 0.25716 ( 1)  0.257
 136 L   0.74295 0.25705 ( 1)  0.257
 137 E   0.74723 0.25277 ( 1)  0.253
 138 A   0.74324 0.25676 ( 1)  0.257
 139 R   0.74045 0.25955 ( 1)  0.260
 140 Y   0.74314 0.25686 ( 1)  0.257
 141 G   0.74292 0.25708 ( 1)  0.257
 142 P   0.74327 0.25673 ( 1)  0.257
 143 Q   0.74412 0.25588 ( 1)  0.256
 144 V   0.74582 0.25418 ( 1)  0.254
 145 Y   0.74314 0.25686 ( 1)  0.257
 146 V   0.74408 0.25592 ( 1)  0.256
 147 S   0.74370 0.25630 ( 1)  0.256
 148 K   0.74197 0.25803 ( 1)  0.258
 149 G   0.74390 0.25610 ( 1)  0.256
 150 G   0.74292 0.25708 ( 1)  0.257
 151 R   0.74278 0.25722 ( 1)  0.257
 152 R   0.74463 0.25537 ( 1)  0.255
 153 Q   0.74412 0.25588 ( 1)  0.256
 154 R   0.73920 0.26080 ( 1)  0.261
 155 R   0.74045 0.25955 ( 1)  0.260
 156 I   0.74378 0.25622 ( 1)  0.256
 157 C   0.74207 0.25793 ( 1)  0.258
 158 V   0.74408 0.25592 ( 1)  0.256
 159 Q   0.74088 0.25912 ( 1)  0.259
 160 D   0.74611 0.25389 ( 1)  0.254
 161 Y   0.74314 0.25686 ( 1)  0.257
 162 M   0.74652 0.25348 ( 1)  0.253
 163 D   0.74611 0.25389 ( 1)  0.254
 164 P   0.74483 0.25517 ( 1)  0.255
 165 G   0.74357 0.25643 ( 1)  0.256
 166 E   0.74723 0.25277 ( 1)  0.253
 167 G   0.74390 0.25610 ( 1)  0.256
 168 Y   0.74314 0.25686 ( 1)  0.257
 169 D   0.74611 0.25389 ( 1)  0.254
 170 S   0.74231 0.25769 ( 1)  0.258
 171 E   0.74723 0.25277 ( 1)  0.253
 172 D   0.74511 0.25489 ( 1)  0.255
 173 S   0.74231 0.25769 ( 1)  0.258
 174 F   0.74258 0.25742 ( 1)  0.257
 175 I   0.74289 0.25711 ( 1)  0.257
 176 D   0.74611 0.25389 ( 1)  0.254
 177 D   0.74511 0.25489 ( 1)  0.255
 178 G   0.74390 0.25610 ( 1)  0.256
 179 D   0.74611 0.25389 ( 1)  0.254
 180 A   0.74324 0.25676 ( 1)  0.257
 181 R   0.73920 0.26080 ( 1)  0.261
 182 E   0.74255 0.25745 ( 1)  0.257
 183 L   0.74310 0.25690 ( 1)  0.257
 184 M   0.74652 0.25348 ( 1)  0.253
 185 V   0.74582 0.25418 ( 1)  0.254
 186 L   0.74310 0.25690 ( 1)  0.257
 187 P   0.74483 0.25517 ( 1)  0.255
 188 N   0.74455 0.25545 ( 1)  0.255
 189 Q   0.74412 0.25588 ( 1)  0.256
 190 K   0.74666 0.25334 ( 1)  0.253
 191 P   0.74327 0.25673 ( 1)  0.257
 192 K   0.74666 0.25334 ( 1)  0.253
 193 L   0.74305 0.25695 ( 1)  0.257
 194 G   0.74390 0.25610 ( 1)  0.256
 195 G   0.74390 0.25610 ( 1)  0.256
 196 F   0.74258 0.25742 ( 1)  0.257
 197 Y   0.74225 0.25775 ( 1)  0.258
 198 I   0.74289 0.25711 ( 1)  0.257
 199 N   0.74455 0.25545 ( 1)  0.255
 200 Q   0.74412 0.25588 ( 1)  0.256
 201 G   0.74390 0.25610 ( 1)  0.256
 202 D   0.74611 0.25389 ( 1)  0.254
 203 L   0.74100 0.25900 ( 1)  0.259
 204 E   0.74723 0.25277 ( 1)  0.253
 205 V   0.74408 0.25592 ( 1)  0.256
 206 T   0.74319 0.25681 ( 1)  0.257
 207 T   0.74084 0.25916 ( 1)  0.259
 208 D   0.74611 0.25389 ( 1)  0.254
 209 N   0.74555 0.25445 ( 1)  0.254
 210 A   0.74605 0.25395 ( 1)  0.254
 211 S   0.73976 0.26024 ( 1)  0.260
 212 D   0.74611 0.25389 ( 1)  0.254
 213 I   0.74289 0.25711 ( 1)  0.257
 214 V   0.74307 0.25693 ( 1)  0.257
 215 I   0.74289 0.25711 ( 1)  0.257
 216 E   0.74255 0.25745 ( 1)  0.257
 217 G   0.74049 0.25951 ( 1)  0.260
 218 P   0.74431 0.25569 ( 1)  0.256
 219 A   0.74324 0.25676 ( 1)  0.257
 220 S   0.74284 0.25716 ( 1)  0.257
 221 A   0.74324 0.25676 ( 1)  0.257
 222 D   0.74611 0.25389 ( 1)  0.254
 223 G   0.74390 0.25610 ( 1)  0.256
 224 S   0.74370 0.25630 ( 1)  0.256
 225 T   0.74598 0.25402 ( 1)  0.254
 226 P   0.74030 0.25970 ( 1)  0.260
 227 S   0.74321 0.25679 ( 1)  0.257
 228 G   0.74390 0.25610 ( 1)  0.256
 229 A   0.74427 0.25573 ( 1)  0.256
 230 A   0.74427 0.25573 ( 1)  0.256
 231 R   0.74194 0.25806 ( 1)  0.258
 232 P   0.74327 0.25673 ( 1)  0.257
 233 A   0.74605 0.25395 ( 1)  0.254
 234 A   0.74427 0.25573 ( 1)  0.256
 235 A   0.74427 0.25573 ( 1)  0.256
 236 D   0.74511 0.25489 ( 1)  0.255
 237 A   0.74427 0.25573 ( 1)  0.256
 238 D   0.74511 0.25489 ( 1)  0.255
 239 A   0.74427 0.25573 ( 1)  0.256
 240 A   0.74324 0.25676 ( 1)  0.257
 241 S   0.73976 0.26024 ( 1)  0.260
 242 K   0.74666 0.25334 ( 1)  0.253
 243 K   0.74197 0.25803 ( 1)  0.258
 244 R   0.74278 0.25722 ( 1)  0.257
 245 R   0.73920 0.26080 ( 1)  0.261
 246 R   0.73920 0.26080 ( 1)  0.261
 247 D   0.74511 0.25489 ( 1)  0.255
 248 S   0.74231 0.25769 ( 1)  0.258
 249 S   0.74231 0.25769 ( 1)  0.258
 250 A   0.74324 0.25676 ( 1)  0.257
 251 S   0.74231 0.25769 ( 1)  0.258
 252 S   0.74321 0.25679 ( 1)  0.257
 253 S   0.73976 0.26024 ( 1)  0.260
 254 S   0.73976 0.26024 ( 1)  0.260
 255 S   0.74347 0.25653 ( 1)  0.257
 256 S   0.74231 0.25769 ( 1)  0.258
 257 S   0.74321 0.25679 ( 1)  0.257
 258 S   0.74406 0.25594 ( 1)  0.256
 259 S   0.74231 0.25769 ( 1)  0.258
 260 A   0.00000 1.00000 ( 2)  1.000
 261 S   0.74321 0.25679 ( 1)  0.257
 262 S   0.74406 0.25594 ( 1)  0.256
 263 S   0.74321 0.25679 ( 1)  0.257
 264 S   0.74406 0.25594 ( 1)  0.256
 265 S   0.73976 0.26024 ( 1)  0.260
 266 A   0.00000 1.00000 ( 2)  1.000
 267 D   0.74611 0.25389 ( 1)  0.254
 268 S   0.74370 0.25630 ( 1)  0.256
 269 S   0.73976 0.26024 ( 1)  0.260
 270 A   0.74605 0.25395 ( 1)  0.254
 271 G   0.74292 0.25708 ( 1)  0.257
 272 V   0.74307 0.25693 ( 1)  0.257
 273 A   0.74324 0.25676 ( 1)  0.257
 274 K   0.74666 0.25334 ( 1)  0.253
 275 K   0.74666 0.25334 ( 1)  0.253
 276 R   0.74194 0.25806 ( 1)  0.258
 277 R   0.74278 0.25722 ( 1)  0.257
 278 K   0.74666 0.25334 ( 1)  0.253
 279 H   0.74391 0.25609 ( 1)  0.256
 280 Q   0.74412 0.25588 ( 1)  0.256
 281 Q   0.74412 0.25588 ( 1)  0.256
 282 Q   0.74412 0.25588 ( 1)  0.256
 283 L   0.74295 0.25705 ( 1)  0.257
 284 L   0.74209 0.25791 ( 1)  0.258
 285 P   0.74483 0.25517 ( 1)  0.255
 286 D   0.74511 0.25489 ( 1)  0.255
 287 R   0.73920 0.26080 ( 1)  0.261
 288 P   0.74327 0.25673 ( 1)  0.257
 289 S   0.74406 0.25594 ( 1)  0.256
 290 L   0.74310 0.25690 ( 1)  0.257
 291 F   0.74184 0.25816 ( 1)  0.258
 292 G   0.74390 0.25610 ( 1)  0.256
 293 G   0.74390 0.25610 ( 1)  0.256
 294 G   0.74390 0.25610 ( 1)  0.256
 295 A   0.74427 0.25573 ( 1)  0.256
 296 N   0.74555 0.25445 ( 1)  0.254
 297 K   0.74666 0.25334 ( 1)  0.253
 298 S   0.74321 0.25679 ( 1)  0.257
 299 K   0.74666 0.25334 ( 1)  0.253
 300 S   0.74406 0.25594 ( 1)  0.256
 301 K   0.74666 0.25334 ( 1)  0.253
 302 M   0.74652 0.25348 ( 1)  0.253
 303 S   0.74406 0.25594 ( 1)  0.256
 304 P   0.74327 0.25673 ( 1)  0.257
 305 G   0.74390 0.25610 ( 1)  0.256
 306 R   0.73920 0.26080 ( 1)  0.261
 307 R   0.74463 0.25537 ( 1)  0.255
 308 D   0.74611 0.25389 ( 1)  0.254
 309 L   0.73865 0.26135 ( 1)  0.261
 310 V   0.74582 0.25418 ( 1)  0.254
 311 S   0.74321 0.25679 ( 1)  0.257
 312 K   0.74197 0.25803 ( 1)  0.258
 313 A   0.74433 0.25567 ( 1)  0.256
 314 V   0.74490 0.25510 ( 1)  0.255
 315 K   0.74197 0.25803 ( 1)  0.258
 316 T   0.74319 0.25681 ( 1)  0.257
 317 L   0.74100 0.25900 ( 1)  0.259
 318 T   0.74387 0.25613 ( 1)  0.256
 319 K   0.74197 0.25803 ( 1)  0.258
 320 A   0.74605 0.25395 ( 1)  0.254
 321 H   0.74391 0.25609 ( 1)  0.256
 322 R   0.74463 0.25537 ( 1)  0.255
 323 R   0.73920 0.26080 ( 1)  0.261
 324 Q   0.74412 0.25588 ( 1)  0.256
 325 K   0.74197 0.25803 ( 1)  0.258
 326 T   0.74319 0.25681 ( 1)  0.257
 327 T   0.74319 0.25681 ( 1)  0.257
 328 T   0.74084 0.25916 ( 1)  0.259
 329 A   0.74324 0.25676 ( 1)  0.257
 330 A   0.74605 0.25395 ( 1)  0.254
 331 A   0.74324 0.25676 ( 1)  0.257
 332 N   0.74555 0.25445 ( 1)  0.254
 333 A   0.74088 0.25912 ( 1)  0.259
 334 T   0.74598 0.25402 ( 1)  0.254
 335 A   0.74324 0.25676 ( 1)  0.257
 336 A   0.74324 0.25676 ( 1)  0.257
 337 V   0.74307 0.25693 ( 1)  0.257
 338 D   0.74611 0.25389 ( 1)  0.254
 339 L   0.74209 0.25791 ( 1)  0.258
 340 Q   0.74412 0.25588 ( 1)  0.256
 341 M   0.74652 0.25348 ( 1)  0.253
 342 T   0.74084 0.25916 ( 1)  0.259
 343 G   0.74292 0.25708 ( 1)  0.257
 344 S   0.74231 0.25769 ( 1)  0.258
 345 V   0.74408 0.25592 ( 1)  0.256
 346 T   0.74319 0.25681 ( 1)  0.257
 347 P   0.74483 0.25517 ( 1)  0.255
 348 L   0.74100 0.25900 ( 1)  0.259
 349 K   0.74197 0.25803 ( 1)  0.258
 350 P   0.74236 0.25764 ( 1)  0.258
 351 P   0.74030 0.25970 ( 1)  0.260
 352 A   0.74324 0.25676 ( 1)  0.257
 353 T   0.74319 0.25681 ( 1)  0.257
 354 V   0.74307 0.25693 ( 1)  0.257
 355 Q   0.74412 0.25588 ( 1)  0.256
 356 Q   0.74088 0.25912 ( 1)  0.259
 357 Q   0.74412 0.25588 ( 1)  0.256
 358 A   0.74605 0.25395 ( 1)  0.254
 359 A   0.74605 0.25395 ( 1)  0.254
 360 A   0.74427 0.25573 ( 1)  0.256
 361 S   0.74406 0.25594 ( 1)  0.256
 362 Q   0.74412 0.25588 ( 1)  0.256
 363 N   0.74455 0.25545 ( 1)  0.255
 364 P   0.74236 0.25764 ( 1)  0.258
 365 A   0.74324 0.25676 ( 1)  0.257
 366 Q   0.74088 0.25912 ( 1)  0.259
 367 P   0.74030 0.25970 ( 1)  0.260
 368 I   0.74289 0.25711 ( 1)  0.257
 369 R   0.73920 0.26080 ( 1)  0.261
 370 S   0.74231 0.25769 ( 1)  0.258
 371 I   0.74378 0.25622 ( 1)  0.256
 372 D   0.74511 0.25489 ( 1)  0.255
 373 H   0.74480 0.25520 ( 1)  0.255
 374 I   0.74378 0.25622 ( 1)  0.256
 375 I   0.74378 0.25622 ( 1)  0.256
 376 D   0.74611 0.25389 ( 1)  0.254
 377 R   0.74463 0.25537 ( 1)  0.255
 378 V   0.74307 0.25693 ( 1)  0.257
 379 L   0.74310 0.25690 ( 1)  0.257
 380 A   0.74088 0.25912 ( 1)  0.259
 381 D   0.74611 0.25389 ( 1)  0.254
 382 S   0.74231 0.25769 ( 1)  0.258
 383 P   0.74483 0.25517 ( 1)  0.255
 384 S   0.74231 0.25769 ( 1)  0.258
 385 P   0.74030 0.25970 ( 1)  0.260
 386 A   0.74324 0.25676 ( 1)  0.257
 387 K   0.74666 0.25334 ( 1)  0.253
 388 P   0.74030 0.25970 ( 1)  0.260
 389 A   0.74427 0.25573 ( 1)  0.256
 390 A   0.74427 0.25573 ( 1)  0.256
 391 N   0.74555 0.25445 ( 1)  0.254
 392 V   0.74408 0.25592 ( 1)  0.256
 393 N   0.74455 0.25545 ( 1)  0.255
 394 P   0.74483 0.25517 ( 1)  0.255
 395 L   0.74100 0.25900 ( 1)  0.259
 396 K   0.74666 0.25334 ( 1)  0.253
 397 P   0.74483 0.25517 ( 1)  0.255
 398 S   0.74231 0.25769 ( 1)  0.258
 399 L   0.74295 0.25705 ( 1)  0.257
 400 D   0.74611 0.25389 ( 1)  0.254
 401 S   0.74231 0.25769 ( 1)  0.258
 402 I   0.74217 0.25783 ( 1)  0.258
 403 F   0.74184 0.25816 ( 1)  0.258
 404 D   0.74511 0.25489 ( 1)  0.255
 405 S   0.74321 0.25679 ( 1)  0.257
 406 V   0.74077 0.25923 ( 1)  0.259
 407 V   0.74582 0.25418 ( 1)  0.254
 408 L   0.74100 0.25900 ( 1)  0.259
 409 G   0.74390 0.25610 ( 1)  0.256
 410 N   0.74455 0.25545 ( 1)  0.255
 411 E   0.74255 0.25745 ( 1)  0.257
 412 K   0.74197 0.25803 ( 1)  0.258
 413 V   0.74307 0.25693 ( 1)  0.257
 414 P   0.00000 1.00000 ( 2)  1.000
 415 A   0.74324 0.25676 ( 1)  0.257
 416 Q   0.74412 0.25588 ( 1)  0.256
 417 Q   0.74412 0.25588 ( 1)  0.256
 418 Q   0.74412 0.25588 ( 1)  0.256
 419 Q   0.74412 0.25588 ( 1)  0.256
 420 Q   0.74412 0.25588 ( 1)  0.256
 421 Q   0.74412 0.25588 ( 1)  0.256
 422 S   0.74321 0.25679 ( 1)  0.257
 423 K   0.74197 0.25803 ( 1)  0.258
 424 L   0.74310 0.25690 ( 1)  0.257
 425 P   0.74236 0.25764 ( 1)  0.258
 426 N   0.74555 0.25445 ( 1)  0.254
 427 Q   0.74412 0.25588 ( 1)  0.256
 428 A   0.74324 0.25676 ( 1)  0.257
 429 K   0.74197 0.25803 ( 1)  0.258
 430 P   0.74327 0.25673 ( 1)  0.257
 431 D   0.74511 0.25489 ( 1)  0.255
 432 E   0.74723 0.25277 ( 1)  0.253
 433 A   0.74605 0.25395 ( 1)  0.254
 434 V   0.74582 0.25418 ( 1)  0.254
 435 P   0.74327 0.25673 ( 1)  0.257
 436 N   0.74455 0.25545 ( 1)  0.255
 437 L   0.74310 0.25690 ( 1)  0.257
 438 P   0.74483 0.25517 ( 1)  0.255
 439 P   0.74030 0.25970 ( 1)  0.260
 440 N   0.74455 0.25545 ( 1)  0.255
 441 L   0.74310 0.25690 ( 1)  0.257
 442 P   0.74483 0.25517 ( 1)  0.255
 443 P   0.74030 0.25970 ( 1)  0.260
 444 P   0.74030 0.25970 ( 1)  0.260
 445 I   0.74289 0.25711 ( 1)  0.257
 446 L   0.74310 0.25690 ( 1)  0.257
 447 Q   0.74412 0.25588 ( 1)  0.256
 448 I   0.74289 0.25711 ( 1)  0.257
 449 V   0.74408 0.25592 ( 1)  0.256
 450 D   0.74511 0.25489 ( 1)  0.255
 451 R   0.74372 0.25628 ( 1)  0.256
 452 I   0.74289 0.25711 ( 1)  0.257
 453 K   0.74666 0.25334 ( 1)  0.253
 454 E   0.74723 0.25277 ( 1)  0.253
 455 A   0.74324 0.25676 ( 1)  0.257
 456 K   0.74666 0.25334 ( 1)  0.253
 457 R   0.74463 0.25537 ( 1)  0.255
 458 K   0.74197 0.25803 ( 1)  0.258
 459 S   0.74321 0.25679 ( 1)  0.257
 460 S   0.74406 0.25594 ( 1)  0.256
 461 S   0.74231 0.25769 ( 1)  0.258
 462 A   0.74324 0.25676 ( 1)  0.257
 463 A   0.74324 0.25676 ( 1)  0.257
 464 S   0.74406 0.25594 ( 1)  0.256
 465 A   0.74427 0.25573 ( 1)  0.256
 466 N   0.74455 0.25545 ( 1)  0.255
 467 A   0.74324 0.25676 ( 1)  0.257
 468 G   0.74390 0.25610 ( 1)  0.256
 469 G   0.74292 0.25708 ( 1)  0.257
 470 G   0.74049 0.25951 ( 1)  0.260
 471 K   0.74197 0.25803 ( 1)  0.258
 472 L   0.74100 0.25900 ( 1)  0.259
 473 S   0.74406 0.25594 ( 1)  0.256
 474 Q   0.74088 0.25912 ( 1)  0.259
 475 L   0.74100 0.25900 ( 1)  0.259
 476 F   0.74184 0.25816 ( 1)  0.258
 477 A   0.74324 0.25676 ( 1)  0.257
 478 S   0.74370 0.25630 ( 1)  0.256
 479 N   0.74455 0.25545 ( 1)  0.255
 480 D   0.74611 0.25389 ( 1)  0.254
 481 L   0.74295 0.25705 ( 1)  0.257
 482 A   0.74324 0.25676 ( 1)  0.257
 483 S   0.74231 0.25769 ( 1)  0.258
 484 D   0.74511 0.25489 ( 1)  0.255
 485 W   0.74118 0.25882 ( 1)  0.259
 486 L   0.74310 0.25690 ( 1)  0.257
 487 A   0.74427 0.25573 ( 1)  0.256
 488 L   0.74100 0.25900 ( 1)  0.259
 489 D   0.74611 0.25389 ( 1)  0.254
 490 D   0.74611 0.25389 ( 1)  0.254
 491 F   0.74184 0.25816 ( 1)  0.258
 492 L   0.74209 0.25791 ( 1)  0.258
 493 R   0.74372 0.25628 ( 1)  0.256
 494 S   0.74231 0.25769 ( 1)  0.258
 495 G   0.74292 0.25708 ( 1)  0.257
 496 L   0.74310 0.25690 ( 1)  0.257
 497 P   0.74327 0.25673 ( 1)  0.257
 498 S   0.74406 0.25594 ( 1)  0.256
 499 A   0.74427 0.25573 ( 1)  0.256
 500 Q   0.74088 0.25912 ( 1)  0.259
 501 C   0.74207 0.25793 ( 1)  0.258
 502 N   0.74555 0.25445 ( 1)  0.254
 503 A   0.74088 0.25912 ( 1)  0.259
 504 V   0.74408 0.25592 ( 1)  0.256
 505 Y   0.74314 0.25686 ( 1)  0.257
 506 S   0.74370 0.25630 ( 1)  0.256
 507 H   0.74480 0.25520 ( 1)  0.255
 508 L   0.74310 0.25690 ( 1)  0.257
 509 A   0.74427 0.25573 ( 1)  0.256
 510 G   0.74292 0.25708 ( 1)  0.257
 511 H   0.74480 0.25520 ( 1)  0.255
 512 L   0.74310 0.25690 ( 1)  0.257
 513 G   0.74390 0.25610 ( 1)  0.256
 514 L   0.74310 0.25690 ( 1)  0.257
 515 A   0.74427 0.25573 ( 1)  0.256
 516 T   0.74084 0.25916 ( 1)  0.259
 517 K   0.74666 0.25334 ( 1)  0.253
 518 V   0.74307 0.25693 ( 1)  0.257
 519 S   0.74370 0.25630 ( 1)  0.256
 520 L   0.74310 0.25690 ( 1)  0.257
 521 R   0.74278 0.25722 ( 1)  0.257
 522 R   0.74194 0.25806 ( 1)  0.258
 523 K   0.74197 0.25803 ( 1)  0.258
 524 I   0.74217 0.25783 ( 1)  0.258
 525 L   0.73865 0.26135 ( 1)  0.261
 526 K   0.74197 0.25803 ( 1)  0.258
 527 L   0.74310 0.25690 ( 1)  0.257
 528 R   0.74278 0.25722 ( 1)  0.257
 529 E   0.74723 0.25277 ( 1)  0.253
 530 N   0.74455 0.25545 ( 1)  0.255
 531 R   0.74278 0.25722 ( 1)  0.257
 532 S   0.74370 0.25630 ( 1)  0.256
 533 E   0.74723 0.25277 ( 1)  0.253
 534 S   0.74321 0.25679 ( 1)  0.257
 535 Q   0.74412 0.25588 ( 1)  0.256
 536 L   0.74100 0.25900 ( 1)  0.259
 537 Q   0.74088 0.25912 ( 1)  0.259
 538 V   0.74582 0.25418 ( 1)  0.254
 539 L   0.74310 0.25690 ( 1)  0.257
 540 L   0.73948 0.26052 ( 1)  0.261
 541 T   0.74421 0.25579 ( 1)  0.256
 542 R   0.73920 0.26080 ( 1)  0.261
 543 L   0.74310 0.25690 ( 1)  0.257
 544 R   0.74278 0.25722 ( 1)  0.257
 545 E   0.74255 0.25745 ( 1)  0.257
 546 L   0.73865 0.26135 ( 1)  0.261
 547 V   0.74582 0.25418 ( 1)  0.254
 548 Q   0.74088 0.25912 ( 1)  0.259
 549 S   0.74406 0.25594 ( 1)  0.256
 550 A   0.74324 0.25676 ( 1)  0.257
 551 M   0.74652 0.25348 ( 1)  0.253
 552 P   0.74236 0.25764 ( 1)  0.258
 553 E   0.74255 0.25745 ( 1)  0.257
 554 Q   0.74412 0.25588 ( 1)  0.256
 555 L   0.74310 0.25690 ( 1)  0.257
 556 A   0.74427 0.25573 ( 1)  0.256
 557 R   0.74463 0.25537 ( 1)  0.255
 558 H   0.74480 0.25520 ( 1)  0.255
 559 A   0.74324 0.25676 ( 1)  0.257
 560 K   0.74666 0.25334 ( 1)  0.253
 561 E   0.74723 0.25277 ( 1)  0.253
 562 T   0.74319 0.25681 ( 1)  0.257
 563 R   0.74372 0.25628 ( 1)  0.256
 564 L   0.74295 0.25705 ( 1)  0.257
 565 Y   0.74314 0.25686 ( 1)  0.257
 566 R   0.74463 0.25537 ( 1)  0.255
 567 E   0.74723 0.25277 ( 1)  0.253
 568 R   0.73920 0.26080 ( 1)  0.261
 569 I   0.74217 0.25783 ( 1)  0.258
 570 D   0.74611 0.25389 ( 1)  0.254
 571 A   0.74324 0.25676 ( 1)  0.257
 572 W   0.74118 0.25882 ( 1)  0.259
 573 R   0.73920 0.26080 ( 1)  0.261
 574 Q   0.74412 0.25588 ( 1)  0.256
 575 Q   0.74412 0.25588 ( 1)  0.256
 576 N   0.74555 0.25445 ( 1)  0.254
 577 D   0.74611 0.25389 ( 1)  0.254
 578 A   0.74605 0.25395 ( 1)  0.254
 579 A   0.74427 0.25573 ( 1)  0.256
 580 A   0.74605 0.25395 ( 1)  0.254
 581 A   0.74324 0.25676 ( 1)  0.257
 582 A   0.74427 0.25573 ( 1)  0.256
 583 A   0.74605 0.25395 ( 1)  0.254
 584 T   0.74598 0.25402 ( 1)  0.254
 585 A   0.74324 0.25676 ( 1)  0.257
 586 E   0.74723 0.25277 ( 1)  0.253
 587 G   0.74390 0.25610 ( 1)  0.256
 588 R   0.74463 0.25537 ( 1)  0.255
 589 P   0.74483 0.25517 ( 1)  0.255
 590 P   0.74483 0.25517 ( 1)  0.255
 591 P   0.74236 0.25764 ( 1)  0.258
 592 S   0.74406 0.25594 ( 1)  0.256
 593 P   0.74483 0.25517 ( 1)  0.255
 594 S   0.74406 0.25594 ( 1)  0.256
 595 V   0.74307 0.25693 ( 1)  0.257
 596 A   0.74427 0.25573 ( 1)  0.256
 597 G   0.74390 0.25610 ( 1)  0.256
 598 K   0.74666 0.25334 ( 1)  0.253
 599 P   0.74483 0.25517 ( 1)  0.255
 600 P   0.74483 0.25517 ( 1)  0.255
 601 G   0.74390 0.25610 ( 1)  0.256
 602 P   0.74483 0.25517 ( 1)  0.255
 603 Q   0.74088 0.25912 ( 1)  0.259
 604 P   0.74483 0.25517 ( 1)  0.255
 605 R   0.74194 0.25806 ( 1)  0.258
 606 R   0.73920 0.26080 ( 1)  0.261
 607 N   0.74555 0.25445 ( 1)  0.254
 608 F   0.74258 0.25742 ( 1)  0.257
 609 V   0.74408 0.25592 ( 1)  0.256
 610 W   0.74118 0.25882 ( 1)  0.259
 611 C   0.74207 0.25793 ( 1)  0.258
 612 Q   0.74412 0.25588 ( 1)  0.256
 613 K   0.74666 0.25334 ( 1)  0.253
 614 S   0.74321 0.25679 ( 1)  0.257
 615 T   0.74598 0.25402 ( 1)  0.254
 616 E   0.74723 0.25277 ( 1)  0.253
 617 L   0.74310 0.25690 ( 1)  0.257
 618 L   0.74100 0.25900 ( 1)  0.259
 619 N   0.74555 0.25445 ( 1)  0.254
 620 R   0.74372 0.25628 ( 1)  0.256
 621 A   0.74605 0.25395 ( 1)  0.254
 622 A   0.74427 0.25573 ( 1)  0.256
 623 R   0.74463 0.25537 ( 1)  0.255
 624 I   0.74289 0.25711 ( 1)  0.257
 625 K   0.74197 0.25803 ( 1)  0.258
 626 L   0.74310 0.25690 ( 1)  0.257
 627 E   0.74255 0.25745 ( 1)  0.257
 628 A   0.74324 0.25676 ( 1)  0.257
 629 L   0.74100 0.25900 ( 1)  0.259
 630 A   0.74427 0.25573 ( 1)  0.256
 631 S   0.74370 0.25630 ( 1)  0.256
 632 Q   0.74412 0.25588 ( 1)  0.256
 633 R   0.74372 0.25628 ( 1)  0.256
 634 I   0.74378 0.25622 ( 1)  0.256
 635 K   0.74197 0.25803 ( 1)  0.258
 636 E   0.74723 0.25277 ( 1)  0.253
 637 S   0.74370 0.25630 ( 1)  0.256
 638 E   0.74723 0.25277 ( 1)  0.253
 639 R   0.74372 0.25628 ( 1)  0.256
 640 E   0.74723 0.25277 ( 1)  0.253
 641 D   0.74511 0.25489 ( 1)  0.255
 642 A   0.74605 0.25395 ( 1)  0.254
 643 I   0.74289 0.25711 ( 1)  0.257
 644 K   0.74197 0.25803 ( 1)  0.258
 645 E   0.74723 0.25277 ( 1)  0.253
 646 F   0.74184 0.25816 ( 1)  0.258
 647 A   0.74324 0.25676 ( 1)  0.257
 648 E   0.74723 0.25277 ( 1)  0.253
 649 K   0.74666 0.25334 ( 1)  0.253
 650 Q   0.74088 0.25912 ( 1)  0.259
 651 L   0.74100 0.25900 ( 1)  0.259
 652 V   0.74582 0.25418 ( 1)  0.254
 653 P   0.74483 0.25517 ( 1)  0.255
 654 L   0.74310 0.25690 ( 1)  0.257
 655 W   0.74118 0.25882 ( 1)  0.259
 656 P   0.74030 0.25970 ( 1)  0.260
 657 A   0.74324 0.25676 ( 1)  0.257
 658 D   0.74511 0.25489 ( 1)  0.255
 659 W   0.74118 0.25882 ( 1)  0.259
 660 M   0.74652 0.25348 ( 1)  0.253
 661 S   0.74370 0.25630 ( 1)  0.256
 662 C   0.74207 0.25793 ( 1)  0.258
 663 M   0.74652 0.25348 ( 1)  0.253
 664 K   0.74666 0.25334 ( 1)  0.253
 665 L   0.74100 0.25900 ( 1)  0.259
 666 M   0.74652 0.25348 ( 1)  0.253
 667 S   0.74370 0.25630 ( 1)  0.256
 668 I   0.74217 0.25783 ( 1)  0.258
 669 I   0.74378 0.25622 ( 1)  0.256
 670 R   0.74463 0.25537 ( 1)  0.255
 671 P   0.74483 0.25517 ( 1)  0.255
 672 M   0.74652 0.25348 ( 1)  0.253
 673 L   0.74310 0.25690 ( 1)  0.257
 674 K   0.74197 0.25803 ( 1)  0.258
 675 S   0.74321 0.25679 ( 1)  0.257
 676 K   0.74666 0.25334 ( 1)  0.253
 677 P   0.74030 0.25970 ( 1)  0.260
 678 S   0.74370 0.25630 ( 1)  0.256
 679 Q   0.74088 0.25912 ( 1)  0.259
 680 A   0.74427 0.25573 ( 1)  0.256
 681 K   0.74666 0.25334 ( 1)  0.253
 682 R   0.74278 0.25722 ( 1)  0.257
 683 E   0.74723 0.25277 ( 1)  0.253
 684 Q   0.74412 0.25588 ( 1)  0.256
 685 S   0.74231 0.25769 ( 1)  0.258
 686 Q   0.74412 0.25588 ( 1)  0.256
 687 Q   0.74412 0.25588 ( 1)  0.256
 688 Q   0.74412 0.25588 ( 1)  0.256
 689 R   0.73920 0.26080 ( 1)  0.261
 690 Q   0.74412 0.25588 ( 1)  0.256
 691 Q   0.74412 0.25588 ( 1)  0.256
 692 Q   0.74412 0.25588 ( 1)  0.256
 693 Q   0.74412 0.25588 ( 1)  0.256
 694 Q   0.74412 0.25588 ( 1)  0.256
 695 Q   0.74412 0.25588 ( 1)  0.256
 696 A   0.74427 0.25573 ( 1)  0.256
 697 S   0.74231 0.25769 ( 1)  0.258
 698 A   0.74324 0.25676 ( 1)  0.257
 699 T   0.74421 0.25579 ( 1)  0.256
 700 G   0.74292 0.25708 ( 1)  0.257
 701 A   0.74427 0.25573 ( 1)  0.256
 702 C   0.74207 0.25793 ( 1)  0.258
 703 K   0.74666 0.25334 ( 1)  0.253
 704 A   0.74427 0.25573 ( 1)  0.256
 705 E   0.74723 0.25277 ( 1)  0.253
 706 P   0.74030 0.25970 ( 1)  0.260
 707 R   0.74045 0.25955 ( 1)  0.260
 708 D   0.74611 0.25389 ( 1)  0.254
 709 K   0.74666 0.25334 ( 1)  0.253
 710 S   0.74321 0.25679 ( 1)  0.257
 711 N   0.74555 0.25445 ( 1)  0.254
 712 F   0.74258 0.25742 ( 1)  0.257
 713 K   0.74666 0.25334 ( 1)  0.253


lnL = -2996.956945

