Supplemental results for CODEML (seqf: algn  treef: tree)


dN/dS (w) for site classes (K=2)

p:   0.54066  0.45934
w:   0.00000  1.00000

Naive Empirical Bayes (NEB) probabilities for 2 classes & postmean_w
(amino acids refer to 1st sequence: scs.15495)

   1 Y   0.84815 0.15185 ( 1)  0.152
   2 A   0.86161 0.13839 ( 1)  0.138
   3 Q   0.92250 0.07750 ( 1)  0.077
   4 G   0.85349 0.14651 ( 1)  0.147
   5 R   0.82882 0.17118 ( 1)  0.171
   6 L   0.89708 0.10292 ( 1)  0.103
   7 R   0.82882 0.17118 ( 1)  0.171
   8 P   0.00000 1.00000 ( 2)  1.000
   9 R   0.84867 0.15133 ( 1)  0.151
  10 Q   0.92250 0.07750 ( 1)  0.077
  11 P   0.77856 0.22144 ( 1)  0.221
  12 P   0.80526 0.19474 ( 1)  0.195
  13 A   0.83153 0.16847 ( 1)  0.168
  14 T   0.00001 0.99999 ( 2)  1.000
  15 S   0.80140 0.19860 ( 1)  0.199
  16 L   0.00000 1.00000 ( 2)  1.000
  17 I   0.81054 0.18946 ( 1)  0.189
  18 S   0.87837 0.12163 ( 1)  0.122
  19 S   0.00000 1.00000 ( 2)  1.000
  20 L   0.82596 0.17404 ( 1)  0.174
  21 L   0.86239 0.13761 ( 1)  0.138
  22 D   0.86348 0.13652 ( 1)  0.137
  23 P   0.81529 0.18471 ( 1)  0.185
  24 G   0.85899 0.14101 ( 1)  0.141
  25 K   0.00000 1.00000 ( 2)  1.000
  26 C   0.00000 1.00000 ( 2)  1.000
  27 G   0.85899 0.14101 ( 1)  0.141
  28 L   0.00000 1.00000 ( 2)  1.000
  29 Y   0.00000 1.00000 ( 2)  1.000
  30 G   0.82399 0.17601 ( 1)  0.176
  31 T   0.00000 1.00000 ( 2)  1.000
  32 P   0.00000 1.00000 ( 2)  1.000
  33 T   0.00000 1.00000 ( 2)  1.000
  34 P   0.00001 0.99999 ( 2)  1.000
  35 W   0.88675 0.11325 ( 1)  0.113
  36 D   0.00000 1.00000 ( 2)  1.000
  37 P   0.83014 0.16986 ( 1)  0.170
  38 Q   0.92250 0.07750 ( 1)  0.077
  39 G   0.00001 0.99999 ( 2)  1.000
  40 R   0.84478 0.15522 ( 1)  0.155
  41 L   0.89708 0.10292 ( 1)  0.103
  42 R   0.81317 0.18683 ( 1)  0.187
  43 P   0.00000 1.00000 ( 2)  1.000
  44 R   0.84867 0.15133 ( 1)  0.151
  45 Q   0.92250 0.07750 ( 1)  0.077
  46 P   0.77856 0.22144 ( 1)  0.221
  47 S   0.84321 0.15679 ( 1)  0.157
  48 A   0.85015 0.14985 ( 1)  0.150
  49 S   0.00001 0.99999 ( 2)  1.000
  50 S   0.00000 1.00000 ( 2)  1.000
  51 Q   0.00000 1.00000 ( 2)  1.000
  52 A   0.00001 0.99999 ( 2)  1.000
  53 S   0.87837 0.12163 ( 1)  0.122
  54 G   0.83494 0.16506 ( 1)  0.165
  55 L   0.86239 0.13761 ( 1)  0.138
  56 L   0.86239 0.13761 ( 1)  0.138
  57 D   0.90624 0.09376 ( 1)  0.094
  58 S   0.84321 0.15679 ( 1)  0.157
  59 H   0.00000 1.00000 ( 2)  1.000
  60 S   0.00000 1.00000 ( 2)  1.000
  61 T   0.84338 0.15662 ( 1)  0.157
  62 G   0.00000 1.00000 ( 2)  1.000
  63 F   0.00000 1.00000 ( 2)  1.000
  64 Q   0.00000 1.00000 ( 2)  1.000
  65 D   0.86348 0.13652 ( 1)  0.137
  66 R   0.72513 0.27487 ( 1)  0.275


lnL =  -440.851481

