Supplemental results for CODEML (seqf: algn  treef: tree)


dN/dS (w) for site classes (K=3)

p:   0.82922  0.09071  0.08007
w:   0.38120  1.00000  1.00000

Naive Empirical Bayes (NEB) probabilities for 3 classes & postmean_w
(amino acids refer to 1st sequence: Msl.19354)

   1 M   0.82922 0.09071 0.08007 ( 1)  0.487
   2 S   0.82922 0.09071 0.08007 ( 1)  0.487
   3 E   0.82922 0.09071 0.08007 ( 1)  0.487
   4 F   0.82922 0.09071 0.08007 ( 1)  0.487
   5 S   0.82922 0.09071 0.08007 ( 1)  0.487
   6 L   0.82922 0.09071 0.08007 ( 1)  0.487
   7 L   0.82922 0.09071 0.08007 ( 1)  0.487
   8 L   0.82922 0.09071 0.08007 ( 1)  0.487
   9 A   0.82922 0.09071 0.08007 ( 1)  0.487
  10 N   0.82922 0.09071 0.08007 ( 1)  0.487
  11 N   0.82922 0.09071 0.08007 ( 1)  0.487
  12 V   0.82922 0.09071 0.08007 ( 1)  0.487
  13 N   0.82922 0.09071 0.08007 ( 1)  0.487
  14 R   0.82922 0.09071 0.08007 ( 1)  0.487
  15 N   0.82922 0.09071 0.08007 ( 1)  0.487
  16 N   0.82922 0.09071 0.08007 ( 1)  0.487
  17 I   0.82922 0.09071 0.08007 ( 1)  0.487
  18 T   0.82922 0.09071 0.08007 ( 1)  0.487
  19 K   0.82922 0.09071 0.08007 ( 1)  0.487
  20 Y   0.82922 0.09071 0.08007 ( 1)  0.487
  21 D   0.82922 0.09071 0.08007 ( 1)  0.487
  22 C   0.82922 0.09071 0.08007 ( 1)  0.487
  23 R   0.82922 0.09071 0.08007 ( 1)  0.487
  24 S   0.82922 0.09071 0.08007 ( 1)  0.487
  25 Q   0.82922 0.09071 0.08007 ( 1)  0.487
  26 Q   0.82922 0.09071 0.08007 ( 1)  0.487
  27 Q   0.82922 0.09071 0.08007 ( 1)  0.487
  28 L   0.82922 0.09071 0.08007 ( 1)  0.487
  29 P   0.82922 0.09071 0.08007 ( 1)  0.487
  30 L   0.82922 0.09071 0.08007 ( 1)  0.487
  31 Q   0.82922 0.09071 0.08007 ( 1)  0.487
  32 Q   0.82922 0.09071 0.08007 ( 1)  0.487
  33 P   0.82922 0.09071 0.08007 ( 1)  0.487
  34 A   0.82922 0.09071 0.08007 ( 1)  0.487
  35 Y   0.82922 0.09071 0.08007 ( 1)  0.487
  36 T   0.82922 0.09071 0.08007 ( 1)  0.487
  37 I   0.82922 0.09071 0.08007 ( 1)  0.487
  38 Q   0.82922 0.09071 0.08007 ( 1)  0.487
  39 Q   0.82922 0.09071 0.08007 ( 1)  0.487
  40 I   0.82922 0.09071 0.08007 ( 1)  0.487
  41 T   0.82922 0.09071 0.08007 ( 1)  0.487
  42 P   0.82922 0.09071 0.08007 ( 1)  0.487
  43 C   0.82922 0.09071 0.08007 ( 1)  0.487
  44 P   0.82922 0.09071 0.08007 ( 1)  0.487
  45 F   0.82922 0.09071 0.08007 ( 1)  0.487
  46 V   0.82922 0.09071 0.08007 ( 1)  0.487
  47 G   0.82922 0.09071 0.08007 ( 1)  0.487
  48 P   0.82922 0.09071 0.08007 ( 1)  0.487
  49 Q   0.82922 0.09071 0.08007 ( 1)  0.487
  50 L   0.82922 0.09071 0.08007 ( 1)  0.487
  51 D   0.82922 0.09071 0.08007 ( 1)  0.487
  52 E   0.82922 0.09071 0.08007 ( 1)  0.487
  53 S   0.82922 0.09071 0.08007 ( 1)  0.487
  54 A   0.82922 0.09071 0.08007 ( 1)  0.487
  55 L   0.82922 0.09071 0.08007 ( 1)  0.487
  56 H   0.82922 0.09071 0.08007 ( 1)  0.487
  57 F   0.82922 0.09071 0.08007 ( 1)  0.487
  58 T   0.82922 0.09071 0.08007 ( 1)  0.487
  59 N   0.82922 0.09071 0.08007 ( 1)  0.487
  60 R   0.82922 0.09071 0.08007 ( 1)  0.487
  61 V   0.82922 0.09071 0.08007 ( 1)  0.487
  62 W   0.82922 0.09071 0.08007 ( 1)  0.487
  63 M   0.82922 0.09071 0.08007 ( 1)  0.487
  64 M   0.82922 0.09071 0.08007 ( 1)  0.487
  65 L   0.82922 0.09071 0.08007 ( 1)  0.487
  66 T   0.82922 0.09071 0.08007 ( 1)  0.487
  67 E   0.82922 0.09071 0.08007 ( 1)  0.487
  68 Q   0.82922 0.09071 0.08007 ( 1)  0.487
  69 L   0.82922 0.09071 0.08007 ( 1)  0.487
  70 N   0.82922 0.09071 0.08007 ( 1)  0.487
  71 Q   0.82922 0.09071 0.08007 ( 1)  0.487
  72 T   0.82922 0.09071 0.08007 ( 1)  0.487
  73 Q   0.82922 0.09071 0.08007 ( 1)  0.487
  74 A   0.82922 0.09071 0.08007 ( 1)  0.487
  75 Q   0.82922 0.09071 0.08007 ( 1)  0.487
  76 Q   0.82922 0.09071 0.08007 ( 1)  0.487
  77 P   0.82922 0.09071 0.08007 ( 1)  0.487
  78 Q   0.82922 0.09071 0.08007 ( 1)  0.487
  79 S   0.82922 0.09071 0.08007 ( 1)  0.487
  80 Q   0.82922 0.09071 0.08007 ( 1)  0.487
  81 V   0.82922 0.09071 0.08007 ( 1)  0.487
  82 T   0.82922 0.09071 0.08007 ( 1)  0.487
  83 S   0.82922 0.09071 0.08007 ( 1)  0.487
  84 G   0.82922 0.09071 0.08007 ( 1)  0.487
  85 T   0.82922 0.09071 0.08007 ( 1)  0.487
  86 V   0.82922 0.09071 0.08007 ( 1)  0.487
  87 T   0.82922 0.09071 0.08007 ( 1)  0.487
  88 P   0.82922 0.09071 0.08007 ( 1)  0.487
  89 A   0.82922 0.09071 0.08007 ( 1)  0.487
  90 C   0.82922 0.09071 0.08007 ( 1)  0.487
  91 A   0.82922 0.09071 0.08007 ( 1)  0.487
  92 P   0.82922 0.09071 0.08007 ( 1)  0.487
  93 T   0.82922 0.09071 0.08007 ( 1)  0.487
  94 R   0.82922 0.09071 0.08007 ( 1)  0.487
  95 S   0.82922 0.09071 0.08007 ( 1)  0.487
  96 G   0.82922 0.09071 0.08007 ( 1)  0.487
  97 C   0.82922 0.09071 0.08007 ( 1)  0.487
  98 S   0.82922 0.09071 0.08007 ( 1)  0.487
  99 K   0.82922 0.09071 0.08007 ( 1)  0.487
 100 P   0.82922 0.09071 0.08007 ( 1)  0.487
 101 S   0.82922 0.09071 0.08007 ( 1)  0.487
 102 A   0.82922 0.09071 0.08007 ( 1)  0.487
 103 A   0.82922 0.09071 0.08007 ( 1)  0.487
 104 S   0.82922 0.09071 0.08007 ( 1)  0.487
 105 S   0.82922 0.09071 0.08007 ( 1)  0.487
 106 P   0.82922 0.09071 0.08007 ( 1)  0.487
 107 K   0.82922 0.09071 0.08007 ( 1)  0.487
 108 G   0.82922 0.09071 0.08007 ( 1)  0.487
 109 Q   0.82922 0.09071 0.08007 ( 1)  0.487
 110 S   0.82922 0.09071 0.08007 ( 1)  0.487
 111 T   0.82922 0.09071 0.08007 ( 1)  0.487
 112 S   0.82922 0.09071 0.08007 ( 1)  0.487
 113 N   0.82922 0.09071 0.08007 ( 1)  0.487
 114 S   0.82922 0.09071 0.08007 ( 1)  0.487
 115 S   0.82922 0.09071 0.08007 ( 1)  0.487
 116 N   0.82922 0.09071 0.08007 ( 1)  0.487
 117 S   0.82922 0.09071 0.08007 ( 1)  0.487
 118 S   0.82922 0.09071 0.08007 ( 1)  0.487
 119 S   0.82922 0.09071 0.08007 ( 1)  0.487
 120 S   0.82922 0.09071 0.08007 ( 1)  0.487
 121 R   0.82922 0.09071 0.08007 ( 1)  0.487
 122 S   0.82922 0.09071 0.08007 ( 1)  0.487
 123 Q   0.82922 0.09071 0.08007 ( 1)  0.487
 124 N   0.82922 0.09071 0.08007 ( 1)  0.487
 125 R   0.82922 0.09071 0.08007 ( 1)  0.487
 126 L   0.82922 0.09071 0.08007 ( 1)  0.487
 127 H   0.82922 0.09071 0.08007 ( 1)  0.487
 128 V   0.82922 0.09071 0.08007 ( 1)  0.487
 129 S   0.82922 0.09071 0.08007 ( 1)  0.487
 130 N   0.82922 0.09071 0.08007 ( 1)  0.487
 131 I   0.82922 0.09071 0.08007 ( 1)  0.487
 132 P   0.82922 0.09071 0.08007 ( 1)  0.487
 133 F   0.82922 0.09071 0.08007 ( 1)  0.487
 134 K   0.82922 0.09071 0.08007 ( 1)  0.487
 135 F   0.82922 0.09071 0.08007 ( 1)  0.487
 136 R   0.82922 0.09071 0.08007 ( 1)  0.487
 137 E   0.82922 0.09071 0.08007 ( 1)  0.487
 138 S   0.82922 0.09071 0.08007 ( 1)  0.487
 139 D   0.82922 0.09071 0.08007 ( 1)  0.487
 140 L   0.82922 0.09071 0.08007 ( 1)  0.487
 141 R   0.82922 0.09071 0.08007 ( 1)  0.487
 142 Q   0.82922 0.09071 0.08007 ( 1)  0.487
 143 M   0.82922 0.09071 0.08007 ( 1)  0.487
 144 L   0.82922 0.09071 0.08007 ( 1)  0.487
 145 G   0.82922 0.09071 0.08007 ( 1)  0.487
 146 P   0.82922 0.09071 0.08007 ( 1)  0.487
 147 F   0.82922 0.09071 0.08007 ( 1)  0.487
 148 G   0.82922 0.09071 0.08007 ( 1)  0.487
 149 D   0.82922 0.09071 0.08007 ( 1)  0.487
 150 I   0.82922 0.09071 0.08007 ( 1)  0.487
 151 E   0.82922 0.09071 0.08007 ( 1)  0.487
 152 D   0.82922 0.09071 0.08007 ( 1)  0.487
 153 V   0.82922 0.09071 0.08007 ( 1)  0.487
 154 E   0.82922 0.09071 0.08007 ( 1)  0.487
 155 I   0.82922 0.09071 0.08007 ( 1)  0.487
 156 I   0.82922 0.09071 0.08007 ( 1)  0.487
 157 Y   0.82922 0.09071 0.08007 ( 1)  0.487
 158 N   0.82922 0.09071 0.08007 ( 1)  0.487
 159 D   0.82922 0.09071 0.08007 ( 1)  0.487
 160 R   0.82922 0.09071 0.08007 ( 1)  0.487
 161 G   0.82922 0.09071 0.08007 ( 1)  0.487
 162 S   0.82922 0.09071 0.08007 ( 1)  0.487
 163 K   0.82922 0.09071 0.08007 ( 1)  0.487
 164 G   0.82922 0.09071 0.08007 ( 1)  0.487
 165 F   0.82922 0.09071 0.08007 ( 1)  0.487
 166 G   0.82922 0.09071 0.08007 ( 1)  0.487
 167 F   0.82922 0.09071 0.08007 ( 1)  0.487
 168 V   0.82922 0.09071 0.08007 ( 1)  0.487
 169 T   0.82922 0.09071 0.08007 ( 1)  0.487
 170 F   0.82922 0.09071 0.08007 ( 1)  0.487
 171 L   0.82922 0.09071 0.08007 ( 1)  0.487
 172 N   0.82922 0.09071 0.08007 ( 1)  0.487
 173 S   0.82922 0.09071 0.08007 ( 1)  0.487
 174 C   0.82922 0.09071 0.08007 ( 1)  0.487
 175 D   0.82922 0.09071 0.08007 ( 1)  0.487
 176 A   0.82922 0.09071 0.08007 ( 1)  0.487
 177 D   0.82922 0.09071 0.08007 ( 1)  0.487
 178 E   0.82922 0.09071 0.08007 ( 1)  0.487
 179 A   0.82922 0.09071 0.08007 ( 1)  0.487
 180 R   0.82922 0.09071 0.08007 ( 1)  0.487
 181 E   0.82922 0.09071 0.08007 ( 1)  0.487
 182 K   0.82922 0.09071 0.08007 ( 1)  0.487
 183 L   0.82922 0.09071 0.08007 ( 1)  0.487
 184 N   0.82922 0.09071 0.08007 ( 1)  0.487
 185 G   0.82922 0.09071 0.08007 ( 1)  0.487
 186 V   0.82922 0.09071 0.08007 ( 1)  0.487
 187 V   0.82922 0.09071 0.08007 ( 1)  0.487
 188 I   0.82922 0.09071 0.08007 ( 1)  0.487
 189 N   0.82922 0.09071 0.08007 ( 1)  0.487
 190 G   0.82922 0.09071 0.08007 ( 1)  0.487
 191 R   0.82922 0.09071 0.08007 ( 1)  0.487
 192 R   0.82922 0.09071 0.08007 ( 1)  0.487
 193 I   0.82922 0.09071 0.08007 ( 1)  0.487
 194 E   0.82922 0.09071 0.08007 ( 1)  0.487
 195 V   0.82922 0.09071 0.08007 ( 1)  0.487
 196 N   0.82922 0.09071 0.08007 ( 1)  0.487
 197 Y   0.82922 0.09071 0.08007 ( 1)  0.487
 198 A   0.82922 0.09071 0.08007 ( 1)  0.487
 199 T   0.82922 0.09071 0.08007 ( 1)  0.487
 200 A   0.82922 0.09071 0.08007 ( 1)  0.487
 201 K   0.82922 0.09071 0.08007 ( 1)  0.487
 202 P   0.82922 0.09071 0.08007 ( 1)  0.487
 203 T   0.82922 0.09071 0.08007 ( 1)  0.487
 204 T   0.82922 0.09071 0.08007 ( 1)  0.487
 205 R   0.82922 0.09071 0.08007 ( 1)  0.487
 206 K   0.82922 0.09071 0.08007 ( 1)  0.487
 207 K   0.82922 0.09071 0.08007 ( 1)  0.487
 208 E   0.82922 0.09071 0.08007 ( 1)  0.487
 209 S   0.82922 0.09071 0.08007 ( 1)  0.487
 210 S   0.82922 0.09071 0.08007 ( 1)  0.487
 211 D   0.82922 0.09071 0.08007 ( 1)  0.487
 212 T   0.82922 0.09071 0.08007 ( 1)  0.487
 213 P   0.82922 0.09071 0.08007 ( 1)  0.487
 214 L   0.82922 0.09071 0.08007 ( 1)  0.487
 215 N   0.82922 0.09071 0.08007 ( 1)  0.487
 216 G   0.82922 0.09071 0.08007 ( 1)  0.487
 217 V   0.82922 0.09071 0.08007 ( 1)  0.487
 218 N   0.82922 0.09071 0.08007 ( 1)  0.487
 219 F   0.82922 0.09071 0.08007 ( 1)  0.487
 220 H   0.82922 0.09071 0.08007 ( 1)  0.487
 221 S   0.82922 0.09071 0.08007 ( 1)  0.487
 222 A   0.82922 0.09071 0.08007 ( 1)  0.487
 223 G   0.82922 0.09071 0.08007 ( 1)  0.487
 224 G   0.82922 0.09071 0.08007 ( 1)  0.487
 225 N   0.82922 0.09071 0.08007 ( 1)  0.487
 226 L   0.82922 0.09071 0.08007 ( 1)  0.487
 227 L   0.82922 0.09071 0.08007 ( 1)  0.487
 228 T   0.82922 0.09071 0.08007 ( 1)  0.487
 229 L   0.82922 0.09071 0.08007 ( 1)  0.487
 230 S   0.82922 0.09071 0.08007 ( 1)  0.487
 231 A   0.82922 0.09071 0.08007 ( 1)  0.487
 232 Q   0.82922 0.09071 0.08007 ( 1)  0.487
 233 Q   0.82922 0.09071 0.08007 ( 1)  0.487
 234 Q   0.82922 0.09071 0.08007 ( 1)  0.487
 235 I   0.82922 0.09071 0.08007 ( 1)  0.487
 236 P   0.82922 0.09071 0.08007 ( 1)  0.487
 237 A   0.82922 0.09071 0.08007 ( 1)  0.487
 238 Q   0.82922 0.09071 0.08007 ( 1)  0.487
 239 L   0.82922 0.09071 0.08007 ( 1)  0.487
 240 L   0.82922 0.09071 0.08007 ( 1)  0.487
 241 M   0.82922 0.09071 0.08007 ( 1)  0.487
 242 Q   0.82922 0.09071 0.08007 ( 1)  0.487
 243 H   0.82922 0.09071 0.08007 ( 1)  0.487
 244 Y   0.82922 0.09071 0.08007 ( 1)  0.487
 245 H   0.82922 0.09071 0.08007 ( 1)  0.487
 246 S   0.82922 0.09071 0.08007 ( 1)  0.487
 247 S   0.82922 0.09071 0.08007 ( 1)  0.487
 248 P   0.82922 0.09071 0.08007 ( 1)  0.487
 249 Y   0.82922 0.09071 0.08007 ( 1)  0.487
 250 Q   0.82922 0.09071 0.08007 ( 1)  0.487
 251 Q   0.82922 0.09071 0.08007 ( 1)  0.487
 252 L   0.82922 0.09071 0.08007 ( 1)  0.487
 253 A   0.82922 0.09071 0.08007 ( 1)  0.487
 254 A   0.82922 0.09071 0.08007 ( 1)  0.487
 255 Q   0.82922 0.09071 0.08007 ( 1)  0.487
 256 Q   0.82922 0.09071 0.08007 ( 1)  0.487
 257 Q   0.82922 0.09071 0.08007 ( 1)  0.487
 258 Q   0.82922 0.09071 0.08007 ( 1)  0.487
 259 Q   0.82922 0.09071 0.08007 ( 1)  0.487
 260 Q   0.82922 0.09071 0.08007 ( 1)  0.487
 261 Q   0.82922 0.09071 0.08007 ( 1)  0.487
 262 V   0.82922 0.09071 0.08007 ( 1)  0.487
 263 F   0.82922 0.09071 0.08007 ( 1)  0.487
 264 Q   0.82922 0.09071 0.08007 ( 1)  0.487
 265 F   0.82922 0.09071 0.08007 ( 1)  0.487
 266 Q   0.82922 0.09071 0.08007 ( 1)  0.487
 267 A   0.82922 0.09071 0.08007 ( 1)  0.487
 268 L   0.82922 0.09071 0.08007 ( 1)  0.487
 269 Q   0.82922 0.09071 0.08007 ( 1)  0.487
 270 H   0.82922 0.09071 0.08007 ( 1)  0.487
 271 Q   0.82922 0.09071 0.08007 ( 1)  0.487
 272 M   0.82922 0.09071 0.08007 ( 1)  0.487
 273 L   0.82922 0.09071 0.08007 ( 1)  0.487
 274 P   0.82922 0.09071 0.08007 ( 1)  0.487
 275 P   0.82922 0.09071 0.08007 ( 1)  0.487
 276 P   0.82922 0.09071 0.08007 ( 1)  0.487
 277 L   0.82922 0.09071 0.08007 ( 1)  0.487
 278 P   0.82922 0.09071 0.08007 ( 1)  0.487
 279 Q   0.82922 0.09071 0.08007 ( 1)  0.487
 280 S   0.82922 0.09071 0.08007 ( 1)  0.487
 281 M   0.82922 0.09071 0.08007 ( 1)  0.487
 282 L   0.82922 0.09071 0.08007 ( 1)  0.487
 283 Q   0.82922 0.09071 0.08007 ( 1)  0.487
 284 L   0.82922 0.09071 0.08007 ( 1)  0.487
 285 P   0.82922 0.09071 0.08007 ( 1)  0.487
 286 P   0.82922 0.09071 0.08007 ( 1)  0.487
 287 S   0.82922 0.09071 0.08007 ( 1)  0.487
 288 Q   0.82922 0.09071 0.08007 ( 1)  0.487
 289 P   0.82922 0.09071 0.08007 ( 1)  0.487
 290 L   0.82922 0.09071 0.08007 ( 1)  0.487
 291 P   0.82922 0.09071 0.08007 ( 1)  0.487
 292 V   0.82922 0.09071 0.08007 ( 1)  0.487
 293 Y   0.82922 0.09071 0.08007 ( 1)  0.487
 294 L   0.82922 0.09071 0.08007 ( 1)  0.487
 295 A   0.82922 0.09071 0.08007 ( 1)  0.487
 296 T   0.82922 0.09071 0.08007 ( 1)  0.487
 297 G   0.82922 0.09071 0.08007 ( 1)  0.487
 298 G   0.82922 0.09071 0.08007 ( 1)  0.487
 299 Q   0.82922 0.09071 0.08007 ( 1)  0.487
 300 D   0.82922 0.09071 0.08007 ( 1)  0.487
 301 H   0.82922 0.09071 0.08007 ( 1)  0.487
 302 L   0.82922 0.09071 0.08007 ( 1)  0.487
 303 T   0.82922 0.09071 0.08007 ( 1)  0.487
 304 A   0.82922 0.09071 0.08007 ( 1)  0.487
 305 A   0.82922 0.09071 0.08007 ( 1)  0.487
 306 Y   0.82922 0.09071 0.08007 ( 1)  0.487
 307 L   0.82922 0.09071 0.08007 ( 1)  0.487
 308 G   0.82922 0.09071 0.08007 ( 1)  0.487
 309 A   0.82922 0.09071 0.08007 ( 1)  0.487
 310 A   0.82922 0.09071 0.08007 ( 1)  0.487
 311 A   0.82922 0.09071 0.08007 ( 1)  0.487
 312 A   0.82922 0.09071 0.08007 ( 1)  0.487
 313 A   0.82922 0.09071 0.08007 ( 1)  0.487
 314 A   0.82922 0.09071 0.08007 ( 1)  0.487
 315 G   0.82922 0.09071 0.08007 ( 1)  0.487
 316 G   0.82922 0.09071 0.08007 ( 1)  0.487
 317 A   0.82922 0.09071 0.08007 ( 1)  0.487
 318 V   0.82922 0.09071 0.08007 ( 1)  0.487
 319 H   0.82922 0.09071 0.08007 ( 1)  0.487
 320 Q   0.82922 0.09071 0.08007 ( 1)  0.487
 321 Q   0.82922 0.09071 0.08007 ( 1)  0.487
 322 R   0.82922 0.09071 0.08007 ( 1)  0.487
 323 F   0.82922 0.09071 0.08007 ( 1)  0.487
 324 L   0.82922 0.09071 0.08007 ( 1)  0.487
 325 P   0.82922 0.09071 0.08007 ( 1)  0.487
 326 F   0.82922 0.09071 0.08007 ( 1)  0.487
 327 M   0.82922 0.09071 0.08007 ( 1)  0.487
 328 P   0.82922 0.09071 0.08007 ( 1)  0.487
 329 Q   0.82922 0.09071 0.08007 ( 1)  0.487
 330 F   0.82922 0.09071 0.08007 ( 1)  0.487

Positively selected sites

	Prob(w>1)  mean w



lnL = -1329.652868

Bayes Empirical Bayes (BEB) probabilities for 3 classes (class) & postmean_w
(amino acids refer to 1st sequence: Msl.19354)

   1 M   0.33382 0.33370 0.33248 ( 1)  2.491 +-  2.984
   2 S   0.33382 0.33370 0.33249 ( 1)  2.492 +-  2.984
   3 E   0.33382 0.33370 0.33249 ( 1)  2.492 +-  2.984
   4 F   0.33382 0.33370 0.33249 ( 1)  2.491 +-  2.984
   5 S   0.33382 0.33370 0.33249 ( 1)  2.492 +-  2.984
   6 L   0.33381 0.33369 0.33249 ( 1)  2.492 +-  2.984
   7 L   0.33382 0.33369 0.33249 ( 1)  2.492 +-  2.984
   8 L   0.33382 0.33369 0.33249 ( 1)  2.492 +-  2.984
   9 A   0.33382 0.33370 0.33249 ( 1)  2.491 +-  2.984
  10 N   0.33382 0.33370 0.33248 ( 1)  2.491 +-  2.984
  11 N   0.33382 0.33370 0.33249 ( 1)  2.491 +-  2.984
  12 V   0.33382 0.33370 0.33249 ( 1)  2.491 +-  2.984
  13 N   0.33382 0.33370 0.33249 ( 1)  2.491 +-  2.984
  14 R   0.33382 0.33369 0.33249 ( 1)  2.492 +-  2.984
  15 N   0.33382 0.33370 0.33249 ( 1)  2.491 +-  2.984
  16 N   0.33382 0.33370 0.33249 ( 1)  2.491 +-  2.984
  17 I   0.33382 0.33370 0.33249 ( 1)  2.491 +-  2.984
  18 T   0.33382 0.33370 0.33249 ( 1)  2.491 +-  2.984
  19 K   0.33382 0.33370 0.33248 ( 1)  2.491 +-  2.984
  20 Y   0.33382 0.33370 0.33249 ( 1)  2.491 +-  2.984
  21 D   0.33382 0.33370 0.33249 ( 1)  2.491 +-  2.984
  22 C   0.33382 0.33370 0.33249 ( 1)  2.492 +-  2.984
  23 R   0.33382 0.33369 0.33249 ( 1)  2.492 +-  2.984
  24 S   0.33382 0.33370 0.33249 ( 1)  2.491 +-  2.984
  25 Q   0.33382 0.33369 0.33249 ( 1)  2.492 +-  2.984
  26 Q   0.33382 0.33369 0.33249 ( 1)  2.492 +-  2.984
  27 Q   0.33382 0.33369 0.33249 ( 1)  2.492 +-  2.984
  28 L   0.33382 0.33369 0.33249 ( 1)  2.492 +-  2.984
  29 P   0.33382 0.33369 0.33249 ( 1)  2.492 +-  2.984
  30 L   0.33382 0.33370 0.33249 ( 1)  2.491 +-  2.984
  31 Q   0.33382 0.33369 0.33249 ( 1)  2.492 +-  2.984
  32 Q   0.33382 0.33369 0.33249 ( 1)  2.492 +-  2.984
  33 P   0.33382 0.33370 0.33249 ( 1)  2.491 +-  2.984
  34 A   0.33382 0.33370 0.33248 ( 1)  2.491 +-  2.984
  35 Y   0.33382 0.33370 0.33249 ( 1)  2.491 +-  2.984
  36 T   0.33382 0.33370 0.33249 ( 1)  2.491 +-  2.984
  37 I   0.33382 0.33370 0.33249 ( 1)  2.491 +-  2.984
  38 Q   0.33382 0.33369 0.33249 ( 1)  2.492 +-  2.984
  39 Q   0.33382 0.33369 0.33249 ( 1)  2.492 +-  2.984
  40 I   0.33382 0.33370 0.33249 ( 1)  2.491 +-  2.984
  41 T   0.33382 0.33370 0.33249 ( 1)  2.491 +-  2.984
  42 P   0.33382 0.33370 0.33249 ( 1)  2.491 +-  2.984
  43 C   0.33382 0.33370 0.33249 ( 1)  2.492 +-  2.984
  44 P   0.33382 0.33370 0.33248 ( 1)  2.491 +-  2.984
  45 F   0.33382 0.33370 0.33249 ( 1)  2.491 +-  2.984
  46 V   0.33382 0.33370 0.33249 ( 1)  2.491 +-  2.984
  47 G   0.33382 0.33370 0.33248 ( 1)  2.491 +-  2.984
  48 P   0.33382 0.33370 0.33249 ( 1)  2.491 +-  2.984
  49 Q   0.33382 0.33369 0.33249 ( 1)  2.492 +-  2.984
  50 L   0.33382 0.33369 0.33249 ( 1)  2.492 +-  2.984
  51 D   0.33382 0.33370 0.33249 ( 1)  2.491 +-  2.984
  52 E   0.33382 0.33370 0.33248 ( 1)  2.491 +-  2.984
  53 S   0.33382 0.33369 0.33249 ( 1)  2.492 +-  2.984
  54 A   0.33382 0.33370 0.33248 ( 1)  2.491 +-  2.984
  55 L   0.33382 0.33370 0.33249 ( 1)  2.491 +-  2.984
  56 H   0.33382 0.33370 0.33249 ( 1)  2.491 +-  2.984
  57 F   0.33382 0.33370 0.33249 ( 1)  2.491 +-  2.984
  58 T   0.33382 0.33370 0.33249 ( 1)  2.491 +-  2.984
  59 N   0.33382 0.33370 0.33248 ( 1)  2.491 +-  2.984
  60 R   0.33382 0.33369 0.33249 ( 1)  2.492 +-  2.984
  61 V   0.33382 0.33370 0.33248 ( 1)  2.491 +-  2.984
  62 W   0.33382 0.33370 0.33249 ( 1)  2.492 +-  2.984
  63 M   0.33382 0.33370 0.33248 ( 1)  2.491 +-  2.984
  64 M   0.33382 0.33370 0.33248 ( 1)  2.491 +-  2.984
  65 L   0.33382 0.33370 0.33249 ( 1)  2.491 +-  2.984
  66 T   0.33382 0.33370 0.33249 ( 1)  2.491 +-  2.984
  67 E   0.33382 0.33370 0.33248 ( 1)  2.491 +-  2.984
  68 Q   0.33382 0.33369 0.33249 ( 1)  2.492 +-  2.984
  69 L   0.33382 0.33370 0.33249 ( 1)  2.491 +-  2.984
  70 N   0.33382 0.33370 0.33248 ( 1)  2.491 +-  2.984
  71 Q   0.33382 0.33370 0.33249 ( 1)  2.491 +-  2.984
  72 T   0.33382 0.33370 0.33249 ( 1)  2.491 +-  2.984
  73 Q   0.33382 0.33370 0.33249 ( 1)  2.491 +-  2.984
  74 A   0.33382 0.33370 0.33249 ( 1)  2.491 +-  2.984
  75 Q   0.33382 0.33370 0.33249 ( 1)  2.491 +-  2.984
  76 Q   0.33382 0.33370 0.33249 ( 1)  2.491 +-  2.984
  77 P   0.33382 0.33370 0.33249 ( 1)  2.491 +-  2.984
  78 Q   0.33382 0.33370 0.33249 ( 1)  2.491 +-  2.984
  79 S   0.33382 0.33370 0.33249 ( 1)  2.491 +-  2.984
  80 Q   0.33382 0.33370 0.33249 ( 1)  2.491 +-  2.984
  81 V   0.33382 0.33370 0.33249 ( 1)  2.491 +-  2.984
  82 T   0.33382 0.33370 0.33248 ( 1)  2.491 +-  2.984
  83 S   0.33382 0.33370 0.33249 ( 1)  2.491 +-  2.984
  84 G   0.33382 0.33370 0.33249 ( 1)  2.491 +-  2.984
  85 T   0.33382 0.33370 0.33248 ( 1)  2.491 +-  2.984
  86 V   0.33382 0.33370 0.33249 ( 1)  2.491 +-  2.984
  87 T   0.33382 0.33370 0.33248 ( 1)  2.491 +-  2.984
  88 P   0.33382 0.33370 0.33249 ( 1)  2.491 +-  2.984
  89 A   0.33382 0.33369 0.33249 ( 1)  2.492 +-  2.984
  90 C   0.33382 0.33370 0.33249 ( 1)  2.492 +-  2.984
  91 A   0.33382 0.33370 0.33248 ( 1)  2.491 +-  2.984
  92 P   0.33382 0.33369 0.33249 ( 1)  2.492 +-  2.984
  93 T   0.33382 0.33370 0.33249 ( 1)  2.491 +-  2.984
  94 R   0.33382 0.33370 0.33248 ( 1)  2.491 +-  2.984
  95 S   0.33382 0.33370 0.33249 ( 1)  2.491 +-  2.984
  96 G   0.33382 0.33370 0.33248 ( 1)  2.491 +-  2.984
  97 C   0.33382 0.33370 0.33249 ( 1)  2.492 +-  2.984
  98 S   0.33382 0.33370 0.33249 ( 1)  2.491 +-  2.984
  99 K   0.33382 0.33370 0.33248 ( 1)  2.491 +-  2.984
 100 P   0.33382 0.33370 0.33249 ( 1)  2.491 +-  2.984
 101 S   0.33382 0.33370 0.33249 ( 1)  2.491 +-  2.984
 102 A   0.33382 0.33370 0.33249 ( 1)  2.491 +-  2.984
 103 A   0.33382 0.33369 0.33249 ( 1)  2.492 +-  2.984
 104 S   0.33382 0.33370 0.33249 ( 1)  2.491 +-  2.984
 105 S   0.33382 0.33370 0.33249 ( 1)  2.491 +-  2.984
 106 P   0.33382 0.33369 0.33249 ( 1)  2.492 +-  2.984
 107 K   0.33382 0.33370 0.33248 ( 1)  2.491 +-  2.984
 108 G   0.33382 0.33369 0.33249 ( 1)  2.492 +-  2.984
 109 Q   0.33382 0.33370 0.33249 ( 1)  2.491 +-  2.984
 110 S   0.33382 0.33369 0.33249 ( 1)  2.492 +-  2.984
 111 T   0.33382 0.33370 0.33249 ( 1)  2.491 +-  2.984
 112 S   0.33382 0.33370 0.33249 ( 1)  2.491 +-  2.984
 113 N   0.33382 0.33370 0.33248 ( 1)  2.491 +-  2.984
 114 S   0.33382 0.33370 0.33249 ( 1)  2.491 +-  2.984
 115 S   0.33382 0.33370 0.33249 ( 1)  2.491 +-  2.984
 116 N   0.33382 0.33370 0.33248 ( 1)  2.491 +-  2.984
 117 S   0.33382 0.33370 0.33249 ( 1)  2.491 +-  2.984
 118 S   0.33382 0.33370 0.33249 ( 1)  2.491 +-  2.984
 119 S   0.33382 0.33370 0.33249 ( 1)  2.491 +-  2.984
 120 S   0.33382 0.33370 0.33249 ( 1)  2.491 +-  2.984
 121 R   0.33382 0.33370 0.33248 ( 1)  2.491 +-  2.984
 122 S   0.33382 0.33370 0.33249 ( 1)  2.491 +-  2.984
 123 Q   0.33382 0.33370 0.33249 ( 1)  2.491 +-  2.984
 124 N   0.33382 0.33370 0.33249 ( 1)  2.491 +-  2.984
 125 R   0.33382 0.33369 0.33249 ( 1)  2.492 +-  2.984
 126 L   0.33382 0.33370 0.33249 ( 1)  2.491 +-  2.984
 127 H   0.33382 0.33370 0.33249 ( 1)  2.491 +-  2.984
 128 V   0.33382 0.33370 0.33248 ( 1)  2.491 +-  2.984
 129 S   0.33382 0.33370 0.33249 ( 1)  2.491 +-  2.984
 130 N   0.33382 0.33370 0.33248 ( 1)  2.491 +-  2.984
 131 I   0.33382 0.33370 0.33249 ( 1)  2.491 +-  2.984
 132 P   0.33382 0.33370 0.33248 ( 1)  2.491 +-  2.984
 133 F   0.33382 0.33370 0.33249 ( 1)  2.491 +-  2.984
 134 K   0.33382 0.33370 0.33249 ( 1)  2.492 +-  2.984
 135 F   0.33382 0.33370 0.33249 ( 1)  2.491 +-  2.984
 136 R   0.33382 0.33370 0.33249 ( 1)  2.491 +-  2.984
 137 E   0.33382 0.33370 0.33248 ( 1)  2.491 +-  2.984
 138 S   0.33382 0.33370 0.33249 ( 1)  2.491 +-  2.984
 139 D   0.33382 0.33370 0.33249 ( 1)  2.491 +-  2.984
 140 L   0.33382 0.33370 0.33249 ( 1)  2.491 +-  2.984
 141 R   0.33382 0.33370 0.33249 ( 1)  2.491 +-  2.984
 142 Q   0.33382 0.33369 0.33249 ( 1)  2.492 +-  2.984
 143 M   0.33382 0.33370 0.33248 ( 1)  2.491 +-  2.984
 144 L   0.33382 0.33370 0.33249 ( 1)  2.491 +-  2.984
 145 G   0.33382 0.33370 0.33248 ( 1)  2.491 +-  2.984
 146 P   0.33382 0.33369 0.33249 ( 1)  2.492 +-  2.984
 147 F   0.33382 0.33370 0.33249 ( 1)  2.491 +-  2.984
 148 G   0.33382 0.33370 0.33249 ( 1)  2.491 +-  2.984
 149 D   0.33382 0.33370 0.33249 ( 1)  2.491 +-  2.984
 150 I   0.33382 0.33370 0.33249 ( 1)  2.491 +-  2.984
 151 E   0.33382 0.33370 0.33248 ( 1)  2.491 +-  2.984
 152 D   0.33382 0.33370 0.33249 ( 1)  2.491 +-  2.984
 153 V   0.33382 0.33370 0.33249 ( 1)  2.491 +-  2.984
 154 E   0.33382 0.33370 0.33249 ( 1)  2.492 +-  2.984
 155 I   0.33382 0.33370 0.33249 ( 1)  2.491 +-  2.984
 156 I   0.33382 0.33370 0.33249 ( 1)  2.491 +-  2.984
 157 Y   0.33382 0.33370 0.33249 ( 1)  2.491 +-  2.984
 158 N   0.33382 0.33370 0.33249 ( 1)  2.491 +-  2.984
 159 D   0.33382 0.33370 0.33249 ( 1)  2.491 +-  2.984
 160 R   0.33382 0.33370 0.33249 ( 1)  2.491 +-  2.984
 161 G   0.33382 0.33369 0.33249 ( 1)  2.492 +-  2.984
 162 S   0.33382 0.33370 0.33249 ( 1)  2.491 +-  2.984
 163 K   0.33382 0.33370 0.33248 ( 1)  2.491 +-  2.984
 164 G   0.33382 0.33369 0.33249 ( 1)  2.492 +-  2.984
 165 F   0.33382 0.33370 0.33249 ( 1)  2.491 +-  2.984
 166 G   0.33382 0.33370 0.33249 ( 1)  2.491 +-  2.984
 167 F   0.33382 0.33370 0.33249 ( 1)  2.491 +-  2.984
 168 V   0.33382 0.33370 0.33249 ( 1)  2.491 +-  2.984
 169 T   0.33382 0.33370 0.33249 ( 1)  2.491 +-  2.984
 170 F   0.33382 0.33370 0.33249 ( 1)  2.491 +-  2.984
 171 L   0.33382 0.33370 0.33249 ( 1)  2.491 +-  2.984
 172 N   0.33382 0.33370 0.33248 ( 1)  2.491 +-  2.984
 173 S   0.33382 0.33370 0.33249 ( 1)  2.491 +-  2.984
 174 C   0.33382 0.33370 0.33249 ( 1)  2.492 +-  2.984
 175 D   0.33382 0.33370 0.33249 ( 1)  2.491 +-  2.984
 176 A   0.33382 0.33369 0.33249 ( 1)  2.492 +-  2.984
 177 D   0.33382 0.33370 0.33249 ( 1)  2.491 +-  2.984
 178 E   0.33382 0.33370 0.33248 ( 1)  2.491 +-  2.984
 179 A   0.33382 0.33370 0.33249 ( 1)  2.491 +-  2.984
 180 R   0.33382 0.33370 0.33248 ( 1)  2.491 +-  2.984
 181 E   0.33382 0.33370 0.33248 ( 1)  2.491 +-  2.984
 182 K   0.33382 0.33370 0.33249 ( 1)  2.492 +-  2.984
 183 L   0.33382 0.33370 0.33249 ( 1)  2.491 +-  2.984
 184 N   0.33382 0.33370 0.33248 ( 1)  2.491 +-  2.984
 185 G   0.33382 0.33370 0.33249 ( 1)  2.492 +-  2.984
 186 V   0.33382 0.33370 0.33248 ( 1)  2.491 +-  2.984
 187 V   0.33382 0.33370 0.33248 ( 1)  2.491 +-  2.984
 188 I   0.33382 0.33370 0.33249 ( 1)  2.491 +-  2.984
 189 N   0.33382 0.33370 0.33248 ( 1)  2.491 +-  2.984
 190 G   0.33382 0.33370 0.33249 ( 1)  2.492 +-  2.984
 191 R   0.33382 0.33370 0.33249 ( 1)  2.491 +-  2.984
 192 R   0.33382 0.33370 0.33248 ( 1)  2.491 +-  2.984
 193 I   0.33382 0.33370 0.33249 ( 1)  2.491 +-  2.984
 194 E   0.33382 0.33370 0.33248 ( 1)  2.491 +-  2.984
 195 V   0.33382 0.33370 0.33249 ( 1)  2.491 +-  2.984
 196 N   0.33382 0.33370 0.33249 ( 1)  2.491 +-  2.984
 197 Y   0.33382 0.33370 0.33249 ( 1)  2.491 +-  2.984
 198 A   0.33382 0.33369 0.33249 ( 1)  2.492 +-  2.984
 199 T   0.33382 0.33370 0.33249 ( 1)  2.491 +-  2.984
 200 A   0.33382 0.33370 0.33249 ( 1)  2.491 +-  2.984
 201 K   0.33382 0.33370 0.33249 ( 1)  2.492 +-  2.984
 202 P   0.33382 0.33370 0.33249 ( 1)  2.491 +-  2.984
 203 T   0.33382 0.33370 0.33249 ( 1)  2.491 +-  2.984
 204 T   0.33382 0.33370 0.33249 ( 1)  2.491 +-  2.984
 205 R   0.33382 0.33369 0.33249 ( 1)  2.492 +-  2.984
 206 K   0.33382 0.33370 0.33248 ( 1)  2.491 +-  2.984
 207 K   0.33382 0.33370 0.33249 ( 1)  2.492 +-  2.984
 208 E   0.33382 0.33370 0.33248 ( 1)  2.491 +-  2.984
 209 S   0.33382 0.33369 0.33249 ( 1)  2.492 +-  2.984
 210 S   0.33382 0.33370 0.33249 ( 1)  2.492 +-  2.984
 211 D   0.33382 0.33370 0.33249 ( 1)  2.491 +-  2.984
 212 T   0.33382 0.33370 0.33249 ( 1)  2.491 +-  2.984
 213 P   0.33382 0.33370 0.33248 ( 1)  2.491 +-  2.984
 214 L   0.33382 0.33370 0.33249 ( 1)  2.491 +-  2.984
 215 N   0.33382 0.33370 0.33248 ( 1)  2.491 +-  2.984
 216 G   0.33382 0.33370 0.33249 ( 1)  2.491 +-  2.984
 217 V   0.33382 0.33370 0.33248 ( 1)  2.491 +-  2.984
 218 N   0.33382 0.33370 0.33248 ( 1)  2.491 +-  2.984
 219 F   0.33382 0.33370 0.33249 ( 1)  2.491 +-  2.984
 220 H   0.33382 0.33370 0.33249 ( 1)  2.491 +-  2.984
 221 S   0.33382 0.33370 0.33249 ( 1)  2.491 +-  2.984
 222 A   0.33382 0.33370 0.33249 ( 1)  2.491 +-  2.984
 223 G   0.33382 0.33370 0.33248 ( 1)  2.491 +-  2.984
 224 G   0.33382 0.33370 0.33249 ( 1)  2.492 +-  2.984
 225 N   0.33382 0.33370 0.33248 ( 1)  2.491 +-  2.984
 226 L   0.33382 0.33370 0.33249 ( 1)  2.491 +-  2.984
 227 L   0.33381 0.33369 0.33249 ( 1)  2.492 +-  2.984
 228 T   0.33382 0.33370 0.33249 ( 1)  2.491 +-  2.984
 229 L   0.33382 0.33369 0.33249 ( 1)  2.492 +-  2.984
 230 S   0.33382 0.33369 0.33249 ( 1)  2.492 +-  2.984
 231 A   0.33382 0.33370 0.33249 ( 1)  2.491 +-  2.984
 232 Q   0.33382 0.33370 0.33249 ( 1)  2.491 +-  2.984
 233 Q   0.33382 0.33370 0.33249 ( 1)  2.491 +-  2.984
 234 Q   0.33382 0.33370 0.33249 ( 1)  2.491 +-  2.984
 235 I   0.33382 0.33370 0.33249 ( 1)  2.491 +-  2.984
 236 P   0.33382 0.33370 0.33248 ( 1)  2.491 +-  2.984
 237 A   0.33382 0.33370 0.33249 ( 1)  2.491 +-  2.984
 238 Q   0.33382 0.33369 0.33249 ( 1)  2.492 +-  2.984
 239 L   0.33382 0.33370 0.33249 ( 1)  2.491 +-  2.984
 240 L   0.33382 0.33370 0.33249 ( 1)  2.491 +-  2.984
 241 M   0.33382 0.33370 0.33248 ( 1)  2.491 +-  2.984
 242 Q   0.33382 0.33370 0.33249 ( 1)  2.491 +-  2.984
 243 H   0.33382 0.33370 0.33249 ( 1)  2.491 +-  2.984
 244 Y   0.33382 0.33370 0.33249 ( 1)  2.491 +-  2.984
 245 H   0.33382 0.33370 0.33249 ( 1)  2.491 +-  2.984
 246 S   0.33382 0.33370 0.33249 ( 1)  2.491 +-  2.984
 247 S   0.33382 0.33370 0.33249 ( 1)  2.491 +-  2.984
 248 P   0.33382 0.33370 0.33249 ( 1)  2.491 +-  2.984
 249 Y   0.33382 0.33370 0.33249 ( 1)  2.491 +-  2.984
 250 Q   0.33382 0.33370 0.33249 ( 1)  2.491 +-  2.984
 251 Q   0.33382 0.33370 0.33249 ( 1)  2.491 +-  2.984
 252 L   0.33382 0.33370 0.33249 ( 1)  2.491 +-  2.984
 253 A   0.33382 0.33369 0.33249 ( 1)  2.492 +-  2.984
 254 A   0.33382 0.33370 0.33249 ( 1)  2.491 +-  2.984
 255 Q   0.33382 0.33370 0.33249 ( 1)  2.491 +-  2.984
 256 Q   0.33382 0.33370 0.33249 ( 1)  2.491 +-  2.984
 257 Q   0.33382 0.33370 0.33249 ( 1)  2.491 +-  2.984
 258 Q   0.33382 0.33370 0.33249 ( 1)  2.491 +-  2.984
 259 Q   0.33382 0.33370 0.33249 ( 1)  2.491 +-  2.984
 260 Q   0.33382 0.33370 0.33249 ( 1)  2.491 +-  2.984
 261 Q   0.33382 0.33370 0.33249 ( 1)  2.491 +-  2.984
 262 V   0.33382 0.33370 0.33248 ( 1)  2.491 +-  2.984
 263 F   0.33382 0.33370 0.33249 ( 1)  2.491 +-  2.984
 264 Q   0.33382 0.33370 0.33249 ( 1)  2.491 +-  2.984
 265 F   0.33382 0.33370 0.33249 ( 1)  2.491 +-  2.984
 266 Q   0.33382 0.33370 0.33249 ( 1)  2.491 +-  2.984
 267 A   0.33382 0.33370 0.33249 ( 1)  2.491 +-  2.984
 268 L   0.33382 0.33370 0.33249 ( 1)  2.491 +-  2.984
 269 Q   0.33382 0.33370 0.33249 ( 1)  2.491 +-  2.984
 270 H   0.33382 0.33370 0.33249 ( 1)  2.491 +-  2.984
 271 Q   0.33382 0.33370 0.33249 ( 1)  2.491 +-  2.984
 272 M   0.33382 0.33370 0.33248 ( 1)  2.491 +-  2.984
 273 L   0.33382 0.33370 0.33249 ( 1)  2.491 +-  2.984
 274 P   0.33382 0.33370 0.33248 ( 1)  2.491 +-  2.984
 275 P   0.33382 0.33370 0.33248 ( 1)  2.491 +-  2.984
 276 P   0.33382 0.33370 0.33248 ( 1)  2.491 +-  2.984
 277 L   0.33382 0.33369 0.33249 ( 1)  2.492 +-  2.984
 278 P   0.33382 0.33370 0.33248 ( 1)  2.491 +-  2.984
 279 Q   0.33382 0.33370 0.33249 ( 1)  2.491 +-  2.984
 280 S   0.33382 0.33370 0.33249 ( 1)  2.491 +-  2.984
 281 M   0.33382 0.33370 0.33248 ( 1)  2.491 +-  2.984
 282 L   0.33382 0.33370 0.33249 ( 1)  2.491 +-  2.984
 283 Q   0.33382 0.33370 0.33249 ( 1)  2.491 +-  2.984
 284 L   0.33382 0.33370 0.33249 ( 1)  2.491 +-  2.984
 285 P   0.33382 0.33370 0.33248 ( 1)  2.491 +-  2.984
 286 P   0.33382 0.33370 0.33248 ( 1)  2.491 +-  2.984
 287 S   0.33382 0.33370 0.33249 ( 1)  2.491 +-  2.984
 288 Q   0.33382 0.33370 0.33249 ( 1)  2.491 +-  2.984
 289 P   0.33382 0.33370 0.33248 ( 1)  2.491 +-  2.984
 290 L   0.33382 0.33370 0.33249 ( 1)  2.491 +-  2.984
 291 P   0.33382 0.33369 0.33249 ( 1)  2.492 +-  2.984
 292 V   0.33382 0.33370 0.33249 ( 1)  2.491 +-  2.984
 293 Y   0.33382 0.33370 0.33249 ( 1)  2.491 +-  2.984
 294 L   0.33382 0.33370 0.33249 ( 1)  2.491 +-  2.984
 295 A   0.33382 0.33370 0.33249 ( 1)  2.491 +-  2.984
 296 T   0.33382 0.33369 0.33249 ( 1)  2.492 +-  2.984
 297 G   0.33382 0.33370 0.33249 ( 1)  2.492 +-  2.984
 298 G   0.33382 0.33370 0.33249 ( 1)  2.492 +-  2.984
 299 Q   0.33382 0.33370 0.33249 ( 1)  2.491 +-  2.984
 300 D   0.33382 0.33370 0.33249 ( 1)  2.491 +-  2.984
 301 H   0.33382 0.33370 0.33249 ( 1)  2.491 +-  2.984
 302 L   0.33382 0.33370 0.33249 ( 1)  2.491 +-  2.984
 303 T   0.33382 0.33370 0.33249 ( 1)  2.491 +-  2.984
 304 A   0.33382 0.33370 0.33248 ( 1)  2.491 +-  2.984
 305 A   0.33382 0.33370 0.33249 ( 1)  2.491 +-  2.984
 306 Y   0.33382 0.33370 0.33249 ( 1)  2.491 +-  2.984
 307 L   0.33382 0.33370 0.33249 ( 1)  2.491 +-  2.984
 308 G   0.33382 0.33370 0.33249 ( 1)  2.491 +-  2.984
 309 A   0.33382 0.33370 0.33248 ( 1)  2.491 +-  2.984
 310 A   0.33382 0.33370 0.33249 ( 1)  2.491 +-  2.984
 311 A   0.33382 0.33370 0.33249 ( 1)  2.491 +-  2.984
 312 A   0.33382 0.33370 0.33249 ( 1)  2.491 +-  2.984
 313 A   0.33382 0.33369 0.33249 ( 1)  2.492 +-  2.984
 314 A   0.33382 0.33370 0.33249 ( 1)  2.491 +-  2.984
 315 G   0.33382 0.33369 0.33249 ( 1)  2.492 +-  2.984
 316 G   0.33382 0.33370 0.33249 ( 1)  2.491 +-  2.984
 317 A   0.33382 0.33369 0.33249 ( 1)  2.492 +-  2.984
 318 V   0.33382 0.33370 0.33249 ( 1)  2.491 +-  2.984
 319 H   0.33382 0.33370 0.33249 ( 1)  2.491 +-  2.984
 320 Q   0.33382 0.33370 0.33249 ( 1)  2.491 +-  2.984
 321 Q   0.33382 0.33370 0.33249 ( 1)  2.491 +-  2.984
 322 R   0.33382 0.33370 0.33248 ( 1)  2.491 +-  2.984
 323 F   0.33382 0.33370 0.33249 ( 1)  2.491 +-  2.984
 324 L   0.33382 0.33369 0.33249 ( 1)  2.492 +-  2.984
 325 P   0.33382 0.33370 0.33248 ( 1)  2.491 +-  2.984
 326 F   0.33382 0.33370 0.33249 ( 1)  2.491 +-  2.984
 327 M   0.33382 0.33370 0.33248 ( 1)  2.491 +-  2.984
 328 P   0.33382 0.33370 0.33249 ( 1)  2.491 +-  2.984
 329 Q   0.33382 0.33370 0.33249 ( 1)  2.491 +-  2.984
 330 F   0.33382 0.33370 0.33249 ( 1)  2.491 +-  2.984

Positively selected sites

	Prob(w>1)  mean w


