Supplemental results for CODEML (seqf: algn  treef: tree)


dN/dS (w) for site classes (K=2)

p:   0.99999  0.00001
w:   0.18021  1.00000

Naive Empirical Bayes (NEB) probabilities for 2 classes & postmean_w
(amino acids refer to 1st sequence: spe.35473)

   1 M   0.99999 0.00001 ( 1)  0.180
   2 C   0.99999 0.00001 ( 1)  0.180
   3 R   0.99999 0.00001 ( 1)  0.180
   4 A   0.99999 0.00001 ( 1)  0.180
   5 D   0.99999 0.00001 ( 1)  0.180
   6 D   0.99999 0.00001 ( 1)  0.180
   7 A   0.99999 0.00001 ( 1)  0.180
   8 T   0.99999 0.00001 ( 1)  0.180
   9 S   0.99999 0.00001 ( 1)  0.180
  10 N   0.99999 0.00001 ( 1)  0.180
  11 Q   0.99999 0.00001 ( 1)  0.180
  12 Q   0.99999 0.00001 ( 1)  0.180
  13 V   0.99999 0.00001 ( 1)  0.180
  14 R   0.99999 0.00001 ( 1)  0.180
  15 D   0.99999 0.00001 ( 1)  0.180
  16 A   0.99999 0.00001 ( 1)  0.180
  17 K   0.99999 0.00001 ( 1)  0.180
  18 F   0.99999 0.00001 ( 1)  0.180
  19 Q   0.99999 0.00001 ( 1)  0.180
  20 W   0.99999 0.00001 ( 1)  0.180
  21 T   0.99999 0.00001 ( 1)  0.180
  22 F   0.99999 0.00001 ( 1)  0.180
  23 T   0.99999 0.00001 ( 1)  0.180
  24 T   0.99999 0.00001 ( 1)  0.180
  25 A   0.99999 0.00001 ( 1)  0.180
  26 S   0.99999 0.00001 ( 1)  0.180
  27 G   0.99999 0.00001 ( 1)  0.180
  28 D   0.99999 0.00001 ( 1)  0.180
  29 V   0.99999 0.00001 ( 1)  0.180
  30 V   0.99999 0.00001 ( 1)  0.180
  31 M   0.99999 0.00001 ( 1)  0.180
  32 P   0.99999 0.00001 ( 1)  0.180
  33 S   0.99999 0.00001 ( 1)  0.180
  34 F   0.99999 0.00001 ( 1)  0.180
  35 L   0.99999 0.00001 ( 1)  0.180
  36 F   0.99999 0.00001 ( 1)  0.180
  37 E   0.99999 0.00001 ( 1)  0.180
  38 R   0.99999 0.00001 ( 1)  0.180
  39 I   0.99999 0.00001 ( 1)  0.180
  40 E   0.99999 0.00001 ( 1)  0.180
  41 M   0.99999 0.00001 ( 1)  0.180
  42 N   0.99999 0.00001 ( 1)  0.180
  43 G   0.99999 0.00001 ( 1)  0.180
  44 N   0.99999 0.00001 ( 1)  0.180
  45 T   0.99999 0.00001 ( 1)  0.180
  46 I   0.99999 0.00001 ( 1)  0.180
  47 T   0.99999 0.00001 ( 1)  0.180
  48 M   0.99999 0.00001 ( 1)  0.180
  49 T   0.99999 0.00001 ( 1)  0.180
  50 G   0.99999 0.00001 ( 1)  0.180
  51 L   0.99999 0.00001 ( 1)  0.180
  52 R   0.99999 0.00001 ( 1)  0.180
  53 K   0.99999 0.00001 ( 1)  0.180
  54 N   0.99999 0.00001 ( 1)  0.180
  55 F   0.99999 0.00001 ( 1)  0.180
  56 D   0.99999 0.00001 ( 1)  0.180
  57 L   0.99999 0.00001 ( 1)  0.180
  58 S   0.99999 0.00001 ( 1)  0.180
  59 K   0.99999 0.00001 ( 1)  0.180
  60 H   0.99999 0.00001 ( 1)  0.180
  61 L   0.99999 0.00001 ( 1)  0.180
  62 P   0.99999 0.00001 ( 1)  0.180
  63 D   0.99999 0.00001 ( 1)  0.180
  64 E   0.99999 0.00001 ( 1)  0.180
  65 G   0.99999 0.00001 ( 1)  0.180
  66 P   0.99999 0.00001 ( 1)  0.180
  67 L   0.99999 0.00001 ( 1)  0.180
  68 V   0.99999 0.00001 ( 1)  0.180
  69 G   0.99999 0.00001 ( 1)  0.180
  70 K   0.99999 0.00001 ( 1)  0.180
  71 C   0.99999 0.00001 ( 1)  0.180
  72 I   0.99999 0.00001 ( 1)  0.180
  73 V   0.99999 0.00001 ( 1)  0.180
  74 M   0.99999 0.00001 ( 1)  0.180
  75 L   0.99999 0.00001 ( 1)  0.180
  76 S   0.99995 0.00005 ( 1)  0.180
  77 N   0.99999 0.00001 ( 1)  0.180
  78 S   0.99999 0.00001 ( 1)  0.180
  79 T   0.99999 0.00001 ( 1)  0.180
  80 D   0.99999 0.00001 ( 1)  0.180
  81 P   0.99999 0.00001 ( 1)  0.180
  82 S   0.99999 0.00001 ( 1)  0.180
  83 V   0.99999 0.00001 ( 1)  0.180
  84 I   0.99999 0.00001 ( 1)  0.180
  85 E   0.99999 0.00001 ( 1)  0.180
  86 T   0.99999 0.00001 ( 1)  0.180
  87 Y   0.99999 0.00001 ( 1)  0.180
  88 P   0.99999 0.00001 ( 1)  0.180
  89 S   0.99999 0.00001 ( 1)  0.180
  90 D   0.99999 0.00001 ( 1)  0.180
  91 P   0.99999 0.00001 ( 1)  0.180
  92 F   0.99999 0.00001 ( 1)  0.180
  93 V   0.99999 0.00001 ( 1)  0.180
  94 S   0.99995 0.00005 ( 1)  0.180
  95 I   0.99999 0.00001 ( 1)  0.180
  96 D   0.99999 0.00001 ( 1)  0.180
  97 A   0.99999 0.00001 ( 1)  0.180
  98 S   0.99999 0.00001 ( 1)  0.180
  99 P   0.99999 0.00001 ( 1)  0.180
 100 E   0.99999 0.00001 ( 1)  0.180
 101 Q   0.99999 0.00001 ( 1)  0.180
 102 P   0.99999 0.00001 ( 1)  0.180
 103 P   0.99999 0.00001 ( 1)  0.180
 104 A   0.99999 0.00001 ( 1)  0.180
 105 F   0.99999 0.00001 ( 1)  0.180
 106 V   0.99999 0.00001 ( 1)  0.180
 107 K   0.99999 0.00001 ( 1)  0.180
 108 E   0.99999 0.00001 ( 1)  0.180
 109 L   0.99999 0.00001 ( 1)  0.180
 110 P   0.99999 0.00001 ( 1)  0.180
 111 E   0.99999 0.00001 ( 1)  0.180
 112 K   0.99999 0.00001 ( 1)  0.180
 113 D   0.99999 0.00001 ( 1)  0.180
 114 K   0.99999 0.00001 ( 1)  0.180
 115 K   0.99999 0.00001 ( 1)  0.180
 116 P   0.99999 0.00001 ( 1)  0.180
 117 K   0.99999 0.00001 ( 1)  0.180
 118 V   0.99999 0.00001 ( 1)  0.180
 119 N   0.99999 0.00001 ( 1)  0.180
 120 L   0.99999 0.00001 ( 1)  0.180
 121 G   0.99999 0.00001 ( 1)  0.180
 122 G   0.99999 0.00001 ( 1)  0.180
 123 V   0.99999 0.00001 ( 1)  0.180
 124 E   0.99999 0.00001 ( 1)  0.180
 125 D   0.99999 0.00001 ( 1)  0.180
 126 G   0.99999 0.00001 ( 1)  0.180
 127 K   0.99999 0.00001 ( 1)  0.180
 128 V   0.99999 0.00001 ( 1)  0.180
 129 T   0.99999 0.00001 ( 1)  0.180
 130 A   0.99999 0.00001 ( 1)  0.180
 131 D   0.99999 0.00001 ( 1)  0.180
 132 E   0.99999 0.00001 ( 1)  0.180
 133 G   0.99999 0.00001 ( 1)  0.180
 134 D   0.99999 0.00001 ( 1)  0.180
 135 N   0.99999 0.00001 ( 1)  0.180
 136 V   0.99999 0.00001 ( 1)  0.180
 137 L   0.99999 0.00001 ( 1)  0.180
 138 L   0.99999 0.00001 ( 1)  0.180
 139 T   0.99999 0.00001 ( 1)  0.180
 140 C   0.99999 0.00001 ( 1)  0.180
 141 D   0.99999 0.00001 ( 1)  0.180
 142 V   0.99999 0.00001 ( 1)  0.180
 143 Q   0.99999 0.00001 ( 1)  0.180
 144 G   0.99999 0.00001 ( 1)  0.180


lnL =  -612.709676

