Supplemental results for CODEML (seqf: algn  treef: tree)


dN/dS (w) for site classes (K=9)

p:   0.02047  0.02047  0.02047  0.02047  0.02047  0.02047  0.02047  0.02047  0.83621
w:   0.00000  0.00000  0.00000  0.00000  0.00000  0.00000  0.00000  0.00000  1.26124

Naive Empirical Bayes (NEB) probabilities for 9 classes & postmean_w & P(w>1)
(amino acids refer to 1st sequence: cln.10130)

   1 R   0.00000 0.00000 0.00000 0.00000 0.00000 0.00000 0.00000 0.00000 1.00000 ( 9)  1.261  1.000
   2 K   0.04322 0.04322 0.04322 0.04322 0.04322 0.04322 0.04322 0.04322 0.65421 ( 9)  0.825  0.654
   3 I   0.04742 0.04742 0.04742 0.04742 0.04742 0.04742 0.04742 0.04742 0.62061 ( 9)  0.783  0.621
   4 L   0.02840 0.02840 0.02840 0.02840 0.02840 0.02840 0.02840 0.02840 0.77277 ( 9)  0.975  0.773
   5 E   0.00000 0.00000 0.00000 0.00000 0.00000 0.00000 0.00000 0.00000 1.00000 ( 9)  1.261  1.000
   6 W   0.00000 0.00000 0.00000 0.00000 0.00000 0.00000 0.00000 0.00000 1.00000 ( 9)  1.261  1.000
   7 V   0.00000 0.00000 0.00000 0.00000 0.00000 0.00000 0.00000 0.00000 1.00000 ( 9)  1.261  1.000
   8 A   0.00000 0.00000 0.00000 0.00000 0.00000 0.00000 0.00000 0.00000 1.00000 ( 9)  1.261  1.000
   9 S   0.04593 0.04593 0.04593 0.04593 0.04593 0.04593 0.04593 0.04593 0.63259 ( 9)  0.798  0.633
  10 I   0.00000 0.00000 0.00000 0.00000 0.00000 0.00000 0.00000 0.00000 1.00000 ( 9)  1.261  1.000
  11 Q   0.03029 0.03029 0.03029 0.03029 0.03029 0.03029 0.03029 0.03029 0.75767 ( 9)  0.956  0.758
  12 R   0.00000 0.00000 0.00000 0.00000 0.00000 0.00000 0.00000 0.00000 1.00000 ( 9)  1.261  1.000
  13 A   0.03829 0.03829 0.03829 0.03829 0.03829 0.03829 0.03829 0.03829 0.69369 ( 9)  0.875  0.694
  14 Y   0.00000 0.00000 0.00000 0.00000 0.00000 0.00000 0.00000 0.00000 1.00000 ( 9)  1.261  1.000
  15 T   0.00000 0.00000 0.00000 0.00000 0.00000 0.00000 0.00000 0.00000 1.00000 ( 9)  1.261  1.000
  16 T   0.00000 0.00000 0.00000 0.00000 0.00000 0.00000 0.00000 0.00000 1.00000 ( 9)  1.261  1.000
  17 I   0.04742 0.04742 0.04742 0.04742 0.04742 0.04742 0.04742 0.04742 0.62061 ( 9)  0.783  0.621
  18 R   0.00000 0.00000 0.00000 0.00000 0.00000 0.00000 0.00000 0.00000 1.00000 ( 9)  1.261  1.000
  19 R   0.02919 0.02919 0.02919 0.02919 0.02919 0.02919 0.02919 0.02919 0.76645 ( 9)  0.967  0.766
  20 L   0.03019 0.03019 0.03019 0.03019 0.03019 0.03019 0.03019 0.03019 0.75849 ( 9)  0.957  0.758
  21 P   0.00000 0.00000 0.00000 0.00000 0.00000 0.00000 0.00000 0.00000 1.00000 ( 9)  1.261  1.000
  22 E   0.04402 0.04402 0.04402 0.04402 0.04402 0.04402 0.04402 0.04402 0.64780 ( 9)  0.817  0.648
  23 S   0.00000 0.00000 0.00000 0.00000 0.00000 0.00000 0.00000 0.00000 1.00000 ( 9)  1.261  1.000
  24 V   0.00000 0.00000 0.00000 0.00000 0.00000 0.00000 0.00000 0.00000 1.00000 ( 9)  1.261  1.000
  25 P   0.03194 0.03194 0.03194 0.03194 0.03194 0.03194 0.03194 0.03194 0.74447 ( 9)  0.939  0.744
  26 L   0.00000 0.00000 0.00000 0.00000 0.00000 0.00000 0.00000 0.00000 1.00000 ( 9)  1.261  1.000
  27 E   0.00000 0.00000 0.00000 0.00000 0.00000 0.00000 0.00000 0.00000 1.00000 ( 9)  1.261  1.000
  28 A   0.00000 0.00000 0.00000 0.00000 0.00000 0.00000 0.00000 0.00000 1.00000 ( 9)  1.261  1.000
  29 R   0.02857 0.02857 0.02857 0.02857 0.02857 0.02857 0.02857 0.02857 0.77143 ( 9)  0.973  0.771
  30 K   0.04416 0.04416 0.04416 0.04416 0.04416 0.04416 0.04416 0.04416 0.64670 ( 9)  0.816  0.647
  31 Q   0.00000 0.00000 0.00000 0.00000 0.00000 0.00000 0.00000 0.00000 1.00000 ( 9)  1.261  1.000
  32 G   0.00000 0.00000 0.00000 0.00000 0.00000 0.00000 0.00000 0.00000 1.00000 ( 9)  1.261  1.000
  33 H   0.00000 0.00000 0.00000 0.00000 0.00000 0.00000 0.00000 0.00000 1.00000 ( 9)  1.261  1.000
  34 S   0.04593 0.04593 0.04593 0.04593 0.04593 0.04593 0.04593 0.04593 0.63259 ( 9)  0.798  0.633
  35 R   0.00000 0.00000 0.00000 0.00000 0.00000 0.00000 0.00000 0.00000 1.00000 ( 9)  1.261  1.000
  36 S   0.03258 0.03258 0.03258 0.03258 0.03258 0.03258 0.03258 0.03258 0.73933 ( 9)  0.932  0.739
  37 R   0.04144 0.04144 0.04144 0.04144 0.04144 0.04144 0.04144 0.04144 0.66849 ( 9)  0.843  0.668
  38 G   0.00000 0.00000 0.00000 0.00000 0.00000 0.00000 0.00000 0.00000 1.00000 ( 9)  1.261  1.000
  39 E   0.04402 0.04402 0.04402 0.04402 0.04402 0.04402 0.04402 0.04402 0.64780 ( 9)  0.817  0.648
  40 M   0.00000 0.00000 0.00000 0.00000 0.00000 0.00000 0.00000 0.00000 1.00000 ( 9)  1.261  1.000
  41 R   0.00000 0.00000 0.00000 0.00000 0.00000 0.00000 0.00000 0.00000 1.00000 ( 9)  1.261  1.000
  42 N   0.00000 0.00000 0.00000 0.00000 0.00000 0.00000 0.00000 0.00000 1.00000 ( 9)  1.261  1.000
  43 R   0.04240 0.04240 0.04240 0.04240 0.04240 0.04240 0.04240 0.04240 0.66081 ( 9)  0.833  0.661
  44 L   0.03024 0.03024 0.03024 0.03024 0.03024 0.03024 0.03024 0.03024 0.75812 ( 9)  0.956  0.758
  45 P   0.03507 0.03507 0.03507 0.03507 0.03507 0.03507 0.03507 0.03507 0.71945 ( 9)  0.907  0.719
  46 L   0.00000 0.00000 0.00000 0.00000 0.00000 0.00000 0.00000 0.00000 1.00000 ( 9)  1.261  1.000
  47 G   0.00000 0.00000 0.00000 0.00000 0.00000 0.00000 0.00000 0.00000 1.00000 ( 9)  1.261  1.000
  48 A   0.04610 0.04610 0.04610 0.04610 0.04610 0.04610 0.04610 0.04610 0.63119 ( 9)  0.796  0.631
  49 S   0.03703 0.03703 0.03703 0.03703 0.03703 0.03703 0.03703 0.03703 0.70379 ( 9)  0.888  0.704
  50 W   0.00000 0.00000 0.00000 0.00000 0.00000 0.00000 0.00000 0.00000 1.00000 ( 9)  1.261  1.000
  51 A   0.04610 0.04610 0.04610 0.04610 0.04610 0.04610 0.04610 0.04610 0.63119 ( 9)  0.796  0.631
  52 Y   0.00000 0.00000 0.00000 0.00000 0.00000 0.00000 0.00000 0.00000 1.00000 ( 9)  1.261  1.000
  53 P   0.03711 0.03711 0.03711 0.03711 0.03711 0.03711 0.03711 0.03711 0.70313 ( 9)  0.887  0.703
  54 K   0.00000 0.00000 0.00000 0.00000 0.00000 0.00000 0.00000 0.00000 1.00000 ( 9)  1.261  1.000
  55 L   0.03024 0.03024 0.03024 0.03024 0.03024 0.03024 0.03024 0.03024 0.75812 ( 9)  0.956  0.758
  56 M   0.00000 0.00000 0.00000 0.00000 0.00000 0.00000 0.00000 0.00000 1.00000 ( 9)  1.261  1.000
  57 A   0.04610 0.04610 0.04610 0.04610 0.04610 0.04610 0.04610 0.04610 0.63119 ( 9)  0.796  0.631
  58 K   0.03955 0.03955 0.03955 0.03955 0.03955 0.03955 0.03955 0.03955 0.68358 ( 9)  0.862  0.684
  59 P   0.00000 0.00000 0.00000 0.00000 0.00000 0.00000 0.00000 0.00000 1.00000 ( 9)  1.261  1.000
  60 I   0.03749 0.03749 0.03749 0.03749 0.03749 0.03749 0.03749 0.03749 0.70005 ( 9)  0.883  0.700
  61 V   0.00000 0.00000 0.00000 0.00000 0.00000 0.00000 0.00000 0.00000 1.00000 ( 9)  1.261  1.000
  62 V   0.03557 0.03557 0.03557 0.03557 0.03557 0.03557 0.03557 0.03557 0.71540 ( 9)  0.902  0.715
  63 I   0.04533 0.04533 0.04533 0.04533 0.04533 0.04533 0.04533 0.04533 0.63739 ( 9)  0.804  0.637
  64 A   0.04610 0.04610 0.04610 0.04610 0.04610 0.04610 0.04610 0.04610 0.63119 ( 9)  0.796  0.631
  65 P   0.03100 0.03100 0.03100 0.03100 0.03100 0.03100 0.03100 0.03100 0.75199 ( 9)  0.948  0.752
  66 F   0.00000 0.00000 0.00000 0.00000 0.00000 0.00000 0.00000 0.00000 1.00000 ( 9)  1.261  1.000
  67 A   0.03819 0.03819 0.03819 0.03819 0.03819 0.03819 0.03819 0.03819 0.69446 ( 9)  0.876  0.694
  68 P   0.03100 0.03100 0.03100 0.03100 0.03100 0.03100 0.03100 0.03100 0.75199 ( 9)  0.948  0.752
  69 E   0.03942 0.03942 0.03942 0.03942 0.03942 0.03942 0.03942 0.03942 0.68462 ( 9)  0.863  0.685
  70 S   0.04593 0.04593 0.04593 0.04593 0.04593 0.04593 0.04593 0.04593 0.63259 ( 9)  0.798  0.633
  71 T   0.04245 0.04245 0.04245 0.04245 0.04245 0.04245 0.04245 0.04245 0.66038 ( 9)  0.833  0.660
  72 P   0.03507 0.03507 0.03507 0.03507 0.03507 0.03507 0.03507 0.03507 0.71945 ( 9)  0.907  0.719
  73 T   0.00000 0.00000 0.00000 0.00000 0.00000 0.00000 0.00000 0.00000 1.00000 ( 9)  1.261  1.000
  74 Q   0.03029 0.03029 0.03029 0.03029 0.03029 0.03029 0.03029 0.03029 0.75767 ( 9)  0.956  0.758
  75 P   0.00000 0.00000 0.00000 0.00000 0.00000 0.00000 0.00000 0.00000 1.00000 ( 9)  1.261  1.000
  76 A   0.00000 0.00000 0.00000 0.00000 0.00000 0.00000 0.00000 0.00000 1.00000 ( 9)  1.261  1.000
  77 A   0.00000 0.00000 0.00000 0.00000 0.00000 0.00000 0.00000 0.00000 1.00000 ( 9)  1.261  1.000
  78 A   0.00000 0.00000 0.00000 0.00000 0.00000 0.00000 0.00000 0.00000 1.00000 ( 9)  1.261  1.000
  79 P   0.03575 0.03575 0.03575 0.03575 0.03575 0.03575 0.03575 0.03575 0.71403 ( 9)  0.901  0.714
  80 D   0.04131 0.04131 0.04131 0.04131 0.04131 0.04131 0.04131 0.04131 0.66955 ( 9)  0.844  0.670
  81 S   0.04593 0.04593 0.04593 0.04593 0.04593 0.04593 0.04593 0.04593 0.63259 ( 9)  0.798  0.633
  82 T   0.00000 0.00000 0.00000 0.00000 0.00000 0.00000 0.00000 0.00000 1.00000 ( 9)  1.261  1.000
  83 F   0.03536 0.03536 0.03536 0.03536 0.03536 0.03536 0.03536 0.03536 0.71712 ( 9)  0.904  0.717
  84 Y   0.03472 0.03472 0.03472 0.03472 0.03472 0.03472 0.03472 0.03472 0.72227 ( 9)  0.911  0.722
  85 S   0.03138 0.03138 0.03138 0.03138 0.03138 0.03138 0.03138 0.03138 0.74895 ( 9)  0.945  0.749
  86 T   0.04602 0.04602 0.04602 0.04602 0.04602 0.04602 0.04602 0.04602 0.63187 ( 9)  0.797  0.632
  87 T   0.04406 0.04406 0.04406 0.04406 0.04406 0.04406 0.04406 0.04406 0.64748 ( 9)  0.817  0.647
  88 A   0.00000 0.00000 0.00000 0.00000 0.00000 0.00000 0.00000 0.00000 1.00000 ( 9)  1.261  1.000
  89 D   0.00000 0.00000 0.00000 0.00000 0.00000 0.00000 0.00000 0.00000 1.00000 ( 9)  1.261  1.000
  90 P   0.03746 0.03746 0.03746 0.03746 0.03746 0.03746 0.03746 0.03746 0.70034 ( 9)  0.883  0.700
  91 S   0.00000 0.00000 0.00000 0.00000 0.00000 0.00000 0.00000 0.00000 1.00000 ( 9)  1.261  1.000
  92 I   0.00000 0.00000 0.00000 0.00000 0.00000 0.00000 0.00000 0.00000 1.00000 ( 9)  1.261  1.000
  93 S   0.00000 0.00000 0.00000 0.00000 0.00000 0.00000 0.00000 0.00000 1.00000 ( 9)  1.261  1.000
  94 K   0.00000 0.00000 0.00000 0.00000 0.00000 0.00000 0.00000 0.00000 1.00000 ( 9)  1.261  1.000
  95 G   0.04235 0.04235 0.04235 0.04235 0.04235 0.04235 0.04235 0.04235 0.66120 ( 9)  0.834  0.661
  96 S   0.04248 0.04248 0.04248 0.04248 0.04248 0.04248 0.04248 0.04248 0.66014 ( 9)  0.833  0.660
  97 E   0.00000 0.00000 0.00000 0.00000 0.00000 0.00000 0.00000 0.00000 1.00000 ( 9)  1.261  1.000
  98 A   0.03632 0.03632 0.03632 0.03632 0.03632 0.03632 0.03632 0.03632 0.70941 ( 9)  0.895  0.709
  99 L   0.03181 0.03181 0.03181 0.03181 0.03181 0.03181 0.03181 0.03181 0.74554 ( 9)  0.940  0.746
 100 E   0.04402 0.04402 0.04402 0.04402 0.04402 0.04402 0.04402 0.04402 0.64780 ( 9)  0.817  0.648
 101 E   0.04402 0.04402 0.04402 0.04402 0.04402 0.04402 0.04402 0.04402 0.64780 ( 9)  0.817  0.648
 102 A   0.00000 0.00000 0.00000 0.00000 0.00000 0.00000 0.00000 0.00000 1.00000 ( 9)  1.261  1.000
 103 S   0.00000 0.00000 0.00000 0.00000 0.00000 0.00000 0.00000 0.00000 1.00000 ( 9)  1.261  1.000
 104 P   0.00000 0.00000 0.00000 0.00000 0.00000 0.00000 0.00000 0.00000 1.00000 ( 9)  1.261  1.000
 105 T   0.04347 0.04347 0.04347 0.04347 0.04347 0.04347 0.04347 0.04347 0.65226 ( 9)  0.823  0.652
 106 W   0.02914 0.02914 0.02914 0.02914 0.02914 0.02914 0.02914 0.02914 0.76690 ( 9)  0.967  0.767
 107 T   0.04347 0.04347 0.04347 0.04347 0.04347 0.04347 0.04347 0.04347 0.65226 ( 9)  0.823  0.652
 108 E   0.04402 0.04402 0.04402 0.04402 0.04402 0.04402 0.04402 0.04402 0.64780 ( 9)  0.817  0.648
 109 R   0.03452 0.03452 0.03452 0.03452 0.03452 0.03452 0.03452 0.03452 0.72386 ( 9)  0.913  0.724
 110 P   0.03229 0.03229 0.03229 0.03229 0.03229 0.03229 0.03229 0.03229 0.74170 ( 9)  0.935  0.742
 111 K   0.04416 0.04416 0.04416 0.04416 0.04416 0.04416 0.04416 0.04416 0.64670 ( 9)  0.816  0.647
 112 Y   0.03288 0.03288 0.03288 0.03288 0.03288 0.03288 0.03288 0.03288 0.73699 ( 9)  0.930  0.737
 113 A   0.00000 0.00000 0.00000 0.00000 0.00000 0.00000 0.00000 0.00000 1.00000 ( 9)  1.261  1.000
 114 E   0.04402 0.04402 0.04402 0.04402 0.04402 0.04402 0.04402 0.04402 0.64780 ( 9)  0.817  0.648
 115 L   0.02859 0.02859 0.02859 0.02859 0.02859 0.02859 0.02859 0.02859 0.77124 ( 9)  0.973  0.771
 116 S   0.03138 0.03138 0.03138 0.03138 0.03138 0.03138 0.03138 0.03138 0.74895 ( 9)  0.945  0.749
 117 A   0.04252 0.04252 0.04252 0.04252 0.04252 0.04252 0.04252 0.04252 0.65983 ( 9)  0.832  0.660
 118 L   0.00000 0.00000 0.00000 0.00000 0.00000 0.00000 0.00000 0.00000 1.00000 ( 9)  1.261  1.000
 119 F   0.00000 0.00000 0.00000 0.00000 0.00000 0.00000 0.00000 0.00000 1.00000 ( 9)  1.261  1.000
 120 S   0.00000 0.00000 0.00000 0.00000 0.00000 0.00000 0.00000 0.00000 1.00000 ( 9)  1.261  1.000
 121 V   0.03749 0.03749 0.03749 0.03749 0.03749 0.03749 0.03749 0.03749 0.70008 ( 9)  0.883  0.700
 122 T   0.03824 0.03824 0.03824 0.03824 0.03824 0.03824 0.03824 0.03824 0.69405 ( 9)  0.875  0.694
 123 D   0.00000 0.00000 0.00000 0.00000 0.00000 0.00000 0.00000 0.00000 1.00000 ( 9)  1.261  1.000
 124 D   0.04744 0.04744 0.04744 0.04744 0.04744 0.04744 0.04744 0.04744 0.62050 ( 9)  0.783  0.620
 125 K   0.03955 0.03955 0.03955 0.03955 0.03955 0.03955 0.03955 0.03955 0.68358 ( 9)  0.862  0.684
 126 G   0.03388 0.03388 0.03388 0.03388 0.03388 0.03388 0.03388 0.03388 0.72895 ( 9)  0.919  0.729
 127 A   0.03829 0.03829 0.03829 0.03829 0.03829 0.03829 0.03829 0.03829 0.69369 ( 9)  0.875  0.694
 128 A   0.00000 0.00000 0.00000 0.00000 0.00000 0.00000 0.00000 0.00000 1.00000 ( 9)  1.261  1.000
 129 V   0.00000 0.00000 0.00000 0.00000 0.00000 0.00000 0.00000 0.00000 1.00000 ( 9)  1.261  1.000
 130 N   0.04758 0.04758 0.04758 0.04758 0.04758 0.04758 0.04758 0.04758 0.61938 ( 9)  0.781  0.619
 131 S   0.00000 0.00000 0.00000 0.00000 0.00000 0.00000 0.00000 0.00000 1.00000 ( 9)  1.261  1.000
 132 T   0.00000 0.00000 0.00000 0.00000 0.00000 0.00000 0.00000 0.00000 1.00000 ( 9)  1.261  1.000
 133 P   0.03746 0.03746 0.03746 0.03746 0.03746 0.03746 0.03746 0.03746 0.70034 ( 9)  0.883  0.700
 134 K   0.04416 0.04416 0.04416 0.04416 0.04416 0.04416 0.04416 0.04416 0.64670 ( 9)  0.816  0.647
 135 S   0.00000 0.00000 0.00000 0.00000 0.00000 0.00000 0.00000 0.00000 1.00000 ( 9)  1.261  1.000
 136 Q   0.03058 0.03058 0.03058 0.03058 0.03058 0.03058 0.03058 0.03058 0.75538 ( 9)  0.953  0.755
 137 S   0.04593 0.04593 0.04593 0.04593 0.04593 0.04593 0.04593 0.04593 0.63259 ( 9)  0.798  0.633
 138 W   0.00000 0.00000 0.00000 0.00000 0.00000 0.00000 0.00000 0.00000 1.00000 ( 9)  1.261  1.000
 139 T   0.00000 0.00000 0.00000 0.00000 0.00000 0.00000 0.00000 0.00000 1.00000 ( 9)  1.261  1.000
 140 G   0.04010 0.04010 0.04010 0.04010 0.04010 0.04010 0.04010 0.04010 0.67920 ( 9)  0.857  0.679
 141 S   0.03193 0.03193 0.03193 0.03193 0.03193 0.03193 0.03193 0.03193 0.74457 ( 9)  0.939  0.745
 142 D   0.04744 0.04744 0.04744 0.04744 0.04744 0.04744 0.04744 0.04744 0.62050 ( 9)  0.783  0.620
 143 V   0.00000 0.00000 0.00000 0.00000 0.00000 0.00000 0.00000 0.00000 1.00000 ( 9)  1.261  1.000
 144 R   0.03151 0.03151 0.03151 0.03151 0.03151 0.03151 0.03151 0.03151 0.74793 ( 9)  0.943  0.748
 145 R   0.00000 0.00000 0.00000 0.00000 0.00000 0.00000 0.00000 0.00000 1.00000 ( 9)  1.261  1.000
 146 Q   0.03029 0.03029 0.03029 0.03029 0.03029 0.03029 0.03029 0.03029 0.75767 ( 9)  0.956  0.758
 147 A   0.00000 0.00000 0.00000 0.00000 0.00000 0.00000 0.00000 0.00000 1.00000 ( 9)  1.261  1.000
 148 A   0.00000 0.00000 0.00000 0.00000 0.00000 0.00000 0.00000 0.00000 1.00000 ( 9)  1.261  1.000
 149 K   0.04416 0.04416 0.04416 0.04416 0.04416 0.04416 0.04416 0.04416 0.64670 ( 9)  0.816  0.647
 150 P   0.00000 0.00000 0.00000 0.00000 0.00000 0.00000 0.00000 0.00000 1.00000 ( 9)  1.261  1.000
 151 T   0.04602 0.04602 0.04602 0.04602 0.04602 0.04602 0.04602 0.04602 0.63187 ( 9)  0.797  0.632
 152 N   0.00000 0.00000 0.00000 0.00000 0.00000 0.00000 0.00000 0.00000 1.00000 ( 9)  1.261  1.000
 153 R   0.00000 0.00000 0.00000 0.00000 0.00000 0.00000 0.00000 0.00000 1.00000 ( 9)  1.261  1.000
 154 S   0.00000 0.00000 0.00000 0.00000 0.00000 0.00000 0.00000 0.00000 1.00000 ( 9)  1.261  1.000
 155 T   0.00000 0.00000 0.00000 0.00000 0.00000 0.00000 0.00000 0.00000 1.00000 ( 9)  1.261  1.000
 156 T   0.03824 0.03824 0.03824 0.03824 0.03824 0.03824 0.03824 0.03824 0.69405 ( 9)  0.875  0.694
 157 C   0.00000 0.00000 0.00000 0.00000 0.00000 0.00000 0.00000 0.00000 1.00000 ( 9)  1.261  1.000
 158 V   0.00000 0.00000 0.00000 0.00000 0.00000 0.00000 0.00000 0.00000 1.00000 ( 9)  1.261  1.000
 159 D   0.04744 0.04744 0.04744 0.04744 0.04744 0.04744 0.04744 0.04744 0.62050 ( 9)  0.783  0.620
 160 L   0.00000 0.00000 0.00000 0.00000 0.00000 0.00000 0.00000 0.00000 1.00000 ( 9)  1.261  1.000
 161 D   0.04744 0.04744 0.04744 0.04744 0.04744 0.04744 0.04744 0.04744 0.62050 ( 9)  0.783  0.620
 162 I   0.04569 0.04569 0.04569 0.04569 0.04569 0.04569 0.04569 0.04569 0.63447 ( 9)  0.800  0.634
 163 G   0.04010 0.04010 0.04010 0.04010 0.04010 0.04010 0.04010 0.04010 0.67920 ( 9)  0.857  0.679
 164 E   0.03942 0.03942 0.03942 0.03942 0.03942 0.03942 0.03942 0.03942 0.68462 ( 9)  0.863  0.685
 165 C   0.03248 0.03248 0.03248 0.03248 0.03248 0.03248 0.03248 0.03248 0.74016 ( 9)  0.934  0.740
 166 C   0.03350 0.03350 0.03350 0.03350 0.03350 0.03350 0.03350 0.03350 0.73196 ( 9)  0.923  0.732
 167 E   0.04346 0.04346 0.04346 0.04346 0.04346 0.04346 0.04346 0.04346 0.65234 ( 9)  0.823  0.652
 168 N   0.00000 0.00000 0.00000 0.00000 0.00000 0.00000 0.00000 0.00000 1.00000 ( 9)  1.261  1.000
 169 R   0.02919 0.02919 0.02919 0.02919 0.02919 0.02919 0.02919 0.02919 0.76645 ( 9)  0.967  0.766
 170 T   0.03824 0.03824 0.03824 0.03824 0.03824 0.03824 0.03824 0.03824 0.69405 ( 9)  0.875  0.694
 171 T   0.04602 0.04602 0.04602 0.04602 0.04602 0.04602 0.04602 0.04602 0.63187 ( 9)  0.797  0.632
 172 T   0.00000 0.00000 0.00000 0.00000 0.00000 0.00000 0.00000 0.00000 1.00000 ( 9)  1.261  1.000
 173 E   0.04402 0.04402 0.04402 0.04402 0.04402 0.04402 0.04402 0.04402 0.64780 ( 9)  0.817  0.648
 174 N   0.00000 0.00000 0.00000 0.00000 0.00000 0.00000 0.00000 0.00000 1.00000 ( 9)  1.261  1.000
 175 M   0.00000 0.00000 0.00000 0.00000 0.00000 0.00000 0.00000 0.00000 1.00000 ( 9)  1.261  1.000
 176 K   0.03955 0.03955 0.03955 0.03955 0.03955 0.03955 0.03955 0.03955 0.68358 ( 9)  0.862  0.684
 177 L   0.00000 0.00000 0.00000 0.00000 0.00000 0.00000 0.00000 0.00000 1.00000 ( 9)  1.261  1.000
 178 P   0.00000 0.00000 0.00000 0.00000 0.00000 0.00000 0.00000 0.00000 1.00000 ( 9)  1.261  1.000
 179 I   0.00000 0.00000 0.00000 0.00000 0.00000 0.00000 0.00000 0.00000 1.00000 ( 9)  1.261  1.000
 180 S   0.03805 0.03805 0.03805 0.03805 0.03805 0.03805 0.03805 0.03805 0.69557 ( 9)  0.877  0.696
 181 S   0.04593 0.04593 0.04593 0.04593 0.04593 0.04593 0.04593 0.04593 0.63259 ( 9)  0.798  0.633
 182 S   0.00000 0.00000 0.00000 0.00000 0.00000 0.00000 0.00000 0.00000 1.00000 ( 9)  1.261  1.000
 183 I   0.00000 0.00000 0.00000 0.00000 0.00000 0.00000 0.00000 0.00000 1.00000 ( 9)  1.261  1.000
 184 L   0.00000 0.00000 0.00000 0.00000 0.00000 0.00000 0.00000 0.00000 1.00000 ( 9)  1.261  1.000
 185 A   0.00000 0.00000 0.00000 0.00000 0.00000 0.00000 0.00000 0.00000 1.00000 ( 9)  1.261  1.000
 186 K   0.00000 0.00000 0.00000 0.00000 0.00000 0.00000 0.00000 0.00000 1.00000 ( 9)  1.261  1.000
 187 V   0.04214 0.04214 0.04214 0.04214 0.04214 0.04214 0.04214 0.04214 0.66287 ( 9)  0.836  0.663
 188 A   0.00000 0.00000 0.00000 0.00000 0.00000 0.00000 0.00000 0.00000 1.00000 ( 9)  1.261  1.000
 189 P   0.00000 0.00000 0.00000 0.00000 0.00000 0.00000 0.00000 0.00000 1.00000 ( 9)  1.261  1.000
 190 L   0.02877 0.02877 0.02877 0.02877 0.02877 0.02877 0.02877 0.02877 0.76984 ( 9)  0.971  0.770
 191 T   0.00000 0.00000 0.00000 0.00000 0.00000 0.00000 0.00000 0.00000 1.00000 ( 9)  1.261  1.000
 192 V   0.00000 0.00000 0.00000 0.00000 0.00000 0.00000 0.00000 0.00000 1.00000 ( 9)  1.261  1.000
 193 E   0.00000 0.00000 0.00000 0.00000 0.00000 0.00000 0.00000 0.00000 1.00000 ( 9)  1.261  1.000
 194 T   0.00000 0.00000 0.00000 0.00000 0.00000 0.00000 0.00000 0.00000 1.00000 ( 9)  1.261  1.000
 195 F   0.00000 0.00000 0.00000 0.00000 0.00000 0.00000 0.00000 0.00000 1.00000 ( 9)  1.261  1.000
 196 V   0.04520 0.04520 0.04520 0.04520 0.04520 0.04520 0.04520 0.04520 0.63841 ( 9)  0.805  0.638
 197 T   0.00000 0.00000 0.00000 0.00000 0.00000 0.00000 0.00000 0.00000 1.00000 ( 9)  1.261  1.000
 198 Q   0.03250 0.03250 0.03250 0.03250 0.03250 0.03250 0.03250 0.03250 0.73997 ( 9)  0.933  0.740

Positively selected sites

	Prob(w>1)  mean w

     1 R      1.000**       1.261
     2 K      0.654         0.825
     3 I      0.621         0.783
     4 L      0.773         0.975
     5 E      1.000**       1.261
     6 W      1.000**       1.261
     7 V      1.000**       1.261
     8 A      1.000**       1.261
     9 S      0.633         0.798
    10 I      1.000**       1.261
    11 Q      0.758         0.956
    12 R      1.000**       1.261
    13 A      0.694         0.875
    14 Y      1.000**       1.261
    15 T      1.000**       1.261
    16 T      1.000**       1.261
    17 I      0.621         0.783
    18 R      1.000**       1.261
    19 R      0.766         0.967
    20 L      0.758         0.957
    21 P      1.000**       1.261
    22 E      0.648         0.817
    23 S      1.000**       1.261
    24 V      1.000**       1.261
    25 P      0.744         0.939
    26 L      1.000**       1.261
    27 E      1.000**       1.261
    28 A      1.000**       1.261
    29 R      0.771         0.973
    30 K      0.647         0.816
    31 Q      1.000**       1.261
    32 G      1.000**       1.261
    33 H      1.000**       1.261
    34 S      0.633         0.798
    35 R      1.000**       1.261
    36 S      0.739         0.932
    37 R      0.668         0.843
    38 G      1.000**       1.261
    39 E      0.648         0.817
    40 M      1.000**       1.261
    41 R      1.000**       1.261
    42 N      1.000**       1.261
    43 R      0.661         0.833
    44 L      0.758         0.956
    45 P      0.719         0.907
    46 L      1.000**       1.261
    47 G      1.000**       1.261
    48 A      0.631         0.796
    49 S      0.704         0.888
    50 W      1.000**       1.261
    51 A      0.631         0.796
    52 Y      1.000**       1.261
    53 P      0.703         0.887
    54 K      1.000**       1.261
    55 L      0.758         0.956
    56 M      1.000**       1.261
    57 A      0.631         0.796
    58 K      0.684         0.862
    59 P      1.000**       1.261
    60 I      0.700         0.883
    61 V      1.000**       1.261
    62 V      0.715         0.902
    63 I      0.637         0.804
    64 A      0.631         0.796
    65 P      0.752         0.948
    66 F      1.000**       1.261
    67 A      0.694         0.876
    68 P      0.752         0.948
    69 E      0.685         0.863
    70 S      0.633         0.798
    71 T      0.660         0.833
    72 P      0.719         0.907
    73 T      1.000**       1.261
    74 Q      0.758         0.956
    75 P      1.000**       1.261
    76 A      1.000**       1.261
    77 A      1.000**       1.261
    78 A      1.000**       1.261
    79 P      0.714         0.901
    80 D      0.670         0.844
    81 S      0.633         0.798
    82 T      1.000**       1.261
    83 F      0.717         0.904
    84 Y      0.722         0.911
    85 S      0.749         0.945
    86 T      0.632         0.797
    87 T      0.647         0.817
    88 A      1.000**       1.261
    89 D      1.000**       1.261
    90 P      0.700         0.883
    91 S      1.000**       1.261
    92 I      1.000**       1.261
    93 S      1.000**       1.261
    94 K      1.000**       1.261
    95 G      0.661         0.834
    96 S      0.660         0.833
    97 E      1.000**       1.261
    98 A      0.709         0.895
    99 L      0.746         0.940
   100 E      0.648         0.817
   101 E      0.648         0.817
   102 A      1.000**       1.261
   103 S      1.000**       1.261
   104 P      1.000**       1.261
   105 T      0.652         0.823
   106 W      0.767         0.967
   107 T      0.652         0.823
   108 E      0.648         0.817
   109 R      0.724         0.913
   110 P      0.742         0.935
   111 K      0.647         0.816
   112 Y      0.737         0.930
   113 A      1.000**       1.261
   114 E      0.648         0.817
   115 L      0.771         0.973
   116 S      0.749         0.945
   117 A      0.660         0.832
   118 L      1.000**       1.261
   119 F      1.000**       1.261
   120 S      1.000**       1.261
   121 V      0.700         0.883
   122 T      0.694         0.875
   123 D      1.000**       1.261
   124 D      0.620         0.783
   125 K      0.684         0.862
   126 G      0.729         0.919
   127 A      0.694         0.875
   128 A      1.000**       1.261
   129 V      1.000**       1.261
   130 N      0.619         0.781
   131 S      1.000**       1.261
   132 T      1.000**       1.261
   133 P      0.700         0.883
   134 K      0.647         0.816
   135 S      1.000**       1.261
   136 Q      0.755         0.953
   137 S      0.633         0.798
   138 W      1.000**       1.261
   139 T      1.000**       1.261
   140 G      0.679         0.857
   141 S      0.745         0.939
   142 D      0.620         0.783
   143 V      1.000**       1.261
   144 R      0.748         0.943
   145 R      1.000**       1.261
   146 Q      0.758         0.956
   147 A      1.000**       1.261
   148 A      1.000**       1.261
   149 K      0.647         0.816
   150 P      1.000**       1.261
   151 T      0.632         0.797
   152 N      1.000**       1.261
   153 R      1.000**       1.261
   154 S      1.000**       1.261
   155 T      1.000**       1.261
   156 T      0.694         0.875
   157 C      1.000**       1.261
   158 V      1.000**       1.261
   159 D      0.620         0.783
   160 L      1.000**       1.261
   161 D      0.620         0.783
   162 I      0.634         0.800
   163 G      0.679         0.857
   164 E      0.685         0.863
   165 C      0.740         0.934
   166 C      0.732         0.923
   167 E      0.652         0.823
   168 N      1.000**       1.261
   169 R      0.766         0.967
   170 T      0.694         0.875
   171 T      0.632         0.797
   172 T      1.000**       1.261
   173 E      0.648         0.817
   174 N      1.000**       1.261
   175 M      1.000**       1.261
   176 K      0.684         0.862
   177 L      1.000**       1.261
   178 P      1.000**       1.261
   179 I      1.000**       1.261
   180 S      0.696         0.877
   181 S      0.633         0.798
   182 S      1.000**       1.261
   183 I      1.000**       1.261
   184 L      1.000**       1.261
   185 A      1.000**       1.261
   186 K      1.000**       1.261
   187 V      0.663         0.836
   188 A      1.000**       1.261
   189 P      1.000**       1.261
   190 L      0.770         0.971
   191 T      1.000**       1.261
   192 V      1.000**       1.261
   193 E      1.000**       1.261
   194 T      1.000**       1.261
   195 F      1.000**       1.261
   196 V      0.638         0.805
   197 T      1.000**       1.261
   198 Q      0.740         0.933


lnL = -1575.453150

Bayes Empirical Bayes (BEB) probabilities for 11 classes (class) & postmean_w
(amino acids refer to 1st sequence: cln.10130)

   1 R   0.00148 0.00298 0.00561 0.00888 0.01280 0.01745 0.02309 0.03049 0.04269 0.18731 0.66721 (11)  1.363 +-  0.555
   2 K   0.09557 0.05306 0.05117 0.05022 0.04944 0.04886 0.04884 0.05025 0.05613 0.20206 0.29440 (11)  0.853 +-  0.533
   3 I   0.10386 0.05720 0.05458 0.05300 0.05161 0.05045 0.04989 0.05077 0.05611 0.20054 0.27198 (11)  0.821 +-  0.527
   4 L   0.06534 0.03787 0.03827 0.03937 0.04060 0.04202 0.04395 0.04727 0.05513 0.20506 0.38511 (11)  0.978 +-  0.548
   5 E   0.00172 0.00338 0.00624 0.00972 0.01382 0.01860 0.02431 0.03174 0.04395 0.19019 0.65631 (11)  1.351 +-  0.557
   6 W   0.00382 0.00657 0.01097 0.01566 0.02058 0.02580 0.03161 0.03885 0.05081 0.20602 0.58930 (11)  1.261 +-  0.510
   7 V   0.00388 0.00667 0.01113 0.01587 0.02084 0.02609 0.03192 0.03918 0.05116 0.20692 0.58634 (11)  1.257 +-  0.507
   8 A   0.00649 0.01040 0.01650 0.02243 0.02811 0.03363 0.03932 0.04612 0.05749 0.21964 0.51987 (11)  1.173 +-  0.477
   9 S   0.10096 0.05577 0.05343 0.05209 0.05093 0.04998 0.04961 0.05068 0.05621 0.20126 0.27909 (11)  0.832 +-  0.529
  10 I   0.00503 0.00837 0.01362 0.01897 0.02434 0.02979 0.03562 0.04274 0.05452 0.21413 0.55287 (11)  1.214 +-  0.489
  11 Q   0.06935 0.03993 0.04009 0.04096 0.04197 0.04314 0.04483 0.04790 0.05550 0.20524 0.37109 (11)  0.959 +-  0.545
  12 R   0.00610 0.00987 0.01576 0.02155 0.02717 0.03269 0.03842 0.04532 0.05681 0.21848 0.52782 (11)  1.183 +-  0.479
  13 A   0.08571 0.04815 0.04707 0.04685 0.04677 0.04687 0.04750 0.04953 0.05605 0.20359 0.32193 (11)  0.891 +-  0.538
  14 Y   0.00423 0.00718 0.01187 0.01678 0.02185 0.02715 0.03296 0.04017 0.05206 0.20875 0.57701 (11)  1.245 +-  0.504
  15 T   0.00014 0.00073 0.00207 0.00419 0.00715 0.01108 0.01621 0.02327 0.03502 0.16547 0.73466 (11)  1.462 +-  0.634
  16 T   0.00601 0.00974 0.01556 0.02129 0.02687 0.03235 0.03807 0.04497 0.05646 0.21762 0.53106 (11)  1.187 +-  0.483
  17 I   0.10386 0.05720 0.05458 0.05300 0.05161 0.05045 0.04989 0.05077 0.05611 0.20054 0.27198 (11)  0.821 +-  0.527
  18 R   0.00021 0.00110 0.00299 0.00584 0.00966 0.01446 0.02048 0.02845 0.04138 0.18727 0.68815 (11)  1.386 +-  0.533
  19 R   0.06703 0.03874 0.03905 0.04005 0.04119 0.04251 0.04434 0.04756 0.05531 0.20519 0.37904 (11)  0.970 +-  0.546
  20 L   0.06912 0.03981 0.03998 0.04086 0.04187 0.04306 0.04476 0.04785 0.05546 0.20518 0.37205 (11)  0.960 +-  0.545
  21 P   0.00385 0.00662 0.01105 0.01576 0.02070 0.02593 0.03174 0.03899 0.05095 0.20638 0.58801 (11)  1.259 +-  0.509
  22 E   0.09718 0.05388 0.05186 0.05080 0.04991 0.04923 0.04910 0.05041 0.05618 0.20188 0.28958 (11)  0.846 +-  0.531
  23 S   0.00001 0.00011 0.00049 0.00137 0.00294 0.00545 0.00925 0.01504 0.02524 0.13412 0.80599 (11)  1.562 +-  0.695
  24 V   0.00014 0.00076 0.00213 0.00430 0.00733 0.01133 0.01655 0.02372 0.03562 0.16799 0.73013 (11)  1.453 +-  0.616
  25 P   0.07278 0.04167 0.04159 0.04224 0.04303 0.04399 0.04546 0.04831 0.05568 0.20505 0.36020 (11)  0.944 +-  0.543
  26 L   0.00376 0.00649 0.01085 0.01550 0.02039 0.02559 0.03139 0.03863 0.05058 0.20540 0.59142 (11)  1.264 +-  0.514
  27 E   0.00001 0.00013 0.00058 0.00158 0.00336 0.00615 0.01030 0.01655 0.02743 0.14397 0.78995 (11)  1.532 +-  0.655
  28 A   0.00427 0.00721 0.01185 0.01668 0.02164 0.02682 0.03250 0.03957 0.05130 0.20612 0.58203 (11)  1.254 +-  0.522
  29 R   0.06568 0.03805 0.03843 0.03950 0.04071 0.04210 0.04401 0.04731 0.05515 0.20503 0.38402 (11)  0.976 +-  0.548
  30 K   0.09745 0.05401 0.05196 0.05088 0.04997 0.04927 0.04913 0.05042 0.05617 0.20181 0.28892 (11)  0.845 +-  0.531
  31 Q   0.00349 0.00607 0.01021 0.01469 0.01945 0.02457 0.03032 0.03756 0.04950 0.20275 0.60140 (11)  1.278 +-  0.524
  32 G   0.00563 0.00918 0.01473 0.02026 0.02568 0.03109 0.03678 0.04369 0.05521 0.21470 0.54305 (11)  1.204 +-  0.495
  33 H   0.00490 0.00817 0.01333 0.01861 0.02393 0.02936 0.03520 0.04234 0.05415 0.21343 0.55657 (11)  1.218 +-  0.489
  34 S   0.10096 0.05577 0.05343 0.05209 0.05093 0.04998 0.04961 0.05068 0.05621 0.20126 0.27909 (11)  0.832 +-  0.529
  35 R   0.00438 0.00741 0.01222 0.01723 0.02238 0.02773 0.03356 0.04077 0.05267 0.21026 0.57139 (11)  1.237 +-  0.498
  36 S   0.07413 0.04236 0.04219 0.04277 0.04348 0.04435 0.04574 0.04851 0.05579 0.20506 0.35563 (11)  0.938 +-  0.542
  37 R   0.09208 0.05135 0.04978 0.04911 0.04860 0.04828 0.04849 0.05012 0.05623 0.20289 0.30308 (11)  0.865 +-  0.534
  38 G   0.00388 0.00669 0.01116 0.01593 0.02093 0.02621 0.03207 0.03936 0.05137 0.20762 0.58477 (11)  1.254 +-  0.503
  39 E   0.09718 0.05388 0.05186 0.05080 0.04991 0.04923 0.04910 0.05041 0.05618 0.20188 0.28958 (11)  0.846 +-  0.531
  40 M   0.00023 0.00118 0.00320 0.00622 0.01021 0.01520 0.02138 0.02951 0.04263 0.19109 0.67916 (11)  1.372 +-  0.519
  41 R   0.00349 0.00606 0.01019 0.01464 0.01936 0.02444 0.03014 0.03732 0.04918 0.20135 0.60384 (11)  1.284 +-  0.541
  42 N   0.00021 0.00109 0.00297 0.00581 0.00961 0.01440 0.02040 0.02836 0.04128 0.18703 0.68884 (11)  1.386 +-  0.532
  43 R   0.09401 0.05232 0.05060 0.04980 0.04916 0.04871 0.04880 0.05030 0.05628 0.20267 0.29734 (11)  0.857 +-  0.532
  44 L   0.06923 0.03987 0.04003 0.04091 0.04192 0.04311 0.04480 0.04788 0.05549 0.20523 0.37152 (11)  0.959 +-  0.545
  45 P   0.07924 0.04493 0.04439 0.04463 0.04501 0.04555 0.04661 0.04905 0.05600 0.20463 0.33997 (11)  0.916 +-  0.540
  46 L   0.00016 0.00083 0.00233 0.00466 0.00787 0.01207 0.01748 0.02485 0.03701 0.17274 0.72001 (11)  1.437 +-  0.599
  47 G   0.00517 0.00853 0.01382 0.01918 0.02452 0.02992 0.03570 0.04274 0.05444 0.21366 0.55232 (11)  1.214 +-  0.491
  48 A   0.10113 0.05578 0.05332 0.05189 0.05066 0.04967 0.04928 0.05035 0.05587 0.20049 0.28157 (11)  0.834 +-  0.532
  49 S   0.08327 0.04697 0.04614 0.04613 0.04625 0.04653 0.04733 0.04952 0.05620 0.20440 0.32725 (11)  0.899 +-  0.537
  50 W   0.00427 0.00725 0.01197 0.01692 0.02202 0.02735 0.03318 0.04039 0.05230 0.20940 0.57495 (11)  1.242 +-  0.501
  51 A   0.10113 0.05578 0.05332 0.05189 0.05066 0.04967 0.04928 0.05035 0.05587 0.20049 0.28157 (11)  0.834 +-  0.532
  52 Y   0.00461 0.00775 0.01270 0.01783 0.02304 0.02841 0.03424 0.04140 0.05325 0.21137 0.56539 (11)  1.230 +-  0.496
  53 P   0.08339 0.04701 0.04615 0.04611 0.04621 0.04648 0.04726 0.04944 0.05611 0.20416 0.32769 (11)  0.899 +-  0.538
  54 K   0.00537 0.00884 0.01428 0.01977 0.02521 0.03067 0.03647 0.04352 0.05521 0.21542 0.54524 (11)  1.205 +-  0.486
  55 L   0.06923 0.03987 0.04003 0.04091 0.04192 0.04311 0.04480 0.04788 0.05549 0.20523 0.37152 (11)  0.959 +-  0.545
  56 M   0.00023 0.00118 0.00321 0.00622 0.01021 0.01519 0.02136 0.02946 0.04256 0.19069 0.67969 (11)  1.374 +-  0.523
  57 A   0.10113 0.05578 0.05332 0.05189 0.05066 0.04967 0.04928 0.05035 0.05587 0.20049 0.28157 (11)  0.834 +-  0.532
  58 K   0.08833 0.04948 0.04824 0.04785 0.04761 0.04755 0.04801 0.04988 0.05623 0.20355 0.31327 (11)  0.879 +-  0.535
  59 P   0.00457 0.00768 0.01261 0.01770 0.02289 0.02825 0.03406 0.04122 0.05306 0.21088 0.56707 (11)  1.233 +-  0.499
  60 I   0.08421 0.04743 0.04653 0.04645 0.04650 0.04672 0.04746 0.04959 0.05621 0.20424 0.32465 (11)  0.895 +-  0.537
  61 V   0.00530 0.00874 0.01414 0.01960 0.02501 0.03047 0.03626 0.04331 0.05501 0.21493 0.54722 (11)  1.207 +-  0.488
  62 V   0.08030 0.04547 0.04486 0.04504 0.04535 0.04583 0.04682 0.04920 0.05607 0.20463 0.33643 (11)  0.911 +-  0.539
  63 I   0.09980 0.05520 0.05298 0.05174 0.05067 0.04981 0.04952 0.05066 0.05626 0.20158 0.28181 (11)  0.835 +-  0.529
  64 A   0.10113 0.05578 0.05332 0.05189 0.05066 0.04967 0.04928 0.05035 0.05587 0.20049 0.28157 (11)  0.834 +-  0.532
  65 P   0.07082 0.04067 0.04072 0.04150 0.04241 0.04349 0.04508 0.04806 0.05556 0.20510 0.36659 (11)  0.953 +-  0.545
  66 F   0.00336 0.00588 0.00993 0.01433 0.01903 0.02412 0.02985 0.03709 0.04904 0.20164 0.60573 (11)  1.284 +-  0.527
  67 A   0.08550 0.04804 0.04697 0.04676 0.04669 0.04680 0.04744 0.04949 0.05602 0.20356 0.32274 (11)  0.892 +-  0.539
  68 P   0.07082 0.04067 0.04072 0.04150 0.04241 0.04349 0.04508 0.04806 0.05556 0.20510 0.36659 (11)  0.953 +-  0.545
  69 E   0.08807 0.04935 0.04813 0.04777 0.04754 0.04750 0.04798 0.04986 0.05623 0.20360 0.31397 (11)  0.880 +-  0.535
  70 S   0.10096 0.05577 0.05343 0.05209 0.05093 0.04998 0.04961 0.05068 0.05621 0.20126 0.27909 (11)  0.832 +-  0.529
  71 T   0.09398 0.05225 0.05047 0.04962 0.04893 0.04846 0.04854 0.05005 0.05603 0.20207 0.29961 (11)  0.860 +-  0.535
  72 P   0.07924 0.04493 0.04439 0.04463 0.04501 0.04555 0.04661 0.04905 0.05600 0.20463 0.33997 (11)  0.916 +-  0.540
  73 T   0.00513 0.00849 0.01378 0.01914 0.02450 0.02993 0.03573 0.04281 0.05453 0.21396 0.55199 (11)  1.213 +-  0.491
  74 Q   0.06935 0.03993 0.04009 0.04096 0.04197 0.04314 0.04483 0.04790 0.05550 0.20524 0.37109 (11)  0.959 +-  0.545
  75 P   0.00444 0.00748 0.01229 0.01729 0.02240 0.02770 0.03347 0.04060 0.05241 0.20915 0.57277 (11)  1.241 +-  0.508
  76 A   0.00026 0.00133 0.00355 0.00682 0.01107 0.01629 0.02267 0.03094 0.04422 0.19522 0.66764 (11)  1.358 +-  0.511
  77 A   0.00590 0.00956 0.01529 0.02094 0.02644 0.03188 0.03757 0.04445 0.05592 0.21623 0.53583 (11)  1.194 +-  0.490
  78 A   0.00001 0.00009 0.00043 0.00120 0.00261 0.00489 0.00836 0.01371 0.02318 0.12343 0.82209 (11)  1.598 +-  0.758
  79 P   0.08061 0.04561 0.04497 0.04512 0.04540 0.04585 0.04681 0.04917 0.05602 0.20444 0.33600 (11)  0.911 +-  0.540
  80 D   0.09181 0.05121 0.04966 0.04902 0.04852 0.04822 0.04845 0.05010 0.05622 0.20291 0.30389 (11)  0.866 +-  0.534
  81 S   0.10096 0.05577 0.05343 0.05209 0.05093 0.04998 0.04961 0.05068 0.05621 0.20126 0.27909 (11)  0.832 +-  0.529
  82 T   0.00447 0.00754 0.01241 0.01747 0.02265 0.02801 0.03385 0.04104 0.05293 0.21081 0.56882 (11)  1.234 +-  0.496
  83 F   0.07990 0.04528 0.04472 0.04495 0.04529 0.04581 0.04682 0.04923 0.05613 0.20486 0.33700 (11)  0.912 +-  0.538
  84 Y   0.07856 0.04460 0.04413 0.04444 0.04487 0.04546 0.04657 0.04906 0.05605 0.20489 0.34137 (11)  0.918 +-  0.539
  85 S   0.07163 0.04109 0.04110 0.04183 0.04269 0.04373 0.04527 0.04820 0.05565 0.20518 0.36364 (11)  0.949 +-  0.544
  86 T   0.10096 0.05569 0.05324 0.05182 0.05060 0.04963 0.04925 0.05033 0.05587 0.20050 0.28212 (11)  0.835 +-  0.532
  87 T   0.09716 0.05383 0.05176 0.05066 0.04974 0.04904 0.04891 0.05022 0.05600 0.20147 0.29121 (11)  0.848 +-  0.533
  88 A   0.00509 0.00843 0.01368 0.01901 0.02434 0.02975 0.03552 0.04258 0.05429 0.21327 0.55403 (11)  1.216 +-  0.494
  89 D   0.00671 0.01069 0.01690 0.02290 0.02861 0.03411 0.03976 0.04649 0.05779 0.22003 0.51600 (11)  1.169 +-  0.477
  90 P   0.08408 0.04735 0.04643 0.04634 0.04639 0.04661 0.04735 0.04948 0.05611 0.20403 0.32582 (11)  0.897 +-  0.538
  91 S   0.00434 0.00734 0.01212 0.01710 0.02222 0.02755 0.03338 0.04059 0.05248 0.20977 0.57311 (11)  1.240 +-  0.500
  92 I   0.00465 0.00781 0.01280 0.01795 0.02319 0.02858 0.03441 0.04158 0.05343 0.21185 0.56375 (11)  1.228 +-  0.494
  93 S   0.00453 0.00763 0.01254 0.01763 0.02283 0.02820 0.03403 0.04122 0.05309 0.21115 0.56716 (11)  1.232 +-  0.495
  94 K   0.00531 0.00876 0.01417 0.01963 0.02506 0.03052 0.03632 0.04337 0.05507 0.21513 0.54667 (11)  1.206 +-  0.486
  95 G   0.09390 0.05226 0.05054 0.04974 0.04910 0.04865 0.04875 0.05026 0.05625 0.20262 0.29792 (11)  0.858 +-  0.532
  96 S   0.09414 0.05237 0.05062 0.04979 0.04913 0.04866 0.04874 0.05024 0.05621 0.20247 0.29764 (11)  0.857 +-  0.533
  97 E   0.00661 0.01056 0.01671 0.02267 0.02835 0.03385 0.03951 0.04626 0.05759 0.21965 0.51825 (11)  1.172 +-  0.478
  98 A   0.08174 0.04617 0.04541 0.04547 0.04567 0.04604 0.04692 0.04920 0.05598 0.20414 0.33325 (11)  0.907 +-  0.540
  99 L   0.07253 0.04155 0.04149 0.04217 0.04298 0.04396 0.04545 0.04832 0.05571 0.20517 0.36068 (11)  0.944 +-  0.543
 100 E   0.09718 0.05388 0.05186 0.05080 0.04991 0.04923 0.04910 0.05041 0.05618 0.20188 0.28958 (11)  0.846 +-  0.531
 101 E   0.09718 0.05388 0.05186 0.05080 0.04991 0.04923 0.04910 0.05041 0.05618 0.20188 0.28958 (11)  0.846 +-  0.531
 102 A   0.00483 0.00806 0.01315 0.01836 0.02363 0.02901 0.03481 0.04193 0.05371 0.21220 0.56031 (11)  1.224 +-  0.495
 103 S   0.00671 0.01070 0.01692 0.02294 0.02867 0.03419 0.03985 0.04661 0.05792 0.22042 0.51507 (11)  1.167 +-  0.475
 104 P   0.00477 0.00799 0.01306 0.01828 0.02357 0.02899 0.03483 0.04200 0.05385 0.21283 0.55983 (11)  1.222 +-  0.490
 105 T   0.09598 0.05324 0.05127 0.05025 0.04942 0.04880 0.04875 0.05014 0.05600 0.20167 0.29448 (11)  0.853 +-  0.534
 106 W   0.06692 0.03869 0.03901 0.04002 0.04117 0.04249 0.04433 0.04756 0.05532 0.20524 0.37926 (11)  0.970 +-  0.546
 107 T   0.09598 0.05324 0.05127 0.05025 0.04942 0.04880 0.04875 0.05014 0.05600 0.20167 0.29448 (11)  0.853 +-  0.534
 108 E   0.09718 0.05388 0.05186 0.05080 0.04991 0.04923 0.04910 0.05041 0.05618 0.20188 0.28958 (11)  0.846 +-  0.531
 109 R   0.07814 0.04439 0.04394 0.04427 0.04473 0.04535 0.04648 0.04899 0.05601 0.20488 0.34282 (11)  0.920 +-  0.540
 110 P   0.07350 0.04203 0.04190 0.04251 0.04326 0.04417 0.04559 0.04840 0.05572 0.20501 0.35791 (11)  0.941 +-  0.543
 111 K   0.09745 0.05401 0.05196 0.05088 0.04997 0.04927 0.04913 0.05042 0.05617 0.20181 0.28892 (11)  0.845 +-  0.531
 112 Y   0.07475 0.04267 0.04247 0.04301 0.04369 0.04453 0.04587 0.04860 0.05585 0.20509 0.35347 (11)  0.935 +-  0.542
 113 A   0.00497 0.00828 0.01348 0.01879 0.02413 0.02957 0.03540 0.04253 0.05432 0.21374 0.55479 (11)  1.216 +-  0.488
 114 E   0.09718 0.05388 0.05186 0.05080 0.04991 0.04923 0.04910 0.05041 0.05618 0.20188 0.28958 (11)  0.846 +-  0.531
 115 L   0.06570 0.03805 0.03841 0.03947 0.04067 0.04206 0.04396 0.04726 0.05509 0.20484 0.38449 (11)  0.977 +-  0.550
 116 S   0.07163 0.04109 0.04110 0.04183 0.04269 0.04373 0.04527 0.04820 0.05565 0.20518 0.36364 (11)  0.949 +-  0.544
 117 A   0.09413 0.05233 0.05054 0.04968 0.04900 0.04851 0.04859 0.05009 0.05606 0.20213 0.29894 (11)  0.859 +-  0.535
 118 L   0.00369 0.00638 0.01068 0.01529 0.02016 0.02534 0.03113 0.03838 0.05034 0.20489 0.59372 (11)  1.267 +-  0.515
 119 F   0.00369 0.00638 0.01068 0.01529 0.02015 0.02534 0.03113 0.03838 0.05034 0.20490 0.59373 (11)  1.267 +-  0.514
 120 S   0.00487 0.00813 0.01327 0.01854 0.02385 0.02928 0.03512 0.04226 0.05408 0.21325 0.55734 (11)  1.219 +-  0.489
 121 V   0.08419 0.04742 0.04651 0.04643 0.04648 0.04670 0.04743 0.04956 0.05618 0.20419 0.32491 (11)  0.895 +-  0.537
 122 T   0.08561 0.04810 0.04703 0.04681 0.04674 0.04685 0.04748 0.04952 0.05604 0.20360 0.32223 (11)  0.891 +-  0.538
 123 D   0.00021 0.00108 0.00295 0.00576 0.00951 0.01424 0.02015 0.02799 0.04073 0.18438 0.69299 (11)  1.397 +-  0.561
 124 D   0.10386 0.05718 0.05454 0.05294 0.05154 0.05038 0.04981 0.05070 0.05605 0.20039 0.27261 (11)  0.822 +-  0.528
 125 K   0.08833 0.04948 0.04824 0.04785 0.04761 0.04755 0.04801 0.04988 0.05623 0.20355 0.31327 (11)  0.879 +-  0.535
 126 G   0.07682 0.04372 0.04336 0.04377 0.04431 0.04502 0.04623 0.04883 0.05593 0.20493 0.34708 (11)  0.926 +-  0.541
 127 A   0.08571 0.04815 0.04707 0.04685 0.04677 0.04687 0.04750 0.04953 0.05605 0.20359 0.32193 (11)  0.891 +-  0.538
 128 A   0.00364 0.00632 0.01062 0.01525 0.02015 0.02538 0.03122 0.03853 0.05057 0.20575 0.59258 (11)  1.265 +-  0.510
 129 V   0.00601 0.00974 0.01557 0.02132 0.02692 0.03242 0.03817 0.04508 0.05660 0.21806 0.53012 (11)  1.186 +-  0.480
 130 N   0.10413 0.05731 0.05465 0.05302 0.05160 0.05042 0.04983 0.05071 0.05603 0.20032 0.27198 (11)  0.821 +-  0.528
 131 S   0.00018 0.00097 0.00268 0.00529 0.00884 0.01339 0.01916 0.02691 0.03958 0.18189 0.70111 (11)  1.404 +-  0.549
 132 T   0.00487 0.00811 0.01322 0.01844 0.02371 0.02908 0.03487 0.04196 0.05370 0.21203 0.56000 (11)  1.224 +-  0.499
 133 P   0.08408 0.04735 0.04643 0.04634 0.04639 0.04661 0.04735 0.04948 0.05611 0.20403 0.32582 (11)  0.897 +-  0.538
 134 K   0.09745 0.05401 0.05196 0.05088 0.04997 0.04927 0.04913 0.05042 0.05617 0.20181 0.28892 (11)  0.845 +-  0.531
 135 S   0.00013 0.00072 0.00204 0.00413 0.00707 0.01096 0.01605 0.02308 0.03478 0.16460 0.73643 (11)  1.465 +-  0.638
 136 Q   0.06991 0.04021 0.04031 0.04114 0.04210 0.04323 0.04488 0.04791 0.05547 0.20506 0.36978 (11)  0.957 +-  0.545
 137 S   0.10096 0.05577 0.05343 0.05209 0.05093 0.04998 0.04961 0.05068 0.05621 0.20126 0.27909 (11)  0.832 +-  0.529
 138 W   0.00369 0.00638 0.01068 0.01529 0.02016 0.02535 0.03114 0.03839 0.05035 0.20493 0.59364 (11)  1.267 +-  0.514
 139 T   0.00014 0.00075 0.00211 0.00426 0.00727 0.01125 0.01644 0.02357 0.03542 0.16712 0.73167 (11)  1.457 +-  0.626
 140 G   0.08943 0.05003 0.04870 0.04824 0.04792 0.04778 0.04817 0.04997 0.05625 0.20341 0.31011 (11)  0.875 +-  0.535
 141 S   0.07277 0.04167 0.04159 0.04226 0.04305 0.04402 0.04548 0.04834 0.05571 0.20513 0.35998 (11)  0.944 +-  0.543
 142 D   0.10386 0.05718 0.05454 0.05294 0.05154 0.05038 0.04981 0.05070 0.05605 0.20039 0.27261 (11)  0.822 +-  0.528
 143 V   0.00545 0.00895 0.01444 0.01995 0.02540 0.03087 0.03665 0.04368 0.05533 0.21559 0.54369 (11)  1.203 +-  0.486
 144 R   0.07189 0.04122 0.04121 0.04192 0.04277 0.04379 0.04531 0.04822 0.05565 0.20514 0.36286 (11)  0.947 +-  0.544
 145 R   0.00495 0.00825 0.01344 0.01875 0.02410 0.02954 0.03538 0.04252 0.05433 0.21384 0.55487 (11)  1.216 +-  0.487
 146 Q   0.06935 0.03993 0.04009 0.04096 0.04197 0.04314 0.04483 0.04790 0.05550 0.20524 0.37109 (11)  0.959 +-  0.545
 147 A   0.00397 0.00683 0.01141 0.01628 0.02136 0.02672 0.03263 0.03995 0.05200 0.20923 0.57961 (11)  1.247 +-  0.498
 148 A   0.00458 0.00765 0.01249 0.01746 0.02252 0.02774 0.03343 0.04046 0.05215 0.20809 0.57342 (11)  1.242 +-  0.514
 149 K   0.09745 0.05401 0.05196 0.05088 0.04997 0.04927 0.04913 0.05042 0.05617 0.20181 0.28892 (11)  0.845 +-  0.531
 150 P   0.00014 0.00074 0.00208 0.00420 0.00718 0.01111 0.01624 0.02331 0.03507 0.16556 0.73437 (11)  1.462 +-  0.636
 151 T   0.10096 0.05569 0.05324 0.05182 0.05060 0.04963 0.04925 0.05033 0.05587 0.20050 0.28212 (11)  0.835 +-  0.532
 152 N   0.00012 0.00068 0.00194 0.00399 0.00689 0.01080 0.01596 0.02312 0.03508 0.16771 0.73371 (11)  1.452 +-  0.594
 153 R   0.00020 0.00105 0.00287 0.00563 0.00934 0.01405 0.01998 0.02787 0.04072 0.18537 0.69294 (11)  1.392 +-  0.537
 154 S   0.00015 0.00078 0.00219 0.00441 0.00750 0.01156 0.01684 0.02407 0.03605 0.16945 0.72699 (11)  1.448 +-  0.611
 155 T   0.00610 0.00984 0.01567 0.02138 0.02690 0.03232 0.03797 0.04478 0.05617 0.21650 0.53236 (11)  1.190 +-  0.491
 156 T   0.08561 0.04810 0.04703 0.04681 0.04674 0.04685 0.04748 0.04952 0.05604 0.20360 0.32223 (11)  0.891 +-  0.538
 157 C   0.00430 0.00729 0.01205 0.01703 0.02216 0.02750 0.03334 0.04057 0.05250 0.21000 0.57326 (11)  1.239 +-  0.497
 158 V   0.00464 0.00779 0.01276 0.01789 0.02312 0.02849 0.03431 0.04147 0.05331 0.21148 0.56475 (11)  1.229 +-  0.496
 159 D   0.10386 0.05718 0.05454 0.05294 0.05154 0.05038 0.04981 0.05070 0.05605 0.20039 0.27261 (11)  0.822 +-  0.528
 160 L   0.00022 0.00116 0.00316 0.00614 0.01010 0.01504 0.02119 0.02928 0.04236 0.19022 0.68113 (11)  1.375 +-  0.523
 161 D   0.10386 0.05718 0.05454 0.05294 0.05154 0.05038 0.04981 0.05070 0.05605 0.20039 0.27261 (11)  0.822 +-  0.528
 162 I   0.10046 0.05551 0.05319 0.05188 0.05074 0.04983 0.04949 0.05059 0.05615 0.20123 0.28094 (11)  0.834 +-  0.529
 163 G   0.08943 0.05003 0.04870 0.04824 0.04792 0.04778 0.04817 0.04997 0.05625 0.20341 0.31011 (11)  0.875 +-  0.535
 164 E   0.08807 0.04935 0.04813 0.04777 0.04754 0.04750 0.04798 0.04986 0.05623 0.20360 0.31397 (11)  0.880 +-  0.535
 165 C   0.07394 0.04226 0.04212 0.04272 0.04344 0.04434 0.04573 0.04852 0.05581 0.20517 0.35596 (11)  0.938 +-  0.542
 166 C   0.07608 0.04335 0.04306 0.04353 0.04413 0.04489 0.04615 0.04880 0.05596 0.20512 0.34893 (11)  0.928 +-  0.540
 167 E   0.09604 0.05330 0.05137 0.05039 0.04958 0.04898 0.04892 0.05030 0.05615 0.20201 0.29294 (11)  0.851 +-  0.532
 168 N   0.00638 0.01024 0.01626 0.02211 0.02774 0.03321 0.03887 0.04566 0.05703 0.21850 0.52398 (11)  1.179 +-  0.482
 169 R   0.06703 0.03874 0.03905 0.04005 0.04119 0.04251 0.04434 0.04756 0.05531 0.20519 0.37904 (11)  0.970 +-  0.546
 170 T   0.08561 0.04810 0.04703 0.04681 0.04674 0.04685 0.04748 0.04952 0.05604 0.20360 0.32223 (11)  0.891 +-  0.538
 171 T   0.10096 0.05569 0.05324 0.05182 0.05060 0.04963 0.04925 0.05033 0.05587 0.20050 0.28212 (11)  0.835 +-  0.532
 172 T   0.00455 0.00765 0.01256 0.01764 0.02283 0.02818 0.03399 0.04116 0.05300 0.21076 0.56769 (11)  1.233 +-  0.499
 173 E   0.09718 0.05388 0.05186 0.05080 0.04991 0.04923 0.04910 0.05041 0.05618 0.20188 0.28958 (11)  0.846 +-  0.531
 174 N   0.00012 0.00068 0.00193 0.00394 0.00679 0.01059 0.01561 0.02257 0.03420 0.16293 0.74063 (11)  1.471 +-  0.639
 175 M   0.00632 0.01018 0.01619 0.02207 0.02774 0.03326 0.03898 0.04583 0.05726 0.21931 0.52286 (11)  1.177 +-  0.477
 176 K   0.08833 0.04948 0.04824 0.04785 0.04761 0.04755 0.04801 0.04988 0.05623 0.20355 0.31327 (11)  0.879 +-  0.535
 177 L   0.00388 0.00667 0.01112 0.01585 0.02080 0.02604 0.03185 0.03910 0.05105 0.20660 0.58702 (11)  1.258 +-  0.509
 178 P   0.00396 0.00679 0.01129 0.01605 0.02103 0.02628 0.03209 0.03932 0.05125 0.20696 0.58499 (11)  1.256 +-  0.509
 179 I   0.00670 0.01068 0.01689 0.02289 0.02861 0.03412 0.03978 0.04652 0.05783 0.22018 0.51579 (11)  1.168 +-  0.477
 180 S   0.08534 0.04800 0.04701 0.04685 0.04683 0.04697 0.04763 0.04969 0.05623 0.20410 0.32135 (11)  0.890 +-  0.536
 181 S   0.10096 0.05577 0.05343 0.05209 0.05093 0.04998 0.04961 0.05068 0.05621 0.20126 0.27909 (11)  0.832 +-  0.529
 182 S   0.00507 0.00842 0.01369 0.01905 0.02443 0.02988 0.03571 0.04282 0.05459 0.21430 0.55205 (11)  1.213 +-  0.487
 183 I   0.00470 0.00788 0.01289 0.01806 0.02330 0.02869 0.03451 0.04167 0.05349 0.21190 0.56290 (11)  1.227 +-  0.495
 184 L   0.00438 0.00741 0.01222 0.01723 0.02238 0.02772 0.03356 0.04076 0.05266 0.21021 0.57145 (11)  1.238 +-  0.498
 185 A   0.00365 0.00632 0.01059 0.01517 0.02001 0.02518 0.03095 0.03819 0.05014 0.20429 0.59553 (11)  1.270 +-  0.518
 186 K   0.00558 0.00914 0.01472 0.02030 0.02580 0.03129 0.03708 0.04409 0.05572 0.21644 0.53983 (11)  1.198 +-  0.483
 187 V   0.09348 0.05205 0.05037 0.04960 0.04899 0.04857 0.04869 0.05023 0.05625 0.20268 0.29909 (11)  0.859 +-  0.533
 188 A   0.00631 0.01013 0.01609 0.02191 0.02751 0.03297 0.03862 0.04542 0.05680 0.21801 0.52623 (11)  1.182 +-  0.484
 189 P   0.00385 0.00662 0.01105 0.01576 0.02070 0.02593 0.03174 0.03899 0.05095 0.20638 0.58801 (11)  1.259 +-  0.509
 190 L   0.06613 0.03829 0.03865 0.03970 0.04089 0.04227 0.04415 0.04743 0.05524 0.20519 0.38206 (11)  0.974 +-  0.547
 191 T   0.00491 0.00819 0.01335 0.01863 0.02396 0.02940 0.03523 0.04237 0.05418 0.21349 0.55629 (11)  1.218 +-  0.489
 192 V   0.00542 0.00891 0.01437 0.01985 0.02527 0.03071 0.03646 0.04346 0.05507 0.21466 0.54582 (11)  1.207 +-  0.496
 193 E   0.00412 0.00707 0.01179 0.01680 0.02200 0.02744 0.03341 0.04077 0.05285 0.21131 0.57245 (11)  1.238 +-  0.491
 194 T   0.00518 0.00856 0.01387 0.01924 0.02460 0.03002 0.03580 0.04284 0.05453 0.21382 0.55154 (11)  1.213 +-  0.492
 195 F   0.00016 0.00084 0.00235 0.00470 0.00794 0.01217 0.01761 0.02501 0.03723 0.17364 0.71835 (11)  1.433 +-  0.592
 196 V   0.09951 0.05504 0.05282 0.05158 0.05052 0.04968 0.04940 0.05056 0.05619 0.20148 0.28321 (11)  0.837 +-  0.530
 197 T   0.00026 0.00133 0.00356 0.00683 0.01108 0.01631 0.02269 0.03097 0.04425 0.19531 0.66742 (11)  1.357 +-  0.511
 198 Q   0.07398 0.04228 0.04213 0.04273 0.04345 0.04434 0.04573 0.04851 0.05581 0.20514 0.35591 (11)  0.938 +-  0.542

Positively selected sites

	Prob(w>1)  mean w

     1 R      0.667         1.363 +- 0.555
     5 E      0.656         1.351 +- 0.557
     6 W      0.589         1.261 +- 0.510
     7 V      0.586         1.257 +- 0.507
     8 A      0.520         1.173 +- 0.477
    10 I      0.553         1.214 +- 0.489
    12 R      0.528         1.183 +- 0.479
    14 Y      0.577         1.245 +- 0.504
    15 T      0.735         1.462 +- 0.634
    16 T      0.531         1.187 +- 0.483
    18 R      0.688         1.386 +- 0.533
    21 P      0.588         1.259 +- 0.509
    23 S      0.806         1.562 +- 0.695
    24 V      0.730         1.453 +- 0.616
    26 L      0.591         1.264 +- 0.514
    27 E      0.790         1.532 +- 0.655
    28 A      0.582         1.254 +- 0.522
    31 Q      0.601         1.278 +- 0.524
    32 G      0.543         1.204 +- 0.495
    33 H      0.557         1.218 +- 0.489
    35 R      0.571         1.237 +- 0.498
    38 G      0.585         1.254 +- 0.503
    40 M      0.679         1.372 +- 0.519
    41 R      0.604         1.284 +- 0.541
    42 N      0.689         1.386 +- 0.532
    46 L      0.720         1.437 +- 0.599
    47 G      0.552         1.214 +- 0.491
    50 W      0.575         1.242 +- 0.501
    52 Y      0.565         1.230 +- 0.496
    54 K      0.545         1.205 +- 0.486
    56 M      0.680         1.374 +- 0.523
    59 P      0.567         1.233 +- 0.499
    61 V      0.547         1.207 +- 0.488
    66 F      0.606         1.284 +- 0.527
    73 T      0.552         1.213 +- 0.491
    75 P      0.573         1.241 +- 0.508
    76 A      0.668         1.358 +- 0.511
    77 A      0.536         1.194 +- 0.490
    78 A      0.822         1.598 +- 0.758
    82 T      0.569         1.234 +- 0.496
    88 A      0.554         1.216 +- 0.494
    89 D      0.516         1.169 +- 0.477
    91 S      0.573         1.240 +- 0.500
    92 I      0.564         1.228 +- 0.494
    93 S      0.567         1.232 +- 0.495
    94 K      0.547         1.206 +- 0.486
    97 E      0.518         1.172 +- 0.478
   102 A      0.560         1.224 +- 0.495
   103 S      0.515         1.167 +- 0.475
   104 P      0.560         1.222 +- 0.490
   113 A      0.555         1.216 +- 0.488
   118 L      0.594         1.267 +- 0.515
   119 F      0.594         1.267 +- 0.514
   120 S      0.557         1.219 +- 0.489
   123 D      0.693         1.397 +- 0.561
   128 A      0.593         1.265 +- 0.510
   129 V      0.530         1.186 +- 0.480
   131 S      0.701         1.404 +- 0.549
   132 T      0.560         1.224 +- 0.499
   135 S      0.736         1.465 +- 0.638
   138 W      0.594         1.267 +- 0.514
   139 T      0.732         1.457 +- 0.626
   143 V      0.544         1.203 +- 0.486
   145 R      0.555         1.216 +- 0.487
   147 A      0.580         1.247 +- 0.498
   148 A      0.573         1.242 +- 0.514
   150 P      0.734         1.462 +- 0.636
   152 N      0.734         1.452 +- 0.594
   153 R      0.693         1.392 +- 0.537
   154 S      0.727         1.448 +- 0.611
   155 T      0.532         1.190 +- 0.491
   157 C      0.573         1.239 +- 0.497
   158 V      0.565         1.229 +- 0.496
   160 L      0.681         1.375 +- 0.523
   168 N      0.524         1.179 +- 0.482
   172 T      0.568         1.233 +- 0.499
   174 N      0.741         1.471 +- 0.639
   175 M      0.523         1.177 +- 0.477
   177 L      0.587         1.258 +- 0.509
   178 P      0.585         1.256 +- 0.509
   179 I      0.516         1.168 +- 0.477
   182 S      0.552         1.213 +- 0.487
   183 I      0.563         1.227 +- 0.495
   184 L      0.571         1.238 +- 0.498
   185 A      0.596         1.270 +- 0.518
   186 K      0.540         1.198 +- 0.483
   188 A      0.526         1.182 +- 0.484
   189 P      0.588         1.259 +- 0.509
   191 T      0.556         1.218 +- 0.489
   192 V      0.546         1.207 +- 0.496
   193 E      0.572         1.238 +- 0.491
   194 T      0.552         1.213 +- 0.492
   195 F      0.718         1.433 +- 0.592
   197 T      0.667         1.357 +- 0.511

