Supplemental results for CODEML (seqf: algn  treef: tree)


dN/dS (w) for site classes (K=9)

p:   0.12474  0.12474  0.12474  0.12474  0.12474  0.12474  0.12474  0.12474  0.00209
w:   0.00057  0.00192  0.00352  0.00546  0.00791  0.01120  0.01620  0.02691 57.34064

Naive Empirical Bayes (NEB) probabilities for 9 classes & postmean_w & P(w>1)
(amino acids refer to 1st sequence: ecp.15519)

   1 C   0.20969 0.18810 0.16537 0.14158 0.11660 0.09007 0.06119 0.02738 0.00002 ( 1)  0.007  0.000
   2 I   0.00132 0.01276 0.03629 0.07186 0.11928 0.17822 0.24800 0.32617 0.00609 ( 8)  0.366  0.006
   3 I   0.00128 0.01253 0.03598 0.07178 0.11969 0.17907 0.24857 0.32502 0.00608 ( 8)  0.365  0.006
   4 G   0.02796 0.07852 0.11793 0.14534 0.16073 0.16463 0.15822 0.14436 0.00231 ( 6)  0.143  0.002
   5 R   0.02409 0.07087 0.11181 0.14484 0.16788 0.17800 0.17011 0.13118 0.00123 ( 6)  0.082  0.001
   6 R   0.01603 0.04925 0.08200 0.11366 0.14385 0.17222 0.19825 0.22089 0.00385 ( 8)  0.234  0.004
   7 E   0.00154 0.01453 0.04035 0.07783 0.12541 0.18133 0.24354 0.30970 0.00577 ( 8)  0.347  0.006
   8 K   0.00162 0.01526 0.04219 0.08082 0.12900 0.18406 0.24250 0.29914 0.00542 ( 8)  0.326  0.005
   9 G   0.00124 0.01219 0.03517 0.07053 0.11827 0.17808 0.24911 0.32918 0.00622 ( 8)  0.373  0.006
  10 H   0.00133 0.01283 0.03645 0.07210 0.11955 0.17841 0.24790 0.32536 0.00607 ( 8)  0.364  0.006
  11 L   0.02013 0.05965 0.09532 0.12619 0.15164 0.17111 0.18390 0.18891 0.00315 ( 8)  0.193  0.003
  12 G   0.27326 0.21853 0.16926 0.12636 0.09018 0.06086 0.03842 0.02283 0.00030 ( 1)  0.021  0.000
  13 A   0.26421 0.20967 0.16238 0.12287 0.09098 0.06625 0.04796 0.03517 0.00051 ( 1)  0.034  0.001
  14 V   0.26002 0.20611 0.15995 0.12192 0.09167 0.06854 0.05159 0.03960 0.00058 ( 1)  0.039  0.001
  15 G   0.27303 0.21845 0.16927 0.12642 0.09027 0.06094 0.03847 0.02285 0.00030 ( 1)  0.021  0.000
  16 N   0.30190 0.22998 0.16916 0.11965 0.08071 0.05135 0.03040 0.01664 0.00020 ( 1)  0.016  0.000
  17 V   0.25997 0.20610 0.15996 0.12194 0.09169 0.06855 0.05160 0.03960 0.00058 ( 1)  0.039  0.001
  18 V   0.00123 0.01205 0.03470 0.06953 0.11670 0.17632 0.24858 0.33442 0.00647 ( 8)  0.387  0.006
  19 N   0.03630 0.09774 0.13986 0.16290 0.16827 0.15795 0.13445 0.10115 0.00138 ( 5)  0.089  0.001
  20 A   0.02908 0.08021 0.11859 0.14444 0.15872 0.16273 0.15795 0.14598 0.00230 ( 6)  0.143  0.002
  21 D   0.32141 0.22871 0.15845 0.10776 0.07279 0.04971 0.03504 0.02574 0.00037 ( 1)  0.025  0.000
  22 D   0.02687 0.07645 0.11625 0.14491 0.16190 0.16709 0.16077 0.14357 0.00219 ( 6)  0.137  0.002
  23 V   0.25973 0.20603 0.16000 0.12202 0.09178 0.06862 0.05163 0.03959 0.00058 ( 1)  0.039  0.001
  24 T   0.02649 0.07521 0.11436 0.14288 0.16039 0.16685 0.16261 0.14885 0.00235 ( 6)  0.146  0.002
  25 A   0.26421 0.20967 0.16238 0.12287 0.09098 0.06625 0.04796 0.03517 0.00051 ( 1)  0.034  0.001
  26 A   0.02884 0.07976 0.11822 0.14429 0.15882 0.16302 0.15835 0.14639 0.00231 ( 6)  0.143  0.002
  27 T   0.02316 0.06836 0.10821 0.14075 0.16409 0.17580 0.17219 0.14553 0.00190 ( 6)  0.120  0.002
  28 S   0.03630 0.09774 0.13986 0.16290 0.16827 0.15795 0.13445 0.10115 0.00138 ( 5)  0.089  0.001
  29 K   0.00162 0.01529 0.04226 0.08092 0.12910 0.18410 0.24243 0.29887 0.00541 ( 8)  0.326  0.005
  30 E   0.31474 0.22484 0.15709 0.10842 0.07488 0.05261 0.03820 0.02881 0.00042 ( 1)  0.029  0.000
  31 K   0.04630 0.11828 0.15958 0.17404 0.16700 0.14432 0.11218 0.07726 0.00103 ( 4)  0.068  0.001
  32 A   0.26397 0.20960 0.16241 0.12295 0.09107 0.06632 0.04800 0.03516 0.00051 ( 1)  0.034  0.001
  33 E   0.05400 0.12996 0.16495 0.16987 0.15584 0.13250 0.10722 0.08443 0.00124 ( 4)  0.080  0.001
  34 V   0.02885 0.08006 0.11886 0.14501 0.15918 0.16265 0.15725 0.14580 0.00233 ( 6)  0.145  0.002
  35 L   0.02811 0.08011 0.12194 0.15183 0.16844 0.17036 0.15580 0.12181 0.00160 ( 6)  0.102  0.002
  36 K   0.02411 0.06817 0.10396 0.13161 0.15187 0.16568 0.17404 0.17760 0.00297 ( 8)  0.182  0.003
  37 S   0.02993 0.08456 0.12744 0.15673 0.17114 0.16938 0.14980 0.10970 0.00133 ( 5)  0.086  0.001
  38 F   0.03105 0.08728 0.13067 0.15939 0.17223 0.16809 0.14582 0.10420 0.00128 ( 5)  0.083  0.001
  39 F   0.26768 0.22080 0.17593 0.13405 0.09581 0.06185 0.03302 0.01080 0.00006 ( 1)  0.008  0.000
  40 E   0.31474 0.22484 0.15709 0.10842 0.07488 0.05261 0.03820 0.02881 0.00042 ( 1)  0.029  0.000
  41 K   0.04328 0.10962 0.14718 0.16107 0.15773 0.14380 0.12577 0.10979 0.00175 ( 4)  0.110  0.002
  42 V   0.25988 0.20607 0.15998 0.12197 0.09173 0.06858 0.05161 0.03960 0.00058 ( 1)  0.039  0.001
  43 H   0.30445 0.23045 0.16839 0.11836 0.07951 0.05066 0.03046 0.01749 0.00022 ( 1)  0.017  0.000
  44 L   0.02683 0.07532 0.11345 0.14086 0.15787 0.16515 0.16360 0.15445 0.00247 ( 6)  0.153  0.002
  45 P   0.25735 0.21117 0.16845 0.12999 0.09619 0.06731 0.04363 0.02559 0.00032 ( 1)  0.023  0.000
  46 D   0.32141 0.22871 0.15845 0.10776 0.07279 0.04971 0.03504 0.02574 0.00037 ( 1)  0.025  0.000
  47 G   0.27298 0.21843 0.16927 0.12645 0.09029 0.06096 0.03848 0.02284 0.00030 ( 1)  0.021  0.000
  48 K   0.04630 0.11828 0.15958 0.17404 0.16700 0.14432 0.11218 0.07726 0.00103 ( 4)  0.068  0.001
  49 P   0.25735 0.21117 0.16845 0.12999 0.09619 0.06731 0.04363 0.02559 0.00032 ( 1)  0.023  0.000
  50 L   0.02634 0.07461 0.11331 0.14161 0.15936 0.16667 0.16394 0.15177 0.00239 ( 6)  0.148  0.002
  51 P   0.25686 0.21096 0.16844 0.13012 0.09639 0.06751 0.04377 0.02562 0.00032 ( 1)  0.023  0.000
  52 D   0.00136 0.01312 0.03731 0.07361 0.12135 0.17945 0.24657 0.32116 0.00607 ( 8)  0.364  0.006
  53 L   0.24624 0.20410 0.16516 0.13011 0.09918 0.07249 0.05012 0.03218 0.00042 ( 1)  0.029  0.000
  54 L   0.00156 0.01470 0.04076 0.07845 0.12610 0.18178 0.24324 0.30771 0.00570 ( 8)  0.343  0.006
  55 S   0.02970 0.08404 0.12686 0.15632 0.17108 0.16975 0.15056 0.11038 0.00132 ( 5)  0.086  0.001
  56 R   0.00164 0.01523 0.04162 0.07910 0.12591 0.18048 0.24155 0.30864 0.00582 ( 8)  0.349  0.006
  57 L   0.03054 0.08421 0.12407 0.14989 0.16237 0.16258 0.15197 0.13236 0.00201 ( 6)  0.126  0.002
  58 P   0.25686 0.21096 0.16844 0.13012 0.09639 0.06751 0.04377 0.02562 0.00032 ( 1)  0.023  0.000
  59 M   0.35006 0.24822 0.16720 0.10630 0.06326 0.03520 0.01886 0.01076 0.00015 ( 1)  0.012  0.000
  60 A   0.26392 0.20958 0.16242 0.12297 0.09110 0.06634 0.04801 0.03516 0.00051 ( 1)  0.034  0.001
  61 L   0.00156 0.01470 0.04076 0.07845 0.12610 0.18178 0.24324 0.30771 0.00570 ( 8)  0.343  0.006
  62 F   0.02547 0.07291 0.11196 0.14147 0.16077 0.16924 0.16607 0.14984 0.00228 ( 6)  0.142  0.002
  63 V   0.02898 0.08033 0.11912 0.14515 0.15916 0.16245 0.15695 0.14552 0.00233 ( 6)  0.145  0.002
  64 L   0.02456 0.07133 0.11089 0.14149 0.16184 0.17077 0.16714 0.14971 0.00226 ( 6)  0.141  0.002
  65 E   0.00139 0.01357 0.03869 0.07628 0.12504 0.18280 0.24631 0.31025 0.00567 ( 8)  0.341  0.006
  66 T   0.00159 0.01496 0.04139 0.07944 0.12724 0.18261 0.24285 0.30433 0.00559 ( 8)  0.337  0.006
  67 N   0.04324 0.10883 0.14571 0.15975 0.15752 0.14515 0.12795 0.11014 0.00170 ( 4)  0.107  0.002
  68 E   0.31489 0.22488 0.15705 0.10836 0.07483 0.05257 0.03818 0.02882 0.00042 ( 1)  0.029  0.000
  69 V   0.25992 0.20609 0.15997 0.12196 0.09171 0.06857 0.05160 0.03960 0.00058 ( 1)  0.039  0.001
  70 E   0.04384 0.10993 0.14649 0.15974 0.15662 0.14371 0.12683 0.11108 0.00176 ( 4)  0.111  0.002
  71 A   0.26403 0.20962 0.16240 0.12293 0.09105 0.06630 0.04799 0.03516 0.00051 ( 1)  0.034  0.001
  72 A   0.00157 0.01485 0.04113 0.07904 0.12682 0.18235 0.24308 0.30553 0.00563 ( 8)  0.338  0.006
  73 L   0.24655 0.20423 0.16516 0.13003 0.09906 0.07237 0.05003 0.03215 0.00042 ( 1)  0.029  0.000
  74 K   0.03818 0.10075 0.14106 0.16077 0.16311 0.15213 0.13254 0.10978 0.00167 ( 5)  0.105  0.002
  75 Q   0.00158 0.01491 0.04127 0.07925 0.12703 0.18246 0.24295 0.30493 0.00561 ( 8)  0.337  0.006
  76 L   0.24553 0.20377 0.16513 0.13028 0.09946 0.07280 0.05036 0.03226 0.00042 ( 1)  0.029  0.000
  77 D   0.00358 0.03011 0.07320 0.12133 0.16443 0.19476 0.20756 0.20181 0.00323 ( 7)  0.199  0.003
  78 E   0.00353 0.02973 0.07244 0.12037 0.16362 0.19456 0.20839 0.20408 0.00328 ( 7)  0.202  0.003
  79 N   0.02660 0.07546 0.11462 0.14306 0.16041 0.16670 0.16230 0.14850 0.00235 ( 6)  0.146  0.002
  80 K   0.30148 0.22920 0.16842 0.11918 0.08064 0.05168 0.03115 0.01801 0.00024 ( 1)  0.018  0.000
  81 A   0.26403 0.20962 0.16240 0.12293 0.09105 0.06630 0.04799 0.03516 0.00051 ( 1)  0.034  0.001
  82 A   0.26421 0.20967 0.16238 0.12287 0.09098 0.06625 0.04796 0.03517 0.00051 ( 1)  0.034  0.001
  83 D   0.02694 0.07660 0.11640 0.14501 0.16190 0.16698 0.16058 0.14339 0.00219 ( 6)  0.137  0.002
  84 L   0.02660 0.07527 0.11414 0.14237 0.15980 0.16657 0.16304 0.14986 0.00234 ( 6)  0.146  0.002
  85 D   0.32110 0.22865 0.15851 0.10787 0.07289 0.04978 0.03508 0.02574 0.00037 ( 1)  0.025  0.000
  86 G   0.02688 0.07649 0.11631 0.14497 0.16192 0.16705 0.16068 0.14349 0.00220 ( 6)  0.137  0.002
  87 L   0.02443 0.07104 0.11058 0.14122 0.16166 0.17072 0.16737 0.15068 0.00230 ( 6)  0.143  0.002
  88 H   0.30394 0.23028 0.16844 0.11852 0.07971 0.05083 0.03056 0.01751 0.00022 ( 1)  0.017  0.000
  89 P   0.25716 0.21109 0.16845 0.13004 0.09627 0.06739 0.04368 0.02560 0.00032 ( 1)  0.023  0.000
  90 Q   0.00161 0.01514 0.04185 0.08018 0.12812 0.18325 0.24257 0.30179 0.00550 ( 8)  0.331  0.006
  91 I   0.27916 0.22067 0.16908 0.12503 0.08850 0.05924 0.03689 0.02117 0.00027 ( 1)  0.020  0.000
  92 L   0.24655 0.20423 0.16516 0.13003 0.09906 0.07237 0.05003 0.03215 0.00042 ( 1)  0.029  0.000
  93 L   0.00155 0.01467 0.04068 0.07833 0.12597 0.18170 0.24332 0.30808 0.00571 ( 8)  0.343  0.006
  94 P   0.25725 0.21113 0.16845 0.13002 0.09623 0.06735 0.04365 0.02559 0.00032 ( 1)  0.023  0.000
  95 I   0.02443 0.07104 0.11058 0.14122 0.16166 0.17072 0.16737 0.15068 0.00230 ( 6)  0.143  0.002
  96 A   0.02979 0.08212 0.12106 0.14656 0.15956 0.16159 0.15478 0.14229 0.00227 ( 6)  0.141  0.002
  97 D   0.05412 0.13012 0.16502 0.16981 0.15569 0.13235 0.10715 0.08449 0.00124 ( 4)  0.080  0.001
  98 I   0.02884 0.08005 0.11884 0.14497 0.15914 0.16261 0.15726 0.14595 0.00234 ( 6)  0.145  0.002
  99 I   0.02467 0.07155 0.11108 0.14152 0.16165 0.17039 0.16680 0.15005 0.00229 ( 6)  0.142  0.002
 100 A   0.26386 0.20956 0.16242 0.12299 0.09112 0.06636 0.04802 0.03516 0.00051 ( 1)  0.034  0.001
 101 G   0.00106 0.01059 0.03111 0.06378 0.10988 0.17117 0.25054 0.35472 0.00716 ( 8)  0.427  0.007
 102 A   0.02894 0.07997 0.11828 0.14390 0.15782 0.16165 0.15766 0.14934 0.00244 ( 6)  0.151  0.002
 103 L   0.24639 0.20416 0.16516 0.13007 0.09912 0.07243 0.05008 0.03217 0.00042 ( 1)  0.029  0.000
 104 A   0.26386 0.20956 0.16242 0.12299 0.09112 0.06636 0.04802 0.03516 0.00051 ( 1)  0.034  0.001
 105 Q   0.03825 0.10088 0.14117 0.16082 0.16308 0.15204 0.13241 0.10967 0.00167 ( 5)  0.105  0.002
 106 F   0.02789 0.07959 0.12135 0.15138 0.16831 0.17069 0.15657 0.12261 0.00160 ( 6)  0.102  0.002
 107 F   0.26598 0.21996 0.17578 0.13441 0.09648 0.06261 0.03365 0.01107 0.00006 ( 1)  0.008  0.000
 108 N   0.30247 0.23017 0.16912 0.11947 0.08050 0.05117 0.03028 0.01662 0.00020 ( 1)  0.016  0.000
 109 R   0.24375 0.20582 0.16921 0.13462 0.10242 0.07297 0.04668 0.02429 0.00025 ( 1)  0.019  0.000
 110 F   0.02621 0.07516 0.11539 0.14533 0.16392 0.17008 0.16255 0.13935 0.00201 ( 6)  0.126  0.002
 111 L   0.24659 0.20424 0.16516 0.13001 0.09904 0.07235 0.05002 0.03216 0.00042 ( 1)  0.029  0.000
 112 A   0.00156 0.01472 0.04089 0.07877 0.12663 0.18236 0.24337 0.30606 0.00564 ( 8)  0.339  0.006
 113 S   0.00111 0.01099 0.03202 0.06504 0.11105 0.17153 0.24928 0.35182 0.00716 ( 8)  0.427  0.007
 114 A   0.02667 0.07586 0.11549 0.14432 0.16178 0.16757 0.16165 0.14444 0.00222 ( 6)  0.138  0.002
 115 T   0.01717 0.05236 0.08630 0.11811 0.14715 0.17273 0.19389 0.20875 0.00355 ( 8)  0.217  0.004
 116 L   0.24655 0.20423 0.16516 0.13003 0.09906 0.07237 0.05003 0.03215 0.00042 ( 1)  0.029  0.000
 117 P   0.25696 0.21100 0.16844 0.13010 0.09635 0.06747 0.04374 0.02562 0.00032 ( 1)  0.023  0.000
 118 A   0.02664 0.07578 0.11540 0.14426 0.16177 0.16763 0.16177 0.14454 0.00222 ( 6)  0.138  0.002
 119 D   0.32172 0.22878 0.15838 0.10765 0.07269 0.04964 0.03501 0.02575 0.00037 ( 1)  0.025  0.000

Positively selected sites

	Prob(w>1)  mean w



lnL =  -876.592924

Bayes Empirical Bayes (BEB) probabilities for 11 classes (class) & postmean_w
(amino acids refer to 1st sequence: ecp.15519)

   1 C   0.44799 0.02896 0.02540 0.02398 0.02321 0.02271 0.02242 0.02247 0.02360 0.05758 0.30169 ( 1)  1.981 +-  3.088
   2 I   0.24353 0.05097 0.04108 0.03656 0.03385 0.03197 0.03061 0.02984 0.03048 0.06966 0.40146 (11)  2.619 +-  3.324
   3 I   0.24335 0.05099 0.04109 0.03658 0.03386 0.03197 0.03062 0.02984 0.03048 0.06967 0.40154 (11)  2.619 +-  3.324
   4 G   0.24476 0.05082 0.04097 0.03649 0.03378 0.03191 0.03056 0.02980 0.03044 0.06960 0.40086 (11)  2.615 +-  3.323
   5 R   0.26345 0.04857 0.03944 0.03530 0.03280 0.03108 0.02984 0.02916 0.02985 0.06859 0.39192 (11)  2.558 +-  3.307
   6 R   0.24403 0.05091 0.04103 0.03653 0.03382 0.03194 0.03059 0.02982 0.03046 0.06964 0.40122 (11)  2.617 +-  3.323
   7 E   0.24317 0.05102 0.04111 0.03659 0.03387 0.03198 0.03063 0.02985 0.03049 0.06968 0.40163 (11)  2.620 +-  3.324
   8 K   0.24373 0.05095 0.04106 0.03655 0.03384 0.03196 0.03060 0.02983 0.03047 0.06965 0.40136 (11)  2.618 +-  3.323
   9 G   0.24312 0.05102 0.04111 0.03659 0.03387 0.03198 0.03063 0.02985 0.03049 0.06968 0.40165 (11)  2.620 +-  3.324
  10 H   0.24355 0.05097 0.04107 0.03656 0.03385 0.03197 0.03061 0.02984 0.03048 0.06966 0.40144 (11)  2.619 +-  3.324
  11 L   0.24457 0.05085 0.04099 0.03650 0.03379 0.03192 0.03057 0.02980 0.03045 0.06961 0.40096 (11)  2.616 +-  3.323
  12 G   0.24718 0.05053 0.04077 0.03633 0.03366 0.03180 0.03047 0.02971 0.03036 0.06947 0.39971 (11)  2.608 +-  3.321
  13 A   0.24625 0.05064 0.04085 0.03639 0.03371 0.03185 0.03051 0.02975 0.03039 0.06952 0.40015 (11)  2.610 +-  3.321
  14 V   0.24603 0.05067 0.04087 0.03641 0.03372 0.03186 0.03051 0.02975 0.03040 0.06953 0.40026 (11)  2.611 +-  3.322
  15 G   0.24721 0.05052 0.04077 0.03633 0.03366 0.03180 0.03047 0.02971 0.03036 0.06946 0.39969 (11)  2.608 +-  3.321
  16 N   0.24799 0.05043 0.04071 0.03628 0.03362 0.03177 0.03044 0.02969 0.03034 0.06942 0.39933 (11)  2.605 +-  3.320
  17 V   0.24603 0.05067 0.04087 0.03640 0.03372 0.03185 0.03051 0.02975 0.03040 0.06953 0.40026 (11)  2.611 +-  3.322
  18 V   0.24255 0.05109 0.04116 0.03663 0.03390 0.03201 0.03065 0.02987 0.03051 0.06971 0.40192 (11)  2.622 +-  3.324
  19 N   0.24697 0.05055 0.04079 0.03634 0.03367 0.03181 0.03048 0.02972 0.03037 0.06948 0.39981 (11)  2.608 +-  3.321
  20 A   0.24531 0.05076 0.04093 0.03645 0.03376 0.03189 0.03054 0.02978 0.03042 0.06957 0.40060 (11)  2.613 +-  3.322
  21 D   0.24644 0.05062 0.04084 0.03638 0.03370 0.03184 0.03050 0.02974 0.03039 0.06951 0.40006 (11)  2.610 +-  3.321
  22 D   0.24572 0.05071 0.04089 0.03642 0.03373 0.03187 0.03053 0.02976 0.03041 0.06954 0.40041 (11)  2.612 +-  3.322
  23 V   0.24605 0.05067 0.04087 0.03640 0.03372 0.03185 0.03051 0.02975 0.03040 0.06953 0.40025 (11)  2.611 +-  3.322
  24 T   0.24493 0.05080 0.04096 0.03648 0.03378 0.03190 0.03056 0.02979 0.03043 0.06959 0.40078 (11)  2.615 +-  3.322
  25 A   0.24625 0.05064 0.04085 0.03639 0.03371 0.03185 0.03051 0.02975 0.03039 0.06952 0.40015 (11)  2.610 +-  3.321
  26 A   0.24531 0.05076 0.04093 0.03645 0.03376 0.03189 0.03054 0.02978 0.03042 0.06957 0.40060 (11)  2.613 +-  3.322
  27 T   0.24955 0.05024 0.04058 0.03618 0.03353 0.03170 0.03038 0.02963 0.03029 0.06934 0.39858 (11)  2.600 +-  3.319
  28 S   0.24697 0.05055 0.04079 0.03634 0.03367 0.03181 0.03048 0.02972 0.03037 0.06948 0.39981 (11)  2.608 +-  3.321
  29 K   0.24374 0.05095 0.04106 0.03655 0.03384 0.03196 0.03060 0.02983 0.03047 0.06965 0.40135 (11)  2.618 +-  3.323
  30 E   0.24616 0.05065 0.04086 0.03640 0.03371 0.03185 0.03051 0.02975 0.03040 0.06952 0.40020 (11)  2.611 +-  3.321
  31 K   0.24702 0.05055 0.04079 0.03634 0.03367 0.03181 0.03048 0.02972 0.03037 0.06948 0.39979 (11)  2.608 +-  3.321
  32 A   0.24627 0.05064 0.04085 0.03639 0.03371 0.03184 0.03051 0.02974 0.03039 0.06952 0.40014 (11)  2.610 +-  3.321
  33 E   0.24624 0.05064 0.04085 0.03639 0.03371 0.03185 0.03051 0.02975 0.03039 0.06952 0.40016 (11)  2.611 +-  3.321
  34 V   0.24499 0.05079 0.04095 0.03647 0.03377 0.03190 0.03055 0.02979 0.03043 0.06958 0.40076 (11)  2.614 +-  3.322
  35 L   0.24794 0.05044 0.04071 0.03628 0.03362 0.03177 0.03044 0.02969 0.03034 0.06943 0.39935 (11)  2.605 +-  3.320
  36 K   0.24455 0.05085 0.04099 0.03650 0.03380 0.03192 0.03057 0.02980 0.03045 0.06961 0.40097 (11)  2.616 +-  3.323
  37 S   0.24993 0.05020 0.04055 0.03616 0.03351 0.03168 0.03036 0.02962 0.03028 0.06932 0.39840 (11)  2.599 +-  3.318
  38 F   0.24891 0.05032 0.04063 0.03622 0.03357 0.03173 0.03040 0.02965 0.03031 0.06937 0.39888 (11)  2.602 +-  3.319
  39 F   0.25970 0.04902 0.03975 0.03553 0.03300 0.03125 0.02999 0.02928 0.02997 0.06879 0.39372 (11)  2.569 +-  3.310
  40 E   0.24616 0.05065 0.04086 0.03640 0.03371 0.03185 0.03051 0.02975 0.03040 0.06952 0.40020 (11)  2.611 +-  3.321
  41 K   0.24486 0.05081 0.04097 0.03648 0.03378 0.03191 0.03056 0.02979 0.03044 0.06959 0.40082 (11)  2.615 +-  3.323
  42 V   0.24604 0.05067 0.04087 0.03640 0.03372 0.03185 0.03051 0.02975 0.03040 0.06953 0.40025 (11)  2.611 +-  3.322
  43 H   0.24736 0.05051 0.04076 0.03632 0.03365 0.03180 0.03046 0.02971 0.03036 0.06946 0.39962 (11)  2.607 +-  3.321
  44 L   0.24505 0.05079 0.04095 0.03647 0.03377 0.03190 0.03055 0.02979 0.03043 0.06958 0.40073 (11)  2.614 +-  3.322
  45 P   0.24778 0.05046 0.04072 0.03629 0.03363 0.03178 0.03045 0.02969 0.03034 0.06943 0.39942 (11)  2.606 +-  3.320
  46 D   0.24644 0.05062 0.04084 0.03638 0.03370 0.03184 0.03050 0.02974 0.03039 0.06951 0.40006 (11)  2.610 +-  3.321
  47 G   0.24720 0.05053 0.04077 0.03633 0.03366 0.03180 0.03047 0.02971 0.03036 0.06947 0.39970 (11)  2.608 +-  3.321
  48 K   0.24702 0.05055 0.04079 0.03634 0.03367 0.03181 0.03048 0.02972 0.03037 0.06948 0.39979 (11)  2.608 +-  3.321
  49 P   0.24778 0.05046 0.04072 0.03629 0.03363 0.03178 0.03045 0.02969 0.03034 0.06943 0.39942 (11)  2.606 +-  3.320
  50 L   0.24534 0.05075 0.04093 0.03645 0.03375 0.03189 0.03054 0.02978 0.03042 0.06956 0.40059 (11)  2.613 +-  3.322
  51 P   0.24786 0.05045 0.04072 0.03629 0.03362 0.03177 0.03044 0.02969 0.03034 0.06943 0.39939 (11)  2.606 +-  3.320
  52 D   0.24296 0.05104 0.04112 0.03660 0.03388 0.03199 0.03063 0.02986 0.03050 0.06969 0.40172 (11)  2.621 +-  3.324
  53 L   0.24744 0.05050 0.04075 0.03632 0.03364 0.03179 0.03046 0.02970 0.03036 0.06945 0.39959 (11)  2.607 +-  3.320
  54 L   0.24338 0.05099 0.04109 0.03657 0.03386 0.03197 0.03062 0.02984 0.03048 0.06967 0.40153 (11)  2.619 +-  3.324
  55 S   0.25017 0.05017 0.04053 0.03614 0.03350 0.03167 0.03035 0.02961 0.03027 0.06931 0.39828 (11)  2.599 +-  3.318
  56 R   0.24288 0.05105 0.04113 0.03661 0.03388 0.03200 0.03064 0.02986 0.03050 0.06970 0.40177 (11)  2.621 +-  3.324
  57 L   0.24578 0.05070 0.04089 0.03642 0.03373 0.03187 0.03052 0.02976 0.03041 0.06954 0.40038 (11)  2.612 +-  3.322
  58 P   0.24786 0.05045 0.04072 0.03629 0.03362 0.03177 0.03044 0.02969 0.03034 0.06943 0.39939 (11)  2.606 +-  3.320
  59 M   0.24645 0.05062 0.04083 0.03638 0.03370 0.03184 0.03050 0.02974 0.03039 0.06951 0.40006 (11)  2.610 +-  3.321
  60 A   0.24627 0.05064 0.04085 0.03639 0.03370 0.03184 0.03051 0.02974 0.03039 0.06952 0.40014 (11)  2.610 +-  3.321
  61 L   0.24338 0.05099 0.04109 0.03657 0.03386 0.03197 0.03062 0.02984 0.03048 0.06967 0.40153 (11)  2.619 +-  3.324
  62 F   0.24562 0.05072 0.04090 0.03643 0.03374 0.03187 0.03053 0.02977 0.03041 0.06955 0.40045 (11)  2.612 +-  3.322
  63 V   0.24497 0.05080 0.04096 0.03647 0.03377 0.03190 0.03056 0.02979 0.03043 0.06958 0.40076 (11)  2.614 +-  3.322
  64 L   0.24597 0.05068 0.04087 0.03641 0.03372 0.03186 0.03052 0.02976 0.03040 0.06953 0.40029 (11)  2.611 +-  3.322
  65 E   0.24368 0.05095 0.04106 0.03656 0.03384 0.03196 0.03061 0.02983 0.03047 0.06965 0.40138 (11)  2.618 +-  3.323
  66 T   0.24346 0.05098 0.04108 0.03657 0.03385 0.03197 0.03061 0.02984 0.03048 0.06967 0.40148 (11)  2.619 +-  3.324
  67 N   0.24551 0.05073 0.04091 0.03644 0.03375 0.03188 0.03053 0.02977 0.03042 0.06956 0.40051 (11)  2.613 +-  3.322
  68 E   0.24615 0.05065 0.04086 0.03640 0.03371 0.03185 0.03051 0.02975 0.03040 0.06952 0.40020 (11)  2.611 +-  3.321
  69 V   0.24604 0.05067 0.04087 0.03640 0.03372 0.03185 0.03051 0.02975 0.03040 0.06953 0.40026 (11)  2.611 +-  3.322
  70 E   0.24508 0.05078 0.04095 0.03647 0.03377 0.03190 0.03055 0.02979 0.03043 0.06958 0.40072 (11)  2.614 +-  3.322
  71 A   0.24626 0.05064 0.04085 0.03639 0.03371 0.03184 0.03051 0.02974 0.03039 0.06952 0.40015 (11)  2.610 +-  3.321
  72 A   0.24345 0.05098 0.04108 0.03657 0.03385 0.03197 0.03061 0.02984 0.03048 0.06967 0.40149 (11)  2.619 +-  3.324
  73 L   0.24738 0.05050 0.04076 0.03632 0.03365 0.03180 0.03046 0.02971 0.03036 0.06946 0.39962 (11)  2.607 +-  3.321
  74 K   0.24557 0.05072 0.04091 0.03643 0.03374 0.03188 0.03053 0.02977 0.03041 0.06955 0.40048 (11)  2.613 +-  3.322
  75 Q   0.24347 0.05098 0.04108 0.03657 0.03385 0.03197 0.03061 0.02984 0.03048 0.06966 0.40148 (11)  2.619 +-  3.324
  76 L   0.24757 0.05048 0.04074 0.03631 0.03364 0.03179 0.03046 0.02970 0.03035 0.06945 0.39952 (11)  2.606 +-  3.320
  77 D   0.24517 0.05077 0.04094 0.03646 0.03376 0.03189 0.03055 0.02978 0.03043 0.06957 0.40067 (11)  2.614 +-  3.322
  78 E   0.24510 0.05078 0.04095 0.03646 0.03377 0.03190 0.03055 0.02978 0.03043 0.06958 0.40070 (11)  2.614 +-  3.322
  79 N   0.24493 0.05080 0.04096 0.03648 0.03378 0.03190 0.03056 0.02979 0.03043 0.06959 0.40079 (11)  2.615 +-  3.322
  80 K   0.24677 0.05058 0.04081 0.03636 0.03368 0.03182 0.03049 0.02973 0.03038 0.06949 0.39991 (11)  2.609 +-  3.321
  81 A   0.24626 0.05064 0.04085 0.03639 0.03371 0.03184 0.03051 0.02974 0.03039 0.06952 0.40015 (11)  2.610 +-  3.321
  82 A   0.24625 0.05064 0.04085 0.03639 0.03371 0.03185 0.03051 0.02975 0.03039 0.06952 0.40015 (11)  2.610 +-  3.321
  83 D   0.24570 0.05071 0.04090 0.03643 0.03374 0.03187 0.03053 0.02976 0.03041 0.06955 0.40042 (11)  2.612 +-  3.322
  84 L   0.24540 0.05074 0.04092 0.03645 0.03375 0.03188 0.03054 0.02977 0.03042 0.06956 0.40056 (11)  2.613 +-  3.322
  85 D   0.24647 0.05061 0.04083 0.03638 0.03369 0.03184 0.03050 0.02974 0.03039 0.06950 0.40005 (11)  2.610 +-  3.321
  86 G   0.24569 0.05071 0.04090 0.03643 0.03374 0.03187 0.03053 0.02976 0.03041 0.06955 0.40042 (11)  2.612 +-  3.322
  87 L   0.24581 0.05069 0.04089 0.03642 0.03373 0.03186 0.03052 0.02976 0.03041 0.06954 0.40036 (11)  2.612 +-  3.322
  88 H   0.24743 0.05050 0.04075 0.03632 0.03364 0.03179 0.03046 0.02971 0.03036 0.06945 0.39959 (11)  2.607 +-  3.320
  89 P   0.24782 0.05045 0.04072 0.03629 0.03362 0.03178 0.03045 0.02969 0.03034 0.06943 0.39941 (11)  2.606 +-  3.320
  90 Q   0.24369 0.05095 0.04106 0.03655 0.03384 0.03196 0.03061 0.02983 0.03047 0.06965 0.40138 (11)  2.618 +-  3.323
  91 I   0.24734 0.05051 0.04076 0.03632 0.03365 0.03180 0.03046 0.02971 0.03036 0.06946 0.39963 (11)  2.607 +-  3.321
  92 L   0.24738 0.05050 0.04076 0.03632 0.03365 0.03180 0.03046 0.02971 0.03036 0.06946 0.39962 (11)  2.607 +-  3.321
  93 L   0.24337 0.05099 0.04109 0.03658 0.03386 0.03197 0.03062 0.02984 0.03048 0.06967 0.40153 (11)  2.619 +-  3.324
  94 P   0.24779 0.05045 0.04072 0.03629 0.03363 0.03178 0.03045 0.02969 0.03034 0.06943 0.39942 (11)  2.606 +-  3.320
  95 I   0.24581 0.05069 0.04089 0.03642 0.03373 0.03186 0.03052 0.02976 0.03041 0.06954 0.40036 (11)  2.612 +-  3.322
  96 A   0.24504 0.05079 0.04095 0.03647 0.03377 0.03190 0.03055 0.02979 0.03043 0.06958 0.40073 (11)  2.614 +-  3.322
  97 D   0.24620 0.05065 0.04086 0.03639 0.03371 0.03185 0.03051 0.02975 0.03039 0.06952 0.40018 (11)  2.611 +-  3.321
  98 I   0.24497 0.05080 0.04096 0.03647 0.03377 0.03190 0.03056 0.02979 0.03043 0.06959 0.40077 (11)  2.614 +-  3.322
  99 I   0.24581 0.05070 0.04089 0.03642 0.03373 0.03187 0.03052 0.02976 0.03041 0.06954 0.40037 (11)  2.612 +-  3.322
 100 A   0.24628 0.05064 0.04085 0.03639 0.03370 0.03184 0.03050 0.02974 0.03039 0.06951 0.40014 (11)  2.610 +-  3.321
 101 G   0.24187 0.05118 0.04121 0.03667 0.03394 0.03204 0.03068 0.02989 0.03053 0.06975 0.40225 (11)  2.624 +-  3.325
 102 A   0.24467 0.05083 0.04098 0.03649 0.03379 0.03192 0.03057 0.02980 0.03044 0.06960 0.40091 (11)  2.615 +-  3.323
 103 L   0.24741 0.05050 0.04076 0.03632 0.03365 0.03179 0.03046 0.02971 0.03036 0.06945 0.39960 (11)  2.607 +-  3.320
 104 A   0.24628 0.05064 0.04085 0.03639 0.03370 0.03184 0.03050 0.02974 0.03039 0.06951 0.40014 (11)  2.610 +-  3.321
 105 Q   0.24556 0.05073 0.04091 0.03644 0.03374 0.03188 0.03053 0.02977 0.03041 0.06955 0.40049 (11)  2.613 +-  3.322
 106 F   0.24814 0.05041 0.04070 0.03627 0.03361 0.03176 0.03043 0.02968 0.03033 0.06942 0.39925 (11)  2.605 +-  3.320
 107 F   0.26085 0.04888 0.03965 0.03546 0.03294 0.03119 0.02994 0.02925 0.02993 0.06873 0.39317 (11)  2.566 +-  3.309
 108 N   0.24790 0.05044 0.04071 0.03629 0.03362 0.03177 0.03044 0.02969 0.03034 0.06943 0.39937 (11)  2.605 +-  3.320
 109 R   0.25078 0.05009 0.04048 0.03610 0.03347 0.03164 0.03033 0.02959 0.03025 0.06927 0.39799 (11)  2.597 +-  3.318
 110 F   0.24701 0.05055 0.04079 0.03634 0.03367 0.03181 0.03048 0.02972 0.03037 0.06948 0.39979 (11)  2.608 +-  3.321
 111 L   0.24738 0.05050 0.04076 0.03632 0.03365 0.03179 0.03046 0.02971 0.03036 0.06946 0.39962 (11)  2.607 +-  3.321
 112 A   0.24345 0.05098 0.04108 0.03657 0.03385 0.03197 0.03061 0.02984 0.03048 0.06967 0.40149 (11)  2.619 +-  3.324
 113 S   0.24140 0.05123 0.04125 0.03670 0.03396 0.03206 0.03069 0.02991 0.03054 0.06978 0.40247 (11)  2.625 +-  3.325
 114 A   0.24548 0.05073 0.04091 0.03644 0.03375 0.03188 0.03054 0.02977 0.03042 0.06956 0.40052 (11)  2.613 +-  3.322
 115 T   0.24440 0.05087 0.04100 0.03651 0.03380 0.03193 0.03058 0.02981 0.03045 0.06962 0.40104 (11)  2.616 +-  3.323
 116 L   0.24738 0.05050 0.04076 0.03632 0.03365 0.03180 0.03046 0.02971 0.03036 0.06946 0.39962 (11)  2.607 +-  3.321
 117 P   0.24785 0.05045 0.04072 0.03629 0.03362 0.03177 0.03044 0.02969 0.03034 0.06943 0.39939 (11)  2.606 +-  3.320
 118 A   0.24550 0.05073 0.04091 0.03644 0.03375 0.03188 0.03053 0.02977 0.03042 0.06956 0.40051 (11)  2.613 +-  3.322
 119 D   0.24641 0.05062 0.04084 0.03638 0.03370 0.03184 0.03050 0.02974 0.03039 0.06951 0.40008 (11)  2.610 +-  3.321

Positively selected sites

	Prob(w>1)  mean w


