Supplemental results for CODEML (seqf: algn  treef: tree)


dN/dS (w) for site classes (K=3)

p:   1.00000  0.00000  0.00000
w:   0.00000  1.00000  1.00000

Naive Empirical Bayes (NEB) probabilities for 3 classes & postmean_w
(amino acids refer to 1st sequence: spe.21172)

   1 M   1.00000 0.00000 0.00000 ( 1)  0.000
   2 E   1.00000 0.00000 0.00000 ( 1)  0.000
   3 S   1.00000 0.00000 0.00000 ( 1)  0.000
   4 S   1.00000 0.00000 0.00000 ( 1)  0.000
   5 G   1.00000 0.00000 0.00000 ( 1)  0.000
   6 T   1.00000 0.00000 0.00000 ( 1)  0.000
   7 L   1.00000 0.00000 0.00000 ( 1)  0.000
   8 E   1.00000 0.00000 0.00000 ( 1)  0.000
   9 E   1.00000 0.00000 0.00000 ( 1)  0.000
  10 Q   1.00000 0.00000 0.00000 ( 1)  0.000
  11 L   1.00000 0.00000 0.00000 ( 1)  0.000
  12 E   1.00000 0.00000 0.00000 ( 1)  0.000
  13 A   1.00000 0.00000 0.00000 ( 1)  0.000
  14 T   1.00000 0.00000 0.00000 ( 1)  0.000
  15 R   1.00000 0.00000 0.00000 ( 1)  0.000
  16 A   1.00000 0.00000 0.00000 ( 1)  0.000
  17 K   1.00000 0.00000 0.00000 ( 1)  0.000
  18 S   1.00000 0.00000 0.00000 ( 1)  0.000
  19 V   1.00000 0.00000 0.00000 ( 1)  0.000
  20 E   1.00000 0.00000 0.00000 ( 1)  0.000
  21 I   1.00000 0.00000 0.00000 ( 1)  0.000
  22 R   1.00000 0.00000 0.00000 ( 1)  0.000
  23 A   1.00000 0.00000 0.00000 ( 1)  0.000
  24 R   1.00000 0.00000 0.00000 ( 1)  0.000
  25 K   1.00000 0.00000 0.00000 ( 1)  0.000
  26 V   1.00000 0.00000 0.00000 ( 1)  0.000
  27 D   1.00000 0.00000 0.00000 ( 1)  0.000
  28 L   1.00000 0.00000 0.00000 ( 1)  0.000
  29 K   1.00000 0.00000 0.00000 ( 1)  0.000
  30 K   1.00000 0.00000 0.00000 ( 1)  0.000
  31 I   1.00000 0.00000 0.00000 ( 1)  0.000
  32 E   1.00000 0.00000 0.00000 ( 1)  0.000
  33 D   1.00000 0.00000 0.00000 ( 1)  0.000
  34 L   1.00000 0.00000 0.00000 ( 1)  0.000
  35 G   1.00000 0.00000 0.00000 ( 1)  0.000
  36 A   1.00000 0.00000 0.00000 ( 1)  0.000
  37 R   1.00000 0.00000 0.00000 ( 1)  0.000
  38 L   1.00000 0.00000 0.00000 ( 1)  0.000
  39 E   1.00000 0.00000 0.00000 ( 1)  0.000
  40 E   1.00000 0.00000 0.00000 ( 1)  0.000
  41 R   1.00000 0.00000 0.00000 ( 1)  0.000
  42 L   1.00000 0.00000 0.00000 ( 1)  0.000
  43 I   1.00000 0.00000 0.00000 ( 1)  0.000
  44 L   1.00000 0.00000 0.00000 ( 1)  0.000
  45 D   1.00000 0.00000 0.00000 ( 1)  0.000
  46 N   1.00000 0.00000 0.00000 ( 1)  0.000
  47 R   1.00000 0.00000 0.00000 ( 1)  0.000
  48 Y   1.00000 0.00000 0.00000 ( 1)  0.000
  49 T   1.00000 0.00000 0.00000 ( 1)  0.000
  50 E   1.00000 0.00000 0.00000 ( 1)  0.000
  51 H   1.00000 0.00000 0.00000 ( 1)  0.000
  52 S   1.00000 0.00000 0.00000 ( 1)  0.000
  53 T   1.00000 0.00000 0.00000 ( 1)  0.000
  54 V   1.00000 0.00000 0.00000 ( 1)  0.000
  55 G   1.00000 0.00000 0.00000 ( 1)  0.000
  56 L   1.00000 0.00000 0.00000 ( 1)  0.000
  57 S   1.00000 0.00000 0.00000 ( 1)  0.000
  58 Q   1.00000 0.00000 0.00000 ( 1)  0.000
  59 A   1.00000 0.00000 0.00000 ( 1)  0.000
  60 W   1.00000 0.00000 0.00000 ( 1)  0.000
  61 D   1.00000 0.00000 0.00000 ( 1)  0.000
  62 Q   1.00000 0.00000 0.00000 ( 1)  0.000
  63 L   1.00000 0.00000 0.00000 ( 1)  0.000
  64 D   1.00000 0.00000 0.00000 ( 1)  0.000
  65 Q   1.00000 0.00000 0.00000 ( 1)  0.000
  66 L   1.00000 0.00000 0.00000 ( 1)  0.000
  67 A   1.00000 0.00000 0.00000 ( 1)  0.000
  68 M   1.00000 0.00000 0.00000 ( 1)  0.000
  69 R   1.00000 0.00000 0.00000 ( 1)  0.000
  70 M   1.00000 0.00000 0.00000 ( 1)  0.000
  71 Q   1.00000 0.00000 0.00000 ( 1)  0.000
  72 H   1.00000 0.00000 0.00000 ( 1)  0.000
  73 N   1.00000 0.00000 0.00000 ( 1)  0.000
  74 L   1.00000 0.00000 0.00000 ( 1)  0.000
  75 E   1.00000 0.00000 0.00000 ( 1)  0.000
  76 Q   1.00000 0.00000 0.00000 ( 1)  0.000
  77 Q   1.00000 0.00000 0.00000 ( 1)  0.000
  78 I   1.00000 0.00000 0.00000 ( 1)  0.000
  79 Q   1.00000 0.00000 0.00000 ( 1)  0.000
  80 A   1.00000 0.00000 0.00000 ( 1)  0.000
  81 R   1.00000 0.00000 0.00000 ( 1)  0.000
  82 N   1.00000 0.00000 0.00000 ( 1)  0.000
  83 V   1.00000 0.00000 0.00000 ( 1)  0.000
  84 S   1.00000 0.00000 0.00000 ( 1)  0.000
  85 G   1.00000 0.00000 0.00000 ( 1)  0.000
  86 V   1.00000 0.00000 0.00000 ( 1)  0.000
  87 S   1.00000 0.00000 0.00000 ( 1)  0.000
  88 E   1.00000 0.00000 0.00000 ( 1)  0.000
  89 E   1.00000 0.00000 0.00000 ( 1)  0.000
  90 A   1.00000 0.00000 0.00000 ( 1)  0.000
  91 L   1.00000 0.00000 0.00000 ( 1)  0.000
  92 R   1.00000 0.00000 0.00000 ( 1)  0.000
  93 E   1.00000 0.00000 0.00000 ( 1)  0.000
  94 F   1.00000 0.00000 0.00000 ( 1)  0.000
  95 S   1.00000 0.00000 0.00000 ( 1)  0.000
  96 M   1.00000 0.00000 0.00000 ( 1)  0.000
  97 M   1.00000 0.00000 0.00000 ( 1)  0.000
  98 F   1.00000 0.00000 0.00000 ( 1)  0.000
  99 K   1.00000 0.00000 0.00000 ( 1)  0.000
 100 H   1.00000 0.00000 0.00000 ( 1)  0.000
 101 F   1.00000 0.00000 0.00000 ( 1)  0.000
 102 D   1.00000 0.00000 0.00000 ( 1)  0.000
 103 K   1.00000 0.00000 0.00000 ( 1)  0.000
 104 D   1.00000 0.00000 0.00000 ( 1)  0.000
 105 K   1.00000 0.00000 0.00000 ( 1)  0.000
 106 S   1.00000 0.00000 0.00000 ( 1)  0.000
 107 G   1.00000 0.00000 0.00000 ( 1)  0.000
 108 R   1.00000 0.00000 0.00000 ( 1)  0.000
 109 L   1.00000 0.00000 0.00000 ( 1)  0.000
 110 D   1.00000 0.00000 0.00000 ( 1)  0.000
 111 H   1.00000 0.00000 0.00000 ( 1)  0.000
 112 R   1.00000 0.00000 0.00000 ( 1)  0.000
 113 E   1.00000 0.00000 0.00000 ( 1)  0.000
 114 F   1.00000 0.00000 0.00000 ( 1)  0.000
 115 K   1.00000 0.00000 0.00000 ( 1)  0.000
 116 S   1.00000 0.00000 0.00000 ( 1)  0.000
 117 C   1.00000 0.00000 0.00000 ( 1)  0.000
 118 L   1.00000 0.00000 0.00000 ( 1)  0.000
 119 R   1.00000 0.00000 0.00000 ( 1)  0.000
 120 A   1.00000 0.00000 0.00000 ( 1)  0.000
 121 L   1.00000 0.00000 0.00000 ( 1)  0.000
 122 G   1.00000 0.00000 0.00000 ( 1)  0.000
 123 H   1.00000 0.00000 0.00000 ( 1)  0.000
 124 D   1.00000 0.00000 0.00000 ( 1)  0.000
 125 L   1.00000 0.00000 0.00000 ( 1)  0.000
 126 Q   1.00000 0.00000 0.00000 ( 1)  0.000
 127 L   1.00000 0.00000 0.00000 ( 1)  0.000
 128 V   1.00000 0.00000 0.00000 ( 1)  0.000
 129 E   1.00000 0.00000 0.00000 ( 1)  0.000
 130 E   1.00000 0.00000 0.00000 ( 1)  0.000
 131 N   1.00000 0.00000 0.00000 ( 1)  0.000
 132 Q   1.00000 0.00000 0.00000 ( 1)  0.000
 133 V   1.00000 0.00000 0.00000 ( 1)  0.000
 134 D   1.00000 0.00000 0.00000 ( 1)  0.000
 135 T   1.00000 0.00000 0.00000 ( 1)  0.000
 136 E   1.00000 0.00000 0.00000 ( 1)  0.000
 137 F   1.00000 0.00000 0.00000 ( 1)  0.000
 138 E   1.00000 0.00000 0.00000 ( 1)  0.000
 139 S   1.00000 0.00000 0.00000 ( 1)  0.000
 140 I   1.00000 0.00000 0.00000 ( 1)  0.000
 141 L   1.00000 0.00000 0.00000 ( 1)  0.000
 142 N   1.00000 0.00000 0.00000 ( 1)  0.000
 143 V   1.00000 0.00000 0.00000 ( 1)  0.000
 144 V   1.00000 0.00000 0.00000 ( 1)  0.000
 145 D   1.00000 0.00000 0.00000 ( 1)  0.000
 146 P   1.00000 0.00000 0.00000 ( 1)  0.000
 147 N   1.00000 0.00000 0.00000 ( 1)  0.000
 148 R   1.00000 0.00000 0.00000 ( 1)  0.000
 149 D   1.00000 0.00000 0.00000 ( 1)  0.000
 150 G   1.00000 0.00000 0.00000 ( 1)  0.000
 151 Y   1.00000 0.00000 0.00000 ( 1)  0.000
 152 I   1.00000 0.00000 0.00000 ( 1)  0.000
 153 T   1.00000 0.00000 0.00000 ( 1)  0.000
 154 L   1.00000 0.00000 0.00000 ( 1)  0.000
 155 Q   1.00000 0.00000 0.00000 ( 1)  0.000
 156 E   1.00000 0.00000 0.00000 ( 1)  0.000
 157 F   1.00000 0.00000 0.00000 ( 1)  0.000
 158 M   1.00000 0.00000 0.00000 ( 1)  0.000
 159 A   1.00000 0.00000 0.00000 ( 1)  0.000
 160 F   1.00000 0.00000 0.00000 ( 1)  0.000
 161 M   1.00000 0.00000 0.00000 ( 1)  0.000
 162 I   1.00000 0.00000 0.00000 ( 1)  0.000
 163 S   1.00000 0.00000 0.00000 ( 1)  0.000
 164 R   1.00000 0.00000 0.00000 ( 1)  0.000
 165 E   1.00000 0.00000 0.00000 ( 1)  0.000
 166 T   1.00000 0.00000 0.00000 ( 1)  0.000
 167 E   1.00000 0.00000 0.00000 ( 1)  0.000
 168 N   1.00000 0.00000 0.00000 ( 1)  0.000
 169 V   1.00000 0.00000 0.00000 ( 1)  0.000
 170 Q   1.00000 0.00000 0.00000 ( 1)  0.000
 171 S   1.00000 0.00000 0.00000 ( 1)  0.000
 172 R   1.00000 0.00000 0.00000 ( 1)  0.000
 173 D   1.00000 0.00000 0.00000 ( 1)  0.000
 174 E   1.00000 0.00000 0.00000 ( 1)  0.000
 175 V   1.00000 0.00000 0.00000 ( 1)  0.000
 176 E   1.00000 0.00000 0.00000 ( 1)  0.000
 177 E   1.00000 0.00000 0.00000 ( 1)  0.000
 178 A   1.00000 0.00000 0.00000 ( 1)  0.000
 179 F   1.00000 0.00000 0.00000 ( 1)  0.000
 180 R   1.00000 0.00000 0.00000 ( 1)  0.000
 181 S   1.00000 0.00000 0.00000 ( 1)  0.000
 182 L   1.00000 0.00000 0.00000 ( 1)  0.000
 183 T   1.00000 0.00000 0.00000 ( 1)  0.000
 184 K   1.00000 0.00000 0.00000 ( 1)  0.000
 185 E   1.00000 0.00000 0.00000 ( 1)  0.000
 186 G   1.00000 0.00000 0.00000 ( 1)  0.000
 187 K   1.00000 0.00000 0.00000 ( 1)  0.000
 188 D   1.00000 0.00000 0.00000 ( 1)  0.000
 189 Y   1.00000 0.00000 0.00000 ( 1)  0.000
 190 I   1.00000 0.00000 0.00000 ( 1)  0.000
 191 T   1.00000 0.00000 0.00000 ( 1)  0.000
 192 K   1.00000 0.00000 0.00000 ( 1)  0.000
 193 A   1.00000 0.00000 0.00000 ( 1)  0.000
 194 E   1.00000 0.00000 0.00000 ( 1)  0.000
 195 L   1.00000 0.00000 0.00000 ( 1)  0.000
 196 Y   1.00000 0.00000 0.00000 ( 1)  0.000
 197 A   1.00000 0.00000 0.00000 ( 1)  0.000
 198 V   1.00000 0.00000 0.00000 ( 1)  0.000
 199 S   1.00000 0.00000 0.00000 ( 1)  0.000

Positively selected sites

	Prob(w>1)  mean w



lnL =  -815.945870

Bayes Empirical Bayes (BEB) probabilities for 3 classes (class) & postmean_w
(amino acids refer to 1st sequence: spe.21172)

   1 M   0.94035 0.03679 0.02285 ( 1)  0.145 +-  0.451
   2 E   0.93633 0.03833 0.02534 ( 1)  0.154 +-  0.491
   3 S   0.92758 0.04005 0.03238 ( 1)  0.189 +-  0.665
   4 S   0.92868 0.04092 0.03040 ( 1)  0.175 +-  0.578
   5 G   0.93423 0.03907 0.02669 ( 1)  0.160 +-  0.514
   6 T   0.93392 0.03921 0.02687 ( 1)  0.160 +-  0.516
   7 L   0.93059 0.04030 0.02911 ( 1)  0.170 +-  0.556
   8 E   0.93633 0.03833 0.02534 ( 1)  0.154 +-  0.491
   9 E   0.93633 0.03833 0.02534 ( 1)  0.154 +-  0.491
  10 Q   0.94188 0.03613 0.02199 ( 1)  0.142 +-  0.441
  11 L   0.93282 0.03958 0.02760 ( 1)  0.163 +-  0.529
  12 E   0.94309 0.03552 0.02138 ( 1)  0.140 +-  0.436
  13 A   0.92761 0.04124 0.03115 ( 1)  0.178 +-  0.592
  14 T   0.93392 0.03921 0.02687 ( 1)  0.160 +-  0.516
  15 R   0.92885 0.04082 0.03033 ( 1)  0.175 +-  0.580
  16 A   0.93052 0.04033 0.02915 ( 1)  0.170 +-  0.556
  17 K   0.94056 0.03666 0.02278 ( 1)  0.145 +-  0.453
  18 S   0.92955 0.04066 0.02979 ( 1)  0.172 +-  0.567
  19 V   0.93560 0.03853 0.02587 ( 1)  0.157 +-  0.504
  20 E   0.94309 0.03552 0.02138 ( 1)  0.140 +-  0.436
  21 I   0.93683 0.03814 0.02503 ( 1)  0.153 +-  0.486
  22 R   0.93461 0.03896 0.02643 ( 1)  0.159 +-  0.509
  23 A   0.92761 0.04124 0.03115 ( 1)  0.178 +-  0.592
  24 R   0.92885 0.04082 0.03033 ( 1)  0.175 +-  0.580
  25 K   0.94056 0.03666 0.02278 ( 1)  0.145 +-  0.453
  26 V   0.93560 0.03853 0.02587 ( 1)  0.157 +-  0.504
  27 D   0.93936 0.03715 0.02349 ( 1)  0.147 +-  0.464
  28 L   0.93577 0.03850 0.02573 ( 1)  0.156 +-  0.499
  29 K   0.94056 0.03666 0.02278 ( 1)  0.145 +-  0.453
  30 K   0.94056 0.03666 0.02278 ( 1)  0.145 +-  0.453
  31 I   0.93320 0.03944 0.02735 ( 1)  0.162 +-  0.525
  32 E   0.93633 0.03833 0.02534 ( 1)  0.154 +-  0.491
  33 D   0.94278 0.03569 0.02152 ( 1)  0.140 +-  0.437
  34 L   0.93282 0.03958 0.02760 ( 1)  0.163 +-  0.529
  35 G   0.93423 0.03907 0.02669 ( 1)  0.160 +-  0.514
  36 A   0.93248 0.03964 0.02788 ( 1)  0.165 +-  0.538
  37 R   0.93240 0.03972 0.02788 ( 1)  0.164 +-  0.534
  38 L   0.93577 0.03850 0.02573 ( 1)  0.156 +-  0.499
  39 E   0.94309 0.03552 0.02138 ( 1)  0.140 +-  0.436
  40 E   0.93633 0.03833 0.02534 ( 1)  0.154 +-  0.491
  41 R   0.92885 0.04086 0.03029 ( 1)  0.175 +-  0.576
  42 L   0.93059 0.04030 0.02911 ( 1)  0.170 +-  0.556
  43 I   0.93683 0.03814 0.02503 ( 1)  0.153 +-  0.486
  44 L   0.93282 0.03958 0.02760 ( 1)  0.163 +-  0.529
  45 D   0.94278 0.03569 0.02152 ( 1)  0.140 +-  0.437
  46 N   0.94033 0.03677 0.02290 ( 1)  0.145 +-  0.454
  47 R   0.93238 0.03972 0.02790 ( 1)  0.165 +-  0.535
  48 Y   0.93112 0.04015 0.02873 ( 1)  0.168 +-  0.548
  49 T   0.92624 0.04165 0.03211 ( 1)  0.183 +-  0.609
  50 E   0.94309 0.03552 0.02138 ( 1)  0.140 +-  0.436
  51 H   0.94103 0.03650 0.02247 ( 1)  0.143 +-  0.447
  52 S   0.93459 0.03898 0.02644 ( 1)  0.159 +-  0.508
  53 T   0.93392 0.03921 0.02687 ( 1)  0.160 +-  0.516
  54 V   0.93134 0.04003 0.02863 ( 1)  0.168 +-  0.549
  55 G   0.93306 0.03938 0.02755 ( 1)  0.164 +-  0.537
  56 L   0.92722 0.04135 0.03143 ( 1)  0.180 +-  0.597
  57 S   0.93459 0.03898 0.02644 ( 1)  0.159 +-  0.508
  58 Q   0.94188 0.03613 0.02199 ( 1)  0.142 +-  0.441
  59 A   0.93662 0.03823 0.02515 ( 1)  0.154 +-  0.488
  60 W   0.93120 0.04013 0.02867 ( 1)  0.168 +-  0.547
  61 D   0.93936 0.03715 0.02349 ( 1)  0.147 +-  0.464
  62 Q   0.93408 0.03915 0.02677 ( 1)  0.160 +-  0.515
  63 L   0.93059 0.04030 0.02911 ( 1)  0.170 +-  0.556
  64 D   0.94278 0.03569 0.02152 ( 1)  0.140 +-  0.437
  65 Q   0.94188 0.03613 0.02199 ( 1)  0.142 +-  0.441
  66 L   0.92055 0.04054 0.03891 ( 1)  0.223 +-  0.808
  67 A   0.93052 0.04033 0.02915 ( 1)  0.170 +-  0.556
  68 M   0.94035 0.03679 0.02285 ( 1)  0.145 +-  0.451
  69 R   0.93240 0.03972 0.02788 ( 1)  0.164 +-  0.534
  70 M   0.94035 0.03679 0.02285 ( 1)  0.145 +-  0.451
  71 Q   0.94188 0.03613 0.02199 ( 1)  0.142 +-  0.441
  72 H   0.94103 0.03650 0.02247 ( 1)  0.143 +-  0.447
  73 N   0.93675 0.03817 0.02507 ( 1)  0.153 +-  0.487
  74 L   0.93577 0.03850 0.02573 ( 1)  0.156 +-  0.499
  75 E   0.93633 0.03833 0.02534 ( 1)  0.154 +-  0.491
  76 Q   0.93408 0.03915 0.02677 ( 1)  0.160 +-  0.515
  77 Q   0.94188 0.03613 0.02199 ( 1)  0.142 +-  0.441
  78 I   0.93320 0.03944 0.02735 ( 1)  0.162 +-  0.525
  79 Q   0.93408 0.03915 0.02677 ( 1)  0.160 +-  0.515
  80 A   0.92761 0.04124 0.03115 ( 1)  0.178 +-  0.592
  81 R   0.92885 0.04086 0.03029 ( 1)  0.175 +-  0.576
  82 N   0.93675 0.03817 0.02507 ( 1)  0.153 +-  0.487
  83 V   0.93560 0.03853 0.02587 ( 1)  0.157 +-  0.504
  84 S   0.93459 0.03898 0.02644 ( 1)  0.159 +-  0.508
  85 G   0.93423 0.03907 0.02669 ( 1)  0.160 +-  0.514
  86 V   0.93767 0.03774 0.02458 ( 1)  0.152 +-  0.484
  87 S   0.93136 0.04007 0.02857 ( 1)  0.167 +-  0.545
  88 E   0.94309 0.03552 0.02138 ( 1)  0.140 +-  0.436
  89 E   0.93633 0.03833 0.02534 ( 1)  0.154 +-  0.491
  90 A   0.93052 0.04033 0.02915 ( 1)  0.170 +-  0.556
  91 L   0.93059 0.04030 0.02911 ( 1)  0.170 +-  0.556
  92 R   0.93240 0.03972 0.02788 ( 1)  0.164 +-  0.534
  93 E   0.94309 0.03552 0.02138 ( 1)  0.140 +-  0.436
  94 F   0.93494 0.03887 0.02620 ( 1)  0.158 +-  0.504
  95 S   0.92955 0.04066 0.02979 ( 1)  0.172 +-  0.567
  96 M   0.94035 0.03679 0.02285 ( 1)  0.145 +-  0.451
  97 M   0.94035 0.03679 0.02285 ( 1)  0.145 +-  0.451
  98 F   0.93494 0.03887 0.02620 ( 1)  0.158 +-  0.504
  99 K   0.94056 0.03666 0.02278 ( 1)  0.145 +-  0.453
 100 H   0.94103 0.03650 0.02247 ( 1)  0.143 +-  0.447
 101 F   0.93146 0.04005 0.02850 ( 1)  0.167 +-  0.544
 102 D   0.93936 0.03715 0.02349 ( 1)  0.147 +-  0.464
 103 K   0.94056 0.03666 0.02278 ( 1)  0.145 +-  0.453
 104 D   0.94278 0.03569 0.02152 ( 1)  0.140 +-  0.437
 105 K   0.94056 0.03666 0.02278 ( 1)  0.145 +-  0.453
 106 S   0.92330 0.04247 0.03423 ( 1)  0.192 +-  0.648
 107 G   0.93024 0.04042 0.02934 ( 1)  0.171 +-  0.560
 108 R   0.93240 0.03972 0.02788 ( 1)  0.164 +-  0.534
 109 L   0.93282 0.03958 0.02760 ( 1)  0.163 +-  0.529
 110 D   0.94278 0.03569 0.02152 ( 1)  0.140 +-  0.437
 111 H   0.93723 0.03800 0.02477 ( 1)  0.152 +-  0.482
 112 R   0.92885 0.04086 0.03029 ( 1)  0.175 +-  0.576
 113 E   0.94309 0.03552 0.02138 ( 1)  0.140 +-  0.436
 114 F   0.93494 0.03887 0.02620 ( 1)  0.158 +-  0.504
 115 K   0.94056 0.03666 0.02278 ( 1)  0.145 +-  0.453
 116 S   0.92955 0.04066 0.02979 ( 1)  0.172 +-  0.567
 117 C   0.92802 0.04112 0.03085 ( 1)  0.177 +-  0.586
 118 L   0.93577 0.03850 0.02573 ( 1)  0.156 +-  0.499
 119 R   0.93240 0.03972 0.02788 ( 1)  0.164 +-  0.534
 120 A   0.93052 0.04033 0.02915 ( 1)  0.170 +-  0.556
 121 L   0.93577 0.03850 0.02573 ( 1)  0.156 +-  0.499
 122 G   0.93024 0.04042 0.02934 ( 1)  0.171 +-  0.560
 123 H   0.94103 0.03650 0.02247 ( 1)  0.143 +-  0.447
 124 D   0.94278 0.03569 0.02152 ( 1)  0.140 +-  0.437
 125 L   0.92722 0.04135 0.03143 ( 1)  0.180 +-  0.597
 126 Q   0.93408 0.03915 0.02677 ( 1)  0.160 +-  0.515
 127 L   0.93577 0.03850 0.02573 ( 1)  0.156 +-  0.499
 128 V   0.92827 0.04102 0.03071 ( 1)  0.177 +-  0.585
 129 E   0.94309 0.03552 0.02138 ( 1)  0.140 +-  0.436
 130 E   0.94309 0.03552 0.02138 ( 1)  0.140 +-  0.436
 131 N   0.94033 0.03677 0.02290 ( 1)  0.145 +-  0.454
 132 Q   0.94188 0.03613 0.02199 ( 1)  0.142 +-  0.441
 133 V   0.93767 0.03774 0.02458 ( 1)  0.152 +-  0.484
 134 D   0.94278 0.03569 0.02152 ( 1)  0.140 +-  0.437
 135 T   0.93217 0.03980 0.02803 ( 1)  0.165 +-  0.536
 136 E   0.94309 0.03552 0.02138 ( 1)  0.140 +-  0.436
 137 F   0.93146 0.04005 0.02850 ( 1)  0.167 +-  0.544
 138 E   0.94309 0.03552 0.02138 ( 1)  0.140 +-  0.436
 139 S   0.93136 0.04007 0.02857 ( 1)  0.167 +-  0.545
 140 I   0.92962 0.04062 0.02976 ( 1)  0.172 +-  0.567
 141 L   0.93577 0.03850 0.02573 ( 1)  0.156 +-  0.499
 142 N   0.94033 0.03677 0.02290 ( 1)  0.145 +-  0.454
 143 V   0.93767 0.03774 0.02458 ( 1)  0.152 +-  0.484
 144 V   0.93560 0.03853 0.02587 ( 1)  0.157 +-  0.504
 145 D   0.94278 0.03569 0.02152 ( 1)  0.140 +-  0.437
 146 P   0.93242 0.03972 0.02786 ( 1)  0.164 +-  0.533
 147 N   0.94033 0.03677 0.02290 ( 1)  0.145 +-  0.454
 148 R   0.93240 0.03972 0.02788 ( 1)  0.164 +-  0.534
 149 D   0.94278 0.03569 0.02152 ( 1)  0.140 +-  0.437
 150 G   0.93024 0.04042 0.02934 ( 1)  0.171 +-  0.560
 151 Y   0.93542 0.03868 0.02590 ( 1)  0.156 +-  0.499
 152 I   0.93683 0.03814 0.02503 ( 1)  0.153 +-  0.486
 153 T   0.92867 0.04092 0.03041 ( 1)  0.175 +-  0.578
 154 L   0.93577 0.03850 0.02573 ( 1)  0.156 +-  0.499
 155 Q   0.93408 0.03915 0.02677 ( 1)  0.160 +-  0.515
 156 E   0.94309 0.03552 0.02138 ( 1)  0.140 +-  0.436
 157 F   0.93146 0.04005 0.02850 ( 1)  0.167 +-  0.544
 158 M   0.94035 0.03679 0.02285 ( 1)  0.145 +-  0.451
 159 A   0.93461 0.03895 0.02644 ( 1)  0.159 +-  0.509
 160 F   0.93494 0.03887 0.02620 ( 1)  0.158 +-  0.504
 161 M   0.94035 0.03679 0.02285 ( 1)  0.145 +-  0.451
 162 I   0.93683 0.03814 0.02503 ( 1)  0.153 +-  0.486
 163 S   0.93459 0.03898 0.02644 ( 1)  0.159 +-  0.508
 164 R   0.93238 0.03972 0.02790 ( 1)  0.165 +-  0.535
 165 E   0.94309 0.03552 0.02138 ( 1)  0.140 +-  0.436
 166 T   0.93217 0.03980 0.02803 ( 1)  0.165 +-  0.536
 167 E   0.93633 0.03833 0.02534 ( 1)  0.154 +-  0.491
 168 N   0.93675 0.03817 0.02507 ( 1)  0.153 +-  0.487
 169 V   0.93134 0.04003 0.02863 ( 1)  0.168 +-  0.549
 170 Q   0.94188 0.03613 0.02199 ( 1)  0.142 +-  0.441
 171 S   0.92868 0.04092 0.03040 ( 1)  0.175 +-  0.578
 172 R   0.93240 0.03972 0.02788 ( 1)  0.164 +-  0.534
 173 D   0.94278 0.03569 0.02152 ( 1)  0.140 +-  0.437
 174 E   0.94309 0.03552 0.02138 ( 1)  0.140 +-  0.436
 175 V   0.93767 0.03774 0.02458 ( 1)  0.152 +-  0.484
 176 E   0.93633 0.03833 0.02534 ( 1)  0.154 +-  0.491
 177 E   0.94309 0.03552 0.02138 ( 1)  0.140 +-  0.436
 178 A   0.92761 0.04124 0.03115 ( 1)  0.178 +-  0.592
 179 F   0.93494 0.03887 0.02620 ( 1)  0.158 +-  0.504
 180 R   0.92520 0.04194 0.03285 ( 1)  0.186 +-  0.623
 181 S   0.92673 0.04151 0.03176 ( 1)  0.181 +-  0.602
 182 L   0.93059 0.04030 0.02911 ( 1)  0.170 +-  0.556
 183 T   0.93217 0.03980 0.02803 ( 1)  0.165 +-  0.536
 184 K   0.94056 0.03666 0.02278 ( 1)  0.145 +-  0.453
 185 E   0.94309 0.03552 0.02138 ( 1)  0.140 +-  0.436
 186 G   0.93423 0.03907 0.02669 ( 1)  0.160 +-  0.514
 187 K   0.94056 0.03666 0.02278 ( 1)  0.145 +-  0.453
 188 D   0.94278 0.03569 0.02152 ( 1)  0.140 +-  0.437
 189 Y   0.93542 0.03868 0.02590 ( 1)  0.156 +-  0.499
 190 I   0.93683 0.03814 0.02503 ( 1)  0.153 +-  0.486
 191 T   0.93392 0.03921 0.02687 ( 1)  0.160 +-  0.516
 192 K   0.94056 0.03666 0.02278 ( 1)  0.145 +-  0.453
 193 A   0.92761 0.04124 0.03115 ( 1)  0.178 +-  0.592
 194 E   0.94309 0.03552 0.02138 ( 1)  0.140 +-  0.436
 195 L   0.93059 0.04030 0.02911 ( 1)  0.170 +-  0.556
 196 Y   0.93112 0.04015 0.02873 ( 1)  0.168 +-  0.548
 197 A   0.93052 0.04033 0.02915 ( 1)  0.170 +-  0.556
 198 V   0.92827 0.04102 0.03071 ( 1)  0.177 +-  0.585
 199 S   0.93136 0.04007 0.02857 ( 1)  0.167 +-  0.545

Positively selected sites

	Prob(w>1)  mean w


