Supplemental results for CODEML (seqf: algn  treef: tree)


dN/dS (w) for site classes (K=2)

p:   0.77324  0.22676
w:   0.00000  1.00000

Naive Empirical Bayes (NEB) probabilities for 2 classes & postmean_w
(amino acids refer to 1st sequence: Msl.17336)

   1 M   0.80370 0.19630 ( 1)  0.196
   2 T   0.80559 0.19441 ( 1)  0.194
   3 S   0.80941 0.19059 ( 1)  0.191
   4 A   0.80058 0.19942 ( 1)  0.199
   5 S   0.80274 0.19726 ( 1)  0.197
   6 I   0.78245 0.21755 ( 1)  0.218
   7 P   0.77918 0.22082 ( 1)  0.221
   8 S   0.79949 0.20051 ( 1)  0.201
   9 R   0.80849 0.19151 ( 1)  0.192
  10 R   0.80213 0.19787 ( 1)  0.198
  11 S   0.80941 0.19059 ( 1)  0.191
  12 L   0.78427 0.21573 ( 1)  0.216
  13 D   0.80505 0.19495 ( 1)  0.195
  14 V   0.80164 0.19836 ( 1)  0.198
  15 Q   0.80802 0.19198 ( 1)  0.192
  16 L   0.78938 0.21062 ( 1)  0.211
  17 G   0.80845 0.19155 ( 1)  0.192
  18 P   0.80876 0.19124 ( 1)  0.191
  19 A   0.80818 0.19182 ( 1)  0.192
  20 A   0.78319 0.21681 ( 1)  0.217
  21 A   0.80058 0.19942 ( 1)  0.199
  22 G   0.80845 0.19155 ( 1)  0.192
  23 D   0.80505 0.19495 ( 1)  0.195
  24 H   0.00000 1.00000 ( 2)  1.000
  25 D   0.80505 0.19495 ( 1)  0.195
  26 D   0.80505 0.19495 ( 1)  0.195
  27 Y   0.79891 0.20109 ( 1)  0.201
  28 N   0.80074 0.19926 ( 1)  0.199
  29 G   0.80073 0.19927 ( 1)  0.199
  30 T   0.80177 0.19823 ( 1)  0.198
  31 C   0.79924 0.20076 ( 1)  0.201
  32 E   0.81046 0.18954 ( 1)  0.190
  33 S   0.78388 0.21612 ( 1)  0.216
  34 S   0.78388 0.21612 ( 1)  0.216
  35 S   0.80274 0.19726 ( 1)  0.197
  36 T   0.78353 0.21647 ( 1)  0.216
  37 A   0.78319 0.21681 ( 1)  0.217
  38 A   0.79051 0.20949 ( 1)  0.209
  39 A   0.80058 0.19942 ( 1)  0.199
  40 A   0.80058 0.19942 ( 1)  0.199
  41 S   0.79949 0.20051 ( 1)  0.201
  42 V   0.78349 0.21651 ( 1)  0.217
  43 D   0.80505 0.19495 ( 1)  0.195
  44 E   0.81046 0.18954 ( 1)  0.190
  45 L   0.78427 0.21573 ( 1)  0.216
  46 R   0.79315 0.20685 ( 1)  0.207
  47 A   0.80818 0.19182 ( 1)  0.192
  48 P   0.80876 0.19124 ( 1)  0.191
  49 T   0.80177 0.19823 ( 1)  0.198
  50 S   0.79949 0.20051 ( 1)  0.201
  51 R   0.77810 0.22190 ( 1)  0.222
  52 R   0.77810 0.22190 ( 1)  0.222
  53 T   0.80984 0.19016 ( 1)  0.190
  54 P   0.80876 0.19124 ( 1)  0.191
  55 R   0.78373 0.21627 ( 1)  0.216
  56 Q   0.80802 0.19198 ( 1)  0.192
  57 S   0.80941 0.19059 ( 1)  0.191
  58 K   0.80601 0.19399 ( 1)  0.194
  59 M   0.80370 0.19630 ( 1)  0.196
  60 A   0.80818 0.19182 ( 1)  0.192
  61 T   0.80984 0.19016 ( 1)  0.190
  62 T   0.80177 0.19823 ( 1)  0.198
  63 R   0.80849 0.19151 ( 1)  0.192
  64 V   0.80966 0.19034 ( 1)  0.190
  65 R   0.80213 0.19787 ( 1)  0.198
  66 W   0.79988 0.20012 ( 1)  0.200
  67 S   0.79949 0.20051 ( 1)  0.201
  68 R   0.80213 0.19787 ( 1)  0.198
  69 M   0.80370 0.19630 ( 1)  0.196
  70 A   0.80058 0.19942 ( 1)  0.199
  71 A   0.80058 0.19942 ( 1)  0.199
  72 P   0.80876 0.19124 ( 1)  0.191
  73 P   0.80876 0.19124 ( 1)  0.191
  74 G   0.77877 0.22123 ( 1)  0.221
  75 Q   0.80802 0.19198 ( 1)  0.192
  76 P   0.80876 0.19124 ( 1)  0.191
  77 P   0.80108 0.19892 ( 1)  0.199
  78 A   0.78319 0.21681 ( 1)  0.217
  79 A   0.79425 0.20575 ( 1)  0.206
  80 P   0.80876 0.19124 ( 1)  0.191
  81 P   0.80876 0.19124 ( 1)  0.191
  82 P   0.78341 0.21659 ( 1)  0.217
  83 Q   0.80802 0.19198 ( 1)  0.192
  84 L   0.80815 0.19185 ( 1)  0.192
  85 E   0.81046 0.18954 ( 1)  0.190
  86 P   0.80876 0.19124 ( 1)  0.191
  87 P   0.80876 0.19124 ( 1)  0.191
  88 P   0.78341 0.21659 ( 1)  0.217
  89 S   0.80941 0.19059 ( 1)  0.191
  90 L   0.80815 0.19185 ( 1)  0.192
  91 A   0.80818 0.19182 ( 1)  0.192
  92 L   0.78938 0.21062 ( 1)  0.211
  93 L   0.80815 0.19185 ( 1)  0.192
  94 A   0.80058 0.19942 ( 1)  0.199
  95 T   0.00000 1.00000 ( 2)  1.000
  96 G   0.80073 0.19927 ( 1)  0.199
  97 S   0.80941 0.19059 ( 1)  0.191
  98 T   0.78353 0.21647 ( 1)  0.216
  99 A   0.00000 1.00000 ( 2)  1.000
 100 A   0.80818 0.19182 ( 1)  0.192
 101 A   0.80818 0.19182 ( 1)  0.192
 102 S   0.79949 0.20051 ( 1)  0.201
 103 L   0.80368 0.19632 ( 1)  0.196
 104 C   0.79924 0.20076 ( 1)  0.201
 105 Q   0.80802 0.19198 ( 1)  0.192
 106 L   0.80815 0.19185 ( 1)  0.192
 107 V   0.80164 0.19836 ( 1)  0.198
 108 D   0.78794 0.21206 ( 1)  0.212
 109 F   0.79631 0.20369 ( 1)  0.204
 110 G   0.80073 0.19927 ( 1)  0.199
 111 E   0.81046 0.18954 ( 1)  0.190
 112 T   0.78353 0.21647 ( 1)  0.216
 113 R   0.80213 0.19787 ( 1)  0.198
 114 D   0.80505 0.19495 ( 1)  0.195
 115 L   0.80815 0.19185 ( 1)  0.192
 116 I   0.78245 0.21755 ( 1)  0.218
 117 R   0.80849 0.19151 ( 1)  0.192
 118 R   0.77810 0.22190 ( 1)  0.222
 119 Q   0.80802 0.19198 ( 1)  0.192
 120 R   0.80849 0.19151 ( 1)  0.192
 121 E   0.81046 0.18954 ( 1)  0.190
 122 T   0.80984 0.19016 ( 1)  0.190
 123 A   0.80818 0.19182 ( 1)  0.192
 124 K   0.80601 0.19399 ( 1)  0.194
 125 Q   0.80802 0.19198 ( 1)  0.192
 126 L   0.80815 0.19185 ( 1)  0.192
 127 E   0.78308 0.21692 ( 1)  0.217
 128 E   0.81046 0.18954 ( 1)  0.190
 129 V   0.80966 0.19034 ( 1)  0.190
 130 Q   0.80802 0.19198 ( 1)  0.192
 131 S   0.79949 0.20051 ( 1)  0.201
 132 I   0.79656 0.20344 ( 1)  0.203
 133 V   0.80966 0.19034 ( 1)  0.190
 134 S   0.79949 0.20051 ( 1)  0.201
 135 H   0.80676 0.19324 ( 1)  0.193
 136 L   0.80368 0.19632 ( 1)  0.196
 137 S   0.79949 0.20051 ( 1)  0.201
 138 L   0.80815 0.19185 ( 1)  0.192
 139 E   0.81046 0.18954 ( 1)  0.190
 140 Q   0.80802 0.19198 ( 1)  0.192
 141 E   0.81046 0.18954 ( 1)  0.190
 142 N   0.80074 0.19926 ( 1)  0.199
 143 G   0.00000 1.00000 ( 2)  1.000
 144 Q   0.80802 0.19198 ( 1)  0.192
 145 D   0.80505 0.19495 ( 1)  0.195
 146 F   0.00000 1.00000 ( 2)  1.000
 147 R   0.80213 0.19787 ( 1)  0.198
 148 Q   0.80802 0.19198 ( 1)  0.192
 149 Q   0.78314 0.21686 ( 1)  0.217
 150 A   0.77904 0.22096 ( 1)  0.221
 151 A   0.80058 0.19942 ( 1)  0.199
 152 D   0.80505 0.19495 ( 1)  0.195
 153 W   0.79988 0.20012 ( 1)  0.200
 154 A   0.77904 0.22096 ( 1)  0.221
 155 T   0.80177 0.19823 ( 1)  0.198
 156 F   0.79631 0.20369 ( 1)  0.204
 157 R   0.80213 0.19787 ( 1)  0.198
 158 K   0.80601 0.19399 ( 1)  0.194
 159 Q   0.80802 0.19198 ( 1)  0.192
 160 P   0.80108 0.19892 ( 1)  0.199
 161 N   0.80074 0.19926 ( 1)  0.199
 162 S   0.80274 0.19726 ( 1)  0.197
 163 Q   0.80802 0.19198 ( 1)  0.192
 164 F   0.79631 0.20369 ( 1)  0.204
 165 K   0.80601 0.19399 ( 1)  0.194
 166 Q   0.80802 0.19198 ( 1)  0.192
 167 Y   0.79891 0.20109 ( 1)  0.201
 168 V   0.80164 0.19836 ( 1)  0.198
 169 F   0.79631 0.20369 ( 1)  0.204
 170 Q   0.80802 0.19198 ( 1)  0.192
 171 S   0.78388 0.21612 ( 1)  0.216
 172 P   0.80876 0.19124 ( 1)  0.191
 173 G   0.79214 0.20786 ( 1)  0.208
 174 R   0.77810 0.22190 ( 1)  0.222
 175 V   0.80966 0.19034 ( 1)  0.190
 176 P   0.80108 0.19892 ( 1)  0.199
 177 A   0.80818 0.19182 ( 1)  0.192
 178 L   0.80815 0.19185 ( 1)  0.192
 179 P   0.77918 0.22082 ( 1)  0.221
 180 A   0.78319 0.21681 ( 1)  0.217
 181 A   0.80058 0.19942 ( 1)  0.199
 182 D   0.80505 0.19495 ( 1)  0.195
 183 S   0.79949 0.20051 ( 1)  0.201
 184 D   0.80505 0.19495 ( 1)  0.195
 185 E   0.81046 0.18954 ( 1)  0.190
 186 A   0.78319 0.21681 ( 1)  0.217
 187 V   0.00000 1.00000 ( 2)  1.000
 188 G   0.77877 0.22123 ( 1)  0.221
 189 V   0.80164 0.19836 ( 1)  0.198
 190 W   0.79988 0.20012 ( 1)  0.200
 191 Q   0.80802 0.19198 ( 1)  0.192
 192 T   0.78353 0.21647 ( 1)  0.216
 193 Q   0.80802 0.19198 ( 1)  0.192
 194 H   0.78902 0.21098 ( 1)  0.211
 195 Q   0.79542 0.20458 ( 1)  0.205
 196 N   0.80074 0.19926 ( 1)  0.199
 197 W   0.79988 0.20012 ( 1)  0.200
 198 L   0.80815 0.19185 ( 1)  0.192
 199 Q   0.80802 0.19198 ( 1)  0.192
 200 H   0.78902 0.21098 ( 1)  0.211
 201 P   0.77918 0.22082 ( 1)  0.221
 202 Q   0.80802 0.19198 ( 1)  0.192
 203 H   0.78902 0.21098 ( 1)  0.211
 204 H   0.78902 0.21098 ( 1)  0.211
 205 R   0.80849 0.19151 ( 1)  0.192
 206 Q   0.80802 0.19198 ( 1)  0.192
 207 Q   0.80802 0.19198 ( 1)  0.192
 208 H   0.78902 0.21098 ( 1)  0.211
 209 Q   0.80802 0.19198 ( 1)  0.192
 210 Q   0.80802 0.19198 ( 1)  0.192
 211 A   0.80818 0.19182 ( 1)  0.192
 212 S   0.80941 0.19059 ( 1)  0.191
 213 L   0.80815 0.19185 ( 1)  0.192
 214 Q   0.80802 0.19198 ( 1)  0.192
 215 R   0.80224 0.19776 ( 1)  0.198
 216 S   0.80941 0.19059 ( 1)  0.191
 217 R   0.80849 0.19151 ( 1)  0.192
 218 T   0.80177 0.19823 ( 1)  0.198
 219 S   0.79949 0.20051 ( 1)  0.201
 220 L   0.78427 0.21573 ( 1)  0.216
 221 G   0.80073 0.19927 ( 1)  0.199
 222 A   0.80818 0.19182 ( 1)  0.192
 223 V   0.80966 0.19034 ( 1)  0.190
 224 A   0.80058 0.19942 ( 1)  0.199
 225 G   0.80073 0.19927 ( 1)  0.199
 226 R   0.78373 0.21627 ( 1)  0.216
 227 P   0.80876 0.19124 ( 1)  0.191
 228 L   0.78427 0.21573 ( 1)  0.216
 229 G   0.80845 0.19155 ( 1)  0.192
 230 A   0.77904 0.22096 ( 1)  0.221
 231 A   0.80058 0.19942 ( 1)  0.199
 232 G   0.78318 0.21682 ( 1)  0.217
 233 L   0.80815 0.19185 ( 1)  0.192
 234 R   0.80849 0.19151 ( 1)  0.192
 235 R   0.80213 0.19787 ( 1)  0.198
 236 S   0.80274 0.19726 ( 1)  0.197
 237 E   0.81046 0.18954 ( 1)  0.190
 238 R   0.80849 0.19151 ( 1)  0.192
 239 G   0.80845 0.19155 ( 1)  0.192
 240 S   0.80941 0.19059 ( 1)  0.191
 241 L   0.80815 0.19185 ( 1)  0.192
 242 S   0.79949 0.20051 ( 1)  0.201
 243 R   0.80213 0.19787 ( 1)  0.198
 244 E   0.81046 0.18954 ( 1)  0.190
 245 L   0.80368 0.19632 ( 1)  0.196
 246 T   0.79492 0.20508 ( 1)  0.205
 247 R   0.00000 1.00000 ( 2)  1.000
 248 A   0.80818 0.19182 ( 1)  0.192
 249 S   0.80274 0.19726 ( 1)  0.197
 250 M   0.80370 0.19630 ( 1)  0.196
 251 A   0.80818 0.19182 ( 1)  0.192
 252 A   0.00000 1.00000 ( 2)  1.000
 253 A   0.80058 0.19942 ( 1)  0.199
 254 P   0.80108 0.19892 ( 1)  0.199
 255 G   0.80073 0.19927 ( 1)  0.199
 256 W   0.79988 0.20012 ( 1)  0.200
 257 Q   0.80802 0.19198 ( 1)  0.192
 258 P   0.00000 1.00000 ( 2)  1.000
 259 G   0.80845 0.19155 ( 1)  0.192
 260 L   0.80815 0.19185 ( 1)  0.192
 261 W   0.79988 0.20012 ( 1)  0.200
 262 L   0.80815 0.19185 ( 1)  0.192
 263 Q   0.80802 0.19198 ( 1)  0.192
 264 G   0.80073 0.19927 ( 1)  0.199
 265 C   0.78363 0.21637 ( 1)  0.216
 266 S   0.80941 0.19059 ( 1)  0.191
 267 T   0.78353 0.21647 ( 1)  0.216
 268 D   0.80505 0.19495 ( 1)  0.195
 269 G   0.80845 0.19155 ( 1)  0.192
 270 A   0.80058 0.19942 ( 1)  0.199
 271 R   0.80213 0.19787 ( 1)  0.198
 272 D   0.80505 0.19495 ( 1)  0.195
 273 E   0.81046 0.18954 ( 1)  0.190
 274 P   0.80108 0.19892 ( 1)  0.199
 275 G   0.80073 0.19927 ( 1)  0.199
 276 S   0.80941 0.19059 ( 1)  0.191
 277 L   0.79832 0.20168 ( 1)  0.202
 278 Y   0.79074 0.20926 ( 1)  0.209
 279 G   0.77877 0.22123 ( 1)  0.221
 280 Q   0.80802 0.19198 ( 1)  0.192
 281 F   0.79631 0.20369 ( 1)  0.204
 282 A   0.80441 0.19559 ( 1)  0.196
 283 H   0.80676 0.19324 ( 1)  0.193
 284 R   0.79069 0.20931 ( 1)  0.209
 285 K   0.80601 0.19399 ( 1)  0.194
 286 S   0.77889 0.22111 ( 1)  0.221
 287 K   0.78037 0.21963 ( 1)  0.220
 288 T   0.00000 1.00000 ( 2)  1.000
 289 F   0.79631 0.20369 ( 1)  0.204
 290 R   0.77761 0.22239 ( 1)  0.222
 291 L   0.80815 0.19185 ( 1)  0.192
 292 S   0.80274 0.19726 ( 1)  0.197


lnL = -1236.325978

