Supplemental results for CODEML (seqf: algn  treef: tree)


dN/dS (w) for site classes (K=2)

p:   0.99999  0.00001
w:   0.15216  1.00000

Naive Empirical Bayes (NEB) probabilities for 2 classes & postmean_w
(amino acids refer to 1st sequence: Msl.11825)

   1 Q   0.99999 0.00001 ( 1)  0.152
   2 A   0.99999 0.00001 ( 1)  0.152
   3 Y   0.99999 0.00001 ( 1)  0.152
   4 S   0.99999 0.00001 ( 1)  0.152
   5 F   0.99999 0.00001 ( 1)  0.152
   6 V   0.99999 0.00001 ( 1)  0.152
   7 L   0.99999 0.00001 ( 1)  0.152
   8 K   0.99999 0.00001 ( 1)  0.152
   9 L   0.99999 0.00001 ( 1)  0.152
  10 I   0.99999 0.00001 ( 1)  0.152
  11 D   0.99999 0.00001 ( 1)  0.152
  12 R   0.99999 0.00001 ( 1)  0.152
  13 P   0.99999 0.00001 ( 1)  0.152
  14 E   0.99999 0.00001 ( 1)  0.152
  15 T   0.99999 0.00001 ( 1)  0.152
  16 T   0.99999 0.00001 ( 1)  0.152
  17 G   0.99999 0.00001 ( 1)  0.152
  18 I   0.99999 0.00001 ( 1)  0.152
  19 Q   0.99999 0.00001 ( 1)  0.152
  20 Q   0.99999 0.00001 ( 1)  0.152
  21 D   0.99999 0.00001 ( 1)  0.152
  22 S   0.99999 0.00001 ( 1)  0.152
  23 V   0.99999 0.00001 ( 1)  0.152
  24 P   0.99999 0.00001 ( 1)  0.152
  25 M   0.99999 0.00001 ( 1)  0.152
  26 V   0.99999 0.00001 ( 1)  0.152
  27 F   0.99999 0.00001 ( 1)  0.152
  28 P   0.99999 0.00001 ( 1)  0.152
  29 E   0.99994 0.00006 ( 1)  0.152
  30 L   0.99999 0.00001 ( 1)  0.152
  31 F   0.99999 0.00001 ( 1)  0.152
  32 L   0.99999 0.00001 ( 1)  0.152
  33 C   0.99999 0.00001 ( 1)  0.152
  34 P   0.99999 0.00001 ( 1)  0.152
  35 Q   0.99999 0.00001 ( 1)  0.152
  36 P   0.99999 0.00001 ( 1)  0.152
  37 A   0.99999 0.00001 ( 1)  0.152
  38 M   0.99999 0.00001 ( 1)  0.152
  39 S   0.99999 0.00001 ( 1)  0.152
  40 G   0.99999 0.00001 ( 1)  0.152
  41 S   0.99999 0.00001 ( 1)  0.152
  42 Y   0.99999 0.00001 ( 1)  0.152
  43 G   0.99999 0.00001 ( 1)  0.152
  44 N   0.99999 0.00001 ( 1)  0.152
  45 Y   0.99999 0.00001 ( 1)  0.152
  46 V   0.99999 0.00001 ( 1)  0.152
  47 S   0.99999 0.00001 ( 1)  0.152
  48 N   0.99999 0.00001 ( 1)  0.152
  49 E   0.99999 0.00001 ( 1)  0.152
  50 T   0.99999 0.00001 ( 1)  0.152
  51 A   0.99999 0.00001 ( 1)  0.152
  52 D   0.99999 0.00001 ( 1)  0.152
  53 Q   0.99999 0.00001 ( 1)  0.152
  54 V   0.99999 0.00001 ( 1)  0.152
  55 N   0.99999 0.00001 ( 1)  0.152
  56 G   0.99999 0.00001 ( 1)  0.152
  57 F   0.99999 0.00001 ( 1)  0.152
  58 I   0.99999 0.00001 ( 1)  0.152
  59 H   0.99999 0.00001 ( 1)  0.152
  60 A   0.99999 0.00001 ( 1)  0.152
  61 I   0.99999 0.00001 ( 1)  0.152
  62 A   0.99999 0.00001 ( 1)  0.152
  63 R   0.99999 0.00001 ( 1)  0.152
  64 Q   0.99999 0.00001 ( 1)  0.152
  65 L   0.99999 0.00001 ( 1)  0.152
  66 N   0.99999 0.00001 ( 1)  0.152
  67 F   0.99999 0.00001 ( 1)  0.152
  68 T   0.99999 0.00001 ( 1)  0.152
  69 P   0.99999 0.00001 ( 1)  0.152
  70 Q   0.99999 0.00001 ( 1)  0.152
  71 T   0.99999 0.00001 ( 1)  0.152
  72 D   0.99999 0.00001 ( 1)  0.152
  73 K   0.99999 0.00001 ( 1)  0.152
  74 E   0.99999 0.00001 ( 1)  0.152
  75 T   0.99999 0.00001 ( 1)  0.152
  76 E   0.99999 0.00001 ( 1)  0.152
  77 T   0.99999 0.00001 ( 1)  0.152
  78 F   0.99999 0.00001 ( 1)  0.152
  79 I   0.99999 0.00001 ( 1)  0.152
  80 R   0.99999 0.00001 ( 1)  0.152
  81 I   0.99999 0.00001 ( 1)  0.152
  82 L   0.99999 0.00001 ( 1)  0.152
  83 L   0.99999 0.00001 ( 1)  0.152
  84 S   0.99999 0.00001 ( 1)  0.152
  85 T   0.99999 0.00001 ( 1)  0.152
  86 M   0.99999 0.00001 ( 1)  0.152
  87 P   0.99999 0.00001 ( 1)  0.152
  88 Y   0.99999 0.00001 ( 1)  0.152
  89 R   0.99999 0.00001 ( 1)  0.152
  90 L   0.99999 0.00001 ( 1)  0.152
  91 L   0.99999 0.00001 ( 1)  0.152
  92 S   0.99999 0.00001 ( 1)  0.152
  93 D   0.99999 0.00001 ( 1)  0.152
  94 E   0.99999 0.00001 ( 1)  0.152
  95 F   0.99999 0.00001 ( 1)  0.152
  96 A   0.99999 0.00001 ( 1)  0.152
  97 H   0.99999 0.00001 ( 1)  0.152
  98 Q   0.99999 0.00001 ( 1)  0.152
  99 F   0.99999 0.00001 ( 1)  0.152
 100 Q   0.99999 0.00001 ( 1)  0.152
 101 Q   0.99999 0.00001 ( 1)  0.152
 102 A   0.99999 0.00001 ( 1)  0.152
 103 I   0.99999 0.00001 ( 1)  0.152
 104 L   0.99999 0.00001 ( 1)  0.152
 105 Y   0.99999 0.00001 ( 1)  0.152
 106 D   0.99999 0.00001 ( 1)  0.152
 107 L   0.99999 0.00001 ( 1)  0.152
 108 Y   0.99999 0.00001 ( 1)  0.152
 109 S   0.99999 0.00001 ( 1)  0.152
 110 D   0.99999 0.00001 ( 1)  0.152
 111 N   0.99999 0.00001 ( 1)  0.152
 112 R   0.99999 0.00001 ( 1)  0.152
 113 A   0.99999 0.00001 ( 1)  0.152
 114 M   0.99999 0.00001 ( 1)  0.152
 115 E   0.99999 0.00001 ( 1)  0.152
 116 L   0.99999 0.00001 ( 1)  0.152
 117 A   0.99999 0.00001 ( 1)  0.152
 118 G   0.99999 0.00001 ( 1)  0.152
 119 N   0.99999 0.00001 ( 1)  0.152
 120 S   0.99999 0.00001 ( 1)  0.152
 121 T   0.99999 0.00001 ( 1)  0.152
 122 G   0.99999 0.00001 ( 1)  0.152
 123 S   0.99999 0.00001 ( 1)  0.152
 124 L   0.99999 0.00001 ( 1)  0.152
 125 L   0.99999 0.00001 ( 1)  0.152
 126 V   0.99999 0.00001 ( 1)  0.152
 127 F   0.99999 0.00001 ( 1)  0.152
 128 H   0.99999 0.00001 ( 1)  0.152
 129 S   0.99999 0.00001 ( 1)  0.152
 130 P   0.99999 0.00001 ( 1)  0.152
 131 S   0.99999 0.00001 ( 1)  0.152
 132 R   0.99999 0.00001 ( 1)  0.152
 133 L   0.99999 0.00001 ( 1)  0.152
 134 N   0.99999 0.00001 ( 1)  0.152
 135 C   0.99999 0.00001 ( 1)  0.152
 136 F   0.99999 0.00001 ( 1)  0.152
 137 H   0.99999 0.00001 ( 1)  0.152
 138 I   0.99999 0.00001 ( 1)  0.152
 139 R   0.99999 0.00001 ( 1)  0.152
 140 L   0.99999 0.00001 ( 1)  0.152
 141 T   0.99999 0.00001 ( 1)  0.152
 142 A   0.99999 0.00001 ( 1)  0.152
 143 E   0.99999 0.00001 ( 1)  0.152
 144 R   0.99999 0.00001 ( 1)  0.152
 145 R   0.99999 0.00001 ( 1)  0.152
 146 A   0.99999 0.00001 ( 1)  0.152
 147 F   0.99999 0.00001 ( 1)  0.152
 148 L   0.99999 0.00001 ( 1)  0.152
 149 E   0.99999 0.00001 ( 1)  0.152
 150 D   0.99999 0.00001 ( 1)  0.152
 151 P   0.99999 0.00001 ( 1)  0.152
 152 R   0.99999 0.00001 ( 1)  0.152
 153 N   0.99999 0.00001 ( 1)  0.152
 154 F   0.99999 0.00001 ( 1)  0.152
 155 L   0.99999 0.00001 ( 1)  0.152
 156 T   0.99999 0.00001 ( 1)  0.152
 157 V   0.99999 0.00001 ( 1)  0.152
 158 Y   0.99999 0.00001 ( 1)  0.152
 159 L   0.99999 0.00001 ( 1)  0.152
 160 F   0.99999 0.00001 ( 1)  0.152
 161 S   0.99999 0.00001 ( 1)  0.152
 162 D   0.99999 0.00001 ( 1)  0.152
 163 A   0.99999 0.00001 ( 1)  0.152
 164 P   0.99999 0.00001 ( 1)  0.152
 165 M   0.99999 0.00001 ( 1)  0.152
 166 A   0.99999 0.00001 ( 1)  0.152
 167 G   0.99999 0.00001 ( 1)  0.152
 168 L   0.99999 0.00001 ( 1)  0.152
 169 Y   0.99999 0.00001 ( 1)  0.152
 170 P   0.99999 0.00001 ( 1)  0.152
 171 T   0.99999 0.00001 ( 1)  0.152
 172 H   0.99999 0.00001 ( 1)  0.152
 173 P   0.99994 0.00006 ( 1)  0.152
 174 R   0.99999 0.00001 ( 1)  0.152
 175 L   0.99999 0.00001 ( 1)  0.152
 176 G   0.99999 0.00001 ( 1)  0.152
 177 R   0.99999 0.00001 ( 1)  0.152
 178 V   0.99999 0.00001 ( 1)  0.152
 179 P   0.99999 0.00001 ( 1)  0.152
 180 Y   0.99999 0.00001 ( 1)  0.152
 181 A   0.99999 0.00001 ( 1)  0.152
 182 L   0.99999 0.00001 ( 1)  0.152
 183 I   0.99999 0.00001 ( 1)  0.152
 184 K   0.99999 0.00001 ( 1)  0.152
 185 D   0.99999 0.00001 ( 1)  0.152
 186 G   0.99999 0.00001 ( 1)  0.152
 187 V   0.99999 0.00001 ( 1)  0.152
 188 G   0.99999 0.00001 ( 1)  0.152
 189 F   0.99999 0.00001 ( 1)  0.152
 190 S   0.99999 0.00001 ( 1)  0.152
 191 M   0.99999 0.00001 ( 1)  0.152
 192 W   0.99999 0.00001 ( 1)  0.152
 193 D   0.99999 0.00001 ( 1)  0.152
 194 P   0.99999 0.00001 ( 1)  0.152
 195 E   0.99999 0.00001 ( 1)  0.152
 196 Y   0.99999 0.00001 ( 1)  0.152
 197 G   0.99999 0.00001 ( 1)  0.152
 198 M   0.99999 0.00001 ( 1)  0.152
 199 S   0.99999 0.00001 ( 1)  0.152
 200 I   0.99999 0.00001 ( 1)  0.152
 201 R   0.99999 0.00001 ( 1)  0.152
 202 S   0.99999 0.00001 ( 1)  0.152
 203 G   0.99999 0.00001 ( 1)  0.152
 204 A   0.99999 0.00001 ( 1)  0.152
 205 A   0.99999 0.00001 ( 1)  0.152
 206 M   0.99999 0.00001 ( 1)  0.152
 207 T   0.99999 0.00001 ( 1)  0.152
 208 L   0.99999 0.00001 ( 1)  0.152
 209 Q   0.99999 0.00001 ( 1)  0.152
 210 M   0.99999 0.00001 ( 1)  0.152
 211 V   0.99999 0.00001 ( 1)  0.152
 212 P   0.99999 0.00001 ( 1)  0.152
 213 P   0.99999 0.00001 ( 1)  0.152
 214 G   0.99999 0.00001 ( 1)  0.152
 215 H   0.99999 0.00001 ( 1)  0.152
 216 Y   0.99999 0.00001 ( 1)  0.152
 217 P   0.99999 0.00001 ( 1)  0.152
 218 T   0.99999 0.00001 ( 1)  0.152
 219 D   0.99999 0.00001 ( 1)  0.152
 220 A   0.99999 0.00001 ( 1)  0.152
 221 A   0.99999 0.00001 ( 1)  0.152
 222 A   0.99999 0.00001 ( 1)  0.152
 223 A   0.99999 0.00001 ( 1)  0.152
 224 V   0.99999 0.00001 ( 1)  0.152
 225 L   0.99999 0.00001 ( 1)  0.152
 226 I   0.99999 0.00001 ( 1)  0.152
 227 E   0.99999 0.00001 ( 1)  0.152
 228 P   0.99999 0.00001 ( 1)  0.152
 229 G   0.99999 0.00001 ( 1)  0.152
 230 S   0.99999 0.00001 ( 1)  0.152
 231 E   0.99999 0.00001 ( 1)  0.152
 232 C   0.99999 0.00001 ( 1)  0.152
 233 S   0.99999 0.00001 ( 1)  0.152
 234 I   0.99999 0.00001 ( 1)  0.152
 235 N   0.99994 0.00006 ( 1)  0.152
 236 L   0.99999 0.00001 ( 1)  0.152
 237 R   0.99999 0.00001 ( 1)  0.152
 238 M   0.99999 0.00001 ( 1)  0.152
 239 S   0.99999 0.00001 ( 1)  0.152
 240 Q   0.99999 0.00001 ( 1)  0.152
 241 L   0.99999 0.00001 ( 1)  0.152
 242 A   0.99999 0.00001 ( 1)  0.152
 243 M   0.99999 0.00001 ( 1)  0.152
 244 Q   0.99999 0.00001 ( 1)  0.152
 245 D   0.99999 0.00001 ( 1)  0.152
 246 G   0.99999 0.00001 ( 1)  0.152
 247 M   0.99999 0.00001 ( 1)  0.152
 248 E   0.99999 0.00001 ( 1)  0.152
 249 C   0.99999 0.00001 ( 1)  0.152
 250 V   0.99999 0.00001 ( 1)  0.152
 251 A   0.99999 0.00001 ( 1)  0.152
 252 E   0.99999 0.00001 ( 1)  0.152
 253 S   0.99999 0.00001 ( 1)  0.152
 254 P   0.99999 0.00001 ( 1)  0.152
 255 K   0.99999 0.00001 ( 1)  0.152
 256 A   0.99999 0.00001 ( 1)  0.152
 257 R   0.99999 0.00001 ( 1)  0.152
 258 I   0.99999 0.00001 ( 1)  0.152
 259 V   0.99999 0.00001 ( 1)  0.152
 260 N   0.99999 0.00001 ( 1)  0.152
 261 P   0.99999 0.00001 ( 1)  0.152
 262 Y   0.99999 0.00001 ( 1)  0.152
 263 T   0.99999 0.00001 ( 1)  0.152
 264 E   0.99999 0.00001 ( 1)  0.152
 265 Q   0.99999 0.00001 ( 1)  0.152
 266 V   0.99999 0.00001 ( 1)  0.152
 267 E   0.99999 0.00001 ( 1)  0.152
 268 E   0.99999 0.00001 ( 1)  0.152
 269 F   0.99999 0.00001 ( 1)  0.152
 270 E   0.99999 0.00001 ( 1)  0.152
 271 Y   0.99999 0.00001 ( 1)  0.152
 272 S   0.99999 0.00001 ( 1)  0.152
 273 D   0.99999 0.00001 ( 1)  0.152
 274 H   0.99999 0.00001 ( 1)  0.152
 275 L   0.99999 0.00001 ( 1)  0.152
 276 C   0.99999 0.00001 ( 1)  0.152
 277 W   0.99999 0.00001 ( 1)  0.152
 278 I   0.99999 0.00001 ( 1)  0.152
 279 Q   0.99994 0.00006 ( 1)  0.152
 280 F   0.99999 0.00001 ( 1)  0.152
 281 K   0.99999 0.00001 ( 1)  0.152
 282 E   0.99999 0.00001 ( 1)  0.152
 283 L   0.99999 0.00001 ( 1)  0.152
 284 M   0.99999 0.00001 ( 1)  0.152
 285 R   0.99999 0.00001 ( 1)  0.152
 286 Y   0.99999 0.00001 ( 1)  0.152
 287 K   0.99999 0.00001 ( 1)  0.152
 288 K   0.99999 0.00001 ( 1)  0.152
 289 L   0.99999 0.00001 ( 1)  0.152
 290 G   0.99999 0.00001 ( 1)  0.152
 291 C   0.99999 0.00001 ( 1)  0.152
 292 I   0.99999 0.00001 ( 1)  0.152
 293 E   0.99999 0.00001 ( 1)  0.152
 294 P   0.99999 0.00001 ( 1)  0.152
 295 T   0.99999 0.00001 ( 1)  0.152
 296 A   0.99999 0.00001 ( 1)  0.152
 297 P   0.99999 0.00001 ( 1)  0.152
 298 R   0.99999 0.00001 ( 1)  0.152
 299 L   0.99999 0.00001 ( 1)  0.152
 300 K   0.99999 0.00001 ( 1)  0.152
 301 A   0.99999 0.00001 ( 1)  0.152
 302 F   0.99999 0.00001 ( 1)  0.152
 303 S   0.99999 0.00001 ( 1)  0.152
 304 Y   0.99999 0.00001 ( 1)  0.152
 305 L   0.99999 0.00001 ( 1)  0.152
 306 P   0.99999 0.00001 ( 1)  0.152
 307 R   0.99999 0.00001 ( 1)  0.152
 308 C   0.99999 0.00001 ( 1)  0.152
 309 S   0.99999 0.00001 ( 1)  0.152
 310 S   0.99999 0.00001 ( 1)  0.152
 311 G   0.99999 0.00001 ( 1)  0.152


lnL = -1266.432982

