Supplemental results for CODEML (seqf: algn  treef: tree)


dN/dS (w) for site classes (K=8)

p:   0.12500  0.12500  0.12500  0.12500  0.12500  0.12500  0.12500  0.12500
w:   0.85378  0.87583  0.88842  0.89831  0.90720  0.91604  0.92595  0.94041

Naive Empirical Bayes (NEB) probabilities for 8 classes & postmean_w
(amino acids refer to 1st sequence: Msl.27689)

   1 M   0.12507 0.12503 0.12502 0.12500 0.12499 0.12498 0.12497 0.12495 ( 1)  0.901
   2 N   0.12506 0.12503 0.12501 0.12500 0.12499 0.12498 0.12497 0.12495 ( 1)  0.901
   3 P   0.12502 0.12501 0.12501 0.12500 0.12500 0.12499 0.12499 0.12498 ( 1)  0.901
   4 A   0.12503 0.12501 0.12501 0.12500 0.12500 0.12499 0.12499 0.12498 ( 1)  0.901
   5 G   0.12506 0.12503 0.12501 0.12500 0.12499 0.12498 0.12497 0.12495 ( 1)  0.901
   6 V   0.12503 0.12501 0.12501 0.12500 0.12500 0.12499 0.12499 0.12498 ( 1)  0.901
   7 Q   0.12502 0.12501 0.12501 0.12500 0.12500 0.12499 0.12499 0.12498 ( 1)  0.901
   8 I   0.12505 0.12503 0.12501 0.12500 0.12499 0.12498 0.12497 0.12495 ( 1)  0.901
   9 S   0.12503 0.12501 0.12501 0.12500 0.12500 0.12499 0.12499 0.12498 ( 1)  0.901
  10 A   0.12506 0.12503 0.12502 0.12500 0.12499 0.12498 0.12497 0.12495 ( 1)  0.901
  11 E   0.12503 0.12501 0.12501 0.12500 0.12500 0.12499 0.12499 0.12498 ( 1)  0.901
  12 C   0.12505 0.12503 0.12501 0.12500 0.12499 0.12498 0.12497 0.12496 ( 1)  0.901
  13 L   0.12504 0.12502 0.12501 0.12500 0.12499 0.12499 0.12498 0.12496 ( 1)  0.901
  14 P   0.12502 0.12501 0.12501 0.12500 0.12500 0.12499 0.12499 0.12498 ( 1)  0.901
  15 E   0.12506 0.12503 0.12502 0.12500 0.12499 0.12498 0.12497 0.12495 ( 1)  0.901
  16 Y   0.12505 0.12503 0.12501 0.12500 0.12499 0.12498 0.12497 0.12496 ( 1)  0.901
  17 T   0.12505 0.12503 0.12501 0.12500 0.12499 0.12498 0.12497 0.12496 ( 1)  0.901
  18 V   0.12503 0.12501 0.12501 0.12500 0.12500 0.12499 0.12499 0.12498 ( 1)  0.901
  19 E   0.12503 0.12501 0.12501 0.12500 0.12500 0.12499 0.12499 0.12498 ( 1)  0.901
  20 R   0.12502 0.12501 0.12500 0.12500 0.12500 0.12499 0.12499 0.12499 ( 1)  0.901
  21 I   0.12505 0.12503 0.12501 0.12500 0.12499 0.12498 0.12497 0.12495 ( 1)  0.901
  22 N   0.12503 0.12502 0.12501 0.12500 0.12500 0.12499 0.12498 0.12497 ( 1)  0.901
  23 P   0.12503 0.12501 0.12501 0.12500 0.12500 0.12499 0.12499 0.12498 ( 1)  0.901
  24 D   0.12506 0.12503 0.12502 0.12500 0.12499 0.12498 0.12497 0.12495 ( 1)  0.901
  25 G   0.12506 0.12503 0.12501 0.12500 0.12499 0.12498 0.12497 0.12495 ( 1)  0.901
  26 S   0.12505 0.12503 0.12501 0.12500 0.12499 0.12498 0.12497 0.12496 ( 1)  0.901
  27 E   0.12506 0.12503 0.12502 0.12500 0.12499 0.12498 0.12497 0.12495 ( 1)  0.901
  28 V   0.12506 0.12503 0.12502 0.12500 0.12499 0.12498 0.12497 0.12495 ( 1)  0.901
  29 H   0.12506 0.12503 0.12501 0.12500 0.12499 0.12498 0.12497 0.12495 ( 1)  0.901
  30 E   0.12506 0.12503 0.12502 0.12500 0.12499 0.12498 0.12497 0.12495 ( 1)  0.901
  31 K   0.12506 0.12503 0.12502 0.12500 0.12499 0.12498 0.12497 0.12495 ( 1)  0.901
  32 P   0.12506 0.12503 0.12502 0.12500 0.12499 0.12498 0.12497 0.12495 ( 1)  0.901
  33 P   0.12502 0.12501 0.12501 0.12500 0.12500 0.12499 0.12499 0.12498 ( 1)  0.901
  34 T   0.12505 0.12503 0.12501 0.12500 0.12499 0.12498 0.12497 0.12496 ( 1)  0.901
  35 A   0.12503 0.12501 0.12501 0.12500 0.12500 0.12499 0.12499 0.12498 ( 1)  0.901
  36 S   0.12505 0.12503 0.12501 0.12500 0.12499 0.12498 0.12497 0.12496 ( 1)  0.901
  37 E   0.12506 0.12503 0.12502 0.12500 0.12499 0.12498 0.12497 0.12495 ( 1)  0.901
  38 A   0.12506 0.12503 0.12502 0.12500 0.12499 0.12498 0.12497 0.12495 ( 1)  0.901
  39 F   0.12505 0.12503 0.12501 0.12500 0.12499 0.12498 0.12497 0.12496 ( 1)  0.901
  40 C   0.12505 0.12503 0.12501 0.12500 0.12499 0.12498 0.12497 0.12496 ( 1)  0.901
  41 Q   0.12504 0.12502 0.12501 0.12500 0.12499 0.12499 0.12498 0.12496 ( 1)  0.901
  42 L   0.12504 0.12502 0.12501 0.12500 0.12499 0.12499 0.12498 0.12496 ( 1)  0.901
  43 V   0.12503 0.12501 0.12501 0.12500 0.12500 0.12499 0.12499 0.12498 ( 1)  0.901
  44 S   0.12505 0.12503 0.12501 0.12500 0.12499 0.12498 0.12497 0.12496 ( 1)  0.901
  45 K   0.12506 0.12503 0.12502 0.12500 0.12499 0.12498 0.12497 0.12495 ( 1)  0.901
  46 I   0.12505 0.12503 0.12501 0.12500 0.12499 0.12498 0.12497 0.12495 ( 1)  0.901
  47 K   0.12506 0.12503 0.12502 0.12500 0.12499 0.12498 0.12497 0.12495 ( 1)  0.901
  48 F   0.12505 0.12503 0.12501 0.12500 0.12499 0.12498 0.12497 0.12496 ( 1)  0.901
  49 Q   0.12502 0.12501 0.12501 0.12500 0.12500 0.12499 0.12499 0.12498 ( 1)  0.901
  50 Q   0.12502 0.12501 0.12501 0.12500 0.12500 0.12499 0.12499 0.12498 ( 1)  0.901
  51 W   0.12504 0.12502 0.12501 0.12500 0.12500 0.12499 0.12498 0.12497 ( 1)  0.901
  52 D   0.12506 0.12503 0.12502 0.12500 0.12499 0.12498 0.12497 0.12495 ( 1)  0.901
  53 E   0.12506 0.12503 0.12502 0.12500 0.12499 0.12498 0.12497 0.12495 ( 1)  0.901
  54 D   0.12503 0.12502 0.12501 0.12500 0.12500 0.12499 0.12498 0.12497 ( 1)  0.901
  55 L   0.12503 0.12501 0.12501 0.12500 0.12500 0.12499 0.12499 0.12498 ( 1)  0.901
  56 E   0.12503 0.12501 0.12501 0.12500 0.12500 0.12499 0.12499 0.12498 ( 1)  0.901
  57 E   0.12506 0.12503 0.12502 0.12500 0.12499 0.12498 0.12497 0.12495 ( 1)  0.901
  58 F   0.12503 0.12501 0.12501 0.12500 0.12500 0.12499 0.12499 0.12498 ( 1)  0.901
  59 V   0.12503 0.12501 0.12501 0.12500 0.12500 0.12499 0.12499 0.12498 ( 1)  0.901
  60 S   0.12505 0.12503 0.12501 0.12500 0.12499 0.12498 0.12497 0.12496 ( 1)  0.901
  61 E   0.12503 0.12501 0.12501 0.12500 0.12500 0.12499 0.12499 0.12498 ( 1)  0.901
  62 V   0.12506 0.12503 0.12502 0.12500 0.12499 0.12498 0.12497 0.12495 ( 1)  0.901
  63 E   0.12506 0.12503 0.12502 0.12500 0.12499 0.12498 0.12497 0.12495 ( 1)  0.901
  64 P   0.12506 0.12503 0.12502 0.12500 0.12499 0.12498 0.12497 0.12495 ( 1)  0.901
  65 T   0.12503 0.12501 0.12501 0.12500 0.12500 0.12499 0.12499 0.12498 ( 1)  0.901
  66 I   0.12503 0.12501 0.12501 0.12500 0.12500 0.12499 0.12498 0.12498 ( 1)  0.901
  67 G   0.12506 0.12503 0.12501 0.12500 0.12499 0.12498 0.12497 0.12495 ( 1)  0.901
  68 S   0.12502 0.12501 0.12501 0.12500 0.12500 0.12499 0.12499 0.12498 ( 1)  0.901
  69 A   0.12506 0.12503 0.12501 0.12500 0.12499 0.12498 0.12497 0.12495 ( 1)  0.901
  70 D   0.12503 0.12502 0.12501 0.12500 0.12500 0.12499 0.12498 0.12497 ( 1)  0.901
  71 E   0.12506 0.12503 0.12502 0.12500 0.12499 0.12498 0.12497 0.12495 ( 1)  0.901
  72 Q   0.12504 0.12502 0.12501 0.12500 0.12499 0.12499 0.12498 0.12496 ( 1)  0.901
  73 L   0.12505 0.12503 0.12501 0.12500 0.12499 0.12498 0.12497 0.12496 ( 1)  0.901
  74 D   0.12503 0.12502 0.12501 0.12500 0.12500 0.12499 0.12498 0.12497 ( 1)  0.901
  75 D   0.12506 0.12503 0.12502 0.12500 0.12499 0.12498 0.12497 0.12495 ( 1)  0.901
  76 S   0.12502 0.12501 0.12501 0.12500 0.12500 0.12499 0.12499 0.12498 ( 1)  0.901
  77 N   0.12503 0.12502 0.12501 0.12500 0.12500 0.12499 0.12498 0.12497 ( 1)  0.901
  78 L   0.12501 0.12500 0.12500 0.12500 0.12500 0.12500 0.12499 0.12499 ( 1)  0.901
  79 S   0.12505 0.12503 0.12501 0.12500 0.12499 0.12498 0.12497 0.12496 ( 1)  0.901
  80 T   0.12503 0.12501 0.12501 0.12500 0.12500 0.12499 0.12499 0.12498 ( 1)  0.901
  81 G   0.12506 0.12503 0.12502 0.12500 0.12499 0.12498 0.12497 0.12495 ( 1)  0.901
  82 G   0.12502 0.12501 0.12501 0.12500 0.12500 0.12499 0.12499 0.12498 ( 1)  0.901
  83 G   0.12506 0.12503 0.12502 0.12500 0.12499 0.12498 0.12497 0.12495 ( 1)  0.901
  84 Q   0.12504 0.12502 0.12501 0.12500 0.12499 0.12499 0.12498 0.12496 ( 1)  0.901
  85 Q   0.12504 0.12502 0.12501 0.12500 0.12499 0.12499 0.12498 0.12496 ( 1)  0.901
  86 Q   0.12504 0.12502 0.12501 0.12500 0.12499 0.12499 0.12498 0.12496 ( 1)  0.901
  87 A   0.12503 0.12501 0.12501 0.12500 0.12500 0.12499 0.12499 0.12498 ( 1)  0.901
  88 A   0.12502 0.12501 0.12501 0.12500 0.12500 0.12499 0.12499 0.12498 ( 1)  0.901
  89 S   0.12505 0.12503 0.12501 0.12500 0.12499 0.12498 0.12497 0.12496 ( 1)  0.901
  90 L   0.12502 0.12501 0.12501 0.12500 0.12500 0.12499 0.12499 0.12498 ( 1)  0.901
  91 G   0.12502 0.12501 0.12501 0.12500 0.12500 0.12499 0.12499 0.12498 ( 1)  0.901
  92 P   0.12502 0.12501 0.12501 0.12500 0.12500 0.12499 0.12499 0.12498 ( 1)  0.901
  93 A   0.12503 0.12501 0.12501 0.12500 0.12500 0.12499 0.12499 0.12498 ( 1)  0.901
  94 N   0.12503 0.12502 0.12501 0.12500 0.12500 0.12499 0.12498 0.12497 ( 1)  0.901
  95 A   0.12502 0.12501 0.12501 0.12500 0.12500 0.12499 0.12499 0.12498 ( 1)  0.901
  96 E   0.12506 0.12503 0.12502 0.12500 0.12499 0.12498 0.12497 0.12495 ( 1)  0.901
  97 S   0.12503 0.12501 0.12501 0.12500 0.12500 0.12499 0.12499 0.12498 ( 1)  0.901
  98 A   0.12506 0.12503 0.12502 0.12500 0.12499 0.12498 0.12497 0.12495 ( 1)  0.901
  99 S   0.12505 0.12503 0.12501 0.12500 0.12499 0.12498 0.12497 0.12496 ( 1)  0.901
 100 Y   0.12505 0.12503 0.12501 0.12500 0.12499 0.12498 0.12497 0.12496 ( 1)  0.901
 101 W   0.12504 0.12502 0.12501 0.12500 0.12500 0.12499 0.12498 0.12497 ( 1)  0.901
 102 Q   0.12504 0.12502 0.12501 0.12500 0.12499 0.12499 0.12498 0.12496 ( 1)  0.901
 103 N   0.12503 0.12502 0.12501 0.12500 0.12500 0.12499 0.12498 0.12497 ( 1)  0.901
 104 I   0.12503 0.12501 0.12501 0.12500 0.12500 0.12499 0.12498 0.12498 ( 1)  0.901
 105 R   0.12505 0.12503 0.12501 0.12500 0.12499 0.12498 0.12497 0.12495 ( 1)  0.901
 106 L   0.12502 0.12501 0.12501 0.12500 0.12500 0.12499 0.12499 0.12498 ( 1)  0.901
 107 S   0.12505 0.12503 0.12501 0.12500 0.12499 0.12498 0.12497 0.12496 ( 1)  0.901
 108 I   0.12504 0.12502 0.12501 0.12500 0.12499 0.12499 0.12498 0.12497 ( 1)  0.901
 109 A   0.12506 0.12503 0.12502 0.12500 0.12499 0.12498 0.12497 0.12495 ( 1)  0.901
 110 A   0.12506 0.12503 0.12502 0.12500 0.12499 0.12498 0.12497 0.12495 ( 1)  0.901
 111 A   0.12503 0.12501 0.12501 0.12500 0.12500 0.12499 0.12499 0.12498 ( 1)  0.901
 112 L   0.12503 0.12501 0.12501 0.12500 0.12500 0.12499 0.12499 0.12498 ( 1)  0.901
 113 D   0.12506 0.12503 0.12502 0.12500 0.12499 0.12498 0.12497 0.12495 ( 1)  0.901
 114 E   0.12506 0.12503 0.12502 0.12500 0.12499 0.12498 0.12497 0.12495 ( 1)  0.901
 115 T   0.12505 0.12503 0.12501 0.12500 0.12499 0.12498 0.12497 0.12496 ( 1)  0.901
 116 T   0.12503 0.12501 0.12501 0.12500 0.12500 0.12499 0.12499 0.12498 ( 1)  0.901
 117 A   0.12506 0.12503 0.12502 0.12500 0.12499 0.12498 0.12497 0.12495 ( 1)  0.901
 118 L   0.12504 0.12502 0.12501 0.12500 0.12499 0.12499 0.12498 0.12496 ( 1)  0.901
 119 M   0.12507 0.12503 0.12502 0.12500 0.12499 0.12498 0.12497 0.12495 ( 1)  0.901
 120 D   0.12506 0.12503 0.12502 0.12500 0.12499 0.12498 0.12497 0.12495 ( 1)  0.901
 121 L   0.12504 0.12502 0.12501 0.12500 0.12499 0.12499 0.12498 0.12496 ( 1)  0.901
 122 L   0.12502 0.12501 0.12501 0.12500 0.12500 0.12499 0.12499 0.12498 ( 1)  0.901
 123 I   0.12503 0.12501 0.12501 0.12500 0.12500 0.12499 0.12498 0.12498 ( 1)  0.901
 124 A   0.12506 0.12503 0.12502 0.12500 0.12499 0.12498 0.12497 0.12495 ( 1)  0.901
 125 L   0.12504 0.12502 0.12501 0.12500 0.12499 0.12499 0.12498 0.12496 ( 1)  0.901
 126 R   0.12503 0.12501 0.12501 0.12500 0.12500 0.12499 0.12499 0.12498 ( 1)  0.901
 127 Q   0.12502 0.12501 0.12501 0.12500 0.12500 0.12499 0.12499 0.12498 ( 1)  0.901
 128 R   0.12506 0.12503 0.12502 0.12500 0.12499 0.12498 0.12497 0.12495 ( 1)  0.901
 129 P   0.12506 0.12503 0.12502 0.12500 0.12499 0.12498 0.12497 0.12495 ( 1)  0.901
 130 Q   0.12504 0.12502 0.12501 0.12500 0.12499 0.12499 0.12498 0.12496 ( 1)  0.901
 131 A   0.12506 0.12503 0.12502 0.12500 0.12499 0.12498 0.12497 0.12495 ( 1)  0.901
 132 L   0.12503 0.12501 0.12501 0.12500 0.12500 0.12499 0.12499 0.12498 ( 1)  0.901
 133 T   0.12505 0.12503 0.12501 0.12500 0.12499 0.12498 0.12497 0.12496 ( 1)  0.901
 134 L   0.12501 0.12500 0.12500 0.12500 0.12500 0.12500 0.12499 0.12499 ( 1)  0.901
 135 E   0.12506 0.12503 0.12502 0.12500 0.12499 0.12498 0.12497 0.12495 ( 1)  0.901
 136 P   0.12506 0.12503 0.12502 0.12500 0.12499 0.12498 0.12497 0.12495 ( 1)  0.901
 137 M   0.12507 0.12503 0.12502 0.12500 0.12499 0.12498 0.12497 0.12495 ( 1)  0.901
 138 Q   0.12504 0.12502 0.12501 0.12500 0.12499 0.12499 0.12498 0.12496 ( 1)  0.901
 139 R   0.12505 0.12503 0.12501 0.12500 0.12499 0.12498 0.12497 0.12495 ( 1)  0.901
 140 D   0.12506 0.12503 0.12502 0.12500 0.12499 0.12498 0.12497 0.12495 ( 1)  0.901
 141 V   0.12503 0.12501 0.12501 0.12500 0.12500 0.12499 0.12499 0.12498 ( 1)  0.901
 142 E   0.12506 0.12503 0.12502 0.12500 0.12499 0.12498 0.12497 0.12495 ( 1)  0.901
 143 K   0.12506 0.12503 0.12502 0.12500 0.12499 0.12498 0.12497 0.12495 ( 1)  0.901
 144 Y   0.12505 0.12503 0.12501 0.12500 0.12499 0.12498 0.12497 0.12496 ( 1)  0.901
 145 E   0.12503 0.12501 0.12501 0.12500 0.12500 0.12499 0.12499 0.12498 ( 1)  0.901
 146 Q   0.12502 0.12501 0.12501 0.12500 0.12500 0.12499 0.12499 0.12498 ( 1)  0.901
 147 R   0.12502 0.12501 0.12500 0.12500 0.12500 0.12499 0.12499 0.12499 ( 1)  0.901
 148 I   0.12505 0.12503 0.12501 0.12500 0.12499 0.12498 0.12497 0.12495 ( 1)  0.901
 149 Q   0.12504 0.12502 0.12501 0.12500 0.12499 0.12499 0.12498 0.12496 ( 1)  0.901
 150 L   0.12502 0.12501 0.12500 0.12500 0.12500 0.12499 0.12499 0.12499 ( 1)  0.901
 151 V   0.12503 0.12501 0.12501 0.12500 0.12500 0.12499 0.12499 0.12498 ( 1)  0.901
 152 V   0.12503 0.12501 0.12501 0.12500 0.12500 0.12499 0.12499 0.12498 ( 1)  0.901
 153 Q   0.12502 0.12501 0.12501 0.12500 0.12500 0.12499 0.12499 0.12498 ( 1)  0.901
 154 G   0.12506 0.12503 0.12501 0.12500 0.12499 0.12498 0.12497 0.12495 ( 1)  0.901
 155 K   0.12506 0.12503 0.12502 0.12500 0.12499 0.12498 0.12497 0.12495 ( 1)  0.901
 156 K   0.12502 0.12501 0.12501 0.12500 0.12500 0.12499 0.12499 0.12498 ( 1)  0.901
 157 K   0.12506 0.12503 0.12502 0.12500 0.12499 0.12498 0.12497 0.12495 ( 1)  0.901
 158 C   0.12505 0.12503 0.12501 0.12500 0.12499 0.12498 0.12497 0.12496 ( 1)  0.901
 159 V   0.12502 0.12501 0.12501 0.12500 0.12500 0.12499 0.12499 0.12498 ( 1)  0.901
 160 Q   0.12502 0.12501 0.12501 0.12500 0.12500 0.12499 0.12499 0.12498 ( 1)  0.901
 161 A   0.12506 0.12503 0.12502 0.12500 0.12499 0.12498 0.12497 0.12495 ( 1)  0.901
 162 A   0.12506 0.12503 0.12501 0.12500 0.12499 0.12498 0.12497 0.12495 ( 1)  0.901
 163 A   0.12506 0.12503 0.12501 0.12500 0.12499 0.12498 0.12497 0.12495 ( 1)  0.901
 164 E   0.12506 0.12503 0.12502 0.12500 0.12499 0.12498 0.12497 0.12495 ( 1)  0.901
 165 V   0.12505 0.12502 0.12501 0.12500 0.12499 0.12499 0.12498 0.12496 ( 1)  0.901
 166 L   0.12502 0.12501 0.12500 0.12500 0.12500 0.12499 0.12499 0.12499 ( 1)  0.901
 167 E   0.12503 0.12501 0.12501 0.12500 0.12500 0.12499 0.12499 0.12498 ( 1)  0.901
 168 K   0.12502 0.12501 0.12501 0.12500 0.12500 0.12499 0.12499 0.12498 ( 1)  0.901
 169 G   0.12506 0.12503 0.12501 0.12500 0.12499 0.12498 0.12497 0.12495 ( 1)  0.901
 170 R   0.12506 0.12503 0.12502 0.12500 0.12499 0.12498 0.12497 0.12495 ( 1)  0.901
 171 G   0.12506 0.12503 0.12501 0.12500 0.12499 0.12498 0.12497 0.12495 ( 1)  0.901
 172 S   0.12505 0.12503 0.12501 0.12500 0.12499 0.12498 0.12497 0.12496 ( 1)  0.901
 173 N   0.12503 0.12502 0.12501 0.12500 0.12500 0.12499 0.12498 0.12497 ( 1)  0.901
 174 Q   0.12502 0.12501 0.12501 0.12500 0.12500 0.12499 0.12499 0.12498 ( 1)  0.901
 175 M   0.12507 0.12503 0.12502 0.12500 0.12499 0.12498 0.12497 0.12495 ( 1)  0.901
 176 L   0.12504 0.12502 0.12501 0.12500 0.12499 0.12499 0.12498 0.12496 ( 1)  0.901
 177 Q   0.12504 0.12502 0.12501 0.12500 0.12499 0.12499 0.12498 0.12496 ( 1)  0.901
 178 Q   0.12504 0.12502 0.12501 0.12500 0.12499 0.12499 0.12498 0.12496 ( 1)  0.901
 179 E   0.12506 0.12503 0.12502 0.12500 0.12499 0.12498 0.12497 0.12495 ( 1)  0.901
 180 V   0.12503 0.12501 0.12501 0.12500 0.12500 0.12499 0.12499 0.12498 ( 1)  0.901
 181 I   0.12503 0.12501 0.12501 0.12500 0.12500 0.12499 0.12498 0.12498 ( 1)  0.901
 182 G   0.12506 0.12503 0.12501 0.12500 0.12499 0.12498 0.12497 0.12495 ( 1)  0.901
 183 N   0.12506 0.12503 0.12501 0.12500 0.12499 0.12498 0.12497 0.12495 ( 1)  0.901
 184 F   0.12505 0.12503 0.12501 0.12500 0.12499 0.12498 0.12497 0.12496 ( 1)  0.901
 185 E   0.12506 0.12503 0.12502 0.12500 0.12499 0.12498 0.12497 0.12495 ( 1)  0.901
 186 L   0.12502 0.12501 0.12501 0.12500 0.12500 0.12499 0.12499 0.12498 ( 1)  0.901
 187 Q   0.12502 0.12501 0.12501 0.12500 0.12500 0.12499 0.12499 0.12498 ( 1)  0.901
 188 Q   0.12504 0.12502 0.12501 0.12500 0.12499 0.12499 0.12498 0.12496 ( 1)  0.901
 189 I   0.12505 0.12503 0.12501 0.12500 0.12499 0.12498 0.12497 0.12495 ( 1)  0.901
 190 A   0.12503 0.12501 0.12501 0.12500 0.12500 0.12499 0.12499 0.12498 ( 1)  0.901
 191 Q   0.12504 0.12502 0.12501 0.12500 0.12499 0.12499 0.12498 0.12496 ( 1)  0.901
 192 C   0.12505 0.12503 0.12501 0.12500 0.12499 0.12498 0.12497 0.12496 ( 1)  0.901
 193 W   0.12504 0.12502 0.12501 0.12500 0.12500 0.12499 0.12498 0.12497 ( 1)  0.901
 194 K   0.12506 0.12503 0.12502 0.12500 0.12499 0.12498 0.12497 0.12495 ( 1)  0.901
 195 L   0.12504 0.12502 0.12501 0.12500 0.12499 0.12499 0.12498 0.12496 ( 1)  0.901
 196 R   0.12505 0.12503 0.12501 0.12500 0.12499 0.12498 0.12497 0.12495 ( 1)  0.901
 197 R   0.12505 0.12503 0.12501 0.12500 0.12499 0.12498 0.12497 0.12495 ( 1)  0.901
 198 V   0.12505 0.12503 0.12501 0.12500 0.12499 0.12498 0.12497 0.12495 ( 1)  0.901
 199 A   0.12506 0.12503 0.12501 0.12500 0.12499 0.12498 0.12497 0.12495 ( 1)  0.901
 200 N   0.12506 0.12503 0.12501 0.12500 0.12499 0.12498 0.12497 0.12495 ( 1)  0.901
 201 T   0.12505 0.12503 0.12501 0.12500 0.12499 0.12498 0.12497 0.12496 ( 1)  0.901
 202 I   0.12503 0.12501 0.12501 0.12500 0.12500 0.12499 0.12498 0.12498 ( 1)  0.901
 203 S   0.12505 0.12503 0.12501 0.12500 0.12499 0.12498 0.12497 0.12496 ( 1)  0.901
 204 G   0.12506 0.12503 0.12501 0.12500 0.12499 0.12498 0.12497 0.12495 ( 1)  0.901
 205 D   0.12506 0.12503 0.12502 0.12500 0.12499 0.12498 0.12497 0.12495 ( 1)  0.901
 206 L   0.12502 0.12501 0.12500 0.12500 0.12500 0.12499 0.12499 0.12499 ( 1)  0.901
 207 S   0.12505 0.12503 0.12501 0.12500 0.12499 0.12498 0.12497 0.12496 ( 1)  0.901
 208 L   0.12504 0.12502 0.12501 0.12500 0.12499 0.12499 0.12498 0.12496 ( 1)  0.901
 209 R   0.12505 0.12503 0.12501 0.12500 0.12499 0.12498 0.12497 0.12495 ( 1)  0.901
 210 S   0.12505 0.12503 0.12501 0.12500 0.12499 0.12498 0.12497 0.12496 ( 1)  0.901
 211 A   0.12506 0.12503 0.12501 0.12500 0.12499 0.12498 0.12497 0.12495 ( 1)  0.901
 212 G   0.12506 0.12503 0.12501 0.12500 0.12499 0.12498 0.12497 0.12495 ( 1)  0.901
 213 S   0.12505 0.12503 0.12501 0.12500 0.12499 0.12498 0.12497 0.12496 ( 1)  0.901
 214 R   0.12505 0.12503 0.12501 0.12500 0.12499 0.12498 0.12497 0.12495 ( 1)  0.901
 215 Y   0.12503 0.12501 0.12501 0.12500 0.12500 0.12499 0.12499 0.12498 ( 1)  0.901
 216 P   0.12506 0.12503 0.12502 0.12500 0.12499 0.12498 0.12497 0.12495 ( 1)  0.901
 217 D   0.12506 0.12503 0.12502 0.12500 0.12499 0.12498 0.12497 0.12495 ( 1)  0.901
 218 S   0.12503 0.12501 0.12501 0.12500 0.12500 0.12499 0.12499 0.12498 ( 1)  0.901
 219 G   0.12506 0.12503 0.12501 0.12500 0.12499 0.12498 0.12497 0.12495 ( 1)  0.901
 220 G   0.12502 0.12501 0.12501 0.12500 0.12500 0.12499 0.12499 0.12498 ( 1)  0.901
 221 F   0.12505 0.12503 0.12501 0.12500 0.12499 0.12498 0.12497 0.12496 ( 1)  0.901
 222 E   0.12506 0.12503 0.12502 0.12500 0.12499 0.12498 0.12497 0.12495 ( 1)  0.901
 223 L   0.12504 0.12502 0.12501 0.12500 0.12499 0.12499 0.12498 0.12496 ( 1)  0.901
 224 R   0.12506 0.12503 0.12502 0.12500 0.12499 0.12498 0.12497 0.12495 ( 1)  0.901
 225 T   0.12505 0.12503 0.12501 0.12500 0.12499 0.12498 0.12497 0.12496 ( 1)  0.901
 226 A   0.12506 0.12503 0.12501 0.12500 0.12499 0.12498 0.12497 0.12495 ( 1)  0.901
 227 K   0.12502 0.12501 0.12501 0.12500 0.12500 0.12499 0.12499 0.12498 ( 1)  0.901
 228 D   0.12503 0.12502 0.12501 0.12500 0.12500 0.12499 0.12498 0.12497 ( 1)  0.901
 229 S   0.12505 0.12503 0.12501 0.12500 0.12499 0.12498 0.12497 0.12496 ( 1)  0.901
 230 S   0.12505 0.12503 0.12501 0.12500 0.12499 0.12498 0.12497 0.12496 ( 1)  0.901
 231 F   0.12505 0.12503 0.12501 0.12500 0.12499 0.12498 0.12497 0.12496 ( 1)  0.901
 232 E   0.12503 0.12501 0.12501 0.12500 0.12500 0.12499 0.12499 0.12498 ( 1)  0.901
 233 V   0.12506 0.12503 0.12502 0.12500 0.12499 0.12498 0.12497 0.12495 ( 1)  0.901
 234 L   0.12502 0.12501 0.12500 0.12500 0.12500 0.12499 0.12499 0.12499 ( 1)  0.901
 235 L   0.12502 0.12501 0.12501 0.12500 0.12500 0.12499 0.12499 0.12498 ( 1)  0.901
 236 P   0.12506 0.12503 0.12502 0.12500 0.12499 0.12498 0.12497 0.12495 ( 1)  0.901
 237 G   0.12506 0.12503 0.12502 0.12500 0.12499 0.12498 0.12497 0.12495 ( 1)  0.901
 238 H   0.12506 0.12503 0.12501 0.12500 0.12499 0.12498 0.12497 0.12495 ( 1)  0.901
 239 L   0.12504 0.12502 0.12501 0.12500 0.12499 0.12499 0.12498 0.12496 ( 1)  0.901
 240 Y   0.12503 0.12501 0.12501 0.12500 0.12500 0.12499 0.12499 0.12498 ( 1)  0.901
 241 G   0.12503 0.12502 0.12501 0.12500 0.12500 0.12499 0.12498 0.12498 ( 1)  0.901
 242 Q   0.12504 0.12502 0.12501 0.12500 0.12499 0.12499 0.12498 0.12496 ( 1)  0.901
 243 A   0.12503 0.12501 0.12501 0.12500 0.12500 0.12499 0.12499 0.12498 ( 1)  0.901
 244 C   0.12502 0.12501 0.12501 0.12500 0.12500 0.12499 0.12499 0.12498 ( 1)  0.901
 245 V   0.12506 0.12503 0.12502 0.12500 0.12499 0.12498 0.12497 0.12495 ( 1)  0.901
 246 Q   0.12504 0.12502 0.12501 0.12500 0.12499 0.12499 0.12498 0.12496 ( 1)  0.901
 247 V   0.12506 0.12503 0.12502 0.12500 0.12499 0.12498 0.12497 0.12495 ( 1)  0.901
 248 T   0.12502 0.12501 0.12501 0.12500 0.12500 0.12499 0.12499 0.12498 ( 1)  0.901
 249 L   0.12504 0.12502 0.12501 0.12500 0.12499 0.12499 0.12498 0.12496 ( 1)  0.901
 250 R   0.12502 0.12501 0.12500 0.12500 0.12500 0.12499 0.12499 0.12499 ( 1)  0.901
 251 T   0.12506 0.12503 0.12501 0.12500 0.12499 0.12498 0.12497 0.12495 ( 1)  0.901
 252 S   0.12505 0.12503 0.12501 0.12500 0.12499 0.12498 0.12497 0.12496 ( 1)  0.901
 253 S   0.12503 0.12501 0.12501 0.12500 0.12500 0.12499 0.12499 0.12498 ( 1)  0.901
 254 G   0.12506 0.12503 0.12501 0.12500 0.12499 0.12498 0.12497 0.12495 ( 1)  0.901
 255 E   0.12506 0.12503 0.12502 0.12500 0.12499 0.12498 0.12497 0.12495 ( 1)  0.901
 256 S   0.12505 0.12503 0.12501 0.12500 0.12499 0.12498 0.12497 0.12496 ( 1)  0.901
 257 L   0.12502 0.12501 0.12500 0.12500 0.12500 0.12499 0.12499 0.12499 ( 1)  0.901
 258 F   0.12503 0.12501 0.12501 0.12500 0.12500 0.12499 0.12499 0.12498 ( 1)  0.901
 259 P   0.12506 0.12503 0.12502 0.12500 0.12499 0.12498 0.12497 0.12495 ( 1)  0.901
 260 Q   0.12504 0.12502 0.12501 0.12500 0.12499 0.12499 0.12498 0.12496 ( 1)  0.901
 261 P   0.12506 0.12503 0.12502 0.12500 0.12499 0.12498 0.12497 0.12495 ( 1)  0.901
 262 A   0.12503 0.12501 0.12501 0.12500 0.12500 0.12499 0.12499 0.12498 ( 1)  0.901
 263 A   0.12502 0.12501 0.12501 0.12500 0.12500 0.12499 0.12499 0.12498 ( 1)  0.901
 264 T   0.12505 0.12503 0.12501 0.12500 0.12499 0.12498 0.12497 0.12496 ( 1)  0.901
 265 E   0.12506 0.12503 0.12502 0.12500 0.12499 0.12498 0.12497 0.12495 ( 1)  0.901
 266 L   0.12504 0.12502 0.12501 0.12500 0.12499 0.12499 0.12498 0.12496 ( 1)  0.901
 267 P   0.12506 0.12503 0.12502 0.12500 0.12499 0.12498 0.12497 0.12495 ( 1)  0.901
 268 R   0.12502 0.12501 0.12500 0.12500 0.12500 0.12499 0.12499 0.12499 ( 1)  0.901
 269 V   0.12505 0.12503 0.12501 0.12500 0.12499 0.12498 0.12497 0.12495 ( 1)  0.901
 270 S   0.12505 0.12503 0.12501 0.12500 0.12499 0.12498 0.12497 0.12496 ( 1)  0.901
 271 L   0.12504 0.12502 0.12501 0.12500 0.12499 0.12499 0.12498 0.12496 ( 1)  0.901
 272 C   0.12505 0.12503 0.12501 0.12500 0.12499 0.12498 0.12497 0.12496 ( 1)  0.901
 273 N   0.12503 0.12502 0.12501 0.12500 0.12500 0.12499 0.12498 0.12497 ( 1)  0.901
 274 S   0.12503 0.12501 0.12501 0.12500 0.12500 0.12499 0.12499 0.12498 ( 1)  0.901
 275 Q   0.12504 0.12502 0.12501 0.12500 0.12499 0.12499 0.12498 0.12496 ( 1)  0.901
 276 R   0.12505 0.12503 0.12501 0.12500 0.12499 0.12498 0.12497 0.12495 ( 1)  0.901
 277 L   0.12505 0.12503 0.12501 0.12500 0.12499 0.12498 0.12497 0.12496 ( 1)  0.901
 278 L   0.12502 0.12501 0.12501 0.12500 0.12500 0.12499 0.12499 0.12498 ( 1)  0.901
 279 L   0.12502 0.12501 0.12500 0.12500 0.12500 0.12499 0.12499 0.12499 ( 1)  0.901
 280 A   0.12506 0.12503 0.12501 0.12500 0.12499 0.12498 0.12497 0.12495 ( 1)  0.901
 281 Q   0.12502 0.12501 0.12501 0.12500 0.12500 0.12499 0.12499 0.12498 ( 1)  0.901
 282 E   0.12506 0.12503 0.12502 0.12500 0.12499 0.12498 0.12497 0.12495 ( 1)  0.901
 283 L   0.12504 0.12502 0.12501 0.12500 0.12499 0.12499 0.12498 0.12496 ( 1)  0.901
 284 Y   0.12505 0.12503 0.12501 0.12500 0.12499 0.12498 0.12497 0.12496 ( 1)  0.901
 285 N   0.12506 0.12503 0.12501 0.12500 0.12499 0.12498 0.12497 0.12495 ( 1)  0.901
 286 T   0.12505 0.12503 0.12501 0.12500 0.12499 0.12498 0.12497 0.12496 ( 1)  0.901
 287 I   0.12505 0.12503 0.12501 0.12500 0.12499 0.12498 0.12497 0.12495 ( 1)  0.901
 288 C   0.12505 0.12503 0.12501 0.12500 0.12499 0.12498 0.12497 0.12496 ( 1)  0.901
 289 C   0.12505 0.12503 0.12501 0.12500 0.12499 0.12498 0.12497 0.12496 ( 1)  0.901
 290 E   0.12506 0.12503 0.12502 0.12500 0.12499 0.12498 0.12497 0.12495 ( 1)  0.901
 291 C   0.12505 0.12503 0.12501 0.12500 0.12499 0.12498 0.12497 0.12496 ( 1)  0.901
 292 V   0.12505 0.12503 0.12501 0.12500 0.12499 0.12498 0.12497 0.12495 ( 1)  0.901
 293 Q   0.12504 0.12502 0.12501 0.12500 0.12499 0.12499 0.12498 0.12496 ( 1)  0.901
 294 A   0.12503 0.12501 0.12501 0.12500 0.12500 0.12499 0.12499 0.12498 ( 1)  0.901
 295 G   0.12503 0.12502 0.12501 0.12500 0.12500 0.12499 0.12498 0.12498 ( 1)  0.901
 296 I   0.12503 0.12501 0.12501 0.12500 0.12500 0.12499 0.12498 0.12498 ( 1)  0.901
 297 R   0.12505 0.12503 0.12501 0.12500 0.12499 0.12498 0.12497 0.12495 ( 1)  0.901
 298 A   0.12506 0.12503 0.12501 0.12500 0.12499 0.12498 0.12497 0.12495 ( 1)  0.901
 299 G   0.12502 0.12501 0.12501 0.12500 0.12500 0.12499 0.12499 0.12498 ( 1)  0.901
 300 P   0.12502 0.12501 0.12501 0.12500 0.12500 0.12499 0.12499 0.12498 ( 1)  0.901
 301 D   0.12506 0.12503 0.12502 0.12500 0.12499 0.12498 0.12497 0.12495 ( 1)  0.901
 302 A   0.12503 0.12501 0.12501 0.12500 0.12500 0.12499 0.12499 0.12498 ( 1)  0.901
 303 V   0.12506 0.12503 0.12502 0.12500 0.12499 0.12498 0.12497 0.12495 ( 1)  0.901
 304 E   0.12506 0.12503 0.12502 0.12500 0.12499 0.12498 0.12497 0.12495 ( 1)  0.901
 305 L   0.12504 0.12502 0.12501 0.12500 0.12499 0.12499 0.12498 0.12496 ( 1)  0.901
 306 P   0.12506 0.12503 0.12502 0.12500 0.12499 0.12498 0.12497 0.12495 ( 1)  0.901
 307 L   0.12502 0.12501 0.12501 0.12500 0.12500 0.12499 0.12499 0.12498 ( 1)  0.901
 308 A   0.12506 0.12503 0.12502 0.12500 0.12499 0.12498 0.12497 0.12495 ( 1)  0.901
 309 P   0.12503 0.12501 0.12501 0.12500 0.12500 0.12499 0.12499 0.12498 ( 1)  0.901
 310 G   0.12502 0.12501 0.12501 0.12500 0.12500 0.12499 0.12499 0.12498 ( 1)  0.901
 311 L   0.12504 0.12502 0.12501 0.12500 0.12499 0.12499 0.12498 0.12496 ( 1)  0.901
 312 C   0.12505 0.12503 0.12501 0.12500 0.12499 0.12498 0.12497 0.12496 ( 1)  0.901
 313 A   0.12506 0.12503 0.12501 0.12500 0.12499 0.12498 0.12497 0.12495 ( 1)  0.901
 314 N   0.12503 0.12502 0.12501 0.12500 0.12500 0.12499 0.12498 0.12497 ( 1)  0.901
 315 V   0.12505 0.12503 0.12501 0.12500 0.12499 0.12498 0.12497 0.12495 ( 1)  0.901
 316 S   0.12503 0.12501 0.12501 0.12500 0.12500 0.12499 0.12499 0.12498 ( 1)  0.901
 317 L   0.12504 0.12502 0.12501 0.12500 0.12499 0.12499 0.12498 0.12496 ( 1)  0.901
 318 Y   0.12505 0.12503 0.12501 0.12500 0.12499 0.12498 0.12497 0.12496 ( 1)  0.901
 319 K   0.12502 0.12501 0.12501 0.12500 0.12500 0.12499 0.12499 0.12498 ( 1)  0.901
 320 V   0.12503 0.12501 0.12501 0.12500 0.12500 0.12499 0.12499 0.12498 ( 1)  0.901
 321 V   0.12503 0.12501 0.12501 0.12500 0.12500 0.12499 0.12499 0.12498 ( 1)  0.901
 322 G   0.12502 0.12501 0.12501 0.12500 0.12500 0.12499 0.12499 0.12498 ( 1)  0.901
 323 P   0.12505 0.12503 0.12501 0.12500 0.12499 0.12498 0.12497 0.12496 ( 1)  0.901
 324 E   0.12506 0.12503 0.12502 0.12500 0.12499 0.12498 0.12497 0.12495 ( 1)  0.901
 325 I   0.12504 0.12502 0.12501 0.12500 0.12499 0.12499 0.12498 0.12497 ( 1)  0.901
 326 Q   0.12504 0.12502 0.12501 0.12500 0.12499 0.12499 0.12498 0.12496 ( 1)  0.901
 327 Q   0.12504 0.12502 0.12501 0.12500 0.12499 0.12499 0.12498 0.12496 ( 1)  0.901
 328 Q   0.12504 0.12502 0.12501 0.12500 0.12499 0.12499 0.12498 0.12496 ( 1)  0.901
 329 E   0.12506 0.12503 0.12502 0.12500 0.12499 0.12498 0.12497 0.12495 ( 1)  0.901
 330 Q   0.12504 0.12502 0.12501 0.12500 0.12499 0.12499 0.12498 0.12496 ( 1)  0.901
 331 S   0.12505 0.12503 0.12501 0.12500 0.12499 0.12498 0.12497 0.12496 ( 1)  0.901
 332 A   0.12506 0.12503 0.12501 0.12500 0.12499 0.12498 0.12497 0.12495 ( 1)  0.901
 333 G   0.12506 0.12503 0.12502 0.12500 0.12499 0.12498 0.12497 0.12495 ( 1)  0.901
 334 M   0.12507 0.12503 0.12502 0.12500 0.12499 0.12498 0.12497 0.12495 ( 1)  0.901
 335 S   0.12505 0.12503 0.12501 0.12500 0.12499 0.12498 0.12497 0.12496 ( 1)  0.901
 336 S   0.12505 0.12503 0.12501 0.12500 0.12499 0.12498 0.12497 0.12496 ( 1)  0.901
 337 K   0.12506 0.12503 0.12502 0.12500 0.12499 0.12498 0.12497 0.12495 ( 1)  0.901
 338 P   0.12503 0.12501 0.12501 0.12500 0.12500 0.12499 0.12499 0.12498 ( 1)  0.901
 339 L   0.11850 0.12155 0.12329 0.12466 0.12589 0.12712 0.12849 0.13049 ( 8)  0.902
 340 S   0.12505 0.12503 0.12501 0.12500 0.12499 0.12498 0.12497 0.12496 ( 1)  0.901
 341 Q   0.12504 0.12502 0.12501 0.12500 0.12499 0.12499 0.12498 0.12496 ( 1)  0.901
 342 Q   0.12504 0.12502 0.12501 0.12500 0.12499 0.12499 0.12498 0.12496 ( 1)  0.901
 343 Q   0.12504 0.12502 0.12501 0.12500 0.12499 0.12499 0.12498 0.12496 ( 1)  0.901
 344 Q   0.12504 0.12502 0.12501 0.12500 0.12499 0.12499 0.12498 0.12496 ( 1)  0.901
 345 Q   0.12504 0.12502 0.12501 0.12500 0.12499 0.12499 0.12498 0.12496 ( 1)  0.901
 346 Q   0.12502 0.12501 0.12501 0.12500 0.12500 0.12499 0.12499 0.12498 ( 1)  0.901
 347 A   0.12502 0.12501 0.12501 0.12500 0.12500 0.12499 0.12499 0.12498 ( 1)  0.901
 348 Q   0.12502 0.12501 0.12501 0.12500 0.12500 0.12499 0.12499 0.12498 ( 1)  0.901
 349 R   0.12505 0.12503 0.12501 0.12500 0.12499 0.12498 0.12497 0.12495 ( 1)  0.901
 350 L   0.12502 0.12501 0.12501 0.12500 0.12500 0.12499 0.12499 0.12498 ( 1)  0.901
 351 P   0.12505 0.12503 0.12501 0.12500 0.12499 0.12498 0.12497 0.12496 ( 1)  0.901
 352 R   0.12506 0.12503 0.12502 0.12500 0.12499 0.12498 0.12497 0.12495 ( 1)  0.901
 353 P   0.12502 0.12501 0.12501 0.12500 0.12500 0.12499 0.12499 0.12498 ( 1)  0.901
 354 N   0.12506 0.12503 0.12501 0.12500 0.12499 0.12498 0.12497 0.12495 ( 1)  0.901
 355 Y   0.12503 0.12501 0.12501 0.12500 0.12500 0.12499 0.12499 0.12498 ( 1)  0.901
 356 L   0.12502 0.12501 0.12500 0.12500 0.12500 0.12499 0.12499 0.12499 ( 1)  0.901
 357 S   0.12505 0.12503 0.12501 0.12500 0.12499 0.12498 0.12497 0.12496 ( 1)  0.901
 358 N   0.12506 0.12503 0.12501 0.12500 0.12499 0.12498 0.12497 0.12495 ( 1)  0.901
 359 V   0.11854 0.12157 0.12331 0.12467 0.12589 0.12710 0.12847 0.13045 ( 8)  0.901
 360 L   0.12505 0.12503 0.12501 0.12500 0.12499 0.12498 0.12497 0.12496 ( 1)  0.901
 361 E   0.12503 0.12501 0.12501 0.12500 0.12500 0.12499 0.12499 0.12498 ( 1)  0.901
 362 C   0.12505 0.12503 0.12501 0.12500 0.12499 0.12498 0.12497 0.12496 ( 1)  0.901
 363 L   0.12504 0.12502 0.12501 0.12500 0.12499 0.12499 0.12498 0.12496 ( 1)  0.901
 364 L   0.12502 0.12501 0.12500 0.12500 0.12500 0.12499 0.12499 0.12499 ( 1)  0.901
 365 L   0.12502 0.12501 0.12500 0.12500 0.12500 0.12499 0.12499 0.12499 ( 1)  0.901
 366 K   0.12506 0.12503 0.12502 0.12500 0.12499 0.12498 0.12497 0.12495 ( 1)  0.901
 367 R   0.12506 0.12503 0.12502 0.12500 0.12499 0.12498 0.12497 0.12495 ( 1)  0.901
 368 H   0.12506 0.12503 0.12501 0.12500 0.12499 0.12498 0.12497 0.12495 ( 1)  0.901
 369 Q   0.12502 0.12501 0.12501 0.12500 0.12500 0.12499 0.12499 0.12498 ( 1)  0.901
 370 Q   0.12504 0.12502 0.12501 0.12500 0.12499 0.12499 0.12498 0.12496 ( 1)  0.901
 371 A   0.12506 0.12503 0.12501 0.12500 0.12499 0.12498 0.12497 0.12495 ( 1)  0.901
 372 R   0.12503 0.12501 0.12501 0.12500 0.12500 0.12499 0.12499 0.12498 ( 1)  0.901
 373 P   0.12506 0.12503 0.12502 0.12500 0.12499 0.12498 0.12497 0.12495 ( 1)  0.901
 374 E   0.12506 0.12503 0.12502 0.12500 0.12499 0.12498 0.12497 0.12495 ( 1)  0.901
 375 P   0.12505 0.12503 0.12501 0.12500 0.12499 0.12498 0.12497 0.12496 ( 1)  0.901
 376 G   0.12506 0.12503 0.12501 0.12500 0.12499 0.12498 0.12497 0.12495 ( 1)  0.901
 377 P   0.12506 0.12503 0.12502 0.12500 0.12499 0.12498 0.12497 0.12495 ( 1)  0.901
 378 F   0.12505 0.12503 0.12501 0.12500 0.12499 0.12498 0.12497 0.12496 ( 1)  0.901
 379 P   0.12505 0.12503 0.12501 0.12500 0.12499 0.12498 0.12497 0.12496 ( 1)  0.901
 380 S   0.12505 0.12503 0.12501 0.12500 0.12499 0.12498 0.12497 0.12496 ( 1)  0.901
 381 C   0.12505 0.12503 0.12501 0.12500 0.12499 0.12498 0.12497 0.12496 ( 1)  0.901
 382 A   0.12503 0.12501 0.12501 0.12500 0.12500 0.12499 0.12499 0.12498 ( 1)  0.901
 383 P   0.12506 0.12503 0.12502 0.12500 0.12499 0.12498 0.12497 0.12495 ( 1)  0.901
 384 A   0.12506 0.12503 0.12501 0.12500 0.12499 0.12498 0.12497 0.12495 ( 1)  0.901
 385 G   0.12502 0.12501 0.12501 0.12500 0.12500 0.12499 0.12499 0.12498 ( 1)  0.901
 386 L   0.12504 0.12502 0.12501 0.12500 0.12499 0.12499 0.12498 0.12496 ( 1)  0.901
 387 S   0.12505 0.12503 0.12501 0.12500 0.12499 0.12498 0.12497 0.12496 ( 1)  0.901
 388 E   0.12506 0.12503 0.12502 0.12500 0.12499 0.12498 0.12497 0.12495 ( 1)  0.901
 389 R   0.12506 0.12503 0.12502 0.12500 0.12499 0.12498 0.12497 0.12495 ( 1)  0.901
 390 R   0.12505 0.12503 0.12501 0.12500 0.12499 0.12498 0.12497 0.12495 ( 1)  0.901
 391 C   0.11853 0.12157 0.12330 0.12467 0.12589 0.12711 0.12847 0.13046 ( 8)  0.901
 392 E   0.12506 0.12503 0.12502 0.12500 0.12499 0.12498 0.12497 0.12495 ( 1)  0.901
 393 A   0.12506 0.12503 0.12501 0.12500 0.12499 0.12498 0.12497 0.12495 ( 1)  0.901
 394 G   0.12506 0.12503 0.12501 0.12500 0.12499 0.12498 0.12497 0.12495 ( 1)  0.901
 395 P   0.12506 0.12503 0.12502 0.12500 0.12499 0.12498 0.12497 0.12495 ( 1)  0.901
 396 F   0.12505 0.12503 0.12501 0.12500 0.12499 0.12498 0.12497 0.12496 ( 1)  0.901
 397 S   0.12505 0.12503 0.12501 0.12500 0.12499 0.12498 0.12497 0.12496 ( 1)  0.901
 398 R   0.12506 0.12503 0.12502 0.12500 0.12499 0.12498 0.12497 0.12495 ( 1)  0.901
 399 P   0.12506 0.12503 0.12502 0.12500 0.12499 0.12498 0.12497 0.12495 ( 1)  0.901
 400 V   0.12506 0.12503 0.12502 0.12500 0.12499 0.12498 0.12497 0.12495 ( 1)  0.901
 401 P   0.12506 0.12503 0.12502 0.12500 0.12499 0.12498 0.12497 0.12495 ( 1)  0.901
 402 E   0.12506 0.12503 0.12502 0.12500 0.12499 0.12498 0.12497 0.12495 ( 1)  0.901
 403 P   0.12504 0.12502 0.12501 0.12500 0.12499 0.12499 0.12498 0.12496 ( 1)  0.901
 404 E   0.12506 0.12503 0.12502 0.12500 0.12499 0.12498 0.12497 0.12495 ( 1)  0.901
 405 T   0.12505 0.12503 0.12501 0.12500 0.12499 0.12498 0.12497 0.12496 ( 1)  0.901
 406 G   0.12506 0.12503 0.12501 0.12500 0.12499 0.12498 0.12497 0.12495 ( 1)  0.901
 407 L   0.12504 0.12502 0.12501 0.12500 0.12499 0.12499 0.12498 0.12496 ( 1)  0.901
 408 L   0.12503 0.12501 0.12501 0.12500 0.12500 0.12499 0.12499 0.12498 ( 1)  0.901
 409 D   0.12506 0.12503 0.12502 0.12500 0.12499 0.12498 0.12497 0.12495 ( 1)  0.901
 410 R   0.12506 0.12503 0.12502 0.12500 0.12499 0.12498 0.12497 0.12495 ( 1)  0.901
 411 L   0.12504 0.12502 0.12501 0.12500 0.12499 0.12499 0.12498 0.12496 ( 1)  0.901
 412 A   0.12506 0.12503 0.12501 0.12500 0.12499 0.12498 0.12497 0.12495 ( 1)  0.901
 413 A   0.12506 0.12503 0.12501 0.12500 0.12499 0.12498 0.12497 0.12495 ( 1)  0.901
 414 I   0.12505 0.12503 0.12501 0.12500 0.12499 0.12498 0.12497 0.12495 ( 1)  0.901
 415 C   0.12505 0.12503 0.12501 0.12500 0.12499 0.12498 0.12497 0.12496 ( 1)  0.901
 416 R   0.12506 0.12503 0.12502 0.12500 0.12499 0.12498 0.12497 0.12495 ( 1)  0.901
 417 H   0.12506 0.12503 0.12501 0.12500 0.12499 0.12498 0.12497 0.12495 ( 1)  0.901
 418 S   0.12505 0.12503 0.12501 0.12500 0.12499 0.12498 0.12497 0.12496 ( 1)  0.901
 419 A   0.12506 0.12503 0.12502 0.12500 0.12499 0.12498 0.12497 0.12495 ( 1)  0.901
 420 L   0.12505 0.12503 0.12501 0.12500 0.12499 0.12498 0.12497 0.12496 ( 1)  0.901
 421 Y   0.12503 0.12501 0.12501 0.12500 0.12500 0.12499 0.12499 0.12498 ( 1)  0.901
 422 R   0.12505 0.12503 0.12501 0.12500 0.12499 0.12498 0.12497 0.12495 ( 1)  0.901
 423 E   0.12503 0.12501 0.12501 0.12500 0.12500 0.12499 0.12499 0.12498 ( 1)  0.901
 424 V   0.12503 0.12501 0.12501 0.12500 0.12500 0.12499 0.12499 0.12498 ( 1)  0.901
 425 A   0.12506 0.12503 0.12501 0.12500 0.12499 0.12498 0.12497 0.12495 ( 1)  0.901
 426 N   0.12506 0.12503 0.12501 0.12500 0.12499 0.12498 0.12497 0.12495 ( 1)  0.901
 427 L   0.12504 0.12502 0.12501 0.12500 0.12499 0.12499 0.12498 0.12496 ( 1)  0.901
 428 L   0.12504 0.12502 0.12501 0.12500 0.12499 0.12499 0.12498 0.12496 ( 1)  0.901
 429 E   0.12506 0.12503 0.12502 0.12500 0.12499 0.12498 0.12497 0.12495 ( 1)  0.901
 430 A   0.12506 0.12503 0.12501 0.12500 0.12499 0.12498 0.12497 0.12495 ( 1)  0.901
 431 W   0.12504 0.12502 0.12501 0.12500 0.12500 0.12499 0.12498 0.12497 ( 1)  0.901
 432 P   0.12506 0.12503 0.12502 0.12500 0.12499 0.12498 0.12497 0.12495 ( 1)  0.901
 433 L   0.12502 0.12501 0.12501 0.12500 0.12500 0.12499 0.12499 0.12498 ( 1)  0.901
 434 A   0.12506 0.12503 0.12502 0.12500 0.12499 0.12498 0.12497 0.12495 ( 1)  0.901
 435 E   0.12506 0.12503 0.12502 0.12500 0.12499 0.12498 0.12497 0.12495 ( 1)  0.901
 436 P   0.12503 0.12501 0.12501 0.12500 0.12500 0.12499 0.12499 0.12498 ( 1)  0.901
 437 R   0.12505 0.12503 0.12501 0.12500 0.12499 0.12498 0.12497 0.12495 ( 1)  0.901
 438 L   0.12502 0.12501 0.12500 0.12500 0.12500 0.12499 0.12499 0.12499 ( 1)  0.901
 439 V   0.12505 0.12503 0.12501 0.12500 0.12499 0.12498 0.12497 0.12495 ( 1)  0.901
 440 W   0.12504 0.12502 0.12501 0.12500 0.12500 0.12499 0.12498 0.12497 ( 1)  0.901
 441 H   0.12506 0.12503 0.12501 0.12500 0.12499 0.12498 0.12497 0.12495 ( 1)  0.901
 442 W   0.12504 0.12502 0.12501 0.12500 0.12500 0.12499 0.12498 0.12497 ( 1)  0.901
 443 Q   0.12504 0.12502 0.12501 0.12500 0.12499 0.12499 0.12498 0.12496 ( 1)  0.901
 444 T   0.12505 0.12503 0.12501 0.12500 0.12499 0.12498 0.12497 0.12496 ( 1)  0.901
 445 G   0.12506 0.12503 0.12502 0.12500 0.12499 0.12498 0.12497 0.12495 ( 1)  0.901
 446 S   0.12505 0.12503 0.12501 0.12500 0.12499 0.12498 0.12497 0.12496 ( 1)  0.901
 447 S   0.12502 0.12501 0.12501 0.12500 0.12500 0.12499 0.12499 0.12498 ( 1)  0.901
 448 T   0.12502 0.12501 0.12501 0.12500 0.12500 0.12499 0.12499 0.12498 ( 1)  0.901
 449 S   0.12505 0.12503 0.12501 0.12500 0.12499 0.12498 0.12497 0.12496 ( 1)  0.901
 450 A   0.12506 0.12503 0.12501 0.12500 0.12499 0.12498 0.12497 0.12495 ( 1)  0.901
 451 H   0.12506 0.12503 0.12501 0.12500 0.12499 0.12498 0.12497 0.12495 ( 1)  0.901
 452 V   0.12502 0.12501 0.12501 0.12500 0.12500 0.12499 0.12499 0.12498 ( 1)  0.901
 453 A   0.12503 0.12501 0.12501 0.12500 0.12500 0.12499 0.12499 0.12498 ( 1)  0.901
 454 V   0.12502 0.12501 0.12501 0.12500 0.12500 0.12499 0.12499 0.12498 ( 1)  0.901
 455 E   0.12503 0.12501 0.12501 0.12500 0.12500 0.12499 0.12499 0.12498 ( 1)  0.901
 456 F   0.12503 0.12501 0.12501 0.12500 0.12500 0.12499 0.12499 0.12498 ( 1)  0.901
 457 V   0.12503 0.12501 0.12501 0.12500 0.12500 0.12499 0.12499 0.12498 ( 1)  0.901
 458 R   0.12503 0.12501 0.12501 0.12500 0.12500 0.12499 0.12499 0.12498 ( 1)  0.901
 459 R   0.12502 0.12501 0.12500 0.12500 0.12500 0.12499 0.12499 0.12499 ( 1)  0.901
 460 S   0.12505 0.12503 0.12501 0.12500 0.12499 0.12498 0.12497 0.12496 ( 1)  0.901
 461 Y   0.12505 0.12503 0.12501 0.12500 0.12499 0.12498 0.12497 0.12496 ( 1)  0.901
 462 D   0.12503 0.12502 0.12501 0.12500 0.12500 0.12499 0.12498 0.12497 ( 1)  0.901
 463 L   0.12504 0.12502 0.12501 0.12500 0.12499 0.12499 0.12498 0.12496 ( 1)  0.901
 464 L   0.12502 0.12501 0.12501 0.12500 0.12500 0.12499 0.12499 0.12498 ( 1)  0.901
 465 R   0.12505 0.12503 0.12501 0.12500 0.12499 0.12498 0.12497 0.12495 ( 1)  0.901
 466 S   0.12505 0.12503 0.12501 0.12500 0.12499 0.12498 0.12497 0.12496 ( 1)  0.901
 467 R   0.12506 0.12503 0.12502 0.12500 0.12499 0.12498 0.12497 0.12495 ( 1)  0.901
 468 A   0.12506 0.12503 0.12502 0.12500 0.12499 0.12498 0.12497 0.12495 ( 1)  0.901
 469 L   0.12503 0.12501 0.12501 0.12500 0.12500 0.12499 0.12499 0.12498 ( 1)  0.901
 470 I   0.12503 0.12501 0.12501 0.12500 0.12500 0.12499 0.12498 0.12498 ( 1)  0.901
 471 S   0.12505 0.12503 0.12501 0.12500 0.12499 0.12498 0.12497 0.12496 ( 1)  0.901
 472 I   0.12505 0.12503 0.12501 0.12500 0.12499 0.12498 0.12497 0.12495 ( 1)  0.901
 473 G   0.12506 0.12503 0.12501 0.12500 0.12499 0.12498 0.12497 0.12495 ( 1)  0.901
 474 D   0.12503 0.12502 0.12501 0.12500 0.12500 0.12499 0.12498 0.12497 ( 1)  0.901
 475 R   0.12505 0.12503 0.12501 0.12500 0.12499 0.12498 0.12497 0.12496 ( 1)  0.901
 476 K   0.12506 0.12503 0.12502 0.12500 0.12499 0.12498 0.12497 0.12495 ( 1)  0.901
 477 A   0.12503 0.12501 0.12501 0.12500 0.12500 0.12499 0.12499 0.12498 ( 1)  0.901
 478 V   0.12503 0.12501 0.12501 0.12500 0.12500 0.12499 0.12499 0.12498 ( 1)  0.901
 479 L   0.12504 0.12502 0.12501 0.12500 0.12499 0.12499 0.12498 0.12496 ( 1)  0.901
 480 L   0.12505 0.12503 0.12501 0.12500 0.12499 0.12498 0.12497 0.12496 ( 1)  0.901
 481 T   0.12505 0.12503 0.12501 0.12500 0.12499 0.12498 0.12497 0.12496 ( 1)  0.901
 482 T   0.12505 0.12503 0.12501 0.12500 0.12499 0.12498 0.12497 0.12496 ( 1)  0.901
 483 C   0.12505 0.12503 0.12501 0.12500 0.12499 0.12498 0.12497 0.12496 ( 1)  0.901
 484 G   0.12503 0.12502 0.12501 0.12500 0.12500 0.12499 0.12498 0.12498 ( 1)  0.901
 485 Q   0.12504 0.12502 0.12501 0.12500 0.12499 0.12499 0.12498 0.12496 ( 1)  0.901
 486 R   0.12502 0.12501 0.12500 0.12500 0.12500 0.12499 0.12499 0.12499 ( 1)  0.901
 487 V   0.12505 0.12503 0.12501 0.12500 0.12499 0.12498 0.12497 0.12495 ( 1)  0.901
 488 A   0.12503 0.12501 0.12501 0.12500 0.12500 0.12499 0.12499 0.12498 ( 1)  0.901
 489 A   0.12506 0.12503 0.12501 0.12500 0.12499 0.12498 0.12497 0.12495 ( 1)  0.901
 490 R   0.12505 0.12503 0.12501 0.12500 0.12499 0.12498 0.12497 0.12495 ( 1)  0.901
 491 L   0.12501 0.12500 0.12500 0.12500 0.12500 0.12500 0.12499 0.12499 ( 1)  0.901
 492 G   0.12506 0.12503 0.12501 0.12500 0.12499 0.12498 0.12497 0.12495 ( 1)  0.901
 493 D   0.12506 0.12503 0.12502 0.12500 0.12499 0.12498 0.12497 0.12495 ( 1)  0.901
 494 V   0.12503 0.12501 0.12501 0.12500 0.12500 0.12499 0.12499 0.12498 ( 1)  0.901
 495 K   0.12502 0.12501 0.12501 0.12500 0.12500 0.12499 0.12499 0.12498 ( 1)  0.901
 496 R   0.12506 0.12503 0.12502 0.12500 0.12499 0.12498 0.12497 0.12495 ( 1)  0.901
 497 L   0.12505 0.12503 0.12501 0.12500 0.12499 0.12498 0.12497 0.12496 ( 1)  0.901
 498 L   0.12504 0.12502 0.12501 0.12500 0.12499 0.12499 0.12498 0.12496 ( 1)  0.901
 499 Q   0.12504 0.12502 0.12501 0.12500 0.12499 0.12499 0.12498 0.12496 ( 1)  0.901
 500 P   0.12505 0.12503 0.12501 0.12500 0.12499 0.12498 0.12497 0.12496 ( 1)  0.901
 501 C   0.12505 0.12503 0.12501 0.12500 0.12499 0.12498 0.12497 0.12496 ( 1)  0.901
 502 L   0.12504 0.12502 0.12501 0.12500 0.12499 0.12499 0.12498 0.12496 ( 1)  0.901
 503 L   0.12504 0.12502 0.12501 0.12500 0.12499 0.12499 0.12498 0.12496 ( 1)  0.901
 504 R   0.12505 0.12503 0.12501 0.12500 0.12499 0.12498 0.12497 0.12495 ( 1)  0.901
 505 E   0.12506 0.12503 0.12502 0.12500 0.12499 0.12498 0.12497 0.12495 ( 1)  0.901
 506 A   0.12506 0.12503 0.12501 0.12500 0.12499 0.12498 0.12497 0.12495 ( 1)  0.901
 507 D   0.12503 0.12502 0.12501 0.12500 0.12500 0.12499 0.12498 0.12497 ( 1)  0.901
 508 R   0.12506 0.12503 0.12502 0.12500 0.12499 0.12498 0.12497 0.12495 ( 1)  0.901
 509 H   0.12506 0.12503 0.12501 0.12500 0.12499 0.12498 0.12497 0.12495 ( 1)  0.901
 510 L   0.12505 0.12503 0.12501 0.12500 0.12499 0.12498 0.12497 0.12496 ( 1)  0.901
 511 L   0.12504 0.12502 0.12501 0.12500 0.12499 0.12499 0.12498 0.12496 ( 1)  0.901
 512 L   0.12504 0.12502 0.12501 0.12500 0.12499 0.12499 0.12498 0.12496 ( 1)  0.901
 513 C   0.12505 0.12503 0.12501 0.12500 0.12499 0.12498 0.12497 0.12496 ( 1)  0.901
 514 V   0.12506 0.12503 0.12502 0.12500 0.12499 0.12498 0.12497 0.12495 ( 1)  0.901
 515 H   0.12506 0.12503 0.12501 0.12500 0.12499 0.12498 0.12497 0.12495 ( 1)  0.901
 516 S   0.12505 0.12503 0.12501 0.12500 0.12499 0.12498 0.12497 0.12496 ( 1)  0.901
 517 A   0.12506 0.12503 0.12501 0.12500 0.12499 0.12498 0.12497 0.12495 ( 1)  0.901
 518 S   0.12505 0.12503 0.12501 0.12500 0.12499 0.12498 0.12497 0.12496 ( 1)  0.901
 519 T   0.12505 0.12503 0.12501 0.12500 0.12499 0.12498 0.12497 0.12496 ( 1)  0.901
 520 S   0.12503 0.12501 0.12501 0.12500 0.12500 0.12499 0.12499 0.12498 ( 1)  0.901
 521 L   0.12505 0.12503 0.12501 0.12500 0.12499 0.12498 0.12497 0.12496 ( 1)  0.901
 522 G   0.12506 0.12503 0.12501 0.12500 0.12499 0.12498 0.12497 0.12495 ( 1)  0.901
 523 W   0.12504 0.12502 0.12501 0.12500 0.12500 0.12499 0.12498 0.12497 ( 1)  0.901
 524 H   0.12506 0.12503 0.12501 0.12500 0.12499 0.12498 0.12497 0.12495 ( 1)  0.901
 525 L   0.12504 0.12502 0.12501 0.12500 0.12499 0.12499 0.12498 0.12496 ( 1)  0.901
 526 L   0.12504 0.12502 0.12501 0.12500 0.12499 0.12499 0.12498 0.12496 ( 1)  0.901
 527 A   0.12506 0.12503 0.12502 0.12500 0.12499 0.12498 0.12497 0.12495 ( 1)  0.901
 528 N   0.12506 0.12503 0.12501 0.12500 0.12499 0.12498 0.12497 0.12495 ( 1)  0.901
 529 S   0.12505 0.12503 0.12501 0.12500 0.12499 0.12498 0.12497 0.12496 ( 1)  0.901
 530 S   0.12505 0.12503 0.12501 0.12500 0.12499 0.12498 0.12497 0.12496 ( 1)  0.901
 531 D   0.12503 0.12502 0.12501 0.12500 0.12500 0.12499 0.12498 0.12497 ( 1)  0.901
 532 P   0.12506 0.12503 0.12502 0.12500 0.12499 0.12498 0.12497 0.12495 ( 1)  0.901
 533 A   0.12506 0.12503 0.12501 0.12500 0.12499 0.12498 0.12497 0.12495 ( 1)  0.901
 534 A   0.12503 0.12501 0.12501 0.12500 0.12500 0.12499 0.12499 0.12498 ( 1)  0.901
 535 S   0.12505 0.12503 0.12501 0.12500 0.12499 0.12498 0.12497 0.12496 ( 1)  0.901
 536 L   0.12504 0.12502 0.12501 0.12500 0.12499 0.12499 0.12498 0.12496 ( 1)  0.901
 537 L   0.12505 0.12503 0.12501 0.12500 0.12499 0.12498 0.12497 0.12496 ( 1)  0.901
 538 R   0.12505 0.12503 0.12501 0.12500 0.12499 0.12498 0.12497 0.12495 ( 1)  0.901
 539 S   0.12505 0.12503 0.12501 0.12500 0.12499 0.12498 0.12497 0.12496 ( 1)  0.901
 540 P   0.12503 0.12501 0.12501 0.12500 0.12500 0.12499 0.12499 0.12498 ( 1)  0.901
 541 D   0.12506 0.12503 0.12502 0.12500 0.12499 0.12498 0.12497 0.12495 ( 1)  0.901
 542 G   0.12506 0.12503 0.12501 0.12500 0.12499 0.12498 0.12497 0.12495 ( 1)  0.901
 543 Q   0.12504 0.12502 0.12501 0.12500 0.12499 0.12499 0.12498 0.12496 ( 1)  0.901
 544 C   0.12505 0.12503 0.12501 0.12500 0.12499 0.12498 0.12497 0.12496 ( 1)  0.901
 545 S   0.12503 0.12501 0.12501 0.12500 0.12500 0.12499 0.12499 0.12498 ( 1)  0.901
 546 L   0.12504 0.12502 0.12501 0.12500 0.12499 0.12499 0.12498 0.12496 ( 1)  0.901
 547 L   0.12502 0.12501 0.12500 0.12500 0.12500 0.12499 0.12499 0.12499 ( 1)  0.901
 548 V   0.12506 0.12503 0.12502 0.12500 0.12499 0.12498 0.12497 0.12495 ( 1)  0.901
 549 Q   0.12504 0.12502 0.12501 0.12500 0.12499 0.12499 0.12498 0.12496 ( 1)  0.901
 550 L   0.12504 0.12502 0.12501 0.12500 0.12499 0.12499 0.12498 0.12496 ( 1)  0.901
 551 D   0.12503 0.12502 0.12501 0.12500 0.12500 0.12499 0.12498 0.12497 ( 1)  0.901
 552 S   0.12503 0.12501 0.12501 0.12500 0.12500 0.12499 0.12499 0.12498 ( 1)  0.901
 553 N   0.12503 0.12502 0.12501 0.12500 0.12500 0.12499 0.12498 0.12497 ( 1)  0.901
 554 R   0.12505 0.12503 0.12501 0.12500 0.12499 0.12498 0.12497 0.12496 ( 1)  0.901
 555 K   0.12502 0.12501 0.12501 0.12500 0.12500 0.12499 0.12499 0.12498 ( 1)  0.901
 556 F   0.12503 0.12501 0.12501 0.12500 0.12500 0.12499 0.12499 0.12498 ( 1)  0.901
 557 A   0.11851 0.12156 0.12330 0.12466 0.12589 0.12711 0.12848 0.13048 ( 8)  0.901
 558 V   0.12505 0.12503 0.12501 0.12500 0.12499 0.12498 0.12497 0.12495 ( 1)  0.901
 559 S   0.12502 0.12501 0.12501 0.12500 0.12500 0.12499 0.12499 0.12498 ( 1)  0.901
 560 V   0.12503 0.12501 0.12501 0.12500 0.12500 0.12499 0.12499 0.12498 ( 1)  0.901
 561 N   0.12503 0.12502 0.12501 0.12500 0.12500 0.12499 0.12498 0.12497 ( 1)  0.901
 562 R   0.12502 0.12501 0.12500 0.12500 0.12500 0.12499 0.12499 0.12499 ( 1)  0.901
 563 G   0.12506 0.12503 0.12501 0.12500 0.12499 0.12498 0.12497 0.12495 ( 1)  0.901
 564 G   0.12506 0.12503 0.12501 0.12500 0.12499 0.12498 0.12497 0.12495 ( 1)  0.901
 565 N   0.12506 0.12503 0.12501 0.12500 0.12499 0.12498 0.12497 0.12495 ( 1)  0.901
 566 G   0.12506 0.12503 0.12501 0.12500 0.12499 0.12498 0.12497 0.12495 ( 1)  0.901
 567 D   0.12506 0.12503 0.12502 0.12500 0.12499 0.12498 0.12497 0.12495 ( 1)  0.901
 568 K   0.12506 0.12503 0.12502 0.12500 0.12499 0.12498 0.12497 0.12495 ( 1)  0.901
 569 W   0.12504 0.12502 0.12501 0.12500 0.12500 0.12499 0.12498 0.12497 ( 1)  0.901
 570 R   0.12505 0.12503 0.12501 0.12500 0.12499 0.12498 0.12497 0.12495 ( 1)  0.901
 571 R   0.12506 0.12503 0.12502 0.12500 0.12499 0.12498 0.12497 0.12495 ( 1)  0.901
 572 V   0.12503 0.12501 0.12501 0.12500 0.12500 0.12499 0.12499 0.12498 ( 1)  0.901
 573 Q   0.12502 0.12501 0.12501 0.12500 0.12500 0.12499 0.12499 0.12498 ( 1)  0.901
 574 L   0.12502 0.12501 0.12501 0.12500 0.12500 0.12499 0.12499 0.12498 ( 1)  0.901
 575 D   0.12506 0.12503 0.12502 0.12500 0.12499 0.12498 0.12497 0.12495 ( 1)  0.901
 576 R   0.12506 0.12503 0.12502 0.12500 0.12499 0.12498 0.12497 0.12495 ( 1)  0.901
 577 L   0.12504 0.12502 0.12501 0.12500 0.12499 0.12499 0.12498 0.12496 ( 1)  0.901
 578 A   0.12503 0.12501 0.12501 0.12500 0.12500 0.12499 0.12499 0.12498 ( 1)  0.901
 579 G   0.12506 0.12503 0.12501 0.12500 0.12499 0.12498 0.12497 0.12495 ( 1)  0.901
 580 A   0.12503 0.12501 0.12501 0.12500 0.12500 0.12499 0.12499 0.12498 ( 1)  0.901
 581 N   0.12503 0.12502 0.12501 0.12500 0.12500 0.12499 0.12498 0.12497 ( 1)  0.901
 582 A   0.12503 0.12501 0.12501 0.12500 0.12500 0.12499 0.12499 0.12498 ( 1)  0.901
 583 L   0.12502 0.12501 0.12501 0.12500 0.12500 0.12499 0.12499 0.12498 ( 1)  0.901
 584 E   0.12506 0.12503 0.12502 0.12500 0.12499 0.12498 0.12497 0.12495 ( 1)  0.901
 585 K   0.12502 0.12501 0.12501 0.12500 0.12500 0.12499 0.12499 0.12498 ( 1)  0.901
 586 L   0.12504 0.12502 0.12501 0.12500 0.12499 0.12499 0.12498 0.12496 ( 1)  0.901
 587 D   0.12506 0.12503 0.12502 0.12500 0.12499 0.12498 0.12497 0.12495 ( 1)  0.901
 588 H   0.12503 0.12502 0.12501 0.12500 0.12500 0.12499 0.12498 0.12497 ( 1)  0.901
 589 V   0.12505 0.12503 0.12501 0.12500 0.12499 0.12498 0.12497 0.12495 ( 1)  0.901
 590 L   0.12504 0.12502 0.12501 0.12500 0.12499 0.12499 0.12498 0.12496 ( 1)  0.901
 591 A   0.12506 0.12503 0.12501 0.12500 0.12499 0.12498 0.12497 0.12495 ( 1)  0.901
 592 A   0.12506 0.12503 0.12501 0.12500 0.12499 0.12498 0.12497 0.12495 ( 1)  0.901
 593 L   0.12504 0.12502 0.12501 0.12500 0.12499 0.12499 0.12498 0.12496 ( 1)  0.901
 594 T   0.12503 0.12501 0.12501 0.12500 0.12500 0.12499 0.12499 0.12498 ( 1)  0.901
 595 P   0.12502 0.12501 0.12501 0.12500 0.12500 0.12499 0.12499 0.12498 ( 1)  0.901
 596 L   0.12504 0.12502 0.12501 0.12500 0.12499 0.12499 0.12498 0.12496 ( 1)  0.901
 597 S   0.12505 0.12503 0.12501 0.12500 0.12499 0.12498 0.12497 0.12496 ( 1)  0.901
 598 N   0.12503 0.12502 0.12501 0.12500 0.12500 0.12499 0.12498 0.12497 ( 1)  0.901
 599 A   0.12506 0.12503 0.12501 0.12500 0.12499 0.12498 0.12497 0.12495 ( 1)  0.901


lnL = -2434.985850

